00007532.jpg,151,125,222,211,89,266
00007533.jpg,151,125,222,211,102,280
00007534.jpg,151,125,222,211,103,281
00007535.jpg,147,128,218,214,104,281
00007536.jpg,142,131,213,217,106,281
00007537.jpg,137,131,208,217,108,281
00007538.jpg,132,130,203,216,109,283
00007539.jpg,132,130,203,216,109,285
00007540.jpg,126,129,197,215,110,285
00007541.jpg,121,123,203,217,112,285
00007542.jpg,114,124,203,220,114,286
00007543.jpg,109,122,198,218,113,286
00007544.jpg,109,122,198,218,113,286
00007545.jpg,105,119,194,215,111,286
00007546.jpg,101,115,190,211,111,286
00007547.jpg,100,108,189,204,111,286
00007548.jpg,100,102,189,198,111,286
00007549.jpg,101,93,190,189,111,286
00007550.jpg,101,93,190,189,111,286
00007551.jpg,104,83,193,179,111,286
00007552.jpg,104,72,197,171,112,283
00007553.jpg,110,56,203,159,111,278
00007554.jpg,110,56,203,159,111,278
00007555.jpg,114,51,213,152,114,273
00007556.jpg,121,38,215,141,127,260
00007557.jpg,128,31,219,133,137,252
00007558.jpg,133,24,228,126,143,249
00007559.jpg,133,24,228,126,143,249
00007560.jpg,139,19,234,121,151,244
00007561.jpg,146,13,241,115,159,240
00007562.jpg,152,10,247,112,170,240
00007563.jpg,159,8,251,104,178,239
00007564.jpg,159,8,251,104,178,239
00007565.jpg,162,8,254,104,183,239
00007566.jpg,163,8,255,104,191,238
00007567.jpg,165,8,257,104,195,236
00007568.jpg,167,8,259,104,-1,-1
00007569.jpg,170,7,262,103,-1,-1
00007570.jpg,170,7,262,103,-1,-1
00007571.jpg,173,7,265,103,-1,-1
00007572.jpg,176,7,268,103,-1,-1
00007573.jpg,178,7,270,103,-1,-1
00007574.jpg,181,8,273,104,-1,-1
00007575.jpg,181,8,273,104,-1,-1
00007576.jpg,183,8,275,104,-1,-1
00007577.jpg,186,8,278,104,-1,-1
00007578.jpg,193,6,279,100,-1,-1
00007579.jpg,200,6,287,99,-1,-1
00007580.jpg,200,6,287,99,-1,-1
00007581.jpg,204,7,291,100,-1,-1
00007582.jpg,209,8,296,101,-1,-1
00007583.jpg,215,9,302,102,-1,-1
00007584.jpg,222,11,309,104,-1,-1
00007585.jpg,222,11,309,104,-1,-1
00007586.jpg,230,13,317,106,-1,-1
00007587.jpg,239,14,326,107,-1,-1
00007588.jpg,251,16,330,108,-1,-1
00007589.jpg,256,15,339,104,-1,-1
00007590.jpg,256,15,339,104,-1,-1
00007591.jpg,262,13,345,102,-1,-1
00007592.jpg,267,11,350,100,-1,-1
00007593.jpg,272,9,355,98,-1,-1
00007594.jpg,275,9,358,98,-1,-1
00007595.jpg,275,9,358,98,-1,-1
00007596.jpg,277,8,360,97,-1,-1
00007597.jpg,279,6,362,95,-1,-1
00007598.jpg,278,8,358,96,-1,-1
00007599.jpg,278,8,358,96,-1,-1
00007600.jpg,281,8,361,96,-1,-1
00007601.jpg,281,8,361,96,-1,-1
00007602.jpg,284,7,364,95,-1,-1
00007603.jpg,287,7,367,95,-1,-1
00007604.jpg,291,7,371,95,-1,-1
00007605.jpg,291,7,371,95,-1,-1
00007606.jpg,295,9,371,88,-1,-1
00007607.jpg,295,9,371,88,-1,-1
00007608.jpg,299,10,375,89,-1,-1
00007609.jpg,304,12,380,91,-1,-1
00007610.jpg,304,12,380,91,-1,-1
00007611.jpg,309,13,385,92,-1,-1
00007612.jpg,315,15,391,94,-1,-1
00007613.jpg,315,15,391,94,-1,-1
