00045937.jpg,1240,30,1689,594,1599,904
00045938.jpg,1240,30,1689,594,1599,900
00045939.jpg,1240,30,1689,594,1599,896
00045940.jpg,1240,30,1689,594,1594,889
00045941.jpg,1236,23,1685,587,1590,889
00045942.jpg,1232,15,1681,579,-1,-1
00045943.jpg,1227,7,1676,571,-1,-1
00045944.jpg,1223,1,1672,565,-1,-1
00045945.jpg,1219,0,1668,564,-1,-1
00045946.jpg,1212,2,1662,544,-1,-1
00045947.jpg,1212,2,1662,544,-1,-1
00045948.jpg,1208,0,1658,542,-1,-1
00045949.jpg,1205,0,1655,542,-1,-1
00045950.jpg,1199,2,1627,518,-1,-1
00045951.jpg,1199,2,1627,518,-1,-1
00045952.jpg,1195,1,1623,517,-1,-1
00045953.jpg,1192,0,1620,516,-1,-1
00045954.jpg,1190,0,1618,516,-1,-1
00045955.jpg,1188,0,1616,516,-1,-1
00045956.jpg,1186,0,1614,516,-1,-1
00045957.jpg,1177,2,1600,501,-1,-1
00045958.jpg,1177,2,1600,501,-1,-1
00045959.jpg,1175,3,1598,502,-1,-1
00045960.jpg,1174,5,1597,504,-1,-1
00045961.jpg,1174,7,1597,506,-1,-1
00045962.jpg,1173,9,1596,508,-1,-1
00045963.jpg,1173,11,1596,510,-1,-1
00045964.jpg,1172,12,1595,511,-1,-1
00045965.jpg,1170,11,1593,510,-1,-1
00045966.jpg,1169,11,1592,510,-1,-1
00045967.jpg,1168,11,1591,510,-1,-1
00045968.jpg,1167,11,1590,510,-1,-1
00045969.jpg,1166,10,1589,509,-1,-1
00045970.jpg,1166,10,1589,509,-1,-1
00045971.jpg,1167,10,1590,509,-1,-1
00045972.jpg,1167,10,1590,509,-1,-1
00045973.jpg,1168,11,1591,510,-1,-1
00045974.jpg,1169,13,1592,512,-1,-1
00045975.jpg,1170,15,1593,514,-1,-1
00045976.jpg,1171,17,1594,516,-1,-1
00045977.jpg,1173,20,1596,519,-1,-1
00045978.jpg,1174,22,1597,521,-1,-1
00045979.jpg,1176,24,1599,523,-1,-1
00045980.jpg,1178,27,1601,526,-1,-1
00045981.jpg,1180,32,1603,531,-1,-1
00045982.jpg,1182,36,1605,535,-1,-1
00045983.jpg,1183,40,1606,539,-1,-1
00045984.jpg,1183,43,1606,542,-1,-1
00045985.jpg,1183,46,1606,545,-1,-1
00045986.jpg,1183,47,1606,546,-1,-1
00045987.jpg,1182,48,1605,547,-1,-1
00045988.jpg,1181,47,1604,546,-1,-1
00045989.jpg,1180,47,1603,546,-1,-1
00045990.jpg,1180,45,1603,544,-1,-1
00045991.jpg,1180,45,1603,544,-1,-1
00045992.jpg,1180,45,1603,544,-1,-1
00045993.jpg,1181,46,1604,545,-1,-1
00045994.jpg,1182,47,1605,546,-1,-1
00045995.jpg,1183,49,1606,548,-1,-1
00045996.jpg,1184,52,1607,551,-1,-1
00045997.jpg,1184,55,1607,554,-1,-1
00045998.jpg,1185,56,1608,555,-1,-1
00045999.jpg,1184,58,1607,557,-1,-1
00046000.jpg,1182,59,1605,558,-1,-1
00046001.jpg,1181,61,1604,560,-1,-1
00046002.jpg,1179,63,1602,562,-1,-1
00046003.jpg,1178,64,1601,563,-1,-1
00046004.jpg,1178,64,1601,563,-1,-1
