00019990.jpg,546,60,823,381,-1,-1
00019991.jpg,546,60,823,381,-1,-1
00019992.jpg,547,60,824,381,-1,-1
00019993.jpg,547,59,824,380,-1,-1
00019994.jpg,554,60,831,381,-1,-1
00019995.jpg,556,61,833,382,-1,-1
00019996.jpg,557,62,834,383,-1,-1
00019997.jpg,558,64,835,385,-1,-1
00019998.jpg,559,66,836,387,-1,-1
00019999.jpg,560,69,837,390,-1,-1
00020000.jpg,560,71,837,392,-1,-1
00020001.jpg,566,75,843,396,-1,-1
00020002.jpg,566,79,843,400,-1,-1
00020003.jpg,565,84,842,405,-1,-1
00020004.jpg,565,87,842,408,-1,-1
00020005.jpg,567,90,844,411,-1,-1
00020006.jpg,570,94,847,415,-1,-1
00020007.jpg,572,97,849,418,-1,-1
00020008.jpg,574,99,851,420,-1,-1
00020009.jpg,577,102,854,423,-1,-1
00020010.jpg,578,104,855,425,-1,-1
00020011.jpg,580,106,857,427,-1,-1
00020012.jpg,581,108,858,429,-1,-1
00020013.jpg,583,109,860,430,-1,-1
00020014.jpg,585,111,862,432,-1,-1
00020015.jpg,586,112,863,433,-1,-1
00020016.jpg,586,113,863,434,-1,-1
00020017.jpg,586,114,863,435,-1,-1
00020018.jpg,587,115,864,436,-1,-1
00020019.jpg,587,116,864,437,-1,-1
00020020.jpg,593,117,870,438,-1,-1
00020021.jpg,594,118,871,439,-1,-1
00020022.jpg,596,118,873,439,-1,-1
00020023.jpg,598,119,875,440,-1,-1
00020024.jpg,600,120,877,441,-1,-1
00020025.jpg,602,121,879,442,-1,-1
00020026.jpg,603,121,880,442,-1,-1
00020027.jpg,604,122,881,443,-1,-1
00020028.jpg,604,122,881,443,-1,-1
00020029.jpg,605,124,882,445,-1,-1
00020030.jpg,608,126,885,447,-1,-1
00020031.jpg,608,127,885,448,-1,-1
00020032.jpg,608,128,885,449,-1,-1
00020033.jpg,608,129,885,450,-1,-1
00020034.jpg,608,130,885,451,-1,-1
00020035.jpg,608,131,885,452,-1,-1
00020036.jpg,608,131,885,452,-1,-1
00020037.jpg,609,131,886,452,-1,-1
00020038.jpg,609,131,886,452,-1,-1
00020039.jpg,609,131,886,452,-1,-1
00020040.jpg,609,131,886,452,-1,-1
00020041.jpg,609,131,886,452,-1,-1
00020042.jpg,608,130,885,451,-1,-1
00020043.jpg,607,130,884,451,-1,-1
00020044.jpg,607,130,884,451,-1,-1
00020045.jpg,606,129,883,450,-1,-1
00020046.jpg,606,128,883,449,-1,-1
00020047.jpg,606,127,883,448,-1,-1
00020048.jpg,605,126,882,447,-1,-1
00020049.jpg,606,126,883,447,-1,-1
00020050.jpg,606,125,883,446,-1,-1
00020051.jpg,606,124,883,445,-1,-1
00020052.jpg,606,124,883,445,-1,-1
00020053.jpg,606,124,883,445,-1,-1
00020054.jpg,605,123,882,444,-1,-1
00020055.jpg,605,123,882,444,-1,-1
00020056.jpg,604,123,881,444,-1,-1
00020057.jpg,603,124,880,445,-1,-1
00020058.jpg,603,124,880,445,-1,-1
00020059.jpg,602,125,879,446,-1,-1
00020060.jpg,602,126,879,447,-1,-1
00020061.jpg,601,126,878,447,-1,-1
00020062.jpg,601,127,878,448,-1,-1
00020063.jpg,600,127,877,448,-1,-1
00020064.jpg,599,128,876,449,-1,-1
00020065.jpg,599,129,876,450,-1,-1
00020066.jpg,599,129,876,450,-1,-1
00020067.jpg,598,129,875,450,-1,-1
00020068.jpg,598,129,875,450,-1,-1
00020069.jpg,597,129,874,450,-1,-1
00020070.jpg,596,129,873,450,-1,-1
00020071.jpg,596,129,873,450,-1,-1
00020072.jpg,595,129,872,450,-1,-1
00020073.jpg,594,129,871,450,-1,-1
00020074.jpg,592,130,869,451,-1,-1
00020075.jpg,591,130,868,451,-1,-1
00020076.jpg,590,130,867,451,-1,-1
00020077.jpg,589,130,866,451,-1,-1
00020078.jpg,588,131,865,452,-1,-1
00020079.jpg,586,131,863,452,-1,-1
00020080.jpg,583,131,860,452,-1,-1
00020081.jpg,582,132,859,453,-1,-1
00020082.jpg,572,129,849,450,-1,-1
00020083.jpg,570,129,847,450,-1,-1
00020084.jpg,569,129,846,450,-1,-1
00020085.jpg,569,130,846,451,-1,-1
00020086.jpg,569,130,846,451,-1,-1
00020087.jpg,569,130,846,451,-1,-1
00020088.jpg,569,130,846,451,-1,-1
00020089.jpg,571,131,848,452,-1,-1
00020090.jpg,579,133,856,454,-1,-1
00020091.jpg,580,134,857,455,-1,-1
00020092.jpg,581,134,858,455,-1,-1
00020093.jpg,582,134,859,455,-1,-1
00020094.jpg,583,134,860,455,-1,-1
00020095.jpg,585,134,862,455,-1,-1
00020096.jpg,586,134,863,455,-1,-1
00020097.jpg,586,134,863,455,-1,-1
00020098.jpg,586,134,863,455,-1,-1
00020099.jpg,586,134,863,455,-1,-1
00020100.jpg,586,133,863,454,-1,-1
00020101.jpg,585,133,862,454,-1,-1
00020102.jpg,585,133,862,454,-1,-1
00020103.jpg,584,133,861,454,-1,-1
00020104.jpg,583,133,860,454,-1,-1
00020105.jpg,583,133,860,454,-1,-1
00020106.jpg,582,134,859,455,-1,-1
00020107.jpg,581,134,858,455,-1,-1
00020108.jpg,581,135,858,456,-1,-1
00020109.jpg,580,135,857,456,-1,-1
00020110.jpg,580,136,857,457,-1,-1
00020111.jpg,579,137,856,458,-1,-1
00020112.jpg,580,135,857,459,-1,-1
00020113.jpg,580,135,857,459,-1,-1
00020114.jpg,580,135,857,459,-1,-1
00020115.jpg,579,136,856,460,-1,-1
00020116.jpg,576,133,859,476,-1,-1
00020117.jpg,566,132,852,477,-1,-1
00020118.jpg,566,132,852,477,-1,-1
00020119.jpg,557,134,844,491,-1,-1
00020120.jpg,557,134,844,491,385,682
00020121.jpg,557,134,844,491,385,682
00020122.jpg,557,135,844,492,386,683
00020123.jpg,544,135,846,496,387,683
00020124.jpg,544,135,846,496,389,684
00020125.jpg,544,135,846,496,388,684
00020126.jpg,544,135,846,496,388,684
00020127.jpg,544,134,846,495,388,684
00020128.jpg,544,134,846,495,386,681
00020129.jpg,544,133,846,494,386,681
00020130.jpg,544,133,846,494,390,675
00020131.jpg,545,132,847,493,390,675
00020132.jpg,545,131,847,492,390,675
00020133.jpg,545,130,847,491,390,673
00020134.jpg,545,129,847,490,390,673
00020135.jpg,546,128,848,489,390,673
00020136.jpg,546,127,848,488,390,670
00020137.jpg,546,125,848,486,390,670
00020138.jpg,546,124,848,485,390,670
00020139.jpg,546,118,848,479,388,669
00020140.jpg,547,117,849,478,388,667
00020141.jpg,547,115,849,476,388,667
00020142.jpg,548,114,850,475,388,666
00020143.jpg,548,112,850,473,388,664
00020144.jpg,548,110,850,471,388,663
00020145.jpg,548,108,850,469,388,660
00020146.jpg,548,107,850,468,387,658
00020147.jpg,548,105,850,466,387,657
00020148.jpg,548,104,850,465,387,657
00020149.jpg,548,102,850,463,387,653
00020150.jpg,548,101,850,462,387,653
00020151.jpg,548,100,850,461,387,649
00020152.jpg,548,97,850,458,387,649
00020153.jpg,548,94,850,455,387,647
00020154.jpg,547,93,849,454,387,644
00020155.jpg,547,92,849,453,387,640
00020156.jpg,546,91,848,452,387,637
00020157.jpg,545,91,847,452,387,633
00020158.jpg,544,91,846,452,386,631
00020159.jpg,543,91,845,452,386,629
00020160.jpg,543,90,845,451,386,628
00020161.jpg,542,89,844,450,384,628
00020162.jpg,542,89,844,450,384,628
00020163.jpg,542,88,844,449,384,625
00020164.jpg,542,87,844,448,384,625
00020165.jpg,543,86,845,447,382,623
00020166.jpg,545,82,847,443,381,621
00020167.jpg,547,81,849,442,380,620
00020168.jpg,548,80,850,441,380,620
00020169.jpg,550,78,852,439,380,620
00020170.jpg,552,77,854,438,380,620
00020171.jpg,553,77,855,438,380,620
00020172.jpg,555,76,857,437,380,620
00020173.jpg,556,76,858,437,381,620
00020174.jpg,558,76,860,437,383,620
00020175.jpg,559,76,861,437,386,621
00020176.jpg,561,75,863,436,389,623
00020177.jpg,563,75,865,436,392,624
00020178.jpg,564,75,866,436,396,624
00020179.jpg,565,75,867,436,396,624
00020180.jpg,567,75,869,436,398,624
00020181.jpg,569,74,871,435,401,625
00020182.jpg,571,74,873,435,403,627
00020183.jpg,572,74,874,435,404,626
00020184.jpg,574,73,876,434,404,626
00020185.jpg,575,73,877,434,404,626
00020186.jpg,575,73,877,434,404,626
00020187.jpg,577,72,879,433,406,621
00020188.jpg,588,72,880,430,407,620
00020189.jpg,588,72,880,430,408,616
00020190.jpg,588,72,880,430,408,616
00020191.jpg,589,71,881,429,405,614
00020192.jpg,589,70,881,428,405,613
00020193.jpg,591,70,883,428,405,613
00020194.jpg,591,69,883,427,405,613
00020195.jpg,592,68,884,426,405,613
00020196.jpg,601,70,892,424,405,613
00020197.jpg,601,70,892,424,405,613
00020198.jpg,601,69,892,423,401,612
00020199.jpg,601,69,892,423,400,608
00020200.jpg,601,68,892,422,398,607
00020201.jpg,602,67,893,421,395,606
00020202.jpg,603,67,894,421,392,605
00020203.jpg,620,70,898,404,389,603
00020204.jpg,620,70,898,404,387,602
00020205.jpg,620,69,898,403,386,599
00020206.jpg,620,68,898,402,386,591
00020207.jpg,620,68,898,402,386,591
00020208.jpg,619,67,897,401,388,589
00020209.jpg,627,70,899,411,389,588
00020210.jpg,627,70,899,411,391,587
00020211.jpg,627,69,899,410,392,583
00020212.jpg,626,69,898,410,393,580
00020213.jpg,625,68,897,409,393,579
00020214.jpg,625,68,897,409,395,573
00020215.jpg,624,67,896,408,397,568
00020216.jpg,623,67,895,408,399,562
00020217.jpg,622,66,894,407,401,557
00020218.jpg,622,66,894,407,401,557
00020219.jpg,621,65,893,406,404,537
00020220.jpg,621,65,893,406,405,512
00020221.jpg,621,64,893,405,408,489
00020222.jpg,626,64,898,405,408,486
00020223.jpg,627,64,899,405,408,484
00020224.jpg,627,63,899,404,408,484
00020225.jpg,626,64,898,405,409,480
00020226.jpg,626,64,898,405,412,476
00020227.jpg,631,64,906,404,414,471
00020228.jpg,631,64,906,404,422,469
00020229.jpg,631,64,906,404,423,467
00020230.jpg,630,64,905,404,423,467
00020231.jpg,630,64,905,404,423,467
00020232.jpg,630,64,905,404,423,467
00020233.jpg,630,65,905,405,427,465
00020234.jpg,631,65,906,405,431,464
00020235.jpg,631,65,906,405,432,464
00020236.jpg,631,65,906,405,432,464
00020237.jpg,634,66,909,406,434,461
00020238.jpg,635,66,910,406,431,472
00020239.jpg,636,66,911,406,431,482
00020240.jpg,636,66,911,406,432,488
00020241.jpg,637,67,912,407,435,492
00020242.jpg,637,67,912,407,436,501
00020243.jpg,637,67,912,407,436,501
00020244.jpg,638,67,913,407,436,501
00020245.jpg,638,68,913,408,436,501
00020246.jpg,638,68,913,408,581,543
00020247.jpg,638,69,913,409,-1,-1
00020248.jpg,638,69,913,409,-1,-1
00020249.jpg,637,70,912,410,-1,-1
00020250.jpg,637,70,912,410,-1,-1
00020251.jpg,636,71,911,411,-1,-1
00020252.jpg,636,72,911,412,-1,-1
00020253.jpg,636,72,911,412,-1,-1
00020254.jpg,636,73,911,413,-1,-1
00020255.jpg,636,73,911,413,-1,-1
00020256.jpg,636,74,911,414,-1,-1
00020257.jpg,636,74,911,414,-1,-1
00020258.jpg,636,75,911,415,-1,-1
00020259.jpg,636,75,911,415,-1,-1
00020260.jpg,635,76,910,416,-1,-1
00020261.jpg,634,76,909,416,-1,-1
00020262.jpg,634,77,909,417,-1,-1
00020263.jpg,633,77,908,417,623,574
00020264.jpg,632,78,907,418,439,533
00020265.jpg,631,79,906,419,435,531
00020266.jpg,630,79,905,419,439,532
00020267.jpg,631,80,906,420,437,532
00020268.jpg,632,81,907,421,437,532
00020269.jpg,632,81,907,421,435,531
00020270.jpg,631,82,906,422,435,531
00020271.jpg,631,83,906,423,435,531
00020272.jpg,630,82,902,424,435,530
00020273.jpg,630,82,902,424,435,526
00020274.jpg,630,82,902,424,437,522
00020275.jpg,629,82,901,424,438,521
00020276.jpg,629,83,901,425,438,518
00020277.jpg,628,83,900,425,438,518
00020278.jpg,628,83,900,425,438,518
00020279.jpg,628,83,900,425,435,518
00020280.jpg,627,84,899,426,435,518
00020281.jpg,627,84,899,426,435,518
00020282.jpg,627,84,899,426,433,520
00020283.jpg,626,84,898,426,433,521
00020284.jpg,626,85,898,427,433,522
00020285.jpg,626,85,898,427,433,522
00020286.jpg,626,85,898,427,432,523
00020287.jpg,626,86,898,428,431,525
00020288.jpg,626,86,898,428,431,525
00020289.jpg,626,86,898,428,431,525
00020290.jpg,626,87,898,429,431,525
00020291.jpg,626,87,898,429,431,525
00020292.jpg,626,87,898,429,431,525
00020293.jpg,626,94,916,439,431,525
00020294.jpg,626,94,916,439,431,525
00020295.jpg,626,95,916,440,431,525
00020296.jpg,626,95,916,440,430,515
00020297.jpg,626,95,916,440,430,514
00020298.jpg,626,95,916,440,432,514
00020299.jpg,626,96,916,441,435,507
00020300.jpg,626,96,916,441,435,507
00020301.jpg,626,96,916,441,437,505
00020302.jpg,626,96,916,441,439,502
00020303.jpg,626,96,916,441,439,502
00020304.jpg,626,96,916,441,439,501
00020305.jpg,635,106,937,448,437,502
00020306.jpg,635,106,937,448,437,502
00020307.jpg,635,106,937,448,437,502
00020308.jpg,635,106,937,448,435,503
00020309.jpg,635,106,937,448,433,504
00020310.jpg,635,106,937,448,433,504
00020311.jpg,635,106,937,448,433,504
00020312.jpg,635,105,937,447,433,504
00020313.jpg,651,106,951,449,433,504
00020314.jpg,651,106,951,449,430,504
00020315.jpg,651,106,951,449,429,504
00020316.jpg,651,106,951,449,429,504
00020317.jpg,651,106,951,449,429,504
00020318.jpg,651,106,951,449,429,504
00020319.jpg,650,106,950,449,429,504
00020320.jpg,650,106,950,449,429,503
00020321.jpg,650,106,950,449,429,503
00020322.jpg,650,106,950,449,429,503
00020323.jpg,650,106,950,449,429,503
00020324.jpg,657,105,955,449,431,500
00020325.jpg,657,105,955,449,432,500
00020326.jpg,657,105,955,449,434,497
00020327.jpg,657,106,955,450,434,497
00020328.jpg,657,106,955,450,434,497
00020329.jpg,657,106,955,450,434,497
00020330.jpg,656,106,954,450,434,497
00020331.jpg,656,107,954,451,434,497
00020332.jpg,656,107,954,451,431,490
00020333.jpg,656,107,954,451,432,493
00020334.jpg,656,108,954,452,436,494
00020335.jpg,656,108,954,452,434,492
00020336.jpg,655,108,953,452,433,494
00020337.jpg,655,109,953,453,430,496
00020338.jpg,655,109,953,453,428,498
00020339.jpg,654,110,952,454,432,498
00020340.jpg,654,110,952,454,429,499
00020341.jpg,654,110,952,454,428,499
00020342.jpg,654,111,952,455,429,499
00020343.jpg,653,111,951,455,428,499
00020344.jpg,653,111,951,455,428,499
00020345.jpg,653,112,951,456,428,499
00020346.jpg,653,112,951,456,428,499
00020347.jpg,653,112,951,456,428,499
00020348.jpg,653,112,951,456,428,499
00020349.jpg,653,112,951,456,428,499
00020350.jpg,653,113,951,457,429,499
00020351.jpg,653,113,951,457,430,500
00020352.jpg,653,113,951,457,426,503
00020353.jpg,652,114,950,458,426,503
00020354.jpg,652,114,950,458,426,503
00020355.jpg,652,114,950,458,426,503
00020356.jpg,652,114,950,458,426,505
00020357.jpg,652,114,950,458,426,505
00020358.jpg,651,115,949,459,423,508
00020359.jpg,651,115,949,459,423,508
00020360.jpg,651,115,949,459,422,510
00020361.jpg,650,115,948,459,422,511
00020362.jpg,650,115,948,459,419,513
00020363.jpg,649,115,947,459,419,514
00020364.jpg,648,116,946,460,419,514
00020365.jpg,648,116,946,460,417,515
00020366.jpg,647,116,945,460,417,515
00020367.jpg,646,116,944,460,414,517
00020368.jpg,645,116,943,460,413,517
00020369.jpg,645,116,943,460,413,517
00020370.jpg,644,116,942,460,410,518
00020371.jpg,644,115,942,459,409,519
00020372.jpg,643,115,941,459,408,519
00020373.jpg,642,114,940,458,408,519
00020374.jpg,642,114,940,458,407,520
00020375.jpg,641,114,939,458,404,521
00020376.jpg,640,114,938,458,399,522
00020377.jpg,639,113,937,457,395,523
00020378.jpg,639,113,937,457,392,521
00020379.jpg,638,113,936,457,390,521
00020380.jpg,637,113,935,457,388,522
00020381.jpg,637,113,935,457,386,523
00020382.jpg,637,113,935,457,384,522
00020383.jpg,636,113,934,457,381,522
00020384.jpg,636,113,934,457,381,523
00020385.jpg,635,113,933,457,379,524
00020386.jpg,635,114,933,458,378,524
00020387.jpg,634,114,932,458,372,525
00020388.jpg,634,114,932,458,369,528
00020389.jpg,633,114,931,458,365,530
00020390.jpg,633,115,931,459,364,532
00020391.jpg,632,115,930,459,364,532
00020392.jpg,632,113,928,457,363,534
00020393.jpg,632,113,928,457,363,535
00020394.jpg,632,113,928,457,363,536
00020395.jpg,631,114,927,458,362,538
00020396.jpg,631,111,918,453,361,540
00020397.jpg,631,111,918,453,-1,-1
00020398.jpg,631,111,918,453,-1,-1
00020399.jpg,631,111,918,453,-1,-1
00020400.jpg,631,111,918,453,-1,-1
00020401.jpg,630,108,905,443,-1,-1
00020402.jpg,630,108,905,443,-1,-1
00020403.jpg,630,108,905,443,-1,-1
00020404.jpg,630,108,905,443,-1,-1
00020405.jpg,630,108,905,443,-1,-1
00020406.jpg,630,108,905,443,-1,-1
00020407.jpg,629,108,904,443,-1,-1
00020408.jpg,629,108,904,443,-1,-1
00020409.jpg,629,108,904,443,-1,-1
00020410.jpg,629,108,904,443,-1,-1
00020411.jpg,629,108,904,443,-1,-1
00020412.jpg,629,108,904,443,-1,-1
00020413.jpg,629,108,904,443,-1,-1
00020414.jpg,629,107,904,442,-1,-1
00020415.jpg,629,107,904,442,-1,-1
00020416.jpg,629,107,904,442,-1,-1
00020417.jpg,628,107,897,440,-1,-1
00020418.jpg,628,107,897,440,-1,-1
00020419.jpg,628,107,897,440,-1,-1
00020420.jpg,628,107,897,440,-1,-1
00020421.jpg,628,107,897,440,-1,-1
00020422.jpg,628,107,897,440,-1,-1
00020423.jpg,628,107,897,440,-1,-1
00020424.jpg,628,107,897,440,-1,-1
00020425.jpg,628,107,897,440,-1,-1
00020426.jpg,628,107,897,440,-1,-1
00020427.jpg,628,108,897,441,-1,-1
00020428.jpg,629,108,898,441,-1,-1
00020429.jpg,629,108,898,441,-1,-1
00020430.jpg,629,108,898,441,-1,-1
00020431.jpg,629,108,898,441,-1,-1
00020432.jpg,629,108,898,441,-1,-1
00020433.jpg,630,109,899,442,-1,-1
00020434.jpg,630,109,899,442,-1,-1
00020435.jpg,630,109,899,442,-1,-1
00020436.jpg,630,110,899,443,-1,-1
00020437.jpg,630,110,899,443,-1,-1
00020438.jpg,631,110,900,443,-1,-1
00020439.jpg,631,111,900,444,-1,-1
00020440.jpg,631,111,900,444,-1,-1
00020441.jpg,631,111,900,444,-1,-1
00020442.jpg,631,111,900,444,-1,-1
00020443.jpg,631,110,900,443,-1,-1
00020444.jpg,631,110,900,443,-1,-1
00020445.jpg,631,110,900,443,-1,-1
00020446.jpg,622,109,891,442,-1,-1
00020447.jpg,621,109,890,442,-1,-1
00020448.jpg,621,108,890,441,-1,-1
00020449.jpg,620,108,889,441,-1,-1
00020450.jpg,618,107,887,440,-1,-1
00020451.jpg,618,107,887,440,-1,-1
00020452.jpg,617,106,886,439,-1,-1
00020453.jpg,617,106,886,439,-1,-1
00020454.jpg,616,105,885,438,-1,-1
00020455.jpg,612,103,881,436,-1,-1
00020456.jpg,611,102,880,435,-1,-1
00020457.jpg,610,102,879,435,-1,-1
00020458.jpg,610,101,879,434,-1,-1
00020459.jpg,603,100,872,433,-1,-1
00020460.jpg,601,99,870,432,-1,-1
00020461.jpg,600,99,869,432,-1,-1
00020462.jpg,599,99,868,432,-1,-1
00020463.jpg,599,99,868,432,-1,-1
00020464.jpg,597,98,866,431,-1,-1
00020465.jpg,593,98,862,431,-1,-1
00020466.jpg,592,97,861,430,-1,-1
00020467.jpg,591,97,860,430,-1,-1
00020468.jpg,591,97,860,430,-1,-1
00020469.jpg,590,97,859,430,-1,-1
00020470.jpg,590,97,859,430,-1,-1
00020471.jpg,584,94,853,427,-1,-1
00020472.jpg,583,94,852,427,-1,-1
00020473.jpg,582,94,851,427,-1,-1
00020474.jpg,580,94,849,427,-1,-1
00020475.jpg,579,94,848,427,-1,-1
00020476.jpg,578,94,847,427,-1,-1
00020477.jpg,577,94,846,427,-1,-1
00020478.jpg,577,95,846,428,-1,-1
00020479.jpg,576,95,845,428,-1,-1
00020480.jpg,576,96,845,429,-1,-1
00020481.jpg,575,96,844,429,-1,-1
00020482.jpg,574,97,843,430,-1,-1
00020483.jpg,574,97,843,430,-1,-1
00020484.jpg,573,98,842,431,-1,-1
00020485.jpg,572,98,841,431,-1,-1
00020486.jpg,568,99,837,432,-1,-1
00020487.jpg,567,100,836,433,-1,-1
00020488.jpg,567,100,836,433,-1,-1
00020489.jpg,567,100,836,433,-1,-1
00020490.jpg,567,101,836,434,-1,-1
00020491.jpg,567,101,836,434,-1,-1
00020492.jpg,567,101,836,434,-1,-1
00020493.jpg,568,102,837,435,-1,-1
00020494.jpg,568,102,837,435,-1,-1
00020495.jpg,568,102,837,435,-1,-1
00020496.jpg,568,102,837,435,-1,-1
00020497.jpg,568,102,837,435,-1,-1
00020498.jpg,568,102,837,435,-1,-1
00020499.jpg,568,102,837,435,-1,-1
00020500.jpg,568,102,837,435,-1,-1
00020501.jpg,565,102,834,435,-1,-1
00020502.jpg,564,102,833,435,-1,-1
00020503.jpg,564,102,833,435,-1,-1
00020504.jpg,563,103,832,436,-1,-1
00020505.jpg,563,103,832,436,-1,-1
00020506.jpg,562,103,831,436,-1,-1
00020507.jpg,562,103,831,436,-1,-1
00020508.jpg,561,103,830,436,-1,-1
00020509.jpg,561,103,830,436,-1,-1
00020510.jpg,561,103,830,436,-1,-1
00020511.jpg,561,103,830,436,-1,-1
00020512.jpg,559,103,828,436,-1,-1
00020513.jpg,558,103,827,436,-1,-1
00020514.jpg,558,103,827,436,-1,-1
00020515.jpg,558,104,827,437,-1,-1
00020516.jpg,557,104,826,437,-1,-1
00020517.jpg,557,104,826,437,-1,-1
00020518.jpg,557,105,826,438,-1,-1
00020519.jpg,557,105,826,438,-1,-1
00020520.jpg,557,105,826,438,-1,-1
00020521.jpg,547,104,816,437,-1,-1
00020522.jpg,547,102,810,421,-1,-1
00020523.jpg,547,102,810,421,-1,-1
00020524.jpg,547,102,810,421,-1,-1
00020525.jpg,547,102,810,421,-1,-1
00020526.jpg,546,102,809,421,-1,-1
00020527.jpg,546,102,809,421,-1,-1
00020528.jpg,546,102,809,421,-1,-1
00020529.jpg,546,102,809,421,-1,-1
00020530.jpg,546,102,809,421,-1,-1
00020531.jpg,546,102,809,421,-1,-1
00020532.jpg,546,102,809,421,-1,-1
00020533.jpg,546,102,809,421,-1,-1
00020534.jpg,550,101,813,420,-1,-1
00020535.jpg,550,100,813,419,-1,-1
00020536.jpg,559,99,816,414,-1,-1
00020537.jpg,559,99,816,414,-1,-1
00020538.jpg,559,99,816,414,-1,-1
00020539.jpg,559,100,816,415,-1,-1
00020540.jpg,559,100,816,415,-1,-1
00020541.jpg,559,100,816,415,-1,-1
00020542.jpg,559,101,816,416,-1,-1
00020543.jpg,559,101,816,416,-1,-1
00020544.jpg,570,103,825,417,-1,-1
00020545.jpg,570,103,825,417,-1,-1
00020546.jpg,570,104,825,418,-1,-1
00020547.jpg,570,104,825,418,-1,-1
00020548.jpg,571,105,826,419,-1,-1
00020549.jpg,581,108,841,424,-1,-1
00020550.jpg,581,108,841,424,-1,-1
00020551.jpg,581,108,841,424,-1,-1
00020552.jpg,582,109,842,425,-1,-1
00020553.jpg,582,109,842,425,-1,-1
00020554.jpg,582,109,842,425,-1,-1
00020555.jpg,583,109,849,430,-1,-1
00020556.jpg,583,109,849,430,-1,-1
00020557.jpg,583,109,849,430,-1,-1
00020558.jpg,584,110,850,431,-1,-1
00020559.jpg,584,110,850,431,-1,-1
00020560.jpg,585,110,851,431,-1,-1
00020561.jpg,587,111,853,432,-1,-1
00020562.jpg,587,111,853,432,-1,-1
00020563.jpg,588,112,854,433,-1,-1
00020564.jpg,588,112,854,433,-1,-1
00020565.jpg,588,113,854,434,-1,-1
00020566.jpg,589,113,855,434,-1,-1
00020567.jpg,589,113,855,434,-1,-1
00020568.jpg,589,114,855,435,-1,-1
00020569.jpg,588,114,862,439,-1,-1
00020570.jpg,588,114,862,439,-1,-1
00020571.jpg,588,114,862,439,458,565
00020572.jpg,588,114,862,439,457,559
00020573.jpg,588,114,862,439,463,554
00020574.jpg,588,114,862,439,464,547
00020575.jpg,585,109,853,434,465,539
00020576.jpg,585,109,853,434,468,527
00020577.jpg,580,107,847,435,471,519
00020578.jpg,580,107,847,435,478,507
00020579.jpg,579,107,846,435,486,495
00020580.jpg,579,107,846,435,496,483
00020581.jpg,579,107,846,435,505,468
00020582.jpg,578,106,845,434,511,462
00020583.jpg,578,106,845,434,521,450
00020584.jpg,578,106,845,434,528,440
00020585.jpg,578,106,845,434,535,432
00020586.jpg,578,105,845,433,553,415
00020587.jpg,578,105,845,433,559,407
00020588.jpg,579,105,846,433,567,397
00020589.jpg,579,104,846,432,574,392
00020590.jpg,579,104,846,432,578,386
00020591.jpg,580,104,847,432,581,384
00020592.jpg,579,103,846,431,587,380
00020593.jpg,580,103,847,431,-1,-1
00020594.jpg,580,103,847,431,-1,-1
00020595.jpg,586,101,853,429,-1,-1
00020596.jpg,591,95,858,423,-1,-1
00020597.jpg,593,94,860,422,-1,-1
00020598.jpg,595,94,862,422,-1,-1
00020599.jpg,599,92,866,420,-1,-1
00020600.jpg,604,88,871,416,-1,-1
00020601.jpg,606,88,873,416,-1,-1
00020602.jpg,607,89,874,417,-1,-1
00020603.jpg,609,89,876,417,-1,-1
00020604.jpg,609,86,875,420,-1,-1
00020605.jpg,616,92,882,415,-1,-1
00020606.jpg,616,92,882,415,-1,-1
00020607.jpg,616,92,882,415,-1,-1
00020608.jpg,617,92,883,415,-1,-1
00020609.jpg,617,92,883,415,-1,-1
00020610.jpg,624,93,890,416,-1,-1
00020611.jpg,626,93,892,416,-1,-1
00020612.jpg,627,93,893,416,-1,-1
00020613.jpg,629,93,895,416,-1,-1
00020614.jpg,631,93,897,416,-1,-1
00020615.jpg,632,94,898,417,-1,-1
00020616.jpg,634,94,900,417,-1,-1
00020617.jpg,636,94,902,417,-1,-1
00020618.jpg,639,98,915,422,-1,-1
00020619.jpg,639,98,915,422,-1,-1
00020620.jpg,639,98,915,422,-1,-1
00020621.jpg,640,99,916,423,-1,-1
00020622.jpg,640,99,916,423,-1,-1
00020623.jpg,640,99,916,423,-1,-1
00020624.jpg,640,100,916,424,-1,-1
00020625.jpg,648,100,924,424,-1,-1
00020626.jpg,650,101,926,425,-1,-1
00020627.jpg,651,101,927,425,-1,-1
00020628.jpg,652,101,928,425,-1,-1
00020629.jpg,652,101,928,425,-1,-1
00020630.jpg,653,101,929,425,-1,-1
00020631.jpg,654,101,930,425,-1,-1
00020632.jpg,655,101,931,425,-1,-1
00020633.jpg,655,101,931,425,-1,-1
00020634.jpg,655,101,931,425,-1,-1
00020635.jpg,655,101,931,425,-1,-1
00020636.jpg,655,101,931,425,-1,-1
00020637.jpg,656,101,932,425,-1,-1
00020638.jpg,656,100,932,424,-1,-1
00020639.jpg,656,100,932,424,-1,-1
00020640.jpg,656,100,932,424,-1,-1
00020641.jpg,657,100,933,424,-1,-1
00020642.jpg,657,99,933,423,-1,-1
00020643.jpg,657,99,933,423,-1,-1
00020644.jpg,658,99,934,423,-1,-1
00020645.jpg,658,98,934,422,-1,-1
00020646.jpg,665,98,941,422,-1,-1
00020647.jpg,665,98,941,422,-1,-1
00020648.jpg,665,97,941,421,-1,-1
00020649.jpg,665,97,941,421,-1,-1
00020650.jpg,665,96,941,420,-1,-1
00020651.jpg,665,96,941,420,-1,-1
00020652.jpg,665,96,941,420,-1,-1
00020653.jpg,665,96,941,420,-1,-1
00020654.jpg,665,95,941,419,-1,-1
00020655.jpg,665,95,941,419,-1,-1
00020656.jpg,665,95,941,419,-1,-1
00020657.jpg,665,95,941,419,-1,-1
00020658.jpg,665,95,941,419,-1,-1
00020659.jpg,665,95,941,419,-1,-1
00020660.jpg,665,95,941,419,-1,-1
00020661.jpg,665,95,941,419,-1,-1
00020662.jpg,665,95,941,419,-1,-1
00020663.jpg,665,95,941,419,-1,-1
00020664.jpg,665,96,941,420,-1,-1
00020665.jpg,665,96,941,420,-1,-1
00020666.jpg,665,96,941,420,-1,-1
00020667.jpg,665,97,941,421,-1,-1
00020668.jpg,665,97,941,421,-1,-1
00020669.jpg,665,97,941,421,-1,-1
00020670.jpg,665,97,941,421,-1,-1
00020671.jpg,665,97,941,421,-1,-1
00020672.jpg,665,98,941,422,-1,-1
00020673.jpg,665,98,941,422,-1,-1
00020674.jpg,665,98,941,422,-1,-1
00020675.jpg,665,98,941,422,-1,-1
00020676.jpg,664,99,940,423,-1,-1
00020677.jpg,664,99,940,423,-1,-1
00020678.jpg,663,99,939,423,-1,-1
00020679.jpg,663,100,939,424,-1,-1
00020680.jpg,661,100,937,424,-1,-1
00020681.jpg,660,100,936,424,-1,-1
00020682.jpg,658,100,934,424,-1,-1
00020683.jpg,655,100,931,424,-1,-1
00020684.jpg,653,101,929,425,-1,-1
00020685.jpg,652,101,928,425,-1,-1
00020686.jpg,652,101,928,425,-1,-1
00020687.jpg,651,101,927,425,-1,-1
00020688.jpg,651,101,927,425,-1,-1
00020689.jpg,646,101,922,425,-1,-1
00020690.jpg,646,101,922,425,-1,-1
00020691.jpg,646,101,922,425,-1,-1
00020692.jpg,645,101,921,425,-1,-1
00020693.jpg,645,101,921,425,-1,-1
00020694.jpg,645,101,921,425,-1,-1
00020695.jpg,645,101,921,425,-1,-1
00020696.jpg,645,100,921,424,-1,-1
00020697.jpg,644,100,920,424,-1,-1
00020698.jpg,644,100,920,424,-1,-1
00020699.jpg,644,100,920,424,-1,-1
00020700.jpg,643,100,919,424,-1,-1
00020701.jpg,643,100,919,424,-1,-1
00020702.jpg,643,100,919,424,-1,-1
00020703.jpg,643,100,919,424,-1,-1
00020704.jpg,640,100,914,427,-1,-1
00020705.jpg,640,100,914,427,-1,-1
00020706.jpg,640,100,914,427,-1,-1
00020707.jpg,640,100,914,427,-1,-1
00020708.jpg,639,100,913,427,-1,-1
00020709.jpg,639,100,913,427,-1,-1
00020710.jpg,639,100,913,427,-1,-1
00020711.jpg,639,100,913,427,-1,-1
00020712.jpg,639,100,913,427,-1,-1
00020713.jpg,639,100,913,427,-1,-1
00020714.jpg,638,100,912,427,-1,-1
00020715.jpg,638,100,912,427,-1,-1
00020716.jpg,638,100,912,427,-1,-1
00020717.jpg,638,100,912,427,-1,-1
00020718.jpg,638,100,912,427,-1,-1
00020719.jpg,638,100,912,427,-1,-1
00020720.jpg,637,100,911,427,-1,-1
00020721.jpg,637,100,911,427,-1,-1
00020722.jpg,637,99,911,426,-1,-1
00020723.jpg,637,99,911,426,-1,-1
00020724.jpg,637,99,911,426,-1,-1
00020725.jpg,637,99,911,426,-1,-1
00020726.jpg,637,99,911,426,-1,-1
00020727.jpg,637,99,911,426,-1,-1
00020728.jpg,637,99,911,426,-1,-1
00020729.jpg,637,99,911,426,-1,-1
00020730.jpg,637,99,911,426,-1,-1
00020731.jpg,637,99,911,426,-1,-1
00020732.jpg,637,99,911,426,-1,-1
00020733.jpg,637,99,911,426,-1,-1
00020734.jpg,637,99,911,426,-1,-1
00020735.jpg,638,100,912,427,-1,-1
00020736.jpg,639,101,913,428,-1,-1
00020737.jpg,640,102,914,429,-1,-1
00020738.jpg,639,102,913,429,-1,-1
00020739.jpg,639,103,913,430,-1,-1
00020740.jpg,640,103,914,430,-1,-1
00020741.jpg,641,104,915,431,-1,-1
00020742.jpg,640,104,914,431,-1,-1
00020743.jpg,641,104,915,431,-1,-1
00020744.jpg,637,105,908,441,-1,-1
00020745.jpg,637,105,908,441,-1,-1
00020746.jpg,637,105,908,441,-1,-1
00020747.jpg,637,104,908,440,-1,-1
00020748.jpg,637,104,908,440,-1,-1
00020749.jpg,637,104,908,440,-1,-1
00020750.jpg,637,104,908,440,-1,-1
00020751.jpg,637,104,908,440,-1,-1
00020752.jpg,637,104,908,440,-1,-1
00020753.jpg,638,103,909,439,-1,-1
00020754.jpg,638,103,909,439,-1,-1
00020755.jpg,639,103,910,439,-1,-1
00020756.jpg,639,103,910,439,-1,-1
00020757.jpg,639,102,910,438,-1,-1
00020758.jpg,639,102,910,438,-1,-1
00020759.jpg,639,102,910,438,-1,-1
00020760.jpg,639,101,910,437,-1,-1
00020761.jpg,639,101,910,437,-1,-1
00020762.jpg,639,100,910,436,-1,-1
00020763.jpg,638,100,909,436,-1,-1
00020764.jpg,638,100,909,436,-1,-1
00020765.jpg,638,99,909,435,-1,-1
00020766.jpg,638,99,909,435,-1,-1
00020767.jpg,638,99,909,435,-1,-1
00020768.jpg,637,99,908,435,-1,-1
00020769.jpg,633,96,897,431,-1,-1
00020770.jpg,633,96,897,431,-1,-1
00020771.jpg,632,96,896,431,-1,-1
00020772.jpg,632,96,896,431,-1,-1
00020773.jpg,631,95,895,430,-1,-1
00020774.jpg,630,95,894,430,-1,-1
00020775.jpg,629,95,893,430,-1,-1
00020776.jpg,629,95,893,430,-1,-1
00020777.jpg,628,94,892,429,-1,-1
00020778.jpg,627,94,891,429,-1,-1
00020779.jpg,627,94,891,429,-1,-1
00020780.jpg,626,93,890,428,-1,-1
00020781.jpg,625,93,889,428,-1,-1
00020782.jpg,625,92,889,427,-1,-1
00020783.jpg,624,91,888,426,-1,-1
00020784.jpg,623,90,887,425,-1,-1
00020785.jpg,622,89,886,424,-1,-1
00020786.jpg,620,88,884,423,-1,-1
00020787.jpg,619,87,883,422,-1,-1
00020788.jpg,618,86,882,421,-1,-1
00020789.jpg,618,86,882,421,-1,-1
00020790.jpg,617,85,881,420,-1,-1
00020791.jpg,616,84,880,419,-1,-1
00020792.jpg,615,84,879,419,-1,-1
00020793.jpg,614,83,878,418,-1,-1
00020794.jpg,613,83,877,418,-1,-1
00020795.jpg,613,82,877,417,-1,-1
00020796.jpg,612,82,876,417,-1,-1
00020797.jpg,612,82,876,417,-1,-1
00020798.jpg,611,82,875,417,-1,-1
00020799.jpg,611,82,875,417,-1,-1
00020800.jpg,610,82,874,417,-1,-1
00020801.jpg,610,82,874,417,-1,-1
00020802.jpg,609,82,873,417,-1,-1
00020803.jpg,609,82,873,417,-1,-1
00020804.jpg,609,82,873,417,-1,-1
00020805.jpg,609,83,873,418,-1,-1
00020806.jpg,608,83,872,418,-1,-1
00020807.jpg,608,83,872,418,-1,-1
00020808.jpg,607,84,871,419,-1,-1
00020809.jpg,607,84,871,419,-1,-1
00020810.jpg,606,84,870,419,-1,-1
00020811.jpg,606,85,870,420,-1,-1
00020812.jpg,606,85,870,420,-1,-1
00020813.jpg,605,85,869,420,-1,-1
00020814.jpg,605,86,869,421,-1,-1
00020815.jpg,605,86,869,421,-1,-1
00020816.jpg,605,86,869,421,-1,-1
00020817.jpg,604,86,868,421,-1,-1
00020818.jpg,604,86,868,421,-1,-1
00020819.jpg,604,86,868,421,-1,-1
00020820.jpg,604,87,868,422,-1,-1
00020821.jpg,604,87,868,422,-1,-1
00020822.jpg,604,87,868,422,-1,-1
00020823.jpg,604,87,868,422,-1,-1
00020824.jpg,604,87,868,422,-1,-1
00020825.jpg,604,87,868,422,-1,-1
00020826.jpg,604,87,868,422,-1,-1
00020827.jpg,604,87,868,422,-1,-1
00020828.jpg,605,87,869,422,-1,-1
00020829.jpg,605,87,869,422,-1,-1
00020830.jpg,605,87,869,422,-1,-1
00020831.jpg,605,87,869,422,-1,-1
00020832.jpg,606,87,870,422,-1,-1
00020833.jpg,606,87,870,422,-1,-1
00020834.jpg,606,87,870,422,-1,-1
00020835.jpg,607,87,871,422,-1,-1
00020836.jpg,607,87,871,422,-1,-1
00020837.jpg,607,87,871,422,-1,-1
00020838.jpg,607,87,871,422,-1,-1
00020839.jpg,607,87,871,422,-1,-1
00020840.jpg,606,87,870,422,-1,-1
00020841.jpg,606,87,870,422,-1,-1
00020842.jpg,606,87,870,422,-1,-1
00020843.jpg,606,88,870,423,-1,-1
00020844.jpg,606,88,870,423,-1,-1
00020845.jpg,605,88,869,423,-1,-1
00020846.jpg,605,88,869,423,-1,-1
00020847.jpg,605,88,869,423,-1,-1
00020848.jpg,604,88,868,423,-1,-1
00020849.jpg,604,88,868,423,-1,-1
00020850.jpg,603,88,867,423,-1,-1
00020851.jpg,603,88,867,423,-1,-1
00020852.jpg,602,88,866,423,-1,-1
00020853.jpg,602,88,866,423,-1,-1
00020854.jpg,602,88,866,423,-1,-1
00020855.jpg,601,88,865,423,-1,-1
00020856.jpg,601,88,865,423,-1,-1
00020857.jpg,601,87,865,422,-1,-1
00020858.jpg,601,87,865,422,-1,-1
00020859.jpg,600,87,864,422,-1,-1
00020860.jpg,600,87,864,422,-1,-1
00020861.jpg,599,87,863,422,-1,-1
00020862.jpg,599,86,863,421,-1,-1
00020863.jpg,598,86,862,421,-1,-1
00020864.jpg,597,86,861,421,-1,-1
00020865.jpg,597,86,861,421,-1,-1
00020866.jpg,596,86,860,421,-1,-1
00020867.jpg,596,86,860,421,-1,-1
00020868.jpg,595,86,859,421,-1,-1
00020869.jpg,595,86,859,421,-1,-1
00020870.jpg,595,86,859,421,-1,-1
00020871.jpg,594,86,858,421,-1,-1
00020872.jpg,594,86,858,421,-1,-1
00020873.jpg,594,87,858,422,-1,-1
00020874.jpg,594,87,858,422,-1,-1
00020875.jpg,593,87,857,422,-1,-1
00020876.jpg,593,87,857,422,-1,-1
00020877.jpg,593,87,857,422,-1,-1
00020878.jpg,593,87,857,422,-1,-1
00020879.jpg,592,87,856,422,-1,-1
00020880.jpg,592,87,856,422,-1,-1
00020881.jpg,592,87,856,422,-1,-1
00020882.jpg,591,87,855,422,-1,-1
00020883.jpg,591,86,855,421,-1,-1
00020884.jpg,591,86,855,421,-1,-1
00020885.jpg,590,86,854,421,-1,-1
00020886.jpg,590,86,854,421,-1,-1
00020887.jpg,590,86,854,421,-1,-1
00020888.jpg,589,86,853,421,-1,-1
00020889.jpg,589,87,853,422,-1,-1
00020890.jpg,588,87,852,422,-1,-1
00020891.jpg,588,87,852,422,-1,-1
00020892.jpg,587,87,851,422,-1,-1
00020893.jpg,587,87,851,422,-1,-1
00020894.jpg,586,87,850,422,-1,-1
00020895.jpg,585,87,849,422,-1,-1
00020896.jpg,585,87,849,422,-1,-1
00020897.jpg,584,87,848,422,-1,-1
00020898.jpg,584,87,848,422,-1,-1
00020899.jpg,583,87,847,422,-1,-1
00020900.jpg,583,87,847,422,-1,-1
00020901.jpg,582,87,846,422,-1,-1
00020902.jpg,582,87,846,422,-1,-1
00020903.jpg,582,87,846,422,-1,-1
00020904.jpg,581,87,845,422,-1,-1
00020905.jpg,581,87,845,422,-1,-1
00020906.jpg,580,87,844,422,-1,-1
00020907.jpg,579,87,843,422,-1,-1
00020908.jpg,578,87,842,422,-1,-1
00020909.jpg,578,88,842,423,-1,-1
00020910.jpg,577,88,841,423,-1,-1
00020911.jpg,577,88,841,423,-1,-1
00020912.jpg,576,88,840,423,-1,-1
00020913.jpg,576,89,840,424,-1,-1
00020914.jpg,575,89,839,424,-1,-1
00020915.jpg,575,89,839,424,-1,-1
00020916.jpg,574,89,838,424,-1,-1
00020917.jpg,574,89,838,424,-1,-1
00020918.jpg,573,90,837,425,-1,-1
00020919.jpg,574,90,838,425,-1,-1
00020920.jpg,574,90,838,425,-1,-1
