00034565.jpg,689,73,1029,403,404,138
00034566.jpg,689,70,1039,406,407,141
00034567.jpg,692,70,1048,405,411,145
00034568.jpg,691,66,1057,405,412,143
00034569.jpg,697,62,1065,406,412,138
00034570.jpg,697,62,1065,406,412,131
00034571.jpg,697,62,1065,406,412,124
00034572.jpg,699,62,1067,406,412,121
00034573.jpg,701,63,1069,407,412,128
00034574.jpg,704,63,1072,407,416,131
00034575.jpg,710,64,1078,408,419,143
00034576.jpg,715,63,1083,407,421,143
00034577.jpg,718,63,1086,407,421,140
00034578.jpg,720,63,1088,407,420,140
00034579.jpg,719,63,1087,407,421,140
00034580.jpg,717,64,1085,408,421,138
00034581.jpg,719,63,1087,407,429,140
00034582.jpg,721,63,1089,407,430,145
00034583.jpg,721,62,1089,406,440,148
00034584.jpg,720,61,1088,405,440,150
00034585.jpg,714,62,1082,406,439,150
00034586.jpg,713,63,1081,407,440,149
00034587.jpg,712,64,1080,408,446,149
00034588.jpg,711,65,1079,409,454,154
00034589.jpg,710,64,1078,408,460,161
00034590.jpg,708,63,1076,407,464,163
00034591.jpg,707,64,1075,408,464,161
00034592.jpg,708,64,1076,408,464,158
00034593.jpg,707,65,1075,409,465,163
00034594.jpg,706,65,1074,409,469,170
00034595.jpg,708,62,1076,406,466,171
00034596.jpg,708,62,1076,406,462,168
00034597.jpg,708,63,1076,407,462,163
00034598.jpg,709,63,1077,407,464,166
00034599.jpg,708,64,1076,408,466,175
00034600.jpg,710,62,1078,406,464,174
00034601.jpg,711,62,1079,406,464,170
00034602.jpg,711,62,1079,406,462,166
00034603.jpg,710,63,1078,407,465,171
00034604.jpg,710,63,1078,407,467,178
00034605.jpg,710,64,1078,408,467,171
00034606.jpg,710,64,1078,408,467,170
00034607.jpg,709,64,1077,408,469,174
00034608.jpg,708,64,1076,408,469,174
00034609.jpg,708,64,1076,408,469,174
00034610.jpg,708,64,1076,408,469,173
00034611.jpg,707,64,1075,408,469,173
00034612.jpg,706,65,1074,409,469,173
00034613.jpg,706,65,1074,409,469,173
00034614.jpg,707,65,1075,409,469,173
00034615.jpg,708,65,1076,409,469,173
00034616.jpg,709,65,1077,409,469,173
00034617.jpg,709,65,1077,409,469,173
00034618.jpg,710,65,1078,409,470,173
00034619.jpg,711,65,1079,409,470,174
00034620.jpg,711,66,1079,410,470,174
00034621.jpg,710,67,1078,411,470,174
00034622.jpg,710,67,1078,411,469,175
00034623.jpg,709,67,1077,411,467,174
00034624.jpg,708,67,1076,411,466,174
00034625.jpg,704,68,1072,412,466,174
00034626.jpg,701,69,1069,413,466,174
00034627.jpg,699,70,1067,414,466,174
00034628.jpg,697,71,1065,415,457,174
00034629.jpg,696,72,1064,416,445,176
00034630.jpg,693,72,1061,416,445,176
00034631.jpg,691,73,1059,417,432,179
00034632.jpg,690,74,1058,418,421,183
00034633.jpg,688,75,1056,419,414,181
00034634.jpg,687,75,1055,419,412,184
00034635.jpg,686,76,1054,420,412,186
00034636.jpg,685,77,1053,421,412,186
00034637.jpg,685,77,1053,421,410,188
00034638.jpg,686,77,1054,421,397,190
00034639.jpg,686,77,1054,421,390,191
00034640.jpg,689,76,1057,420,385,193
00034641.jpg,689,76,1057,420,379,194
00034642.jpg,690,75,1058,419,375,194
00034643.jpg,691,75,1059,419,375,194
00034644.jpg,691,75,1059,419,375,194
00034645.jpg,691,75,1059,419,375,194
00034646.jpg,690,75,1058,419,375,194
00034647.jpg,690,74,1058,418,375,194
00034648.jpg,690,74,1058,418,374,195
00034649.jpg,690,74,1058,418,372,195
00034650.jpg,690,75,1058,419,370,195
00034651.jpg,691,75,1059,419,369,195
00034652.jpg,692,75,1060,419,366,195
00034653.jpg,693,75,1061,419,362,195
00034654.jpg,693,76,1061,420,357,196
00034655.jpg,695,78,1063,422,356,198
00034656.jpg,697,78,1065,422,352,200
00034657.jpg,699,79,1067,423,352,204
00034658.jpg,700,80,1068,424,352,204
00034659.jpg,701,81,1069,425,352,204
00034660.jpg,706,82,1074,426,-1,-1
00034661.jpg,712,81,1080,425,-1,-1
00034662.jpg,716,81,1084,425,-1,-1
00034663.jpg,720,82,1088,426,-1,-1
00034664.jpg,728,82,1096,426,-1,-1
00034665.jpg,691,89,1053,442,-1,-1
00034666.jpg,691,89,1053,442,-1,-1
00034667.jpg,696,90,1058,443,-1,-1
00034668.jpg,701,91,1063,444,-1,-1
00034669.jpg,705,93,1067,446,-1,-1
00034670.jpg,709,96,1071,449,-1,-1
00034671.jpg,714,103,1076,456,-1,-1
00034672.jpg,719,104,1081,457,-1,-1
00034673.jpg,720,107,1082,460,-1,-1
00034674.jpg,720,110,1082,463,-1,-1
00034675.jpg,723,110,1085,463,-1,-1
00034676.jpg,726,107,1088,460,-1,-1
00034677.jpg,725,108,1087,461,-1,-1
00034678.jpg,725,107,1087,460,-1,-1
00034679.jpg,725,106,1087,459,-1,-1
00034680.jpg,725,105,1087,458,-1,-1
00034681.jpg,725,102,1087,455,-1,-1
00034682.jpg,724,101,1086,454,-1,-1
00034683.jpg,724,100,1086,453,-1,-1
00034684.jpg,723,99,1085,452,-1,-1
00034685.jpg,723,97,1085,450,-1,-1
00034686.jpg,722,94,1084,447,-1,-1
00034687.jpg,720,94,1082,447,-1,-1
00034688.jpg,718,94,1080,447,-1,-1
00034689.jpg,718,93,1080,446,-1,-1
00034690.jpg,719,91,1081,444,-1,-1
00034691.jpg,719,89,1081,442,-1,-1
00034692.jpg,721,87,1083,440,-1,-1
00034693.jpg,720,87,1082,440,-1,-1
00034694.jpg,747,71,1112,413,342,210
00034695.jpg,747,71,1112,413,342,210
00034696.jpg,748,70,1113,412,342,210
00034697.jpg,748,70,1113,412,342,210
00034698.jpg,749,69,1114,411,342,210
00034699.jpg,749,69,1114,411,342,210
00034700.jpg,749,69,1114,411,344,206
00034701.jpg,749,68,1114,410,345,206
00034702.jpg,748,68,1113,410,346,206
00034703.jpg,748,68,1113,410,346,206
00034704.jpg,747,68,1112,410,346,206
00034705.jpg,746,68,1111,410,346,206
00034706.jpg,744,68,1109,410,346,206
00034707.jpg,742,68,1107,410,346,206
00034708.jpg,739,69,1104,411,346,206
00034709.jpg,736,69,1101,411,346,206
00034710.jpg,731,70,1096,412,344,209
00034711.jpg,722,72,1087,414,344,209
00034712.jpg,718,72,1083,414,344,208
00034713.jpg,714,73,1079,415,344,208
00034714.jpg,711,73,1076,415,344,208
00034715.jpg,708,73,1073,415,344,208
00034716.jpg,703,74,1068,416,344,208
00034717.jpg,701,75,1066,417,344,208
00034718.jpg,698,76,1063,418,344,208
00034719.jpg,695,77,1060,419,344,208
00034720.jpg,693,78,1058,420,344,208
00034721.jpg,686,82,1051,424,344,208
00034722.jpg,683,84,1048,426,344,208
00034723.jpg,681,84,1046,426,344,208
00034724.jpg,680,85,1045,427,344,208
00034725.jpg,679,85,1044,427,344,208
00034726.jpg,679,85,1044,427,344,208
00034727.jpg,679,86,1044,428,344,208
00034728.jpg,679,86,1044,428,344,208
00034729.jpg,680,86,1045,428,344,208
00034730.jpg,681,86,1046,428,339,208
00034731.jpg,683,86,1048,428,330,208
00034732.jpg,683,86,1048,428,330,208
00034733.jpg,686,85,1051,427,331,206
00034734.jpg,687,85,1052,427,331,206
00034735.jpg,688,85,1053,427,331,206
00034736.jpg,690,85,1055,427,331,206
00034737.jpg,691,84,1056,426,331,206
00034738.jpg,692,84,1057,426,331,206
00034739.jpg,692,84,1057,426,332,206
00034740.jpg,693,84,1058,426,332,206
00034741.jpg,693,84,1058,426,332,206
00034742.jpg,693,84,1058,426,332,206
00034743.jpg,693,84,1058,426,332,206
00034744.jpg,693,84,1058,426,332,206
00034745.jpg,693,84,1058,426,332,206
00034746.jpg,694,84,1059,426,334,206
00034747.jpg,694,84,1059,426,335,206
00034748.jpg,695,83,1060,425,339,205
00034749.jpg,695,83,1060,425,339,204
00034750.jpg,696,83,1061,425,340,204
00034751.jpg,696,83,1061,425,340,204
00034752.jpg,696,83,1061,425,340,204
00034753.jpg,696,83,1061,425,342,203
00034754.jpg,696,83,1061,425,347,201
00034755.jpg,697,82,1062,424,356,200
00034756.jpg,697,82,1062,424,360,200
00034757.jpg,697,82,1062,424,366,200
00034758.jpg,698,82,1063,424,374,199
00034759.jpg,698,82,1063,424,379,198
00034760.jpg,698,82,1063,424,379,198
00034761.jpg,698,81,1063,423,379,198
00034762.jpg,699,81,1064,423,379,198
00034763.jpg,699,81,1064,423,379,196
00034764.jpg,699,81,1064,423,381,193
00034765.jpg,699,81,1064,423,382,193
00034766.jpg,700,80,1065,422,382,193
00034767.jpg,700,80,1065,422,382,190
00034768.jpg,700,80,1065,422,382,190
00034769.jpg,700,80,1065,422,382,190
00034770.jpg,701,80,1066,422,382,190
00034771.jpg,702,79,1067,421,382,190
00034772.jpg,702,79,1067,421,382,191
00034773.jpg,703,79,1068,421,382,193
00034774.jpg,704,78,1069,420,382,193
00034775.jpg,724,101,1063,415,382,193
00034776.jpg,724,101,1063,415,382,193
00034777.jpg,722,95,1082,451,-1,-1
00034778.jpg,722,95,1082,451,-1,-1
00034779.jpg,711,108,1067,449,-1,-1
00034780.jpg,716,126,1071,456,-1,-1
00034781.jpg,716,129,1065,470,-1,-1
00034782.jpg,716,129,1065,470,-1,-1
00034783.jpg,715,129,1064,470,-1,-1
00034784.jpg,713,129,1062,470,-1,-1
00034785.jpg,711,130,1060,471,-1,-1
00034786.jpg,709,130,1058,471,-1,-1
00034787.jpg,708,131,1057,472,-1,-1
00034788.jpg,707,131,1056,472,-1,-1
00034789.jpg,707,131,1056,472,-1,-1
00034790.jpg,707,131,1056,472,-1,-1
00034791.jpg,707,132,1056,473,-1,-1
00034792.jpg,707,132,1056,473,-1,-1
00034793.jpg,708,132,1057,473,-1,-1
00034794.jpg,708,132,1057,473,-1,-1
00034795.jpg,709,133,1058,474,-1,-1
00034796.jpg,711,134,1060,475,359,199
00034797.jpg,737,117,1088,423,361,194
00034798.jpg,741,110,1113,460,361,194
00034799.jpg,741,110,1113,460,361,194
00034800.jpg,742,110,1114,460,361,194
00034801.jpg,742,110,1114,460,361,194
00034802.jpg,742,110,1114,460,360,196
00034803.jpg,742,109,1114,459,360,196
00034804.jpg,742,109,1114,459,360,196
00034805.jpg,741,110,1113,460,359,199
00034806.jpg,741,109,1113,459,359,199
00034807.jpg,741,109,1113,459,355,203
00034808.jpg,741,109,1113,459,355,203
00034809.jpg,741,109,1113,459,355,203
00034810.jpg,741,109,1113,459,355,203
00034811.jpg,741,109,1113,459,355,203
00034812.jpg,741,109,1113,459,355,203
00034813.jpg,741,109,1113,459,355,203
00034814.jpg,741,109,1113,459,355,203
00034815.jpg,741,109,1113,459,355,203
00034816.jpg,741,109,1113,459,355,203
00034817.jpg,741,109,1113,459,354,196
00034818.jpg,741,109,1113,459,354,196
00034819.jpg,740,110,1112,460,354,196
00034820.jpg,740,110,1112,460,354,196
00034821.jpg,740,110,1112,460,354,196
00034822.jpg,740,110,1112,460,354,196
00034823.jpg,740,110,1112,460,354,196
00034824.jpg,740,110,1112,460,354,196
00034825.jpg,740,110,1112,460,355,196
00034826.jpg,740,110,1112,460,359,196
00034827.jpg,740,110,1112,460,359,198
00034828.jpg,740,110,1112,460,360,199
00034829.jpg,740,110,1112,460,367,199
00034830.jpg,740,110,1112,460,367,199
00034831.jpg,740,110,1112,460,367,199
00034832.jpg,740,110,1112,460,369,199
00034833.jpg,740,110,1112,460,371,200
00034834.jpg,740,110,1112,460,374,201
00034835.jpg,740,110,1112,460,374,201
00034836.jpg,740,110,1112,460,374,201
00034837.jpg,740,110,1112,460,374,201
00034838.jpg,740,111,1112,461,366,200
00034839.jpg,740,110,1112,460,366,200
00034840.jpg,740,111,1112,461,369,203
00034841.jpg,740,111,1112,461,362,203
