00000001.jpg,220,52,345,185,1197,102
00000002.jpg,220,52,345,185,1197,102
00000003.jpg,220,52,345,185,1197,102
00000004.jpg,220,52,345,185,1197,97
00000005.jpg,221,52,346,185,-1,-1
00000006.jpg,222,52,347,185,-1,-1
00000007.jpg,224,52,349,185,-1,-1
00000008.jpg,225,52,350,185,-1,-1
00000009.jpg,226,53,351,186,-1,-1
00000010.jpg,227,53,352,186,-1,-1
00000011.jpg,228,53,353,186,-1,-1
00000012.jpg,229,54,354,187,-1,-1
00000013.jpg,230,55,355,188,-1,-1
00000014.jpg,231,56,356,189,-1,-1
00000015.jpg,244,58,369,191,-1,-1
00000016.jpg,241,59,366,192,-1,-1
00000017.jpg,244,59,369,192,-1,-1
00000018.jpg,258,59,383,192,-1,-1
00000019.jpg,261,59,386,192,-1,-1
00000020.jpg,263,60,388,193,-1,-1
00000021.jpg,266,63,391,196,-1,-1
00000022.jpg,267,65,392,198,-1,-1
00000023.jpg,278,74,401,201,-1,-1
00000024.jpg,278,74,401,201,-1,-1
00000025.jpg,279,76,402,203,-1,-1
00000026.jpg,279,77,402,204,-1,-1
00000027.jpg,277,78,400,205,-1,-1
00000028.jpg,276,80,399,207,-1,-1
00000029.jpg,272,81,395,208,-1,-1
00000030.jpg,267,82,390,209,-1,-1
00000031.jpg,261,82,384,209,-1,-1
00000032.jpg,246,83,369,210,-1,-1
00000033.jpg,237,85,360,212,-1,-1
00000034.jpg,228,86,351,213,-1,-1
00000035.jpg,217,87,340,214,-1,-1
00000036.jpg,208,88,331,215,-1,-1
00000037.jpg,195,89,318,216,-1,-1
00000038.jpg,187,90,310,217,-1,-1
00000039.jpg,178,90,301,217,-1,-1
00000040.jpg,170,92,293,219,-1,-1
00000041.jpg,161,93,284,220,-1,-1
00000042.jpg,155,95,278,222,-1,-1
00000043.jpg,151,95,274,222,-1,-1
00000044.jpg,148,95,271,222,-1,-1
00000045.jpg,144,94,274,227,-1,-1
00000046.jpg,144,94,274,227,-1,-1
00000047.jpg,144,94,274,227,-1,-1
00000048.jpg,145,94,275,227,-1,-1
00000049.jpg,146,94,276,227,-1,-1
00000050.jpg,149,94,279,227,1167,130
00000051.jpg,153,94,283,227,1167,130
00000052.jpg,156,93,286,226,1169,131
00000053.jpg,160,94,290,227,1170,132
00000054.jpg,165,95,295,228,1172,133
00000055.jpg,171,96,301,229,1171,136
00000056.jpg,176,96,306,229,1171,136
00000057.jpg,180,95,310,228,1171,136
00000058.jpg,183,94,313,227,1171,135
00000059.jpg,186,94,316,227,1168,134
00000060.jpg,188,94,318,227,1165,134
00000061.jpg,188,94,318,227,1160,134
00000062.jpg,189,94,319,227,1154,136
00000063.jpg,192,97,322,230,1154,136
00000064.jpg,193,97,323,230,1154,136
00000065.jpg,193,97,323,230,1146,133
00000066.jpg,189,93,319,226,1143,135
00000067.jpg,189,93,319,226,1136,135
00000068.jpg,194,98,324,231,1134,135
00000069.jpg,194,98,324,231,1129,134
00000070.jpg,195,98,325,231,1124,134
00000071.jpg,195,98,325,231,1125,135
00000072.jpg,194,99,324,232,1121,136
00000073.jpg,194,98,324,231,1116,136
00000074.jpg,195,98,325,231,1111,135
00000075.jpg,195,98,325,231,1108,136
00000076.jpg,195,98,325,231,1108,136
00000077.jpg,195,97,325,230,1102,135
00000078.jpg,196,97,326,230,1096,136
00000079.jpg,204,105,318,216,1091,137
00000080.jpg,204,105,318,216,1090,138
00000081.jpg,206,105,320,216,1089,138
00000082.jpg,210,106,324,217,1087,136
00000083.jpg,215,107,329,218,1080,136
00000084.jpg,220,108,334,219,1077,135
00000085.jpg,226,109,340,220,1076,137
00000086.jpg,232,111,346,222,1071,138
00000087.jpg,238,112,352,223,1071,138
00000088.jpg,245,113,359,224,1064,139
00000089.jpg,250,113,364,224,1064,139
00000090.jpg,255,114,369,225,1059,142
00000091.jpg,267,119,374,220,1054,142
00000092.jpg,267,119,374,220,1049,144
00000093.jpg,272,118,379,219,1046,144
00000094.jpg,277,117,384,218,1044,144
00000095.jpg,283,117,390,218,1040,143
00000096.jpg,287,117,394,218,1038,143
00000097.jpg,292,117,399,218,1040,141
00000098.jpg,296,117,403,218,1033,144
00000099.jpg,299,117,406,218,1033,144
00000100.jpg,302,117,409,218,1029,144
00000101.jpg,304,116,411,217,1029,143
00000102.jpg,307,116,414,217,1023,143
00000103.jpg,307,116,414,217,1017,144
