00000001.jpg,279,4,563,290,1160,628
00000002.jpg,279,4,563,290,648,581
00000003.jpg,305,11,579,304,648,574
00000004.jpg,305,11,579,304,649,564
00000005.jpg,311,13,585,306,656,552
00000006.jpg,316,14,590,307,659,545
00000007.jpg,321,14,595,307,659,544
00000008.jpg,325,12,599,305,664,540
00000009.jpg,330,11,604,304,667,533
00000010.jpg,333,11,607,304,670,529
00000011.jpg,335,11,609,304,672,531
00000012.jpg,335,11,609,304,668,536
00000013.jpg,333,11,607,304,665,539
00000014.jpg,330,12,604,305,662,540
00000015.jpg,327,12,601,305,662,540
00000016.jpg,324,12,598,305,661,540
00000017.jpg,321,12,595,305,659,543
00000018.jpg,319,11,593,304,654,547
00000019.jpg,318,11,592,304,654,548
00000020.jpg,318,11,592,304,646,548
00000021.jpg,319,12,593,305,640,548
00000022.jpg,322,14,596,307,636,545
00000023.jpg,327,16,601,309,631,545
00000024.jpg,331,19,605,312,631,545
00000025.jpg,336,22,610,315,629,545
00000026.jpg,338,24,612,317,627,548
00000027.jpg,342,27,616,320,627,551
00000028.jpg,346,28,620,321,621,555
00000029.jpg,350,30,624,323,616,556
00000030.jpg,351,31,625,324,616,556
00000031.jpg,352,33,626,326,616,556
00000032.jpg,352,33,626,326,615,556
00000033.jpg,352,34,626,327,614,556
00000034.jpg,352,34,626,327,614,556
00000035.jpg,352,34,626,327,613,556
00000036.jpg,352,33,626,326,613,556
00000037.jpg,352,32,626,325,616,557
00000038.jpg,352,32,626,325,617,557
00000039.jpg,352,32,626,325,619,557
00000040.jpg,352,32,626,325,622,557
00000041.jpg,351,32,625,325,622,557
00000042.jpg,350,32,624,325,626,557
00000043.jpg,349,33,623,326,626,557
00000044.jpg,348,33,622,326,626,557
00000045.jpg,347,34,621,327,626,557
00000046.jpg,346,34,620,327,626,557
00000047.jpg,345,34,619,327,624,557
00000048.jpg,344,34,618,327,624,557
00000049.jpg,343,34,617,327,623,557
00000050.jpg,343,32,617,325,622,557
00000051.jpg,341,29,615,322,-1,-1
00000052.jpg,338,23,612,316,-1,-1
00000053.jpg,329,17,603,310,-1,-1
00000054.jpg,324,13,598,306,-1,-1
00000055.jpg,322,11,596,304,-1,-1
00000056.jpg,321,10,595,303,-1,-1
00000057.jpg,320,10,594,303,-1,-1
00000058.jpg,319,11,593,304,-1,-1
00000059.jpg,319,12,593,305,-1,-1
00000060.jpg,319,13,593,306,-1,-1
00000061.jpg,319,13,593,306,-1,-1
00000062.jpg,319,12,593,305,-1,-1
00000063.jpg,320,12,594,305,-1,-1
00000064.jpg,320,13,594,306,-1,-1
00000065.jpg,321,14,595,307,-1,-1
00000066.jpg,322,14,596,307,-1,-1
00000067.jpg,324,14,598,307,-1,-1
00000068.jpg,326,14,600,307,-1,-1
00000069.jpg,328,13,602,306,-1,-1
00000070.jpg,330,13,604,306,-1,-1
00000071.jpg,331,13,605,306,-1,-1
00000072.jpg,332,13,606,306,-1,-1
00000073.jpg,332,12,606,305,-1,-1
00000074.jpg,331,11,605,304,1237,210
00000075.jpg,329,11,603,304,691,224
00000076.jpg,327,10,601,303,691,223
00000077.jpg,325,10,599,303,688,222
00000078.jpg,324,10,598,303,687,221
00000079.jpg,323,10,597,303,686,220
00000080.jpg,323,10,597,303,693,217
00000081.jpg,322,10,596,303,695,216
00000082.jpg,320,10,594,303,696,214
00000083.jpg,315,10,589,303,706,211
00000084.jpg,309,8,583,301,712,210
00000085.jpg,304,6,578,299,730,211
00000086.jpg,301,4,575,297,746,209
00000087.jpg,298,3,572,296,759,207
00000088.jpg,296,3,570,296,767,204
00000089.jpg,296,3,570,296,770,204
00000090.jpg,296,2,570,295,774,202
00000091.jpg,296,1,570,294,774,199
00000092.jpg,297,0,571,293,776,199
00000093.jpg,298,0,572,293,774,198
00000094.jpg,299,0,573,293,774,198
00000095.jpg,300,1,574,294,774,198
00000096.jpg,300,2,574,295,774,198
00000097.jpg,301,3,575,296,774,199
00000098.jpg,301,3,575,296,774,199
00000099.jpg,302,4,576,297,773,202
00000100.jpg,302,4,576,297,773,202
00000101.jpg,302,5,576,298,769,204
00000102.jpg,303,5,577,298,766,204
00000103.jpg,304,6,578,299,775,209
00000104.jpg,304,6,578,299,788,213
00000105.jpg,305,7,579,300,805,221
00000106.jpg,306,7,580,300,812,223
00000107.jpg,307,7,581,300,812,223
00000108.jpg,309,6,583,299,803,221
00000109.jpg,311,6,585,299,795,216
00000110.jpg,313,7,587,300,785,212
00000111.jpg,314,9,588,302,778,209
00000112.jpg,315,9,589,302,772,209
00000113.jpg,316,9,590,302,757,201
00000114.jpg,317,9,591,302,750,196
00000115.jpg,320,9,594,302,727,189
00000116.jpg,323,8,597,301,707,186
00000117.jpg,326,8,600,301,693,183
00000118.jpg,328,10,602,303,686,183
00000119.jpg,329,11,603,304,678,180
00000120.jpg,330,12,604,305,825,330
00000121.jpg,330,12,604,305,1000,370
00000122.jpg,330,12,604,305,1000,374
00000123.jpg,330,13,604,306,999,387
00000124.jpg,330,13,604,306,1000,400
00000125.jpg,330,13,604,306,1000,409
00000126.jpg,330,13,604,306,-1,-1
00000127.jpg,329,13,603,306,-1,-1
00000128.jpg,329,13,603,306,-1,-1
00000129.jpg,329,13,603,306,-1,-1
00000130.jpg,329,13,603,306,-1,-1
00000131.jpg,329,13,603,306,-1,-1
00000132.jpg,329,14,603,307,-1,-1
00000133.jpg,330,15,604,308,-1,-1
00000134.jpg,330,16,604,309,-1,-1
00000135.jpg,331,16,605,309,-1,-1
00000136.jpg,335,16,609,309,847,501
00000137.jpg,337,16,611,309,842,515
00000138.jpg,340,17,614,310,824,520
00000139.jpg,342,17,616,310,813,523
00000140.jpg,344,17,618,310,810,523
00000141.jpg,344,16,618,309,803,512
00000142.jpg,345,15,619,308,793,499
00000143.jpg,345,14,619,307,788,489
00000144.jpg,345,14,619,307,784,483
00000145.jpg,345,13,619,306,775,476
00000146.jpg,344,13,618,306,773,474
00000147.jpg,344,13,618,306,775,479
00000148.jpg,344,13,618,306,775,487
00000149.jpg,343,13,617,306,775,495
00000150.jpg,343,13,617,306,777,503
00000151.jpg,343,12,617,305,776,513
00000152.jpg,342,12,616,305,776,515
00000153.jpg,341,12,615,305,706,215
00000154.jpg,339,11,613,304,708,212
00000155.jpg,336,11,610,304,708,209
00000156.jpg,333,9,607,302,708,210
00000157.jpg,329,8,603,301,706,205
00000158.jpg,326,7,600,300,703,204
00000159.jpg,325,7,599,300,704,204
00000160.jpg,323,6,597,299,700,204
00000161.jpg,322,5,596,298,693,204
00000162.jpg,319,4,593,297,687,204
00000163.jpg,316,4,590,297,688,206
00000164.jpg,313,4,587,297,689,211
00000165.jpg,311,4,585,297,693,222
00000166.jpg,310,4,584,297,691,229
00000167.jpg,311,5,585,298,723,531
00000168.jpg,313,5,587,298,720,520
00000169.jpg,315,7,589,300,710,520
00000170.jpg,317,8,591,301,709,530
00000171.jpg,319,11,593,304,705,551
00000172.jpg,321,14,595,307,697,560
00000173.jpg,321,15,595,308,697,566
00000174.jpg,322,16,596,309,699,563
00000175.jpg,322,16,596,309,703,559
00000176.jpg,323,16,597,309,708,559
00000177.jpg,323,15,597,308,709,559
00000178.jpg,324,15,598,308,711,551
00000179.jpg,323,14,597,307,711,551
00000180.jpg,322,12,596,305,713,545
00000181.jpg,320,22,601,293,716,538
00000182.jpg,321,17,597,289,716,536
00000183.jpg,327,17,597,285,718,538
00000184.jpg,330,18,595,283,722,539
00000185.jpg,334,6,608,299,728,539
00000186.jpg,334,6,608,299,734,540
