00000001.jpg,549,63,797,325,407,422
00000002.jpg,549,63,797,325,412,423
00000003.jpg,549,63,797,325,451,523
00000004.jpg,549,63,797,325,456,533
00000005.jpg,562,65,810,327,457,529
00000006.jpg,577,66,825,328,428,409
00000007.jpg,597,66,845,328,541,192
00000008.jpg,614,66,862,328,543,189
00000009.jpg,640,49,888,311,546,187
00000010.jpg,656,49,904,311,546,187
00000011.jpg,665,50,913,312,546,187
00000012.jpg,673,52,921,314,548,187
00000013.jpg,676,59,924,321,548,187
00000014.jpg,682,60,930,322,548,187
00000015.jpg,698,64,942,323,548,187
00000016.jpg,698,64,942,323,548,186
00000017.jpg,713,69,952,328,544,186
00000018.jpg,712,71,951,330,467,459
00000019.jpg,721,72,959,326,616,569
00000020.jpg,721,72,959,326,620,560
00000021.jpg,723,82,955,343,623,560
00000022.jpg,723,82,955,343,624,559
00000023.jpg,724,82,956,343,624,559
00000024.jpg,724,82,956,343,624,559
00000025.jpg,724,81,956,342,624,559
00000026.jpg,724,81,956,342,624,559
00000027.jpg,724,81,956,342,624,559
00000028.jpg,724,81,956,342,624,559
00000029.jpg,724,81,956,342,624,559
00000030.jpg,724,80,956,341,551,232
00000031.jpg,723,80,955,341,551,233
00000032.jpg,723,80,955,341,551,232
00000033.jpg,723,79,955,340,553,232
00000034.jpg,723,79,955,340,554,234
00000035.jpg,723,79,955,340,554,234
00000036.jpg,751,71,983,332,554,234
00000037.jpg,761,73,993,334,554,234
00000038.jpg,762,73,994,334,554,234
00000039.jpg,764,73,996,334,554,234
00000040.jpg,766,76,998,337,554,234
00000041.jpg,766,79,998,340,554,233
00000042.jpg,766,80,998,341,554,233
00000043.jpg,783,82,1031,348,554,233
00000044.jpg,783,82,1031,348,554,233
00000045.jpg,786,80,1034,346,554,233
00000046.jpg,789,79,1037,345,554,233
00000047.jpg,790,80,1038,346,553,233
00000048.jpg,790,82,1038,348,551,236
00000049.jpg,789,83,1037,349,551,236
00000050.jpg,787,85,1035,351,554,234
00000051.jpg,786,86,1034,352,555,229
00000052.jpg,785,87,1033,353,550,210
00000053.jpg,784,87,1032,353,549,203
00000054.jpg,781,89,1029,355,549,203
00000055.jpg,779,88,1027,354,547,194
00000056.jpg,776,85,1024,351,545,190
00000057.jpg,772,84,1020,350,540,190
00000058.jpg,765,83,1013,349,540,190
00000059.jpg,757,84,1005,350,541,190
00000060.jpg,746,84,994,350,543,190
00000061.jpg,739,85,987,351,543,190
00000062.jpg,730,85,978,351,543,190
00000063.jpg,720,86,968,352,543,190
00000064.jpg,716,87,964,353,543,190
00000065.jpg,702,87,950,353,545,192
00000066.jpg,692,89,940,355,546,194
00000067.jpg,660,83,898,338,547,192
00000068.jpg,660,83,898,338,550,192
00000069.jpg,649,83,887,338,550,192
00000070.jpg,637,83,875,338,551,192
00000071.jpg,628,84,866,339,551,192
00000072.jpg,619,84,857,339,551,192
00000073.jpg,611,83,849,338,554,192
00000074.jpg,607,82,845,337,554,191
00000075.jpg,605,82,843,337,554,191
00000076.jpg,603,82,841,337,554,190
00000077.jpg,602,82,840,337,554,189
00000078.jpg,602,81,840,336,554,188
00000079.jpg,604,81,842,336,554,186
00000080.jpg,606,80,844,335,551,185
00000081.jpg,604,74,846,333,551,185
00000082.jpg,608,73,850,332,551,185
00000083.jpg,609,70,858,333,549,184
00000084.jpg,628,80,866,335,-1,-1
00000085.jpg,627,77,871,335,-1,-1
00000086.jpg,629,76,872,335,-1,-1
00000087.jpg,632,77,871,336,-1,-1
00000088.jpg,632,78,875,339,-1,-1
00000089.jpg,631,76,878,342,-1,-1
00000090.jpg,658,78,896,333,-1,-1
00000091.jpg,658,78,896,333,-1,-1
00000092.jpg,657,79,908,322,-1,-1
00000093.jpg,657,79,908,320,-1,-1
00000094.jpg,657,79,909,319,-1,-1
00000095.jpg,658,78,911,320,-1,-1
00000096.jpg,660,79,913,323,-1,-1
00000097.jpg,661,79,914,324,-1,-1
00000098.jpg,661,80,913,324,-1,-1
00000099.jpg,662,81,913,324,-1,-1
00000100.jpg,663,82,909,323,-1,-1
00000101.jpg,660,84,909,323,-1,-1
00000102.jpg,658,85,907,324,-1,-1
00000103.jpg,652,82,911,329,-1,-1
00000104.jpg,657,81,895,336,-1,-1
00000105.jpg,660,80,898,335,-1,-1
00000106.jpg,667,81,905,336,-1,-1
00000107.jpg,651,92,890,353,-1,-1
00000108.jpg,651,92,890,353,-1,-1
00000109.jpg,644,90,883,351,-1,-1
00000110.jpg,636,89,875,350,-1,-1
00000111.jpg,628,90,867,351,-1,-1
00000112.jpg,621,90,860,351,-1,-1
00000113.jpg,615,90,854,351,-1,-1
00000114.jpg,610,90,849,351,-1,-1
00000115.jpg,601,90,840,351,-1,-1
00000116.jpg,591,90,830,351,545,176
00000117.jpg,588,90,827,351,546,176
00000118.jpg,593,91,832,352,548,176
00000119.jpg,594,91,833,352,549,176
00000120.jpg,594,91,833,352,550,179
00000121.jpg,595,91,834,352,551,179
00000122.jpg,596,91,835,352,553,179
00000123.jpg,598,91,837,352,554,179
00000124.jpg,599,91,838,352,554,179
00000125.jpg,602,91,841,352,553,178
00000126.jpg,607,91,846,352,553,178
00000127.jpg,610,92,849,353,551,178
00000128.jpg,613,92,852,353,551,178
00000129.jpg,615,92,854,353,551,178
00000130.jpg,616,92,855,353,551,178
00000131.jpg,617,92,856,353,551,178
00000132.jpg,617,92,856,353,-1,-1
00000133.jpg,618,92,857,353,-1,-1
00000134.jpg,618,92,857,353,-1,-1
00000135.jpg,618,92,857,353,-1,-1
00000136.jpg,619,93,858,354,-1,-1
00000137.jpg,622,89,867,358,-1,-1
00000138.jpg,622,88,869,359,-1,-1
00000139.jpg,621,89,868,360,-1,-1
00000140.jpg,620,88,870,362,-1,-1
00000141.jpg,626,92,867,362,-1,-1
00000142.jpg,625,97,868,367,-1,-1
00000143.jpg,625,112,864,373,-1,-1
00000144.jpg,624,111,866,372,566,199
00000145.jpg,624,111,864,371,566,198
00000146.jpg,624,109,866,372,566,195
00000147.jpg,625,107,864,371,566,195
00000148.jpg,625,108,863,370,566,195
00000149.jpg,626,106,864,369,566,194
00000150.jpg,625,104,866,368,563,193
00000151.jpg,627,104,865,366,561,188
00000152.jpg,626,106,863,368,560,185
00000153.jpg,625,104,863,368,560,184
00000154.jpg,624,98,866,367,560,184
00000155.jpg,625,95,866,365,561,181
00000156.jpg,623,94,865,365,565,180
00000157.jpg,623,92,864,365,566,176
00000158.jpg,621,91,864,364,566,176
00000159.jpg,618,90,864,366,561,173
00000160.jpg,619,91,863,364,555,171
00000161.jpg,622,92,862,362,550,168
00000162.jpg,619,93,863,362,548,167
00000163.jpg,620,96,861,363,547,167
00000164.jpg,616,97,865,366,390,399
00000165.jpg,614,98,863,372,571,582
00000166.jpg,614,102,860,373,573,577
00000167.jpg,612,125,851,386,578,577
00000168.jpg,610,125,849,386,578,577
00000169.jpg,611,116,846,390,580,580
00000170.jpg,608,120,846,389,580,580
00000171.jpg,605,124,847,390,582,580
00000172.jpg,604,124,849,391,582,580
00000173.jpg,605,121,848,389,582,580
00000174.jpg,605,120,848,388,582,580
00000175.jpg,605,122,848,387,577,582
00000176.jpg,604,120,849,382,363,388
00000177.jpg,603,118,850,377,544,202
00000178.jpg,612,123,851,384,541,194
00000179.jpg,612,122,851,383,538,190
00000180.jpg,614,121,853,382,538,190
00000181.jpg,614,121,853,382,537,181
00000182.jpg,613,93,852,364,537,173
00000183.jpg,617,93,856,364,537,169
00000184.jpg,622,94,861,365,537,169
00000185.jpg,622,94,861,365,550,178
00000186.jpg,623,93,862,384,552,179
