00021269.jpg,576,68,837,362,219,30
00021270.jpg,576,68,837,362,211,27
00021271.jpg,576,68,837,362,211,27
00021272.jpg,576,68,837,362,211,27
00021273.jpg,576,68,837,362,211,27
00021274.jpg,577,68,838,362,211,27
00021275.jpg,577,68,838,362,211,27
00021276.jpg,579,67,840,361,211,27
00021277.jpg,579,67,840,361,211,27
00021278.jpg,579,67,840,361,211,27
00021279.jpg,579,67,840,361,211,27
00021280.jpg,579,66,840,360,211,27
00021281.jpg,579,66,840,360,211,27
00021282.jpg,579,66,840,360,211,27
00021283.jpg,579,66,840,360,211,27
00021284.jpg,579,65,840,359,211,27
00021285.jpg,579,65,840,359,211,27
00021286.jpg,578,65,839,359,211,27
00021287.jpg,578,65,839,359,211,27
00021288.jpg,576,67,837,361,211,27
00021289.jpg,576,67,837,361,211,27
00021290.jpg,576,67,837,361,211,27
00021291.jpg,576,67,837,361,211,27
00021292.jpg,576,68,837,362,211,27
00021293.jpg,576,68,837,362,211,27
00021294.jpg,576,68,837,362,211,27
00021295.jpg,576,68,837,362,211,27
00021296.jpg,576,68,837,362,211,27
00021297.jpg,576,68,837,362,211,27
00021298.jpg,577,68,838,362,211,27
00021299.jpg,577,69,838,363,211,27
00021300.jpg,577,71,838,365,211,27
00021301.jpg,577,71,838,365,211,27
00021302.jpg,576,70,837,364,-1,-1
00021303.jpg,573,71,834,365,-1,-1
00021304.jpg,571,71,832,365,-1,-1
00021305.jpg,571,71,832,365,-1,-1
00021306.jpg,569,71,830,365,-1,-1
00021307.jpg,567,71,828,365,-1,-1
00021308.jpg,564,72,825,366,-1,-1
00021309.jpg,564,72,825,366,-1,-1
00021310.jpg,564,72,825,366,-1,-1
00021311.jpg,562,72,823,366,-1,-1
00021312.jpg,560,74,821,368,-1,-1
00021313.jpg,560,74,821,368,-1,-1
00021314.jpg,559,74,820,368,194,28
00021315.jpg,559,74,820,368,194,28
00021316.jpg,559,75,820,369,194,28
00021317.jpg,559,75,820,369,191,28
00021318.jpg,558,75,819,369,191,28
00021319.jpg,558,74,819,368,191,28
00021320.jpg,560,74,821,368,191,28
00021321.jpg,560,74,821,368,191,28
00021322.jpg,560,73,821,367,191,28
00021323.jpg,559,72,820,366,191,28
00021324.jpg,561,69,822,363,191,28
00021325.jpg,561,69,822,363,191,28
00021326.jpg,562,66,823,360,-1,-1
00021327.jpg,560,67,821,361,-1,-1
00021328.jpg,562,66,823,360,-1,-1
00021329.jpg,561,67,822,361,-1,-1
00021330.jpg,565,65,826,359,-1,-1
00021331.jpg,567,67,828,361,-1,-1
00021332.jpg,566,69,827,363,-1,-1
00021333.jpg,566,69,827,363,-1,-1
00021334.jpg,568,70,829,364,-1,-1
00021335.jpg,565,74,826,368,-1,-1
00021336.jpg,565,74,826,368,-1,-1
00021337.jpg,565,74,826,368,-1,-1
00021338.jpg,562,77,823,371,-1,-1
00021339.jpg,562,77,823,371,-1,-1
