00021269.jpg,998,238,1186,460,221,60
00021270.jpg,998,238,1186,460,221,60
00021271.jpg,998,238,1186,460,221,60
00021272.jpg,998,238,1186,460,221,60
00021273.jpg,998,238,1186,460,221,60
00021274.jpg,998,238,1186,460,221,60
00021275.jpg,999,238,1187,460,221,60
00021276.jpg,999,237,1187,459,218,58
00021277.jpg,1000,237,1188,459,214,57
00021278.jpg,1000,237,1188,459,211,56
00021279.jpg,1000,237,1188,459,207,55
00021280.jpg,1001,236,1189,458,207,55
00021281.jpg,1001,236,1189,458,207,55
00021282.jpg,1001,236,1189,458,207,55
00021283.jpg,1001,236,1189,458,207,55
00021284.jpg,1001,236,1189,458,207,55
00021285.jpg,1001,236,1189,458,207,55
00021286.jpg,1001,236,1189,458,207,55
00021287.jpg,1001,236,1189,458,207,55
00021288.jpg,1001,236,1189,458,207,55
00021289.jpg,1001,236,1189,458,207,55
00021290.jpg,1001,236,1189,458,207,55
00021291.jpg,1001,237,1189,459,207,55
00021292.jpg,1001,237,1189,459,207,55
00021293.jpg,1001,237,1189,459,207,55
00021294.jpg,1001,237,1189,459,207,55
00021295.jpg,1001,237,1189,459,207,55
00021296.jpg,1001,237,1189,459,207,55
00021297.jpg,1001,237,1189,459,207,55
00021298.jpg,1002,237,1190,459,207,55
00021299.jpg,1002,237,1190,459,207,55
00021300.jpg,1002,238,1190,460,207,55
00021301.jpg,1002,238,1190,460,207,55
00021302.jpg,1002,239,1190,461,207,55
00021303.jpg,1002,239,1190,461,207,55
00021304.jpg,1002,240,1190,462,207,55
00021305.jpg,1002,240,1190,462,207,55
00021306.jpg,1002,240,1190,462,207,55
00021307.jpg,1002,240,1190,462,207,55
00021308.jpg,1002,239,1190,461,207,55
00021309.jpg,1002,239,1190,461,207,55
00021310.jpg,1002,239,1190,461,207,55
00021311.jpg,1002,239,1190,461,207,55
00021312.jpg,1003,239,1191,461,207,55
00021313.jpg,1003,239,1191,461,207,55
00021314.jpg,1003,240,1191,462,207,55
00021315.jpg,1003,240,1191,462,207,55
00021316.jpg,1004,240,1192,462,207,55
00021317.jpg,1004,240,1192,462,207,55
00021318.jpg,1005,240,1193,462,207,55
00021319.jpg,1005,240,1193,462,207,55
00021320.jpg,1006,240,1194,462,207,55
00021321.jpg,1006,240,1194,462,207,55
00021322.jpg,1007,239,1195,461,207,55
00021323.jpg,1007,239,1195,461,207,55
00021324.jpg,1008,239,1196,461,207,55
00021325.jpg,1008,239,1196,461,207,55
00021326.jpg,1008,239,1196,461,207,55
00021327.jpg,1008,239,1196,461,207,55
00021328.jpg,1009,238,1197,460,207,55
00021329.jpg,1009,238,1197,460,207,55
00021330.jpg,1010,238,1198,460,207,55
00021331.jpg,1010,238,1198,460,207,55
00021332.jpg,1011,237,1199,459,207,55
00021333.jpg,1011,237,1199,459,207,55
00021334.jpg,1012,237,1200,459,207,55
00021335.jpg,1012,237,1200,459,207,55
00021336.jpg,1012,236,1200,458,207,55
00021337.jpg,1012,236,1200,458,207,55
00021338.jpg,1012,236,1200,458,207,55
00021339.jpg,1012,236,1200,458,204,54
