00000001.jpg,694,69,927,301,-1,-1
00000002.jpg,694,69,927,301,-1,-1
00000003.jpg,694,69,927,301,-1,-1
00000004.jpg,694,69,927,301,-1,-1
00000005.jpg,695,69,928,301,-1,-1
00000006.jpg,695,68,928,300,-1,-1
00000007.jpg,700,66,933,298,-1,-1
00000008.jpg,703,66,936,298,-1,-1
00000009.jpg,706,65,939,297,-1,-1
00000010.jpg,707,65,940,297,-1,-1
00000011.jpg,709,64,942,296,-1,-1
00000012.jpg,709,65,942,297,-1,-1
00000013.jpg,709,65,942,297,-1,-1
00000014.jpg,710,65,943,297,-1,-1
00000015.jpg,711,65,944,297,-1,-1
00000016.jpg,703,70,936,302,-1,-1
00000017.jpg,703,69,936,301,-1,-1
00000018.jpg,701,68,934,300,-1,-1
00000019.jpg,697,69,930,301,-1,-1
00000020.jpg,696,70,929,302,-1,-1
00000021.jpg,697,69,930,301,-1,-1
00000022.jpg,699,69,932,301,-1,-1
00000023.jpg,701,68,934,300,-1,-1
00000024.jpg,701,68,934,300,-1,-1
00000025.jpg,702,68,935,300,-1,-1
00000026.jpg,690,92,923,324,-1,-1
00000027.jpg,691,97,924,329,-1,-1
00000028.jpg,687,103,920,335,-1,-1
00000029.jpg,685,108,918,340,-1,-1
00000030.jpg,687,109,920,341,-1,-1
00000031.jpg,688,105,921,337,-1,-1
00000032.jpg,689,99,922,331,-1,-1
00000033.jpg,692,94,925,326,-1,-1
00000034.jpg,697,90,930,322,-1,-1
00000035.jpg,701,71,934,303,-1,-1
00000036.jpg,701,70,934,302,-1,-1
00000037.jpg,699,89,932,321,-1,-1
00000038.jpg,698,95,931,327,-1,-1
00000039.jpg,695,98,928,330,-1,-1
00000040.jpg,690,97,923,329,-1,-1
00000041.jpg,689,99,922,331,-1,-1
00000042.jpg,689,99,922,331,-1,-1
00000043.jpg,689,99,922,331,-1,-1
00000044.jpg,689,99,922,331,-1,-1
00000045.jpg,694,104,927,336,-1,-1
00000046.jpg,693,103,926,335,-1,-1
00000047.jpg,692,99,925,331,-1,-1
00000048.jpg,695,97,928,329,-1,-1
00000049.jpg,697,71,930,303,-1,-1
00000050.jpg,696,69,929,301,-1,-1
00000051.jpg,695,69,928,301,-1,-1
00000052.jpg,695,69,928,301,-1,-1
00000053.jpg,696,70,929,302,-1,-1
00000054.jpg,697,70,930,302,-1,-1
00000055.jpg,707,80,940,312,-1,-1
00000056.jpg,708,81,941,313,398,358
00000057.jpg,708,80,941,312,421,149
00000058.jpg,705,76,938,308,416,149
00000059.jpg,704,73,937,305,413,149
00000060.jpg,700,82,933,314,406,151
00000061.jpg,698,86,931,318,405,149
00000062.jpg,697,86,930,318,396,149
00000063.jpg,697,85,930,317,388,151
00000064.jpg,698,84,931,316,384,152
00000065.jpg,699,83,932,315,381,154
00000066.jpg,698,80,931,312,376,156
00000067.jpg,697,80,930,312,375,156
00000068.jpg,697,80,930,312,372,156
00000069.jpg,697,79,930,311,367,154
00000070.jpg,697,79,930,311,362,153
00000071.jpg,697,79,930,311,359,153
00000072.jpg,697,78,930,310,350,152
00000073.jpg,697,78,930,310,350,152
00000074.jpg,697,78,930,310,350,152
