00006569.jpg,39,54,287,322,-1,-1
00006570.jpg,39,54,287,322,-1,-1
00006571.jpg,39,54,287,322,-1,-1
00006572.jpg,39,54,287,322,-1,-1
00006573.jpg,38,52,286,320,-1,-1
00006574.jpg,35,51,283,319,-1,-1
00006575.jpg,33,50,281,318,-1,-1
00006576.jpg,33,49,281,317,-1,-1
00006577.jpg,34,49,282,317,-1,-1
00006578.jpg,35,51,283,319,-1,-1
00006579.jpg,38,53,286,321,-1,-1
00006580.jpg,39,55,287,323,-1,-1
00006581.jpg,39,58,287,326,-1,-1
00006582.jpg,39,60,287,328,-1,-1
00006583.jpg,39,60,287,328,-1,-1
00006584.jpg,36,58,284,326,-1,-1
00006585.jpg,31,57,279,325,-1,-1
00006586.jpg,27,55,275,323,-1,-1
00006587.jpg,21,53,269,321,-1,-1
00006588.jpg,16,50,264,318,-1,-1
00006589.jpg,12,47,260,315,-1,-1
00006590.jpg,8,45,256,313,-1,-1
00006591.jpg,5,43,253,311,-1,-1
00006592.jpg,2,42,250,310,-1,-1
00006593.jpg,0,41,248,309,-1,-1
00006594.jpg,0,40,248,308,-1,-1
00006595.jpg,0,40,248,308,-1,-1
00006596.jpg,0,40,248,308,-1,-1
00006597.jpg,0,40,248,308,-1,-1
00006598.jpg,0,39,248,307,-1,-1
00006599.jpg,0,39,248,307,-1,-1
00006600.jpg,0,40,248,308,-1,-1
00006601.jpg,0,40,248,308,-1,-1
00006602.jpg,0,40,248,308,-1,-1
00006603.jpg,0,40,248,308,-1,-1
00006604.jpg,0,40,248,308,-1,-1
00006605.jpg,0,41,248,309,-1,-1
00006606.jpg,0,41,248,309,-1,-1
00006607.jpg,0,41,248,309,-1,-1
00006608.jpg,0,41,248,309,-1,-1
00006609.jpg,0,41,248,309,-1,-1
00006610.jpg,0,41,248,309,-1,-1
00006611.jpg,0,41,248,309,-1,-1
00006612.jpg,0,40,248,308,-1,-1
00006613.jpg,0,39,248,307,-1,-1
00006614.jpg,0,37,248,305,-1,-1
00006615.jpg,0,35,248,303,-1,-1
00006616.jpg,0,32,248,300,-1,-1
00006617.jpg,0,21,238,304,-1,-1
00006618.jpg,0,19,231,302,-1,-1
00006619.jpg,0,16,229,300,-1,-1
00006620.jpg,0,14,221,301,-1,-1
00006621.jpg,0,14,220,297,-1,-1
00006622.jpg,0,10,217,300,-1,-1
00006623.jpg,0,10,214,302,-1,-1
00006624.jpg,0,9,209,299,-1,-1
00006625.jpg,0,8,207,298,-1,-1
00006626.jpg,0,5,201,300,-1,-1
00006627.jpg,0,6,198,300,-1,-1
00006628.jpg,0,6,196,298,343,416
00006629.jpg,0,8,194,297,345,410
00006630.jpg,0,9,194,295,345,392
00006631.jpg,0,9,194,295,344,384
00006632.jpg,0,9,194,295,344,380
00006633.jpg,0,10,193,292,344,376
00006634.jpg,0,11,192,290,343,372
00006635.jpg,0,14,194,287,339,366
00006636.jpg,0,12,191,287,339,366
00006637.jpg,0,10,191,288,334,365
00006638.jpg,0,10,190,287,330,363
00006639.jpg,0,11,192,289,328,362
00006640.jpg,0,12,192,288,327,362
00006641.jpg,0,12,193,286,327,362
00006642.jpg,0,12,193,286,327,361
