00000001.jpg,99,118,522,573,953,671
00000002.jpg,99,118,522,573,954,671
00000003.jpg,99,118,522,573,955,671
00000004.jpg,99,118,522,573,955,671
00000005.jpg,101,118,524,573,955,671
00000006.jpg,102,119,525,574,955,671
00000007.jpg,103,119,526,574,955,671
00000008.jpg,104,118,527,573,955,671
00000009.jpg,104,118,527,573,955,671
00000010.jpg,104,118,527,573,955,671
00000011.jpg,104,118,527,573,955,671
00000012.jpg,105,118,528,573,955,671
00000013.jpg,105,118,528,573,955,671
00000014.jpg,106,119,529,574,955,671
00000015.jpg,105,119,528,574,955,671
00000016.jpg,105,119,528,574,955,671
00000017.jpg,105,119,528,574,833,614
00000018.jpg,104,118,527,573,817,278
00000019.jpg,103,118,526,573,816,271
00000020.jpg,103,118,526,573,821,261
00000021.jpg,103,118,526,573,821,261
00000022.jpg,104,119,527,574,825,261
00000023.jpg,105,119,528,574,827,267
00000024.jpg,105,119,528,574,828,269
00000025.jpg,105,119,528,574,828,270
00000026.jpg,105,119,528,574,828,270
00000027.jpg,104,119,527,574,827,269
00000028.jpg,104,120,527,575,826,269
00000029.jpg,104,120,527,575,825,268
00000030.jpg,104,120,527,575,825,268
00000031.jpg,104,120,527,575,825,268
00000032.jpg,103,120,526,575,825,268
00000033.jpg,103,120,526,575,826,264
00000034.jpg,103,120,526,575,825,267
00000035.jpg,103,120,526,575,810,266
00000036.jpg,102,120,525,575,789,261
00000037.jpg,102,120,525,575,753,254
00000038.jpg,102,120,525,575,730,245
00000039.jpg,102,120,525,575,716,238
00000040.jpg,102,120,525,575,706,235
00000041.jpg,102,120,525,575,702,234
00000042.jpg,102,120,525,575,696,238
00000043.jpg,102,120,525,575,696,239
00000044.jpg,102,120,525,575,696,246
00000045.jpg,102,120,525,575,701,248
