00023700.jpg,1057,121,1248,332,467,245
00023701.jpg,1057,121,1248,332,467,245
00023702.jpg,1051,125,1242,336,498,257
00023703.jpg,1047,127,1238,338,512,260
00023704.jpg,1047,127,1238,338,511,257
00023705.jpg,1049,123,1240,334,511,251
00023706.jpg,1053,116,1244,327,510,251
00023707.jpg,1049,107,1262,341,502,248
00023708.jpg,1049,107,1262,341,490,244
00023709.jpg,1049,107,1262,341,490,244
00023710.jpg,1057,99,1270,333,472,240
00023711.jpg,1064,69,1305,330,458,233
00023712.jpg,1064,69,1305,330,443,225
00023713.jpg,1068,59,1309,320,424,216
00023714.jpg,1068,59,1309,320,426,216
00023715.jpg,1067,38,1330,329,419,217
00023716.jpg,1067,38,1330,329,431,231
00023717.jpg,1056,50,1319,341,447,243
00023718.jpg,1022,72,1275,374,468,251
00023719.jpg,1022,72,1275,374,466,249
00023720.jpg,1008,75,1261,377,486,248
00023721.jpg,997,75,1250,377,511,237
00023722.jpg,993,74,1246,376,530,217
00023723.jpg,988,73,1241,375,556,203
00023724.jpg,979,81,1231,366,559,207
00023725.jpg,979,81,1231,366,574,201
00023726.jpg,972,77,1224,362,582,203
00023727.jpg,961,74,1213,359,591,208
00023728.jpg,950,77,1202,362,598,212
00023729.jpg,950,77,1202,362,598,213
00023730.jpg,944,84,1196,369,600,223
00023731.jpg,941,90,1193,375,600,228
00023732.jpg,942,90,1194,375,586,223
00023733.jpg,944,86,1196,371,563,213
00023734.jpg,944,86,1196,371,563,213
00023735.jpg,949,85,1201,370,539,207
00023736.jpg,957,93,1209,378,518,205
00023737.jpg,968,102,1220,387,498,212
00023738.jpg,982,112,1234,397,470,232
00023739.jpg,982,112,1234,397,470,229
00023740.jpg,1000,118,1252,403,448,260
00023741.jpg,1020,119,1272,404,420,284
00023742.jpg,1042,115,1294,400,395,300
00023743.jpg,1065,108,1317,393,374,304
00023744.jpg,1065,108,1317,393,374,301
00023745.jpg,1087,99,1339,384,368,301
00023746.jpg,1104,91,1356,376,374,284
00023747.jpg,1117,84,1369,369,375,259
00023748.jpg,1125,79,1377,364,396,235
00023749.jpg,1125,79,1377,364,398,233
00023750.jpg,1130,77,1382,362,427,229
00023751.jpg,1139,82,1364,348,504,219
00023752.jpg,1139,82,1364,348,572,219
00023753.jpg,1140,86,1365,352,602,220
00023754.jpg,1140,86,1365,352,602,228
00023755.jpg,1133,107,1351,352,635,225
00023756.jpg,1133,107,1351,352,767,224
00023757.jpg,1120,115,1338,360,790,224
00023758.jpg,1107,109,1325,354,811,203
00023759.jpg,1107,109,1325,354,814,200
00023760.jpg,1096,98,1314,343,822,189
00023761.jpg,1090,87,1308,332,842,189
00023762.jpg,1085,80,1306,325,879,185
00023763.jpg,1085,80,1306,325,900,184
00023764.jpg,1085,80,1306,325,900,184
00023765.jpg,1087,74,1308,319,934,187
00023766.jpg,1089,77,1310,322,956,188
00023767.jpg,1089,86,1310,331,979,200
00023768.jpg,1092,99,1313,344,1008,199
00023769.jpg,1092,99,1313,344,1004,201
00023770.jpg,1095,112,1316,357,1022,209
00023771.jpg,1096,121,1317,366,1044,221
00023772.jpg,1095,125,1316,370,1052,228
00023773.jpg,1092,122,1313,367,1079,231
00023774.jpg,1092,122,1313,367,1078,231
00023775.jpg,1087,114,1308,359,1078,231
00023776.jpg,1080,99,1289,346,1078,223
00023777.jpg,1080,99,1289,346,1080,220
00023778.jpg,1083,97,1292,344,1092,215
00023779.jpg,1083,97,1292,344,1099,213
00023780.jpg,1083,97,1292,344,1102,213
