00000864.jpg,1384,97,1663,424,-1,-1
00000865.jpg,1384,97,1663,424,-1,-1
00000866.jpg,1384,97,1663,424,-1,-1
00000867.jpg,1384,97,1663,424,-1,-1
00000868.jpg,1380,104,1659,431,-1,-1
00000869.jpg,1377,111,1656,438,-1,-1
00000870.jpg,1373,116,1652,443,-1,-1
00000871.jpg,1373,116,1652,443,-1,-1
00000872.jpg,1366,120,1645,447,-1,-1
00000873.jpg,1359,120,1638,447,-1,-1
00000874.jpg,1351,118,1630,445,-1,-1
00000875.jpg,1344,115,1623,442,-1,-1
00000876.jpg,1344,115,1623,442,-1,-1
00000877.jpg,1339,114,1618,441,-1,-1
00000878.jpg,1333,115,1612,442,-1,-1
00000879.jpg,1330,114,1609,441,-1,-1
00000880.jpg,1326,110,1605,437,-1,-1
00000881.jpg,1326,110,1605,437,-1,-1
00000882.jpg,1322,106,1601,433,-1,-1
00000883.jpg,1321,103,1600,430,-1,-1
00000884.jpg,1316,101,1595,428,-1,-1
00000885.jpg,1316,101,1595,428,-1,-1
00000886.jpg,1316,101,1595,428,-1,-1
00000887.jpg,1312,102,1591,429,-1,-1
00000888.jpg,1310,104,1589,431,-1,-1
00000889.jpg,1314,107,1593,434,-1,-1
00000890.jpg,1318,109,1597,436,-1,-1
00000891.jpg,1318,109,1597,436,-1,-1
00000892.jpg,1323,110,1602,437,-1,-1
00000893.jpg,1329,111,1608,438,-1,-1
00000894.jpg,1337,109,1616,436,-1,-1
00000895.jpg,1341,107,1620,434,-1,-1
00000896.jpg,1341,107,1620,434,-1,-1
00000897.jpg,1346,106,1625,433,-1,-1
00000898.jpg,1348,104,1627,431,-1,-1
00000899.jpg,1345,101,1624,428,-1,-1
00000900.jpg,1345,101,1624,428,-1,-1
