00032319.jpg,108,3,765,620,983,284
00032320.jpg,108,3,765,620,983,286
00032321.jpg,108,3,765,620,977,289
00032322.jpg,108,3,765,620,976,289
00032323.jpg,108,1,765,618,976,290
00032324.jpg,107,0,764,617,971,292
00032325.jpg,106,0,763,617,967,295
00032326.jpg,106,0,763,617,966,298
00032327.jpg,106,0,763,617,959,300
00032328.jpg,107,0,764,617,964,298
00032329.jpg,109,0,766,617,964,298
00032330.jpg,113,0,770,617,964,296
00032331.jpg,116,0,773,617,968,289
00032332.jpg,119,0,776,617,966,289
00032333.jpg,123,0,780,617,951,288
00032334.jpg,127,0,784,617,946,284
00032335.jpg,130,0,787,617,921,283
00032336.jpg,133,0,790,617,932,284
00032337.jpg,137,0,794,617,932,284
00032338.jpg,140,0,797,617,932,284
00032339.jpg,142,0,799,617,938,293
00032340.jpg,144,0,801,617,939,294
00032341.jpg,145,0,802,617,946,298
00032342.jpg,146,0,803,617,948,302
00032343.jpg,147,0,804,617,950,306
00032344.jpg,148,0,805,617,952,309
00032345.jpg,149,0,806,617,955,313
00032346.jpg,150,0,807,617,956,315
00032347.jpg,150,0,807,617,960,316
00032348.jpg,151,0,808,617,970,316
00032349.jpg,150,0,807,617,979,317
00032350.jpg,151,0,808,617,979,318
00032351.jpg,152,0,809,617,985,319
00032352.jpg,152,0,809,617,992,320
00032353.jpg,153,0,810,617,996,321
00032354.jpg,155,0,812,617,996,321
00032355.jpg,156,0,813,617,1003,321
00032356.jpg,157,0,814,617,1005,322
00032357.jpg,158,0,815,617,1005,324
00032358.jpg,158,0,815,617,1005,324
00032359.jpg,159,0,816,617,1005,324
00032360.jpg,158,0,815,617,1005,324
00032361.jpg,158,0,815,617,1005,324
00032362.jpg,156,0,813,617,1001,329
00032363.jpg,155,0,812,617,996,333
00032364.jpg,153,0,810,617,1000,334
00032365.jpg,152,0,809,617,1000,334
00032366.jpg,149,0,806,617,1005,338
00032367.jpg,148,0,805,617,1008,343
00032368.jpg,147,0,804,617,1028,354
00032369.jpg,146,0,803,617,1034,354
00032370.jpg,146,0,803,617,1037,354
00032371.jpg,145,0,802,617,1038,354
00032372.jpg,146,0,803,617,1042,355
00032373.jpg,147,0,804,617,1047,356
00032374.jpg,149,0,806,617,1048,356
00032375.jpg,149,0,806,617,1048,356
00032376.jpg,150,0,807,617,1048,356
00032377.jpg,151,0,808,617,1048,356
00032378.jpg,152,0,809,617,1048,358
00032379.jpg,154,0,811,617,1052,368
00032380.jpg,156,0,813,617,1052,368
00032381.jpg,157,0,814,617,1055,371
00032382.jpg,158,0,815,617,1056,374
00032383.jpg,158,0,815,617,1058,374
00032384.jpg,158,0,815,617,1058,378
00032385.jpg,158,0,815,617,1060,381
00032386.jpg,158,0,815,617,1060,381
00032387.jpg,159,0,816,617,1060,383
00032388.jpg,159,0,816,617,1060,383
00032389.jpg,161,0,818,617,1056,383
00032390.jpg,162,0,819,617,1051,382
00032391.jpg,163,0,820,617,1050,382
00032392.jpg,164,0,821,617,1048,381
00032393.jpg,165,0,822,617,1048,381
00032394.jpg,166,0,823,617,1046,381
00032395.jpg,168,0,825,617,1045,381
00032396.jpg,169,0,826,617,1042,386
00032397.jpg,172,1,829,618,1042,388
00032398.jpg,177,5,834,622,-1,-1
00032399.jpg,197,1,829,582,-1,-1
00032400.jpg,197,1,829,582,-1,-1
00032401.jpg,198,1,830,582,-1,-1
00032402.jpg,199,1,831,582,-1,-1
00032403.jpg,200,1,832,582,-1,-1
00032404.jpg,202,3,834,584,-1,-1
00032405.jpg,202,5,834,586,-1,-1
00032406.jpg,203,0,835,581,-1,-1
00032407.jpg,204,8,836,589,-1,-1
00032408.jpg,204,2,836,583,-1,-1
00032409.jpg,204,1,836,582,-1,-1
00032410.jpg,258,3,895,595,-1,-1
00032411.jpg,258,3,895,595,-1,-1
00032412.jpg,261,4,898,596,-1,-1
00032413.jpg,261,4,898,596,-1,-1
00032414.jpg,319,1,927,599,-1,-1
00032415.jpg,319,1,927,599,-1,-1
00032416.jpg,319,1,927,599,-1,-1
