00002100.jpg,376,6,516,130,217,55
00002101.jpg,376,6,516,130,216,58
00002102.jpg,375,5,515,129,217,57
00002103.jpg,375,2,515,126,215,56
00002104.jpg,375,2,515,126,216,54
00002105.jpg,375,1,515,125,213,54
00002106.jpg,374,0,514,124,213,53
00002107.jpg,374,0,514,124,212,50
00002108.jpg,371,0,511,124,205,50
00002109.jpg,371,0,511,124,205,50
00002110.jpg,371,0,511,124,205,50
00002111.jpg,370,0,510,124,201,49
00002112.jpg,368,0,508,124,203,49
00002113.jpg,368,0,508,124,199,48
00002114.jpg,368,0,508,124,199,48
00002115.jpg,368,0,508,124,196,46
00002116.jpg,368,0,508,124,195,45
00002117.jpg,367,0,507,124,192,46
00002118.jpg,367,0,507,124,189,46
00002119.jpg,367,0,507,124,189,46
00002120.jpg,367,0,507,124,185,43
00002121.jpg,366,0,506,124,184,43
00002122.jpg,367,0,507,124,182,43
00002123.jpg,366,5,494,117,179,43
00002124.jpg,366,5,494,117,176,43
00002125.jpg,366,5,494,117,175,43
00002126.jpg,365,6,493,118,175,43
00002127.jpg,365,7,493,119,175,44
00002128.jpg,365,7,493,119,177,44
00002129.jpg,364,8,492,120,176,45
00002130.jpg,364,9,492,121,176,46
00002131.jpg,364,9,492,121,176,48
00002132.jpg,365,9,493,123,175,48
00002133.jpg,364,9,492,126,174,48
00002134.jpg,363,9,491,129,168,49
00002135.jpg,362,9,490,132,167,51
00002136.jpg,362,9,490,132,165,53
00002137.jpg,361,9,489,135,167,52
00002138.jpg,361,9,489,137,163,53
00002139.jpg,361,9,489,137,159,59
00002140.jpg,362,9,490,137,158,60
00002141.jpg,362,9,490,137,158,60
00002142.jpg,365,9,493,137,155,59
00002143.jpg,368,9,496,137,154,59
00002144.jpg,372,9,500,136,154,59
00002145.jpg,377,9,505,136,154,59
00002146.jpg,377,9,505,136,155,59
00002147.jpg,381,9,509,136,156,60
00002148.jpg,384,9,512,136,157,61
00002149.jpg,386,9,514,136,156,61
00002150.jpg,388,9,516,137,155,60
00002151.jpg,388,9,516,137,155,60
00002152.jpg,390,9,518,137,154,61
00002153.jpg,393,7,520,130,154,62
00002154.jpg,393,7,520,130,154,63
00002155.jpg,397,7,524,130,154,63
00002156.jpg,397,7,524,130,153,64
00002157.jpg,400,7,527,130,154,63
00002158.jpg,403,6,530,129,154,65
00002159.jpg,405,6,532,129,153,63
00002160.jpg,406,6,533,129,153,63
00002161.jpg,406,6,533,129,153,65
00002162.jpg,408,6,535,129,153,66
00002163.jpg,410,6,537,129,153,67
00002164.jpg,412,6,539,129,153,69
00002165.jpg,416,6,543,129,152,71
00002166.jpg,416,6,543,129,153,71
00002167.jpg,419,6,546,129,153,71
00002168.jpg,421,6,548,129,153,71
00002169.jpg,424,6,551,129,155,71
00002170.jpg,427,6,554,129,157,71
00002171.jpg,427,6,554,129,157,71
00002172.jpg,429,6,556,129,158,70
00002173.jpg,432,6,559,129,159,71
00002174.jpg,435,7,562,130,159,70
00002175.jpg,437,7,564,130,162,70
00002176.jpg,448,6,574,127,162,70
00002177.jpg,448,6,574,127,163,70
00002178.jpg,450,7,576,128,164,70
00002179.jpg,450,8,576,129,165,69
00002180.jpg,451,9,577,130,166,69
00002181.jpg,451,9,577,130,166,70
00002182.jpg,450,9,576,132,167,70
00002183.jpg,450,9,576,133,167,71
00002184.jpg,449,9,575,135,167,73
00002185.jpg,449,9,575,136,167,74
00002186.jpg,449,9,575,136,167,74
00002187.jpg,448,9,574,138,167,78
00002188.jpg,446,9,572,139,167,79
00002189.jpg,446,9,572,139,167,79
00002190.jpg,445,9,571,139,167,79
00002191.jpg,443,9,569,140,166,81
00002192.jpg,441,9,567,140,166,83
00002193.jpg,439,9,565,140,164,86
00002194.jpg,439,9,565,140,163,86
00002195.jpg,437,9,563,140,163,85
00002196.jpg,435,9,561,139,161,83
00002197.jpg,433,9,559,139,160,83
00002198.jpg,432,9,558,138,159,80
00002199.jpg,432,9,558,138,159,80
00002200.jpg,429,9,555,137,158,79
00002201.jpg,427,9,553,136,156,77
00002202.jpg,425,9,551,135,155,77
00002203.jpg,425,9,551,135,153,76
00002204.jpg,423,9,549,135,153,76
00002205.jpg,422,9,548,134,152,75
00002206.jpg,421,9,547,134,152,74
00002207.jpg,421,9,547,133,154,74
00002208.jpg,421,9,547,133,154,74
00002209.jpg,421,9,547,132,155,74
00002210.jpg,421,9,547,132,155,74
00002211.jpg,420,9,546,132,157,74
00002212.jpg,421,7,547,128,157,73
00002213.jpg,421,7,547,128,157,73
00002214.jpg,421,7,547,128,157,73
00002215.jpg,421,6,547,127,157,73
00002216.jpg,421,6,547,127,161,72
00002217.jpg,421,6,547,127,161,72
00002218.jpg,419,6,545,127,163,71
00002219.jpg,418,6,544,127,163,71
00002220.jpg,416,6,542,127,163,71
00002221.jpg,415,5,541,126,164,70
00002222.jpg,415,5,541,126,164,70
00002223.jpg,415,5,541,126,163,69
00002224.jpg,415,4,541,125,165,69
00002225.jpg,415,4,541,125,165,69
00002226.jpg,414,4,540,125,165,68
00002227.jpg,414,4,540,125,165,68
00002228.jpg,414,4,540,125,165,67
00002229.jpg,413,4,539,125,166,67
00002230.jpg,418,4,544,125,166,65
00002231.jpg,418,4,544,125,166,66
00002232.jpg,418,4,544,125,166,65
00002233.jpg,418,4,544,125,166,64
