00015180.jpg,667,187,1194,780,-1,-1
00015181.jpg,667,187,1194,780,-1,-1
00015182.jpg,667,187,1194,780,-1,-1
00015183.jpg,667,187,1194,780,-1,-1
00015184.jpg,661,181,1188,774,1173,284
00015185.jpg,666,188,1193,781,1181,286
00015186.jpg,675,195,1202,788,1196,298
00015187.jpg,675,195,1202,788,1196,298
00015188.jpg,673,202,1200,795,1197,306
00015189.jpg,674,208,1201,801,1194,316
00015190.jpg,675,207,1202,800,1194,316
00015191.jpg,675,202,1202,795,1192,309
00015192.jpg,676,206,1203,799,1202,302
00015193.jpg,669,194,1196,787,-1,-1
00015194.jpg,650,194,1177,787,-1,-1
00015195.jpg,634,201,1161,794,-1,-1
00015196.jpg,583,169,1090,772,-1,-1
00015197.jpg,583,169,1090,772,-1,-1
00015198.jpg,580,193,1087,796,-1,-1
00015199.jpg,602,216,1109,819,-1,-1
00015200.jpg,620,209,1127,812,-1,-1
00015201.jpg,557,215,1140,832,-1,-1
00015202.jpg,557,215,1140,832,-1,-1
00015203.jpg,567,202,1150,819,-1,-1
00015204.jpg,559,203,1142,820,-1,-1
00015205.jpg,550,207,1133,824,-1,-1
00015206.jpg,550,207,1133,824,-1,-1
00015207.jpg,539,204,1122,821,-1,-1
00015208.jpg,529,199,1112,816,-1,-1
00015209.jpg,518,200,1101,817,-1,-1
00015210.jpg,517,201,1100,818,-1,-1
00015211.jpg,517,201,1100,818,-1,-1
00015212.jpg,530,201,1113,818,-1,-1
00015213.jpg,538,199,1121,816,-1,-1
00015214.jpg,543,203,1126,820,-1,-1
00015215.jpg,550,209,1133,826,-1,-1
00015216.jpg,550,209,1133,826,-1,-1
00015217.jpg,549,204,1132,821,-1,-1
00015218.jpg,536,189,1119,806,-1,-1
00015219.jpg,520,182,1103,799,-1,-1
00015220.jpg,516,192,1099,809,-1,-1
00015221.jpg,555,165,1158,826,-1,-1
00015222.jpg,555,165,1158,826,-1,-1
00015223.jpg,555,157,1158,818,-1,-1
00015224.jpg,561,163,1164,824,-1,-1
00015225.jpg,575,167,1178,828,-1,-1
00015226.jpg,575,167,1178,828,-1,-1
00015227.jpg,586,165,1189,826,-1,-1
00015228.jpg,588,158,1191,819,1194,304
00015229.jpg,576,152,1179,813,1180,308
00015230.jpg,561,160,1164,821,1176,326
00015231.jpg,561,160,1164,821,1173,326
00015232.jpg,555,168,1158,829,1168,357
00015233.jpg,562,174,1165,835,1174,386
00015234.jpg,584,183,1187,844,1196,409
00015235.jpg,601,186,1204,847,1213,428
00015236.jpg,601,186,1204,847,1214,428
00015237.jpg,602,175,1205,836,1216,426
00015238.jpg,590,166,1193,827,1198,421
00015239.jpg,573,162,1176,823,1180,410
00015240.jpg,568,167,1171,828,1177,428
00015241.jpg,568,167,1171,828,1177,429
00015242.jpg,571,167,1174,828,1176,433
00015243.jpg,560,166,1163,827,1165,432
00015244.jpg,547,178,1150,839,1158,432
00015245.jpg,533,191,1136,852,1146,432
00015246.jpg,533,191,1136,852,1150,432
00015247.jpg,532,193,1135,854,1161,420
00015248.jpg,542,174,1145,835,1177,392
00015249.jpg,556,155,1159,816,1198,365
00015250.jpg,571,146,1174,807,1214,342
00015251.jpg,571,146,1174,807,1217,344
00015252.jpg,577,147,1180,808,1218,338
00015253.jpg,562,145,1165,806,1200,332
00015254.jpg,538,155,1141,816,1169,332
00015255.jpg,515,167,1118,828,1141,338
00015256.jpg,515,167,1118,828,1141,338
00015257.jpg,501,170,1104,831,1124,330
00015258.jpg,499,167,1102,828,1122,324
00015259.jpg,508,180,1111,841,1136,316
00015260.jpg,523,182,1126,843,1157,305
00015261.jpg,525,170,1128,831,1157,305
00015262.jpg,543,179,1146,840,1182,302
00015263.jpg,559,181,1162,842,1201,305
00015264.jpg,548,173,1151,834,1194,296
00015265.jpg,522,164,1125,825,1168,285
00015266.jpg,522,164,1125,825,1168,285
00015267.jpg,505,160,1108,821,1153,286
00015268.jpg,505,160,1108,821,1153,286
00015269.jpg,509,159,1112,820,1160,282
00015270.jpg,511,162,1114,823,1160,282
00015271.jpg,511,162,1114,823,1160,282
00015272.jpg,516,178,1119,839,1168,302
00015273.jpg,534,185,1137,846,1182,313
00015274.jpg,543,184,1146,845,-1,-1
00015275.jpg,543,181,1146,842,-1,-1
00015276.jpg,543,181,1146,842,-1,-1
00015277.jpg,533,181,1136,842,1181,320
00015278.jpg,520,178,1123,839,1165,317
00015279.jpg,512,176,1115,837,1160,312
00015280.jpg,515,177,1118,838,1158,301
00015281.jpg,515,177,1118,838,1161,300
00015282.jpg,529,175,1132,836,1168,298
00015283.jpg,539,178,1142,839,1172,298
00015284.jpg,536,179,1139,840,1160,290
00015285.jpg,520,181,1123,842,1140,281
00015286.jpg,520,181,1123,842,1140,280
00015287.jpg,505,182,1108,843,1126,268
00015288.jpg,503,183,1106,844,1126,266
00015289.jpg,507,186,1110,847,1133,264
00015290.jpg,516,178,1119,839,1149,261
00015291.jpg,516,178,1119,839,1149,261
00015292.jpg,527,177,1130,838,1168,265
00015293.jpg,528,177,1131,838,1172,269
00015294.jpg,519,180,1122,841,1160,277
00015295.jpg,504,175,1107,836,1146,274
00015296.jpg,504,175,1107,836,1146,274
00015297.jpg,499,178,1102,839,1138,286
00015298.jpg,505,186,1108,847,1144,285
00015299.jpg,519,188,1122,849,1154,289
00015300.jpg,530,187,1133,848,1161,293
00015301.jpg,530,187,1133,848,1158,289
00015302.jpg,537,186,1140,847,1158,293
00015303.jpg,539,191,1142,852,1152,306
00015304.jpg,531,192,1134,853,1133,314
00015305.jpg,520,193,1123,854,1116,328
00015306.jpg,520,193,1123,854,1113,328
00015307.jpg,517,198,1120,859,1105,334
00015308.jpg,521,198,1124,859,1102,348
00015309.jpg,522,195,1125,856,1096,362
00015310.jpg,521,191,1124,852,1077,378
00015311.jpg,521,191,1124,852,1100,374
00015312.jpg,519,190,1122,851,1065,404
00015313.jpg,541,194,1061,828,1052,429
00015314.jpg,541,194,1061,828,1049,437
00015315.jpg,541,194,1061,828,1049,448
00015316.jpg,541,194,1061,828,1046,449
00015317.jpg,549,196,1069,830,1053,461
00015318.jpg,559,196,1079,830,1076,476
00015319.jpg,570,188,1090,822,1089,476
00015320.jpg,570,170,1090,804,1092,472
00015321.jpg,570,170,1090,804,1092,466
00015322.jpg,557,164,1077,798,1077,461
00015323.jpg,545,171,1065,805,1065,464
00015324.jpg,543,187,1063,821,1062,472
00015325.jpg,554,190,1074,824,1085,473
00015326.jpg,554,190,1074,824,1084,473
00015327.jpg,569,181,1089,815,1108,461
00015328.jpg,591,164,1111,798,1134,444
00015329.jpg,606,138,1126,772,1146,416
00015330.jpg,603,129,1123,763,1144,417
00015331.jpg,603,129,1123,763,1144,417
00015332.jpg,590,145,1110,779,1141,425
00015333.jpg,575,166,1095,800,-1,-1
00015334.jpg,570,171,1090,805,-1,-1
00015335.jpg,567,168,1087,802,-1,-1
00015336.jpg,567,168,1087,802,-1,-1
00015337.jpg,565,157,1085,791,1128,438
00015338.jpg,563,157,1083,791,1128,436
00015339.jpg,563,161,1083,795,1130,434
00015340.jpg,554,159,1074,793,1125,432
00015341.jpg,554,159,1074,793,1121,432
00015342.jpg,488,158,1059,781,1114,434
00015343.jpg,488,158,1059,781,1108,429
00015344.jpg,482,153,1053,776,-1,-1
00015345.jpg,472,154,1043,777,-1,-1
00015346.jpg,472,154,1043,777,-1,-1
00015347.jpg,466,152,1037,775,-1,-1
00015348.jpg,419,164,1050,785,-1,-1
00015349.jpg,419,164,1050,785,1097,414
00015350.jpg,420,166,1051,787,1097,417
00015351.jpg,420,166,1051,787,1097,418
00015352.jpg,429,171,1060,792,1101,426
00015353.jpg,435,169,1066,790,1102,426
00015354.jpg,435,167,1066,788,1104,425
00015355.jpg,426,167,1057,788,1097,421
00015356.jpg,426,167,1057,788,1096,421
00015357.jpg,415,160,1046,781,-1,-1
00015358.jpg,418,165,1049,786,-1,-1
00015359.jpg,433,171,1064,792,-1,-1
00015360.jpg,439,171,1070,792,1104,422
00015361.jpg,439,171,1070,792,1104,422
00015362.jpg,441,177,1072,798,1104,422
00015363.jpg,438,179,1069,800,1104,422
00015364.jpg,436,177,1067,798,1104,417
00015365.jpg,434,175,1065,796,1108,408
00015366.jpg,434,175,1065,796,1110,405
00015367.jpg,432,175,1063,796,1108,400
00015368.jpg,443,178,1074,799,1114,392
00015369.jpg,451,180,1082,801,1121,369
00015370.jpg,447,181,1078,802,1117,348
00015371.jpg,447,181,1078,802,1117,342
00015372.jpg,450,187,1081,808,1122,334
00015373.jpg,460,187,1091,808,1156,309
00015374.jpg,454,177,1085,798,1169,294
00015375.jpg,448,174,1079,795,1169,293
00015376.jpg,448,174,1079,795,1169,293
00015377.jpg,443,168,1074,789,1169,296
00015378.jpg,436,168,1067,789,1144,297
00015379.jpg,437,173,1068,794,1134,297
00015380.jpg,452,169,1083,790,1145,293
00015381.jpg,452,169,1083,790,1149,292
00015382.jpg,471,157,1102,778,1164,292
00015383.jpg,472,150,1103,771,1166,292
00015384.jpg,466,156,1097,777,1158,308
00015385.jpg,453,161,1084,782,1140,304
00015386.jpg,453,161,1084,782,1140,304
00015387.jpg,444,161,1075,782,1140,304
00015388.jpg,447,163,1078,784,1140,298
00015389.jpg,455,163,1086,784,1140,297
00015390.jpg,456,164,1087,785,1149,302
00015391.jpg,456,164,1087,785,1149,302
00015392.jpg,449,164,1080,785,1142,302
00015393.jpg,441,164,1072,785,1124,305
00015394.jpg,442,163,1073,784,1125,296
00015395.jpg,447,163,1078,784,1137,296
00015396.jpg,447,163,1078,784,1137,296
00015397.jpg,456,167,1087,788,1145,304
00015398.jpg,468,172,1099,793,1156,318
00015399.jpg,468,170,1099,791,1157,328
00015400.jpg,456,160,1087,781,1141,324
00015401.jpg,457,161,1088,782,1133,324
00015402.jpg,450,162,1081,783,1126,328
00015403.jpg,446,160,1077,781,1120,318
00015404.jpg,436,158,1067,779,1118,310
00015405.jpg,438,171,1069,792,1116,318
00015406.jpg,438,171,1069,792,1116,318
00015407.jpg,454,179,1085,800,1133,332
00015408.jpg,482,176,1113,797,1158,337
00015409.jpg,507,167,1138,788,-1,-1
00015410.jpg,510,159,1141,780,-1,-1
00015411.jpg,510,159,1141,780,-1,-1
00015412.jpg,496,158,1127,779,-1,-1
00015413.jpg,470,158,1101,779,-1,-1
00015414.jpg,447,160,1078,781,-1,-1
00015415.jpg,440,160,1071,781,-1,-1
00015416.jpg,440,160,1071,781,-1,-1
00015417.jpg,451,154,1082,775,1118,329
00015418.jpg,468,137,1099,758,1121,321
00015419.jpg,476,123,1107,744,1125,313
00015420.jpg,476,120,1107,741,1126,308
00015421.jpg,476,120,1107,741,1126,306
00015422.jpg,475,126,1106,747,-1,-1
00015423.jpg,469,138,1100,759,-1,-1
00015424.jpg,457,142,1088,763,-1,-1
00015425.jpg,445,143,1076,764,-1,-1
00015426.jpg,445,143,1076,764,-1,-1
00015427.jpg,440,144,1071,765,1104,312
00015428.jpg,448,146,1079,767,1105,312
00015429.jpg,469,153,1100,774,1117,316
00015430.jpg,490,159,1121,780,1133,318
00015431.jpg,490,159,1121,780,1137,320
00015432.jpg,500,160,1131,781,1146,324
00015433.jpg,499,161,1130,782,-1,-1
00015434.jpg,486,159,1117,780,-1,-1
00015435.jpg,476,156,1107,777,-1,-1
00015436.jpg,475,156,1106,777,-1,-1
00015437.jpg,467,166,1098,787,-1,-1
00015438.jpg,461,172,1092,793,1126,333
00015439.jpg,460,174,1091,795,1126,332
00015440.jpg,454,169,1085,790,1126,320
00015441.jpg,454,169,1085,790,1122,318
00015442.jpg,454,166,1085,787,1124,309
00015443.jpg,464,169,1095,790,1133,308
00015444.jpg,477,171,1108,792,1133,308
00015445.jpg,482,163,1113,784,1145,309
00015446.jpg,482,163,1113,784,1145,309
00015447.jpg,479,157,1110,778,1146,312
00015448.jpg,471,156,1102,777,1140,318
00015449.jpg,459,157,1090,778,1122,320
00015450.jpg,457,168,1088,789,1122,326
00015451.jpg,457,168,1088,789,1122,326
00015452.jpg,464,171,1095,792,1134,325
00015453.jpg,474,172,1105,793,1136,321
00015454.jpg,472,176,1103,797,1137,321
00015455.jpg,472,176,1103,797,1138,320
00015456.jpg,465,171,1096,792,1138,320
00015457.jpg,470,166,1101,787,1138,320
00015458.jpg,481,165,1112,786,1138,320
00015459.jpg,483,161,1114,782,1146,321
00015460.jpg,483,161,1114,782,1146,321
00015461.jpg,476,158,1107,779,1146,321
00015462.jpg,454,154,1085,775,1128,318
00015463.jpg,439,161,1070,782,1125,317
00015464.jpg,433,162,1064,783,1120,308
00015465.jpg,433,162,1064,783,1114,308
00015466.jpg,434,157,1065,778,1118,300
00015467.jpg,442,159,1073,780,1118,300
00015468.jpg,451,154,1082,775,1126,305
00015469.jpg,463,150,1094,771,1132,304
00015470.jpg,463,150,1094,771,1133,308
00015471.jpg,465,144,1096,765,1133,308
00015472.jpg,456,149,1087,770,1133,308
00015473.jpg,443,164,1074,785,1116,321
00015474.jpg,432,176,1063,797,-1,-1
00015475.jpg,432,176,1063,797,-1,-1
00015476.jpg,427,179,1058,800,-1,-1
00015477.jpg,435,183,1066,804,-1,-1
00015478.jpg,450,178,1081,799,-1,-1
00015479.jpg,457,170,1088,791,-1,-1
00015480.jpg,457,170,1088,791,-1,-1
00015481.jpg,450,168,1081,789,-1,-1
00015482.jpg,430,157,1061,778,-1,-1
00015483.jpg,420,153,1051,774,-1,-1
00015484.jpg,426,168,1057,789,-1,-1
00015485.jpg,426,168,1057,789,-1,-1
00015486.jpg,444,166,1075,787,-1,-1
00015487.jpg,459,166,1090,787,-1,-1
00015488.jpg,461,165,1092,786,1145,326
00015489.jpg,455,164,1086,785,1136,326
00015490.jpg,455,164,1086,785,1133,326
00015491.jpg,450,161,1081,782,1129,317
00015492.jpg,439,154,1070,775,1120,309
00015493.jpg,438,161,1069,782,1120,314
00015494.jpg,446,167,1077,788,1120,314
00015495.jpg,446,167,1077,788,1121,317
00015496.jpg,441,167,1072,788,1118,321
00015497.jpg,433,165,1064,786,1113,320
00015498.jpg,433,161,1064,782,1113,320
00015499.jpg,437,159,1068,780,1116,316
00015500.jpg,437,159,1068,780,1116,314
00015501.jpg,441,160,1072,781,1116,314
00015502.jpg,444,160,1075,781,1118,314
00015503.jpg,448,159,1079,780,1118,320
00015504.jpg,447,157,1078,778,1118,320
00015505.jpg,447,157,1078,778,1118,320
00015506.jpg,437,155,1068,776,1105,321
00015507.jpg,426,158,1057,779,1098,322
00015508.jpg,428,160,1059,781,1097,322
00015509.jpg,439,157,1070,778,-1,-1
00015510.jpg,439,157,1070,778,-1,-1
00015511.jpg,461,153,1092,774,-1,-1
00015512.jpg,474,153,1105,774,-1,-1
00015513.jpg,476,151,1107,772,-1,-1
00015514.jpg,463,157,1094,778,-1,-1
00015515.jpg,463,157,1094,778,-1,-1
00015516.jpg,443,156,1074,777,-1,-1
00015517.jpg,422,166,1053,787,-1,-1
00015518.jpg,421,172,1052,793,-1,-1
00015519.jpg,440,168,1071,789,-1,-1
00015520.jpg,505,172,1102,806,-1,-1
00015521.jpg,505,172,1102,806,-1,-1
00015522.jpg,519,175,1116,809,-1,-1
00015523.jpg,518,168,1115,802,-1,-1
00015524.jpg,506,166,1103,800,-1,-1
00015525.jpg,506,166,1103,800,-1,-1
00015526.jpg,496,172,1093,806,-1,-1
00015527.jpg,491,171,1088,805,-1,-1
00015528.jpg,489,170,1086,804,-1,-1
00015529.jpg,489,169,1086,803,-1,-1
00015530.jpg,489,169,1086,803,-1,-1
00015531.jpg,493,170,1090,804,-1,-1
00015532.jpg,504,174,1101,808,-1,-1
00015533.jpg,500,170,1097,804,1136,324
00015534.jpg,492,172,1089,806,1122,326
00015535.jpg,492,172,1089,806,1122,326
00015536.jpg,491,176,1088,810,1124,334
00015537.jpg,491,170,1088,804,1118,330
00015538.jpg,491,163,1088,797,1121,330
00015539.jpg,490,153,1087,787,-1,-1
00015540.jpg,490,153,1087,787,-1,-1
