00016958.jpg,188,11,391,233,750,183
00016959.jpg,187,12,392,232,750,183
00016960.jpg,186,13,392,231,750,183
00016961.jpg,184,10,396,235,600,155
00016962.jpg,185,10,396,234,595,158
00016963.jpg,181,9,397,235,579,158
00016964.jpg,179,8,399,236,572,158
00016965.jpg,179,8,399,236,564,158
00016966.jpg,179,8,399,236,551,159
00016967.jpg,178,8,398,236,540,160
00016968.jpg,175,7,395,235,540,160
00016969.jpg,172,7,392,235,537,161
00016970.jpg,169,7,389,235,540,158
00016971.jpg,164,7,384,235,540,158
00016972.jpg,162,7,382,235,584,434
00016973.jpg,159,7,379,235,584,434
00016974.jpg,157,7,377,235,584,434
00016975.jpg,155,7,375,235,584,434
00016976.jpg,151,6,371,234,584,434
00016977.jpg,149,6,369,234,584,434
00016978.jpg,147,6,367,234,584,434
00016979.jpg,144,6,364,234,584,434
00016980.jpg,142,7,362,235,584,434
00016981.jpg,137,7,357,235,584,434
00016982.jpg,134,6,354,234,584,434
00016983.jpg,132,6,352,234,584,434
00016984.jpg,129,6,349,234,594,135
00016985.jpg,127,7,347,235,592,136
00016986.jpg,122,8,342,236,592,136
00016987.jpg,120,8,340,236,592,136
00016988.jpg,119,9,339,237,592,136
00016989.jpg,118,10,338,238,592,136
00016990.jpg,118,12,338,240,614,443
00016991.jpg,120,15,340,243,564,456
00016992.jpg,120,14,340,242,571,456
00016993.jpg,119,15,339,243,575,463
00016994.jpg,119,16,339,244,449,461
00016995.jpg,119,17,339,245,449,461
00016996.jpg,121,20,341,248,445,465
00016997.jpg,122,21,342,249,445,465
00016998.jpg,122,21,342,249,445,465
00016999.jpg,121,20,341,248,445,465
00017000.jpg,119,19,339,247,445,465
00017001.jpg,116,17,336,245,445,465
00017002.jpg,108,9,328,237,617,465
00017003.jpg,104,4,324,232,716,443
00017004.jpg,103,10,320,225,565,136
00017005.jpg,101,9,319,224,565,136
00017006.jpg,100,10,316,226,565,136
00017007.jpg,99,11,315,226,577,136
00017008.jpg,97,11,316,227,581,133
00017009.jpg,96,10,317,227,585,130
00017010.jpg,94,8,319,227,595,131
00017011.jpg,94,8,319,226,606,130
00017012.jpg,95,9,317,226,606,130
00017013.jpg,97,8,316,225,601,133
00017014.jpg,98,8,315,223,601,131
00017015.jpg,98,7,314,222,601,131
00017016.jpg,99,6,313,219,601,131
00017017.jpg,99,7,313,217,601,131
00017018.jpg,99,6,313,216,601,131
00017019.jpg,98,6,314,216,586,131
00017020.jpg,98,6,314,216,586,131
00017021.jpg,98,7,313,216,574,128
00017022.jpg,98,8,312,216,574,128
00017023.jpg,99,9,310,216,565,125
00017024.jpg,99,8,310,217,564,125
00017025.jpg,98,8,311,218,561,126
00017026.jpg,99,8,310,217,552,128
00017027.jpg,98,8,314,222,549,128
00017028.jpg,98,9,313,222,546,130
00017029.jpg,100,9,311,220,544,131
00017030.jpg,98,8,311,220,540,134
00017031.jpg,96,7,311,222,535,134
00017032.jpg,91,4,316,226,530,134
00017033.jpg,91,1,315,224,274,213
00017034.jpg,92,0,315,223,269,211
00017035.jpg,90,0,315,224,265,210
00017036.jpg,89,0,316,226,260,209
00017037.jpg,89,0,313,224,260,209
00017038.jpg,88,0,314,224,256,208
00017039.jpg,88,0,313,223,254,205
00017040.jpg,87,0,313,223,252,205
00017041.jpg,87,1,314,224,252,205
00017042.jpg,86,0,315,226,252,205
00017043.jpg,85,0,315,227,252,205
00017044.jpg,84,0,314,227,252,205
00017045.jpg,83,0,313,227,252,205
00017046.jpg,82,0,312,227,252,205
00017047.jpg,81,0,311,228,252,205
00017048.jpg,81,0,311,228,252,205
00017049.jpg,80,0,310,228,252,205
00017050.jpg,80,0,310,229,252,205
00017051.jpg,79,0,310,230,252,205
00017052.jpg,78,0,308,230,252,205
00017053.jpg,78,0,307,230,252,205
00017054.jpg,78,0,306,229,252,205
00017055.jpg,77,1,306,230,252,205
00017056.jpg,77,2,305,229,252,205
00017057.jpg,78,2,304,228,252,205
00017058.jpg,78,2,303,227,252,205
00017059.jpg,79,1,304,226,252,205
00017060.jpg,80,1,306,227,254,205
00017061.jpg,81,1,307,226,257,205
00017062.jpg,101,5,321,233,-1,-1
00017063.jpg,101,5,321,233,-1,-1
00017064.jpg,101,5,321,233,-1,-1
00017065.jpg,101,5,321,233,-1,-1
00017066.jpg,100,4,320,232,765,176
00017067.jpg,99,2,319,230,765,176
00017068.jpg,98,1,318,229,765,176
00017069.jpg,97,1,317,229,765,176
00017070.jpg,97,1,317,229,765,176
00017071.jpg,96,1,316,229,765,176
00017072.jpg,95,1,315,229,765,176
00017073.jpg,95,1,315,229,765,176
00017074.jpg,94,0,314,228,765,176
00017075.jpg,94,1,314,229,765,176
00017076.jpg,93,0,313,228,765,176
00017077.jpg,93,1,313,229,765,176
00017078.jpg,93,1,313,229,765,176
00017079.jpg,93,1,313,229,765,176
00017080.jpg,93,1,313,229,765,176
00017081.jpg,93,1,313,229,765,176
00017082.jpg,94,1,314,229,765,176
00017083.jpg,95,2,315,230,765,176
00017084.jpg,96,3,316,231,765,176
00017085.jpg,97,4,317,232,-1,-1
00017086.jpg,98,5,318,233,-1,-1
00017087.jpg,99,8,319,236,-1,-1
00017088.jpg,99,9,319,237,-1,-1
00017089.jpg,98,8,318,236,517,133
00017090.jpg,98,8,318,236,517,133
00017091.jpg,97,7,317,235,517,133
00017092.jpg,93,5,313,233,517,133
00017093.jpg,93,5,313,233,517,133
00017094.jpg,92,4,312,232,517,133
00017095.jpg,92,4,312,232,517,133
00017096.jpg,92,3,312,231,517,133
00017097.jpg,92,3,312,231,517,133
00017098.jpg,92,3,312,231,517,133
00017099.jpg,92,3,312,231,517,133
00017100.jpg,92,3,312,231,517,133
00017101.jpg,92,3,312,231,509,128
00017102.jpg,92,4,312,232,509,128
00017103.jpg,92,4,312,232,509,128
00017104.jpg,91,4,311,232,507,123
00017105.jpg,88,4,308,229,507,123
00017106.jpg,86,5,308,229,509,123
00017107.jpg,83,5,306,229,512,123
00017108.jpg,84,5,305,229,512,123
00017109.jpg,84,5,304,230,510,124
00017110.jpg,83,4,304,232,510,124
00017111.jpg,83,3,304,232,510,124
00017112.jpg,83,3,306,232,510,124
00017113.jpg,84,2,305,230,510,124
00017114.jpg,85,4,305,230,510,124
00017115.jpg,82,4,306,231,510,124
00017116.jpg,80,4,306,231,510,124
00017117.jpg,79,5,305,229,510,124
00017118.jpg,79,5,303,228,511,123
00017119.jpg,79,4,303,227,512,123
00017120.jpg,78,5,302,228,512,123
00017121.jpg,77,6,301,228,514,123
00017122.jpg,77,6,300,227,516,119
00017123.jpg,77,6,299,227,516,119
00017124.jpg,77,6,298,226,-1,-1
00017125.jpg,77,6,298,225,-1,-1
00017126.jpg,76,6,298,225,-1,-1
00017127.jpg,75,6,299,225,-1,-1
00017128.jpg,74,5,302,225,-1,-1
00017129.jpg,75,5,302,224,-1,-1
00017130.jpg,75,6,299,222,-1,-1
00017131.jpg,77,6,298,220,-1,-1
00017132.jpg,79,6,299,219,-1,-1
00017133.jpg,80,5,300,220,-1,-1
00017134.jpg,80,5,301,220,787,170
00017135.jpg,80,4,307,223,787,170
00017136.jpg,82,4,308,224,787,170
00017137.jpg,81,4,310,226,787,170
00017138.jpg,82,4,310,227,787,170
00017139.jpg,83,3,310,227,787,170
00017140.jpg,85,3,310,227,787,170
00017141.jpg,83,3,309,227,787,170
00017142.jpg,82,6,307,224,787,170
00017143.jpg,81,6,307,224,787,170
00017144.jpg,78,7,307,224,787,170
00017145.jpg,77,7,307,225,787,170
00017146.jpg,78,8,306,226,787,170
00017147.jpg,79,9,304,228,787,170
00017148.jpg,76,9,304,230,787,170
00017149.jpg,75,8,304,230,787,170
00017150.jpg,74,8,301,229,787,170
00017151.jpg,72,8,301,231,787,170
00017152.jpg,73,9,298,229,787,170
00017153.jpg,74,8,297,228,787,170
00017154.jpg,75,8,297,229,787,170
00017155.jpg,75,9,297,228,787,170
00017156.jpg,76,8,297,228,787,170
00017157.jpg,78,9,296,227,787,170
00017158.jpg,78,9,296,227,787,170
00017159.jpg,79,10,296,226,787,170
00017160.jpg,80,9,296,225,787,170
00017161.jpg,80,10,296,226,787,170
00017162.jpg,81,11,295,226,787,170
00017163.jpg,80,11,295,226,787,170
00017164.jpg,80,12,296,227,787,170
00017165.jpg,79,11,296,227,787,170
00017166.jpg,80,13,296,228,787,170
00017167.jpg,81,13,297,227,787,170
00017168.jpg,83,13,298,226,787,170
00017169.jpg,83,14,298,225,787,170
00017170.jpg,84,14,299,225,787,170
00017171.jpg,85,14,300,224,787,170
00017172.jpg,89,14,301,223,787,170
00017173.jpg,90,12,301,225,787,170
00017174.jpg,90,12,299,224,787,170
00017175.jpg,90,12,300,224,787,170
00017176.jpg,89,12,300,224,787,170
00017177.jpg,89,12,300,225,787,170
00017178.jpg,89,12,300,225,787,170
00017179.jpg,91,12,301,225,787,170
00017180.jpg,91,11,301,225,787,170
00017181.jpg,91,12,300,226,787,170
00017182.jpg,92,11,301,226,787,170
00017183.jpg,94,10,300,228,787,170
00017184.jpg,94,11,300,228,787,170
00017185.jpg,94,12,300,229,787,170
00017186.jpg,91,11,301,229,787,170
00017187.jpg,91,10,300,231,787,170
00017188.jpg,90,9,301,233,787,170
00017189.jpg,91,9,302,234,787,170
00017190.jpg,91,10,302,234,787,170
00017191.jpg,92,10,303,234,787,170
00017192.jpg,92,10,303,234,787,170
00017193.jpg,91,10,301,232,787,170
00017194.jpg,91,10,301,232,787,170
00017195.jpg,91,11,301,230,787,170
00017196.jpg,92,10,301,229,787,170
00017197.jpg,92,10,302,229,787,170
00017198.jpg,94,9,304,228,787,170
00017199.jpg,94,8,305,227,787,170
00017200.jpg,96,8,305,227,787,170
00017201.jpg,97,7,305,228,787,170
00017202.jpg,97,7,306,229,787,170
00017203.jpg,98,7,309,228,787,170
00017204.jpg,97,7,309,228,787,170
00017205.jpg,96,7,309,228,787,170
00017206.jpg,97,8,310,228,787,170
00017207.jpg,97,8,312,229,787,170
00017208.jpg,98,9,311,227,787,170
00017209.jpg,96,8,311,227,787,170
00017210.jpg,95,8,309,228,787,170
00017211.jpg,95,9,309,227,787,170
00017212.jpg,94,9,308,228,787,170
00017213.jpg,92,10,304,226,787,170
00017214.jpg,93,11,303,226,787,170
00017215.jpg,94,11,303,226,787,170
00017216.jpg,93,12,303,226,787,170
00017217.jpg,92,12,303,226,787,170
00017218.jpg,92,12,302,226,787,170
00017219.jpg,92,12,302,226,787,170
00017220.jpg,92,12,302,225,787,170
00017221.jpg,92,13,303,226,787,170
00017222.jpg,92,13,302,226,787,170
00017223.jpg,92,13,302,226,787,170
00017224.jpg,92,13,302,226,787,170
00017225.jpg,91,12,302,226,787,170
00017226.jpg,91,12,302,227,787,170
00017227.jpg,92,11,303,227,787,170
00017228.jpg,91,11,303,227,787,170
00017229.jpg,91,9,303,227,787,170
00017230.jpg,91,8,304,228,787,170
00017231.jpg,92,8,305,229,787,170
00017232.jpg,92,7,306,228,787,170
00017233.jpg,94,8,306,228,787,170
00017234.jpg,93,6,307,229,787,170
00017235.jpg,93,6,309,229,787,170
00017236.jpg,94,6,309,229,787,170
00017237.jpg,94,6,310,228,787,170
00017238.jpg,96,5,312,229,787,170
00017239.jpg,97,5,312,229,787,170
00017240.jpg,96,6,311,228,787,170
00017241.jpg,97,6,312,227,787,170
00017242.jpg,96,7,311,227,787,170
00017243.jpg,96,7,311,226,787,170
00017244.jpg,96,7,311,227,787,170
00017245.jpg,96,7,311,227,787,170
00017246.jpg,97,7,310,227,787,170
00017247.jpg,97,7,310,226,787,170
00017248.jpg,97,7,310,226,787,170
00017249.jpg,97,7,310,226,787,170
00017250.jpg,97,7,310,226,787,170
00017251.jpg,98,7,310,226,787,170
00017252.jpg,98,7,310,226,787,170
00017253.jpg,97,6,310,226,787,170
00017254.jpg,97,6,311,226,787,170
00017255.jpg,97,5,312,226,787,170
00017256.jpg,97,5,312,226,787,170
00017257.jpg,97,5,311,226,787,170
00017258.jpg,96,6,311,225,787,170
00017259.jpg,97,6,310,224,787,170
00017260.jpg,96,7,311,224,787,170
00017261.jpg,96,6,311,224,787,170
00017262.jpg,97,7,311,224,787,170
00017263.jpg,95,7,311,225,787,170
00017264.jpg,95,8,311,225,787,170
00017265.jpg,94,8,311,224,787,170
00017266.jpg,93,7,310,224,787,170
00017267.jpg,93,7,310,225,787,170
00017268.jpg,93,8,310,224,787,170
00017269.jpg,93,7,309,224,787,170
00017270.jpg,93,8,308,225,787,170
00017271.jpg,93,8,308,225,787,170
00017272.jpg,93,8,307,225,787,170
00017273.jpg,92,8,307,226,775,174
00017274.jpg,93,9,306,226,775,174
00017275.jpg,93,9,305,226,775,174
00017276.jpg,92,10,305,226,775,174
00017277.jpg,92,9,305,227,775,173
00017278.jpg,91,9,306,226,775,173
00017279.jpg,90,9,305,227,775,173
00017280.jpg,89,9,304,225,775,173
00017281.jpg,88,9,304,226,775,173
00017282.jpg,88,9,304,226,775,173
00017283.jpg,88,9,304,226,775,173
00017284.jpg,87,9,304,226,775,173
00017285.jpg,87,9,304,226,775,173
00017286.jpg,87,9,303,225,775,173
00017287.jpg,86,9,303,225,775,173
00017288.jpg,86,9,303,225,775,173
00017289.jpg,85,9,304,226,775,173
00017290.jpg,85,9,303,226,775,173
00017291.jpg,84,9,304,227,775,173
00017292.jpg,84,9,304,226,775,173
00017293.jpg,84,8,304,226,775,173
00017294.jpg,84,9,304,227,775,173
00017295.jpg,84,8,304,226,775,173
00017296.jpg,84,7,304,227,782,171
00017297.jpg,84,7,304,227,783,171
00017298.jpg,84,6,305,229,784,167
00017299.jpg,85,6,305,229,785,164
00017300.jpg,85,7,305,228,785,166
00017301.jpg,85,7,306,229,787,163
00017302.jpg,86,8,306,230,788,160
00017303.jpg,87,7,306,230,787,158
00017304.jpg,88,7,307,229,783,160
00017305.jpg,88,6,307,230,782,162
00017306.jpg,89,6,306,229,783,169
00017307.jpg,89,7,307,230,783,170
00017308.jpg,88,6,308,230,783,167
00017309.jpg,83,3,309,231,786,164
00017310.jpg,82,0,302,228,789,160
00017311.jpg,78,0,298,228,791,160
00017312.jpg,43,3,297,231,793,162
00017313.jpg,43,3,297,231,791,162
00017314.jpg,42,3,296,231,789,164
00017315.jpg,42,4,296,232,789,162
00017316.jpg,43,6,297,234,787,163
00017317.jpg,43,7,297,235,787,164
00017318.jpg,46,21,300,249,784,164
00017319.jpg,47,23,301,251,784,163
00017320.jpg,46,14,300,242,784,162
00017321.jpg,45,9,299,237,783,161
00017322.jpg,45,8,299,236,784,163
00017323.jpg,46,10,300,238,783,165
00017324.jpg,47,10,301,238,779,173
00017325.jpg,47,8,301,236,776,185
00017326.jpg,48,8,302,236,774,187
00017327.jpg,48,7,302,235,772,188
00017328.jpg,49,8,303,236,770,184
00017329.jpg,72,6,307,216,770,182
00017330.jpg,72,6,307,216,769,181
00017331.jpg,73,7,308,217,768,186
00017332.jpg,75,7,310,217,769,186
00017333.jpg,77,8,312,218,766,187
00017334.jpg,83,12,318,222,767,182
00017335.jpg,86,14,321,224,770,180
00017336.jpg,88,16,323,226,770,179
00017337.jpg,91,17,326,227,771,180
00017338.jpg,92,18,327,228,769,181
00017339.jpg,94,20,329,230,767,180
00017340.jpg,94,20,329,230,766,180
00017341.jpg,94,20,329,230,766,178
00017342.jpg,93,19,328,229,769,176
00017343.jpg,91,4,326,246,765,174
00017344.jpg,91,4,326,246,765,174
00017345.jpg,90,4,325,246,765,174
00017346.jpg,89,3,324,245,765,171
00017347.jpg,88,3,323,245,764,169
00017348.jpg,87,2,322,244,764,171
00017349.jpg,84,0,319,242,763,173
00017350.jpg,83,0,318,242,760,173
00017351.jpg,82,0,317,242,761,174
00017352.jpg,82,0,317,242,760,177
00017353.jpg,81,0,316,242,761,177
00017354.jpg,80,0,315,242,761,174
00017355.jpg,79,0,314,242,760,176
00017356.jpg,78,0,313,242,759,175
00017357.jpg,77,0,312,242,757,176
00017358.jpg,76,1,311,243,756,176
00017359.jpg,73,1,308,243,757,176
00017360.jpg,72,1,307,243,759,175
00017361.jpg,71,1,306,243,757,173
00017362.jpg,70,1,305,243,756,174
00017363.jpg,70,2,305,244,758,175
00017364.jpg,70,2,305,244,759,176
00017365.jpg,70,2,305,244,759,176
00017366.jpg,70,2,305,244,759,177
00017367.jpg,70,2,305,244,761,177
00017368.jpg,70,2,305,244,760,177
00017369.jpg,70,2,305,244,760,176
00017370.jpg,70,2,305,244,531,178
00017371.jpg,70,2,305,244,533,176
00017372.jpg,70,2,305,244,537,178
00017373.jpg,70,2,305,244,537,179
00017374.jpg,71,2,306,244,544,184
00017375.jpg,72,2,307,244,559,193
00017376.jpg,72,1,307,243,556,198
00017377.jpg,72,1,307,243,557,198
00017378.jpg,72,1,307,243,560,198
00017379.jpg,71,1,306,243,560,199
00017380.jpg,70,0,305,242,582,200
00017381.jpg,71,1,306,243,596,193
00017382.jpg,71,1,306,243,610,194
00017383.jpg,71,1,306,243,631,186
