00016958.jpg,533,24,714,239,499,476
00016959.jpg,533,24,714,239,499,476
00016960.jpg,533,24,714,239,499,476
00016961.jpg,515,25,696,240,499,476
00016962.jpg,506,27,687,242,506,480
00016963.jpg,499,27,680,242,506,480
00016964.jpg,491,27,672,242,506,480
00016965.jpg,484,27,665,242,511,481
00016966.jpg,473,25,654,240,515,485
00016967.jpg,469,24,650,239,517,486
00016968.jpg,466,24,647,239,517,486
00016969.jpg,464,23,645,238,522,483
00016970.jpg,463,23,644,238,522,483
00016971.jpg,462,22,643,237,-1,-1
00016972.jpg,463,21,644,236,-1,-1
00016973.jpg,463,21,644,236,-1,-1
00016974.jpg,466,21,647,236,-1,-1
00016975.jpg,468,20,649,235,-1,-1
00016976.jpg,473,19,654,234,-1,-1
00016977.jpg,496,14,677,229,766,176
00016978.jpg,499,13,680,228,766,176
00016979.jpg,495,13,676,228,766,176
00016980.jpg,487,16,668,231,766,176
00016981.jpg,485,17,666,232,770,175
00016982.jpg,487,18,668,233,779,173
00016983.jpg,487,18,668,233,779,173
00016984.jpg,488,19,669,234,779,173
00016985.jpg,489,19,670,234,785,174
00016986.jpg,516,7,697,222,785,174
00016987.jpg,514,6,695,221,785,174
00016988.jpg,511,5,692,220,785,174
00016989.jpg,508,5,689,220,797,176
00016990.jpg,504,5,685,220,805,176
00016991.jpg,502,8,683,223,796,173
00016992.jpg,501,10,682,225,796,173
00016993.jpg,499,12,680,227,-1,-1
00016994.jpg,497,14,678,229,-1,-1
00016995.jpg,492,15,673,230,-1,-1
00016996.jpg,490,14,671,229,-1,-1
00016997.jpg,488,11,669,226,-1,-1
00016998.jpg,486,10,667,225,-1,-1
00016999.jpg,484,10,665,225,-1,-1
00017000.jpg,484,10,665,225,-1,-1
00017001.jpg,487,10,668,225,-1,-1
00017002.jpg,496,8,677,223,-1,-1
00017003.jpg,499,6,680,221,280,131
00017004.jpg,504,5,685,220,280,131
00017005.jpg,510,3,691,218,280,129
00017006.jpg,514,29,695,244,280,124
00017007.jpg,525,29,706,244,279,124
00017008.jpg,529,29,710,244,271,124
00017009.jpg,534,30,715,245,271,124
00017010.jpg,538,31,719,246,271,124
00017011.jpg,542,33,723,248,271,124
00017012.jpg,546,34,727,249,271,124
00017013.jpg,547,34,728,249,271,124
00017014.jpg,547,34,728,249,271,124
00017015.jpg,546,34,727,249,271,124
00017016.jpg,544,33,725,248,271,124
00017017.jpg,540,32,721,247,271,124
00017018.jpg,538,31,719,246,271,124
00017019.jpg,535,30,716,245,271,124
00017020.jpg,531,30,712,245,271,124
00017021.jpg,528,29,709,244,271,124
00017022.jpg,521,28,702,243,271,124
00017023.jpg,516,27,697,242,271,124
00017024.jpg,512,26,693,241,271,124
00017025.jpg,507,26,688,241,271,124
00017026.jpg,502,25,683,240,271,124
00017027.jpg,495,24,676,239,271,124
00017028.jpg,493,24,674,239,-1,-1
00017029.jpg,486,1,667,216,-1,-1
00017030.jpg,482,2,663,217,-1,-1
00017031.jpg,480,2,661,217,-1,-1
00017032.jpg,476,4,657,219,-1,-1
00017033.jpg,469,5,650,220,-1,-1
00017034.jpg,464,6,645,221,-1,-1
00017035.jpg,459,6,640,221,-1,-1
00017036.jpg,455,7,636,222,-1,-1
00017037.jpg,449,9,630,224,-1,-1
00017038.jpg,446,10,627,225,-1,-1
00017039.jpg,442,10,623,225,-1,-1
00017040.jpg,440,10,621,225,-1,-1
00017041.jpg,439,9,620,224,-1,-1
00017042.jpg,438,10,619,225,-1,-1
00017043.jpg,437,10,618,225,-1,-1
00017044.jpg,437,11,618,226,-1,-1
00017045.jpg,436,11,617,226,-1,-1
00017046.jpg,437,22,618,237,-1,-1
00017047.jpg,437,23,618,238,-1,-1
00017048.jpg,437,23,618,238,-1,-1
00017049.jpg,438,24,619,239,-1,-1
00017050.jpg,439,24,620,239,-1,-1
00017051.jpg,441,24,622,239,-1,-1
00017052.jpg,443,24,624,239,759,170
00017053.jpg,443,24,624,239,759,170
00017054.jpg,445,24,626,239,759,170
00017055.jpg,446,23,627,238,759,170
00017056.jpg,448,24,629,239,759,170
00017057.jpg,438,19,660,254,759,170
00017058.jpg,438,19,660,254,759,170
00017059.jpg,439,19,661,254,759,170
00017060.jpg,440,19,662,254,759,170
00017061.jpg,440,19,662,254,759,170
00017062.jpg,440,19,662,254,759,170
00017063.jpg,441,19,663,254,759,170
00017064.jpg,441,19,663,254,765,170
00017065.jpg,442,19,664,254,765,170
00017066.jpg,442,19,664,254,765,170
00017067.jpg,442,20,664,255,765,170
00017068.jpg,441,20,663,255,765,170
00017069.jpg,441,20,663,255,765,170
00017070.jpg,441,21,663,256,765,170
00017071.jpg,440,21,662,256,-1,-1
00017072.jpg,440,21,662,256,-1,-1
00017073.jpg,440,21,662,256,-1,-1
00017074.jpg,439,22,661,257,-1,-1
00017075.jpg,439,21,661,256,-1,-1
00017076.jpg,439,21,661,256,-1,-1
00017077.jpg,439,22,661,257,-1,-1
00017078.jpg,440,21,662,256,-1,-1
00017079.jpg,440,21,662,256,-1,-1
00017080.jpg,440,21,662,256,-1,-1
00017081.jpg,440,21,662,256,-1,-1
00017082.jpg,441,20,663,255,-1,-1
00017083.jpg,442,20,664,255,-1,-1
00017084.jpg,443,20,665,255,-1,-1
00017085.jpg,444,20,666,255,-1,-1
00017086.jpg,446,20,668,255,-1,-1
00017087.jpg,448,20,670,255,-1,-1
00017088.jpg,449,20,671,255,-1,-1
00017089.jpg,450,20,672,255,-1,-1
00017090.jpg,450,20,672,255,-1,-1
00017091.jpg,451,20,673,255,-1,-1
00017092.jpg,453,19,675,254,-1,-1
00017093.jpg,454,19,676,254,257,123
00017094.jpg,455,19,677,254,257,123
00017095.jpg,456,19,678,254,257,123
00017096.jpg,457,20,679,255,257,123
00017097.jpg,459,19,681,254,257,123
00017098.jpg,459,20,681,255,256,121
00017099.jpg,460,20,682,255,256,121
00017100.jpg,461,20,683,255,256,121
00017101.jpg,461,20,683,255,256,121
00017102.jpg,461,20,683,255,256,121
00017103.jpg,461,20,683,255,256,121
00017104.jpg,461,20,683,255,256,121
00017105.jpg,461,20,683,255,256,121
00017106.jpg,461,20,683,255,256,121
00017107.jpg,462,20,684,255,256,121
00017108.jpg,463,20,685,255,256,121
00017109.jpg,465,20,687,255,256,121
00017110.jpg,466,20,688,255,256,121
00017111.jpg,467,20,689,255,256,121
00017112.jpg,469,21,691,256,256,121
00017113.jpg,470,21,692,256,256,121
00017114.jpg,471,21,693,256,256,121
00017115.jpg,472,21,694,256,256,121
00017116.jpg,472,21,694,256,256,121
00017117.jpg,473,21,695,256,256,121
00017118.jpg,473,21,695,256,256,121
00017119.jpg,472,20,694,255,256,121
00017120.jpg,473,20,695,255,256,121
00017121.jpg,472,20,694,255,256,121
00017122.jpg,472,20,694,255,255,119
00017123.jpg,472,20,694,255,255,119
00017124.jpg,472,20,694,255,255,119
00017125.jpg,471,20,693,255,255,119
00017126.jpg,470,20,692,255,255,119
00017127.jpg,470,20,692,255,255,119
00017128.jpg,473,20,695,255,255,119
00017129.jpg,475,20,697,255,255,119
00017130.jpg,475,20,697,255,255,119
00017131.jpg,476,20,698,255,255,119
00017132.jpg,476,20,698,255,255,119
00017133.jpg,476,20,698,255,-1,-1
00017134.jpg,475,20,697,255,-1,-1
00017135.jpg,476,20,698,255,-1,-1
00017136.jpg,476,20,698,255,-1,-1
00017137.jpg,476,20,698,255,-1,-1
00017138.jpg,476,20,698,255,-1,-1
00017139.jpg,476,20,698,255,-1,-1
00017140.jpg,476,20,698,255,-1,-1
00017141.jpg,476,20,698,255,-1,-1
00017142.jpg,476,20,698,255,-1,-1
00017143.jpg,476,20,698,255,-1,-1
00017144.jpg,476,20,698,255,-1,-1
00017145.jpg,476,20,698,255,-1,-1
00017146.jpg,476,20,698,255,-1,-1
00017147.jpg,476,21,698,256,-1,-1
00017148.jpg,476,21,698,256,-1,-1
00017149.jpg,476,20,698,255,-1,-1
00017150.jpg,475,20,697,255,-1,-1
00017151.jpg,475,20,697,255,-1,-1
00017152.jpg,475,20,697,255,-1,-1
00017153.jpg,475,20,697,255,-1,-1
00017154.jpg,475,20,697,255,-1,-1
00017155.jpg,475,20,697,255,-1,-1
00017156.jpg,476,20,698,255,-1,-1
00017157.jpg,476,21,698,256,-1,-1
00017158.jpg,476,21,698,256,-1,-1
00017159.jpg,476,20,698,255,-1,-1
00017160.jpg,476,20,698,255,-1,-1
00017161.jpg,476,20,698,255,-1,-1
00017162.jpg,477,21,699,256,-1,-1
00017163.jpg,477,21,699,256,-1,-1
00017164.jpg,477,21,699,256,-1,-1
00017165.jpg,477,21,699,256,-1,-1
00017166.jpg,478,21,700,256,-1,-1
00017167.jpg,478,21,700,256,-1,-1
00017168.jpg,478,21,700,256,-1,-1
00017169.jpg,479,21,701,256,-1,-1
00017170.jpg,479,21,701,256,-1,-1
00017171.jpg,480,21,702,256,-1,-1
00017172.jpg,480,21,702,256,-1,-1
00017173.jpg,480,21,702,256,-1,-1
00017174.jpg,481,21,703,256,-1,-1
00017175.jpg,481,21,703,256,-1,-1
00017176.jpg,481,21,703,256,-1,-1
00017177.jpg,481,20,703,255,-1,-1
00017178.jpg,481,20,703,255,-1,-1
00017179.jpg,481,20,703,255,-1,-1
00017180.jpg,481,20,703,255,-1,-1
00017181.jpg,481,20,703,255,-1,-1
00017182.jpg,482,20,704,255,-1,-1
00017183.jpg,482,20,704,255,-1,-1
00017184.jpg,483,20,705,255,-1,-1
00017185.jpg,482,20,704,255,-1,-1
00017186.jpg,481,20,703,255,-1,-1
00017187.jpg,478,19,700,254,-1,-1
00017188.jpg,478,19,700,254,-1,-1
00017189.jpg,478,19,700,254,-1,-1
00017190.jpg,478,19,700,254,-1,-1
00017191.jpg,479,19,701,254,-1,-1
00017192.jpg,479,19,701,254,-1,-1
00017193.jpg,478,19,700,254,-1,-1
00017194.jpg,478,19,700,254,-1,-1
00017195.jpg,479,19,701,254,-1,-1
00017196.jpg,480,19,702,254,-1,-1
00017197.jpg,484,20,706,255,-1,-1
00017198.jpg,485,20,707,255,-1,-1
00017199.jpg,485,20,707,255,-1,-1
00017200.jpg,486,20,708,255,-1,-1
00017201.jpg,486,20,708,255,-1,-1
00017202.jpg,485,20,707,255,-1,-1
00017203.jpg,486,20,708,255,-1,-1
00017204.jpg,485,20,707,255,-1,-1
00017205.jpg,485,20,707,255,-1,-1
00017206.jpg,485,20,707,255,-1,-1
00017207.jpg,484,19,706,254,-1,-1
00017208.jpg,486,19,708,254,776,173
00017209.jpg,487,19,709,254,776,173
00017210.jpg,488,19,710,254,776,173
00017211.jpg,489,19,711,254,776,173
00017212.jpg,489,19,711,254,776,173
00017213.jpg,490,19,712,254,776,173
00017214.jpg,490,19,712,254,776,173
00017215.jpg,490,19,712,254,776,173
00017216.jpg,490,20,712,255,776,173
00017217.jpg,489,20,711,255,776,173
00017218.jpg,488,20,710,255,776,173
00017219.jpg,488,21,710,256,776,173
00017220.jpg,488,21,710,256,776,173
00017221.jpg,488,21,710,256,-1,-1
00017222.jpg,488,21,710,256,-1,-1
00017223.jpg,488,21,710,256,-1,-1
00017224.jpg,488,21,710,256,257,135
00017225.jpg,489,22,711,257,257,135
00017226.jpg,490,22,712,257,257,135
00017227.jpg,491,22,713,257,257,135
00017228.jpg,491,22,713,257,257,135
00017229.jpg,491,22,713,257,257,135
00017230.jpg,492,22,714,257,257,135
00017231.jpg,492,22,714,257,257,135
00017232.jpg,493,22,715,257,257,135
00017233.jpg,494,22,716,257,257,135
00017234.jpg,494,22,716,257,257,135
00017235.jpg,494,22,716,257,257,135
00017236.jpg,495,22,717,257,257,135
00017237.jpg,495,22,717,257,257,135
00017238.jpg,496,22,718,257,257,131
00017239.jpg,496,22,718,257,257,131
00017240.jpg,496,22,718,257,257,131
00017241.jpg,496,22,718,257,257,131
00017242.jpg,497,23,719,258,257,131
00017243.jpg,497,23,719,258,257,131
00017244.jpg,497,23,719,258,257,131
00017245.jpg,498,23,720,258,257,131
00017246.jpg,498,23,720,258,257,131
00017247.jpg,499,23,721,258,257,131
00017248.jpg,499,23,721,258,257,131
00017249.jpg,499,23,721,258,257,131
00017250.jpg,500,23,722,258,257,131
00017251.jpg,500,23,722,258,257,131
00017252.jpg,500,23,722,258,257,131
00017253.jpg,496,21,718,256,257,131
00017254.jpg,495,21,717,256,-1,-1
00017255.jpg,494,21,716,256,-1,-1
00017256.jpg,494,21,716,256,-1,-1
00017257.jpg,493,21,715,256,-1,-1
00017258.jpg,492,23,714,258,-1,-1
00017259.jpg,493,24,715,259,776,166
00017260.jpg,494,24,716,259,776,166
00017261.jpg,494,23,716,258,776,166
00017262.jpg,494,23,716,258,776,166
00017263.jpg,495,22,717,257,776,166
00017264.jpg,495,22,717,257,776,166
00017265.jpg,495,22,717,257,776,166
00017266.jpg,495,22,717,257,776,166
00017267.jpg,494,22,716,257,776,166
00017268.jpg,493,22,715,257,776,166
00017269.jpg,493,22,715,257,776,166
00017270.jpg,493,22,715,257,776,166
00017271.jpg,493,22,715,257,776,166
00017272.jpg,492,22,714,257,776,166
00017273.jpg,491,22,713,257,776,166
00017274.jpg,491,22,713,257,776,166
00017275.jpg,491,22,713,257,776,166
00017276.jpg,490,22,712,257,776,166
00017277.jpg,490,22,712,257,776,166
00017278.jpg,490,22,712,257,776,166
00017279.jpg,489,22,711,257,776,166
00017280.jpg,489,22,711,257,776,166
00017281.jpg,489,22,711,257,776,166
00017282.jpg,489,22,711,257,776,166
00017283.jpg,489,22,711,257,776,166
00017284.jpg,489,22,711,257,776,166
00017285.jpg,489,22,711,257,776,166
00017286.jpg,488,22,710,257,776,166
00017287.jpg,488,22,710,257,776,166
00017288.jpg,488,22,710,257,776,166
00017289.jpg,488,22,710,257,776,166
00017290.jpg,488,22,710,257,776,166
00017291.jpg,487,22,709,257,776,166
00017292.jpg,487,22,709,257,776,166
00017293.jpg,486,22,708,257,776,166
00017294.jpg,485,22,707,257,776,166
00017295.jpg,485,22,707,257,776,166
00017296.jpg,485,21,707,256,776,166
00017297.jpg,484,22,706,257,776,166
00017298.jpg,484,22,706,257,776,166
00017299.jpg,483,22,705,257,776,166
00017300.jpg,483,22,705,257,776,166
00017301.jpg,483,22,705,257,776,166
00017302.jpg,483,21,705,256,776,166
00017303.jpg,483,21,705,256,776,166
00017304.jpg,483,21,705,256,776,166
00017305.jpg,483,21,705,256,776,166
00017306.jpg,482,22,704,257,770,168
00017307.jpg,482,22,704,257,770,168
00017308.jpg,481,22,703,257,770,168
00017309.jpg,480,22,702,257,770,168
00017310.jpg,480,22,702,257,770,168
00017311.jpg,479,22,701,257,770,168
00017312.jpg,478,22,700,257,770,168
00017313.jpg,476,22,698,257,770,168
00017314.jpg,475,22,697,257,770,168
00017315.jpg,473,22,695,257,770,168
00017316.jpg,472,22,694,257,770,166
00017317.jpg,471,22,693,257,770,166
00017318.jpg,469,22,691,257,770,166
00017319.jpg,467,21,689,256,770,166
00017320.jpg,466,21,688,256,770,166
00017321.jpg,464,21,686,256,770,166
00017322.jpg,462,21,684,256,770,166
00017323.jpg,458,20,680,255,770,164
00017324.jpg,457,20,679,255,761,178
00017325.jpg,456,20,678,255,752,185
00017326.jpg,456,20,678,255,762,188
00017327.jpg,455,19,677,254,-1,-1
00017328.jpg,455,19,677,254,-1,-1
00017329.jpg,455,19,677,254,-1,-1
00017330.jpg,455,18,677,253,-1,-1
00017331.jpg,455,18,677,253,-1,-1
00017332.jpg,455,18,677,253,-1,-1
00017333.jpg,455,19,677,254,-1,-1
00017334.jpg,456,19,678,254,-1,-1
00017335.jpg,455,19,677,254,-1,-1
00017336.jpg,455,20,677,255,-1,-1
00017337.jpg,455,20,677,255,-1,-1
00017338.jpg,455,20,677,255,-1,-1
00017339.jpg,454,21,676,256,-1,-1
00017340.jpg,453,21,675,256,-1,-1
00017341.jpg,453,21,675,256,-1,-1
00017342.jpg,453,22,675,257,-1,-1
00017343.jpg,452,22,674,257,-1,-1
00017344.jpg,451,22,673,257,-1,-1
00017345.jpg,451,23,673,258,-1,-1
00017346.jpg,451,23,673,258,-1,-1
00017347.jpg,451,23,673,258,-1,-1
00017348.jpg,450,23,672,258,-1,-1
00017349.jpg,451,25,673,260,-1,-1
00017350.jpg,451,25,673,260,747,179
00017351.jpg,452,26,674,261,747,179
00017352.jpg,453,26,675,261,747,179
00017353.jpg,454,27,676,262,747,179
00017354.jpg,456,28,678,263,740,178
00017355.jpg,457,30,679,265,740,179
00017356.jpg,458,29,680,264,740,179
00017357.jpg,461,29,683,264,740,179
00017358.jpg,468,39,690,274,740,179
00017359.jpg,437,41,680,269,742,179
00017360.jpg,437,41,680,269,742,179
00017361.jpg,436,42,679,270,742,179
00017362.jpg,419,56,671,272,742,179
00017363.jpg,419,56,671,272,742,179
00017364.jpg,418,58,670,274,742,179
00017365.jpg,418,59,670,275,-1,-1
00017366.jpg,419,59,671,275,-1,-1
00017367.jpg,420,60,672,276,-1,-1
00017368.jpg,422,60,674,276,-1,-1
00017369.jpg,426,61,678,277,-1,-1
00017370.jpg,429,61,681,277,-1,-1
00017371.jpg,432,63,684,279,-1,-1
00017372.jpg,434,63,686,279,-1,-1
00017373.jpg,437,66,689,282,-1,-1
00017374.jpg,443,73,695,289,-1,-1
00017375.jpg,446,78,698,294,-1,-1
00017376.jpg,450,81,702,297,-1,-1
00017377.jpg,454,83,706,299,-1,-1
00017378.jpg,460,84,712,300,-1,-1
00017379.jpg,478,81,730,297,-1,-1
00017380.jpg,490,80,742,296,-1,-1
00017381.jpg,503,78,755,294,-1,-1
00017382.jpg,503,78,755,294,-1,-1
00017383.jpg,503,78,755,294,-1,-1
