00005130.jpg,586,25,647,90,478,68
00005131.jpg,586,25,647,90,474,68
00005132.jpg,592,24,656,90,471,70
00005133.jpg,592,24,656,90,470,68
00005134.jpg,595,24,659,90,468,68
00005135.jpg,598,24,662,90,466,68
00005136.jpg,602,25,666,91,456,70
00005137.jpg,606,26,670,92,452,72
00005138.jpg,610,25,674,91,449,74
00005139.jpg,614,25,678,91,449,74
00005140.jpg,615,26,679,92,452,75
00005141.jpg,614,25,678,91,452,75
00005142.jpg,612,25,676,91,452,78
00005143.jpg,611,24,675,90,446,78
00005144.jpg,612,24,676,90,439,80
00005145.jpg,613,24,677,90,436,78
00005146.jpg,614,25,678,91,430,75
00005147.jpg,615,25,679,91,430,75
00005148.jpg,616,25,680,91,430,75
00005149.jpg,617,25,681,91,426,75
00005150.jpg,618,26,682,92,422,75
00005151.jpg,619,26,683,92,422,75
00005152.jpg,619,26,683,92,420,76
00005153.jpg,620,25,684,91,417,77
00005154.jpg,620,25,684,91,417,77
00005155.jpg,620,25,684,91,412,74
00005156.jpg,620,25,684,91,412,74
00005157.jpg,620,25,684,91,413,73
00005158.jpg,620,25,684,91,413,73
00005159.jpg,619,25,683,91,413,73
00005160.jpg,617,25,681,91,413,73
00005161.jpg,616,25,680,91,411,74
00005162.jpg,614,24,678,90,410,74
00005163.jpg,615,24,680,90,409,78
00005164.jpg,613,23,678,89,409,80
00005165.jpg,610,23,675,89,409,80
00005166.jpg,606,23,671,89,409,80
00005167.jpg,602,23,667,89,409,80
00005168.jpg,591,27,657,97,409,80
00005169.jpg,591,27,657,97,409,80
00005170.jpg,587,27,653,97,407,80
00005171.jpg,583,27,649,97,407,80
00005172.jpg,580,27,646,97,407,80
00005173.jpg,577,27,643,97,407,80
00005174.jpg,575,27,641,97,407,80
00005175.jpg,573,27,639,97,404,81
00005176.jpg,572,27,638,97,404,82
00005177.jpg,570,27,636,97,405,82
00005178.jpg,569,27,635,97,405,82
00005179.jpg,569,27,635,97,406,82
00005180.jpg,568,27,634,97,406,82
00005181.jpg,569,27,635,97,406,82
00005182.jpg,569,27,635,97,406,82
00005183.jpg,570,27,636,97,406,82
00005184.jpg,571,27,637,97,406,83
00005185.jpg,572,27,638,97,406,83
00005186.jpg,574,27,640,97,406,83
00005187.jpg,575,27,641,97,406,83
00005188.jpg,577,27,643,97,406,83
00005189.jpg,579,27,645,97,406,83
00005190.jpg,582,28,648,98,406,83
00005191.jpg,584,28,650,98,406,83
00005192.jpg,586,28,652,98,407,83
00005193.jpg,588,28,654,98,409,83
00005194.jpg,591,28,657,98,409,83
00005195.jpg,593,28,659,98,412,84
00005196.jpg,595,28,661,98,414,85
00005197.jpg,597,28,663,98,416,85
00005198.jpg,599,28,665,98,417,85
00005199.jpg,602,28,668,98,418,85
00005200.jpg,604,27,670,97,424,86
00005201.jpg,606,27,672,97,426,86
00005202.jpg,608,27,674,97,430,86
00005203.jpg,608,27,674,97,439,86
