00035697.jpg,659,37,959,432,142,517
00035698.jpg,659,37,959,432,142,517
00035699.jpg,659,37,959,432,142,517
00035700.jpg,659,37,959,432,142,517
00035701.jpg,659,38,959,433,142,517
00035702.jpg,658,42,958,437,142,517
00035703.jpg,657,46,957,441,142,517
00035704.jpg,656,46,956,441,142,517
00035705.jpg,656,45,956,440,142,517
00035706.jpg,656,43,956,438,142,517
00035707.jpg,656,43,956,438,142,517
00035708.jpg,656,44,956,439,-1,-1
00035709.jpg,656,47,956,442,-1,-1
00035710.jpg,657,49,957,444,-1,-1
00035711.jpg,658,50,958,445,-1,-1
00035712.jpg,660,50,960,445,-1,-1
00035713.jpg,656,46,954,436,-1,-1
00035714.jpg,656,46,954,436,-1,-1
00035715.jpg,669,48,967,438,-1,-1
00035716.jpg,686,52,984,442,-1,-1
00035717.jpg,699,54,997,444,-1,-1
00035718.jpg,704,52,1002,442,-1,-1
00035719.jpg,700,46,998,436,-1,-1
00035720.jpg,687,39,985,429,-1,-1
00035721.jpg,689,44,971,423,-1,-1
00035722.jpg,676,46,970,435,-1,-1
00035723.jpg,659,51,956,443,-1,-1
00035724.jpg,659,51,956,443,-1,-1
00035725.jpg,661,51,958,443,-1,-1
00035726.jpg,670,50,967,442,-1,-1
00035727.jpg,684,53,981,445,-1,-1
00035728.jpg,693,53,989,445,-1,-1
00035729.jpg,693,53,989,445,-1,-1
00035730.jpg,693,52,989,444,-1,-1
00035731.jpg,685,49,981,441,-1,-1
00035732.jpg,684,51,982,442,-1,-1
00035733.jpg,675,50,965,438,-1,-1
00035734.jpg,675,50,965,438,-1,-1
00035735.jpg,675,49,965,437,-1,-1
00035736.jpg,675,49,965,437,-1,-1
