00014710.jpg,362,0,629,259,-1,-1
00014711.jpg,364,0,628,256,-1,-1
00014712.jpg,367,0,631,252,-1,-1
00014713.jpg,372,0,635,248,-1,-1
00014714.jpg,373,0,643,249,-1,-1
00014715.jpg,378,0,647,247,-1,-1
00014716.jpg,382,0,651,251,-1,-1
00014717.jpg,386,0,658,251,-1,-1
00014718.jpg,389,0,662,251,-1,-1
00014719.jpg,395,0,667,254,-1,-1
00014720.jpg,395,0,667,254,-1,-1
00014721.jpg,395,0,667,254,-1,-1
00014722.jpg,398,0,670,254,-1,-1
00014723.jpg,400,0,672,254,-1,-1
00014724.jpg,402,0,674,254,-1,-1
00014725.jpg,403,0,675,254,-1,-1
00014726.jpg,402,0,674,254,-1,-1
00014727.jpg,401,0,673,254,-1,-1
00014728.jpg,399,0,671,254,-1,-1
00014729.jpg,397,0,669,254,-1,-1
00014730.jpg,392,0,664,254,-1,-1
00014731.jpg,390,0,662,254,-1,-1
00014732.jpg,387,0,659,254,-1,-1
00014733.jpg,384,0,656,254,-1,-1
00014734.jpg,382,0,654,254,-1,-1
00014735.jpg,388,0,657,250,-1,-1
00014736.jpg,387,0,655,250,-1,-1
00014737.jpg,385,0,655,251,-1,-1
00014738.jpg,384,0,653,250,-1,-1
00014739.jpg,382,0,652,251,-1,-1
00014740.jpg,382,0,651,252,-1,-1
00014741.jpg,383,0,650,252,-1,-1
00014742.jpg,384,0,649,253,-1,-1
00014743.jpg,383,0,648,252,-1,-1
00014744.jpg,383,0,648,253,-1,-1
00014745.jpg,380,0,650,255,-1,-1
00014746.jpg,382,0,651,257,-1,-1
00014747.jpg,386,0,655,257,-1,-1
00014748.jpg,389,0,656,257,-1,-1
00014749.jpg,396,0,660,259,-1,-1
00014750.jpg,387,10,659,264,-1,-1
00014751.jpg,392,9,664,263,-1,-1
00014752.jpg,397,9,669,263,-1,-1
00014753.jpg,402,9,674,263,-1,-1
00014754.jpg,407,8,679,262,-1,-1
00014755.jpg,418,6,690,260,-1,-1
00014756.jpg,424,4,696,258,-1,-1
00014757.jpg,429,3,701,257,-1,-1
00014758.jpg,434,1,706,255,-1,-1
00014759.jpg,440,1,712,255,-1,-1
00014760.jpg,451,0,723,254,-1,-1
00014761.jpg,458,0,730,254,-1,-1
00014762.jpg,463,0,735,254,-1,-1
00014763.jpg,468,0,740,254,-1,-1
00014764.jpg,472,0,744,254,-1,-1
00014765.jpg,482,0,754,254,-1,-1
00014766.jpg,486,0,758,254,-1,-1
00014767.jpg,490,0,762,254,-1,-1
00014768.jpg,491,0,763,254,-1,-1
00014769.jpg,491,0,763,254,940,238
00014770.jpg,494,0,766,254,944,238
00014771.jpg,493,0,765,254,945,238
00014772.jpg,494,0,766,254,939,234
00014773.jpg,495,0,767,254,934,233
00014774.jpg,495,0,767,254,931,230
00014775.jpg,497,0,769,254,926,226
00014776.jpg,499,0,771,254,921,225
00014777.jpg,502,0,774,254,915,224
00014778.jpg,509,0,781,254,911,223
00014779.jpg,507,0,779,254,906,220
00014780.jpg,510,0,782,254,899,218
00014781.jpg,508,0,780,254,882,214
00014782.jpg,509,0,781,254,865,211
00014783.jpg,505,0,777,254,852,209
00014784.jpg,509,0,781,254,824,201
00014785.jpg,501,0,773,254,807,193
00014786.jpg,499,0,771,254,795,180
00014787.jpg,496,0,768,254,774,186
00014788.jpg,495,0,767,254,772,186
00014789.jpg,493,0,765,254,772,180
00014790.jpg,489,0,761,254,775,174
00014791.jpg,487,0,759,254,775,168
00014792.jpg,503,5,769,294,775,166
00014793.jpg,503,5,769,294,775,159
00014794.jpg,501,4,767,293,775,154
00014795.jpg,494,3,760,292,767,136
00014796.jpg,489,2,755,291,760,124
00014797.jpg,483,1,749,290,755,121
00014798.jpg,478,0,744,289,752,121
00014799.jpg,472,0,738,289,746,119
00014800.jpg,428,4,686,264,740,118
00014801.jpg,428,4,686,264,721,123
00014802.jpg,420,4,678,264,721,123
00014803.jpg,384,3,649,253,704,124
00014804.jpg,384,3,649,253,694,128
00014805.jpg,356,3,621,253,681,131
00014806.jpg,341,3,606,253,655,134
00014807.jpg,325,4,590,254,634,126
00014808.jpg,310,4,575,254,624,125
00014809.jpg,298,6,563,256,607,119
00014810.jpg,223,4,519,238,595,113
00014811.jpg,223,4,519,238,575,109
00014812.jpg,166,6,470,243,567,108
00014813.jpg,166,6,470,243,561,100
00014814.jpg,155,6,459,243,555,101
00014815.jpg,154,5,458,242,552,94
00014816.jpg,114,4,411,227,546,93
00014817.jpg,114,4,411,227,546,96
00014818.jpg,111,4,408,227,545,96
00014819.jpg,110,3,407,226,546,100
00014820.jpg,114,2,411,225,557,103
00014821.jpg,118,1,415,224,571,106
00014822.jpg,123,1,420,224,577,108
00014823.jpg,129,1,426,224,590,109
00014824.jpg,134,1,431,224,600,109
00014825.jpg,145,1,442,224,607,110
00014826.jpg,150,1,447,224,619,113
00014827.jpg,156,0,453,223,629,113
00014828.jpg,162,0,459,223,637,116
00014829.jpg,168,0,465,223,644,116
00014830.jpg,177,0,474,223,647,116
00014831.jpg,233,7,523,251,652,118
00014832.jpg,233,7,523,251,662,120
00014833.jpg,239,9,529,253,661,120
00014834.jpg,244,10,534,254,661,119
00014835.jpg,247,11,537,255,665,120
00014836.jpg,246,12,536,256,666,121
00014837.jpg,244,12,534,256,679,125
00014838.jpg,243,13,533,257,682,125
00014839.jpg,243,14,533,258,682,125
00014840.jpg,244,15,534,259,686,129
00014841.jpg,237,17,527,261,686,129
00014842.jpg,228,17,518,261,687,129
00014843.jpg,223,16,513,260,690,130
00014844.jpg,214,15,504,259,690,131
00014845.jpg,240,6,495,266,691,133
00014846.jpg,240,6,495,266,696,133
00014847.jpg,236,6,491,266,696,133
00014848.jpg,232,6,487,266,697,133
00014849.jpg,228,6,483,266,697,135
00014850.jpg,224,6,479,266,697,135
00014851.jpg,219,7,474,267,699,138
00014852.jpg,217,7,472,267,700,138
00014853.jpg,217,8,472,268,701,139
00014854.jpg,215,8,470,268,702,139
00014855.jpg,207,2,492,296,702,143
00014856.jpg,207,2,492,296,704,143
00014857.jpg,206,2,491,296,705,143
00014858.jpg,206,3,491,297,705,143
00014859.jpg,205,3,490,297,706,143
00014860.jpg,204,4,489,298,709,144
00014861.jpg,201,5,486,299,-1,-1
00014862.jpg,201,5,486,299,-1,-1
00014863.jpg,201,6,486,300,-1,-1
00014864.jpg,200,8,485,302,-1,-1
00014865.jpg,199,10,484,304,-1,-1
00014866.jpg,196,13,481,307,-1,-1
00014867.jpg,223,2,489,296,-1,-1
00014868.jpg,223,2,489,296,-1,-1
00014869.jpg,221,3,487,297,-1,-1
00014870.jpg,219,4,485,298,-1,-1
00014871.jpg,217,5,483,299,-1,-1
00014872.jpg,217,6,483,300,-1,-1
00014873.jpg,216,7,482,301,-1,-1
00014874.jpg,216,8,482,302,-1,-1
00014875.jpg,216,10,482,304,-1,-1
00014876.jpg,216,12,482,306,-1,-1
00014877.jpg,215,12,481,306,-1,-1
00014878.jpg,215,12,481,306,-1,-1
00014879.jpg,216,13,482,307,-1,-1
00014880.jpg,216,12,482,306,-1,-1
00014881.jpg,217,13,483,307,-1,-1
00014882.jpg,219,14,485,308,-1,-1
00014883.jpg,223,16,489,310,-1,-1
00014884.jpg,226,17,492,311,-1,-1
00014885.jpg,227,18,493,312,-1,-1
00014886.jpg,228,16,494,310,-1,-1
00014887.jpg,229,15,495,309,-1,-1
00014888.jpg,232,15,498,309,751,150
00014889.jpg,236,15,502,309,754,153
00014890.jpg,240,14,506,308,752,155
00014891.jpg,243,7,509,301,750,155
00014892.jpg,246,6,512,300,750,155
00014893.jpg,251,6,517,300,750,155
00014894.jpg,256,6,522,300,750,155
00014895.jpg,263,7,529,301,750,155
00014896.jpg,276,9,542,303,750,155
00014897.jpg,280,7,546,301,750,155
00014898.jpg,284,6,550,300,750,155
00014899.jpg,287,4,553,298,750,155
00014900.jpg,291,4,557,298,750,155
00014901.jpg,295,2,561,296,750,155
00014902.jpg,296,0,562,294,750,155
00014903.jpg,297,0,563,294,750,155
00014904.jpg,298,0,564,294,750,155
00014905.jpg,299,0,565,294,750,155
00014906.jpg,300,0,566,294,750,155
00014907.jpg,300,0,566,294,750,155
00014908.jpg,300,0,566,294,754,155
00014909.jpg,301,0,567,294,757,158
00014910.jpg,301,0,567,294,757,158
00014911.jpg,301,0,567,294,757,158
