00018611.jpg,1095,351,1248,533,1371,229
00018612.jpg,1095,351,1248,533,1373,225
00018613.jpg,1095,351,1248,533,1373,225
00018614.jpg,1095,351,1248,533,1373,225
00018615.jpg,1095,351,1248,533,1373,225
00018616.jpg,1095,351,1248,533,1373,225
00018617.jpg,1094,351,1247,533,1373,225
00018618.jpg,1094,352,1247,534,1373,225
00018619.jpg,1094,352,1247,534,1373,225
00018620.jpg,1094,352,1247,534,1373,225
00018621.jpg,1094,352,1247,534,1370,216
00018622.jpg,1093,352,1246,534,1370,216
00018623.jpg,1093,352,1246,534,1370,209
00018624.jpg,1093,352,1246,534,1372,205
00018625.jpg,1093,352,1246,534,1373,208
00018626.jpg,1093,349,1244,532,1373,211
00018627.jpg,1093,349,1244,532,1376,214
00018628.jpg,1093,349,1244,532,1375,218
00018629.jpg,1093,349,1244,532,1375,221
00018630.jpg,1093,349,1244,532,1372,221
00018631.jpg,1092,349,1243,532,1371,220
00018632.jpg,1092,350,1243,533,1370,219
00018633.jpg,1092,350,1243,533,1366,221
00018634.jpg,1092,350,1243,533,1361,224
00018635.jpg,1092,350,1243,533,1355,228
00018636.jpg,1092,350,1243,533,1348,231
00018637.jpg,1092,350,1243,533,1337,233
00018638.jpg,1091,350,1242,533,1326,233
00018639.jpg,1091,350,1242,533,1317,234
00018640.jpg,1091,350,1242,533,1315,234
00018641.jpg,1091,350,1242,533,1315,234
00018642.jpg,1090,350,1241,533,1313,235
00018643.jpg,1090,350,1241,533,1316,235
00018644.jpg,1090,349,1241,532,1316,235
00018645.jpg,1090,349,1241,532,1316,235
00018646.jpg,1090,349,1241,532,1316,238
00018647.jpg,1090,349,1241,532,1315,238
00018648.jpg,1090,349,1241,532,1312,239
00018649.jpg,1090,349,1241,532,1313,248
00018650.jpg,1090,349,1241,532,1313,255
00018651.jpg,1090,348,1241,531,1315,259
00018652.jpg,1090,348,1241,531,1312,266
00018653.jpg,1090,348,1241,531,1311,274
00018654.jpg,1089,348,1240,531,1306,274
00018655.jpg,1089,348,1240,531,1303,274
00018656.jpg,1089,348,1240,531,1295,274
00018657.jpg,1088,348,1239,531,1291,276
00018658.jpg,1088,347,1239,530,1277,275
00018659.jpg,1088,346,1239,529,1273,273
00018660.jpg,1088,345,1239,528,1267,269
00018661.jpg,1087,343,1238,526,1266,268
00018662.jpg,1086,342,1237,525,1261,268
00018663.jpg,1085,341,1236,524,1260,270
00018664.jpg,1083,340,1234,523,1256,278
00018665.jpg,1080,339,1231,522,1252,279
00018666.jpg,1076,338,1227,521,1245,294
00018667.jpg,1071,337,1222,520,1243,299
00018668.jpg,1064,337,1215,520,1242,303
00018669.jpg,1056,338,1207,521,1238,303
00018670.jpg,1046,340,1197,523,1238,304
00018671.jpg,1037,343,1188,526,1238,309
00018672.jpg,1037,343,1188,526,1240,311
