00005754.jpg,341,206,483,344,582,237
00005755.jpg,341,206,483,344,584,237
00005756.jpg,341,206,483,344,586,237
00005757.jpg,341,206,483,344,589,236
00005758.jpg,341,205,483,343,589,236
00005759.jpg,342,204,484,342,589,234
00005760.jpg,342,204,484,342,592,234
00005761.jpg,343,203,485,341,594,233
00005762.jpg,343,203,485,341,596,233
00005763.jpg,344,203,486,341,598,233
00005764.jpg,344,203,486,341,598,233
00005765.jpg,342,203,484,341,598,232
00005766.jpg,342,204,484,342,601,232
00005767.jpg,348,213,488,350,600,232
00005768.jpg,348,213,488,350,602,230
00005769.jpg,349,213,489,350,605,230
00005770.jpg,349,213,489,350,605,230
00005771.jpg,350,213,490,350,608,229
00005772.jpg,350,212,490,349,608,229
00005773.jpg,350,212,490,349,609,229
00005774.jpg,351,212,491,349,609,229
00005775.jpg,351,213,491,350,609,229
00005776.jpg,352,214,492,351,609,229
00005777.jpg,352,214,492,351,610,229
00005778.jpg,353,215,493,352,610,229
00005779.jpg,353,215,493,352,610,229
00005780.jpg,354,215,494,352,-1,-1
00005781.jpg,354,214,494,351,-1,-1
00005782.jpg,354,214,494,351,-1,-1
00005783.jpg,342,205,489,344,-1,-1
00005784.jpg,342,205,489,344,-1,-1
00005785.jpg,342,204,489,343,1457,422
00005786.jpg,342,204,489,343,1460,422
00005787.jpg,342,203,489,342,1460,422
00005788.jpg,343,203,490,342,1461,424
00005789.jpg,343,203,490,342,1460,422
00005790.jpg,343,203,490,342,1460,425
00005791.jpg,343,203,490,342,1458,425
00005792.jpg,344,203,491,342,1464,425
00005793.jpg,344,204,491,343,1462,426
00005794.jpg,344,205,491,344,-1,-1
00005795.jpg,344,206,491,345,-1,-1
00005796.jpg,344,206,491,345,-1,-1
00005797.jpg,345,206,492,345,-1,-1
00005798.jpg,340,214,482,342,-1,-1
00005799.jpg,340,214,482,342,-1,-1
00005800.jpg,340,214,482,342,-1,-1
00005801.jpg,340,214,482,342,-1,-1
00005802.jpg,340,214,482,342,-1,-1
00005803.jpg,341,214,483,342,-1,-1
00005804.jpg,341,216,483,344,-1,-1
00005805.jpg,342,220,484,348,-1,-1
00005806.jpg,349,222,491,350,-1,-1
00005807.jpg,354,225,496,353,-1,-1
00005808.jpg,357,228,499,356,-1,-1
00005809.jpg,363,228,505,356,-1,-1
00005810.jpg,366,230,508,358,-1,-1
00005811.jpg,373,230,515,358,-1,-1
00005812.jpg,378,228,520,356,-1,-1
00005813.jpg,384,225,526,353,-1,-1
00005814.jpg,388,225,523,352,-1,-1
00005815.jpg,388,225,523,352,-1,-1
00005816.jpg,389,224,524,351,-1,-1
00005817.jpg,401,223,536,350,-1,-1
00005818.jpg,417,223,547,346,-1,-1
00005819.jpg,417,223,547,346,-1,-1
00005820.jpg,436,219,560,339,-1,-1
00005821.jpg,441,216,569,342,-1,-1
00005822.jpg,442,212,576,345,-1,-1
00005823.jpg,451,212,587,344,-1,-1
00005824.jpg,451,212,587,344,-1,-1
00005825.jpg,461,212,594,346,-1,-1
00005826.jpg,461,212,594,346,1514,733
00005827.jpg,471,218,603,349,1498,425
00005828.jpg,471,218,603,349,1498,420
00005829.jpg,472,218,604,349,1498,420
00005830.jpg,472,217,604,348,1502,420
00005831.jpg,473,216,605,347,1502,420
00005832.jpg,475,215,607,346,1506,420
00005833.jpg,477,215,609,346,1508,421
00005834.jpg,479,216,611,347,-1,-1
00005835.jpg,481,216,613,347,-1,-1
00005836.jpg,483,217,615,348,-1,-1
00005837.jpg,485,217,617,348,-1,-1
00005838.jpg,486,218,618,349,-1,-1
00005839.jpg,486,218,618,349,-1,-1
00005840.jpg,487,218,619,349,-1,-1
00005841.jpg,487,218,619,349,-1,-1
00005842.jpg,487,218,619,349,-1,-1
00005843.jpg,487,218,619,349,-1,-1
00005844.jpg,493,217,625,348,-1,-1
00005845.jpg,494,217,626,348,-1,-1
00005846.jpg,494,217,626,348,-1,-1
00005847.jpg,497,217,629,348,-1,-1
00005848.jpg,498,217,630,348,-1,-1
00005849.jpg,498,217,630,348,-1,-1
00005850.jpg,499,217,631,348,-1,-1
00005851.jpg,498,221,628,356,-1,-1
00005852.jpg,498,221,628,356,-1,-1
00005853.jpg,498,221,628,356,-1,-1
00005854.jpg,498,221,628,356,-1,-1
00005855.jpg,498,222,628,357,-1,-1
00005856.jpg,498,222,628,357,-1,-1
00005857.jpg,498,222,628,357,-1,-1
00005858.jpg,498,222,628,357,-1,-1
00005859.jpg,498,222,628,357,-1,-1
00005860.jpg,498,222,628,357,-1,-1
00005861.jpg,498,223,628,358,-1,-1
00005862.jpg,495,222,631,361,-1,-1
00005863.jpg,495,222,631,361,1516,422
00005864.jpg,495,223,631,362,1516,422
00005865.jpg,494,223,630,362,1516,422
00005866.jpg,494,224,630,363,1516,422
00005867.jpg,494,224,630,363,1516,422
00005868.jpg,494,224,630,363,1516,424
00005869.jpg,488,224,623,364,1516,421
00005870.jpg,488,224,623,364,1516,421
00005871.jpg,487,224,622,364,1521,422
00005872.jpg,487,224,622,364,1518,422
00005873.jpg,486,224,621,364,1517,422
00005874.jpg,483,224,618,364,1517,422
00005875.jpg,481,223,616,363,1517,422
00005876.jpg,480,223,615,363,1517,422
00005877.jpg,479,223,614,363,1517,422
00005878.jpg,478,223,613,363,1517,422
00005879.jpg,477,223,612,363,1517,422
00005880.jpg,477,222,612,362,1518,424
00005881.jpg,476,222,611,362,1520,424
00005882.jpg,476,222,611,362,1520,424
00005883.jpg,475,221,610,361,1520,424
00005884.jpg,475,221,610,361,1520,424
00005885.jpg,475,221,610,361,1517,424
00005886.jpg,475,220,610,360,1517,424
00005887.jpg,474,220,609,360,1516,422
00005888.jpg,474,220,609,360,1512,422
00005889.jpg,474,219,609,359,1510,422
00005890.jpg,474,219,609,359,1505,422
00005891.jpg,475,219,610,359,1501,422
00005892.jpg,475,218,610,358,1498,422
00005893.jpg,475,218,610,358,1498,422
00005894.jpg,475,218,610,358,1497,425
00005895.jpg,475,217,610,357,1497,430
00005896.jpg,475,217,610,357,1494,434
00005897.jpg,475,217,610,357,1496,445
00005898.jpg,475,217,610,357,1496,449
00005899.jpg,475,217,610,357,1497,449
00005900.jpg,475,217,610,357,1500,452
00005901.jpg,475,217,610,357,1496,458
00005902.jpg,475,216,610,356,1496,458
00005903.jpg,475,216,610,356,1490,458
00005904.jpg,475,216,610,356,1488,458
00005905.jpg,475,216,610,356,1485,458
