00005754.jpg,1437,353,1585,497,1096,246
00005755.jpg,1437,353,1585,497,1096,246
00005756.jpg,1439,353,1587,497,1097,246
00005757.jpg,1442,353,1590,497,1097,246
00005758.jpg,1444,353,1592,497,1097,246
00005759.jpg,1447,353,1595,497,1097,246
00005760.jpg,1449,353,1597,497,1097,246
00005761.jpg,1450,353,1598,497,1097,246
00005762.jpg,1451,353,1599,497,1101,244
00005763.jpg,1452,354,1600,498,1102,244
00005764.jpg,1452,354,1600,498,1104,244
00005765.jpg,1452,354,1600,498,1105,244
00005766.jpg,1451,354,1599,498,1105,244
00005767.jpg,1451,354,1599,498,1105,244
00005768.jpg,1450,354,1598,498,1105,244
00005769.jpg,1449,354,1597,498,1105,244
00005770.jpg,1448,354,1596,498,1109,244
00005771.jpg,1447,354,1595,498,1109,244
00005772.jpg,1445,354,1593,498,1109,244
00005773.jpg,1443,354,1591,498,1113,244
00005774.jpg,1441,354,1589,498,1114,244
00005775.jpg,1439,354,1587,498,1114,244
00005776.jpg,1436,354,1584,498,1114,244
00005777.jpg,1434,354,1582,498,1114,244
00005778.jpg,1432,354,1580,498,1114,244
00005779.jpg,1430,354,1578,498,1114,244
00005780.jpg,1429,354,1577,498,1114,244
00005781.jpg,1428,354,1576,498,1116,244
00005782.jpg,1427,354,1575,498,1116,244
00005783.jpg,1425,354,1573,498,1116,244
00005784.jpg,1424,354,1572,498,1116,244
00005785.jpg,1423,354,1571,498,1116,244
00005786.jpg,1423,354,1571,498,1116,244
00005787.jpg,1423,355,1571,499,1116,244
00005788.jpg,1423,355,1571,499,1116,244
00005789.jpg,1423,355,1571,499,1116,244
00005790.jpg,1424,355,1572,499,1116,244
00005791.jpg,1424,355,1572,499,597,230
00005792.jpg,1425,355,1573,499,450,260
00005793.jpg,1426,354,1574,498,449,260
00005794.jpg,1427,354,1575,498,446,260
00005795.jpg,1427,354,1575,498,444,260
00005796.jpg,1428,354,1576,498,444,260
00005797.jpg,1429,354,1577,498,441,260
00005798.jpg,1430,354,1578,498,441,260
00005799.jpg,1431,354,1579,498,441,260
00005800.jpg,1432,354,1580,498,440,260
00005801.jpg,1432,354,1580,498,440,260
00005802.jpg,1433,354,1581,498,437,260
00005803.jpg,1434,354,1582,498,437,260
00005804.jpg,1434,354,1582,498,440,264
00005805.jpg,1435,354,1583,498,441,265
00005806.jpg,1436,354,1584,498,449,269
00005807.jpg,1436,354,1584,498,453,274
00005808.jpg,1437,354,1585,498,456,274
00005809.jpg,1438,354,1586,498,460,274
00005810.jpg,1438,353,1586,497,468,276
00005811.jpg,1439,353,1587,497,470,276
00005812.jpg,1439,353,1587,497,478,276
00005813.jpg,1440,353,1588,497,476,276
00005814.jpg,1440,353,1588,497,482,273
00005815.jpg,1440,353,1588,497,488,273
00005816.jpg,1441,353,1589,497,494,273
00005817.jpg,1441,353,1589,497,501,277
00005818.jpg,1442,353,1590,497,506,277
00005819.jpg,1442,353,1590,497,517,276
00005820.jpg,1443,352,1591,496,524,274
00005821.jpg,1444,352,1592,496,528,274
00005822.jpg,1446,352,1594,496,540,274
00005823.jpg,1448,352,1596,496,548,274
00005824.jpg,1450,352,1598,496,558,274
00005825.jpg,1452,352,1600,496,562,276
00005826.jpg,1454,352,1602,496,569,276
00005827.jpg,1456,352,1604,496,573,276
00005828.jpg,1457,352,1605,496,578,276
00005829.jpg,1459,352,1607,496,580,277
00005830.jpg,1461,352,1609,496,581,277
00005831.jpg,1462,352,1610,496,578,277
00005832.jpg,1463,352,1611,496,580,277
00005833.jpg,1465,352,1613,496,580,277
00005834.jpg,1466,352,1614,496,585,278
00005835.jpg,1467,352,1615,496,586,282
00005836.jpg,1468,352,1616,496,592,282
00005837.jpg,1469,352,1617,496,592,282
00005838.jpg,1469,352,1617,496,594,282
00005839.jpg,1470,352,1618,496,594,282
00005840.jpg,1471,352,1619,496,594,282
00005841.jpg,1471,352,1619,496,594,282
00005842.jpg,1472,352,1620,496,594,282
00005843.jpg,1472,352,1620,496,594,282
00005844.jpg,1472,352,1620,496,593,282
00005845.jpg,1473,352,1621,496,593,282
00005846.jpg,1473,352,1621,496,594,284
00005847.jpg,1473,352,1621,496,593,282
00005848.jpg,1473,352,1621,496,596,285
00005849.jpg,1474,352,1622,496,596,285
00005850.jpg,1474,352,1622,496,596,285
00005851.jpg,1474,352,1622,496,596,285
00005852.jpg,1474,352,1622,496,596,285
00005853.jpg,1474,352,1622,496,596,285
00005854.jpg,1474,352,1622,496,596,285
00005855.jpg,1473,352,1621,496,596,285
00005856.jpg,1473,352,1621,496,596,285
00005857.jpg,1472,352,1620,496,596,285
00005858.jpg,1472,352,1620,496,596,285
00005859.jpg,1472,352,1620,496,596,285
00005860.jpg,1472,352,1620,496,596,286
00005861.jpg,1471,352,1619,496,600,292
00005862.jpg,1471,352,1619,496,600,294
00005863.jpg,1482,353,1621,495,601,294
00005864.jpg,1482,353,1621,495,602,300
00005865.jpg,1482,353,1621,495,604,300
00005866.jpg,1483,353,1622,495,601,300
00005867.jpg,1483,353,1622,495,600,300
00005868.jpg,1484,353,1623,495,597,301
00005869.jpg,1484,353,1623,495,596,301
00005870.jpg,1485,353,1624,495,597,302
00005871.jpg,1485,353,1624,495,592,302
00005872.jpg,1486,353,1625,495,593,304
00005873.jpg,1486,353,1625,495,589,304
00005874.jpg,1487,353,1626,495,588,302
00005875.jpg,1487,353,1626,495,588,302
00005876.jpg,1487,353,1626,495,586,302
00005877.jpg,1487,353,1626,495,588,304
00005878.jpg,1487,353,1626,495,586,301
00005879.jpg,1487,353,1626,495,586,301
00005880.jpg,1487,353,1626,495,585,301
00005881.jpg,1486,353,1625,495,582,302
00005882.jpg,1485,353,1624,495,582,301
00005883.jpg,1484,354,1623,496,582,300
00005884.jpg,1483,354,1622,496,581,300
00005885.jpg,1481,354,1620,496,580,300
00005886.jpg,1479,354,1618,496,580,300
00005887.jpg,1477,354,1616,496,578,300
00005888.jpg,1475,354,1614,496,577,301
00005889.jpg,1473,354,1612,496,577,301
00005890.jpg,1470,354,1609,496,577,301
00005891.jpg,1467,354,1606,496,577,301
00005892.jpg,1464,355,1603,497,577,301
00005893.jpg,1460,355,1599,497,577,301
00005894.jpg,1457,355,1596,497,556,484
00005895.jpg,1455,363,1596,506,-1,-1
00005896.jpg,1455,363,1596,506,-1,-1
00005897.jpg,1452,363,1593,506,1545,598
00005898.jpg,1442,368,1589,522,1540,600
00005899.jpg,1440,368,1587,522,1533,600
00005900.jpg,1438,368,1585,522,1528,597
00005901.jpg,1436,369,1583,523,1521,597
00005902.jpg,1434,369,1581,523,1513,594
00005903.jpg,1432,369,1579,523,1504,592
00005904.jpg,1430,369,1577,523,1497,586
00005905.jpg,1430,369,1577,523,1493,582
