00021188.jpg,762,198,1674,993,-1,-1
00021189.jpg,762,198,1674,993,-1,-1
00021190.jpg,762,198,1674,993,-1,-1
00021191.jpg,762,198,1674,993,-1,-1
00021192.jpg,757,199,1669,994,-1,-1
00021193.jpg,757,199,1669,994,-1,-1
00021194.jpg,753,200,1665,995,-1,-1
00021195.jpg,750,198,1662,993,-1,-1
00021196.jpg,748,195,1660,990,-1,-1
00021197.jpg,747,191,1659,986,-1,-1
00021198.jpg,747,191,1659,986,-1,-1
00021199.jpg,746,186,1658,981,-1,-1
00021200.jpg,744,181,1656,976,-1,-1
00021201.jpg,742,178,1654,973,-1,-1
00021202.jpg,741,175,1653,970,-1,-1
00021203.jpg,741,175,1653,970,-1,-1
00021204.jpg,740,174,1652,969,-1,-1
00021205.jpg,742,174,1654,969,-1,-1
00021206.jpg,745,173,1657,968,-1,-1
00021207.jpg,748,172,1660,967,-1,-1
00021208.jpg,748,172,1660,967,-1,-1
00021209.jpg,751,171,1663,966,-1,-1
00021210.jpg,753,170,1665,965,-1,-1
00021211.jpg,755,170,1667,965,-1,-1
00021212.jpg,758,171,1670,966,-1,-1
00021213.jpg,758,171,1670,966,-1,-1
00021214.jpg,761,169,1673,964,-1,-1
00021215.jpg,768,166,1680,961,-1,-1
00021216.jpg,775,164,1687,959,-1,-1
00021217.jpg,781,163,1693,958,-1,-1
00021218.jpg,781,163,1693,958,-1,-1
00021219.jpg,783,162,1695,957,-1,-1
00021220.jpg,784,164,1696,959,-1,-1
00021221.jpg,784,168,1696,963,-1,-1
00021222.jpg,783,172,1695,967,-1,-1
00021223.jpg,783,172,1695,967,-1,-1
00021224.jpg,785,176,1697,971,-1,-1
00021225.jpg,786,178,1698,973,-1,-1
00021226.jpg,786,183,1698,978,-1,-1
00021227.jpg,781,189,1693,984,-1,-1
00021228.jpg,781,189,1693,984,-1,-1
00021229.jpg,777,194,1689,989,-1,-1
00021230.jpg,772,197,1684,992,-1,-1
00021231.jpg,771,198,1683,993,-1,-1
00021232.jpg,771,198,1683,993,-1,-1
00021233.jpg,771,198,1683,993,-1,-1
00021234.jpg,773,197,1685,992,-1,-1
00021235.jpg,774,195,1686,990,-1,-1
00021236.jpg,777,192,1689,987,-1,-1
00021237.jpg,781,188,1693,983,-1,-1
00021238.jpg,781,188,1693,983,-1,-1
00021239.jpg,779,182,1691,977,-1,-1
00021240.jpg,777,176,1689,971,-1,-1
00021241.jpg,773,171,1685,966,-1,-1
00021242.jpg,767,167,1679,962,-1,-1
00021243.jpg,767,167,1679,962,-1,-1
00021244.jpg,759,165,1671,960,-1,-1
00021245.jpg,751,164,1663,959,-1,-1
00021246.jpg,745,163,1657,958,-1,-1
00021247.jpg,740,164,1652,959,-1,-1
00021248.jpg,740,164,1652,959,-1,-1
00021249.jpg,737,165,1649,960,-1,-1
00021250.jpg,737,167,1649,962,-1,-1
00021251.jpg,740,170,1652,965,-1,-1
00021252.jpg,741,172,1653,967,-1,-1
00021253.jpg,741,172,1653,967,-1,-1
00021254.jpg,742,175,1654,970,-1,-1
00021255.jpg,741,177,1653,972,-1,-1
00021256.jpg,740,178,1652,973,-1,-1
00021257.jpg,740,177,1652,972,-1,-1
00021258.jpg,740,177,1652,972,-1,-1
00021259.jpg,742,176,1654,971,-1,-1
00021260.jpg,744,174,1656,969,-1,-1
00021261.jpg,746,175,1658,970,-1,-1
00021262.jpg,744,180,1656,975,-1,-1
00021263.jpg,744,180,1656,975,-1,-1
00021264.jpg,736,171,1667,981,-1,-1
00021265.jpg,736,171,1667,981,-1,-1
00021266.jpg,738,171,1669,981,-1,-1
00021267.jpg,739,171,1670,981,-1,-1
00021268.jpg,739,171,1670,981,-1,-1
00021269.jpg,739,169,1670,979,-1,-1
00021270.jpg,739,166,1670,976,-1,-1
00021271.jpg,739,165,1670,975,-1,-1
00021272.jpg,739,165,1670,975,-1,-1
00021273.jpg,739,165,1670,975,-1,-1
00021274.jpg,740,165,1671,975,-1,-1
00021275.jpg,742,165,1673,975,-1,-1
00021276.jpg,743,166,1674,976,-1,-1
00021277.jpg,745,168,1676,978,-1,-1
00021278.jpg,745,168,1676,978,-1,-1
00021279.jpg,746,170,1677,980,-1,-1
00021280.jpg,748,173,1679,983,-1,-1
00021281.jpg,748,176,1679,986,-1,-1
00021282.jpg,749,178,1680,988,-1,-1
00021283.jpg,749,178,1680,988,-1,-1
00021284.jpg,750,181,1681,991,-1,-1
00021285.jpg,749,183,1680,993,-1,-1
00021286.jpg,748,185,1679,995,-1,-1
00021287.jpg,745,188,1676,998,-1,-1
00021288.jpg,745,188,1676,998,-1,-1
00021289.jpg,743,190,1674,1000,-1,-1
00021290.jpg,740,196,1671,1006,-1,-1
00021291.jpg,736,200,1667,1010,-1,-1
00021292.jpg,742,198,1673,1008,-1,-1
00021293.jpg,742,198,1673,1008,-1,-1
00021294.jpg,748,194,1679,1004,-1,-1
00021295.jpg,750,192,1681,1002,-1,-1
00021296.jpg,749,195,1680,1005,-1,-1
00021297.jpg,749,197,1680,1007,-1,-1
00021298.jpg,749,197,1680,1007,-1,-1
00021299.jpg,750,198,1681,1008,-1,-1
00021300.jpg,753,198,1684,1008,-1,-1
00021301.jpg,754,198,1685,1008,-1,-1
00021302.jpg,754,198,1685,1008,-1,-1
00021303.jpg,754,198,1685,1008,-1,-1
00021304.jpg,754,197,1685,1007,-1,-1
00021305.jpg,753,194,1684,1004,-1,-1
00021306.jpg,750,193,1681,1003,-1,-1
00021307.jpg,746,192,1677,1002,-1,-1
00021308.jpg,746,192,1677,1002,-1,-1
00021309.jpg,743,192,1674,1002,-1,-1
00021310.jpg,743,190,1674,1000,-1,-1
00021311.jpg,746,183,1677,993,-1,-1
00021312.jpg,744,188,1675,998,-1,-1
00021313.jpg,744,188,1675,998,-1,-1
00021314.jpg,739,201,1670,1011,-1,-1
00021315.jpg,735,209,1666,1019,-1,-1
00021316.jpg,732,210,1663,1020,-1,-1
00021317.jpg,734,206,1665,1016,-1,-1
00021318.jpg,734,206,1665,1016,-1,-1
00021319.jpg,733,199,1664,1009,-1,-1
00021320.jpg,729,194,1660,1004,-1,-1
00021321.jpg,720,192,1651,1002,-1,-1
00021322.jpg,713,189,1644,999,-1,-1
00021323.jpg,713,189,1644,999,-1,-1
00021324.jpg,711,189,1642,999,-1,-1
00021325.jpg,715,190,1646,1000,-1,-1
00021326.jpg,723,193,1654,1003,-1,-1
00021327.jpg,727,199,1658,1009,-1,-1
00021328.jpg,727,199,1658,1009,-1,-1
00021329.jpg,732,201,1663,1011,-1,-1
00021330.jpg,739,198,1670,1008,-1,-1
00021331.jpg,746,196,1677,1006,-1,-1
00021332.jpg,742,205,1673,1015,-1,-1
00021333.jpg,742,204,1673,1014,-1,-1
00021334.jpg,746,202,1677,1012,-1,-1
00021335.jpg,749,200,1680,1010,-1,-1
00021336.jpg,756,192,1687,1002,-1,-1
00021337.jpg,759,189,1690,999,-1,-1
00021338.jpg,759,189,1690,999,-1,-1
00021339.jpg,759,189,1690,999,-1,-1
