00000029.jpg,577,542,846,834,706,970
00000030.jpg,577,542,846,834,704,970
00000031.jpg,577,542,846,834,702,970
00000032.jpg,550,541,823,816,705,970
00000033.jpg,550,541,823,816,701,970
00000034.jpg,551,537,824,812,702,972
00000035.jpg,553,535,826,810,794,916
00000036.jpg,556,535,829,810,800,909
00000037.jpg,558,537,831,812,812,894
00000038.jpg,558,537,831,812,813,892
00000039.jpg,562,539,835,814,966,724
00000040.jpg,568,539,841,814,1116,529
00000041.jpg,574,539,847,814,1174,386
00000042.jpg,580,537,853,812,1174,386
00000043.jpg,580,537,853,812,1174,386
00000044.jpg,587,535,860,810,1174,385
00000045.jpg,592,531,865,806,1013,305
00000046.jpg,598,526,871,801,1018,300
00000047.jpg,604,522,877,797,1029,292
00000048.jpg,604,522,877,797,1030,290
00000049.jpg,612,518,885,793,1041,284
00000050.jpg,620,514,893,789,1056,278
00000051.jpg,629,510,902,785,1078,266
00000052.jpg,618,507,891,782,1100,258
00000053.jpg,617,507,890,782,1100,258
00000054.jpg,628,501,901,776,1112,250
00000055.jpg,667,495,940,770,1120,658
00000056.jpg,680,496,953,771,993,788
00000057.jpg,695,500,968,775,909,905
00000058.jpg,695,500,968,775,909,905
00000059.jpg,710,504,983,779,850,924
00000060.jpg,710,504,983,779,853,926
