00044385.jpg,812,290,1190,723,-1,-1
00044386.jpg,812,290,1190,723,-1,-1
00044387.jpg,812,290,1190,723,-1,-1
00044388.jpg,812,290,1190,723,-1,-1
00044389.jpg,814,290,1192,723,-1,-1
00044390.jpg,817,291,1195,724,-1,-1
00044391.jpg,821,290,1199,723,-1,-1
00044392.jpg,827,289,1205,722,-1,-1
00044393.jpg,830,287,1208,720,-1,-1
00044394.jpg,832,284,1210,717,-1,-1
00044395.jpg,831,278,1209,711,-1,-1
00044396.jpg,836,274,1214,707,-1,-1
00044397.jpg,845,265,1223,698,-1,-1
00044398.jpg,851,283,1217,696,-1,-1
00044399.jpg,851,283,1217,696,-1,-1
00044400.jpg,861,285,1227,698,-1,-1
00044401.jpg,871,287,1237,700,-1,-1
00044402.jpg,884,287,1250,700,-1,-1
00044403.jpg,899,283,1265,696,-1,-1
00044404.jpg,907,283,1273,696,-1,-1
00044405.jpg,919,283,1285,696,-1,-1
00044406.jpg,931,284,1297,697,-1,-1
00044407.jpg,937,285,1303,698,-1,-1
00044408.jpg,941,286,1307,699,-1,-1
00044409.jpg,944,286,1310,699,-1,-1
00044410.jpg,947,286,1313,699,-1,-1
00044411.jpg,949,284,1315,697,-1,-1
00044412.jpg,951,283,1317,696,-1,-1
00044413.jpg,951,283,1317,696,-1,-1
00044414.jpg,947,286,1313,699,-1,-1
00044415.jpg,946,288,1312,701,-1,-1
00044416.jpg,941,290,1307,703,-1,-1
00044417.jpg,939,290,1305,703,-1,-1
00044418.jpg,934,293,1300,706,-1,-1
00044419.jpg,932,294,1298,707,-1,-1
00044420.jpg,930,293,1296,706,-1,-1
00044421.jpg,927,294,1293,707,-1,-1
00044422.jpg,926,294,1292,707,-1,-1
00044423.jpg,921,297,1287,710,-1,-1
00044424.jpg,922,302,1292,719,-1,-1
00044425.jpg,922,302,1292,719,-1,-1
00044426.jpg,922,303,1292,720,-1,-1
00044427.jpg,923,302,1293,719,-1,-1
00044428.jpg,924,301,1294,718,-1,-1
00044429.jpg,924,300,1294,717,-1,-1
00044430.jpg,924,300,1294,717,-1,-1
00044431.jpg,925,300,1295,717,-1,-1
00044432.jpg,929,304,1300,717,-1,-1
00044433.jpg,929,304,1300,717,-1,-1
00044434.jpg,926,300,1297,713,-1,-1
00044435.jpg,929,304,1300,717,-1,-1
00044436.jpg,929,304,1300,717,-1,-1
00044437.jpg,924,302,1295,715,-1,-1
00044438.jpg,917,300,1288,713,-1,-1
00044439.jpg,916,299,1287,712,-1,-1
00044440.jpg,915,300,1285,713,-1,-1
00044441.jpg,915,301,1285,714,-1,-1
00044442.jpg,915,301,1285,716,558,631
00044443.jpg,915,301,1285,716,558,625
00044444.jpg,920,301,1295,715,557,621
00044445.jpg,933,302,1304,715,561,619
00044446.jpg,933,302,1304,715,562,623
