00008931.jpg,755,129,889,281,908,440
00008932.jpg,755,129,889,281,908,440
00008933.jpg,755,129,889,281,908,440
00008934.jpg,755,129,889,281,910,437
00008935.jpg,755,129,889,281,910,437
00008936.jpg,756,129,890,281,954,390
00008937.jpg,756,129,890,281,946,330
00008938.jpg,756,129,890,281,944,332
00008939.jpg,757,129,891,281,942,332
00008940.jpg,757,130,891,282,949,329
00008941.jpg,757,130,891,282,952,321
00008942.jpg,758,130,892,282,961,316
00008943.jpg,758,130,892,282,-1,-1
00008944.jpg,758,131,892,283,-1,-1
00008945.jpg,758,131,892,283,-1,-1
00008946.jpg,758,131,892,283,-1,-1
00008947.jpg,758,131,892,283,-1,-1
00008948.jpg,758,132,892,284,-1,-1
00008949.jpg,758,132,892,284,-1,-1
00008950.jpg,758,132,892,284,-1,-1
00008951.jpg,758,133,892,285,-1,-1
00008952.jpg,758,133,892,285,-1,-1
00008953.jpg,758,133,892,285,-1,-1
00008954.jpg,758,134,892,286,-1,-1
00008955.jpg,758,135,892,287,-1,-1
00008956.jpg,758,135,892,287,-1,-1
00008957.jpg,758,135,892,287,-1,-1
00008958.jpg,758,135,892,287,-1,-1
00008959.jpg,758,135,892,287,-1,-1
00008960.jpg,758,135,892,287,-1,-1
00008961.jpg,758,135,892,287,-1,-1
00008962.jpg,758,134,892,286,-1,-1
00008963.jpg,758,134,892,286,-1,-1
00008964.jpg,758,134,892,286,-1,-1
00008965.jpg,757,134,891,286,-1,-1
00008966.jpg,757,134,891,286,-1,-1
00008967.jpg,757,134,891,286,-1,-1
00008968.jpg,757,134,891,286,-1,-1
00008969.jpg,757,134,891,286,-1,-1
00008970.jpg,756,134,890,286,-1,-1
00008971.jpg,756,134,890,286,-1,-1
00008972.jpg,756,134,890,286,-1,-1
00008973.jpg,756,134,890,286,-1,-1
00008974.jpg,756,134,890,286,-1,-1
00008975.jpg,756,134,890,286,-1,-1
00008976.jpg,755,134,889,286,-1,-1
00008977.jpg,755,134,889,286,-1,-1
00008978.jpg,755,134,889,286,-1,-1
00008979.jpg,755,134,889,286,-1,-1
00008980.jpg,755,135,889,287,-1,-1
00008981.jpg,755,135,889,287,-1,-1
00008982.jpg,754,135,888,287,-1,-1
00008983.jpg,754,135,888,287,-1,-1
00008984.jpg,754,135,888,287,-1,-1
00008985.jpg,754,135,888,287,-1,-1
00008986.jpg,754,134,888,286,-1,-1
00008987.jpg,753,134,887,286,-1,-1
00008988.jpg,753,134,887,286,-1,-1
00008989.jpg,753,134,887,286,-1,-1
00008990.jpg,753,134,887,286,-1,-1
00008991.jpg,753,135,887,287,-1,-1
00008992.jpg,753,135,887,287,-1,-1
00008993.jpg,753,136,887,288,-1,-1
00008994.jpg,753,136,887,288,-1,-1
00008995.jpg,753,136,887,288,-1,-1
00008996.jpg,753,136,887,288,-1,-1
00008997.jpg,753,131,887,283,-1,-1
00008998.jpg,753,136,887,288,-1,-1
00008999.jpg,753,136,887,288,-1,-1
00009000.jpg,753,136,887,288,-1,-1
00009001.jpg,753,136,887,288,-1,-1
00009002.jpg,753,136,887,288,-1,-1
00009003.jpg,753,136,887,288,-1,-1
00009004.jpg,753,136,887,288,-1,-1
00009005.jpg,754,136,888,288,-1,-1
00009006.jpg,754,136,888,288,-1,-1
00009007.jpg,755,133,889,285,-1,-1
00009008.jpg,755,132,889,284,-1,-1
00009009.jpg,755,132,889,284,-1,-1
00009010.jpg,755,132,889,284,-1,-1
00009011.jpg,755,131,889,283,-1,-1
00009012.jpg,756,132,890,284,-1,-1
00009013.jpg,756,132,890,284,-1,-1
00009014.jpg,750,136,884,288,-1,-1
00009015.jpg,756,131,890,283,-1,-1
00009016.jpg,756,131,890,283,-1,-1
00009017.jpg,751,136,885,288,-1,-1
00009018.jpg,751,136,885,288,-1,-1
00009019.jpg,757,132,891,284,-1,-1
00009020.jpg,757,132,891,284,545,348
00009021.jpg,757,132,891,284,576,430
00009022.jpg,757,131,891,283,572,429
00009023.jpg,758,132,892,284,573,424
00009024.jpg,758,131,892,283,577,420
00009025.jpg,759,131,893,283,574,420
00009026.jpg,759,131,893,283,573,417
00009027.jpg,759,131,893,283,572,410
00009028.jpg,760,131,894,283,574,405
00009029.jpg,760,131,894,283,812,322
00009030.jpg,761,131,895,283,812,322
00009031.jpg,762,131,896,283,812,322
00009032.jpg,762,131,896,283,812,322
00009033.jpg,763,132,897,284,812,322
00009034.jpg,764,133,898,285,812,322
00009035.jpg,764,132,898,284,812,322
00009036.jpg,765,132,899,284,812,322
00009037.jpg,766,133,900,285,-1,-1
00009038.jpg,767,133,901,285,-1,-1
00009039.jpg,767,133,901,285,-1,-1
00009040.jpg,768,133,902,285,-1,-1
00009041.jpg,769,134,903,286,-1,-1
00009042.jpg,769,133,903,285,-1,-1
00009043.jpg,770,134,904,286,-1,-1
00009044.jpg,771,134,905,286,-1,-1
00009045.jpg,771,134,905,286,-1,-1
00009046.jpg,772,135,906,287,-1,-1
00009047.jpg,772,135,906,287,-1,-1
00009048.jpg,772,135,906,287,-1,-1
00009049.jpg,772,135,906,287,-1,-1
00009050.jpg,773,135,907,287,808,314
00009051.jpg,773,135,907,287,809,312
00009052.jpg,773,135,907,287,880,445
00009053.jpg,773,135,907,287,976,437
00009054.jpg,774,135,908,287,1037,365
00009055.jpg,774,135,908,287,1032,361
00009056.jpg,774,136,908,288,1040,356
00009057.jpg,774,136,908,288,1040,354
00009058.jpg,774,135,908,287,1045,352
00009059.jpg,775,136,909,288,1048,349
00009060.jpg,775,136,909,288,1048,349
00009061.jpg,776,136,910,288,1048,348
00009062.jpg,776,136,910,288,1046,346
00009063.jpg,776,136,910,288,977,440
00009064.jpg,777,136,911,288,973,438
00009065.jpg,777,136,911,288,974,438
00009066.jpg,777,137,911,289,974,438
00009067.jpg,777,137,911,289,973,436
00009068.jpg,778,137,912,289,976,434
00009069.jpg,778,137,912,289,972,436
00009070.jpg,779,137,913,289,930,462
00009071.jpg,780,137,914,289,930,465
00009072.jpg,780,137,914,289,928,465
00009073.jpg,781,136,915,288,930,462
00009074.jpg,781,137,915,289,930,464
00009075.jpg,781,137,915,289,928,462
00009076.jpg,782,137,916,289,928,462
00009077.jpg,782,137,916,289,928,464
00009078.jpg,782,137,916,289,929,464
00009079.jpg,782,137,916,289,929,465
00009080.jpg,782,137,916,289,933,469
00009081.jpg,782,137,916,289,929,469
00009082.jpg,782,137,916,289,1014,694
00009083.jpg,782,137,916,289,1086,721
00009084.jpg,782,137,916,289,1046,418
00009085.jpg,782,137,916,289,1418,484
00009086.jpg,782,137,916,289,1416,484
00009087.jpg,782,137,916,289,1416,484
00009088.jpg,782,137,916,289,1540,304
00009089.jpg,787,142,932,310,1538,304
00009090.jpg,787,142,932,310,1540,304
00009091.jpg,788,143,933,311,1541,304
00009092.jpg,789,144,934,312,1540,305
00009093.jpg,791,147,936,315,1540,306
00009094.jpg,792,149,937,317,1541,305
00009095.jpg,794,152,939,320,1541,308
00009096.jpg,795,154,940,322,1540,304
00009097.jpg,796,155,941,323,1538,305
00009098.jpg,796,156,941,324,1541,305
00009099.jpg,797,156,942,324,1540,305
00009100.jpg,797,155,942,323,1541,305
00009101.jpg,797,154,942,322,1541,305
00009102.jpg,797,153,942,321,1541,305
00009103.jpg,796,148,941,316,1542,305
00009104.jpg,795,147,940,315,1541,305
00009105.jpg,794,143,939,311,1538,308
00009106.jpg,792,142,937,310,1537,306
00009107.jpg,791,140,936,308,1536,309
00009108.jpg,790,136,935,304,1533,313
00009109.jpg,788,131,933,299,1532,317
00009110.jpg,787,130,932,298,1532,318
00009111.jpg,787,130,932,298,1533,320
