00006083.jpg,1231,42,1458,317,-1,-1
00006084.jpg,1231,42,1458,317,-1,-1
00006085.jpg,1231,42,1458,317,-1,-1
00006086.jpg,1231,42,1458,317,-1,-1
00006087.jpg,1231,42,1458,317,-1,-1
00006088.jpg,1231,42,1458,317,-1,-1
00006089.jpg,1231,42,1458,317,-1,-1
00006090.jpg,1231,42,1458,317,-1,-1
00006091.jpg,1231,42,1458,317,-1,-1
00006092.jpg,1231,42,1458,317,-1,-1
00006093.jpg,1231,42,1458,317,-1,-1
00006094.jpg,1231,42,1458,317,-1,-1
00006095.jpg,1231,42,1458,317,-1,-1
00006096.jpg,1231,42,1458,317,-1,-1
00006097.jpg,1231,42,1458,317,-1,-1
00006098.jpg,1231,42,1458,317,-1,-1
00006099.jpg,1231,42,1458,317,-1,-1
00006100.jpg,1231,42,1458,317,-1,-1
00006101.jpg,1231,42,1458,317,-1,-1
00006102.jpg,1231,42,1458,317,-1,-1
00006103.jpg,1230,42,1457,317,-1,-1
00006104.jpg,1230,42,1457,317,-1,-1
00006105.jpg,1230,42,1457,317,-1,-1
00006106.jpg,1230,42,1457,317,-1,-1
00006107.jpg,1230,42,1457,317,-1,-1
00006108.jpg,1230,42,1457,317,-1,-1
00006109.jpg,1230,42,1457,317,-1,-1
00006110.jpg,1230,42,1457,317,-1,-1
00006111.jpg,1230,42,1457,317,-1,-1
00006112.jpg,1230,42,1457,317,-1,-1
00006113.jpg,1230,42,1457,317,-1,-1
00006114.jpg,1230,42,1457,317,-1,-1
00006115.jpg,1230,42,1457,317,-1,-1
00006116.jpg,1229,42,1456,317,-1,-1
00006117.jpg,1229,42,1456,317,-1,-1
00006118.jpg,1229,42,1456,317,-1,-1
00006119.jpg,1229,42,1456,317,-1,-1
00006120.jpg,1229,42,1456,317,-1,-1
00006121.jpg,1229,42,1456,317,-1,-1
00006122.jpg,1229,42,1456,317,-1,-1
00006123.jpg,1229,42,1456,317,-1,-1
00006124.jpg,1229,42,1456,317,-1,-1
00006125.jpg,1229,42,1456,317,-1,-1
00006126.jpg,1229,42,1456,317,-1,-1
00006127.jpg,1229,42,1456,317,-1,-1
00006128.jpg,1228,42,1455,317,-1,-1
00006129.jpg,1228,42,1455,317,-1,-1
00006130.jpg,1228,42,1455,317,-1,-1
00006131.jpg,1228,42,1455,317,-1,-1
00006132.jpg,1228,42,1455,317,-1,-1
00006133.jpg,1228,42,1455,317,-1,-1
00006134.jpg,1228,42,1455,317,-1,-1
00006135.jpg,1228,42,1455,317,-1,-1
00006136.jpg,1228,42,1455,317,-1,-1
00006137.jpg,1227,42,1454,317,-1,-1
00006138.jpg,1227,42,1454,317,-1,-1
00006139.jpg,1227,42,1454,317,-1,-1
00006140.jpg,1227,42,1454,317,-1,-1
00006141.jpg,1227,42,1454,317,-1,-1
00006142.jpg,1227,42,1454,317,-1,-1
00006143.jpg,1227,42,1454,317,-1,-1
00006144.jpg,1227,42,1454,317,-1,-1
00006145.jpg,1226,42,1453,317,-1,-1
00006146.jpg,1226,42,1453,317,-1,-1
00006147.jpg,1226,42,1453,317,-1,-1
00006148.jpg,1226,42,1453,317,-1,-1
00006149.jpg,1226,43,1453,318,-1,-1
00006150.jpg,1226,42,1453,317,-1,-1
00006151.jpg,1226,43,1453,318,-1,-1
00006152.jpg,1226,43,1453,318,-1,-1
00006153.jpg,1226,43,1453,318,-1,-1
00006154.jpg,1226,43,1453,318,-1,-1
00006155.jpg,1226,43,1453,318,-1,-1
00006156.jpg,1226,43,1453,318,-1,-1
00006157.jpg,1226,43,1453,318,-1,-1
00006158.jpg,1226,43,1453,318,-1,-1
00006159.jpg,1226,43,1453,318,-1,-1
00006160.jpg,1226,43,1453,318,-1,-1
00006161.jpg,1226,43,1453,318,-1,-1
00006162.jpg,1226,43,1453,318,-1,-1
00006163.jpg,1226,43,1453,318,-1,-1
00006164.jpg,1226,43,1453,318,-1,-1
00006165.jpg,1226,43,1453,318,-1,-1
00006166.jpg,1226,43,1453,318,-1,-1
00006167.jpg,1226,43,1453,318,-1,-1
00006168.jpg,1226,43,1453,318,-1,-1
00006169.jpg,1226,43,1453,318,-1,-1
00006170.jpg,1226,43,1453,318,-1,-1
00006171.jpg,1226,43,1453,318,-1,-1
00006172.jpg,1226,43,1453,318,-1,-1
00006173.jpg,1226,43,1453,318,-1,-1
00006174.jpg,1226,42,1453,317,-1,-1
00006175.jpg,1226,42,1453,317,-1,-1
00006176.jpg,1225,43,1452,318,-1,-1
00006177.jpg,1225,42,1452,317,-1,-1
00006178.jpg,1225,42,1452,317,-1,-1
00006179.jpg,1225,42,1452,317,-1,-1
00006180.jpg,1225,42,1452,317,-1,-1
00006181.jpg,1225,42,1452,317,-1,-1
00006182.jpg,1225,42,1452,317,-1,-1
00006183.jpg,1225,42,1452,317,-1,-1
00006184.jpg,1225,42,1452,317,-1,-1
00006185.jpg,1225,42,1452,317,-1,-1
00006186.jpg,1225,42,1452,317,-1,-1
00006187.jpg,1225,42,1452,317,-1,-1
00006188.jpg,1225,42,1452,317,-1,-1
00006189.jpg,1225,42,1452,317,-1,-1
00006190.jpg,1226,42,1453,317,-1,-1
00006191.jpg,1226,42,1453,317,-1,-1
00006192.jpg,1226,42,1453,317,-1,-1
00006193.jpg,1226,42,1453,317,-1,-1
00006194.jpg,1226,42,1453,317,-1,-1
00006195.jpg,1226,42,1453,317,-1,-1
00006196.jpg,1226,42,1453,317,-1,-1
00006197.jpg,1226,42,1453,317,-1,-1
00006198.jpg,1226,43,1453,318,-1,-1
00006199.jpg,1226,43,1453,318,-1,-1
00006200.jpg,1226,43,1453,318,-1,-1
00006201.jpg,1226,43,1453,318,-1,-1
00006202.jpg,1226,43,1453,318,-1,-1
00006203.jpg,1226,43,1453,318,-1,-1
00006204.jpg,1226,43,1453,318,-1,-1
00006205.jpg,1226,43,1453,318,-1,-1
00006206.jpg,1226,43,1453,318,-1,-1
00006207.jpg,1226,43,1453,318,-1,-1
00006208.jpg,1226,43,1453,318,-1,-1
00006209.jpg,1226,43,1453,318,-1,-1
00006210.jpg,1226,43,1453,318,-1,-1
00006211.jpg,1226,43,1453,318,-1,-1
00006212.jpg,1226,43,1453,318,-1,-1
00006213.jpg,1226,43,1453,318,-1,-1
00006214.jpg,1226,43,1453,318,-1,-1
00006215.jpg,1226,43,1453,318,-1,-1
00006216.jpg,1226,43,1453,318,-1,-1
00006217.jpg,1226,43,1453,318,-1,-1
00006218.jpg,1226,43,1453,318,-1,-1
00006219.jpg,1226,43,1453,318,-1,-1
00006220.jpg,1226,43,1453,318,-1,-1
00006221.jpg,1226,43,1453,318,-1,-1
00006222.jpg,1226,43,1453,318,-1,-1
00006223.jpg,1226,43,1453,318,-1,-1
00006224.jpg,1226,43,1453,318,-1,-1
00006225.jpg,1225,43,1452,318,-1,-1
00006226.jpg,1225,43,1452,318,-1,-1
00006227.jpg,1226,43,1453,318,-1,-1
00006228.jpg,1226,43,1453,318,-1,-1
00006229.jpg,1226,43,1453,318,-1,-1
00006230.jpg,1226,43,1453,318,-1,-1
00006231.jpg,1226,43,1453,318,-1,-1
00006232.jpg,1226,43,1453,318,-1,-1
00006233.jpg,1226,43,1453,318,-1,-1
00006234.jpg,1226,43,1453,318,-1,-1
00006235.jpg,1226,43,1453,318,-1,-1
00006236.jpg,1227,42,1454,317,-1,-1
00006237.jpg,1227,42,1454,317,-1,-1
00006238.jpg,1227,43,1454,318,-1,-1
00006239.jpg,1227,43,1454,318,1350,625
00006240.jpg,1227,43,1454,318,1350,625
00006241.jpg,1227,43,1454,318,1349,624
00006242.jpg,1227,43,1454,318,1345,626
00006243.jpg,1228,43,1455,318,1345,629
00006244.jpg,1227,44,1454,319,1345,634
00006245.jpg,1216,61,1462,335,1342,634
00006246.jpg,1216,61,1462,335,1342,637
00006247.jpg,1216,62,1462,336,1342,640
00006248.jpg,1220,75,1454,347,1338,642
00006249.jpg,1220,75,1454,347,1337,654
00006250.jpg,1220,76,1454,348,1340,662
00006251.jpg,1220,76,1454,348,1340,673
00006252.jpg,1216,91,1457,352,1340,673
00006253.jpg,1216,91,1457,352,1340,673
00006254.jpg,1216,91,1457,352,1340,673
00006255.jpg,1216,92,1457,353,1340,673
00006256.jpg,1216,92,1457,353,1340,673
00006257.jpg,1216,92,1457,353,1342,673
00006258.jpg,1217,92,1458,353,1344,673
00006259.jpg,1217,92,1458,353,1344,673
00006260.jpg,1217,92,1458,353,1345,673
00006261.jpg,1217,92,1458,353,1345,673
00006262.jpg,1217,92,1458,353,1345,673
00006263.jpg,1218,91,1459,352,1345,673
00006264.jpg,1218,91,1459,352,1345,673
00006265.jpg,1218,90,1459,351,1345,673
00006266.jpg,1218,90,1459,351,1345,673
00006267.jpg,1219,89,1460,350,1345,673
00006268.jpg,1219,89,1460,350,1345,673
00006269.jpg,1210,66,1470,350,1345,673
00006270.jpg,1210,66,1470,350,1345,673
00006271.jpg,1210,65,1470,349,1345,673
00006272.jpg,1210,65,1470,349,1321,616
00006273.jpg,1210,65,1470,349,1412,705
00006274.jpg,1207,57,1461,330,1384,704
00006275.jpg,1207,57,1461,330,1368,700
00006276.jpg,1207,56,1461,329,1349,696
00006277.jpg,1206,56,1460,329,1332,690
00006278.jpg,1206,56,1460,329,1212,621
00006279.jpg,1206,56,1460,329,1078,472
00006280.jpg,1206,56,1460,329,1085,470
00006281.jpg,1206,56,1460,329,1082,470
00006282.jpg,1206,56,1460,329,1086,470
00006283.jpg,1206,56,1460,329,1088,470
00006284.jpg,1206,56,1460,329,-1,-1
00006285.jpg,1206,56,1460,329,-1,-1
00006286.jpg,1206,56,1460,329,-1,-1
00006287.jpg,1206,56,1460,329,-1,-1
00006288.jpg,1206,56,1460,329,-1,-1
00006289.jpg,1205,56,1459,329,-1,-1
00006290.jpg,1205,56,1459,329,-1,-1
00006291.jpg,1205,56,1459,329,-1,-1
00006292.jpg,1205,56,1459,329,-1,-1
00006293.jpg,1205,56,1459,329,-1,-1
00006294.jpg,1206,57,1460,330,-1,-1
00006295.jpg,1206,57,1460,330,-1,-1
00006296.jpg,1204,56,1458,329,-1,-1
00006297.jpg,1204,56,1458,329,-1,-1
00006298.jpg,1204,57,1458,330,-1,-1
00006299.jpg,1204,57,1458,330,-1,-1
00006300.jpg,1203,57,1457,330,-1,-1
00006301.jpg,1204,57,1458,330,-1,-1
00006302.jpg,1203,57,1457,330,-1,-1
00006303.jpg,1203,57,1457,330,-1,-1
00006304.jpg,1203,57,1457,330,-1,-1
00006305.jpg,1203,58,1457,331,-1,-1
00006306.jpg,1203,58,1457,331,-1,-1
00006307.jpg,1203,58,1457,331,-1,-1
00006308.jpg,1203,58,1457,331,-1,-1
00006309.jpg,1203,58,1457,331,-1,-1
00006310.jpg,1203,58,1457,331,-1,-1
00006311.jpg,1203,58,1457,331,-1,-1
00006312.jpg,1203,58,1457,331,-1,-1
00006313.jpg,1203,58,1457,331,-1,-1
00006314.jpg,1203,57,1457,330,-1,-1
00006315.jpg,1203,57,1457,330,-1,-1
00006316.jpg,1203,57,1457,330,-1,-1
00006317.jpg,1203,57,1457,330,-1,-1
00006318.jpg,1203,57,1457,330,-1,-1
00006319.jpg,1204,57,1458,330,-1,-1
00006320.jpg,1205,57,1459,330,-1,-1
00006321.jpg,1205,57,1459,330,-1,-1
00006322.jpg,1206,57,1460,330,-1,-1
00006323.jpg,1206,57,1460,330,-1,-1
00006324.jpg,1206,57,1460,330,-1,-1
00006325.jpg,1206,57,1460,330,-1,-1
00006326.jpg,1206,56,1460,329,-1,-1
00006327.jpg,1206,56,1460,329,-1,-1
00006328.jpg,1206,56,1460,329,-1,-1
00006329.jpg,1207,56,1461,329,-1,-1
00006330.jpg,1207,56,1461,329,-1,-1
00006331.jpg,1207,56,1461,329,-1,-1
00006332.jpg,1207,56,1461,329,-1,-1
00006333.jpg,1207,56,1461,329,-1,-1
00006334.jpg,1207,56,1461,329,-1,-1
00006335.jpg,1207,56,1461,329,-1,-1
00006336.jpg,1207,56,1461,329,-1,-1
00006337.jpg,1207,56,1461,329,-1,-1
00006338.jpg,1207,56,1461,329,-1,-1
00006339.jpg,1207,56,1461,329,-1,-1
00006340.jpg,1207,56,1461,329,-1,-1
00006341.jpg,1207,56,1461,329,-1,-1
00006342.jpg,1206,56,1460,329,-1,-1
00006343.jpg,1206,57,1460,330,-1,-1
00006344.jpg,1206,57,1460,330,-1,-1
00006345.jpg,1206,57,1460,330,-1,-1
00006346.jpg,1206,57,1460,330,-1,-1
00006347.jpg,1206,57,1460,330,-1,-1
00006348.jpg,1206,57,1460,330,-1,-1
00006349.jpg,1206,57,1460,330,-1,-1
00006350.jpg,1206,57,1460,330,-1,-1
00006351.jpg,1206,57,1460,330,-1,-1
00006352.jpg,1206,57,1460,330,-1,-1
00006353.jpg,1204,57,1458,330,-1,-1
00006354.jpg,1204,57,1458,330,-1,-1
