00006083.jpg,807,96,1036,348,-1,-1
00006084.jpg,807,96,1036,348,-1,-1
00006085.jpg,807,96,1036,348,-1,-1
00006086.jpg,807,96,1036,348,-1,-1
00006087.jpg,807,96,1036,348,-1,-1
00006088.jpg,807,96,1036,348,-1,-1
00006089.jpg,807,96,1036,348,-1,-1
00006090.jpg,807,96,1036,348,-1,-1
00006091.jpg,807,96,1036,348,-1,-1
00006092.jpg,807,96,1036,348,-1,-1
00006093.jpg,807,96,1036,348,-1,-1
00006094.jpg,807,95,1036,347,-1,-1
00006095.jpg,806,95,1035,347,-1,-1
00006096.jpg,806,95,1035,347,-1,-1
00006097.jpg,806,94,1035,346,-1,-1
00006098.jpg,806,94,1035,346,-1,-1
00006099.jpg,806,93,1035,345,-1,-1
00006100.jpg,806,90,1035,342,-1,-1
00006101.jpg,806,89,1035,341,-1,-1
00006102.jpg,806,88,1035,340,-1,-1
00006103.jpg,806,87,1035,339,-1,-1
00006104.jpg,806,86,1035,338,-1,-1
00006105.jpg,806,84,1035,336,-1,-1
00006106.jpg,806,83,1035,335,-1,-1
00006107.jpg,806,82,1035,334,-1,-1
00006108.jpg,806,82,1035,334,-1,-1
00006109.jpg,806,81,1035,333,-1,-1
00006110.jpg,806,81,1035,333,-1,-1
00006111.jpg,805,81,1034,333,1549,390
00006112.jpg,805,80,1034,332,1545,381
00006113.jpg,805,79,1034,331,1546,376
00006114.jpg,805,79,1034,331,1548,372
00006115.jpg,805,79,1034,331,1540,374
00006116.jpg,805,78,1034,330,1534,372
00006117.jpg,805,77,1034,329,1536,369
00006118.jpg,805,76,1034,328,1537,369
00006119.jpg,805,75,1034,327,1537,369
00006120.jpg,805,74,1034,326,1533,368
00006121.jpg,804,73,1033,325,1529,366
00006122.jpg,804,73,1033,325,1533,368
00006123.jpg,804,73,1033,325,1526,360
00006124.jpg,804,73,1033,325,1522,362
00006125.jpg,804,71,1033,323,1742,821
00006126.jpg,804,70,1033,322,1576,845
00006127.jpg,804,70,1033,322,-1,-1
00006128.jpg,804,69,1033,321,-1,-1
00006129.jpg,804,68,1033,320,-1,-1
00006130.jpg,804,67,1033,319,-1,-1
00006131.jpg,803,66,1032,318,-1,-1
00006132.jpg,803,65,1032,317,-1,-1
00006133.jpg,803,63,1032,315,-1,-1
00006134.jpg,803,61,1032,313,-1,-1
00006135.jpg,803,60,1032,312,-1,-1
00006136.jpg,803,59,1032,311,-1,-1
00006137.jpg,819,57,1048,309,-1,-1
00006138.jpg,819,57,1048,309,-1,-1
00006139.jpg,819,56,1048,308,-1,-1
00006140.jpg,823,56,1052,308,-1,-1
00006141.jpg,823,56,1052,308,-1,-1
00006142.jpg,823,56,1052,308,-1,-1
00006143.jpg,802,56,1031,308,-1,-1
00006144.jpg,802,56,1031,308,-1,-1
00006145.jpg,802,56,1031,308,-1,-1
00006146.jpg,802,56,1031,308,-1,-1
00006147.jpg,802,56,1031,308,-1,-1
00006148.jpg,802,56,1031,308,-1,-1
00006149.jpg,802,56,1031,308,-1,-1
00006150.jpg,802,57,1031,309,-1,-1
00006151.jpg,802,57,1031,309,-1,-1
00006152.jpg,802,58,1031,310,-1,-1
00006153.jpg,802,59,1031,311,-1,-1
00006154.jpg,802,60,1031,312,-1,-1
00006155.jpg,802,60,1031,312,-1,-1
00006156.jpg,802,61,1031,313,-1,-1
00006157.jpg,802,61,1031,313,-1,-1
00006158.jpg,802,62,1031,314,-1,-1
00006159.jpg,802,63,1031,315,-1,-1
00006160.jpg,802,63,1031,315,-1,-1
00006161.jpg,802,64,1031,316,-1,-1
00006162.jpg,802,64,1031,316,-1,-1
00006163.jpg,802,64,1031,316,-1,-1
00006164.jpg,802,64,1031,316,-1,-1
00006165.jpg,802,64,1031,316,-1,-1
00006166.jpg,802,65,1031,317,-1,-1
00006167.jpg,802,65,1031,317,-1,-1
00006168.jpg,802,66,1031,318,-1,-1
00006169.jpg,802,66,1031,318,-1,-1
00006170.jpg,802,66,1031,318,-1,-1
00006171.jpg,802,67,1031,319,-1,-1
00006172.jpg,802,67,1031,319,-1,-1
00006173.jpg,802,67,1031,319,-1,-1
00006174.jpg,802,68,1031,320,-1,-1
00006175.jpg,802,68,1031,320,-1,-1
00006176.jpg,802,67,1031,319,-1,-1
00006177.jpg,802,67,1031,319,-1,-1
00006178.jpg,802,67,1031,319,-1,-1
00006179.jpg,802,66,1031,318,-1,-1
00006180.jpg,802,66,1031,318,-1,-1
00006181.jpg,802,66,1031,318,-1,-1
00006182.jpg,802,67,1031,319,-1,-1
00006183.jpg,802,67,1031,319,-1,-1
00006184.jpg,802,68,1031,320,-1,-1
00006185.jpg,802,69,1031,321,-1,-1
00006186.jpg,807,68,1036,320,-1,-1
00006187.jpg,807,68,1036,320,-1,-1
00006188.jpg,823,75,1052,327,-1,-1
00006189.jpg,823,76,1052,328,-1,-1
00006190.jpg,823,76,1052,328,-1,-1
00006191.jpg,827,74,1056,326,-1,-1
00006192.jpg,827,75,1056,327,-1,-1
00006193.jpg,831,76,1060,328,-1,-1
00006194.jpg,831,76,1060,328,-1,-1
00006195.jpg,831,76,1060,328,-1,-1
00006196.jpg,831,76,1060,328,-1,-1
00006197.jpg,831,76,1060,328,-1,-1
00006198.jpg,831,74,1060,326,-1,-1
00006199.jpg,836,77,1065,329,-1,-1
00006200.jpg,837,76,1066,328,-1,-1
00006201.jpg,843,77,1072,329,-1,-1
00006202.jpg,843,76,1072,328,-1,-1
00006203.jpg,843,75,1072,327,-1,-1
00006204.jpg,843,74,1072,326,-1,-1
00006205.jpg,843,73,1072,325,-1,-1
00006206.jpg,843,72,1072,324,-1,-1
00006207.jpg,843,71,1072,323,-1,-1
00006208.jpg,843,70,1072,322,-1,-1
00006209.jpg,843,69,1072,321,-1,-1
00006210.jpg,843,68,1072,320,-1,-1
00006211.jpg,843,67,1072,319,-1,-1
00006212.jpg,843,67,1072,319,-1,-1
00006213.jpg,843,67,1072,319,-1,-1
00006214.jpg,843,67,1072,319,-1,-1
00006215.jpg,843,67,1072,319,-1,-1
00006216.jpg,843,67,1072,319,-1,-1
00006217.jpg,831,66,1060,318,-1,-1
00006218.jpg,831,67,1060,319,-1,-1
00006219.jpg,826,67,1055,319,-1,-1
00006220.jpg,802,65,1031,317,-1,-1
00006221.jpg,802,67,1031,319,-1,-1
00006222.jpg,802,68,1031,320,-1,-1
00006223.jpg,802,68,1031,320,-1,-1
00006224.jpg,790,67,1019,319,-1,-1
00006225.jpg,786,67,1015,319,-1,-1
00006226.jpg,781,66,1010,318,-1,-1
00006227.jpg,773,65,1002,317,-1,-1
00006228.jpg,768,65,997,317,-1,-1
00006229.jpg,765,65,994,317,-1,-1
00006230.jpg,761,65,990,317,-1,-1
00006231.jpg,761,65,990,317,-1,-1
00006232.jpg,757,64,986,316,-1,-1
00006233.jpg,753,64,982,316,-1,-1
00006234.jpg,753,64,982,316,-1,-1
00006235.jpg,753,65,982,317,-1,-1
00006236.jpg,753,65,982,317,-1,-1
00006237.jpg,757,64,986,316,-1,-1
00006238.jpg,761,64,990,316,-1,-1
00006239.jpg,761,62,990,314,-1,-1
00006240.jpg,761,64,990,316,-1,-1
00006241.jpg,765,63,994,315,-1,-1
00006242.jpg,767,64,996,316,-1,-1
00006243.jpg,769,64,998,316,-1,-1
00006244.jpg,771,64,1000,316,-1,-1
00006245.jpg,773,64,1002,316,-1,-1
00006246.jpg,774,64,1003,316,-1,-1
00006247.jpg,777,65,1006,317,-1,-1
00006248.jpg,778,65,1007,317,-1,-1
00006249.jpg,782,67,1011,319,-1,-1
00006250.jpg,782,67,1011,319,-1,-1
00006251.jpg,790,67,1019,319,-1,-1
00006252.jpg,790,67,1019,319,-1,-1
00006253.jpg,790,67,1019,319,-1,-1
00006254.jpg,790,67,1019,319,-1,-1
00006255.jpg,790,67,1019,319,-1,-1
00006256.jpg,790,66,1019,318,-1,-1
00006257.jpg,790,66,1019,318,-1,-1
00006258.jpg,790,66,1019,318,-1,-1
00006259.jpg,790,66,1019,318,-1,-1
00006260.jpg,790,66,1019,318,-1,-1
00006261.jpg,790,66,1019,318,-1,-1
00006262.jpg,790,66,1019,318,-1,-1
00006263.jpg,790,66,1019,318,-1,-1
00006264.jpg,790,66,1019,318,-1,-1
00006265.jpg,790,66,1019,318,-1,-1
00006266.jpg,790,66,1019,318,-1,-1
00006267.jpg,790,66,1019,318,-1,-1
00006268.jpg,790,66,1019,318,-1,-1
00006269.jpg,790,66,1019,318,-1,-1
00006270.jpg,790,66,1019,318,-1,-1
00006271.jpg,790,66,1019,318,-1,-1
00006272.jpg,790,66,1019,318,-1,-1
00006273.jpg,790,66,1019,318,-1,-1
00006274.jpg,790,66,1019,318,-1,-1
00006275.jpg,790,66,1019,318,-1,-1
00006276.jpg,790,66,1019,318,-1,-1
00006277.jpg,790,66,1019,318,-1,-1
00006278.jpg,790,66,1019,318,-1,-1
00006279.jpg,790,66,1019,318,-1,-1
00006280.jpg,790,66,1019,318,-1,-1
00006281.jpg,790,66,1019,318,-1,-1
00006282.jpg,790,66,1019,318,-1,-1
00006283.jpg,790,66,1019,318,-1,-1
00006284.jpg,790,66,1019,318,-1,-1
00006285.jpg,790,66,1019,318,-1,-1
00006286.jpg,790,66,1019,318,-1,-1
00006287.jpg,790,66,1019,318,-1,-1
00006288.jpg,790,66,1019,318,-1,-1
00006289.jpg,790,66,1019,318,-1,-1
00006290.jpg,790,66,1019,318,-1,-1
00006291.jpg,790,66,1019,318,-1,-1
00006292.jpg,790,66,1019,318,-1,-1
00006293.jpg,790,67,1019,319,-1,-1
00006294.jpg,790,67,1019,319,-1,-1
00006295.jpg,794,66,1023,318,-1,-1
00006296.jpg,794,66,1023,318,-1,-1
00006297.jpg,798,67,1027,319,-1,-1
00006298.jpg,798,67,1027,319,-1,-1
00006299.jpg,802,67,1031,319,-1,-1
00006300.jpg,802,67,1031,319,-1,-1
00006301.jpg,802,67,1031,319,-1,-1
00006302.jpg,802,67,1031,319,-1,-1
00006303.jpg,798,67,1027,319,-1,-1
00006304.jpg,798,68,1027,320,-1,-1
00006305.jpg,798,68,1027,320,-1,-1
00006306.jpg,798,68,1027,320,-1,-1
00006307.jpg,794,67,1023,319,-1,-1
00006308.jpg,794,67,1023,319,-1,-1
00006309.jpg,794,67,1023,319,-1,-1
00006310.jpg,790,67,1019,319,-1,-1
00006311.jpg,790,67,1019,319,-1,-1
00006312.jpg,790,67,1019,319,-1,-1
00006313.jpg,790,67,1019,319,-1,-1
00006314.jpg,790,67,1019,319,-1,-1
00006315.jpg,790,67,1019,319,-1,-1
00006316.jpg,790,66,1019,318,-1,-1
00006317.jpg,790,66,1019,318,-1,-1
00006318.jpg,790,66,1019,318,-1,-1
00006319.jpg,790,66,1019,318,-1,-1
00006320.jpg,790,66,1019,318,-1,-1
00006321.jpg,790,66,1019,318,-1,-1
00006322.jpg,790,66,1019,318,-1,-1
00006323.jpg,790,66,1019,318,-1,-1
00006324.jpg,790,66,1019,318,-1,-1
00006325.jpg,790,66,1019,318,-1,-1
00006326.jpg,790,66,1019,318,-1,-1
00006327.jpg,790,66,1019,318,-1,-1
00006328.jpg,790,66,1019,318,-1,-1
00006329.jpg,790,65,1019,317,-1,-1
00006330.jpg,790,65,1019,317,-1,-1
00006331.jpg,798,65,1027,317,-1,-1
00006332.jpg,798,65,1027,317,-1,-1
00006333.jpg,798,65,1027,317,-1,-1
00006334.jpg,798,65,1027,317,-1,-1
00006335.jpg,798,65,1027,317,-1,-1
00006336.jpg,798,65,1027,317,-1,-1
00006337.jpg,802,66,1031,318,-1,-1
00006338.jpg,802,66,1031,318,-1,-1
00006339.jpg,802,66,1031,318,-1,-1
00006340.jpg,802,66,1031,318,-1,-1
00006341.jpg,802,66,1031,318,-1,-1
00006342.jpg,802,66,1031,318,-1,-1
00006343.jpg,802,66,1031,318,-1,-1
00006344.jpg,802,66,1031,318,-1,-1
00006345.jpg,802,66,1031,318,-1,-1
00006346.jpg,802,65,1031,317,-1,-1
00006347.jpg,802,65,1031,317,-1,-1
00006348.jpg,802,65,1031,317,-1,-1
00006349.jpg,802,65,1031,317,-1,-1
00006350.jpg,802,65,1031,317,-1,-1
00006351.jpg,802,65,1031,317,-1,-1
00006352.jpg,802,65,1031,317,-1,-1
00006353.jpg,802,65,1031,317,-1,-1
00006354.jpg,802,65,1031,317,-1,-1
