00016927.jpg,135,52,444,379,613,623
00016928.jpg,135,52,444,379,613,623
00016929.jpg,135,52,444,379,613,623
00016930.jpg,135,52,444,379,613,623
00016931.jpg,135,51,444,378,613,623
00016932.jpg,134,50,443,377,613,623
00016933.jpg,133,48,442,375,613,623
00016934.jpg,132,47,441,374,613,623
00016935.jpg,131,45,440,372,613,623
00016936.jpg,129,44,438,371,613,623
00016937.jpg,127,43,436,370,613,623
00016938.jpg,126,42,435,369,613,623
00016939.jpg,124,41,433,368,613,623
00016940.jpg,123,40,432,367,616,623
00016941.jpg,123,39,432,366,618,623
00016942.jpg,122,38,431,365,619,623
00016943.jpg,122,38,431,365,619,623
00016944.jpg,121,37,430,364,619,623
00016945.jpg,122,37,431,364,619,623
00016946.jpg,123,38,432,365,619,623
00016947.jpg,123,38,432,365,619,623
00016948.jpg,123,37,432,364,620,623
00016949.jpg,123,37,432,364,622,623
00016950.jpg,123,37,432,364,623,623
00016951.jpg,122,36,431,363,623,623
00016952.jpg,120,36,429,363,623,623
00016953.jpg,120,35,429,362,623,623
00016954.jpg,120,35,429,362,623,623
00016955.jpg,120,35,429,362,623,623
00016956.jpg,121,35,430,362,623,623
00016957.jpg,123,35,432,362,623,623
00016958.jpg,125,35,434,362,623,623
00016959.jpg,126,36,435,363,623,623
00016960.jpg,128,37,437,364,623,623
00016961.jpg,130,37,439,364,623,623
00016962.jpg,132,38,441,365,623,623
00016963.jpg,134,39,443,366,623,623
00016964.jpg,135,39,444,366,623,623
00016965.jpg,135,39,444,366,623,623
00016966.jpg,134,38,443,365,623,623
00016967.jpg,132,36,441,363,623,623
00016968.jpg,131,35,440,362,623,623
00016969.jpg,130,34,439,361,623,623
00016970.jpg,130,34,439,361,623,623
00016971.jpg,133,35,442,362,623,623
00016972.jpg,135,37,444,364,623,623
00016973.jpg,137,38,446,365,623,623
00016974.jpg,140,39,449,366,623,623
00016975.jpg,144,40,453,367,623,623
00016976.jpg,147,41,456,368,623,623
00016977.jpg,148,41,457,368,623,623
00016978.jpg,150,42,459,369,623,623
00016979.jpg,150,42,459,369,623,623
00016980.jpg,150,42,459,369,623,623
00016981.jpg,149,42,458,369,623,623
00016982.jpg,148,42,457,369,623,623
00016983.jpg,147,42,456,369,623,623
00016984.jpg,146,41,455,368,623,623
00016985.jpg,143,41,452,368,623,623
00016986.jpg,142,40,451,367,623,623
00016987.jpg,140,40,449,367,623,623
00016988.jpg,139,39,448,366,623,623
00016989.jpg,138,39,447,366,-1,-1
00016990.jpg,137,38,446,365,-1,-1
00016991.jpg,136,37,445,364,-1,-1
00016992.jpg,135,36,444,363,-1,-1
00016993.jpg,134,36,443,363,-1,-1
00016994.jpg,134,36,443,363,-1,-1
00016995.jpg,132,35,441,362,936,313
00016996.jpg,131,34,440,361,936,316
00016997.jpg,130,33,439,360,936,319
00016998.jpg,127,32,436,359,940,323
00016999.jpg,124,31,433,358,942,322
00017000.jpg,121,30,430,357,939,315
00017001.jpg,117,28,426,355,932,301
00017002.jpg,112,28,421,355,927,290
00017003.jpg,108,27,417,354,919,278
00017004.jpg,107,26,416,353,915,270
00017005.jpg,105,25,414,352,913,268
00017006.jpg,104,24,413,351,912,266
00017007.jpg,103,24,412,351,912,265
00017008.jpg,102,24,411,351,912,265
00017009.jpg,101,24,410,351,912,265
00017010.jpg,101,23,410,350,912,265
00017011.jpg,101,23,410,350,912,265
00017012.jpg,101,24,410,351,909,248
00017013.jpg,101,24,410,351,910,234
00017014.jpg,101,24,410,351,906,226
00017015.jpg,101,24,410,351,905,218
00017016.jpg,101,25,410,352,904,216
00017017.jpg,101,24,410,351,899,214
00017018.jpg,101,25,410,352,896,216
00017019.jpg,100,26,409,353,893,212
00017020.jpg,100,26,409,353,892,209
00017021.jpg,99,27,408,354,886,205
00017022.jpg,99,27,408,354,886,204
00017023.jpg,99,27,408,354,882,204
00017024.jpg,99,27,408,354,881,202
00017025.jpg,99,27,408,354,878,202
00017026.jpg,99,28,408,355,876,202
00017027.jpg,99,28,408,355,872,205
00017028.jpg,100,29,409,356,871,204
00017029.jpg,100,29,409,356,868,205
00017030.jpg,101,29,410,356,866,211
00017031.jpg,102,30,411,357,865,215
00017032.jpg,103,30,412,357,863,218
00017033.jpg,103,31,412,358,864,219
00017034.jpg,103,31,412,358,864,216
00017035.jpg,104,31,413,358,863,215
00017036.jpg,104,31,413,358,861,216
00017037.jpg,104,31,413,358,860,223
00017038.jpg,104,31,413,358,859,229
00017039.jpg,104,31,413,358,859,232
00017040.jpg,104,31,413,358,860,232
00017041.jpg,104,31,413,358,861,227
00017042.jpg,105,31,414,358,862,219
00017043.jpg,106,31,415,358,859,212
00017044.jpg,107,32,416,359,860,206
00017045.jpg,107,32,416,359,860,201
00017046.jpg,108,32,417,359,858,204
00017047.jpg,108,32,417,359,858,204
