00016927.jpg,868,118,1088,373,918,542
00016928.jpg,868,118,1088,373,910,542
00016929.jpg,868,118,1088,373,905,544
00016930.jpg,868,118,1088,373,903,538
00016931.jpg,867,114,1087,369,910,533
00016932.jpg,866,110,1086,365,-1,-1
00016933.jpg,864,108,1084,363,370,268
00016934.jpg,862,105,1082,360,370,266
00016935.jpg,856,95,1076,350,370,266
00016936.jpg,854,94,1074,349,369,263
00016937.jpg,851,94,1071,349,369,265
00016938.jpg,848,93,1068,348,368,264
00016939.jpg,846,91,1066,346,368,264
00016940.jpg,844,88,1064,343,367,264
00016941.jpg,843,88,1063,343,366,262
00016942.jpg,842,89,1062,344,366,261
00016943.jpg,841,89,1061,344,365,258
00016944.jpg,840,89,1060,344,365,258
00016945.jpg,839,88,1059,343,365,258
00016946.jpg,838,88,1058,343,366,258
00016947.jpg,837,89,1057,344,366,258
00016948.jpg,837,90,1057,345,367,258
00016949.jpg,836,91,1056,346,367,258
00016950.jpg,835,94,1055,349,367,258
00016951.jpg,834,99,1054,354,367,258
00016952.jpg,832,99,1052,354,367,258
00016953.jpg,830,96,1050,351,367,258
00016954.jpg,828,89,1048,344,367,258
00016955.jpg,829,87,1049,342,367,258
00016956.jpg,831,87,1051,342,367,258
00016957.jpg,832,86,1052,341,371,258
00016958.jpg,832,84,1052,339,371,258
00016959.jpg,833,84,1053,339,377,258
00016960.jpg,834,84,1054,339,377,258
00016961.jpg,834,83,1054,338,378,259
00016962.jpg,835,84,1055,339,379,260
00016963.jpg,837,86,1057,341,379,260
00016964.jpg,840,87,1060,342,382,260
00016965.jpg,843,88,1063,343,386,260
00016966.jpg,844,88,1064,343,385,259
00016967.jpg,845,87,1065,342,383,256
00016968.jpg,846,88,1066,343,382,252
00016969.jpg,846,87,1066,342,382,255
00016970.jpg,846,87,1066,342,379,255
00016971.jpg,847,88,1067,343,381,258
00016972.jpg,848,89,1068,344,386,260
00016973.jpg,849,89,1069,344,389,261
00016974.jpg,851,90,1071,345,393,264
00016975.jpg,854,94,1074,349,395,264
00016976.jpg,856,98,1076,353,395,264
00016977.jpg,858,102,1078,357,396,264
00016978.jpg,861,107,1081,362,396,264
00016979.jpg,864,112,1084,367,397,264
00016980.jpg,867,117,1087,372,397,267
00016981.jpg,871,124,1091,379,397,269
00016982.jpg,874,129,1094,384,-1,-1
00016983.jpg,877,133,1097,388,948,417
00016984.jpg,880,138,1100,393,952,420
00016985.jpg,882,142,1102,397,954,414
00016986.jpg,883,146,1103,401,963,411
00016987.jpg,884,152,1104,407,963,412
00016988.jpg,884,154,1104,409,-1,-1
00016989.jpg,884,159,1104,414,-1,-1
00016990.jpg,884,165,1104,420,-1,-1
00016991.jpg,884,167,1104,422,-1,-1
00016992.jpg,883,169,1103,424,-1,-1
00016993.jpg,883,173,1103,428,-1,-1
00016994.jpg,882,177,1102,432,-1,-1
00016995.jpg,879,181,1099,436,-1,-1
00016996.jpg,877,184,1097,439,-1,-1
00016997.jpg,878,188,1098,443,-1,-1
00016998.jpg,882,193,1102,448,-1,-1
00016999.jpg,885,193,1105,448,-1,-1
00017000.jpg,884,187,1104,442,393,223
00017001.jpg,880,173,1100,428,387,217
00017002.jpg,876,161,1096,416,386,214
00017003.jpg,875,153,1095,408,381,211
00017004.jpg,872,147,1092,402,381,209
00017005.jpg,869,143,1089,398,378,207
00017006.jpg,867,140,1087,395,382,200
00017007.jpg,869,138,1089,393,377,204
00017008.jpg,868,137,1088,392,375,205
00017009.jpg,868,135,1088,390,376,200
00017010.jpg,867,134,1087,389,375,202
00017011.jpg,866,130,1086,385,375,200
00017012.jpg,866,124,1086,379,375,200
00017013.jpg,864,116,1084,371,375,200
00017014.jpg,861,105,1081,360,375,200
00017015.jpg,858,98,1078,353,375,200
00017016.jpg,856,94,1076,349,375,200
00017017.jpg,853,91,1073,346,375,200
00017018.jpg,851,92,1071,347,375,200
00017019.jpg,850,91,1070,346,375,200
00017020.jpg,848,90,1068,345,375,200
00017021.jpg,845,88,1065,343,375,200
00017022.jpg,841,87,1061,342,375,200
00017023.jpg,837,87,1057,342,375,200
00017024.jpg,834,86,1054,341,375,200
00017025.jpg,832,84,1052,339,375,200
00017026.jpg,830,83,1050,338,375,200
00017027.jpg,828,83,1048,338,375,200
00017028.jpg,826,85,1046,340,375,200
00017029.jpg,825,88,1045,343,375,200
00017030.jpg,824,91,1044,346,375,201
00017031.jpg,823,94,1043,349,-1,-1
00017032.jpg,822,97,1042,352,-1,-1
00017033.jpg,821,97,1041,352,-1,-1
00017034.jpg,819,95,1039,350,-1,-1
00017035.jpg,818,95,1038,350,-1,-1
00017036.jpg,818,97,1038,352,-1,-1
00017037.jpg,818,100,1038,355,-1,-1
00017038.jpg,817,104,1037,359,-1,-1
00017039.jpg,817,106,1037,361,-1,-1
00017040.jpg,818,106,1038,361,-1,-1
00017041.jpg,819,104,1039,359,-1,-1
00017042.jpg,820,100,1040,355,-1,-1
00017043.jpg,820,94,1040,349,-1,-1
00017044.jpg,818,85,1038,340,378,203
00017045.jpg,817,82,1037,337,378,203
00017046.jpg,816,83,1036,338,378,203
00017047.jpg,816,83,1036,338,382,202
