00060659.jpg,592,313,852,591,1151,319
00060660.jpg,592,313,852,591,1151,319
00060661.jpg,592,313,852,591,1151,319
00060662.jpg,592,313,852,591,1155,314
00060663.jpg,592,313,852,591,1155,314
00060664.jpg,592,313,852,591,1159,321
00060665.jpg,593,313,853,591,1159,321
00060666.jpg,593,313,853,591,1159,321
00060667.jpg,593,313,853,591,1158,330
00060668.jpg,593,313,853,591,1159,331
00060669.jpg,593,313,853,591,1161,331
00060670.jpg,593,313,853,591,1164,326
00060671.jpg,593,313,853,591,1165,321
00060672.jpg,593,313,853,591,1166,319
00060673.jpg,593,313,853,591,1166,319
00060674.jpg,593,313,853,591,1166,319
00060675.jpg,593,313,853,591,1166,319
00060676.jpg,593,313,853,591,1166,319
00060677.jpg,593,313,853,591,1166,319
00060678.jpg,593,313,853,591,1165,326
00060679.jpg,593,312,853,590,1165,326
00060680.jpg,593,312,853,590,1165,326
00060681.jpg,593,312,853,590,1165,326
00060682.jpg,593,312,853,590,1165,326
00060683.jpg,593,312,853,590,1165,319
00060684.jpg,593,312,853,590,1166,319
00060685.jpg,593,312,853,590,1166,319
00060686.jpg,592,312,852,590,1165,319
00060687.jpg,593,312,853,590,1164,320
00060688.jpg,593,312,853,590,1161,324
00060689.jpg,593,312,853,590,1161,324
00060690.jpg,593,312,853,590,1161,324
00060691.jpg,593,312,853,590,1161,323
00060692.jpg,593,312,853,590,1161,320
00060693.jpg,593,312,853,590,1163,319
00060694.jpg,593,312,853,590,1163,319
00060695.jpg,593,312,853,590,1163,319
00060696.jpg,593,312,853,590,1165,321
00060697.jpg,592,312,852,590,1165,325
00060698.jpg,593,312,853,590,1165,328
00060699.jpg,599,307,859,585,1166,332
00060700.jpg,600,307,860,585,1163,335
00060701.jpg,600,307,860,585,1162,334
00060702.jpg,601,307,861,585,1161,338
00060703.jpg,601,307,861,585,1160,338
00060704.jpg,601,307,861,585,1156,338
00060705.jpg,601,306,861,584,1155,338
00060706.jpg,601,306,861,584,1155,338
00060707.jpg,601,306,861,584,1153,338
00060708.jpg,601,305,861,583,1151,338
00060709.jpg,601,304,861,582,1151,338
00060710.jpg,601,303,861,581,1151,338
00060711.jpg,601,300,861,578,1151,338
00060712.jpg,600,298,860,576,1151,338
00060713.jpg,599,296,859,574,1151,338
00060714.jpg,599,294,859,572,1151,338
00060715.jpg,598,292,858,570,1151,338
00060716.jpg,598,292,858,570,1151,338
00060717.jpg,598,292,858,570,1151,338
00060718.jpg,599,293,859,571,1151,338
00060719.jpg,598,293,858,571,1151,338
00060720.jpg,598,295,858,573,1151,338
00060721.jpg,598,295,858,573,1151,338
00060722.jpg,597,296,857,574,1151,338
00060723.jpg,598,297,858,575,1151,338
00060724.jpg,598,297,858,575,1151,338
00060725.jpg,598,296,858,574,1151,338
00060726.jpg,598,296,858,574,1151,338
00060727.jpg,598,296,858,574,1151,338
00060728.jpg,599,297,859,575,1151,338
00060729.jpg,600,297,860,575,1151,338
00060730.jpg,600,296,860,574,1151,338
00060731.jpg,602,295,871,581,1151,338
00060732.jpg,602,295,871,581,1151,338
00060733.jpg,602,295,871,581,1156,333
00060734.jpg,602,295,871,581,1156,333
00060735.jpg,603,295,872,581,1156,333
00060736.jpg,603,296,872,582,1156,333
00060737.jpg,603,296,872,582,1156,333
00060738.jpg,603,296,872,582,1156,333
00060739.jpg,603,296,872,582,1156,333
00060740.jpg,603,296,872,582,1156,333
00060741.jpg,603,296,872,582,1156,333
00060742.jpg,603,295,872,581,1156,333
00060743.jpg,603,295,872,581,1156,333
00060744.jpg,603,295,872,581,1158,325
00060745.jpg,603,296,872,582,1159,323
00060746.jpg,603,296,872,582,1159,320
00060747.jpg,604,296,873,582,1160,318
00060748.jpg,604,296,873,582,1160,319
00060749.jpg,604,296,873,582,1160,314
00060750.jpg,604,296,873,582,1160,312
00060751.jpg,604,296,873,582,1160,313
00060752.jpg,603,295,872,581,1160,315
00060753.jpg,603,295,872,581,1160,315
00060754.jpg,604,295,873,581,1160,316
00060755.jpg,604,295,873,581,1160,318
00060756.jpg,606,296,875,582,1156,323
00060757.jpg,606,296,875,582,1156,323
00060758.jpg,606,296,875,582,1156,326
00060759.jpg,607,296,876,582,1160,330
00060760.jpg,607,296,876,582,1159,331
00060761.jpg,608,297,877,583,1159,331
00060762.jpg,608,297,877,583,1159,331
00060763.jpg,608,297,877,583,1156,340
00060764.jpg,608,297,877,583,1156,340
00060765.jpg,608,297,877,583,1156,343
00060766.jpg,608,297,877,583,1156,343
00060767.jpg,608,297,877,583,1156,343
00060768.jpg,607,297,876,583,1156,343
00060769.jpg,607,297,876,583,1156,343
00060770.jpg,607,297,876,583,1156,343
00060771.jpg,604,295,873,581,1156,343
00060772.jpg,604,295,873,581,1156,343
00060773.jpg,603,295,872,581,1155,334
00060774.jpg,603,295,872,581,1155,334
00060775.jpg,603,295,872,581,1155,334
00060776.jpg,603,295,872,581,1154,331
00060777.jpg,603,295,872,581,1154,328
00060778.jpg,603,295,872,581,1154,328
00060779.jpg,603,295,872,581,1145,323
00060780.jpg,603,296,872,582,1148,324
00060781.jpg,603,296,872,582,1149,321
00060782.jpg,603,296,872,582,1148,319
00060783.jpg,603,296,872,582,1148,319
00060784.jpg,603,296,872,582,1148,321
00060785.jpg,603,296,872,582,1150,321
00060786.jpg,603,296,872,582,1150,336
00060787.jpg,603,296,872,582,1153,328
00060788.jpg,602,296,871,582,1153,328
00060789.jpg,602,296,871,582,1153,328
00060790.jpg,602,296,871,582,1153,328
00060791.jpg,602,295,871,581,1151,339
00060792.jpg,602,295,871,581,1151,339
00060793.jpg,602,295,871,581,1151,339
00060794.jpg,602,295,871,581,1151,339
00060795.jpg,602,295,871,581,1151,339
00060796.jpg,601,295,870,581,1153,343
00060797.jpg,601,295,870,581,1153,343
00060798.jpg,601,294,870,580,1153,343
00060799.jpg,601,294,870,580,1155,343
00060800.jpg,601,295,870,581,1156,343
00060801.jpg,601,295,870,581,1156,343
00060802.jpg,601,294,870,580,1161,341
00060803.jpg,593,293,862,579,1161,341
00060804.jpg,591,293,860,579,1161,341
00060805.jpg,589,293,858,579,1156,341
00060806.jpg,587,293,856,579,1156,340
00060807.jpg,585,293,854,579,1156,340
00060808.jpg,584,293,853,579,1156,339
00060809.jpg,583,293,852,579,1159,336
00060810.jpg,582,293,851,579,1159,336
00060811.jpg,581,293,850,579,1159,336
00060812.jpg,581,293,850,579,1159,336
00060813.jpg,579,293,848,579,1159,336
00060814.jpg,578,292,847,578,1159,336
00060815.jpg,578,292,847,578,1159,336
00060816.jpg,578,292,847,578,1159,336
00060817.jpg,577,292,846,578,1159,336
00060818.jpg,576,292,845,578,1159,336
00060819.jpg,575,291,844,577,1159,336
00060820.jpg,575,292,844,578,1159,336
00060821.jpg,575,292,844,578,1160,333
00060822.jpg,576,292,845,578,1160,333
00060823.jpg,575,292,844,578,1160,333
00060824.jpg,575,292,844,578,1160,333
00060825.jpg,575,292,844,578,1160,331
00060826.jpg,575,292,844,578,1160,331
00060827.jpg,575,292,844,578,1160,331
00060828.jpg,575,292,844,578,1160,331
00060829.jpg,575,292,844,578,1160,331
00060830.jpg,575,292,844,578,1160,331
00060831.jpg,575,293,844,579,1160,331
00060832.jpg,575,293,844,579,1160,331
00060833.jpg,575,293,844,579,1160,331
00060834.jpg,575,293,844,579,1160,331
00060835.jpg,575,293,844,579,1160,331
00060836.jpg,575,293,844,579,1160,331
00060837.jpg,575,294,844,580,1160,331
00060838.jpg,575,294,844,580,1160,331
00060839.jpg,575,294,844,580,1160,331
00060840.jpg,575,294,844,580,1160,331
00060841.jpg,575,295,844,581,1160,331
00060842.jpg,575,295,844,581,1160,331
00060843.jpg,574,295,843,581,1160,331
00060844.jpg,574,295,843,581,1160,331
00060845.jpg,575,296,844,582,1160,331
00060846.jpg,575,297,844,583,1160,331
00060847.jpg,575,297,844,583,1160,331
00060848.jpg,575,297,844,583,1160,331
00060849.jpg,575,297,844,583,1160,331
00060850.jpg,576,298,845,584,1160,331
00060851.jpg,576,298,845,584,1160,331
00060852.jpg,576,298,845,584,1160,331
00060853.jpg,576,299,845,585,1160,331
00060854.jpg,576,299,845,585,1160,331
00060855.jpg,576,300,845,586,1160,321
00060856.jpg,576,299,845,585,1160,321
00060857.jpg,576,299,845,585,1161,313
00060858.jpg,577,300,846,586,1160,311
00060859.jpg,577,299,846,585,1160,311
00060860.jpg,577,299,846,585,1164,308
00060861.jpg,578,300,847,586,1164,308
00060862.jpg,578,300,847,586,1164,308
00060863.jpg,578,299,847,585,1164,306
00060864.jpg,579,300,848,586,1164,304
00060865.jpg,579,300,848,586,1164,304
00060866.jpg,579,300,848,586,1164,304
00060867.jpg,580,299,849,585,1161,301
00060868.jpg,580,299,849,585,1161,301
00060869.jpg,580,299,849,585,1161,299
00060870.jpg,580,299,849,585,1161,299
00060871.jpg,580,299,849,585,1161,299
00060872.jpg,580,299,849,585,1161,299
00060873.jpg,580,299,849,585,1161,299
00060874.jpg,580,299,849,585,1161,299
00060875.jpg,581,299,850,585,1161,299
00060876.jpg,581,299,850,585,1161,299
00060877.jpg,581,299,850,585,1161,299
00060878.jpg,581,299,850,585,1159,306
00060879.jpg,581,299,850,585,1159,306
00060880.jpg,582,299,851,585,1159,313
00060881.jpg,582,299,851,585,1159,313
00060882.jpg,582,299,851,585,1159,313
00060883.jpg,583,299,852,585,1159,313
00060884.jpg,583,299,852,585,1158,326
00060885.jpg,583,299,852,585,1158,326
00060886.jpg,583,299,852,585,1159,323
00060887.jpg,583,299,852,585,1161,319
00060888.jpg,583,299,852,585,1161,318
00060889.jpg,583,299,852,585,1164,316
00060890.jpg,583,299,852,585,1160,318
00060891.jpg,583,299,852,585,1160,318
00060892.jpg,583,299,852,585,1160,318
00060893.jpg,583,299,852,585,1158,329
00060894.jpg,583,299,852,585,1159,329
00060895.jpg,583,299,852,585,1160,326
00060896.jpg,583,299,852,585,1160,326
00060897.jpg,582,299,851,585,1161,321
00060898.jpg,582,299,851,585,1161,321
00060899.jpg,582,299,851,585,1161,321
00060900.jpg,582,299,851,585,1163,323
