00060659.jpg,1088,121,1381,444,786,473
00060660.jpg,1088,121,1381,444,786,473
00060661.jpg,1088,121,1381,444,786,473
00060662.jpg,1088,121,1381,444,786,473
00060663.jpg,1089,122,1382,445,786,473
00060664.jpg,1089,124,1382,447,786,473
00060665.jpg,1089,127,1382,450,786,473
00060666.jpg,1090,129,1383,452,786,473
00060667.jpg,1090,131,1383,454,786,473
00060668.jpg,1090,132,1383,455,786,473
00060669.jpg,1091,132,1384,455,786,473
00060670.jpg,1093,130,1386,453,786,473
00060671.jpg,1095,127,1388,450,786,473
00060672.jpg,1096,125,1389,448,786,473
00060673.jpg,1097,125,1390,448,786,471
00060674.jpg,1098,125,1391,448,786,471
00060675.jpg,1098,126,1391,449,788,471
00060676.jpg,1098,127,1391,450,790,471
00060677.jpg,1098,128,1391,451,791,470
00060678.jpg,1097,129,1390,452,791,470
00060679.jpg,1096,129,1389,452,791,470
00060680.jpg,1096,128,1389,451,791,470
00060681.jpg,1096,127,1389,450,791,470
00060682.jpg,1096,125,1389,448,791,468
00060683.jpg,1096,124,1389,447,791,468
00060684.jpg,1095,124,1388,447,791,468
00060685.jpg,1094,125,1387,448,791,468
00060686.jpg,1093,126,1386,449,791,468
00060687.jpg,1092,127,1385,450,791,468
00060688.jpg,1092,127,1385,450,791,468
00060689.jpg,1092,127,1385,450,791,468
00060690.jpg,1092,127,1385,450,791,468
00060691.jpg,1093,126,1386,449,791,468
00060692.jpg,1094,125,1387,448,791,468
00060693.jpg,1096,124,1389,447,791,468
00060694.jpg,1096,124,1389,447,791,468
00060695.jpg,1096,125,1389,448,791,468
00060696.jpg,1095,126,1388,449,791,468
00060697.jpg,1094,128,1387,451,791,468
00060698.jpg,1092,131,1385,454,791,468
00060699.jpg,1091,132,1384,455,791,468
00060700.jpg,1089,134,1382,457,791,468
00060701.jpg,1089,133,1382,456,791,464
00060702.jpg,1088,134,1381,457,791,464
00060703.jpg,1087,134,1380,457,791,464
00060704.jpg,1081,140,1374,463,791,464
00060705.jpg,1080,140,1373,463,791,464
00060706.jpg,1085,134,1378,457,796,464
00060707.jpg,1085,134,1378,457,796,464
00060708.jpg,1085,134,1378,457,794,460
00060709.jpg,1085,134,1378,457,796,460
00060710.jpg,1086,133,1379,456,798,458
00060711.jpg,1087,134,1378,457,800,454
00060712.jpg,1087,134,1378,457,798,453
00060713.jpg,1087,134,1378,457,798,446
00060714.jpg,1087,134,1378,457,798,443
00060715.jpg,1087,134,1378,457,798,445
00060716.jpg,1087,134,1378,457,799,444
00060717.jpg,1088,134,1379,457,799,444
00060718.jpg,1088,134,1379,457,799,444
00060719.jpg,1088,134,1379,457,799,448
00060720.jpg,1088,134,1379,457,799,448
00060721.jpg,1088,134,1379,457,799,448
00060722.jpg,1088,134,1379,457,799,448
00060723.jpg,1089,134,1380,457,799,448
00060724.jpg,1089,134,1380,457,799,448
00060725.jpg,1090,133,1381,456,799,448
00060726.jpg,1090,133,1381,456,799,448
00060727.jpg,1090,133,1381,456,799,448
00060728.jpg,1090,133,1381,456,799,448
00060729.jpg,1091,132,1382,455,804,453
00060730.jpg,1091,132,1382,455,804,453
00060731.jpg,1092,132,1383,455,804,453
00060732.jpg,1092,132,1383,455,804,453
00060733.jpg,1092,132,1383,455,806,453
00060734.jpg,1092,132,1383,455,806,453
00060735.jpg,1092,132,1383,455,814,453
00060736.jpg,1092,132,1383,455,814,453
00060737.jpg,1092,132,1383,455,814,453
00060738.jpg,1092,132,1383,455,814,454
00060739.jpg,1093,131,1384,454,814,454
00060740.jpg,1092,132,1383,455,814,454
00060741.jpg,1092,132,1383,455,814,454
00060742.jpg,1092,131,1383,454,814,454
00060743.jpg,1091,131,1382,454,814,454
00060744.jpg,1091,130,1382,453,813,458
00060745.jpg,1090,130,1381,453,810,458
00060746.jpg,1090,130,1381,453,811,458
00060747.jpg,1091,129,1382,452,809,459
00060748.jpg,1091,129,1382,452,809,458
00060749.jpg,1091,129,1382,452,809,458
00060750.jpg,1091,129,1382,452,809,458
00060751.jpg,1091,129,1382,452,809,458
00060752.jpg,1091,130,1382,453,809,458
00060753.jpg,1092,129,1383,452,809,458
00060754.jpg,1092,129,1383,452,809,456
00060755.jpg,1092,129,1383,452,809,455
00060756.jpg,1092,130,1383,453,809,455
00060757.jpg,1092,130,1383,453,809,455
00060758.jpg,1092,130,1383,453,809,455
00060759.jpg,1092,130,1383,453,809,455
00060760.jpg,1091,132,1382,455,809,455
00060761.jpg,1090,133,1381,456,809,455
00060762.jpg,1090,133,1381,456,809,455
00060763.jpg,1089,134,1380,457,809,455
00060764.jpg,1089,134,1380,457,809,455
00060765.jpg,1089,134,1380,457,809,455
00060766.jpg,1088,134,1379,457,809,455
00060767.jpg,1088,134,1379,457,809,455
00060768.jpg,1088,134,1379,457,809,455
00060769.jpg,1087,134,1378,457,809,455
00060770.jpg,1087,133,1378,456,809,455
00060771.jpg,1087,133,1378,456,809,455
00060772.jpg,1087,132,1378,455,809,455
00060773.jpg,1086,132,1377,455,809,455
00060774.jpg,1086,131,1377,454,809,455
00060775.jpg,1086,132,1377,455,809,455
00060776.jpg,1086,132,1377,455,809,455
00060777.jpg,1086,131,1377,454,809,455
00060778.jpg,1086,132,1377,455,809,455
00060779.jpg,1086,131,1377,454,809,455
00060780.jpg,1085,132,1376,455,809,455
00060781.jpg,1085,132,1376,455,809,455
00060782.jpg,1085,132,1376,455,809,455
00060783.jpg,1085,132,1376,455,809,455
00060784.jpg,1085,132,1376,455,809,455
00060785.jpg,1085,132,1376,455,809,455
00060786.jpg,1086,131,1377,454,809,455
00060787.jpg,1086,132,1377,455,809,455
00060788.jpg,1086,132,1377,455,809,455
00060789.jpg,1086,132,1377,455,809,455
00060790.jpg,1086,132,1377,455,809,455
00060791.jpg,1086,133,1377,456,809,455
00060792.jpg,1086,133,1377,456,809,455
00060793.jpg,1086,133,1377,456,809,455
00060794.jpg,1086,134,1377,457,809,455
00060795.jpg,1086,134,1377,457,809,455
00060796.jpg,1086,134,1377,457,806,454
00060797.jpg,1086,134,1377,457,806,454
00060798.jpg,1087,134,1378,457,806,454
00060799.jpg,1087,134,1378,457,806,454
00060800.jpg,1087,134,1378,457,800,451
00060801.jpg,1088,133,1379,456,800,451
00060802.jpg,1088,133,1379,456,799,451
00060803.jpg,1088,133,1379,456,799,451
00060804.jpg,1088,133,1379,456,796,451
00060805.jpg,1088,133,1379,456,794,454
00060806.jpg,1088,133,1379,456,794,454
00060807.jpg,1088,133,1379,456,788,453
00060808.jpg,1089,132,1380,455,788,453
00060809.jpg,1089,132,1380,455,788,453
00060810.jpg,1089,132,1380,455,788,453
00060811.jpg,1089,132,1380,455,788,453
00060812.jpg,1089,132,1380,455,788,453
00060813.jpg,1089,132,1380,455,788,453
00060814.jpg,1089,132,1380,455,784,453
00060815.jpg,1090,131,1381,454,784,453
00060816.jpg,1090,131,1381,454,784,453
00060817.jpg,1090,131,1381,454,783,453
00060818.jpg,1090,131,1381,454,783,453
00060819.jpg,1090,131,1381,454,783,453
00060820.jpg,1090,131,1381,454,783,453
00060821.jpg,1090,131,1381,454,783,453
00060822.jpg,1091,130,1382,453,780,453
00060823.jpg,1090,131,1381,454,780,453
00060824.jpg,1090,131,1381,454,780,453
00060825.jpg,1091,130,1382,453,780,453
00060826.jpg,1090,131,1381,454,780,453
00060827.jpg,1091,130,1382,453,780,453
00060828.jpg,1091,131,1382,454,780,453
00060829.jpg,1091,131,1382,454,780,453
00060830.jpg,1090,132,1381,455,780,453
00060831.jpg,1090,132,1381,455,780,453
00060832.jpg,1090,132,1381,455,780,453
00060833.jpg,1090,131,1381,454,780,453
00060834.jpg,1090,132,1381,455,780,453
00060835.jpg,1091,131,1382,454,780,453
00060836.jpg,1090,132,1381,455,780,453
00060837.jpg,1090,132,1381,455,780,453
00060838.jpg,1090,132,1381,455,780,453
00060839.jpg,1090,132,1381,455,780,453
00060840.jpg,1090,132,1381,455,780,453
00060841.jpg,1090,132,1381,455,780,453
00060842.jpg,1090,132,1381,455,780,453
00060843.jpg,1090,131,1381,454,780,453
00060844.jpg,1090,131,1381,454,780,453
00060845.jpg,1090,131,1381,454,780,453
00060846.jpg,1090,131,1381,454,780,453
00060847.jpg,1090,131,1381,454,780,453
00060848.jpg,1090,131,1381,454,780,453
00060849.jpg,1090,131,1381,454,780,453
00060850.jpg,1090,131,1381,454,780,454
00060851.jpg,1090,131,1381,454,780,454
00060852.jpg,1090,131,1381,454,780,456
00060853.jpg,1089,131,1380,454,779,458
00060854.jpg,1090,129,1381,452,779,458
00060855.jpg,1095,122,1386,445,779,458
00060856.jpg,1097,120,1388,443,779,458
00060857.jpg,1097,118,1392,441,779,458
00060858.jpg,1097,118,1392,441,779,458
00060859.jpg,1098,117,1393,440,779,458
00060860.jpg,1099,116,1394,439,779,458
00060861.jpg,1099,116,1394,439,779,458
00060862.jpg,1100,115,1395,438,779,458
00060863.jpg,1101,114,1396,437,779,458
00060864.jpg,1102,113,1397,436,779,458
00060865.jpg,1103,112,1398,435,779,458
00060866.jpg,1104,110,1399,433,779,458
00060867.jpg,1104,110,1399,433,779,458
00060868.jpg,1105,110,1400,433,779,458
00060869.jpg,1105,110,1400,433,779,458
00060870.jpg,1105,110,1400,433,779,458
00060871.jpg,1106,109,1401,432,779,458
00060872.jpg,1106,109,1401,432,779,458
00060873.jpg,1105,109,1400,432,779,458
00060874.jpg,1105,109,1400,432,779,458
00060875.jpg,1105,110,1400,433,781,458
00060876.jpg,1104,111,1399,434,781,458
00060877.jpg,1103,112,1398,435,781,458
00060878.jpg,1101,115,1396,438,781,458
00060879.jpg,1101,116,1396,439,781,458
00060880.jpg,1100,117,1395,440,781,458
00060881.jpg,1099,119,1394,442,781,458
00060882.jpg,1097,121,1392,444,781,458
00060883.jpg,1097,121,1392,444,781,458
00060884.jpg,1097,121,1392,444,781,458
00060885.jpg,1097,120,1392,443,781,458
00060886.jpg,1096,120,1391,443,781,458
00060887.jpg,1096,119,1391,442,781,458
00060888.jpg,1096,118,1391,441,781,458
00060889.jpg,1096,118,1391,441,781,458
00060890.jpg,1097,118,1392,441,781,458
00060891.jpg,1096,120,1391,443,781,458
00060892.jpg,1097,120,1392,443,781,458
00060893.jpg,1097,120,1392,443,781,458
00060894.jpg,1096,121,1391,444,781,458
00060895.jpg,1096,120,1391,443,781,458
00060896.jpg,1096,120,1391,443,781,458
00060897.jpg,1096,120,1391,443,781,458
00060898.jpg,1096,120,1391,443,781,458
00060899.jpg,1096,120,1391,443,781,458
00060900.jpg,1096,120,1391,443,781,458
