00057830.jpg,475,113,682,343,647,51
00057831.jpg,475,113,682,343,647,51
00057832.jpg,475,113,682,343,646,59
00057833.jpg,475,113,682,343,733,183
00057834.jpg,478,114,685,344,1040,524
00057835.jpg,485,132,682,335,1043,525
00057836.jpg,485,132,682,335,1043,525
00057837.jpg,487,139,684,342,1043,526
00057838.jpg,488,149,685,352,1043,529
00057839.jpg,488,158,685,361,1045,531
00057840.jpg,486,166,683,369,1045,531
00057841.jpg,495,178,670,357,1046,529
00057842.jpg,495,178,670,357,1046,529
00057843.jpg,487,180,662,359,1046,530
00057844.jpg,475,180,650,359,1047,531
00057845.jpg,462,176,637,355,1048,531
00057846.jpg,439,182,611,341,1051,529
00057847.jpg,425,169,597,332,1050,529
00057848.jpg,412,158,591,322,1046,529
00057849.jpg,403,146,580,317,997,393
00057850.jpg,395,140,574,314,995,390
00057851.jpg,389,133,569,312,676,60
00057852.jpg,387,127,575,310,675,56
00057853.jpg,387,127,575,310,681,61
00057854.jpg,390,127,578,310,681,61
00057855.jpg,395,130,583,313,681,61
00057856.jpg,401,137,589,320,681,60
00057857.jpg,407,145,595,328,681,71
00057858.jpg,414,146,602,329,682,78
00057859.jpg,420,139,608,322,682,81
00057860.jpg,429,129,617,312,676,81
00057861.jpg,438,123,626,306,667,75
00057862.jpg,445,121,623,318,665,74
00057863.jpg,456,125,631,308,656,70
00057864.jpg,466,122,633,310,122,514
00057865.jpg,466,122,633,310,113,503
00057866.jpg,465,121,632,309,113,513
00057867.jpg,452,129,628,312,112,513
00057868.jpg,452,129,628,312,112,514
00057869.jpg,450,128,626,311,112,516
00057870.jpg,445,140,618,322,111,516
00057871.jpg,445,140,618,322,117,499
00057872.jpg,440,139,613,321,117,496
00057873.jpg,434,136,607,318,117,505
00057874.jpg,431,125,604,307,120,494
00057875.jpg,426,117,599,299,120,494
00057876.jpg,423,111,596,293,122,491
00057877.jpg,420,108,593,290,127,490
00057878.jpg,417,109,590,291,127,490
00057879.jpg,412,116,585,298,127,490
00057880.jpg,410,118,583,300,127,490
00057881.jpg,407,117,580,299,131,486
00057882.jpg,404,112,577,294,131,485
00057883.jpg,402,102,575,284,132,483
00057884.jpg,398,97,571,279,301,301
00057885.jpg,396,94,569,276,561,95
00057886.jpg,392,92,565,274,565,94
00057887.jpg,393,89,550,254,565,91
00057888.jpg,393,89,550,254,560,89
00057889.jpg,391,90,548,255,558,89
00057890.jpg,389,95,546,260,557,89
00057891.jpg,381,105,538,270,558,93
00057892.jpg,379,111,536,276,558,96
00057893.jpg,382,112,539,277,558,101
00057894.jpg,386,111,543,276,558,105
00057895.jpg,396,110,553,275,558,105
00057896.jpg,398,111,555,276,558,109
00057897.jpg,398,113,555,278,560,110
00057898.jpg,399,113,556,278,561,110
00057899.jpg,399,113,556,278,561,110
00057900.jpg,400,116,557,281,561,110
00057901.jpg,402,119,559,284,563,111
00057902.jpg,405,125,545,270,568,114
00057903.jpg,405,125,545,270,571,121
00057904.jpg,404,128,544,273,576,128
00057905.jpg,403,130,543,275,576,135
00057906.jpg,402,129,542,274,583,143
00057907.jpg,402,125,542,270,583,144
00057908.jpg,401,125,541,270,585,144
00057909.jpg,400,124,540,269,585,144
00057910.jpg,411,129,551,274,590,139
00057911.jpg,416,134,556,279,590,139
00057912.jpg,420,137,560,282,588,135
00057913.jpg,421,141,561,286,588,134
00057914.jpg,420,142,560,287,587,136
00057915.jpg,420,140,560,285,587,141
00057916.jpg,416,137,556,282,587,144
00057917.jpg,409,133,549,278,587,144
00057918.jpg,405,132,545,277,587,143
00057919.jpg,401,132,541,277,587,140
00057920.jpg,393,136,533,281,587,138
00057921.jpg,392,138,532,283,587,134
00057922.jpg,395,139,535,284,587,131
00057923.jpg,396,141,536,286,587,126
00057924.jpg,407,151,535,287,591,120
00057925.jpg,418,161,542,292,592,114
00057926.jpg,418,161,542,292,592,108
00057927.jpg,418,163,542,294,592,108
00057928.jpg,416,163,540,294,591,108
00057929.jpg,411,159,535,290,597,113
00057930.jpg,404,155,528,286,600,104
00057931.jpg,396,152,520,283,602,99
00057932.jpg,388,149,512,280,605,93
00057933.jpg,384,147,508,278,603,89
00057934.jpg,386,146,510,277,603,89
00057935.jpg,386,148,510,279,605,88
00057936.jpg,386,153,510,284,605,88
00057937.jpg,391,160,515,291,610,85
00057938.jpg,400,166,524,297,607,90
00057939.jpg,408,167,532,298,610,98
00057940.jpg,414,165,538,296,610,104
00057941.jpg,417,159,541,290,602,100
00057942.jpg,419,155,543,286,600,98
00057943.jpg,420,152,544,283,598,89
00057944.jpg,419,147,543,278,595,89
00057945.jpg,416,142,540,273,590,89
00057946.jpg,409,132,542,269,588,89
00057947.jpg,406,118,535,262,587,90
00057948.jpg,406,118,535,262,587,91
00057949.jpg,404,119,533,263,587,91
00057950.jpg,402,126,531,270,583,91
00057951.jpg,401,129,530,273,573,94
00057952.jpg,401,128,530,272,570,94
00057953.jpg,401,119,530,263,568,94
00057954.jpg,403,118,532,262,565,91
00057955.jpg,407,118,536,262,563,88
00057956.jpg,412,118,541,262,563,79
00057957.jpg,417,119,546,263,562,78
00057958.jpg,422,119,551,263,562,78
00057959.jpg,426,119,555,263,562,78
00057960.jpg,428,119,557,263,558,78
00057961.jpg,426,127,555,271,560,84
00057962.jpg,423,128,552,272,560,84
00057963.jpg,420,127,549,271,561,88
00057964.jpg,415,127,544,271,557,89
00057965.jpg,407,127,536,271,550,89
00057966.jpg,394,128,532,283,548,86
00057967.jpg,376,133,521,281,548,84
00057968.jpg,376,133,521,281,548,84
00057969.jpg,375,133,520,281,552,86
00057970.jpg,371,132,516,280,555,86
00057971.jpg,371,133,516,281,557,86
00057972.jpg,374,134,519,282,560,86
00057973.jpg,375,134,520,282,566,85
00057974.jpg,376,133,521,281,572,83
00057975.jpg,381,133,526,281,577,83
00057976.jpg,383,133,528,281,587,81
00057977.jpg,376,131,523,286,591,75
00057978.jpg,376,131,523,286,598,69
00057979.jpg,377,131,524,286,600,69
00057980.jpg,378,131,525,286,606,66
00057981.jpg,380,131,527,286,400,178
00057982.jpg,380,132,527,287,248,329
00057983.jpg,380,133,527,288,153,468
00057984.jpg,377,134,524,289,153,465
00057985.jpg,376,135,523,290,150,465
00057986.jpg,375,136,522,291,150,465
00057987.jpg,375,136,522,291,148,464
00057988.jpg,374,137,521,292,148,460
00057989.jpg,373,138,520,293,146,464
00057990.jpg,369,138,516,293,145,464
00057991.jpg,368,139,515,294,145,464
00057992.jpg,367,140,514,295,146,464
00057993.jpg,367,140,514,295,153,456
00057994.jpg,372,140,519,295,160,455
00057995.jpg,373,141,520,296,160,458
00057996.jpg,373,151,520,306,158,459
00057997.jpg,377,151,524,306,215,440
00057998.jpg,379,152,526,307,258,421
00057999.jpg,392,152,529,289,-1,-1
00058000.jpg,392,152,529,289,-1,-1
00058001.jpg,392,152,529,289,-1,-1
00058002.jpg,393,152,530,289,-1,-1
00058003.jpg,395,152,532,289,822,460
00058004.jpg,398,152,535,289,821,458
00058005.jpg,402,153,539,290,821,459
00058006.jpg,405,154,542,291,818,463
00058007.jpg,406,162,543,299,821,468
00058008.jpg,407,164,544,301,823,470
00058009.jpg,406,164,543,301,825,471
00058010.jpg,405,163,542,300,828,471
00058011.jpg,402,161,539,298,828,471
00058012.jpg,400,153,537,290,828,469
00058013.jpg,392,152,529,289,826,466
00058014.jpg,392,141,538,298,826,466
00058015.jpg,387,133,534,295,826,466
00058016.jpg,387,133,534,295,826,465
00058017.jpg,386,134,533,296,826,465
00058018.jpg,386,134,533,296,830,463
00058019.jpg,385,135,532,297,830,463
00058020.jpg,383,143,530,305,832,473
00058021.jpg,382,144,529,306,568,85
00058022.jpg,382,144,529,306,568,85
