00004749.jpg,1114,71,1489,502,-1,-1
00004750.jpg,1114,71,1489,502,-1,-1
00004751.jpg,1097,83,1472,514,-1,-1
00004752.jpg,1097,83,1472,514,-1,-1
00004753.jpg,1079,92,1454,523,-1,-1
00004754.jpg,1067,95,1442,526,-1,-1
00004755.jpg,1069,95,1444,526,-1,-1
00004756.jpg,1085,84,1460,515,-1,-1
00004757.jpg,1085,85,1460,516,-1,-1
00004758.jpg,1107,69,1482,500,-1,-1
00004759.jpg,1122,56,1497,487,-1,-1
00004760.jpg,1128,47,1503,478,-1,-1
00004761.jpg,1130,42,1505,473,-1,-1
00004762.jpg,1131,44,1504,470,-1,-1
00004763.jpg,1140,49,1498,447,-1,-1
00004764.jpg,1151,53,1498,431,-1,-1
00004765.jpg,1171,50,1514,423,-1,-1
00004766.jpg,1188,49,1520,412,-1,-1
00004767.jpg,1195,54,1521,409,-1,-1
00004768.jpg,1196,52,1519,409,-1,-1
00004769.jpg,1196,52,1519,409,-1,-1
00004770.jpg,1195,60,1508,417,-1,-1
00004771.jpg,1195,79,1506,436,-1,-1
00004772.jpg,1195,79,1506,436,-1,-1
00004773.jpg,1196,100,1507,457,-1,-1
00004774.jpg,1193,120,1504,477,-1,-1
00004775.jpg,1186,140,1497,497,-1,-1
00004776.jpg,1177,158,1488,515,-1,-1
00004777.jpg,1177,158,1488,515,-1,-1
00004778.jpg,1166,175,1477,532,-1,-1
00004779.jpg,1151,190,1462,547,-1,-1
00004780.jpg,1130,203,1441,560,-1,-1
00004781.jpg,1110,215,1421,572,-1,-1
00004782.jpg,1110,215,1421,572,-1,-1
00004783.jpg,1092,227,1403,584,-1,-1
00004784.jpg,1073,239,1384,596,-1,-1
00004785.jpg,1063,251,1373,588,-1,-1
00004786.jpg,1042,253,1352,590,-1,-1
00004787.jpg,1042,253,1352,590,-1,-1
00004788.jpg,1032,247,1342,584,-1,-1
00004789.jpg,1017,241,1327,578,-1,-1
00004790.jpg,1008,232,1318,569,-1,-1
00004791.jpg,1001,221,1311,558,-1,-1
00004792.jpg,1001,221,1311,558,-1,-1
00004793.jpg,1001,208,1311,545,-1,-1
00004794.jpg,1002,211,1280,515,-1,-1
00004795.jpg,1002,211,1280,515,-1,-1
00004796.jpg,1004,211,1282,515,-1,-1
00004797.jpg,1004,211,1282,515,-1,-1
00004798.jpg,1006,213,1284,517,-1,-1
00004799.jpg,1006,216,1284,520,-1,-1
00004800.jpg,1002,218,1259,500,-1,-1
00004801.jpg,1002,218,1259,500,-1,-1
00004802.jpg,1002,218,1259,500,-1,-1
00004803.jpg,1002,216,1259,498,-1,-1
00004804.jpg,1003,212,1260,494,-1,-1
00004805.jpg,1006,206,1263,488,-1,-1
00004806.jpg,1012,201,1269,483,-1,-1
00004807.jpg,1012,201,1269,483,-1,-1
00004808.jpg,1021,198,1278,480,-1,-1
00004809.jpg,1032,193,1289,475,-1,-1
00004810.jpg,1043,189,1300,471,-1,-1
00004811.jpg,1051,186,1308,468,-1,-1
00004812.jpg,1051,186,1308,468,-1,-1
00004813.jpg,1054,183,1311,465,-1,-1
00004814.jpg,1053,181,1310,463,-1,-1
00004815.jpg,1050,180,1307,462,-1,-1
00004816.jpg,1043,180,1300,462,-1,-1
00004817.jpg,1043,180,1300,462,-1,-1
00004818.jpg,1037,179,1294,461,1900,263
00004819.jpg,1029,179,1286,461,1880,256
00004820.jpg,1015,181,1272,463,1846,257
00004821.jpg,999,183,1256,465,1826,267
00004822.jpg,999,183,1256,465,1818,265
00004823.jpg,982,184,1239,466,1800,272
00004824.jpg,956,184,1213,466,1799,275
00004825.jpg,939,181,1196,463,1778,285
00004826.jpg,939,181,1196,463,1747,288
