00000779.jpg,288,67,502,303,840,227
00000780.jpg,288,67,502,303,840,227
00000781.jpg,288,67,502,303,840,227
00000782.jpg,288,67,502,303,840,231
00000783.jpg,288,68,502,304,840,231
00000784.jpg,288,69,502,305,838,231
00000785.jpg,288,69,502,305,836,235
00000786.jpg,288,69,502,305,834,239
00000787.jpg,288,69,502,305,832,242
00000788.jpg,288,69,502,305,827,249
00000789.jpg,288,70,502,306,820,253
00000790.jpg,288,70,502,306,814,258
00000791.jpg,288,71,502,307,809,260
00000792.jpg,288,71,502,307,807,263
00000793.jpg,288,71,502,307,804,265
00000794.jpg,288,71,502,307,796,271
00000795.jpg,288,71,502,307,792,273
00000796.jpg,288,71,502,307,789,275
00000797.jpg,288,71,502,307,792,276
00000798.jpg,288,71,502,307,792,276
00000799.jpg,288,71,502,307,793,275
00000800.jpg,288,71,502,307,794,272
00000801.jpg,288,71,502,307,792,272
00000802.jpg,288,71,502,307,792,272
00000803.jpg,288,71,502,307,792,272
00000804.jpg,288,71,502,307,792,273
00000805.jpg,288,71,502,307,792,273
00000806.jpg,288,71,502,307,792,273
00000807.jpg,288,71,502,307,792,273
00000808.jpg,288,71,502,307,792,273
00000809.jpg,288,71,502,307,792,273
00000810.jpg,288,71,502,307,792,273
00000811.jpg,288,71,502,307,792,274
00000812.jpg,288,71,502,307,792,274
00000813.jpg,288,71,502,307,794,272
00000814.jpg,288,71,502,307,794,272
00000815.jpg,288,71,502,307,794,272
00000816.jpg,288,72,502,308,794,272
00000817.jpg,289,72,503,308,794,272
00000818.jpg,289,72,503,308,794,272
00000819.jpg,288,72,502,308,794,272
00000820.jpg,288,72,502,308,794,272
00000821.jpg,288,72,502,308,796,271
00000822.jpg,288,72,502,308,796,268
00000823.jpg,288,72,502,308,796,268
00000824.jpg,288,72,502,308,796,268
00000825.jpg,287,72,501,308,796,268
00000826.jpg,287,72,501,308,796,268
00000827.jpg,287,72,501,308,796,268
00000828.jpg,287,72,501,308,796,267
00000829.jpg,286,72,500,308,796,267
00000830.jpg,286,72,500,308,796,267
00000831.jpg,286,72,500,308,796,267
00000832.jpg,286,72,500,308,796,266
00000833.jpg,286,72,500,308,796,266
00000834.jpg,286,72,500,308,797,266
00000835.jpg,286,72,500,308,797,266
00000836.jpg,286,72,500,308,798,266
00000837.jpg,286,72,500,308,798,265
00000838.jpg,286,72,500,308,798,265
00000839.jpg,286,72,500,308,798,265
00000840.jpg,286,72,500,308,798,265
00000841.jpg,286,72,500,308,798,265
00000842.jpg,286,72,500,308,798,265
00000843.jpg,286,71,500,307,798,265
00000844.jpg,286,71,500,307,798,265
00000845.jpg,286,71,500,307,798,265
00000846.jpg,286,72,500,308,798,265
00000847.jpg,286,71,500,307,798,265
00000848.jpg,286,71,500,307,798,265
00000849.jpg,286,71,500,307,798,265
00000850.jpg,286,71,500,307,798,265
00000851.jpg,286,71,500,307,798,265
00000852.jpg,286,71,500,307,798,265
00000853.jpg,286,71,500,307,798,265
00000854.jpg,286,71,500,307,798,265
00000855.jpg,286,71,500,307,798,265
00000856.jpg,286,71,500,307,798,265
00000857.jpg,286,71,500,307,798,265
00000858.jpg,286,71,500,307,798,265
00000859.jpg,286,71,500,307,798,265
00000860.jpg,286,71,500,307,798,265
00000861.jpg,287,71,501,307,798,265
00000862.jpg,287,71,501,307,798,265
00000863.jpg,287,71,501,307,798,265
00000864.jpg,287,71,501,307,798,265
00000865.jpg,287,71,501,307,798,265
00000866.jpg,287,71,501,307,798,265
00000867.jpg,287,71,501,307,798,265
00000868.jpg,287,71,501,307,798,265
00000869.jpg,287,71,501,307,798,265
00000870.jpg,287,71,501,307,798,265
