00000779.jpg,78,302,158,385,-1,-1
00000780.jpg,78,302,158,385,-1,-1
00000781.jpg,78,302,158,385,-1,-1
00000782.jpg,78,302,158,385,-1,-1
00000783.jpg,78,302,158,385,-1,-1
00000784.jpg,78,302,158,385,-1,-1
00000785.jpg,78,302,158,385,-1,-1
00000786.jpg,78,302,158,385,-1,-1
00000787.jpg,78,302,158,385,-1,-1
00000788.jpg,78,302,158,385,-1,-1
00000789.jpg,78,302,158,385,-1,-1
00000790.jpg,78,302,158,385,-1,-1
00000791.jpg,78,302,158,385,-1,-1
00000792.jpg,78,302,158,385,-1,-1
00000793.jpg,78,302,158,385,-1,-1
00000794.jpg,77,302,157,385,-1,-1
00000795.jpg,77,302,157,385,-1,-1
00000796.jpg,77,302,157,385,-1,-1
00000797.jpg,77,302,157,385,-1,-1
00000798.jpg,77,302,157,385,-1,-1
00000799.jpg,76,302,156,385,-1,-1
00000800.jpg,75,302,155,385,-1,-1
00000801.jpg,74,302,154,385,-1,-1
00000802.jpg,74,302,154,385,-1,-1
00000803.jpg,74,302,154,385,-1,-1
00000804.jpg,73,302,153,385,-1,-1
00000805.jpg,73,302,153,385,-1,-1
00000806.jpg,73,302,153,385,-1,-1
00000807.jpg,73,302,153,385,-1,-1
00000808.jpg,73,302,153,385,-1,-1
00000809.jpg,73,302,153,385,-1,-1
00000810.jpg,73,302,153,385,-1,-1
00000811.jpg,73,302,153,385,-1,-1
00000812.jpg,73,303,153,386,-1,-1
00000813.jpg,73,303,153,386,-1,-1
00000814.jpg,73,303,153,386,-1,-1
00000815.jpg,73,303,153,386,-1,-1
00000816.jpg,73,303,153,386,-1,-1
00000817.jpg,73,303,153,386,-1,-1
00000818.jpg,73,303,153,386,-1,-1
00000819.jpg,73,303,153,386,-1,-1
00000820.jpg,73,302,153,385,-1,-1
00000821.jpg,73,302,153,385,-1,-1
00000822.jpg,74,302,154,385,-1,-1
00000823.jpg,74,302,154,385,-1,-1
00000824.jpg,74,302,154,385,-1,-1
00000825.jpg,74,302,154,385,-1,-1
00000826.jpg,75,302,155,385,-1,-1
00000827.jpg,75,302,155,385,-1,-1
00000828.jpg,75,302,155,385,-1,-1
00000829.jpg,75,302,155,385,-1,-1
00000830.jpg,75,302,155,385,-1,-1
00000831.jpg,76,301,156,384,-1,-1
00000832.jpg,76,301,156,384,-1,-1
00000833.jpg,76,301,156,384,-1,-1
00000834.jpg,77,301,157,384,-1,-1
00000835.jpg,78,301,158,384,-1,-1
00000836.jpg,79,301,159,384,-1,-1
00000837.jpg,79,301,159,384,-1,-1
00000838.jpg,81,300,161,383,-1,-1
00000839.jpg,82,300,162,383,-1,-1
00000840.jpg,83,300,163,383,-1,-1
00000841.jpg,83,300,163,383,-1,-1
00000842.jpg,83,300,163,383,-1,-1
00000843.jpg,84,300,164,383,-1,-1
00000844.jpg,85,300,165,383,-1,-1
00000845.jpg,85,300,165,383,-1,-1
00000846.jpg,85,300,165,383,-1,-1
00000847.jpg,86,300,166,383,-1,-1
00000848.jpg,86,300,166,383,-1,-1
00000849.jpg,86,300,166,383,-1,-1
00000850.jpg,86,300,166,383,-1,-1
00000851.jpg,86,299,166,382,-1,-1
00000852.jpg,86,299,166,382,-1,-1
00000853.jpg,86,300,166,383,-1,-1
00000854.jpg,86,300,166,383,-1,-1
00000855.jpg,86,300,166,383,-1,-1
00000856.jpg,85,300,165,383,-1,-1
00000857.jpg,85,300,165,383,-1,-1
00000858.jpg,85,300,165,383,-1,-1
00000859.jpg,85,300,165,383,-1,-1
00000860.jpg,84,300,164,383,-1,-1
00000861.jpg,84,300,164,383,-1,-1
00000862.jpg,84,300,164,383,-1,-1
00000863.jpg,84,300,164,383,-1,-1
00000864.jpg,84,300,164,383,-1,-1
00000865.jpg,83,300,163,383,-1,-1
00000866.jpg,83,300,163,383,-1,-1
00000867.jpg,83,300,163,383,-1,-1
00000868.jpg,83,300,163,383,-1,-1
00000869.jpg,83,300,163,383,-1,-1
00000870.jpg,83,300,163,383,-1,-1
