00000779.jpg,618,216,801,412,1081,245
00000780.jpg,618,216,801,412,1083,249
00000781.jpg,618,216,801,412,1084,250
00000782.jpg,618,216,801,412,1085,251
00000783.jpg,616,216,799,412,1085,251
00000784.jpg,613,215,796,411,1088,254
00000785.jpg,611,215,794,411,1088,254
00000786.jpg,608,215,791,411,1089,254
00000787.jpg,608,215,791,411,1090,255
00000788.jpg,606,215,789,411,1090,255
00000789.jpg,605,215,788,411,1090,255
00000790.jpg,604,215,787,411,1090,255
00000791.jpg,603,215,786,411,1090,255
00000792.jpg,602,215,785,411,1090,255
00000793.jpg,601,215,784,411,1088,255
00000794.jpg,600,215,783,411,1088,255
00000795.jpg,599,216,782,412,1088,255
00000796.jpg,598,216,781,412,1086,256
00000797.jpg,598,216,781,412,1086,256
00000798.jpg,598,217,781,413,1086,256
00000799.jpg,599,217,782,413,1086,256
00000800.jpg,599,217,782,413,1086,256
00000801.jpg,600,218,783,414,1086,256
00000802.jpg,600,218,783,414,1086,256
00000803.jpg,602,219,785,415,1086,256
00000804.jpg,604,220,787,416,1086,256
00000805.jpg,606,220,789,416,1087,256
00000806.jpg,606,220,789,416,1088,256
00000807.jpg,606,220,789,416,1088,256
00000808.jpg,607,219,790,415,1088,256
00000809.jpg,607,219,790,415,1088,256
00000810.jpg,607,218,790,414,1088,256
00000811.jpg,607,218,790,414,1087,257
00000812.jpg,607,218,790,414,1087,258
00000813.jpg,608,218,791,414,1085,259
00000814.jpg,609,218,792,414,1085,259
00000815.jpg,610,219,793,415,1083,259
00000816.jpg,612,219,795,415,1082,263
00000817.jpg,612,219,795,415,1080,267
00000818.jpg,613,219,796,415,1080,271
00000819.jpg,613,219,796,415,1080,273
00000820.jpg,612,219,795,415,1076,274
00000821.jpg,612,219,795,415,1076,274
00000822.jpg,612,219,795,415,1075,274
00000823.jpg,611,218,794,414,1074,275
00000824.jpg,612,218,795,414,1074,272
00000825.jpg,611,217,794,413,1072,271
00000826.jpg,612,217,795,413,1072,271
00000827.jpg,612,217,795,413,1070,271
00000828.jpg,613,217,796,413,1070,271
00000829.jpg,614,217,797,413,1068,271
00000830.jpg,615,217,798,413,1065,271
00000831.jpg,616,218,799,414,1063,271
00000832.jpg,616,218,799,414,1063,271
00000833.jpg,617,218,800,414,1063,271
00000834.jpg,616,218,799,414,1063,271
00000835.jpg,616,218,799,414,1062,271
00000836.jpg,615,217,798,413,1061,271
00000837.jpg,615,217,798,413,1061,271
00000838.jpg,614,217,797,413,1061,271
00000839.jpg,614,217,797,413,1061,271
00000840.jpg,614,217,797,413,1061,271
00000841.jpg,614,217,797,413,1062,271
00000842.jpg,614,217,797,413,1062,271
00000843.jpg,614,217,797,413,1062,271
00000844.jpg,616,217,799,413,1062,271
00000845.jpg,617,217,800,413,1062,271
00000846.jpg,619,217,802,413,1062,271
00000847.jpg,619,217,802,413,1062,271
00000848.jpg,620,218,803,414,1062,271
00000849.jpg,620,218,803,414,1062,271
00000850.jpg,619,218,802,414,1062,271
00000851.jpg,617,219,800,415,1062,271
00000852.jpg,617,219,800,415,1062,271
00000853.jpg,615,219,798,415,1062,271
00000854.jpg,612,219,795,415,1062,271
00000855.jpg,610,218,793,414,1062,271
00000856.jpg,610,218,793,414,1062,271
00000857.jpg,610,218,793,414,1062,271
00000858.jpg,610,217,793,413,1062,271
00000859.jpg,611,217,794,413,1062,271
00000860.jpg,614,217,797,413,1062,271
00000861.jpg,616,218,799,414,1062,271
00000862.jpg,616,218,799,414,1062,271
00000863.jpg,618,219,801,415,1063,267
00000864.jpg,618,220,801,416,1063,267
00000865.jpg,619,221,802,417,1065,266
00000866.jpg,618,221,801,417,1065,265
00000867.jpg,618,221,801,417,1065,264
00000868.jpg,618,221,801,417,1065,264
00000869.jpg,619,220,802,416,1065,264
00000870.jpg,619,220,802,416,1061,266
