00009800.jpg,224,47,307,130,-1,-1
00009801.jpg,224,47,307,130,-1,-1
00009802.jpg,232,46,315,129,-1,-1
00009803.jpg,238,44,321,127,-1,-1
00009804.jpg,238,44,321,127,-1,-1
00009805.jpg,243,40,326,123,-1,-1
00009806.jpg,246,36,329,119,-1,-1
00009807.jpg,248,31,331,114,-1,-1
00009808.jpg,249,26,332,109,-1,-1
00009809.jpg,249,26,332,109,-1,-1
00009810.jpg,250,23,333,106,-1,-1
00009811.jpg,251,21,334,104,-1,-1
00009812.jpg,252,20,335,103,-1,-1
00009813.jpg,252,18,335,101,-1,-1
00009814.jpg,252,18,335,101,-1,-1
00009815.jpg,252,17,335,100,-1,-1
00009816.jpg,251,16,334,99,-1,-1
00009817.jpg,250,16,333,99,-1,-1
00009818.jpg,250,16,333,99,-1,-1
00009819.jpg,249,16,332,99,-1,-1
00009820.jpg,249,15,332,98,-1,-1
00009821.jpg,249,14,332,97,-1,-1
00009822.jpg,250,13,333,96,-1,-1
00009823.jpg,250,13,333,96,-1,-1
00009824.jpg,250,13,333,96,-1,-1
00009825.jpg,250,12,333,95,-1,-1
00009826.jpg,249,12,332,95,-1,-1
00009827.jpg,247,11,330,94,-1,-1
00009828.jpg,247,11,330,94,-1,-1
00009829.jpg,248,12,331,95,-1,-1
00009830.jpg,250,12,333,95,-1,-1
00009831.jpg,250,12,333,95,-1,-1
