00005754.jpg,994,170,1136,312,1470,420
00005755.jpg,994,170,1136,312,1478,420
00005756.jpg,994,170,1136,312,1484,420
00005757.jpg,994,170,1136,312,1484,420
00005758.jpg,995,170,1137,312,1484,420
00005759.jpg,996,170,1138,312,1484,420
00005760.jpg,997,170,1139,312,1486,420
00005761.jpg,998,170,1140,312,1488,420
00005762.jpg,999,170,1141,312,1490,420
00005763.jpg,1000,170,1142,312,1490,420
00005764.jpg,1001,170,1143,312,1490,420
00005765.jpg,1002,170,1144,312,1490,420
00005766.jpg,1003,170,1145,312,1490,420
00005767.jpg,1004,171,1146,313,1490,420
00005768.jpg,1005,170,1147,312,1489,420
00005769.jpg,1005,170,1147,312,1489,420
00005770.jpg,1006,171,1148,313,1489,420
00005771.jpg,1007,171,1149,313,1488,420
00005772.jpg,1008,170,1150,312,1484,420
00005773.jpg,1009,170,1151,312,1480,420
00005774.jpg,1009,170,1151,312,1481,418
00005775.jpg,1010,170,1152,312,1478,418
00005776.jpg,1012,170,1154,312,1480,420
00005777.jpg,1012,170,1154,312,1476,420
00005778.jpg,1013,170,1155,312,1484,420
00005779.jpg,1014,170,1156,312,1474,420
00005780.jpg,1014,170,1156,312,1476,420
00005781.jpg,1014,170,1156,312,1472,420
00005782.jpg,1015,169,1157,311,1470,420
00005783.jpg,1015,169,1157,311,1469,421
00005784.jpg,1015,169,1157,311,1468,421
00005785.jpg,1015,169,1157,311,1468,421
00005786.jpg,1015,169,1157,311,1464,422
00005787.jpg,1014,169,1156,311,1462,422
00005788.jpg,1014,169,1156,311,1462,425
00005789.jpg,1013,169,1155,311,1462,425
00005790.jpg,1013,169,1155,311,1462,425
00005791.jpg,1012,169,1154,311,1462,425
00005792.jpg,1011,169,1153,311,1462,426
00005793.jpg,1010,169,1152,311,1462,426
00005794.jpg,1010,169,1152,311,1462,429
00005795.jpg,1009,169,1151,311,1462,429
00005796.jpg,1008,169,1150,311,1462,426
00005797.jpg,1007,169,1149,311,1464,426
00005798.jpg,1007,169,1149,311,1464,430
00005799.jpg,1006,169,1148,311,1465,429
00005800.jpg,1005,169,1147,311,1468,429
00005801.jpg,1004,169,1146,311,1468,429
00005802.jpg,1004,169,1146,311,1468,429
00005803.jpg,1003,169,1145,311,1468,429
00005804.jpg,1002,169,1144,311,1469,429
00005805.jpg,1002,169,1144,311,1469,429
00005806.jpg,1001,169,1143,311,1469,429
00005807.jpg,1001,169,1143,311,1472,429
00005808.jpg,1000,169,1142,311,1472,429
00005809.jpg,1000,169,1142,311,1474,429
00005810.jpg,1000,169,1142,311,1476,429
00005811.jpg,1000,169,1142,311,1476,429
00005812.jpg,999,170,1141,312,1476,429
00005813.jpg,999,170,1141,312,1476,429
00005814.jpg,999,169,1141,311,1476,429
00005815.jpg,999,169,1141,311,1476,429
00005816.jpg,1000,169,1142,311,1477,429
00005817.jpg,1000,169,1142,311,1477,429
00005818.jpg,1001,169,1143,311,1481,429
00005819.jpg,1001,169,1143,311,1481,429
00005820.jpg,1002,169,1144,311,1482,429
00005821.jpg,1003,170,1145,312,1485,426
00005822.jpg,1004,170,1146,312,1493,425
00005823.jpg,1005,170,1147,312,1493,425
00005824.jpg,1006,170,1148,312,1493,425
00005825.jpg,1008,170,1150,312,1493,425
00005826.jpg,1009,170,1151,312,1494,425
00005827.jpg,1010,170,1152,312,1496,425
00005828.jpg,1010,170,1152,312,1496,425
00005829.jpg,1011,170,1153,312,1496,425
00005830.jpg,1011,170,1153,312,1505,422
00005831.jpg,1012,170,1154,312,1505,422
00005832.jpg,1012,170,1154,312,1505,424
00005833.jpg,1013,170,1155,312,1505,424
00005834.jpg,1014,170,1156,312,1505,424
00005835.jpg,1014,170,1156,312,-1,-1
00005836.jpg,1015,170,1157,312,-1,-1
00005837.jpg,1015,170,1157,312,-1,-1
00005838.jpg,1016,170,1158,312,-1,-1
00005839.jpg,1017,170,1159,312,-1,-1
00005840.jpg,1018,170,1160,312,-1,-1
00005841.jpg,1019,170,1161,312,-1,-1
00005842.jpg,1020,170,1162,312,-1,-1
00005843.jpg,1021,170,1163,312,-1,-1
00005844.jpg,1021,171,1163,313,-1,-1
00005845.jpg,1022,171,1164,313,-1,-1
00005846.jpg,1022,172,1164,314,-1,-1
00005847.jpg,1022,172,1164,314,-1,-1
00005848.jpg,1022,172,1164,314,-1,-1
00005849.jpg,1022,172,1164,314,597,282
00005850.jpg,1021,172,1163,314,681,225
00005851.jpg,1020,178,1150,313,681,225
00005852.jpg,1020,178,1150,313,681,225
00005853.jpg,1019,178,1149,313,681,225
00005854.jpg,1019,178,1149,313,681,225
00005855.jpg,1019,178,1149,313,678,225
00005856.jpg,1019,178,1149,313,678,225
00005857.jpg,1019,178,1149,313,678,225
00005858.jpg,1019,178,1149,313,678,225
00005859.jpg,1020,177,1150,312,678,225
00005860.jpg,1020,177,1150,312,677,225
00005861.jpg,1020,177,1150,312,677,225
00005862.jpg,1020,177,1150,312,677,225
00005863.jpg,1020,177,1150,312,677,225
00005864.jpg,1019,178,1149,313,677,225
00005865.jpg,1019,178,1149,313,677,225
00005866.jpg,1018,178,1148,313,677,225
00005867.jpg,1017,178,1147,313,676,225
00005868.jpg,1016,178,1146,313,674,225
00005869.jpg,1016,178,1146,313,669,225
00005870.jpg,1016,178,1146,313,665,225
00005871.jpg,1016,178,1146,313,657,225
00005872.jpg,1016,178,1146,313,593,304
00005873.jpg,1017,178,1147,313,-1,-1
00005874.jpg,1018,178,1148,313,-1,-1
00005875.jpg,1018,178,1148,313,-1,-1
00005876.jpg,1020,178,1150,313,-1,-1
00005877.jpg,1021,178,1151,313,-1,-1
00005878.jpg,1023,178,1153,313,-1,-1
00005879.jpg,1024,178,1154,313,-1,-1
00005880.jpg,1026,178,1156,313,-1,-1
00005881.jpg,1028,178,1158,313,-1,-1
00005882.jpg,1031,178,1161,313,-1,-1
00005883.jpg,1033,178,1163,313,-1,-1
00005884.jpg,1035,178,1165,313,-1,-1
00005885.jpg,1036,178,1166,313,-1,-1
00005886.jpg,1038,178,1168,313,-1,-1
00005887.jpg,1039,178,1169,313,-1,-1
00005888.jpg,1041,178,1171,313,-1,-1
00005889.jpg,1042,177,1172,312,-1,-1
00005890.jpg,1044,177,1174,312,-1,-1
00005891.jpg,1046,178,1176,313,-1,-1
00005892.jpg,1047,178,1177,313,-1,-1
00005893.jpg,1048,178,1178,313,-1,-1
00005894.jpg,1049,178,1179,313,-1,-1
00005895.jpg,1049,177,1179,312,-1,-1
00005896.jpg,1048,178,1178,313,-1,-1
00005897.jpg,1048,178,1178,313,1489,449
00005898.jpg,1048,178,1178,313,1493,456
00005899.jpg,1048,178,1178,313,1498,457
00005900.jpg,1048,178,1178,313,1498,460
00005901.jpg,1048,178,1178,313,1500,460
00005902.jpg,1048,179,1178,314,1498,462
00005903.jpg,1048,179,1178,314,1490,460
00005904.jpg,1048,179,1178,314,1488,460
00005905.jpg,1048,179,1178,314,1489,460
