00017526.jpg,184,58,467,357,848,213
00017527.jpg,184,58,467,357,845,214
00017528.jpg,184,58,467,357,841,215
00017529.jpg,184,58,467,357,841,215
00017530.jpg,184,58,467,357,839,212
00017531.jpg,185,58,468,357,841,210
00017532.jpg,184,58,467,357,841,209
00017533.jpg,184,58,467,357,841,209
00017534.jpg,184,57,467,356,844,207
00017535.jpg,183,57,466,356,846,208
00017536.jpg,183,57,466,356,851,212
00017537.jpg,183,57,466,356,857,211
00017538.jpg,183,57,466,356,863,211
00017539.jpg,183,57,466,356,869,212
00017540.jpg,183,57,466,356,871,212
00017541.jpg,183,57,466,356,869,216
00017542.jpg,183,57,466,356,867,218
00017543.jpg,183,57,466,356,864,214
00017544.jpg,184,57,467,356,863,215
00017545.jpg,185,56,468,355,-1,-1
00017546.jpg,186,57,469,356,-1,-1
00017547.jpg,188,58,471,357,738,625
00017548.jpg,196,60,485,387,709,636
00017549.jpg,196,60,485,387,704,636
00017550.jpg,198,63,487,390,605,622
00017551.jpg,199,65,488,392,605,622
00017552.jpg,200,67,489,394,605,622
00017553.jpg,202,69,491,396,605,622
00017554.jpg,206,72,495,399,605,622
00017555.jpg,209,74,498,401,605,622
00017556.jpg,215,76,504,403,605,622
00017557.jpg,220,78,509,405,605,622
00017558.jpg,225,79,514,406,605,622
00017559.jpg,230,82,519,409,605,622
00017560.jpg,235,84,524,411,605,622
00017561.jpg,241,87,530,414,605,622
00017562.jpg,248,89,537,416,605,622
00017563.jpg,255,92,544,419,605,622
00017564.jpg,261,95,550,422,605,622
00017565.jpg,267,99,556,426,605,622
00017566.jpg,273,102,562,429,605,622
00017567.jpg,278,105,567,432,605,622
00017568.jpg,282,108,571,435,605,622
00017569.jpg,286,112,575,439,605,622
00017570.jpg,289,116,578,443,605,622
00017571.jpg,291,118,580,445,605,622
00017572.jpg,293,118,582,445,605,622
00017573.jpg,295,119,584,446,605,622
00017574.jpg,296,118,585,445,605,622
00017575.jpg,295,117,584,444,605,622
00017576.jpg,294,116,583,443,605,622
00017577.jpg,291,113,580,440,605,622
00017578.jpg,288,112,577,439,605,622
00017579.jpg,285,111,574,438,605,622
00017580.jpg,281,109,570,436,605,622
00017581.jpg,278,107,567,434,605,622
00017582.jpg,274,105,563,432,605,622
00017583.jpg,270,103,559,430,605,622
00017584.jpg,262,102,551,429,605,622
00017585.jpg,257,98,546,425,605,622
00017586.jpg,252,95,541,422,605,622
00017587.jpg,246,92,535,419,605,622
00017588.jpg,242,90,531,417,605,622
00017589.jpg,238,87,527,414,605,622
00017590.jpg,234,85,523,412,605,622
00017591.jpg,231,83,520,410,605,622
00017592.jpg,228,81,517,408,605,622
00017593.jpg,225,79,514,406,605,622
00017594.jpg,222,76,511,403,605,622
00017595.jpg,220,74,509,401,605,622
00017596.jpg,217,72,506,399,605,622
00017597.jpg,214,70,503,397,-1,-1
00017598.jpg,211,69,500,396,861,223
00017599.jpg,208,68,497,395,859,225
00017600.jpg,204,67,493,394,859,225
00017601.jpg,200,65,489,392,859,225
00017602.jpg,197,63,486,390,856,225
00017603.jpg,196,61,485,388,856,225
00017604.jpg,195,61,484,388,856,225
00017605.jpg,196,57,476,370,855,226
00017606.jpg,196,57,476,370,855,226
00017607.jpg,194,56,474,369,855,226
00017608.jpg,193,55,473,368,855,226
00017609.jpg,192,55,472,368,854,226
00017610.jpg,191,55,471,368,854,226
00017611.jpg,190,54,470,367,854,223
00017612.jpg,189,54,469,367,855,220
00017613.jpg,188,53,468,366,856,219
00017614.jpg,186,53,466,366,856,219
00017615.jpg,185,53,465,366,856,219
00017616.jpg,184,52,464,365,856,219
00017617.jpg,183,52,463,365,853,222
00017618.jpg,185,52,465,365,853,222
00017619.jpg,189,53,469,366,-1,-1
00017620.jpg,194,56,474,369,-1,-1
00017621.jpg,199,64,484,398,630,624
00017622.jpg,199,64,484,398,630,624
00017623.jpg,200,67,485,401,630,624
00017624.jpg,201,69,486,403,630,624
00017625.jpg,202,70,487,404,630,624
00017626.jpg,203,71,488,405,630,624
00017627.jpg,204,73,489,407,630,624
00017628.jpg,205,73,490,407,630,624
00017629.jpg,208,75,493,409,630,624
00017630.jpg,209,76,494,410,630,624
00017631.jpg,211,77,496,411,630,624
00017632.jpg,212,77,497,411,630,624
00017633.jpg,213,78,498,412,630,624
00017634.jpg,214,78,499,412,630,624
00017635.jpg,214,78,499,412,630,624
00017636.jpg,214,78,499,412,630,624
00017637.jpg,214,78,499,412,630,624
00017638.jpg,212,78,497,412,630,624
00017639.jpg,212,78,497,412,630,624
00017640.jpg,211,78,496,412,630,624
00017641.jpg,210,78,495,412,630,624
00017642.jpg,210,78,495,412,630,624
00017643.jpg,210,78,495,412,630,624
00017644.jpg,210,78,495,412,630,624
00017645.jpg,209,78,494,412,630,624
00017646.jpg,209,78,494,412,630,624
00017647.jpg,209,79,494,413,630,624
00017648.jpg,209,79,494,413,630,624
00017649.jpg,209,79,494,413,630,624
00017650.jpg,209,78,494,412,630,624
00017651.jpg,209,78,494,412,630,624
00017652.jpg,209,78,494,412,630,624
00017653.jpg,210,79,495,413,630,624
00017654.jpg,210,79,495,413,630,624
00017655.jpg,210,79,495,413,630,624
00017656.jpg,210,79,495,413,630,624
00017657.jpg,210,80,495,414,630,624
00017658.jpg,210,80,495,414,630,624
00017659.jpg,210,81,495,415,630,624
00017660.jpg,210,81,495,415,630,624
00017661.jpg,211,81,496,415,630,624
00017662.jpg,210,81,495,415,630,624
00017663.jpg,210,81,495,415,630,624
00017664.jpg,210,81,495,415,630,624
00017665.jpg,210,80,495,414,630,624
00017666.jpg,210,79,495,413,630,624
00017667.jpg,215,78,493,400,630,624
00017668.jpg,204,76,493,398,-1,-1
00017669.jpg,204,76,493,398,-1,-1
00017670.jpg,203,75,492,397,-1,-1
00017671.jpg,202,73,491,395,-1,-1
00017672.jpg,204,71,482,381,848,229
00017673.jpg,204,71,482,381,848,229
00017674.jpg,203,70,481,380,848,229
00017675.jpg,202,69,480,379,848,229
00017676.jpg,202,69,480,379,847,234
00017677.jpg,202,68,480,378,849,234
00017678.jpg,202,67,480,377,850,235
00017679.jpg,201,67,479,377,850,233
00017680.jpg,201,66,479,376,850,232
00017681.jpg,197,66,475,376,848,229
00017682.jpg,197,66,475,376,848,229
00017683.jpg,196,66,474,376,846,224
00017684.jpg,194,66,472,376,844,218
00017685.jpg,194,65,472,375,844,218
00017686.jpg,193,65,471,375,842,217
00017687.jpg,192,65,470,375,837,218
00017688.jpg,192,64,470,374,839,220
00017689.jpg,192,64,470,374,839,224
00017690.jpg,191,64,469,374,839,226
00017691.jpg,191,64,469,374,839,226
00017692.jpg,191,64,469,374,839,226
00017693.jpg,191,64,469,374,839,226
00017694.jpg,191,64,469,374,840,235
00017695.jpg,190,64,468,374,850,241
00017696.jpg,190,64,468,374,857,246
00017697.jpg,190,64,468,374,860,252
00017698.jpg,190,64,468,374,863,257
00017699.jpg,190,63,468,373,869,259
00017700.jpg,189,63,467,373,869,259
00017701.jpg,189,63,467,373,872,263
00017702.jpg,188,63,466,373,878,267
00017703.jpg,188,63,466,373,886,270
00017704.jpg,187,63,465,373,890,274
00017705.jpg,187,63,465,373,895,274
00017706.jpg,187,62,465,372,895,274
00017707.jpg,188,62,466,372,904,277
00017708.jpg,188,62,466,372,904,277
00017709.jpg,188,61,466,371,909,281
00017710.jpg,188,60,466,370,927,290
00017711.jpg,189,59,467,369,-1,-1
00017712.jpg,190,59,468,369,-1,-1
00017713.jpg,192,59,470,369,-1,-1
00017714.jpg,194,59,472,369,-1,-1
00017715.jpg,196,60,474,370,-1,-1
00017716.jpg,197,59,475,369,-1,-1
00017717.jpg,198,59,476,369,-1,-1
00017718.jpg,198,59,476,369,-1,-1
00017719.jpg,199,59,477,369,743,615
00017720.jpg,200,59,478,369,743,615
00017721.jpg,200,59,478,369,743,615
00017722.jpg,201,60,479,370,743,615
00017723.jpg,201,60,479,370,743,615
00017724.jpg,201,60,479,370,743,615
00017725.jpg,201,61,479,371,743,615
00017726.jpg,201,62,479,372,743,615
00017727.jpg,202,62,480,372,743,615
00017728.jpg,202,62,480,372,743,615
00017729.jpg,201,63,479,373,743,615
00017730.jpg,201,63,479,373,743,615
00017731.jpg,199,63,477,373,743,615
00017732.jpg,198,63,476,373,785,554
00017733.jpg,197,64,475,374,943,339
00017734.jpg,197,63,475,373,939,315
00017735.jpg,196,63,474,373,938,301
00017736.jpg,197,63,475,373,937,296
00017737.jpg,198,63,476,373,930,296
00017738.jpg,200,63,478,373,927,298
00017739.jpg,201,64,479,374,915,291
00017740.jpg,202,65,480,375,908,274
00017741.jpg,203,65,481,375,898,271
00017742.jpg,203,65,481,375,885,270
00017743.jpg,203,65,481,375,884,273
