00000024.jpg,951,73,1154,270,596,201
00000025.jpg,951,73,1154,270,596,199
00000026.jpg,928,69,1131,266,592,200
00000027.jpg,908,64,1111,261,591,200
00000028.jpg,889,61,1092,258,593,200
00000029.jpg,871,61,1074,258,594,200
00000030.jpg,854,64,1057,261,595,200
00000031.jpg,839,69,1042,266,597,199
00000032.jpg,823,73,1026,270,597,198
00000033.jpg,808,76,1011,273,598,195
00000034.jpg,794,77,997,274,598,192
00000035.jpg,781,76,984,273,598,187
00000036.jpg,768,74,971,271,597,185
00000037.jpg,744,84,926,280,590,182
00000038.jpg,744,84,926,280,585,178
00000039.jpg,732,81,914,277,578,173
00000040.jpg,721,81,903,277,576,173
00000041.jpg,711,81,893,277,576,173
00000042.jpg,702,83,884,279,576,173
00000043.jpg,695,86,877,282,576,173
00000044.jpg,689,88,871,284,574,173
00000045.jpg,683,87,865,283,574,173
00000046.jpg,678,85,860,281,-1,-1
00000047.jpg,674,82,856,278,1052,536
00000048.jpg,654,80,846,293,1006,461
00000049.jpg,654,80,846,293,1015,461
00000050.jpg,655,79,847,292,1015,461
00000051.jpg,657,79,849,292,1016,461
00000052.jpg,660,80,852,293,1016,461
00000053.jpg,663,82,855,295,1016,461
00000054.jpg,666,83,858,296,1016,461
00000055.jpg,670,84,862,297,1016,461
00000056.jpg,676,84,868,297,1016,461
00000057.jpg,682,82,874,295,1016,461
00000058.jpg,687,80,879,293,1016,461
00000059.jpg,688,80,885,285,1016,461
00000060.jpg,690,82,885,282,1016,461
00000061.jpg,694,82,890,279,1016,461
00000062.jpg,694,78,898,279,1016,461
00000063.jpg,713,77,905,290,1016,461
00000064.jpg,723,74,915,287,1016,461
00000065.jpg,728,74,920,287,1016,461
00000066.jpg,732,75,924,288,1016,461
00000067.jpg,735,76,927,289,1016,461
00000068.jpg,737,75,929,288,1016,460
00000069.jpg,738,75,930,288,1016,459
00000070.jpg,739,74,931,287,1016,459
00000071.jpg,739,74,931,287,1016,459
00000072.jpg,739,74,931,287,1016,459
00000073.jpg,739,74,931,287,1016,459
00000074.jpg,738,74,930,287,1016,459
00000075.jpg,736,75,928,288,1016,459
00000076.jpg,731,80,923,293,1016,455
00000077.jpg,729,79,921,292,1016,455
00000078.jpg,726,79,918,292,1016,455
00000079.jpg,723,77,915,290,1016,455
00000080.jpg,721,74,913,287,1017,455
00000081.jpg,719,71,911,284,1017,455
00000082.jpg,717,70,909,283,1017,455
00000083.jpg,716,68,908,281,1018,455
00000084.jpg,716,67,908,280,1018,455
00000085.jpg,717,66,909,279,1018,455
00000086.jpg,718,66,910,279,1018,455
00000087.jpg,719,66,911,279,1018,455
00000088.jpg,720,68,912,281,1018,455
00000089.jpg,718,73,910,286,1018,455
00000090.jpg,716,78,908,291,1018,455
00000091.jpg,715,79,907,292,1018,455
00000092.jpg,714,81,906,294,1018,455
00000093.jpg,713,80,905,293,1018,455
00000094.jpg,714,79,906,292,1018,455
00000095.jpg,714,78,906,291,1018,455
00000096.jpg,715,77,907,290,1018,455
00000097.jpg,715,76,907,289,1018,454
00000098.jpg,714,77,906,290,1018,454
00000099.jpg,714,76,906,289,1018,454
00000100.jpg,714,75,906,288,1018,454
00000101.jpg,713,73,905,286,1018,454
00000102.jpg,714,66,906,279,1018,454
00000103.jpg,714,67,906,280,956,516
00000104.jpg,715,65,907,278,575,446
00000105.jpg,716,62,908,275,566,199
00000106.jpg,715,62,907,275,566,199
00000107.jpg,714,62,906,275,566,199
00000108.jpg,714,63,906,276,555,195
00000109.jpg,714,63,906,276,552,195
00000110.jpg,714,63,906,276,552,195
00000111.jpg,714,64,906,277,552,195
00000112.jpg,713,63,905,276,552,195
00000113.jpg,713,63,905,276,553,195
00000114.jpg,712,63,904,276,553,195
00000115.jpg,712,63,904,276,553,195
00000116.jpg,712,64,904,277,549,191
00000117.jpg,712,64,904,277,549,191
00000118.jpg,712,64,904,277,549,189
00000119.jpg,711,63,903,276,549,189
00000120.jpg,711,64,903,277,549,189
00000121.jpg,711,64,903,277,549,189
00000122.jpg,711,64,903,277,549,189
00000123.jpg,710,63,902,276,549,189
00000124.jpg,710,64,902,277,549,189
00000125.jpg,710,64,902,277,549,189
00000126.jpg,710,64,902,277,549,189
00000127.jpg,710,64,902,277,549,189
00000128.jpg,710,64,902,277,549,187
00000129.jpg,710,64,902,277,549,187
00000130.jpg,710,64,902,277,549,187
00000131.jpg,710,64,902,277,549,187
00000132.jpg,710,64,902,277,549,187
00000133.jpg,710,64,902,277,549,187
00000134.jpg,710,64,902,277,549,187
00000135.jpg,710,64,902,277,552,187
00000136.jpg,710,64,902,277,555,185
00000137.jpg,710,64,902,277,560,178
00000138.jpg,710,64,902,277,563,172
00000139.jpg,710,64,902,277,563,169
00000140.jpg,710,64,902,277,559,165
00000141.jpg,711,65,903,278,559,165
00000142.jpg,711,65,903,278,559,165
00000143.jpg,711,65,903,278,559,165
00000144.jpg,711,65,903,278,559,165
00000145.jpg,711,65,903,278,558,165
00000146.jpg,712,65,904,278,558,165
00000147.jpg,712,65,904,278,558,165
00000148.jpg,712,65,904,278,558,165
