00059888.jpg,392,195,609,424,932,464
00059889.jpg,392,195,609,424,930,465
00059890.jpg,392,195,609,424,930,465
00059891.jpg,392,195,609,424,930,465
00059892.jpg,392,195,609,424,930,465
00059893.jpg,392,196,609,425,930,468
00059894.jpg,392,196,609,425,930,468
00059895.jpg,392,196,609,425,930,468
00059896.jpg,392,196,609,425,930,468
00059897.jpg,392,196,609,425,1291,748
00059898.jpg,392,196,609,425,1288,748
00059899.jpg,391,196,608,425,1288,748
00059900.jpg,392,196,609,425,1288,748
00059901.jpg,392,196,609,425,1292,748
00059902.jpg,392,196,609,425,1291,748
00059903.jpg,392,196,609,425,1291,748
00059904.jpg,392,196,609,425,1291,748
00059905.jpg,391,196,608,425,1291,748
00059906.jpg,391,196,608,425,1291,748
00059907.jpg,391,196,608,425,1291,748
00059908.jpg,391,197,608,426,1291,748
00059909.jpg,391,197,608,426,1291,748
00059910.jpg,391,197,608,426,1291,748
00059911.jpg,390,197,607,426,1291,748
00059912.jpg,390,197,607,426,1291,748
00059913.jpg,390,197,607,426,1291,748
00059914.jpg,389,197,606,426,1291,748
00059915.jpg,389,197,606,426,1291,748
00059916.jpg,388,197,605,426,1291,748
00059917.jpg,388,198,605,427,1291,748
00059918.jpg,387,198,604,427,1290,749
00059919.jpg,387,199,604,428,1290,746
00059920.jpg,386,199,603,428,1295,746
00059921.jpg,385,199,602,428,1232,508
00059922.jpg,384,199,601,428,1433,240
00059923.jpg,383,199,600,428,1437,235
00059924.jpg,382,199,599,428,1442,228
00059925.jpg,380,199,597,428,1442,221
00059926.jpg,379,198,596,427,1445,221
00059927.jpg,377,198,594,427,1447,214
00059928.jpg,375,198,592,427,1447,211
00059929.jpg,372,198,589,427,1447,211
00059930.jpg,369,198,586,427,1445,210
00059931.jpg,367,198,584,427,1440,214
00059932.jpg,364,198,581,427,1435,221
00059933.jpg,362,198,579,427,1430,221
00059934.jpg,359,197,576,426,1427,223
00059935.jpg,356,197,573,426,1427,223
00059936.jpg,352,197,569,426,1417,224
00059937.jpg,348,195,565,424,1416,225
00059938.jpg,346,194,563,423,1416,225
00059939.jpg,343,193,560,422,1416,225
00059940.jpg,341,193,558,422,1423,223
00059941.jpg,341,193,558,422,1430,223
