00059888.jpg,1333,156,1455,294,1321,751
00059889.jpg,1333,156,1455,294,1317,758
00059890.jpg,1333,156,1455,294,1317,758
00059891.jpg,1333,156,1455,294,1317,758
00059892.jpg,1331,147,1453,285,1317,753
00059893.jpg,1329,141,1451,279,1318,756
00059894.jpg,1327,135,1449,273,1316,756
00059895.jpg,1324,129,1446,267,1315,759
00059896.jpg,1321,127,1443,265,1311,756
00059897.jpg,1318,128,1440,266,1313,758
00059898.jpg,1315,131,1437,269,1311,756
00059899.jpg,1312,136,1434,274,1315,758
00059900.jpg,1309,141,1431,279,1313,756
00059901.jpg,1306,145,1428,283,1312,758
00059902.jpg,1302,149,1424,287,1312,758
00059903.jpg,1298,150,1420,288,1311,756
00059904.jpg,1291,150,1413,288,1312,756
00059905.jpg,1289,144,1418,290,1312,756
00059906.jpg,1289,144,1418,290,1312,756
00059907.jpg,1288,142,1417,288,1312,756
00059908.jpg,1289,140,1418,286,1312,756
00059909.jpg,1292,136,1421,282,1312,756
00059910.jpg,1296,133,1425,279,1312,756
00059911.jpg,1302,131,1431,277,1312,756
00059912.jpg,1310,131,1439,277,1312,756
00059913.jpg,1315,133,1444,279,1312,756
00059914.jpg,1323,137,1452,283,1312,756
00059915.jpg,1332,143,1461,289,1312,756
00059916.jpg,1339,149,1468,295,566,339
00059917.jpg,1350,156,1479,302,565,338
00059918.jpg,1356,160,1485,306,568,338
00059919.jpg,1365,163,1494,309,566,338
00059920.jpg,1374,164,1503,310,566,338
00059921.jpg,1381,163,1510,309,563,336
00059922.jpg,1388,149,1527,313,563,334
00059923.jpg,1388,149,1527,313,563,334
00059924.jpg,1392,141,1531,305,563,334
00059925.jpg,1395,134,1534,298,561,331
00059926.jpg,1398,127,1537,291,561,330
00059927.jpg,1400,122,1539,286,561,325
00059928.jpg,1401,120,1540,284,557,321
00059929.jpg,1400,121,1539,285,557,321
00059930.jpg,1399,122,1538,286,551,311
00059931.jpg,1397,125,1536,289,547,305
00059932.jpg,1391,130,1530,294,542,304
00059933.jpg,1388,131,1543,303,542,306
00059934.jpg,1388,131,1543,303,536,303
00059935.jpg,1384,131,1539,303,536,304
00059936.jpg,1382,130,1537,302,537,305
00059937.jpg,1380,128,1535,300,530,300
00059938.jpg,1380,126,1535,298,598,738
00059939.jpg,1384,124,1539,296,601,739
00059940.jpg,1387,123,1542,295,601,739
00059941.jpg,1387,123,1542,295,600,739
