00012781.jpg,526,54,905,447,1156,714
00012782.jpg,526,54,905,447,1155,710
00012783.jpg,526,54,905,447,1149,694
00012784.jpg,526,54,905,447,1157,686
00012785.jpg,530,53,909,446,1157,668
00012786.jpg,537,52,916,445,1145,652
00012787.jpg,543,51,922,444,1151,634
00012788.jpg,550,51,929,444,1154,624
00012789.jpg,561,50,940,443,1161,609
00012790.jpg,571,53,950,446,1182,601
00012791.jpg,583,55,962,448,1192,595
00012792.jpg,601,58,980,451,1154,543
00012793.jpg,627,67,1014,459,-1,-1
00012794.jpg,656,77,1035,453,-1,-1
00012795.jpg,676,87,1050,466,-1,-1
00012796.jpg,709,88,1078,471,-1,-1
00012797.jpg,709,88,1078,471,-1,-1
00012798.jpg,721,91,1090,474,-1,-1
00012799.jpg,734,93,1103,476,-1,-1
00012800.jpg,746,96,1115,479,-1,-1
00012801.jpg,755,101,1124,484,-1,-1
00012802.jpg,764,109,1133,492,-1,-1
00012803.jpg,773,116,1142,499,-1,-1
00012804.jpg,780,122,1149,505,-1,-1
00012805.jpg,785,127,1154,510,-1,-1
00012806.jpg,792,127,1161,510,-1,-1
00012807.jpg,797,126,1166,509,-1,-1
00012808.jpg,798,126,1167,509,-1,-1
00012809.jpg,798,125,1167,508,-1,-1
00012810.jpg,797,124,1166,507,-1,-1
00012811.jpg,794,122,1163,505,-1,-1
00012812.jpg,791,120,1160,503,-1,-1
00012813.jpg,788,120,1157,503,-1,-1
00012814.jpg,782,118,1151,501,-1,-1
00012815.jpg,777,116,1146,499,-1,-1
00012816.jpg,765,111,1134,494,-1,-1
00012817.jpg,786,124,1130,491,-1,-1
00012818.jpg,786,124,1130,491,-1,-1
00012819.jpg,778,123,1122,490,-1,-1
00012820.jpg,775,121,1119,488,-1,-1
00012821.jpg,766,119,1110,486,1176,704
00012822.jpg,765,118,1109,485,1176,704
00012823.jpg,755,115,1099,482,1176,704
00012824.jpg,743,111,1087,478,1176,704
00012825.jpg,732,109,1076,476,1176,704
00012826.jpg,723,106,1067,473,1176,704
00012827.jpg,711,104,1055,471,1176,704
00012828.jpg,711,104,1055,471,1176,704
