00008211.jpg,1275,67,1510,348,1048,460
00008212.jpg,1275,67,1510,348,1050,460
00008213.jpg,1275,67,1510,348,1050,460
00008214.jpg,1275,67,1510,348,1050,460
00008215.jpg,1275,67,1510,348,1050,460
00008216.jpg,1275,67,1510,348,-1,-1
00008217.jpg,1274,67,1509,348,-1,-1
00008218.jpg,1274,67,1509,348,-1,-1
00008219.jpg,1274,67,1509,348,-1,-1
00008220.jpg,1274,67,1509,348,-1,-1
00008221.jpg,1273,67,1508,348,-1,-1
00008222.jpg,1273,67,1508,348,-1,-1
00008223.jpg,1273,67,1508,348,-1,-1
00008224.jpg,1273,67,1508,348,-1,-1
00008225.jpg,1273,68,1508,349,-1,-1
00008226.jpg,1272,68,1507,349,-1,-1
00008227.jpg,1272,68,1507,349,-1,-1
00008228.jpg,1272,68,1507,349,-1,-1
00008229.jpg,1272,68,1507,349,-1,-1
00008230.jpg,1272,68,1507,349,-1,-1
00008231.jpg,1272,68,1507,349,-1,-1
00008232.jpg,1272,68,1507,349,-1,-1
00008233.jpg,1272,68,1507,349,-1,-1
00008234.jpg,1272,68,1507,349,-1,-1
00008235.jpg,1272,68,1507,349,-1,-1
00008236.jpg,1271,68,1506,349,1444,416
00008237.jpg,1271,68,1506,349,1450,416
00008238.jpg,1271,68,1506,349,1450,416
00008239.jpg,1271,68,1506,349,1452,413
00008240.jpg,1270,68,1505,349,1453,412
00008241.jpg,1270,68,1505,349,1452,412
00008242.jpg,1269,68,1504,349,1450,421
00008243.jpg,1269,68,1504,349,1450,424
00008244.jpg,1268,68,1503,349,1450,426
00008245.jpg,1268,68,1503,349,1450,430
00008246.jpg,1247,71,1502,354,1450,433
00008247.jpg,1247,71,1502,354,1449,432
00008248.jpg,1246,71,1501,354,1449,429
00008249.jpg,1246,71,1501,354,1449,429
00008250.jpg,1246,71,1501,354,1449,429
00008251.jpg,1245,71,1500,354,1445,429
00008252.jpg,1216,70,1483,366,1445,429
00008253.jpg,1216,70,1483,366,1444,428
00008254.jpg,1216,70,1483,366,1444,428
00008255.jpg,1216,70,1483,366,1442,428
00008256.jpg,1216,70,1483,366,1442,428
00008257.jpg,1217,70,1484,366,1440,428
00008258.jpg,1217,70,1484,366,1437,433
00008259.jpg,1217,70,1484,366,1436,434
00008260.jpg,1217,70,1484,366,1436,434
00008261.jpg,1217,70,1484,366,1433,434
00008262.jpg,1217,70,1484,366,1432,434
00008263.jpg,1217,71,1484,367,1430,434
00008264.jpg,1217,71,1484,367,1430,434
00008265.jpg,1217,71,1484,367,1370,622
00008266.jpg,1219,71,1486,367,1144,445
00008267.jpg,1217,71,1484,367,1092,450
00008268.jpg,1216,71,1483,367,1077,450
00008269.jpg,1216,71,1483,367,750,482
00008270.jpg,1216,71,1483,367,748,482
00008271.jpg,1217,71,1484,367,748,482
00008272.jpg,1216,71,1483,367,748,482
00008273.jpg,1216,71,1483,367,748,482
00008274.jpg,1216,71,1483,367,746,482
00008275.jpg,1216,71,1483,367,750,478
00008276.jpg,1216,71,1483,367,750,478
00008277.jpg,1215,71,1482,367,750,478
00008278.jpg,1215,71,1482,367,749,477
00008279.jpg,1215,71,1482,367,749,477
00008280.jpg,1215,71,1482,367,748,480
00008281.jpg,1215,71,1482,367,748,480
00008282.jpg,1215,71,1482,367,748,482
00008283.jpg,1215,71,1482,367,748,484
00008284.jpg,1215,71,1482,367,748,484
00008285.jpg,1215,71,1482,367,748,484
00008286.jpg,1214,71,1481,367,748,484
00008287.jpg,1214,71,1481,367,748,484
00008288.jpg,1214,71,1481,367,748,484
00008289.jpg,1214,71,1481,367,746,485
00008290.jpg,1214,71,1481,367,746,485
00008291.jpg,1214,71,1481,367,746,485
00008292.jpg,1214,71,1481,367,746,485
00008293.jpg,1214,71,1481,367,746,485
00008294.jpg,1214,71,1481,367,744,486
00008295.jpg,1214,70,1481,366,740,486
00008296.jpg,1214,70,1481,366,733,486
00008297.jpg,1214,70,1481,366,726,488
00008298.jpg,1214,70,1481,366,724,488
00008299.jpg,1214,70,1481,366,724,488
00008300.jpg,1213,71,1480,367,721,488
00008301.jpg,1213,71,1480,367,717,489
00008302.jpg,1213,71,1480,367,718,496
