00040716.jpg,443,61,764,392,1477,618
00040717.jpg,443,61,764,392,1477,618
00040718.jpg,443,61,764,392,1477,618
00040719.jpg,443,61,764,392,1477,618
00040720.jpg,443,61,764,392,1477,618
00040721.jpg,443,61,764,392,1477,618
00040722.jpg,444,61,765,392,1477,618
00040723.jpg,444,61,765,392,1477,618
00040724.jpg,444,62,765,393,1477,618
00040725.jpg,444,62,765,393,1477,618
00040726.jpg,445,62,766,393,1477,618
00040727.jpg,445,63,766,394,1477,618
00040728.jpg,446,63,767,394,1477,618
00040729.jpg,446,63,767,394,1477,618
00040730.jpg,447,64,768,395,1477,618
00040731.jpg,448,65,769,396,-1,-1
00040732.jpg,448,65,769,396,-1,-1
00040733.jpg,450,67,771,398,-1,-1
00040734.jpg,454,70,775,401,-1,-1
00040735.jpg,458,73,779,404,-1,-1
00040736.jpg,460,76,781,407,-1,-1
00040737.jpg,460,76,781,407,-1,-1
00040738.jpg,463,79,784,410,-1,-1
00040739.jpg,471,72,776,408,-1,-1
00040740.jpg,471,72,776,408,-1,-1
00040741.jpg,470,73,775,409,-1,-1
00040742.jpg,470,73,775,409,-1,-1
00040743.jpg,468,73,773,409,-1,-1
00040744.jpg,466,74,771,410,1041,1020
00040745.jpg,463,75,768,411,1041,1020
00040746.jpg,462,76,767,412,1041,1020
00040747.jpg,462,76,767,412,1041,1020
00040748.jpg,460,77,765,413,1041,1020
00040749.jpg,459,78,764,414,1041,1020
00040750.jpg,457,79,762,415,1041,1020
00040751.jpg,455,78,760,414,1041,1020
00040752.jpg,455,78,760,414,1041,1020
00040753.jpg,453,77,758,413,1041,1020
00040754.jpg,451,77,756,413,1486,620
00040755.jpg,450,76,755,412,1489,621
00040756.jpg,449,75,754,411,1488,621
00040757.jpg,449,75,754,411,1488,621
00040758.jpg,450,76,755,412,1488,621
00040759.jpg,450,77,755,413,689,828
00040760.jpg,451,78,756,414,690,828
00040761.jpg,452,78,757,414,689,830
00040762.jpg,452,78,757,414,688,830
00040763.jpg,454,79,759,415,688,830
00040764.jpg,456,80,761,416,686,830
00040765.jpg,457,80,762,416,678,836
00040766.jpg,459,80,764,416,677,838
00040767.jpg,459,80,764,416,672,850
00040768.jpg,459,80,764,416,669,860
00040769.jpg,458,80,763,416,664,869
00040770.jpg,457,81,762,417,660,874
00040771.jpg,466,82,772,433,660,874
00040772.jpg,466,82,772,433,658,878
00040773.jpg,466,82,772,433,654,884
00040774.jpg,466,81,772,432,668,882
00040775.jpg,466,81,772,432,682,877
00040776.jpg,466,80,772,431,702,881
00040777.jpg,466,80,772,431,702,885
00040778.jpg,466,78,772,429,704,885
00040779.jpg,465,76,771,427,725,886
00040780.jpg,464,73,770,424,749,889
00040781.jpg,466,71,772,422,760,901
00040782.jpg,466,71,772,422,760,901
00040783.jpg,462,88,759,408,758,900
00040784.jpg,462,88,759,408,748,898
00040785.jpg,465,86,762,406,1477,618
00040786.jpg,466,84,763,404,1477,618
00040787.jpg,466,84,763,404,1477,618
00040788.jpg,466,83,763,403,1477,618
00040789.jpg,465,84,762,404,1477,618
00040790.jpg,465,84,762,404,1477,618
