00031556.jpg,22,180,187,343,-1,-1
00031557.jpg,21,180,187,344,-1,-1
00031558.jpg,19,179,188,345,-1,-1
00031559.jpg,21,179,187,344,-1,-1
00031560.jpg,18,179,188,345,-1,-1
00031561.jpg,23,181,186,343,-1,-1
00031562.jpg,23,181,186,343,-1,-1
00031563.jpg,22,178,188,343,-1,-1
00031564.jpg,21,174,190,343,-1,-1
00031565.jpg,24,174,189,341,-1,-1
00031566.jpg,27,175,189,341,-1,-1
00031567.jpg,27,174,191,341,-1,-1
00031568.jpg,28,173,189,340,-1,-1
00031569.jpg,30,173,189,340,-1,-1
00031570.jpg,34,174,187,337,-1,-1
00031571.jpg,26,176,189,338,-1,-1
00031572.jpg,32,175,195,337,-1,-1
00031573.jpg,34,174,197,336,-1,-1
00031574.jpg,35,172,198,334,-1,-1
00031575.jpg,36,171,199,333,-1,-1
00031576.jpg,38,170,201,332,-1,-1
00031577.jpg,42,170,205,332,-1,-1
00031578.jpg,68,175,208,313,-1,-1
00031579.jpg,68,175,208,313,-1,-1
00031580.jpg,68,175,208,313,-1,-1
00031581.jpg,68,175,208,313,13,409
00031582.jpg,68,175,208,313,13,409
00031583.jpg,68,175,208,313,50,423
00031584.jpg,68,175,208,313,102,425
00031585.jpg,68,175,208,313,102,425
00031586.jpg,68,175,208,313,102,425
00031587.jpg,68,175,208,313,102,425
00031588.jpg,68,175,208,313,102,425
00031589.jpg,68,175,208,313,102,425
00031590.jpg,68,175,208,313,102,425
00031591.jpg,68,175,208,313,102,425
00031592.jpg,68,176,208,314,102,425
00031593.jpg,68,176,208,314,102,425
00031594.jpg,68,176,208,314,102,425
00031595.jpg,68,176,208,314,102,425
00031596.jpg,68,176,208,314,61,425
00031597.jpg,68,175,208,313,8,405
00031598.jpg,68,175,208,313,-1,-1
00031599.jpg,68,175,208,313,-1,-1
00031600.jpg,68,174,208,312,-1,-1
00031601.jpg,68,174,208,312,-1,-1
00031602.jpg,68,173,208,311,-1,-1
00031603.jpg,68,173,208,311,-1,-1
00031604.jpg,68,172,208,310,-1,-1
00031605.jpg,68,172,208,310,-1,-1
00031606.jpg,68,172,208,310,-1,-1
00031607.jpg,68,172,208,310,-1,-1
00031608.jpg,68,172,208,310,-1,-1
00031609.jpg,68,172,208,310,-1,-1
00031610.jpg,68,172,208,310,-1,-1
00031611.jpg,68,173,208,311,-1,-1
00031612.jpg,68,174,208,312,-1,-1
00031613.jpg,68,174,208,312,16,377
00031614.jpg,68,175,208,313,16,379
00031615.jpg,68,175,208,313,16,382
00031616.jpg,68,176,208,314,13,386
00031617.jpg,68,176,208,314,13,388
00031618.jpg,68,177,208,315,13,389
00031619.jpg,68,177,208,315,12,389
00031620.jpg,68,178,208,316,11,391
00031621.jpg,68,178,208,316,11,393
00031622.jpg,68,178,208,316,11,395
00031623.jpg,68,178,208,316,11,395
00031624.jpg,68,178,208,316,11,395
00031625.jpg,68,178,208,316,11,395
00031626.jpg,68,178,208,316,11,395
00031627.jpg,68,178,208,316,11,395
00031628.jpg,68,178,208,316,11,395
00031629.jpg,68,178,208,316,11,395
00031630.jpg,68,178,208,316,11,395
00031631.jpg,68,178,208,316,11,395
00031632.jpg,68,178,208,316,11,395
00031633.jpg,68,178,208,316,12,396
00031634.jpg,68,177,208,315,13,397
00031635.jpg,68,177,208,315,13,397
00031636.jpg,68,177,208,315,16,400
00031637.jpg,68,177,208,315,16,400
00031638.jpg,68,177,208,315,17,402
00031639.jpg,68,176,208,314,16,400
00031640.jpg,68,176,208,314,16,389
00031641.jpg,68,176,208,314,14,387
00031642.jpg,68,176,208,314,26,359
00031643.jpg,68,176,208,314,-1,-1
00031644.jpg,68,176,208,314,-1,-1
00031645.jpg,68,176,208,314,-1,-1
00031646.jpg,68,177,208,315,-1,-1
00031647.jpg,68,179,208,317,-1,-1
00031648.jpg,68,180,208,318,-1,-1
00031649.jpg,68,181,208,319,-1,-1
00031650.jpg,68,182,208,320,-1,-1
00031651.jpg,68,182,208,320,-1,-1
00031652.jpg,55,181,195,319,-1,-1
00031653.jpg,54,181,194,319,-1,-1
00031654.jpg,54,182,194,320,-1,-1
00031655.jpg,54,182,194,320,-1,-1
00031656.jpg,51,182,191,320,-1,-1
00031657.jpg,51,182,191,320,-1,-1
00031658.jpg,50,182,190,320,-1,-1
00031659.jpg,50,182,190,320,-1,-1
00031660.jpg,50,183,190,321,-1,-1
00031661.jpg,49,183,189,321,-1,-1
00031662.jpg,48,183,188,321,-1,-1
00031663.jpg,47,183,187,321,-1,-1
00031664.jpg,46,184,186,322,-1,-1
00031665.jpg,45,185,185,323,-1,-1
00031666.jpg,44,185,184,323,-1,-1
00031667.jpg,38,184,178,322,-1,-1
00031668.jpg,38,184,178,322,-1,-1
00031669.jpg,38,184,178,322,-1,-1
00031670.jpg,38,184,178,322,-1,-1
00031671.jpg,38,184,178,322,-1,-1
00031672.jpg,38,184,178,322,-1,-1
00031673.jpg,38,184,178,322,-1,-1
00031674.jpg,38,184,178,322,-1,-1
00031675.jpg,38,184,178,322,-1,-1
00031676.jpg,38,184,178,322,-1,-1
00031677.jpg,37,184,177,322,-1,-1
00031678.jpg,38,185,178,323,-1,-1
00031679.jpg,39,185,179,323,-1,-1
00031680.jpg,38,186,178,324,-1,-1
00031681.jpg,37,186,177,324,-1,-1
00031682.jpg,37,186,177,324,-1,-1
00031683.jpg,36,185,176,323,-1,-1
00031684.jpg,28,195,186,333,-1,-1
00031685.jpg,28,195,186,333,-1,-1
00031686.jpg,28,195,186,333,-1,-1
00031687.jpg,28,195,186,333,-1,-1
00031688.jpg,28,196,186,334,-1,-1
00031689.jpg,32,189,183,326,-1,-1
00031690.jpg,32,189,183,326,-1,-1
00031691.jpg,32,189,183,326,-1,-1
00031692.jpg,32,189,183,326,-1,-1
00031693.jpg,32,189,183,326,-1,-1
00031694.jpg,32,188,183,325,-1,-1
00031695.jpg,32,188,183,325,-1,-1
00031696.jpg,32,188,183,325,-1,-1
00031697.jpg,32,188,183,325,-1,-1
00031698.jpg,32,188,183,325,-1,-1
00031699.jpg,32,188,183,325,-1,-1
00031700.jpg,32,188,183,325,-1,-1
00031701.jpg,32,188,183,325,-1,-1
00031702.jpg,32,188,183,325,-1,-1
00031703.jpg,32,188,183,325,-1,-1
00031704.jpg,32,188,183,325,-1,-1
00031705.jpg,32,188,183,325,-1,-1
00031706.jpg,33,188,184,325,-1,-1
00031707.jpg,33,188,184,325,-1,-1
00031708.jpg,33,188,184,325,-1,-1
00031709.jpg,33,188,184,325,-1,-1
00031710.jpg,33,187,184,324,-1,-1
00031711.jpg,33,187,184,324,-1,-1
00031712.jpg,33,187,184,324,-1,-1
00031713.jpg,33,187,184,324,-1,-1
00031714.jpg,33,187,184,324,-1,-1
00031715.jpg,33,187,184,324,-1,-1
00031716.jpg,33,187,184,324,-1,-1
00031717.jpg,33,187,184,324,-1,-1
00031718.jpg,33,187,184,324,-1,-1
00031719.jpg,33,187,184,324,-1,-1
00031720.jpg,33,188,184,325,-1,-1
00031721.jpg,33,188,184,325,-1,-1
00031722.jpg,33,188,184,325,-1,-1
00031723.jpg,33,188,184,325,-1,-1
00031724.jpg,33,188,184,325,-1,-1
00031725.jpg,33,188,184,325,-1,-1
00031726.jpg,33,188,184,325,-1,-1
00031727.jpg,33,187,184,324,-1,-1
00031728.jpg,33,187,184,324,-1,-1
00031729.jpg,33,187,184,324,-1,-1
00031730.jpg,33,187,184,324,-1,-1
00031731.jpg,33,187,184,324,-1,-1
00031732.jpg,33,187,184,324,-1,-1
00031733.jpg,33,187,184,324,-1,-1
00031734.jpg,33,187,184,324,-1,-1
00031735.jpg,33,187,184,324,-1,-1
00031736.jpg,33,187,184,324,-1,-1
00031737.jpg,33,187,184,324,-1,-1
00031738.jpg,33,187,184,324,-1,-1
00031739.jpg,33,187,184,324,-1,-1
00031740.jpg,33,187,184,324,-1,-1
00031741.jpg,33,187,184,324,-1,-1
00031742.jpg,33,187,184,324,-1,-1
00031743.jpg,33,187,184,324,-1,-1
00031744.jpg,33,187,184,324,-1,-1
00031745.jpg,33,187,184,324,-1,-1
