00031556.jpg,589,225,642,281,146,243
00031557.jpg,589,225,642,281,146,243
00031558.jpg,589,225,642,281,146,243
00031559.jpg,589,225,642,281,146,243
00031560.jpg,589,225,642,281,146,243
00031561.jpg,589,225,642,281,146,243
00031562.jpg,589,225,642,281,146,243
00031563.jpg,589,225,642,281,146,243
00031564.jpg,589,225,642,281,146,243
00031565.jpg,589,225,642,281,146,243
00031566.jpg,589,225,642,281,146,243
00031567.jpg,589,225,642,281,147,243
00031568.jpg,589,225,642,281,146,243
00031569.jpg,589,225,642,281,146,243
00031570.jpg,589,225,642,281,146,243
00031571.jpg,589,225,642,281,146,243
00031572.jpg,589,225,642,281,148,243
00031573.jpg,589,225,642,281,148,243
00031574.jpg,589,225,642,281,148,243
00031575.jpg,589,225,642,281,151,243
00031576.jpg,589,225,642,281,151,243
00031577.jpg,589,225,642,281,154,243
00031578.jpg,589,225,642,281,154,243
00031579.jpg,589,225,642,281,158,240
00031580.jpg,589,225,642,281,161,240
00031581.jpg,589,225,642,281,163,240
00031582.jpg,589,225,642,281,163,240
00031583.jpg,589,225,642,281,163,240
00031584.jpg,589,225,642,281,164,237
00031585.jpg,589,225,642,281,163,239
00031586.jpg,589,225,642,281,162,237
00031587.jpg,589,225,642,281,162,236
00031588.jpg,589,225,642,281,161,234
00031589.jpg,589,225,642,281,160,230
00031590.jpg,589,225,642,281,158,227
00031591.jpg,589,225,642,281,156,223
00031592.jpg,589,225,642,281,152,223
00031593.jpg,589,225,642,281,152,222
00031594.jpg,589,225,642,281,153,219
00031595.jpg,589,225,642,281,151,219
00031596.jpg,589,225,642,281,154,219
00031597.jpg,589,225,642,281,158,220
00031598.jpg,589,225,642,281,161,220
00031599.jpg,589,225,642,281,163,220
00031600.jpg,589,225,642,281,168,222
00031601.jpg,589,225,642,281,168,222
00031602.jpg,589,225,642,281,172,222
00031603.jpg,589,225,642,281,171,220
00031604.jpg,589,225,642,281,173,220
00031605.jpg,589,225,642,281,175,220
00031606.jpg,589,225,642,281,176,220
00031607.jpg,589,225,642,281,176,221
00031608.jpg,589,225,642,281,176,220
00031609.jpg,589,225,642,281,178,221
00031610.jpg,589,225,642,281,176,224
00031611.jpg,589,225,642,281,179,225
00031612.jpg,589,225,642,281,177,228
00031613.jpg,589,225,642,281,177,227
00031614.jpg,589,225,642,281,177,226
00031615.jpg,589,225,642,281,176,225
00031616.jpg,589,225,642,281,520,312
00031617.jpg,589,225,642,281,550,307
00031618.jpg,589,225,642,281,552,307
00031619.jpg,589,225,642,281,556,307
00031620.jpg,589,225,642,281,554,307
00031621.jpg,589,225,642,281,555,306
00031622.jpg,589,225,642,281,555,306
00031623.jpg,589,225,642,281,555,306
00031624.jpg,589,225,642,281,554,305
00031625.jpg,589,225,642,281,555,306
00031626.jpg,589,225,642,281,555,307
00031627.jpg,589,225,642,281,556,306
00031628.jpg,589,225,642,281,556,306
00031629.jpg,589,225,642,281,554,306
00031630.jpg,589,225,642,281,555,306
00031631.jpg,589,225,642,281,555,306
00031632.jpg,589,225,642,281,555,306
00031633.jpg,588,225,641,281,555,306
00031634.jpg,588,225,641,281,555,306
00031635.jpg,588,225,641,281,556,306
00031636.jpg,588,225,641,281,555,306
00031637.jpg,588,225,641,281,555,306
00031638.jpg,588,225,641,281,556,306
00031639.jpg,588,225,641,281,556,306
00031640.jpg,588,225,641,281,556,306
00031641.jpg,588,225,641,281,555,306
00031642.jpg,588,225,641,281,555,306
00031643.jpg,588,225,641,281,555,306
00031644.jpg,588,225,641,281,555,306
00031645.jpg,588,225,641,281,555,306
00031646.jpg,588,225,641,281,554,306
00031647.jpg,588,225,641,281,555,306
00031648.jpg,588,225,641,281,554,306
00031649.jpg,588,225,641,281,554,306
00031650.jpg,588,225,641,281,554,306
00031651.jpg,588,225,641,281,555,306
00031652.jpg,588,225,641,281,553,306
00031653.jpg,588,225,641,281,554,306
00031654.jpg,588,225,641,281,553,306
00031655.jpg,588,225,641,281,553,306
00031656.jpg,588,225,641,281,553,306
00031657.jpg,588,225,641,281,553,306
00031658.jpg,588,225,641,281,554,306
00031659.jpg,588,225,641,281,552,306
00031660.jpg,588,225,641,281,552,306
00031661.jpg,588,225,641,281,552,306
00031662.jpg,588,225,641,281,552,306
00031663.jpg,588,225,641,281,552,306
00031664.jpg,588,225,641,281,552,306
00031665.jpg,588,225,641,281,552,306
00031666.jpg,588,225,641,281,552,306
00031667.jpg,588,225,641,281,552,306
00031668.jpg,588,225,641,281,552,306
00031669.jpg,588,225,641,281,552,306
00031670.jpg,588,225,641,281,552,306
00031671.jpg,588,225,641,281,552,306
00031672.jpg,588,225,641,281,552,306
00031673.jpg,588,225,641,281,552,306
00031674.jpg,585,224,638,280,552,306
00031675.jpg,588,225,641,281,552,306
00031676.jpg,588,225,641,281,552,306
00031677.jpg,585,224,638,280,552,306
00031678.jpg,585,224,638,280,552,306
00031679.jpg,588,225,641,281,552,306
00031680.jpg,588,225,641,281,552,306
00031681.jpg,588,225,641,281,552,306
00031682.jpg,588,225,641,281,552,306
00031683.jpg,588,225,641,281,552,306
00031684.jpg,588,225,641,281,552,306
00031685.jpg,588,225,641,281,552,306
00031686.jpg,588,225,641,281,552,306
00031687.jpg,588,225,641,281,552,306
00031688.jpg,588,225,641,281,552,306
00031689.jpg,588,225,641,281,552,306
00031690.jpg,588,225,641,281,552,306
00031691.jpg,588,225,641,281,552,306
00031692.jpg,588,225,641,281,552,306
00031693.jpg,588,225,641,281,552,306
00031694.jpg,588,225,641,281,552,306
00031695.jpg,588,225,641,281,552,306
00031696.jpg,588,225,641,281,552,306
00031697.jpg,588,225,641,281,552,306
00031698.jpg,588,225,641,281,552,306
00031699.jpg,588,225,641,281,552,306
00031700.jpg,588,225,641,281,552,306
00031701.jpg,588,224,641,280,552,306
00031702.jpg,588,224,641,280,552,306
00031703.jpg,588,224,641,280,552,306
00031704.jpg,588,224,641,280,552,306
00031705.jpg,589,225,642,281,516,317
00031706.jpg,589,225,642,281,360,157
00031707.jpg,589,225,642,281,365,158
00031708.jpg,589,225,642,281,375,158
00031709.jpg,589,225,642,281,385,157
00031710.jpg,589,225,642,281,394,157
00031711.jpg,589,225,642,281,401,159
00031712.jpg,589,225,642,281,407,158
00031713.jpg,589,225,642,281,418,161
00031714.jpg,589,225,642,281,429,164
00031715.jpg,589,225,642,281,442,166
00031716.jpg,589,225,642,281,452,166
00031717.jpg,589,225,642,281,460,166
00031718.jpg,589,225,642,281,470,166
00031719.jpg,589,225,642,281,477,224
00031720.jpg,589,225,642,281,477,224
00031721.jpg,589,225,642,281,517,313
00031722.jpg,589,225,642,281,521,313
00031723.jpg,589,225,642,281,525,313
00031724.jpg,589,225,642,281,529,313
00031725.jpg,589,225,642,281,536,311
00031726.jpg,589,225,642,281,543,308
00031727.jpg,590,225,643,281,550,308
00031728.jpg,590,225,643,281,556,305
00031729.jpg,590,225,643,281,555,307
00031730.jpg,590,224,643,280,556,307
00031731.jpg,590,224,643,280,553,307
00031732.jpg,592,225,645,281,555,307
00031733.jpg,593,225,646,281,555,307
00031734.jpg,593,225,646,281,556,307
00031735.jpg,593,224,646,280,555,307
00031736.jpg,594,224,647,280,556,307
00031737.jpg,594,224,647,280,555,307
00031738.jpg,594,224,647,280,555,307
00031739.jpg,594,224,647,280,556,307
00031740.jpg,593,224,646,280,556,307
00031741.jpg,594,224,647,280,556,307
00031742.jpg,593,224,646,280,514,262
00031743.jpg,593,224,646,280,514,262
00031744.jpg,593,224,646,280,519,191
00031745.jpg,593,224,646,280,519,190
