00005754.jpg,875,82,1243,481,-1,-1
00005755.jpg,875,82,1243,481,-1,-1
00005756.jpg,875,82,1243,481,-1,-1
00005757.jpg,875,82,1243,481,-1,-1
00005758.jpg,875,82,1243,481,-1,-1
00005759.jpg,875,81,1243,480,-1,-1
00005760.jpg,875,81,1243,480,-1,-1
00005761.jpg,875,81,1243,480,-1,-1
00005762.jpg,874,81,1242,480,-1,-1
00005763.jpg,874,81,1242,480,-1,-1
00005764.jpg,873,81,1241,480,-1,-1
00005765.jpg,873,82,1241,481,-1,-1
00005766.jpg,873,82,1241,481,-1,-1
00005767.jpg,873,81,1241,480,-1,-1
00005768.jpg,872,81,1240,480,-1,-1
00005769.jpg,872,81,1240,480,-1,-1
00005770.jpg,872,80,1240,479,-1,-1
00005771.jpg,872,80,1240,479,-1,-1
00005772.jpg,872,79,1240,478,-1,-1
00005773.jpg,872,78,1240,477,-1,-1
00005774.jpg,872,77,1240,476,-1,-1
00005775.jpg,872,76,1240,475,-1,-1
00005776.jpg,872,76,1240,475,-1,-1
00005777.jpg,872,78,1240,477,-1,-1
00005778.jpg,873,80,1241,479,-1,-1
00005779.jpg,874,83,1242,482,1021,928
00005780.jpg,874,84,1242,483,1021,928
00005781.jpg,874,85,1242,484,1021,928
00005782.jpg,874,90,1242,489,1021,928
00005783.jpg,874,95,1242,494,1021,928
00005784.jpg,874,98,1242,497,1021,928
00005785.jpg,873,101,1241,500,1021,928
00005786.jpg,874,103,1242,502,1021,928
00005787.jpg,874,104,1242,503,1021,928
00005788.jpg,874,104,1242,503,1021,928
00005789.jpg,874,104,1242,503,1021,928
00005790.jpg,875,103,1243,502,1021,928
00005791.jpg,875,103,1243,502,1021,928
00005792.jpg,875,104,1243,503,1021,928
00005793.jpg,875,104,1243,503,1021,928
00005794.jpg,875,103,1243,502,1021,928
00005795.jpg,875,103,1243,502,1021,928
00005796.jpg,875,102,1243,501,1021,928
00005797.jpg,874,101,1242,500,1021,928
00005798.jpg,874,100,1242,499,1021,928
00005799.jpg,874,100,1242,499,1021,928
00005800.jpg,874,99,1242,498,1021,928
00005801.jpg,873,98,1241,497,1021,928
00005802.jpg,873,96,1241,495,1021,928
00005803.jpg,873,93,1241,492,1021,928
00005804.jpg,873,90,1241,489,-1,-1
00005805.jpg,873,89,1241,488,-1,-1
00005806.jpg,873,87,1241,486,-1,-1
00005807.jpg,873,86,1241,485,-1,-1
00005808.jpg,873,85,1241,484,-1,-1
00005809.jpg,873,85,1241,484,-1,-1
00005810.jpg,873,85,1241,484,-1,-1
00005811.jpg,873,85,1241,484,-1,-1
00005812.jpg,872,85,1240,484,-1,-1
00005813.jpg,872,85,1240,484,-1,-1
00005814.jpg,872,84,1240,483,-1,-1
00005815.jpg,871,84,1239,483,-1,-1
00005816.jpg,871,83,1239,482,-1,-1
00005817.jpg,870,83,1238,482,-1,-1
00005818.jpg,868,82,1236,481,-1,-1
00005819.jpg,867,81,1235,480,-1,-1
00005820.jpg,865,81,1233,480,-1,-1
00005821.jpg,863,80,1231,479,-1,-1
00005822.jpg,861,80,1229,479,-1,-1
00005823.jpg,859,79,1227,478,-1,-1
00005824.jpg,856,78,1224,477,-1,-1
00005825.jpg,853,77,1221,476,-1,-1
00005826.jpg,851,76,1219,475,-1,-1
00005827.jpg,848,75,1216,474,-1,-1
00005828.jpg,845,74,1213,473,-1,-1
00005829.jpg,843,72,1211,471,-1,-1
00005830.jpg,841,70,1209,469,-1,-1
00005831.jpg,839,68,1207,467,-1,-1
00005832.jpg,838,68,1206,467,-1,-1
00005833.jpg,836,68,1204,467,-1,-1
00005834.jpg,834,68,1202,467,-1,-1
00005835.jpg,833,68,1201,467,-1,-1
00005836.jpg,832,69,1200,468,-1,-1
00005837.jpg,831,69,1199,468,-1,-1
00005838.jpg,831,68,1199,467,-1,-1
00005839.jpg,830,69,1198,468,-1,-1
00005840.jpg,830,69,1198,468,-1,-1
00005841.jpg,830,69,1198,468,-1,-1
00005842.jpg,830,68,1198,467,-1,-1
00005843.jpg,829,67,1197,466,-1,-1
00005844.jpg,829,67,1197,466,-1,-1
00005845.jpg,829,66,1197,465,-1,-1
00005846.jpg,829,66,1197,465,-1,-1
00005847.jpg,830,65,1198,464,-1,-1
00005848.jpg,830,66,1198,465,-1,-1
00005849.jpg,830,66,1198,465,-1,-1
00005850.jpg,830,66,1198,465,-1,-1
00005851.jpg,831,67,1199,466,-1,-1
00005852.jpg,831,68,1199,467,-1,-1
00005853.jpg,832,68,1200,467,-1,-1
00005854.jpg,832,68,1200,467,-1,-1
00005855.jpg,833,68,1201,467,-1,-1
00005856.jpg,834,68,1202,467,-1,-1
00005857.jpg,834,67,1202,466,-1,-1
00005858.jpg,835,66,1203,465,-1,-1
00005859.jpg,836,65,1204,464,-1,-1
00005860.jpg,837,65,1205,464,-1,-1
00005861.jpg,837,64,1205,463,-1,-1
00005862.jpg,838,64,1206,463,-1,-1
00005863.jpg,839,64,1207,463,-1,-1
00005864.jpg,839,64,1207,463,-1,-1
00005865.jpg,840,64,1208,463,-1,-1
00005866.jpg,841,64,1209,463,-1,-1
00005867.jpg,842,65,1210,464,-1,-1
00005868.jpg,842,65,1210,464,-1,-1
00005869.jpg,843,66,1211,465,-1,-1
00005870.jpg,844,69,1212,468,-1,-1
00005871.jpg,845,75,1213,474,-1,-1
00005872.jpg,845,79,1213,478,1028,927
00005873.jpg,844,86,1212,485,1028,927
00005874.jpg,843,93,1211,492,1028,927
00005875.jpg,843,93,1211,492,1028,927
