00005754.jpg,1682,348,1860,584,-1,-1
00005755.jpg,1682,348,1860,584,-1,-1
00005756.jpg,1682,348,1860,584,-1,-1
00005757.jpg,1682,348,1860,584,-1,-1
00005758.jpg,1682,348,1860,584,-1,-1
00005759.jpg,1682,348,1860,584,-1,-1
00005760.jpg,1681,348,1859,584,-1,-1
00005761.jpg,1681,347,1859,583,-1,-1
00005762.jpg,1681,347,1859,583,-1,-1
00005763.jpg,1681,347,1859,583,-1,-1
00005764.jpg,1681,347,1859,583,-1,-1
00005765.jpg,1681,347,1859,583,-1,-1
00005766.jpg,1681,347,1859,583,-1,-1
00005767.jpg,1681,347,1859,583,-1,-1
00005768.jpg,1680,348,1858,584,-1,-1
00005769.jpg,1680,348,1858,584,-1,-1
00005770.jpg,1680,348,1858,584,-1,-1
00005771.jpg,1680,348,1858,584,-1,-1
00005772.jpg,1680,348,1858,584,-1,-1
00005773.jpg,1680,348,1858,584,-1,-1
00005774.jpg,1680,348,1858,584,-1,-1
00005775.jpg,1680,348,1858,584,-1,-1
00005776.jpg,1680,348,1858,584,-1,-1
00005777.jpg,1680,348,1858,584,-1,-1
00005778.jpg,1681,348,1859,584,-1,-1
00005779.jpg,1681,348,1859,584,-1,-1
00005780.jpg,1681,348,1859,584,-1,-1
00005781.jpg,1681,348,1859,584,-1,-1
00005782.jpg,1682,348,1860,584,-1,-1
00005783.jpg,1682,348,1860,584,-1,-1
00005784.jpg,1681,348,1859,584,-1,-1
00005785.jpg,1681,348,1859,584,-1,-1
00005786.jpg,1681,348,1859,584,-1,-1
00005787.jpg,1681,348,1859,584,-1,-1
00005788.jpg,1680,348,1858,584,-1,-1
00005789.jpg,1680,348,1858,584,-1,-1
00005790.jpg,1680,348,1858,584,-1,-1
00005791.jpg,1679,348,1857,584,-1,-1
00005792.jpg,1679,348,1857,584,-1,-1
00005793.jpg,1679,348,1857,584,-1,-1
00005794.jpg,1679,348,1857,584,-1,-1
00005795.jpg,1678,348,1856,584,-1,-1
00005796.jpg,1678,348,1856,584,-1,-1
00005797.jpg,1678,348,1856,584,-1,-1
00005798.jpg,1677,348,1855,584,-1,-1
00005799.jpg,1677,348,1855,584,-1,-1
00005800.jpg,1677,348,1855,584,-1,-1
00005801.jpg,1677,348,1855,584,-1,-1
00005802.jpg,1678,348,1856,584,-1,-1
00005803.jpg,1678,348,1856,584,-1,-1
00005804.jpg,1678,347,1856,583,-1,-1
00005805.jpg,1679,347,1857,583,-1,-1
00005806.jpg,1679,347,1857,583,-1,-1
00005807.jpg,1679,347,1857,583,-1,-1
00005808.jpg,1680,347,1858,583,-1,-1
00005809.jpg,1680,347,1858,583,-1,-1
00005810.jpg,1680,347,1858,583,-1,-1
00005811.jpg,1680,347,1858,583,-1,-1
00005812.jpg,1680,347,1858,583,-1,-1
00005813.jpg,1680,347,1858,583,-1,-1
00005814.jpg,1680,347,1858,583,-1,-1
00005815.jpg,1680,347,1858,583,-1,-1
00005816.jpg,1680,347,1858,583,-1,-1
00005817.jpg,1680,347,1858,583,-1,-1
00005818.jpg,1680,347,1858,583,-1,-1
00005819.jpg,1680,347,1858,583,-1,-1
00005820.jpg,1681,347,1859,583,-1,-1
00005821.jpg,1681,347,1859,583,-1,-1
00005822.jpg,1681,347,1859,583,-1,-1
00005823.jpg,1681,347,1859,583,-1,-1
00005824.jpg,1681,347,1859,583,-1,-1
00005825.jpg,1681,347,1859,583,-1,-1
00005826.jpg,1681,347,1859,583,-1,-1
00005827.jpg,1681,347,1859,583,-1,-1
00005828.jpg,1681,347,1859,583,-1,-1
00005829.jpg,1681,347,1859,583,-1,-1
00005830.jpg,1680,347,1858,583,1324,498
00005831.jpg,1680,347,1858,583,1324,498
00005832.jpg,1680,347,1858,583,1324,498
00005833.jpg,1680,347,1858,583,1324,498
00005834.jpg,1680,347,1858,583,1322,496
00005835.jpg,1680,347,1858,583,1322,496
00005836.jpg,1679,347,1857,583,-1,-1
00005837.jpg,1679,347,1857,583,-1,-1
00005838.jpg,1679,347,1857,583,-1,-1
00005839.jpg,1679,347,1857,583,-1,-1
00005840.jpg,1679,347,1857,583,-1,-1
00005841.jpg,1679,347,1857,583,-1,-1
00005842.jpg,1679,347,1857,583,-1,-1
00005843.jpg,1679,347,1857,583,-1,-1
00005844.jpg,1679,347,1857,583,-1,-1
00005845.jpg,1679,347,1857,583,-1,-1
00005846.jpg,1679,347,1857,583,-1,-1
00005847.jpg,1680,347,1858,583,-1,-1
00005848.jpg,1680,347,1858,583,-1,-1
00005849.jpg,1680,347,1858,583,-1,-1
00005850.jpg,1680,347,1858,583,-1,-1
00005851.jpg,1680,347,1858,583,-1,-1
00005852.jpg,1680,347,1858,583,-1,-1
00005853.jpg,1679,347,1857,583,-1,-1
00005854.jpg,1679,347,1857,583,-1,-1
00005855.jpg,1679,347,1857,583,-1,-1
00005856.jpg,1679,347,1857,583,-1,-1
00005857.jpg,1679,347,1857,583,-1,-1
00005858.jpg,1679,347,1857,583,-1,-1
00005859.jpg,1680,347,1858,583,-1,-1
00005860.jpg,1680,347,1858,583,-1,-1
00005861.jpg,1680,347,1858,583,-1,-1
00005862.jpg,1680,347,1858,583,-1,-1
00005863.jpg,1680,347,1858,583,-1,-1
00005864.jpg,1681,347,1859,583,-1,-1
00005865.jpg,1681,347,1859,583,-1,-1
00005866.jpg,1681,347,1859,583,-1,-1
00005867.jpg,1681,347,1859,583,-1,-1
00005868.jpg,1681,347,1859,583,-1,-1
00005869.jpg,1681,347,1859,583,-1,-1
00005870.jpg,1681,347,1859,583,-1,-1
00005871.jpg,1681,347,1859,583,-1,-1
00005872.jpg,1681,347,1859,583,-1,-1
00005873.jpg,1681,347,1859,583,-1,-1
00005874.jpg,1681,347,1859,583,-1,-1
00005875.jpg,1681,347,1859,583,-1,-1
