00065154.jpg,523,213,768,475,1316,209
00065155.jpg,523,213,768,475,-1,-1
00065156.jpg,523,213,768,475,-1,-1
00065157.jpg,523,213,768,475,-1,-1
00065158.jpg,521,212,766,474,-1,-1
00065159.jpg,519,212,764,474,-1,-1
00065160.jpg,516,212,761,474,291,445
00065161.jpg,514,212,759,474,291,446
00065162.jpg,511,211,756,473,291,446
00065163.jpg,509,211,754,473,291,446
00065164.jpg,508,211,753,473,291,446
00065165.jpg,506,211,751,473,291,446
00065166.jpg,505,210,750,472,291,446
00065167.jpg,504,210,749,472,291,446
00065168.jpg,503,209,748,471,291,446
00065169.jpg,502,208,747,470,291,445
00065170.jpg,501,207,746,469,287,443
00065171.jpg,500,207,745,469,290,444
00065172.jpg,499,206,744,468,288,444
00065173.jpg,499,206,744,468,287,440
00065174.jpg,499,206,744,468,286,440
00065175.jpg,499,205,744,467,285,439
00065176.jpg,499,205,744,467,282,438
00065177.jpg,498,205,743,467,282,438
00065178.jpg,498,205,743,467,282,436
00065179.jpg,498,206,743,468,282,436
00065180.jpg,498,206,743,468,282,436
00065181.jpg,498,207,743,469,280,435
00065182.jpg,497,207,742,469,280,435
00065183.jpg,497,207,742,469,281,436
00065184.jpg,497,207,742,469,280,436
00065185.jpg,497,207,742,469,280,436
00065186.jpg,498,207,743,469,278,436
00065187.jpg,498,206,743,468,278,436
00065188.jpg,499,206,744,468,281,434
00065189.jpg,499,206,744,468,280,433
00065190.jpg,500,206,745,468,280,433
00065191.jpg,501,206,746,468,280,433
00065192.jpg,501,206,746,468,280,433
00065193.jpg,502,206,747,468,280,433
00065194.jpg,502,206,747,468,280,433
00065195.jpg,503,207,748,469,280,433
00065196.jpg,503,207,748,469,280,433
00065197.jpg,504,207,749,469,280,433
00065198.jpg,504,208,749,470,280,433
00065199.jpg,504,208,749,470,280,433
00065200.jpg,504,208,749,470,280,433
00065201.jpg,504,209,749,471,280,433
00065202.jpg,504,209,749,471,280,433
00065203.jpg,505,210,750,472,280,433
00065204.jpg,505,210,750,472,280,433
00065205.jpg,505,210,750,472,280,433
00065206.jpg,505,210,750,472,280,433
00065207.jpg,504,210,749,472,280,433
00065208.jpg,504,210,749,472,280,433
00065209.jpg,504,210,749,472,280,433
00065210.jpg,504,210,749,472,280,433
00065211.jpg,504,210,749,472,280,433
00065212.jpg,503,210,748,472,280,433
00065213.jpg,503,210,748,472,280,433
00065214.jpg,502,210,747,472,280,433
00065215.jpg,502,210,747,472,280,433
00065216.jpg,501,210,746,472,280,433
00065217.jpg,501,210,746,472,280,433
00065218.jpg,501,210,746,472,280,433
00065219.jpg,501,210,746,472,280,433
00065220.jpg,502,210,747,472,280,433
00065221.jpg,502,210,747,472,280,433
00065222.jpg,506,210,751,472,-1,-1
00065223.jpg,510,210,755,472,-1,-1
00065224.jpg,519,211,764,473,-1,-1
00065225.jpg,525,213,770,475,-1,-1
00065226.jpg,528,213,773,475,-1,-1
00065227.jpg,532,220,777,467,-1,-1
00065228.jpg,532,220,777,467,1322,220
00065229.jpg,533,220,778,467,1322,220
00065230.jpg,536,221,781,468,1320,219
00065231.jpg,537,221,782,468,1320,219
00065232.jpg,538,221,783,468,1320,219
00065233.jpg,538,221,783,468,1320,219
00065234.jpg,538,221,783,468,1320,219
00065235.jpg,538,221,783,468,1320,219
00065236.jpg,537,221,782,468,1320,219
00065237.jpg,533,220,778,467,-1,-1
00065238.jpg,530,219,775,466,-1,-1
00065239.jpg,526,220,771,467,-1,-1
00065240.jpg,528,224,761,468,-1,-1
00065241.jpg,528,224,761,468,-1,-1
00065242.jpg,522,222,755,466,-1,-1
00065243.jpg,524,219,757,468,277,445
00065244.jpg,524,219,757,468,275,445
00065245.jpg,523,219,756,468,272,445
00065246.jpg,522,219,755,468,270,444
00065247.jpg,521,219,754,468,273,446
00065248.jpg,520,220,753,469,275,446
00065249.jpg,519,221,752,470,271,446
00065250.jpg,518,223,751,472,271,446
00065251.jpg,518,223,751,472,271,446
00065252.jpg,518,224,751,473,271,446
00065253.jpg,518,224,751,473,270,446
00065254.jpg,518,223,751,472,270,446
00065255.jpg,517,223,750,472,270,446
00065256.jpg,518,223,751,472,270,446
00065257.jpg,518,223,751,472,270,446
00065258.jpg,519,223,752,472,270,446
00065259.jpg,519,223,752,472,270,446
00065260.jpg,520,223,753,472,270,446
00065261.jpg,521,223,754,472,270,446
00065262.jpg,521,223,754,472,270,446
00065263.jpg,522,223,755,472,270,446
00065264.jpg,523,224,756,473,270,446
00065265.jpg,524,224,757,473,270,446
00065266.jpg,525,224,758,473,270,446
00065267.jpg,526,225,759,474,-1,-1
00065268.jpg,527,225,760,474,-1,-1
00065269.jpg,528,224,761,473,-1,-1
00065270.jpg,529,223,762,472,-1,-1
00065271.jpg,531,223,764,472,-1,-1
00065272.jpg,532,222,765,471,-1,-1
00065273.jpg,534,222,767,471,-1,-1
00065274.jpg,535,222,768,471,-1,-1
00065275.jpg,535,222,768,471,-1,-1
