00006803.jpg,386,64,522,205,-1,-1
00006804.jpg,386,64,522,205,-1,-1
00006805.jpg,386,64,522,205,-1,-1
00006806.jpg,386,64,522,205,-1,-1
00006807.jpg,386,64,522,205,-1,-1
00006808.jpg,386,64,522,205,-1,-1
00006809.jpg,387,64,523,205,-1,-1
00006810.jpg,387,64,523,205,-1,-1
00006811.jpg,387,64,523,205,974,261
00006812.jpg,387,64,523,205,977,260
00006813.jpg,387,64,523,205,979,260
00006814.jpg,387,64,523,205,982,260
00006815.jpg,387,64,523,205,982,260
00006816.jpg,387,63,523,204,986,260
00006817.jpg,387,63,523,204,988,261
00006818.jpg,387,63,523,204,990,262
00006819.jpg,387,63,523,204,994,262
00006820.jpg,387,63,523,204,997,262
00006821.jpg,387,63,523,204,997,263
00006822.jpg,387,63,523,204,1001,263
00006823.jpg,387,63,523,204,1001,263
00006824.jpg,387,63,523,204,1003,263
00006825.jpg,387,63,523,204,1003,263
00006826.jpg,387,63,523,204,1003,263
00006827.jpg,387,63,523,204,1003,263
00006828.jpg,387,63,523,204,1003,263
00006829.jpg,386,63,522,204,1003,263
00006830.jpg,386,63,522,204,1003,263
00006831.jpg,386,63,522,204,1003,263
00006832.jpg,386,63,522,204,1003,264
00006833.jpg,386,63,522,204,1003,264
00006834.jpg,386,63,522,204,1003,264
00006835.jpg,385,62,521,203,-1,-1
00006836.jpg,384,62,520,203,-1,-1
00006837.jpg,382,61,518,202,-1,-1
00006838.jpg,382,61,518,202,-1,-1
00006839.jpg,378,60,514,201,-1,-1
00006840.jpg,375,60,511,201,-1,-1
00006841.jpg,373,61,509,202,-1,-1
00006842.jpg,373,62,509,203,-1,-1
00006843.jpg,375,62,511,203,-1,-1
00006844.jpg,375,62,511,203,-1,-1
00006845.jpg,377,62,513,203,-1,-1
00006846.jpg,379,63,515,204,-1,-1
00006847.jpg,380,64,516,205,-1,-1
00006848.jpg,385,64,521,205,941,283
00006849.jpg,391,64,527,205,941,283
00006850.jpg,391,64,527,205,941,283
00006851.jpg,394,65,530,206,941,283
00006852.jpg,395,65,531,206,941,283
00006853.jpg,397,65,533,206,941,283
00006854.jpg,398,64,534,205,941,283
00006855.jpg,396,65,532,206,941,283
00006856.jpg,396,65,532,206,941,283
00006857.jpg,397,66,533,207,941,283
00006858.jpg,399,66,535,207,938,284
00006859.jpg,400,67,536,208,934,288
00006860.jpg,399,68,535,209,932,290
00006861.jpg,401,67,537,208,931,292
00006862.jpg,401,67,537,208,928,295
00006863.jpg,402,67,538,208,928,295
00006864.jpg,402,67,538,208,924,303
