00004184.jpg,46,2,284,253,-1,-1
00004185.jpg,46,2,284,253,-1,-1
00004186.jpg,46,2,284,253,-1,-1
00004187.jpg,46,2,284,253,-1,-1
00004188.jpg,49,3,287,254,-1,-1
00004189.jpg,53,4,291,255,-1,-1
00004190.jpg,56,5,294,256,-1,-1
00004191.jpg,59,5,298,256,-1,-1
00004192.jpg,65,3,306,260,-1,-1
00004193.jpg,72,3,306,265,-1,-1
00004194.jpg,74,3,308,265,-1,-1
00004195.jpg,77,2,311,264,-1,-1
00004196.jpg,78,2,312,264,-1,-1
00004197.jpg,80,3,314,265,-1,-1
00004198.jpg,82,3,316,265,-1,-1
00004199.jpg,84,3,318,265,-1,-1
00004200.jpg,86,3,320,265,-1,-1
00004201.jpg,88,3,322,265,-1,-1
00004202.jpg,89,4,323,266,-1,-1
00004203.jpg,90,4,324,266,-1,-1
00004204.jpg,90,5,324,267,-1,-1
00004205.jpg,91,5,325,267,-1,-1
00004206.jpg,92,6,326,268,-1,-1
00004207.jpg,93,6,327,268,-1,-1
00004208.jpg,94,6,328,268,-1,-1
00004209.jpg,95,6,329,268,-1,-1
00004210.jpg,95,6,329,268,-1,-1
00004211.jpg,95,6,329,268,-1,-1
