00004184.jpg,328,94,504,289,-1,-1
00004185.jpg,328,94,504,289,-1,-1
00004186.jpg,328,94,504,289,-1,-1
00004187.jpg,328,94,504,289,-1,-1
00004188.jpg,330,95,506,290,-1,-1
00004189.jpg,332,95,508,290,-1,-1
00004190.jpg,334,96,510,291,-1,-1
00004191.jpg,336,96,512,291,-1,-1
00004192.jpg,338,97,514,292,-1,-1
00004193.jpg,339,97,515,292,-1,-1
00004194.jpg,341,97,517,292,-1,-1
00004195.jpg,342,97,518,292,-1,-1
00004196.jpg,343,97,519,292,-1,-1
00004197.jpg,343,97,519,292,285,136
00004198.jpg,343,97,519,292,286,138
00004199.jpg,344,97,520,292,287,140
00004200.jpg,344,97,520,292,290,144
00004201.jpg,343,97,519,292,290,145
00004202.jpg,343,97,519,292,291,145
00004203.jpg,343,97,519,292,293,143
00004204.jpg,342,97,518,292,294,142
00004205.jpg,342,97,518,292,296,140
00004206.jpg,341,97,517,292,296,140
00004207.jpg,341,97,517,292,297,140
00004208.jpg,340,97,516,292,299,140
00004209.jpg,340,97,516,292,299,140
00004210.jpg,340,97,516,292,300,140
00004211.jpg,340,97,516,292,299,140
