00017430.jpg,1047,218,1215,400,1005,540
00017431.jpg,1047,218,1215,400,1009,536
00017432.jpg,1047,218,1215,400,1009,536
00017433.jpg,1047,218,1215,400,1004,530
00017434.jpg,1045,218,1213,400,1000,529
00017435.jpg,1045,217,1213,399,992,522
00017436.jpg,1045,217,1213,399,984,522
00017437.jpg,1044,217,1212,399,333,630
00017438.jpg,1044,217,1212,399,333,630
00017439.jpg,1044,216,1212,398,333,630
00017440.jpg,1045,216,1213,398,333,630
00017441.jpg,1045,216,1213,398,334,632
00017442.jpg,1045,216,1213,398,334,632
00017443.jpg,1046,216,1214,398,334,632
00017444.jpg,1046,216,1214,398,334,632
00017445.jpg,1047,216,1215,398,334,632
00017446.jpg,1047,216,1215,398,334,632
00017447.jpg,1047,216,1215,398,334,632
00017448.jpg,1048,216,1216,398,334,632
00017449.jpg,1048,215,1216,397,334,633
00017450.jpg,1049,215,1217,397,334,638
00017451.jpg,1049,215,1217,397,334,640
00017452.jpg,1049,216,1217,398,334,640
00017453.jpg,1050,216,1218,398,334,641
00017454.jpg,1051,217,1219,399,334,641
00017455.jpg,1051,217,1219,399,341,649
00017456.jpg,1051,217,1219,399,342,654
00017457.jpg,1052,217,1220,399,342,654
00017458.jpg,1052,217,1220,399,342,654
00017459.jpg,1052,217,1220,399,342,654
00017460.jpg,1052,217,1220,399,342,654
00017461.jpg,1052,217,1220,399,342,654
00017462.jpg,1053,217,1221,399,342,654
00017463.jpg,1053,217,1221,399,345,656
00017464.jpg,1053,217,1221,399,345,656
00017465.jpg,1054,217,1222,399,345,656
00017466.jpg,1054,217,1222,399,345,656
00017467.jpg,1054,217,1222,399,345,656
00017468.jpg,1054,216,1222,398,345,656
00017469.jpg,1055,216,1223,398,340,656
00017470.jpg,1055,215,1223,397,338,656
00017471.jpg,1055,215,1223,397,337,654
00017472.jpg,1054,214,1222,396,337,654
00017473.jpg,1054,213,1222,395,337,654
00017474.jpg,1055,213,1223,395,336,654
00017475.jpg,1056,212,1224,394,333,653
00017476.jpg,1056,212,1224,394,333,653
00017477.jpg,1057,212,1225,394,333,653
00017478.jpg,1058,212,1226,394,333,653
00017479.jpg,1062,205,1230,387,333,653
00017480.jpg,1062,205,1230,387,333,653
00017481.jpg,1062,205,1230,387,333,653
00017482.jpg,1063,204,1231,386,333,653
00017483.jpg,1063,204,1231,386,333,653
00017484.jpg,1064,204,1232,386,333,653
00017485.jpg,1064,204,1232,386,333,653
00017486.jpg,1064,204,1232,386,333,653
00017487.jpg,1064,204,1232,386,333,653
00017488.jpg,1064,204,1232,386,333,653
00017489.jpg,1064,204,1232,386,333,653
00017490.jpg,1062,205,1230,387,333,653
00017491.jpg,1062,205,1230,387,333,653
00017492.jpg,1060,207,1228,389,333,653
00017493.jpg,1059,208,1227,390,333,653
00017494.jpg,1059,208,1227,390,333,653
00017495.jpg,1058,209,1226,391,333,653
00017496.jpg,1058,209,1226,391,333,653
00017497.jpg,1058,209,1226,391,333,653
00017498.jpg,1058,208,1226,390,333,653
00017499.jpg,1057,209,1225,391,333,653
00017500.jpg,1057,208,1225,390,333,653
00017501.jpg,1057,208,1225,390,333,653
00017502.jpg,1056,208,1224,390,333,653
00017503.jpg,1056,208,1224,390,333,653
00017504.jpg,1056,208,1224,390,333,653
00017505.jpg,1056,208,1224,390,333,653
00017506.jpg,1056,208,1224,390,333,653
00017507.jpg,1056,208,1224,390,333,653
00017508.jpg,1056,209,1224,391,333,653
00017509.jpg,1056,208,1224,390,333,653
00017510.jpg,1056,208,1224,390,333,653
00017511.jpg,1056,208,1224,390,329,661
00017512.jpg,1057,207,1225,389,316,666
00017513.jpg,1060,204,1228,386,312,666
00017514.jpg,1061,203,1229,385,-1,-1
00017515.jpg,1062,203,1230,385,-1,-1
00017516.jpg,1062,203,1230,385,-1,-1
00017517.jpg,1062,202,1230,384,-1,-1
00017518.jpg,1063,202,1231,384,-1,-1
00017519.jpg,1063,201,1231,383,-1,-1
00017520.jpg,1063,201,1231,383,-1,-1
00017521.jpg,1064,202,1232,384,-1,-1
00017522.jpg,1064,201,1232,383,-1,-1
00017523.jpg,1064,201,1232,383,-1,-1
00017524.jpg,1064,201,1232,383,-1,-1
00017525.jpg,1064,201,1232,383,-1,-1
00017526.jpg,1065,201,1233,383,-1,-1
00017527.jpg,1065,201,1233,383,-1,-1
00017528.jpg,1065,201,1233,383,-1,-1
00017529.jpg,1064,201,1232,383,-1,-1
00017530.jpg,1064,201,1232,383,-1,-1
00017531.jpg,1063,202,1231,384,-1,-1
00017532.jpg,1063,203,1231,385,1529,224
00017533.jpg,1062,203,1230,385,1529,224
00017534.jpg,1061,203,1229,385,1529,224
00017535.jpg,1061,203,1229,385,1529,224
00017536.jpg,1060,204,1228,386,1529,224
00017537.jpg,1058,204,1226,386,1529,224
00017538.jpg,1057,205,1225,387,1529,224
00017539.jpg,1055,206,1223,388,1529,224
00017540.jpg,1055,206,1223,388,1529,224
00017541.jpg,1054,207,1222,389,1529,224
00017542.jpg,1053,208,1221,390,1529,224
00017543.jpg,1052,209,1220,391,1529,224
00017544.jpg,1051,209,1219,391,1529,224
00017545.jpg,1051,209,1219,391,1529,224
00017546.jpg,1051,208,1219,390,1529,224
00017547.jpg,1051,208,1219,390,1529,224
00017548.jpg,1051,208,1219,390,1529,224
00017549.jpg,1051,208,1219,390,1529,224
00017550.jpg,1051,208,1219,390,1529,224
