00017430.jpg,902,470,1093,660,1003,788
00017431.jpg,902,470,1093,660,1017,773
00017432.jpg,902,470,1093,660,1017,773
00017433.jpg,902,470,1093,660,1015,775
00017434.jpg,898,469,1089,659,1016,773
00017435.jpg,895,468,1086,658,1024,769
00017436.jpg,895,468,1086,658,1034,763
00017437.jpg,891,467,1082,657,1034,763
00017438.jpg,887,466,1078,656,1039,757
00017439.jpg,885,466,1076,656,1111,684
00017440.jpg,884,466,1075,656,1166,563
00017441.jpg,884,466,1075,656,1153,564
00017442.jpg,880,465,1071,655,1152,564
00017443.jpg,877,465,1068,655,1152,561
00017444.jpg,874,464,1065,654,1152,559
00017445.jpg,870,452,1054,650,1152,552
00017446.jpg,870,452,1054,650,1152,551
00017447.jpg,867,452,1051,650,1188,504
00017448.jpg,863,451,1047,649,1188,504
00017449.jpg,861,450,1045,648,1188,504
00017450.jpg,859,450,1043,648,1386,220
00017451.jpg,859,450,1043,648,1386,220
00017452.jpg,850,450,1034,648,1386,220
00017453.jpg,841,450,1025,648,1386,220
00017454.jpg,834,451,1018,649,1386,220
00017455.jpg,830,451,1014,649,1386,220
00017456.jpg,830,451,1014,649,1386,220
00017457.jpg,827,451,1011,649,1386,220
00017458.jpg,825,451,1009,649,1386,220
00017459.jpg,822,450,1006,648,1386,220
00017460.jpg,815,449,999,647,1386,220
00017461.jpg,815,449,999,647,1386,220
00017462.jpg,811,449,995,647,1386,220
00017463.jpg,807,449,991,647,1386,220
00017464.jpg,803,449,987,647,1386,220
00017465.jpg,800,450,984,648,1386,220
00017466.jpg,800,450,984,648,1386,220
00017467.jpg,797,450,981,648,1386,220
00017468.jpg,794,449,978,647,1386,220
00017469.jpg,792,449,976,647,1386,220
00017470.jpg,791,448,975,646,1386,220
00017471.jpg,791,448,975,646,1386,220
00017472.jpg,790,447,974,645,1386,220
00017473.jpg,789,447,973,645,1386,220
00017474.jpg,790,447,974,645,1386,220
00017475.jpg,792,447,976,645,1386,220
00017476.jpg,792,447,976,645,1386,220
00017477.jpg,794,447,978,645,1386,220
00017478.jpg,796,447,980,645,1386,220
00017479.jpg,800,447,984,645,1386,220
00017480.jpg,804,446,988,644,1386,220
00017481.jpg,804,446,988,644,1386,220
00017482.jpg,809,446,993,644,1386,220
00017483.jpg,815,445,999,643,1386,220
00017484.jpg,823,447,1007,645,1386,220
00017485.jpg,826,447,1010,645,1386,220
00017486.jpg,826,447,1010,645,1386,220
00017487.jpg,832,448,1016,646,1386,220
00017488.jpg,839,448,1023,646,1386,220
00017489.jpg,856,448,1040,646,1386,220
00017490.jpg,862,448,1046,646,1386,220
00017491.jpg,862,448,1046,646,1386,220
00017492.jpg,868,449,1052,647,1386,220
00017493.jpg,870,448,1054,646,1386,220
00017494.jpg,873,449,1057,647,1386,220
00017495.jpg,876,449,1060,647,1386,220
00017496.jpg,876,449,1060,647,1386,220
00017497.jpg,880,449,1064,647,1386,220
00017498.jpg,882,449,1066,647,1386,220
00017499.jpg,884,449,1068,647,1386,220
00017500.jpg,886,449,1070,647,1386,220
00017501.jpg,886,449,1070,647,1386,220
00017502.jpg,887,449,1071,647,1386,220
00017503.jpg,887,449,1071,647,1386,220
00017504.jpg,887,449,1071,647,1386,220
00017505.jpg,887,450,1071,648,1386,220
00017506.jpg,887,450,1071,648,1386,220
00017507.jpg,886,450,1070,648,1386,220
00017508.jpg,884,450,1068,648,1386,220
00017509.jpg,883,450,1067,648,1386,220
00017510.jpg,881,449,1065,647,1386,220
00017511.jpg,881,449,1065,647,1386,220
00017512.jpg,879,448,1063,646,1386,220
00017513.jpg,876,448,1060,646,1386,220
00017514.jpg,873,448,1057,646,1386,220
00017515.jpg,870,448,1054,646,1386,220
00017516.jpg,870,448,1054,646,1386,220
00017517.jpg,868,447,1052,645,1386,220
00017518.jpg,865,448,1049,646,1386,220
00017519.jpg,863,448,1047,646,1386,220
00017520.jpg,863,448,1047,646,1386,220
00017521.jpg,861,449,1045,647,1386,220
00017522.jpg,859,448,1043,646,1386,220
00017523.jpg,857,447,1041,645,1386,220
00017524.jpg,855,446,1039,644,1386,220
00017525.jpg,855,446,1039,644,1386,220
00017526.jpg,852,446,1036,644,1386,220
00017527.jpg,850,446,1034,644,1386,220
00017528.jpg,847,446,1031,644,1386,220
00017529.jpg,845,446,1029,644,1386,220
00017530.jpg,845,446,1029,644,1386,220
00017531.jpg,842,447,1026,645,1386,220
00017532.jpg,840,447,1024,645,1386,220
00017533.jpg,837,448,1021,646,1386,220
00017534.jpg,835,448,1019,646,1386,220
00017535.jpg,835,448,1019,646,1386,220
00017536.jpg,833,449,1017,647,1386,220
00017537.jpg,830,444,1014,642,1386,220
00017538.jpg,829,444,1013,642,1386,220
00017539.jpg,827,444,1011,642,1386,220
00017540.jpg,827,444,1011,642,1386,220
00017541.jpg,827,444,1011,642,1386,220
00017542.jpg,827,445,1011,643,1386,220
00017543.jpg,827,446,1011,644,1386,220
00017544.jpg,827,446,1011,644,1386,220
00017545.jpg,827,446,1011,644,1386,220
00017546.jpg,827,446,1011,644,1386,220
00017547.jpg,827,445,1011,643,1386,220
00017548.jpg,828,445,1012,643,1386,220
00017549.jpg,829,446,1013,644,1386,220
00017550.jpg,829,446,1013,644,1386,220
