00017430.jpg,1485,108,1690,317,1217,492
00017431.jpg,1485,108,1690,317,1217,492
00017432.jpg,1485,108,1690,317,1217,492
00017433.jpg,1485,108,1690,317,1217,492
00017434.jpg,1485,108,1690,317,1218,480
00017435.jpg,1484,107,1689,316,1214,485
00017436.jpg,1484,107,1689,316,1214,485
00017437.jpg,1484,107,1689,316,1214,485
00017438.jpg,1484,107,1689,316,1214,485
00017439.jpg,1484,107,1689,316,1214,485
00017440.jpg,1484,107,1689,316,1214,485
00017441.jpg,1484,107,1689,316,1214,480
00017442.jpg,1484,106,1689,315,1209,470
00017443.jpg,1485,106,1690,315,1208,470
00017444.jpg,1485,107,1690,316,1201,453
00017445.jpg,1485,107,1690,316,1200,452
00017446.jpg,1485,107,1690,316,1200,452
00017447.jpg,1486,107,1691,316,1200,452
00017448.jpg,1486,107,1691,316,1200,452
00017449.jpg,1487,107,1692,316,1200,452
00017450.jpg,1488,106,1693,315,1176,440
00017451.jpg,1488,106,1693,315,1176,438
00017452.jpg,1488,106,1693,315,1176,438
00017453.jpg,1489,107,1694,316,1176,438
00017454.jpg,1490,107,1695,316,1176,438
00017455.jpg,1490,108,1695,317,1176,448
00017456.jpg,1490,108,1695,317,1178,448
00017457.jpg,1491,108,1696,317,1178,448
00017458.jpg,1491,107,1696,316,1180,448
00017459.jpg,1492,107,1697,316,1182,448
00017460.jpg,1492,107,1697,316,1182,448
00017461.jpg,1492,107,1697,316,1182,448
00017462.jpg,1492,107,1697,316,1182,448
00017463.jpg,1492,107,1697,316,1182,448
00017464.jpg,1493,107,1698,316,1182,448
00017465.jpg,1493,107,1698,316,1182,448
00017466.jpg,1493,107,1698,316,1182,448
00017467.jpg,1492,107,1697,316,1182,448
00017468.jpg,1492,107,1697,316,1184,446
00017469.jpg,1492,106,1697,315,1184,446
00017470.jpg,1491,106,1696,315,1184,446
00017471.jpg,1491,106,1696,315,1184,446
00017472.jpg,1490,105,1695,314,1184,446
00017473.jpg,1490,104,1695,313,1184,442
00017474.jpg,1490,104,1695,313,1181,438
00017475.jpg,1490,105,1695,314,1178,438
00017476.jpg,1490,105,1695,314,1178,438
00017477.jpg,1490,105,1695,314,1178,438
00017478.jpg,1490,105,1695,314,1178,438
00017479.jpg,1490,105,1695,314,1178,438
00017480.jpg,1490,105,1695,314,1178,438
00017481.jpg,1490,105,1695,314,1178,438
00017482.jpg,1490,104,1695,313,1178,438
00017483.jpg,1490,104,1695,313,1178,438
00017484.jpg,1490,105,1695,314,1178,438
00017485.jpg,1490,105,1695,314,1178,438
00017486.jpg,1490,105,1695,314,1178,438
00017487.jpg,1490,105,1695,314,1178,438
00017488.jpg,1490,105,1695,314,1178,438
00017489.jpg,1490,104,1695,313,1178,438
00017490.jpg,1490,104,1695,313,1178,438
00017491.jpg,1490,104,1695,313,1178,438
00017492.jpg,1490,104,1695,313,1178,438
00017493.jpg,1490,104,1695,313,1178,438
00017494.jpg,1489,104,1694,313,1178,438
00017495.jpg,1489,104,1694,313,1178,438
00017496.jpg,1489,104,1694,313,1178,438
00017497.jpg,1489,104,1694,313,1178,438
00017498.jpg,1489,104,1694,313,1178,438
00017499.jpg,1489,104,1694,313,1178,438
00017500.jpg,1490,103,1695,312,1178,438
00017501.jpg,1490,103,1695,312,1178,438
00017502.jpg,1489,103,1694,312,1178,438
00017503.jpg,1489,103,1694,312,1178,438
00017504.jpg,1488,103,1693,312,1177,441
00017505.jpg,1489,103,1694,312,1177,441
00017506.jpg,1489,103,1694,312,1177,441
00017507.jpg,1489,103,1694,312,1177,442
00017508.jpg,1489,103,1694,312,1174,450
00017509.jpg,1489,103,1694,312,1174,450
00017510.jpg,1489,103,1694,312,1174,450
00017511.jpg,1489,103,1694,312,1174,450
00017512.jpg,1489,103,1694,312,1174,450
00017513.jpg,1489,103,1694,312,1174,450
00017514.jpg,1488,103,1693,312,1174,450
00017515.jpg,1488,103,1693,312,1174,450
00017516.jpg,1488,103,1693,312,1174,450
00017517.jpg,1488,103,1693,312,1174,450
00017518.jpg,1488,103,1693,312,1174,450
00017519.jpg,1488,103,1693,312,1173,452
00017520.jpg,1488,103,1693,312,1173,452
00017521.jpg,1488,103,1693,312,1173,452
00017522.jpg,1487,103,1692,312,1173,452
00017523.jpg,1487,103,1692,312,1173,454
00017524.jpg,1487,103,1692,312,1173,456
00017525.jpg,1487,103,1692,312,1173,456
00017526.jpg,1487,102,1692,311,1173,456
00017527.jpg,1487,102,1692,311,1173,456
00017528.jpg,1487,102,1692,311,1173,456
00017529.jpg,1487,102,1692,311,1173,456
00017530.jpg,1487,102,1692,311,1173,456
00017531.jpg,1487,102,1692,311,1173,456
00017532.jpg,1487,103,1692,312,1173,456
00017533.jpg,1487,103,1692,312,1173,456
00017534.jpg,1487,103,1692,312,1173,456
00017535.jpg,1487,103,1692,312,1173,456
00017536.jpg,1487,103,1692,312,1173,456
00017537.jpg,1487,103,1692,312,1173,456
00017538.jpg,1487,103,1692,312,1173,456
00017539.jpg,1487,103,1692,312,1173,456
00017540.jpg,1487,103,1692,312,1173,456
00017541.jpg,1487,103,1692,312,1173,456
00017542.jpg,1487,103,1692,312,1173,456
00017543.jpg,1487,103,1692,312,1173,456
00017544.jpg,1487,103,1692,312,1173,456
00017545.jpg,1487,103,1692,312,1173,456
00017546.jpg,1487,103,1692,312,1173,456
00017547.jpg,1487,103,1692,312,1173,456
00017548.jpg,1487,103,1692,312,1173,456
00017549.jpg,1487,103,1692,312,1173,456
00017550.jpg,1487,103,1692,312,1173,456
