00017430.jpg,1316,97,1523,316,1220,497
00017431.jpg,1316,97,1523,316,1220,497
00017432.jpg,1316,97,1523,316,1220,497
00017433.jpg,1316,97,1523,316,1220,497
00017434.jpg,1316,97,1523,316,1220,497
00017435.jpg,1316,96,1523,315,1220,497
00017436.jpg,1316,96,1523,315,1220,497
00017437.jpg,1317,96,1524,315,1210,484
00017438.jpg,1317,96,1524,315,1209,480
00017439.jpg,1317,95,1524,314,1202,476
00017440.jpg,1317,94,1524,313,1202,472
00017441.jpg,1317,94,1524,313,1202,474
00017442.jpg,1324,100,1530,310,1200,469
00017443.jpg,1324,100,1530,310,1200,469
00017444.jpg,1324,100,1530,310,1197,462
00017445.jpg,1324,100,1530,310,1189,456
00017446.jpg,1324,100,1530,310,1189,452
00017447.jpg,1324,100,1530,310,1189,452
00017448.jpg,1325,99,1531,309,1189,452
00017449.jpg,1325,99,1531,309,1189,452
00017450.jpg,1325,99,1531,309,1189,452
00017451.jpg,1325,99,1531,309,1189,452
00017452.jpg,1325,99,1531,309,1189,452
00017453.jpg,1324,100,1530,310,1189,452
00017454.jpg,1325,101,1531,311,1189,452
00017455.jpg,1326,101,1532,311,1189,452
00017456.jpg,1326,101,1532,311,1189,452
00017457.jpg,1326,101,1532,311,1189,452
00017458.jpg,1326,101,1532,311,1189,452
00017459.jpg,1327,101,1533,311,1189,452
00017460.jpg,1327,101,1533,311,1189,452
00017461.jpg,1327,101,1533,311,1189,452
00017462.jpg,1327,101,1533,311,1189,452
00017463.jpg,1327,101,1533,311,1189,452
00017464.jpg,1327,101,1533,311,1189,452
00017465.jpg,1327,101,1533,311,1189,452
00017466.jpg,1327,101,1533,311,1189,452
00017467.jpg,1327,101,1533,311,1189,452
00017468.jpg,1327,101,1533,311,1189,452
00017469.jpg,1328,100,1534,310,1189,452
00017470.jpg,1328,100,1534,310,1189,452
00017471.jpg,1328,100,1534,310,1189,452
00017472.jpg,1327,99,1533,309,1189,452
00017473.jpg,1327,98,1533,308,1189,452
00017474.jpg,1326,99,1532,309,1189,452
00017475.jpg,1327,99,1533,309,1189,452
00017476.jpg,1327,99,1533,309,1189,452
00017477.jpg,1327,99,1533,309,1189,452
00017478.jpg,1327,100,1533,310,1189,452
00017479.jpg,1327,99,1533,309,1189,452
00017480.jpg,1327,99,1533,309,1189,452
00017481.jpg,1327,99,1533,309,1189,452
00017482.jpg,1327,98,1533,308,1189,452
00017483.jpg,1327,98,1533,308,1189,452
00017484.jpg,1326,99,1532,309,1189,452
00017485.jpg,1326,99,1532,309,1189,452
00017486.jpg,1326,99,1532,309,1189,452
00017487.jpg,1326,99,1532,309,1189,452
00017488.jpg,1326,99,1532,309,1189,452
00017489.jpg,1326,99,1532,309,1189,452
00017490.jpg,1325,99,1531,309,1189,452
00017491.jpg,1325,99,1531,309,1189,452
00017492.jpg,1325,98,1531,308,1189,452
00017493.jpg,1325,98,1531,308,1189,452
00017494.jpg,1324,99,1530,309,1189,452
00017495.jpg,1324,99,1530,309,1189,452
00017496.jpg,1324,99,1530,309,1189,452
00017497.jpg,1324,99,1530,309,1189,450
00017498.jpg,1324,98,1530,308,1189,450
00017499.jpg,1324,98,1530,308,1189,450
00017500.jpg,1325,98,1531,308,1189,450
00017501.jpg,1325,98,1531,308,1189,450
00017502.jpg,1325,98,1531,308,1189,450
00017503.jpg,1325,98,1531,308,1189,450
00017504.jpg,1325,98,1531,308,1189,450
00017505.jpg,1325,99,1531,309,1192,460
00017506.jpg,1325,99,1531,309,1192,460
00017507.jpg,1325,99,1531,309,1192,460
00017508.jpg,1325,100,1531,310,1192,460
00017509.jpg,1325,99,1531,309,1190,460
00017510.jpg,1324,99,1530,309,1190,460
00017511.jpg,1324,99,1530,309,1190,460
00017512.jpg,1324,99,1530,309,1190,460
00017513.jpg,1323,100,1529,310,1188,462
00017514.jpg,1322,100,1528,310,1188,462
00017515.jpg,1322,99,1528,309,1188,462
00017516.jpg,1322,99,1528,309,1186,462
00017517.jpg,1322,99,1528,309,1184,461
00017518.jpg,1321,99,1527,309,1184,461
00017519.jpg,1319,98,1525,308,1184,461
00017520.jpg,1319,98,1525,308,1184,461
00017521.jpg,1321,99,1527,309,1184,461
00017522.jpg,1317,98,1523,308,1184,461
00017523.jpg,1317,98,1523,308,1184,461
00017524.jpg,1317,98,1523,308,1184,461
00017525.jpg,1317,98,1523,308,1184,461
00017526.jpg,1317,97,1523,307,1184,461
00017527.jpg,1317,97,1523,307,1184,461
00017528.jpg,1317,97,1523,307,1184,461
00017529.jpg,1317,97,1523,307,1182,461
00017530.jpg,1317,97,1523,307,1182,461
00017531.jpg,1318,98,1524,308,1182,461
00017532.jpg,1318,99,1524,309,1182,461
00017533.jpg,1319,99,1525,309,1182,461
00017534.jpg,1318,99,1524,309,1182,461
00017535.jpg,1318,99,1524,309,1182,461
00017536.jpg,1318,99,1524,309,1182,461
00017537.jpg,1319,99,1525,309,1182,461
00017538.jpg,1319,99,1525,309,1182,461
00017539.jpg,1319,99,1525,309,1182,461
00017540.jpg,1319,99,1525,309,1182,461
00017541.jpg,1319,99,1525,309,1182,461
00017542.jpg,1319,99,1525,309,1182,461
00017543.jpg,1321,100,1527,310,1182,461
00017544.jpg,1321,100,1527,310,1182,461
00017545.jpg,1321,100,1527,310,1182,461
00017546.jpg,1320,99,1526,309,1182,461
00017547.jpg,1320,99,1526,309,1182,461
00017548.jpg,1320,99,1526,309,1182,461
00017549.jpg,1320,99,1526,309,1182,461
00017550.jpg,1320,99,1526,309,1182,461
