00005642.jpg,828,122,1012,319,-1,-1
00005643.jpg,828,122,1012,319,-1,-1
00005644.jpg,828,122,1012,319,-1,-1
00005645.jpg,828,122,1012,319,-1,-1
00005646.jpg,828,122,1012,319,-1,-1
00005647.jpg,828,122,1012,319,-1,-1
00005648.jpg,828,122,1012,319,-1,-1
00005649.jpg,828,122,1012,319,-1,-1
00005650.jpg,828,122,1012,319,-1,-1
00005651.jpg,828,122,1012,319,-1,-1
00005652.jpg,827,121,1011,318,-1,-1
00005653.jpg,827,122,1011,319,-1,-1
00005654.jpg,826,122,1010,319,-1,-1
00005655.jpg,826,123,1010,320,-1,-1
00005656.jpg,826,123,1010,320,-1,-1
00005657.jpg,825,123,1009,320,-1,-1
00005658.jpg,823,125,1007,322,-1,-1
00005659.jpg,822,127,1006,324,-1,-1
00005660.jpg,821,128,1005,325,-1,-1
00005661.jpg,819,129,1003,326,-1,-1
00005662.jpg,819,129,1003,326,-1,-1
00005663.jpg,819,129,1003,326,-1,-1
00005664.jpg,821,128,1005,325,-1,-1
00005665.jpg,823,127,1007,324,-1,-1
00005666.jpg,824,125,1008,322,-1,-1
00005667.jpg,825,124,1009,321,-1,-1
00005668.jpg,826,123,1010,320,-1,-1
00005669.jpg,826,123,1010,320,-1,-1
00005670.jpg,826,122,1010,319,-1,-1
00005671.jpg,827,122,1011,319,-1,-1
00005672.jpg,827,122,1011,319,-1,-1
00005673.jpg,826,121,1010,318,-1,-1
00005674.jpg,826,121,1010,318,-1,-1
00005675.jpg,826,121,1010,318,-1,-1
00005676.jpg,826,121,1010,318,-1,-1
00005677.jpg,826,121,1010,318,-1,-1
00005678.jpg,826,121,1010,318,-1,-1
00005679.jpg,827,122,1011,319,-1,-1
00005680.jpg,827,122,1011,319,459,360
00005681.jpg,826,122,1010,319,459,360
00005682.jpg,826,122,1010,319,460,360
00005683.jpg,826,122,1010,319,460,360
00005684.jpg,826,122,1010,319,460,360
00005685.jpg,826,122,1010,319,456,362
00005686.jpg,818,123,996,312,457,362
00005687.jpg,818,123,996,312,458,362
00005688.jpg,816,123,994,312,458,362
00005689.jpg,815,123,993,312,458,362
00005690.jpg,813,123,991,312,460,363
00005691.jpg,812,123,990,312,460,363
00005692.jpg,810,123,988,312,463,364
00005693.jpg,808,123,986,312,463,364
00005694.jpg,807,123,985,312,463,364
00005695.jpg,807,123,985,312,463,364
