00001323.jpg,693,25,1134,476,-1,-1
00001324.jpg,693,25,1134,476,-1,-1
00001325.jpg,693,25,1134,476,-1,-1
00001326.jpg,693,25,1134,476,-1,-1
00001327.jpg,693,23,1134,474,-1,-1
00001328.jpg,692,22,1133,473,-1,-1
00001329.jpg,691,19,1132,470,-1,-1
00001330.jpg,690,16,1131,467,-1,-1
00001331.jpg,688,12,1129,463,-1,-1
00001332.jpg,687,8,1128,459,-1,-1
00001333.jpg,702,21,1128,467,-1,-1
00001334.jpg,702,21,1128,467,-1,-1
00001335.jpg,700,16,1126,462,-1,-1
00001336.jpg,698,12,1124,458,-1,-1
00001337.jpg,696,9,1122,455,-1,-1
00001338.jpg,694,6,1120,452,-1,-1
00001339.jpg,701,20,1114,438,-1,-1
00001340.jpg,701,20,1114,438,-1,-1
00001341.jpg,700,18,1113,436,-1,-1
00001342.jpg,699,20,1112,438,-1,-1
00001343.jpg,699,26,1112,444,-1,-1
00001344.jpg,699,35,1112,453,-1,-1
00001345.jpg,700,41,1113,459,-1,-1
00001346.jpg,701,50,1114,468,-1,-1
00001347.jpg,702,54,1115,472,-1,-1
00001348.jpg,703,56,1116,474,-1,-1
00001349.jpg,703,58,1116,476,-1,-1
00001350.jpg,704,61,1117,479,-1,-1
00001351.jpg,705,62,1118,480,-1,-1
00001352.jpg,705,60,1118,478,-1,-1
00001353.jpg,705,58,1118,476,-1,-1
00001354.jpg,706,57,1119,475,-1,-1
00001355.jpg,706,56,1119,474,-1,-1
00001356.jpg,707,57,1120,475,-1,-1
00001357.jpg,707,58,1120,476,-1,-1
00001358.jpg,707,58,1120,476,-1,-1
00001359.jpg,707,58,1120,476,-1,-1
00001360.jpg,707,59,1120,477,-1,-1
00001361.jpg,707,59,1120,477,-1,-1
00001362.jpg,707,60,1120,478,-1,-1
00001363.jpg,707,61,1120,479,-1,-1
00001364.jpg,707,61,1120,479,-1,-1
00001365.jpg,707,60,1120,478,-1,-1
00001366.jpg,707,59,1120,477,-1,-1
00001367.jpg,707,57,1120,475,-1,-1
00001368.jpg,707,55,1120,473,-1,-1
00001369.jpg,707,51,1120,469,-1,-1
00001370.jpg,708,42,1121,460,-1,-1
00001371.jpg,709,37,1122,455,-1,-1
00001372.jpg,711,37,1124,455,-1,-1
00001373.jpg,711,36,1124,454,-1,-1
00001374.jpg,712,38,1125,456,-1,-1
00001375.jpg,712,41,1125,459,-1,-1
00001376.jpg,710,45,1123,463,-1,-1
00001377.jpg,710,47,1123,465,-1,-1
00001378.jpg,709,48,1122,466,-1,-1
00001379.jpg,709,48,1122,466,-1,-1
