00091564.jpg,574,109,905,452,-1,-1
00091565.jpg,574,109,905,452,-1,-1
00091566.jpg,560,107,891,450,-1,-1
00091567.jpg,544,105,875,448,-1,-1
00091568.jpg,526,103,857,446,-1,-1
00091569.jpg,511,103,842,446,-1,-1
00091570.jpg,491,103,822,446,-1,-1
00091571.jpg,479,101,810,444,-1,-1
00091572.jpg,463,102,794,445,-1,-1
00091573.jpg,449,101,780,444,-1,-1
00091574.jpg,431,102,762,445,-1,-1
00091575.jpg,424,99,755,442,-1,-1
00091576.jpg,423,97,754,440,-1,-1
00091577.jpg,399,100,730,441,-1,-1
00091578.jpg,399,100,730,441,-1,-1
00091579.jpg,397,100,728,441,-1,-1
00091580.jpg,398,100,729,441,-1,-1
00091581.jpg,399,100,730,441,-1,-1
00091582.jpg,399,100,730,441,-1,-1
00091583.jpg,401,100,732,441,-1,-1
00091584.jpg,403,100,734,441,-1,-1
00091585.jpg,408,99,732,437,-1,-1
00091586.jpg,408,99,732,437,-1,-1
00091587.jpg,412,98,736,436,-1,-1
00091588.jpg,438,95,762,433,-1,-1
00091589.jpg,460,93,784,431,-1,-1
00091590.jpg,471,92,795,430,-1,-1
00091591.jpg,493,91,817,429,-1,-1
00091592.jpg,506,92,830,430,-1,-1
00091593.jpg,523,93,847,431,1340,833
00091594.jpg,536,94,860,432,1340,833
00091595.jpg,545,96,869,434,1340,833
00091596.jpg,559,97,883,435,1337,822
00091597.jpg,571,98,895,436,1337,822
00091598.jpg,582,99,906,437,1337,822
00091599.jpg,596,101,920,439,1337,822
00091600.jpg,609,103,917,436,1337,822
00091601.jpg,609,103,917,436,1337,822
00091602.jpg,614,106,922,439,-1,-1
00091603.jpg,620,109,928,442,-1,-1
00091604.jpg,631,114,939,447,637,953
00091605.jpg,636,118,944,451,657,956
00091606.jpg,642,122,950,455,681,958
00091607.jpg,649,125,957,458,685,962
00091608.jpg,661,127,969,460,704,968
00091609.jpg,668,129,976,462,722,968
00091610.jpg,677,132,985,465,726,968
00091611.jpg,691,133,999,466,738,969
00091612.jpg,695,135,1003,468,749,970
00091613.jpg,700,136,1008,469,782,973
00091614.jpg,703,137,1011,470,806,977
00091615.jpg,702,137,1010,470,814,974
00091616.jpg,700,137,1008,470,830,977
00091617.jpg,695,134,1003,467,1314,797
00091618.jpg,688,130,996,463,1308,792
00091619.jpg,671,124,979,457,1306,789
00091620.jpg,655,119,963,452,1305,782
00091621.jpg,643,115,943,451,1304,776
00091622.jpg,609,110,923,448,1297,774
00091623.jpg,609,110,923,448,1294,769
00091624.jpg,583,107,897,445,1292,765
00091625.jpg,555,104,869,442,1280,769
00091626.jpg,529,101,843,439,1265,764
00091627.jpg,504,100,818,438,1262,761
00091628.jpg,482,99,796,437,1257,761
00091629.jpg,455,98,769,436,1236,760
00091630.jpg,446,99,760,437,1236,760
00091631.jpg,422,97,736,435,1236,760
00091632.jpg,413,98,727,436,1228,754
00091633.jpg,408,102,722,440,1226,754
00091634.jpg,389,102,703,440,1226,754
00091635.jpg,386,105,700,443,1226,754
00091636.jpg,384,109,698,447,1229,754
00091637.jpg,371,107,685,445,1242,746
00091638.jpg,360,104,674,442,1248,750
00091639.jpg,358,103,672,441,1254,753
00091640.jpg,358,102,672,440,1270,754
00091641.jpg,358,100,672,438,1289,766
00091642.jpg,359,99,673,437,1304,776
00091643.jpg,361,98,675,436,1308,778
00091644.jpg,363,97,677,435,1301,784
00091645.jpg,365,96,679,434,1304,785
00091646.jpg,370,97,684,435,1284,786
00091647.jpg,389,99,703,437,1300,788
00091648.jpg,395,99,709,437,1296,794
00091649.jpg,414,102,728,440,1296,794
00091650.jpg,429,104,743,442,1274,804
00091651.jpg,447,106,761,444,1278,800
00091652.jpg,463,111,777,449,1281,794
00091653.jpg,490,115,804,453,1281,793
00091654.jpg,508,121,822,459,1281,789
00091655.jpg,527,125,841,463,1281,789
00091656.jpg,558,130,872,468,1285,785
00091657.jpg,584,135,898,473,1285,784
00091658.jpg,616,139,923,473,1290,788
00091659.jpg,616,139,923,473,1292,788
00091660.jpg,640,142,947,476,1296,786
00091661.jpg,640,142,947,476,1298,784
