00040209.jpg,945,253,1153,479,821,642
00040210.jpg,945,253,1153,479,821,642
00040211.jpg,945,253,1153,479,944,605
00040212.jpg,945,253,1153,479,942,604
00040213.jpg,945,254,1153,480,942,604
00040214.jpg,945,254,1153,480,942,604
00040215.jpg,945,254,1153,480,942,604
00040216.jpg,945,254,1153,480,941,608
00040217.jpg,945,254,1153,480,941,608
00040218.jpg,944,253,1152,479,940,609
00040219.jpg,946,254,1154,480,940,614
00040220.jpg,947,254,1155,480,940,614
00040221.jpg,948,254,1156,480,940,614
00040222.jpg,948,254,1156,480,940,614
00040223.jpg,948,254,1156,480,940,612
00040224.jpg,949,254,1157,480,940,613
00040225.jpg,949,254,1157,480,940,613
00040226.jpg,948,253,1156,479,940,613
00040227.jpg,949,253,1157,479,940,613
00040228.jpg,949,253,1157,479,940,613
00040229.jpg,949,252,1157,478,940,613
00040230.jpg,949,252,1157,478,940,613
00040231.jpg,948,251,1156,477,940,613
00040232.jpg,948,251,1156,477,940,613
00040233.jpg,948,251,1156,477,941,614
00040234.jpg,947,251,1155,477,941,614
00040235.jpg,947,251,1155,477,941,614
00040236.jpg,947,251,1155,477,941,614
00040237.jpg,947,251,1155,477,941,614
00040238.jpg,946,250,1154,476,941,614
00040239.jpg,946,250,1154,476,941,614
00040240.jpg,946,250,1154,476,942,614
00040241.jpg,945,250,1153,476,944,614
00040242.jpg,945,250,1153,476,944,614
00040243.jpg,945,250,1153,476,945,614
00040244.jpg,944,250,1152,476,945,614
00040245.jpg,944,250,1152,476,945,614
00040246.jpg,944,250,1152,476,945,614
00040247.jpg,944,250,1152,476,945,614
00040248.jpg,944,250,1152,476,945,614
00040249.jpg,943,250,1151,476,945,614
00040250.jpg,943,250,1151,476,945,614
00040251.jpg,943,250,1151,476,944,614
00040252.jpg,943,250,1151,476,934,613
00040253.jpg,943,250,1151,476,934,613
00040254.jpg,943,250,1151,476,929,610
00040255.jpg,944,250,1152,476,928,610
00040256.jpg,944,250,1152,476,926,606
00040257.jpg,944,250,1152,476,925,608
00040258.jpg,943,249,1151,475,925,608
00040259.jpg,943,249,1151,475,925,608
00040260.jpg,943,249,1151,475,922,608
00040261.jpg,943,249,1151,475,922,608
00040262.jpg,943,249,1151,475,922,608
00040263.jpg,943,249,1151,475,922,606
00040264.jpg,943,249,1151,475,922,606
00040265.jpg,943,249,1151,475,922,606
00040266.jpg,943,249,1151,475,922,606
00040267.jpg,943,248,1151,474,922,606
00040268.jpg,943,248,1151,474,922,606
00040269.jpg,943,249,1151,475,922,606
00040270.jpg,943,248,1151,474,912,610
00040271.jpg,943,246,1151,472,904,609
00040272.jpg,943,246,1151,472,902,609
00040273.jpg,943,244,1151,470,888,609
00040274.jpg,944,242,1152,468,586,672
00040275.jpg,945,243,1153,469,232,444
00040276.jpg,945,244,1153,470,232,444
00040277.jpg,945,244,1153,470,232,442
00040278.jpg,946,244,1154,470,232,442
00040279.jpg,946,245,1154,471,232,441
00040280.jpg,947,245,1155,471,232,438
00040281.jpg,947,245,1155,471,232,438
00040282.jpg,948,245,1156,471,232,438
00040283.jpg,948,245,1156,471,232,438
00040284.jpg,948,245,1156,471,232,438
00040285.jpg,950,246,1158,472,232,438
00040286.jpg,949,245,1157,471,232,438
00040287.jpg,949,245,1157,471,232,438
00040288.jpg,951,246,1159,472,232,438
00040289.jpg,950,246,1158,472,232,438
00040290.jpg,948,245,1156,471,228,436
00040291.jpg,949,246,1157,472,229,436
00040292.jpg,949,246,1157,472,230,437
00040293.jpg,949,246,1157,472,232,437
00040294.jpg,950,246,1158,472,230,438
00040295.jpg,949,246,1157,472,228,437
00040296.jpg,949,246,1157,472,232,437
00040297.jpg,949,246,1157,472,230,437
00040298.jpg,949,246,1157,472,230,437
00040299.jpg,949,247,1157,473,230,437
00040300.jpg,949,247,1157,473,230,437
00040301.jpg,949,247,1157,473,230,437
00040302.jpg,949,247,1157,473,230,437
00040303.jpg,949,247,1157,473,230,437
00040304.jpg,949,247,1157,473,230,437
00040305.jpg,949,247,1157,473,230,437
00040306.jpg,949,246,1157,472,230,437
00040307.jpg,949,246,1157,472,232,437
00040308.jpg,949,246,1157,472,232,437
00040309.jpg,949,246,1157,472,232,437
00040310.jpg,949,246,1157,472,232,437
00040311.jpg,949,246,1157,472,232,437
00040312.jpg,949,245,1157,471,232,437
00040313.jpg,949,245,1157,471,232,437
00040314.jpg,949,245,1157,471,232,437
00040315.jpg,954,243,1162,460,668,641
00040316.jpg,954,243,1162,460,789,638
00040317.jpg,954,243,1162,460,793,638
00040318.jpg,953,244,1161,461,792,637
00040319.jpg,952,244,1160,461,794,638
00040320.jpg,951,243,1159,460,792,638
00040321.jpg,950,243,1158,460,792,638
00040322.jpg,950,243,1158,460,792,638
00040323.jpg,949,243,1157,460,792,644
00040324.jpg,948,242,1156,459,790,644
00040325.jpg,947,241,1155,458,794,645
00040326.jpg,947,242,1155,459,794,645
00040327.jpg,947,242,1155,459,794,645
00040328.jpg,946,241,1154,458,794,645
00040329.jpg,945,241,1153,458,794,646
00040330.jpg,944,241,1152,458,792,652
00040331.jpg,944,241,1152,458,790,656
00040332.jpg,944,241,1152,458,790,660
00040333.jpg,942,240,1150,457,789,665
00040334.jpg,940,239,1148,456,789,665
00040335.jpg,944,245,1155,467,782,686
00040336.jpg,944,245,1155,467,782,698
00040337.jpg,944,245,1155,467,777,702
00040338.jpg,942,245,1153,467,777,705
00040339.jpg,941,246,1152,468,776,709
00040340.jpg,940,246,1151,468,776,710
00040341.jpg,938,246,1149,468,774,713
00040342.jpg,938,246,1149,468,774,709
00040343.jpg,937,245,1148,467,774,709
00040344.jpg,937,245,1148,467,774,709
00040345.jpg,936,245,1147,467,773,709
00040346.jpg,936,245,1147,467,772,709
00040347.jpg,935,244,1146,466,766,709
00040348.jpg,935,244,1146,466,765,709
00040349.jpg,934,244,1145,466,765,709
00040350.jpg,934,244,1145,466,765,709
00040351.jpg,933,244,1144,466,765,710
00040352.jpg,933,244,1144,466,765,710
00040353.jpg,932,243,1143,465,765,710
00040354.jpg,931,243,1142,465,765,710
00040355.jpg,930,242,1141,464,765,710
00040356.jpg,929,242,1140,464,765,710
00040357.jpg,930,242,1141,464,765,710
00040358.jpg,929,242,1140,464,765,710
00040359.jpg,928,241,1139,463,765,710
00040360.jpg,927,240,1138,462,765,710
00040361.jpg,927,240,1138,462,765,710
00040362.jpg,927,240,1138,462,765,710
00040363.jpg,928,241,1139,463,765,710
00040364.jpg,928,240,1139,462,764,710
00040365.jpg,928,240,1139,462,764,710
00040366.jpg,928,240,1139,462,764,710
00040367.jpg,928,240,1139,462,764,710
00040368.jpg,929,240,1140,462,764,710
00040369.jpg,929,239,1140,461,764,710
00040370.jpg,929,239,1140,461,764,710
