00040209.jpg,1393,232,1658,530,1236,717
00040210.jpg,1393,232,1658,530,1238,717
00040211.jpg,1393,232,1658,530,1424,958
00040212.jpg,1393,232,1658,530,1428,966
00040213.jpg,1393,232,1658,530,1428,965
00040214.jpg,1393,233,1658,531,1429,966
00040215.jpg,1392,233,1657,531,1430,964
00040216.jpg,1391,233,1656,531,1429,965
00040217.jpg,1390,233,1655,531,1430,966
00040218.jpg,1390,233,1655,531,1432,966
00040219.jpg,1390,233,1655,531,1430,966
00040220.jpg,1390,233,1655,531,1433,966
00040221.jpg,1390,233,1655,531,1432,966
00040222.jpg,1390,233,1655,531,1432,968
00040223.jpg,1391,233,1656,531,1432,968
00040224.jpg,1392,233,1657,531,1432,968
00040225.jpg,1393,233,1658,531,1432,968
00040226.jpg,1393,232,1658,530,1432,968
00040227.jpg,1393,232,1658,530,1432,968
00040228.jpg,1394,232,1659,530,1432,968
00040229.jpg,1395,232,1660,530,1432,968
00040230.jpg,1396,232,1661,530,1432,968
00040231.jpg,1396,232,1661,530,1432,968
00040232.jpg,1396,232,1661,530,1432,968
00040233.jpg,1397,232,1662,530,1432,968
00040234.jpg,1397,232,1662,530,1432,968
00040235.jpg,1397,232,1662,530,1429,956
00040236.jpg,1396,232,1661,530,1420,934
00040237.jpg,1396,232,1661,530,1424,934
00040238.jpg,1396,232,1661,530,1417,893
00040239.jpg,1396,232,1661,530,1417,865
00040240.jpg,1395,232,1660,530,1417,842
00040241.jpg,1395,232,1660,530,1417,825
00040242.jpg,1395,232,1660,530,1417,825
00040243.jpg,1395,232,1660,530,1373,760
00040244.jpg,1395,232,1660,530,1334,736
00040245.jpg,1395,231,1660,529,1301,721
00040246.jpg,1394,231,1659,529,1262,729
00040247.jpg,1394,231,1659,529,1261,729
00040248.jpg,1393,231,1658,529,1232,720
00040249.jpg,1392,231,1657,529,1202,716
00040250.jpg,1393,230,1658,528,1182,713
00040251.jpg,1394,230,1659,528,1178,714
00040252.jpg,1394,230,1659,528,1178,714
00040253.jpg,1394,230,1659,528,1173,714
00040254.jpg,1394,230,1659,528,1173,714
00040255.jpg,1394,230,1659,528,1165,720
00040256.jpg,1393,229,1658,527,1166,726
00040257.jpg,1393,229,1658,527,1166,726
00040258.jpg,1393,229,1658,527,1173,732
00040259.jpg,1393,229,1658,527,1173,732
00040260.jpg,1392,229,1657,527,1170,734
00040261.jpg,1392,229,1657,527,1170,734
00040262.jpg,1391,229,1656,527,1170,734
00040263.jpg,1391,229,1656,527,1169,736
00040264.jpg,1390,229,1655,527,1169,736
00040265.jpg,1389,228,1654,526,1168,736
00040266.jpg,1388,228,1653,526,1168,736
00040267.jpg,1388,228,1653,526,1168,736
00040268.jpg,1387,228,1652,526,1296,710
00040269.jpg,1386,228,1651,526,1301,709
00040270.jpg,1385,228,1650,526,1305,709
00040271.jpg,1384,228,1649,526,1306,713
00040272.jpg,1384,228,1649,526,1313,720
00040273.jpg,1383,228,1648,526,1324,728
00040274.jpg,1381,228,1646,526,1325,730
00040275.jpg,1379,228,1644,526,1325,730
00040276.jpg,1378,228,1643,526,1326,737
00040277.jpg,1378,228,1643,526,1328,737
00040278.jpg,1378,228,1643,526,1328,737
00040279.jpg,1378,228,1643,526,1328,737
00040280.jpg,1378,228,1643,526,1328,737
00040281.jpg,1378,228,1643,526,1328,737
00040282.jpg,1378,228,1643,526,1328,737
00040283.jpg,1379,228,1644,526,1328,737
00040284.jpg,1379,228,1644,526,1328,737
00040285.jpg,1379,227,1644,525,1328,737
00040286.jpg,1379,227,1644,525,1328,737
00040287.jpg,1379,227,1644,525,1328,737
00040288.jpg,1379,227,1644,525,1328,737
00040289.jpg,1379,226,1644,524,1328,737
00040290.jpg,1379,226,1644,524,1328,737
00040291.jpg,1379,226,1644,524,1285,721
00040292.jpg,1379,226,1644,524,1158,726
00040293.jpg,1380,225,1645,523,1158,725
00040294.jpg,1379,225,1644,523,1156,725
00040295.jpg,1379,225,1644,523,1152,725
00040296.jpg,1379,225,1644,523,1149,717
00040297.jpg,1379,225,1644,523,1149,721
00040298.jpg,1378,224,1643,522,1149,718
00040299.jpg,1378,224,1643,522,1149,721
00040300.jpg,1378,224,1643,522,1149,718
00040301.jpg,1377,224,1642,522,1149,718
00040302.jpg,1377,224,1642,522,1149,718
00040303.jpg,1376,224,1641,522,1149,718
00040304.jpg,1376,224,1641,522,1149,718
00040305.jpg,1375,223,1640,521,1149,718
00040306.jpg,1374,223,1639,521,1136,714
00040307.jpg,1374,223,1639,521,1129,712
00040308.jpg,1371,223,1636,521,1104,710
00040309.jpg,1365,223,1630,521,1080,717
00040310.jpg,1354,232,1622,537,1064,740
00040311.jpg,1354,232,1622,537,1050,766
00040312.jpg,1354,232,1622,537,1050,766
00040313.jpg,1347,233,1615,538,1052,778
00040314.jpg,1340,233,1608,538,1052,797
00040315.jpg,1334,233,1602,538,1062,816
00040316.jpg,1329,234,1597,539,1062,829
00040317.jpg,1329,234,1597,539,1062,833
00040318.jpg,1324,234,1592,539,1064,834
00040319.jpg,1319,234,1587,539,1064,844
00040320.jpg,1315,235,1583,540,1064,849
00040321.jpg,1312,235,1580,540,1069,857
00040322.jpg,1312,235,1580,540,1069,857
00040323.jpg,1310,236,1578,541,1069,857
00040324.jpg,1307,236,1575,541,1069,857
00040325.jpg,1304,237,1572,542,1069,857
00040326.jpg,1302,237,1570,542,1069,857
00040327.jpg,1302,237,1570,542,1069,857
00040328.jpg,1300,237,1568,542,1069,857
00040329.jpg,1299,237,1567,542,1069,857
00040330.jpg,1299,237,1567,542,1069,857
00040331.jpg,1299,237,1567,542,1069,857
00040332.jpg,1299,237,1567,542,1069,857
00040333.jpg,1299,235,1567,540,1069,857
00040334.jpg,1301,230,1569,535,1069,857
00040335.jpg,1304,227,1572,532,1069,857
00040336.jpg,1306,226,1574,531,-1,-1
00040337.jpg,1306,226,1574,531,-1,-1
00040338.jpg,1310,226,1578,531,-1,-1
00040339.jpg,1314,226,1582,531,-1,-1
00040340.jpg,1318,230,1567,505,-1,-1
00040341.jpg,1318,230,1567,505,-1,-1
00040342.jpg,1318,230,1567,505,-1,-1
00040343.jpg,1321,228,1570,503,-1,-1
00040344.jpg,1324,227,1573,502,-1,-1
00040345.jpg,1326,227,1575,502,-1,-1
00040346.jpg,1328,226,1577,501,-1,-1
00040347.jpg,1328,226,1577,501,-1,-1
00040348.jpg,1329,225,1578,500,-1,-1
00040349.jpg,1330,225,1579,500,-1,-1
00040350.jpg,1331,224,1580,499,-1,-1
00040351.jpg,1331,224,1580,499,-1,-1
00040352.jpg,1331,224,1580,499,-1,-1
00040353.jpg,1332,223,1581,498,-1,-1
00040354.jpg,1334,223,1583,498,-1,-1
00040355.jpg,1336,222,1585,497,-1,-1
00040356.jpg,1337,221,1586,496,-1,-1
00040357.jpg,1337,221,1586,496,-1,-1
00040358.jpg,1339,220,1588,495,-1,-1
00040359.jpg,1340,219,1589,494,-1,-1
00040360.jpg,1341,218,1590,493,-1,-1
00040361.jpg,1341,217,1590,492,-1,-1
00040362.jpg,1341,217,1590,492,-1,-1
00040363.jpg,1341,216,1590,491,-1,-1
00040364.jpg,1342,215,1591,490,-1,-1
00040365.jpg,1342,214,1591,489,-1,-1
00040366.jpg,1342,213,1591,488,-1,-1
00040367.jpg,1342,213,1591,488,-1,-1
00040368.jpg,1342,211,1591,486,-1,-1
00040369.jpg,1342,211,1591,486,-1,-1
00040370.jpg,1342,211,1591,486,-1,-1
