00017782.jpg,548,5,781,252,332,193
00017783.jpg,548,5,781,252,332,194
00017784.jpg,548,5,781,252,332,194
00017785.jpg,573,16,805,247,332,194
00017786.jpg,573,16,805,247,477,180
00017787.jpg,573,17,805,248,477,180
00017788.jpg,574,17,806,248,474,185
00017789.jpg,575,17,807,248,474,185
00017790.jpg,565,13,823,252,464,190
00017791.jpg,565,13,823,252,464,190
00017792.jpg,567,13,825,252,460,193
00017793.jpg,569,12,827,251,460,193
00017794.jpg,572,11,830,250,460,193
00017795.jpg,577,9,835,248,460,193
00017796.jpg,580,8,838,247,460,193
00017797.jpg,583,7,841,246,460,193
00017798.jpg,586,7,844,246,460,193
00017799.jpg,588,7,846,246,464,193
00017800.jpg,593,8,851,247,472,193
00017801.jpg,595,9,853,248,490,183
00017802.jpg,597,11,855,250,490,183
00017803.jpg,598,13,856,252,491,181
00017804.jpg,600,15,858,254,491,179
00017805.jpg,632,3,901,264,491,179
00017806.jpg,632,3,901,264,491,179
00017807.jpg,635,3,904,264,491,179
00017808.jpg,637,4,906,265,491,179
00017809.jpg,639,5,908,266,499,176
00017810.jpg,643,6,912,267,511,173
00017811.jpg,644,7,913,268,525,170
00017812.jpg,644,8,913,269,535,166
00017813.jpg,644,10,913,271,539,165
00017814.jpg,644,11,913,272,542,158
00017815.jpg,644,12,913,273,546,158
00017816.jpg,644,13,913,274,549,156
00017817.jpg,644,13,913,274,549,156
00017818.jpg,644,13,913,274,549,156
00017819.jpg,643,14,912,275,549,156
00017820.jpg,643,15,912,276,549,163
00017821.jpg,642,15,911,276,549,163
00017822.jpg,642,15,911,276,549,163
00017823.jpg,642,15,911,276,549,163
00017824.jpg,642,15,911,276,549,163
00017825.jpg,643,16,912,277,546,164
00017826.jpg,644,16,913,277,542,168
00017827.jpg,645,16,914,277,540,169
00017828.jpg,646,16,915,277,540,169
00017829.jpg,648,16,917,277,531,171
00017830.jpg,649,16,918,277,520,173
00017831.jpg,651,16,920,277,515,174
00017832.jpg,653,16,922,277,512,175
00017833.jpg,655,16,924,277,512,175
00017834.jpg,656,15,925,276,512,175
00017835.jpg,657,15,926,276,512,175
00017836.jpg,660,14,929,275,512,175
00017837.jpg,662,14,931,275,512,175
00017838.jpg,664,14,933,275,511,176
00017839.jpg,665,14,934,275,514,176
00017840.jpg,667,14,936,275,520,178
00017841.jpg,669,14,938,275,520,179
00017842.jpg,670,14,939,275,520,181
00017843.jpg,671,15,940,276,517,183
00017844.jpg,672,15,941,276,505,190
00017845.jpg,673,15,942,276,502,191
00017846.jpg,675,15,944,276,502,191
00017847.jpg,676,15,945,276,499,193
00017848.jpg,677,15,946,276,499,193
00017849.jpg,678,15,947,276,499,193
00017850.jpg,679,15,948,276,499,193
00017851.jpg,680,15,949,276,499,194
00017852.jpg,680,15,949,276,499,194
00017853.jpg,681,15,950,276,504,195
00017854.jpg,681,15,950,276,507,196
00017855.jpg,681,15,950,276,507,196
00017856.jpg,682,16,951,277,507,199
00017857.jpg,682,16,951,277,507,199
00017858.jpg,683,16,952,277,507,199
00017859.jpg,683,16,952,277,507,199
00017860.jpg,684,16,953,277,507,199
00017861.jpg,685,16,954,277,507,199
00017862.jpg,686,15,955,276,507,199
00017863.jpg,686,15,955,276,504,200
00017864.jpg,686,15,955,276,502,200
00017865.jpg,687,15,956,276,491,201
00017866.jpg,706,3,975,250,491,204
00017867.jpg,706,3,975,250,491,204
00017868.jpg,707,3,976,250,491,205
00017869.jpg,708,2,977,249,491,205
00017870.jpg,708,2,977,249,491,210
00017871.jpg,709,2,978,249,491,211
00017872.jpg,709,2,978,249,491,211
00017873.jpg,709,1,978,248,491,211
00017874.jpg,709,1,978,248,491,211
00017875.jpg,709,1,978,248,490,211
00017876.jpg,708,1,977,248,489,215
00017877.jpg,708,0,977,247,487,216
00017878.jpg,708,0,977,247,487,220
00017879.jpg,708,0,977,247,487,221
00017880.jpg,708,0,977,247,487,221
00017881.jpg,707,1,976,248,487,221
00017882.jpg,707,2,976,249,487,221
00017883.jpg,706,2,975,249,487,221
00017884.jpg,706,2,975,249,487,221
00017885.jpg,705,2,974,249,486,221
00017886.jpg,704,2,973,249,486,221
00017887.jpg,704,2,973,249,486,221
00017888.jpg,704,2,973,249,486,221
00017889.jpg,703,2,972,249,486,221
00017890.jpg,703,3,972,250,486,221
00017891.jpg,702,3,971,250,486,221
00017892.jpg,702,3,971,250,486,221
00017893.jpg,702,3,971,250,486,221
00017894.jpg,702,3,971,250,489,221
00017895.jpg,701,3,970,250,489,221
00017896.jpg,701,3,970,250,489,221
00017897.jpg,701,3,970,250,489,221
00017898.jpg,701,3,970,250,481,220
00017899.jpg,701,3,970,250,481,220
00017900.jpg,700,3,969,250,481,220
00017901.jpg,700,2,969,249,481,220
00017902.jpg,699,2,968,249,481,220
00017903.jpg,699,2,968,249,481,220
00017904.jpg,698,2,967,249,480,218
00017905.jpg,697,2,966,249,480,216
00017906.jpg,695,3,964,250,480,216
00017907.jpg,694,3,963,250,480,216
00017908.jpg,693,3,962,250,480,216
00017909.jpg,693,3,962,250,480,216
00017910.jpg,692,3,961,250,480,216
00017911.jpg,692,3,961,250,480,215
00017912.jpg,692,3,961,250,480,215
00017913.jpg,692,3,961,250,479,214
00017914.jpg,692,4,961,251,479,214
00017915.jpg,693,4,962,251,479,214
00017916.jpg,695,4,964,251,479,214
00017917.jpg,696,4,965,251,479,214
00017918.jpg,697,4,966,251,479,214
00017919.jpg,698,3,967,250,479,214
00017920.jpg,700,3,969,250,479,214
00017921.jpg,704,2,973,249,472,209
00017922.jpg,705,2,974,249,467,203
00017923.jpg,706,1,975,248,460,194
00017924.jpg,706,0,975,247,460,194
00017925.jpg,707,0,976,247,460,194
00017926.jpg,710,0,979,247,460,194
00017927.jpg,712,0,981,247,460,194
00017928.jpg,714,0,983,247,467,194
00017929.jpg,717,0,986,247,475,193
00017930.jpg,720,0,989,247,476,189
00017931.jpg,725,0,994,247,477,189
00017932.jpg,726,0,995,247,477,189
00017933.jpg,728,0,997,247,477,189
00017934.jpg,730,0,999,247,477,189
00017935.jpg,731,0,1000,247,477,189
00017936.jpg,734,0,1003,247,477,189
00017937.jpg,734,0,1003,247,485,184
00017938.jpg,735,0,1004,247,504,178
00017939.jpg,736,0,1005,247,517,170
00017940.jpg,736,0,1005,247,526,169
00017941.jpg,737,0,1006,247,530,166
00017942.jpg,736,0,1005,247,539,164
00017943.jpg,736,0,1005,247,550,161
00017944.jpg,736,0,1005,247,559,160
00017945.jpg,735,0,1004,247,560,160
00017946.jpg,734,0,1003,247,560,160
00017947.jpg,734,0,1003,247,562,158
00017948.jpg,733,0,1002,247,562,155
00017949.jpg,732,0,1001,247,564,149
00017950.jpg,731,0,1000,247,565,149
00017951.jpg,729,0,998,247,567,149
00017952.jpg,728,0,997,247,569,149
00017953.jpg,727,0,996,247,569,149
00017954.jpg,726,0,995,247,569,151
00017955.jpg,724,0,993,247,564,151
00017956.jpg,721,0,990,247,564,151
00017957.jpg,718,0,987,247,561,151
00017958.jpg,716,0,985,247,561,151
00017959.jpg,714,0,983,247,560,151
00017960.jpg,712,0,981,247,559,151
00017961.jpg,709,0,978,247,559,151
00017962.jpg,707,0,976,247,559,151
00017963.jpg,704,0,973,247,560,151
00017964.jpg,701,0,970,247,567,153
00017965.jpg,698,0,967,247,567,156
00017966.jpg,688,0,957,247,567,156
00017967.jpg,684,2,953,249,567,156
00017968.jpg,681,2,950,249,561,159
00017969.jpg,678,3,947,250,560,159
00017970.jpg,676,4,945,251,560,159
00017971.jpg,675,4,944,251,557,159
00017972.jpg,676,4,945,251,556,160
00017973.jpg,677,4,946,251,555,160
00017974.jpg,678,4,947,251,552,161
00017975.jpg,679,4,948,251,552,163
00017976.jpg,681,4,950,251,552,163
00017977.jpg,681,4,950,251,552,164
00017978.jpg,681,5,950,252,551,164
00017979.jpg,680,5,949,252,549,164
00017980.jpg,679,5,948,252,549,164
00017981.jpg,676,7,945,254,549,164
00017982.jpg,674,8,943,255,549,164
00017983.jpg,672,9,941,256,549,164
00017984.jpg,669,11,938,258,549,164
00017985.jpg,667,12,936,259,549,164
00017986.jpg,663,15,932,262,549,164
00017987.jpg,646,23,915,263,549,164
00017988.jpg,646,23,915,263,552,170
00017989.jpg,644,24,913,264,552,170
00017990.jpg,643,25,912,265,552,170
00017991.jpg,642,25,911,265,552,170
00017992.jpg,642,25,911,265,552,170
00017993.jpg,643,24,912,264,552,170
00017994.jpg,636,22,917,275,555,176
00017995.jpg,636,22,917,275,555,176
00017996.jpg,640,20,921,273,555,176
00017997.jpg,643,19,924,272,555,176
00017998.jpg,647,17,928,270,555,176
00017999.jpg,652,16,933,269,555,176
00018000.jpg,656,14,937,267,552,178
00018001.jpg,660,13,941,266,552,178
00018002.jpg,666,12,947,265,552,178
00018003.jpg,668,11,949,264,552,186
00018004.jpg,669,11,950,264,547,191
00018005.jpg,672,11,953,264,546,194
00018006.jpg,674,11,955,264,546,194
00018007.jpg,680,10,961,263,546,194
00018008.jpg,681,10,962,263,546,194
00018009.jpg,680,10,961,263,546,194
00018010.jpg,681,11,962,264,547,188
00018011.jpg,682,11,963,264,555,183
00018012.jpg,684,12,965,265,555,183
00018013.jpg,684,13,965,266,560,168
00018014.jpg,685,13,966,266,560,168
00018015.jpg,686,14,967,267,560,168
00018016.jpg,686,15,967,268,560,168
00018017.jpg,687,16,968,269,560,168
00018018.jpg,688,16,969,269,560,168
00018019.jpg,688,17,969,270,560,168
00018020.jpg,688,17,969,270,560,168
00018021.jpg,689,17,970,270,302,193
00018022.jpg,692,17,973,270,302,193
00018023.jpg,693,17,974,270,302,191
00018024.jpg,693,17,974,270,301,191
00018025.jpg,695,16,976,269,301,191
00018026.jpg,694,16,975,269,292,191
00018027.jpg,695,15,976,268,292,191
00018028.jpg,695,15,976,268,292,191
00018029.jpg,694,15,975,268,292,193
00018030.jpg,693,14,974,267,292,193
00018031.jpg,692,13,973,266,292,193
00018032.jpg,691,11,972,264,292,193
00018033.jpg,688,10,969,263,294,193
00018034.jpg,653,10,968,262,295,193
00018035.jpg,653,10,968,262,296,193
00018036.jpg,652,10,967,262,297,196
00018037.jpg,651,10,966,262,297,196
00018038.jpg,651,10,966,262,297,196
00018039.jpg,650,10,965,262,297,196
00018040.jpg,650,10,965,262,299,196
00018041.jpg,649,10,964,262,300,196
00018042.jpg,648,11,963,263,301,196
00018043.jpg,647,11,962,263,301,196
00018044.jpg,647,11,962,263,301,196
00018045.jpg,647,11,962,263,301,196
00018046.jpg,647,11,962,263,301,196
00018047.jpg,647,11,962,263,301,196
00018048.jpg,647,11,962,263,301,196
00018049.jpg,647,12,962,264,301,196
00018050.jpg,647,12,962,264,301,196
00018051.jpg,647,12,962,264,301,196
00018052.jpg,649,12,964,264,301,196
00018053.jpg,649,12,964,264,301,196
00018054.jpg,650,12,965,264,301,196
00018055.jpg,651,12,966,264,301,196
00018056.jpg,652,12,967,264,301,196
00018057.jpg,654,12,969,264,301,196
00018058.jpg,656,12,971,264,301,196
00018059.jpg,657,12,972,264,301,196
00018060.jpg,658,12,973,264,301,196
00018061.jpg,660,12,975,264,301,196
00018062.jpg,662,12,977,264,301,196
00018063.jpg,663,12,978,264,301,196
00018064.jpg,664,12,979,264,301,196
00018065.jpg,665,12,980,264,301,196
00018066.jpg,665,12,980,264,301,196
00018067.jpg,664,13,979,265,301,196
00018068.jpg,664,13,979,265,301,196
00018069.jpg,663,13,978,265,301,196
00018070.jpg,662,14,977,266,301,196
00018071.jpg,661,14,976,266,301,196
00018072.jpg,660,14,975,266,301,196
00018073.jpg,659,14,974,266,301,196
00018074.jpg,659,14,974,266,301,196
00018075.jpg,658,14,973,266,301,196
00018076.jpg,658,14,973,266,302,196
00018077.jpg,657,14,972,266,302,196
00018078.jpg,656,14,971,266,302,196
00018079.jpg,656,14,971,266,302,196
00018080.jpg,656,14,971,266,302,196
00018081.jpg,655,14,970,266,302,196
00018082.jpg,654,13,969,265,302,196
00018083.jpg,652,13,967,265,302,196
00018084.jpg,651,14,966,266,302,196
00018085.jpg,649,14,964,266,304,196
00018086.jpg,647,15,962,267,305,196
00018087.jpg,642,16,957,268,305,196
00018088.jpg,639,17,954,269,305,196
00018089.jpg,637,17,952,269,305,196
00018090.jpg,634,17,949,269,305,196
00018091.jpg,632,17,947,269,309,196
00018092.jpg,627,17,942,269,312,196
00018093.jpg,625,18,940,270,314,196
00018094.jpg,623,18,938,270,315,196
00018095.jpg,621,18,936,270,315,196
00018096.jpg,619,18,934,270,316,196
00018097.jpg,615,18,930,270,316,196
00018098.jpg,613,18,928,270,316,196
00018099.jpg,611,17,926,269,316,196
00018100.jpg,609,16,924,268,316,196
00018101.jpg,625,9,888,290,316,196
00018102.jpg,625,9,888,290,316,196
00018103.jpg,623,9,886,290,317,196
00018104.jpg,622,10,885,291,320,196
00018105.jpg,621,10,884,291,322,204
00018106.jpg,619,10,882,291,321,196
00018107.jpg,617,10,880,291,321,196
00018108.jpg,616,11,879,292,322,196
00018109.jpg,615,11,878,292,321,208
00018110.jpg,614,11,877,292,324,196
00018111.jpg,613,11,876,292,325,209
00018112.jpg,611,10,874,291,326,209
00018113.jpg,610,11,873,292,-1,-1
00018114.jpg,610,11,873,292,-1,-1
00018115.jpg,610,11,873,292,-1,-1
00018116.jpg,609,12,872,293,-1,-1
00018117.jpg,609,12,872,293,-1,-1
00018118.jpg,608,13,871,294,-1,-1
00018119.jpg,608,13,871,294,-1,-1
00018120.jpg,592,25,871,314,-1,-1
00018121.jpg,592,25,871,314,-1,-1
00018122.jpg,593,25,872,314,-1,-1
00018123.jpg,593,25,872,314,-1,-1
00018124.jpg,594,24,873,313,-1,-1
00018125.jpg,595,24,874,313,-1,-1
00018126.jpg,596,24,875,313,-1,-1
00018127.jpg,598,22,877,311,-1,-1
00018128.jpg,599,21,878,310,-1,-1
00018129.jpg,600,21,879,310,-1,-1
00018130.jpg,601,20,880,309,-1,-1
00018131.jpg,603,19,882,308,-1,-1
00018132.jpg,604,18,883,307,415,703
00018133.jpg,606,17,885,306,411,703
00018134.jpg,607,17,886,306,401,695
00018135.jpg,608,16,887,305,394,688
00018136.jpg,610,15,889,304,386,679
00018137.jpg,613,14,892,303,372,664
00018138.jpg,614,13,893,302,366,653
00018139.jpg,615,13,894,302,380,646
00018140.jpg,617,13,896,302,381,644
00018141.jpg,618,13,897,302,381,644
00018142.jpg,621,12,900,301,382,635
00018143.jpg,623,11,902,300,369,614
00018144.jpg,624,11,903,300,337,559
00018145.jpg,625,11,904,300,335,556
00018146.jpg,627,10,906,299,316,534
00018147.jpg,630,9,909,298,269,499
00018148.jpg,631,9,910,298,259,493
00018149.jpg,632,8,911,297,247,483
00018150.jpg,633,8,912,297,236,428
00018151.jpg,634,8,913,297,260,323
00018152.jpg,636,9,915,298,287,308
00018153.jpg,636,10,915,299,285,304
00018154.jpg,637,11,916,300,285,304
00018155.jpg,638,13,917,302,280,303
00018156.jpg,639,15,918,304,279,290
00018157.jpg,658,14,937,303,279,290
00018158.jpg,659,14,938,303,277,285
00018159.jpg,661,15,940,304,274,283
00018160.jpg,663,15,942,304,274,283
00018161.jpg,665,16,944,305,272,283
00018162.jpg,669,16,948,305,265,276
00018163.jpg,670,15,949,304,262,275
00018164.jpg,672,15,951,304,262,275
00018165.jpg,674,15,953,304,262,275
00018166.jpg,676,15,955,304,262,275
00018167.jpg,677,16,956,305,262,275
00018168.jpg,680,17,959,306,262,275
00018169.jpg,681,18,960,307,262,275
00018170.jpg,681,20,960,309,264,273
00018171.jpg,681,21,960,310,294,264
00018172.jpg,681,21,960,310,295,263
00018173.jpg,678,21,957,310,314,254
00018174.jpg,676,20,955,309,327,246
00018175.jpg,674,20,953,309,341,239
00018176.jpg,672,20,951,309,347,233
00018177.jpg,669,21,948,310,364,224
00018178.jpg,668,5,982,298,366,220
00018179.jpg,668,5,982,298,366,219
00018180.jpg,667,4,981,297,366,215
00018181.jpg,667,3,981,296,366,215
00018182.jpg,666,2,980,295,366,215
00018183.jpg,665,0,979,293,366,215
00018184.jpg,664,0,978,293,366,215
00018185.jpg,662,0,976,293,367,215
00018186.jpg,659,0,973,293,372,213
00018187.jpg,657,0,971,293,372,213
00018188.jpg,654,0,968,293,375,210
00018189.jpg,653,0,967,293,375,210
00018190.jpg,651,0,965,293,375,210
00018191.jpg,649,0,963,293,375,210
00018192.jpg,647,0,961,293,375,210
00018193.jpg,643,0,957,293,375,210
00018194.jpg,640,0,954,293,375,210
00018195.jpg,637,2,951,295,375,210
00018196.jpg,636,3,950,296,375,210
00018197.jpg,634,4,948,297,377,209
00018198.jpg,631,5,945,298,379,209
00018199.jpg,630,5,944,298,379,209
00018200.jpg,629,5,943,298,379,209
00018201.jpg,628,5,942,298,379,209
00018202.jpg,627,6,941,299,379,209
00018203.jpg,627,6,941,299,379,209
00018204.jpg,626,6,940,299,379,209
00018205.jpg,626,6,940,299,381,209
00018206.jpg,626,6,940,299,382,208
00018207.jpg,627,6,941,299,387,208
00018208.jpg,628,5,942,298,389,208
00018209.jpg,628,5,942,298,390,208
00018210.jpg,628,5,942,298,391,208
00018211.jpg,629,5,943,298,394,209
00018212.jpg,630,5,944,298,394,209
00018213.jpg,632,5,946,298,394,209
00018214.jpg,633,5,947,298,394,209
00018215.jpg,633,5,947,298,394,209
00018216.jpg,634,5,948,298,394,209
00018217.jpg,634,5,948,298,394,209
00018218.jpg,633,5,947,298,394,209
00018219.jpg,632,6,946,299,394,209
00018220.jpg,632,6,946,299,394,209
00018221.jpg,632,6,946,299,394,209
00018222.jpg,632,6,946,299,394,209
00018223.jpg,633,6,947,299,394,209
00018224.jpg,635,6,949,299,394,209
00018225.jpg,636,6,950,299,394,209
00018226.jpg,637,6,951,299,394,209
00018227.jpg,639,6,953,299,394,209
00018228.jpg,642,8,956,301,394,209
00018229.jpg,643,8,957,301,394,209
00018230.jpg,644,9,958,302,394,209
00018231.jpg,645,9,959,302,394,209
00018232.jpg,646,9,960,302,394,209
00018233.jpg,647,10,961,303,394,209
00018234.jpg,647,11,961,304,394,209
00018235.jpg,647,11,961,304,394,209
00018236.jpg,647,11,961,304,394,209
00018237.jpg,646,12,960,305,396,209
00018238.jpg,611,12,927,303,397,211
00018239.jpg,611,12,927,303,397,211
00018240.jpg,610,11,926,302,397,211
00018241.jpg,610,10,926,301,397,211
00018242.jpg,609,9,925,300,397,211
00018243.jpg,607,8,923,299,397,211
00018244.jpg,606,7,922,298,397,211
00018245.jpg,605,6,921,297,397,211
00018246.jpg,604,6,920,297,397,211
00018247.jpg,603,5,919,296,397,211
00018248.jpg,601,5,917,296,397,211
00018249.jpg,600,5,916,296,397,211
00018250.jpg,598,5,914,296,397,211
00018251.jpg,597,5,913,296,397,211
00018252.jpg,595,5,911,296,397,211
00018253.jpg,593,5,909,296,397,211
00018254.jpg,592,5,908,296,397,211
00018255.jpg,591,5,907,296,397,211
00018256.jpg,590,5,906,296,397,211
00018257.jpg,589,5,905,296,397,211
00018258.jpg,594,7,919,285,397,211
00018259.jpg,594,7,919,285,397,211
00018260.jpg,594,7,919,285,397,211
00018261.jpg,594,7,919,285,397,211
00018262.jpg,593,7,918,285,397,211
00018263.jpg,593,7,918,285,397,210
00018264.jpg,594,7,919,285,397,210
00018265.jpg,595,7,920,285,397,210
00018266.jpg,595,7,920,285,397,210
00018267.jpg,596,6,921,284,397,210
00018268.jpg,598,5,923,283,397,210
00018269.jpg,599,4,924,282,397,210
00018270.jpg,600,3,925,281,397,210
00018271.jpg,602,3,927,281,397,210
00018272.jpg,604,2,929,280,397,210
00018273.jpg,607,0,932,278,397,210
00018274.jpg,608,0,933,278,397,210
00018275.jpg,610,0,935,278,390,248
00018276.jpg,612,0,937,278,390,249
00018277.jpg,613,0,938,278,390,259
00018278.jpg,615,0,940,278,389,265
00018279.jpg,616,0,941,278,389,274
00018280.jpg,618,0,943,278,389,279
00018281.jpg,619,0,944,278,389,280
00018282.jpg,621,0,946,278,389,285
00018283.jpg,625,0,950,278,389,285
00018284.jpg,626,0,951,278,435,575
00018285.jpg,627,0,952,278,435,578
00018286.jpg,628,0,953,278,429,580
00018287.jpg,629,0,954,278,422,576
00018288.jpg,631,0,956,278,422,576
00018289.jpg,632,0,957,278,422,576
00018290.jpg,633,0,958,278,422,576
00018291.jpg,632,0,957,278,417,580
00018292.jpg,632,0,957,278,417,579
00018293.jpg,631,0,956,278,416,578
00018294.jpg,630,0,955,278,416,578
00018295.jpg,629,0,954,278,416,578
00018296.jpg,629,0,954,278,407,584
00018297.jpg,628,0,953,278,410,584
00018298.jpg,628,0,953,278,409,604
00018299.jpg,629,0,954,278,407,606
00018300.jpg,629,0,954,278,406,624
00018301.jpg,630,0,955,278,402,645
00018302.jpg,630,0,955,278,394,663
00018303.jpg,632,0,957,278,389,671
00018304.jpg,633,0,958,278,389,671
00018305.jpg,646,0,971,278,391,668
00018306.jpg,647,0,972,278,392,665
00018307.jpg,647,0,972,278,395,655
00018308.jpg,647,0,972,278,395,655
00018309.jpg,647,0,972,278,359,191
00018310.jpg,646,0,971,278,359,191
00018311.jpg,644,0,969,278,359,191
00018312.jpg,642,0,967,278,359,188
00018313.jpg,639,0,964,278,359,188
00018314.jpg,637,0,962,278,359,188
00018315.jpg,626,0,951,278,354,188
00018316.jpg,625,0,950,278,354,188
00018317.jpg,624,0,949,278,339,184
00018318.jpg,621,0,946,278,337,184
00018319.jpg,620,0,945,278,337,184
00018320.jpg,618,0,943,278,337,183
00018321.jpg,616,0,941,278,337,183
00018322.jpg,614,0,939,278,337,183
00018323.jpg,609,0,934,278,337,183
00018324.jpg,605,0,930,278,337,183
00018325.jpg,602,0,927,278,337,183
00018326.jpg,600,0,925,278,337,183
00018327.jpg,598,0,923,278,337,183
00018328.jpg,595,3,909,279,340,183
00018329.jpg,595,3,909,279,340,183
00018330.jpg,594,3,908,279,340,183
00018331.jpg,592,4,906,280,340,183
00018332.jpg,591,4,905,280,340,183
00018333.jpg,590,5,904,281,340,183
00018334.jpg,587,6,901,282,340,183
00018335.jpg,587,7,901,283,340,181
00018336.jpg,587,7,901,283,329,183
00018337.jpg,586,7,900,283,327,183
00018338.jpg,586,7,900,283,327,183
00018339.jpg,585,8,899,284,321,193
00018340.jpg,584,8,898,284,321,194
00018341.jpg,583,9,897,285,319,195
00018342.jpg,582,10,896,286,316,199
00018343.jpg,581,11,895,287,316,201
00018344.jpg,580,12,894,288,316,201
00018345.jpg,580,12,894,288,316,201
00018346.jpg,580,12,894,288,316,203
00018347.jpg,581,13,895,289,312,208
00018348.jpg,581,13,895,289,312,208
00018349.jpg,582,15,896,291,311,208
00018350.jpg,582,16,896,292,311,208
00018351.jpg,582,17,896,293,299,211
00018352.jpg,581,18,895,294,291,215
00018353.jpg,580,18,894,294,277,219
00018354.jpg,578,20,892,296,264,226
00018355.jpg,577,22,891,298,260,226
00018356.jpg,576,24,890,300,256,228
00018357.jpg,575,26,889,302,250,228
00018358.jpg,574,27,888,303,244,228
00018359.jpg,570,30,884,306,244,228
00018360.jpg,569,30,883,306,241,213
00018361.jpg,567,30,881,306,241,213
00018362.jpg,566,30,880,306,241,213
00018363.jpg,565,30,879,306,241,213
00018364.jpg,562,32,876,308,241,213
00018365.jpg,560,8,852,294,241,213
00018366.jpg,560,8,852,294,260,206
00018367.jpg,559,8,851,294,272,205
00018368.jpg,558,9,850,295,284,205
00018369.jpg,557,9,849,295,304,208
00018370.jpg,557,9,849,295,304,208
00018371.jpg,557,10,849,296,304,208
00018372.jpg,557,10,849,296,312,209
00018373.jpg,557,10,849,296,319,210
00018374.jpg,558,9,850,295,319,210
00018375.jpg,559,8,851,294,321,210
00018376.jpg,560,7,852,293,321,210
00018377.jpg,561,5,853,291,322,210
00018378.jpg,563,3,855,289,329,210
00018379.jpg,566,0,858,286,339,210
00018380.jpg,567,0,859,286,340,210
00018381.jpg,567,0,859,286,347,210
00018382.jpg,567,0,859,286,365,200
