00017782.jpg,118,61,396,338,500,176
00017783.jpg,111,60,393,337,500,176
00017784.jpg,109,60,391,335,500,176
00017785.jpg,113,63,383,330,500,176
00017786.jpg,113,62,382,332,491,179
00017787.jpg,114,65,380,331,485,181
00017788.jpg,114,65,381,332,466,184
00017789.jpg,115,65,380,331,466,184
00017790.jpg,118,66,379,331,461,184
00017791.jpg,118,68,377,331,449,189
00017792.jpg,115,67,378,333,449,190
00017793.jpg,113,67,378,334,446,191
00017794.jpg,113,66,379,336,445,191
00017795.jpg,109,64,381,340,445,191
00017796.jpg,106,64,381,340,444,191
00017797.jpg,106,66,379,339,444,191
00017798.jpg,105,64,380,341,444,191
00017799.jpg,103,63,382,342,444,191
00017800.jpg,101,61,384,346,459,190
00017801.jpg,102,63,382,345,476,186
00017802.jpg,105,65,380,344,475,186
00017803.jpg,104,66,380,345,471,185
00017804.jpg,106,68,378,344,467,183
00017805.jpg,107,68,377,343,467,183
00017806.jpg,106,63,380,347,469,179
00017807.jpg,106,66,383,345,479,179
00017808.jpg,106,66,387,346,480,179
00017809.jpg,109,66,386,344,481,179
00017810.jpg,109,66,386,345,536,170
00017811.jpg,111,67,384,343,541,165
00017812.jpg,111,67,384,343,542,164
00017813.jpg,111,67,384,343,544,159
00017814.jpg,111,67,384,343,544,159
00017815.jpg,109,68,382,344,545,159
00017816.jpg,108,68,381,344,546,159
00017817.jpg,107,68,380,344,546,159
00017818.jpg,107,69,380,345,546,165
00017819.jpg,107,69,380,345,546,165
00017820.jpg,106,70,379,346,546,165
00017821.jpg,106,70,379,346,546,165
00017822.jpg,107,71,380,347,546,165
00017823.jpg,106,71,379,347,545,166
00017824.jpg,106,71,379,347,542,169
00017825.jpg,105,71,378,347,540,170
00017826.jpg,104,71,377,347,537,171
00017827.jpg,104,71,377,347,531,174
00017828.jpg,54,75,343,364,517,176
00017829.jpg,54,75,343,364,509,178
00017830.jpg,54,75,343,364,491,180
00017831.jpg,53,75,342,364,487,181
00017832.jpg,53,75,342,364,486,181
00017833.jpg,53,75,342,364,482,185
00017834.jpg,53,75,342,364,481,185
00017835.jpg,53,76,342,365,481,185
00017836.jpg,52,76,341,365,481,185
00017837.jpg,52,76,341,365,481,185
00017838.jpg,52,77,341,366,492,185
00017839.jpg,52,77,341,366,495,186
00017840.jpg,51,77,340,366,496,188
00017841.jpg,51,78,340,367,496,190
00017842.jpg,51,78,340,367,496,190
00017843.jpg,51,78,340,367,496,190
00017844.jpg,50,78,339,367,495,193
00017845.jpg,50,78,339,367,486,194
00017846.jpg,51,79,340,368,486,194
00017847.jpg,50,79,339,368,485,194
00017848.jpg,50,79,339,368,485,194
00017849.jpg,50,79,339,368,485,194
00017850.jpg,50,79,339,368,485,196
00017851.jpg,49,79,338,368,486,198
00017852.jpg,48,79,337,368,481,203
00017853.jpg,48,79,337,368,482,203
00017854.jpg,48,80,337,369,486,204
00017855.jpg,47,80,336,369,482,205
00017856.jpg,46,80,335,369,479,205
00017857.jpg,46,80,335,369,479,205
00017858.jpg,45,80,334,369,477,206
00017859.jpg,45,80,334,369,470,206
00017860.jpg,44,80,333,369,462,209
00017861.jpg,43,80,332,369,460,205
00017862.jpg,43,80,332,369,460,203
00017863.jpg,43,80,332,369,460,203
00017864.jpg,43,80,332,369,460,203
00017865.jpg,42,79,331,368,460,203
00017866.jpg,42,79,331,368,461,206
00017867.jpg,41,79,330,368,462,214
00017868.jpg,41,79,330,368,464,214
00017869.jpg,41,79,330,368,464,214
00017870.jpg,40,79,329,368,464,214
00017871.jpg,39,80,328,369,457,215
00017872.jpg,38,79,327,368,456,215
00017873.jpg,38,79,327,368,454,218
00017874.jpg,37,79,326,368,457,223
00017875.jpg,37,79,326,368,457,223
00017876.jpg,36,79,325,368,457,223
00017877.jpg,35,78,324,367,457,223
00017878.jpg,35,78,324,367,457,223
00017879.jpg,35,78,324,367,457,223
00017880.jpg,35,78,324,367,464,224
00017881.jpg,35,79,324,368,465,224
00017882.jpg,35,79,324,368,465,224
00017883.jpg,35,79,324,368,465,224
00017884.jpg,35,79,324,368,461,221
00017885.jpg,35,79,324,368,461,218
00017886.jpg,34,79,323,368,461,216
00017887.jpg,34,79,323,368,461,216
00017888.jpg,34,79,323,368,471,219
00017889.jpg,35,79,324,368,471,221
00017890.jpg,35,79,324,368,476,223
00017891.jpg,35,79,324,368,474,223
00017892.jpg,35,79,324,368,466,224
00017893.jpg,35,79,324,368,466,224
00017894.jpg,34,79,323,368,465,225
00017895.jpg,34,79,323,368,457,226
00017896.jpg,34,79,323,368,457,226
00017897.jpg,34,79,323,368,457,226
00017898.jpg,34,79,323,368,457,228
00017899.jpg,34,79,323,368,459,228
00017900.jpg,33,78,322,367,461,228
00017901.jpg,33,78,322,367,461,228
00017902.jpg,34,78,323,367,461,228
00017903.jpg,34,78,323,367,455,224
00017904.jpg,34,78,323,367,447,219
00017905.jpg,34,78,323,367,447,219
00017906.jpg,33,78,322,367,446,216
00017907.jpg,34,78,323,367,446,215
00017908.jpg,34,76,323,365,446,213
00017909.jpg,36,75,325,364,446,213
00017910.jpg,37,73,326,362,442,214
00017911.jpg,41,72,330,361,440,214
00017912.jpg,43,72,332,361,444,214
00017913.jpg,44,72,333,361,447,214
00017914.jpg,45,71,334,360,447,213
00017915.jpg,47,71,336,360,447,213
00017916.jpg,52,71,341,360,447,213
00017917.jpg,54,70,343,359,447,213
00017918.jpg,57,70,346,359,447,213
00017919.jpg,61,71,350,360,447,213
00017920.jpg,65,73,354,362,440,213
00017921.jpg,69,74,358,363,434,211
00017922.jpg,70,73,359,362,434,210
00017923.jpg,71,70,360,359,432,209
00017924.jpg,70,67,359,356,432,209
00017925.jpg,71,66,360,355,432,209
00017926.jpg,69,66,358,355,432,209
00017927.jpg,68,65,357,354,435,208
00017928.jpg,66,62,355,351,439,208
00017929.jpg,65,60,354,349,446,208
00017930.jpg,65,60,354,349,457,205
00017931.jpg,65,60,354,349,456,201
00017932.jpg,65,60,354,349,455,201
00017933.jpg,66,60,355,349,454,201
00017934.jpg,67,61,356,350,454,201
00017935.jpg,67,61,356,350,455,201
00017936.jpg,66,60,346,345,460,198
00017937.jpg,67,59,346,345,475,191
00017938.jpg,72,60,343,344,479,190
00017939.jpg,72,59,344,344,797,74
00017940.jpg,72,61,345,346,797,74
00017941.jpg,74,60,346,344,797,74
00017942.jpg,76,59,346,344,797,74
00017943.jpg,77,59,345,342,797,76
00017944.jpg,77,58,346,342,797,76
00017945.jpg,78,60,346,340,797,76
00017946.jpg,79,60,348,338,797,76
00017947.jpg,79,60,348,338,797,76
00017948.jpg,78,59,349,339,797,76
00017949.jpg,77,58,350,339,797,76
00017950.jpg,76,57,350,339,797,76
00017951.jpg,77,55,349,340,797,76
00017952.jpg,77,56,350,339,797,79
00017953.jpg,77,55,351,339,797,80
00017954.jpg,77,55,351,340,797,80
00017955.jpg,78,55,351,340,796,81
00017956.jpg,79,57,350,339,792,86
00017957.jpg,80,58,350,339,790,89
00017958.jpg,80,59,351,339,787,90
00017959.jpg,84,64,373,353,774,93
00017960.jpg,84,64,373,353,766,96
00017961.jpg,85,64,374,353,761,103
00017962.jpg,85,64,374,353,756,106
00017963.jpg,85,64,374,353,756,106
00017964.jpg,85,64,374,353,755,108
00017965.jpg,85,64,374,353,745,109
00017966.jpg,85,64,374,353,740,111
00017967.jpg,85,64,374,353,740,111
00017968.jpg,85,64,374,353,736,114
00017969.jpg,84,64,373,353,724,123
00017970.jpg,84,64,373,353,724,123
00017971.jpg,84,64,373,353,720,128
00017972.jpg,84,64,373,353,717,129
00017973.jpg,83,64,372,353,716,129
00017974.jpg,83,64,372,353,716,129
00017975.jpg,82,64,371,353,716,129
00017976.jpg,82,64,371,353,716,129
00017977.jpg,81,64,370,353,716,129
00017978.jpg,81,64,370,353,717,129
00017979.jpg,81,64,370,353,725,126
00017980.jpg,80,64,369,353,726,120
00017981.jpg,80,64,369,353,724,120
00017982.jpg,80,64,369,353,721,124
00017983.jpg,79,64,368,353,717,126
00017984.jpg,79,64,368,353,715,130
00017985.jpg,79,64,368,353,715,130
00017986.jpg,80,64,369,353,712,134
00017987.jpg,80,64,369,353,706,145
00017988.jpg,80,64,369,353,692,150
00017989.jpg,80,64,369,353,692,153
00017990.jpg,79,64,368,353,689,163
00017991.jpg,79,64,368,353,689,163
00017992.jpg,79,64,368,353,689,163
00017993.jpg,79,64,368,353,675,163
00017994.jpg,79,64,368,353,686,164
00017995.jpg,79,64,368,353,686,164
00017996.jpg,79,65,368,354,686,164
00017997.jpg,79,65,368,354,686,164
00017998.jpg,79,65,368,354,696,154
00017999.jpg,79,65,368,354,696,154
00018000.jpg,79,65,368,354,709,146
00018001.jpg,79,65,368,354,716,135
00018002.jpg,79,65,368,354,716,135
00018003.jpg,79,65,368,354,727,121
00018004.jpg,78,64,367,353,734,118
00018005.jpg,79,65,368,354,734,118
00018006.jpg,78,65,367,354,734,118
00018007.jpg,78,65,367,354,740,111
00018008.jpg,78,65,367,354,740,110
00018009.jpg,78,65,367,354,754,106
00018010.jpg,77,65,366,354,756,105
00018011.jpg,77,65,366,354,761,94
00018012.jpg,77,65,366,354,761,94
00018013.jpg,77,65,366,354,761,94
00018014.jpg,77,65,366,354,761,94
00018015.jpg,76,65,365,354,761,94
00018016.jpg,76,65,365,354,761,94
00018017.jpg,76,65,365,354,761,94
00018018.jpg,76,65,365,354,761,94
00018019.jpg,76,65,365,354,761,94
00018020.jpg,76,65,365,354,761,94
00018021.jpg,76,65,365,354,761,94
00018022.jpg,76,65,365,354,761,94
00018023.jpg,76,65,365,354,761,94
00018024.jpg,76,65,365,354,761,94
00018025.jpg,75,65,364,354,761,94
00018026.jpg,75,65,364,354,761,98
00018027.jpg,75,65,364,354,760,99
00018028.jpg,76,65,365,354,759,99
00018029.jpg,76,65,365,354,757,103
00018030.jpg,76,65,365,354,750,109
00018031.jpg,76,65,365,354,741,113
00018032.jpg,75,64,364,353,739,116
00018033.jpg,75,64,364,353,734,120
00018034.jpg,76,64,365,353,729,126
00018035.jpg,76,64,365,353,720,131
00018036.jpg,76,64,365,353,716,138
00018037.jpg,76,64,365,353,715,140
00018038.jpg,77,64,366,353,715,141
00018039.jpg,77,64,366,353,712,144
00018040.jpg,78,64,367,353,712,144
00018041.jpg,78,64,367,353,712,144
00018042.jpg,78,64,367,353,711,140
00018043.jpg,78,64,367,353,710,140
00018044.jpg,79,65,368,354,710,143
00018045.jpg,78,64,367,353,710,143
00018046.jpg,79,65,368,354,710,143
00018047.jpg,79,65,368,354,707,145
00018048.jpg,79,65,368,354,707,146
00018049.jpg,79,65,368,354,707,146
00018050.jpg,80,65,369,354,707,146
00018051.jpg,80,65,369,354,707,146
00018052.jpg,80,65,369,354,707,146
00018053.jpg,80,65,369,354,707,146
00018054.jpg,80,65,369,354,707,146
00018055.jpg,81,65,370,354,707,146
00018056.jpg,81,65,370,354,707,146
00018057.jpg,81,65,370,354,707,146
00018058.jpg,81,65,370,354,710,144
00018059.jpg,81,65,370,354,710,144
00018060.jpg,81,65,370,354,710,144
00018061.jpg,81,65,370,354,716,139
00018062.jpg,82,65,371,354,724,135
00018063.jpg,82,65,371,354,724,135
00018064.jpg,82,65,371,354,724,135
00018065.jpg,82,65,371,354,725,134
00018066.jpg,82,65,371,354,725,134
00018067.jpg,83,65,372,354,727,134
00018068.jpg,83,65,372,354,727,134
00018069.jpg,83,65,372,354,731,134
00018070.jpg,84,65,373,354,731,134
00018071.jpg,84,65,373,354,731,134
00018072.jpg,85,65,374,354,731,134
00018073.jpg,85,65,374,354,731,134
00018074.jpg,86,65,375,354,731,134
00018075.jpg,86,65,375,354,731,134
00018076.jpg,87,65,376,354,731,134
00018077.jpg,88,65,377,354,731,134
00018078.jpg,88,65,377,354,731,134
00018079.jpg,89,65,378,354,731,134
00018080.jpg,90,65,379,354,731,134
00018081.jpg,90,65,379,354,731,134
00018082.jpg,91,65,380,354,727,134
00018083.jpg,92,65,381,354,725,134
00018084.jpg,92,65,381,354,725,134
00018085.jpg,93,65,382,354,721,134
00018086.jpg,94,65,383,354,720,135
00018087.jpg,95,65,384,354,720,136
00018088.jpg,96,65,385,354,720,136
00018089.jpg,96,65,385,354,712,139
00018090.jpg,97,65,386,354,705,141
00018091.jpg,98,65,387,354,696,145
00018092.jpg,98,64,387,353,696,146
00018093.jpg,98,64,387,353,696,146
00018094.jpg,98,64,387,353,692,148
00018095.jpg,98,64,387,353,684,153
00018096.jpg,99,64,388,353,684,153
00018097.jpg,99,64,388,353,679,156
00018098.jpg,99,64,388,353,679,160
00018099.jpg,99,64,388,353,672,168
00018100.jpg,100,64,389,353,672,168
00018101.jpg,99,63,388,352,662,175
00018102.jpg,100,63,389,352,662,175
00018103.jpg,100,63,389,352,662,175
00018104.jpg,100,62,389,351,662,175
00018105.jpg,100,62,389,351,655,179
00018106.jpg,100,62,389,351,655,179
00018107.jpg,99,61,388,350,651,179
00018108.jpg,99,61,388,350,651,181
00018109.jpg,99,61,388,350,649,185
00018110.jpg,98,61,387,350,649,185
00018111.jpg,98,60,387,349,649,191
00018112.jpg,99,59,388,348,649,193
00018113.jpg,101,59,390,348,649,193
00018114.jpg,101,58,390,347,649,206
00018115.jpg,102,58,391,347,649,208
00018116.jpg,104,58,395,334,650,214
00018117.jpg,103,57,393,334,649,214
00018118.jpg,105,59,392,334,649,220
00018119.jpg,106,61,389,336,649,220
00018120.jpg,106,62,389,339,649,220
00018121.jpg,105,60,388,343,649,220
00018122.jpg,108,64,391,344,649,221
00018123.jpg,108,65,390,344,649,221
00018124.jpg,107,65,389,344,649,221
00018125.jpg,107,66,389,344,649,221
00018126.jpg,107,67,390,343,649,221
00018127.jpg,67,70,356,359,649,221
00018128.jpg,63,70,352,359,649,221
00018129.jpg,89,77,363,376,655,216
00018130.jpg,89,77,363,376,662,210
00018131.jpg,89,84,367,398,659,206
00018132.jpg,89,84,367,398,427,703
00018133.jpg,88,86,366,400,426,704
00018134.jpg,87,92,397,413,434,699
00018135.jpg,87,92,397,413,431,699
00018136.jpg,86,92,396,413,435,696
00018137.jpg,85,90,395,411,440,690
00018138.jpg,84,90,394,411,461,675
00018139.jpg,83,91,393,412,461,675
00018140.jpg,82,92,392,413,461,675
00018141.jpg,82,94,392,415,461,675
00018142.jpg,81,94,391,415,462,646
00018143.jpg,79,93,389,414,452,633
00018144.jpg,77,91,387,412,447,626
00018145.jpg,75,91,385,412,429,623
00018146.jpg,73,91,383,412,422,613
00018147.jpg,70,93,380,414,412,608
00018148.jpg,70,93,380,414,402,603
00018149.jpg,70,92,380,413,397,598
00018150.jpg,71,91,381,412,397,596
00018151.jpg,72,90,382,411,397,591
00018152.jpg,74,90,384,411,397,591
00018153.jpg,76,90,386,411,387,586
00018154.jpg,78,89,388,410,384,581
00018155.jpg,76,85,386,406,380,584
00018156.jpg,76,82,386,403,385,586
00018157.jpg,73,78,383,399,-1,-1
00018158.jpg,72,78,382,399,-1,-1
00018159.jpg,69,77,379,398,-1,-1
00018160.jpg,68,78,378,399,-1,-1
00018161.jpg,65,78,375,399,-1,-1
00018162.jpg,57,79,367,400,-1,-1
00018163.jpg,58,79,368,400,-1,-1
00018164.jpg,59,78,369,399,-1,-1
00018165.jpg,62,75,372,396,-1,-1
00018166.jpg,70,71,380,392,-1,-1
00018167.jpg,77,71,387,392,-1,-1
00018168.jpg,86,72,396,393,-1,-1
00018169.jpg,92,74,402,395,-1,-1
00018170.jpg,98,73,408,394,-1,-1
00018171.jpg,104,72,414,393,-1,-1
00018172.jpg,111,72,421,393,734,144
00018173.jpg,121,71,431,392,734,144
00018174.jpg,126,71,436,392,734,145
00018175.jpg,130,69,440,390,731,146
00018176.jpg,134,69,444,390,731,146
00018177.jpg,137,68,447,389,730,149
00018178.jpg,114,48,422,377,726,149
00018179.jpg,114,48,422,377,717,154
00018180.jpg,116,47,424,376,717,154
00018181.jpg,119,47,427,376,717,154
00018182.jpg,121,46,429,375,716,154
00018183.jpg,124,44,432,373,709,153
00018184.jpg,126,44,434,373,709,153
00018185.jpg,127,43,435,372,709,153
00018186.jpg,128,42,436,371,709,153
00018187.jpg,129,42,437,371,709,153
00018188.jpg,132,42,440,371,709,153
00018189.jpg,133,41,441,370,705,149
00018190.jpg,135,41,443,370,697,153
00018191.jpg,136,41,444,370,697,158
00018192.jpg,138,41,446,370,697,158
00018193.jpg,141,40,449,369,697,158
00018194.jpg,142,40,450,369,689,160
00018195.jpg,143,40,451,369,689,160
00018196.jpg,144,40,452,369,680,165
00018197.jpg,145,40,453,369,679,166
00018198.jpg,149,53,449,351,679,166
00018199.jpg,149,53,449,351,679,166
00018200.jpg,150,53,450,351,670,170
00018201.jpg,150,53,450,351,670,173
00018202.jpg,151,53,451,351,667,181
00018203.jpg,152,53,452,351,667,181
00018204.jpg,152,53,452,351,667,181
00018205.jpg,153,53,453,351,667,181
00018206.jpg,153,52,453,350,667,181
00018207.jpg,154,52,454,350,667,181
00018208.jpg,155,53,455,351,667,181
00018209.jpg,155,52,455,350,667,181
00018210.jpg,155,52,455,350,667,181
00018211.jpg,156,53,456,351,670,173
00018212.jpg,156,52,456,350,670,173
00018213.jpg,156,52,456,350,670,173
00018214.jpg,156,52,456,350,670,173
00018215.jpg,156,52,456,350,670,173
00018216.jpg,157,52,457,350,671,173
00018217.jpg,157,52,457,350,680,176
00018218.jpg,157,51,457,349,675,178
00018219.jpg,157,51,457,349,675,178
00018220.jpg,157,51,457,349,675,178
00018221.jpg,158,51,458,349,675,178
00018222.jpg,158,51,458,349,675,178
00018223.jpg,158,51,458,349,671,179
00018224.jpg,158,50,458,348,671,180
00018225.jpg,157,50,457,348,671,180
00018226.jpg,157,50,457,348,670,181
00018227.jpg,157,50,457,348,670,188
00018228.jpg,157,50,457,348,671,188
00018229.jpg,157,50,457,348,672,189
00018230.jpg,156,50,456,348,677,195
00018231.jpg,156,49,456,347,680,195
00018232.jpg,156,49,456,347,680,195
00018233.jpg,156,49,456,347,680,195
00018234.jpg,156,49,456,347,680,198
00018235.jpg,156,49,456,347,679,198
00018236.jpg,155,49,455,347,679,198
00018237.jpg,155,49,455,347,679,198
00018238.jpg,154,49,454,347,679,198
00018239.jpg,153,49,453,347,679,198
00018240.jpg,153,49,453,347,679,198
00018241.jpg,153,49,453,347,679,198
00018242.jpg,152,48,452,346,672,199
00018243.jpg,152,48,452,346,672,199
00018244.jpg,151,48,451,346,672,199
00018245.jpg,151,48,451,346,672,199
00018246.jpg,151,48,451,346,672,196
00018247.jpg,150,47,450,345,672,195
00018248.jpg,149,47,449,345,672,183
00018249.jpg,149,47,449,345,660,188
00018250.jpg,149,47,449,345,660,188
00018251.jpg,149,47,449,345,662,184
00018252.jpg,149,47,449,345,662,184
00018253.jpg,148,46,448,344,662,184
00018254.jpg,148,46,448,344,656,178
00018255.jpg,148,45,448,343,656,178
00018256.jpg,148,45,448,343,656,178
00018257.jpg,148,45,448,343,656,178
00018258.jpg,147,44,447,342,656,178
00018259.jpg,147,44,447,342,651,175
00018260.jpg,148,44,448,342,651,175
00018261.jpg,148,44,448,342,651,175
00018262.jpg,148,44,448,342,651,175
00018263.jpg,147,43,447,341,651,175
00018264.jpg,148,43,448,341,651,175
00018265.jpg,149,43,449,341,651,175
00018266.jpg,149,43,449,341,651,175
00018267.jpg,149,42,449,340,651,175
00018268.jpg,149,42,449,340,651,175
00018269.jpg,149,41,449,339,651,175
00018270.jpg,147,40,447,338,651,175
00018271.jpg,146,40,446,338,651,175
00018272.jpg,176,46,451,372,651,175
00018273.jpg,176,46,451,372,477,621
00018274.jpg,175,48,450,374,479,621
00018275.jpg,174,50,449,376,470,631
00018276.jpg,173,50,448,376,451,636
00018277.jpg,172,51,447,377,451,636
00018278.jpg,201,68,454,375,451,631
00018279.jpg,201,68,454,375,451,621
00018280.jpg,200,68,453,375,451,621
00018281.jpg,199,69,452,376,451,619
00018282.jpg,198,69,451,376,451,616
00018283.jpg,196,71,449,378,450,614
00018284.jpg,195,71,448,378,439,608
00018285.jpg,193,71,446,378,436,599
00018286.jpg,192,72,445,379,429,596
00018287.jpg,190,71,443,378,427,591
00018288.jpg,186,69,439,376,422,588
00018289.jpg,183,68,436,375,422,588
00018290.jpg,181,67,434,374,417,579
00018291.jpg,178,65,431,372,417,579
00018292.jpg,176,64,429,371,415,578
00018293.jpg,171,62,424,369,412,578
00018294.jpg,168,61,421,368,412,578
00018295.jpg,165,60,418,367,412,578
00018296.jpg,137,53,445,389,406,583
00018297.jpg,136,52,444,388,401,589
00018298.jpg,123,37,438,356,404,605
00018299.jpg,123,37,438,356,552,543
00018300.jpg,123,36,438,355,401,633
00018301.jpg,123,36,438,355,725,245
00018302.jpg,124,36,439,355,725,234
00018303.jpg,124,34,439,353,722,198
00018304.jpg,114,31,433,354,707,144
00018305.jpg,114,31,433,354,701,144
00018306.jpg,114,30,433,353,697,136
00018307.jpg,113,29,432,352,697,136
00018308.jpg,113,27,432,350,697,136
00018309.jpg,112,26,431,349,697,136
00018310.jpg,111,25,430,348,697,136
00018311.jpg,110,24,429,347,697,136
00018312.jpg,109,23,428,346,697,136
00018313.jpg,88,34,399,326,697,136
00018314.jpg,88,34,399,326,697,136
00018315.jpg,87,34,398,326,697,136
00018316.jpg,86,33,397,325,697,136
00018317.jpg,85,33,396,325,697,136
00018318.jpg,84,32,395,324,684,136
00018319.jpg,84,32,395,324,681,136
00018320.jpg,84,32,395,324,677,139
00018321.jpg,84,32,395,324,675,140
00018322.jpg,83,31,394,323,664,144
00018323.jpg,84,31,395,323,664,144
00018324.jpg,84,31,395,323,664,144
00018325.jpg,84,31,395,323,659,145
00018326.jpg,85,31,396,323,649,148
00018327.jpg,85,31,396,323,637,151
00018328.jpg,85,32,396,324,637,151
00018329.jpg,85,32,396,324,637,151
00018330.jpg,84,31,395,323,637,151
00018331.jpg,84,32,395,324,637,151
00018332.jpg,84,32,395,324,637,151
00018333.jpg,83,32,394,324,637,151
00018334.jpg,82,32,393,324,637,151
00018335.jpg,82,33,393,325,637,151
00018336.jpg,81,33,392,325,637,151
00018337.jpg,81,33,392,325,629,158
00018338.jpg,80,34,391,326,629,158
00018339.jpg,79,35,390,327,-1,-1
00018340.jpg,78,36,389,328,-1,-1
00018341.jpg,76,36,387,328,-1,-1
00018342.jpg,75,36,386,328,-1,-1
00018343.jpg,74,36,385,328,-1,-1
00018344.jpg,69,35,380,327,-1,-1
00018345.jpg,65,34,376,326,-1,-1
00018346.jpg,61,32,372,324,-1,-1
00018347.jpg,58,32,369,324,-1,-1
00018348.jpg,55,32,366,324,-1,-1
00018349.jpg,49,32,360,324,-1,-1
00018350.jpg,47,33,358,325,-1,-1
00018351.jpg,45,34,356,326,-1,-1
00018352.jpg,43,35,354,327,-1,-1
00018353.jpg,42,36,353,328,-1,-1
00018354.jpg,40,38,351,330,-1,-1
00018355.jpg,39,37,350,329,-1,-1
00018356.jpg,38,35,349,327,-1,-1
00018357.jpg,38,34,349,326,-1,-1
00018358.jpg,38,34,349,326,-1,-1
00018359.jpg,52,23,317,348,-1,-1
00018360.jpg,52,23,317,348,-1,-1
00018361.jpg,55,20,320,345,-1,-1
00018362.jpg,59,19,324,344,-1,-1
00018363.jpg,62,19,327,344,-1,-1
00018364.jpg,68,17,333,342,-1,-1
00018365.jpg,72,17,337,342,-1,-1
00018366.jpg,77,17,342,342,564,701
00018367.jpg,101,19,372,338,564,701
00018368.jpg,101,19,372,338,564,701
00018369.jpg,110,19,381,338,564,701
00018370.jpg,114,19,385,338,-1,-1
00018371.jpg,118,19,389,338,-1,-1
00018372.jpg,122,19,393,338,-1,-1
00018373.jpg,126,19,397,338,-1,-1
00018374.jpg,134,19,405,338,-1,-1
00018375.jpg,137,19,408,338,-1,-1
00018376.jpg,141,20,412,339,-1,-1
00018377.jpg,145,22,416,341,-1,-1
00018378.jpg,147,19,418,338,-1,-1
00018379.jpg,153,15,424,334,-1,-1
00018380.jpg,156,13,427,332,-1,-1
00018381.jpg,156,13,427,332,-1,-1
00018382.jpg,156,13,427,332,-1,-1
