00006083.jpg,926,318,1172,607,-1,-1
00006084.jpg,926,318,1172,607,-1,-1
00006085.jpg,926,318,1172,607,-1,-1
00006086.jpg,926,318,1172,607,-1,-1
00006087.jpg,926,318,1172,607,-1,-1
00006088.jpg,926,318,1172,607,-1,-1
00006089.jpg,926,318,1172,607,-1,-1
00006090.jpg,926,318,1172,607,-1,-1
00006091.jpg,926,318,1172,607,-1,-1
00006092.jpg,926,318,1172,607,-1,-1
00006093.jpg,926,318,1172,607,-1,-1
00006094.jpg,926,318,1172,607,-1,-1
00006095.jpg,926,318,1172,607,-1,-1
00006096.jpg,926,318,1172,607,-1,-1
00006097.jpg,926,318,1172,607,-1,-1
00006098.jpg,926,318,1172,607,-1,-1
00006099.jpg,926,319,1172,608,-1,-1
00006100.jpg,926,319,1172,608,-1,-1
00006101.jpg,926,319,1172,608,-1,-1
00006102.jpg,926,319,1172,608,-1,-1
00006103.jpg,925,319,1171,608,-1,-1
00006104.jpg,925,319,1171,608,-1,-1
00006105.jpg,925,319,1171,608,-1,-1
00006106.jpg,924,320,1170,609,-1,-1
00006107.jpg,924,319,1170,608,-1,-1
00006108.jpg,923,320,1169,609,-1,-1
00006109.jpg,922,321,1168,610,-1,-1
00006110.jpg,921,321,1167,610,-1,-1
00006111.jpg,921,320,1167,609,-1,-1
00006112.jpg,921,320,1167,609,-1,-1
00006113.jpg,920,320,1166,609,-1,-1
00006114.jpg,920,320,1166,609,-1,-1
00006115.jpg,920,320,1166,609,-1,-1
00006116.jpg,920,321,1166,610,-1,-1
00006117.jpg,919,321,1165,610,-1,-1
00006118.jpg,919,322,1165,611,-1,-1
00006119.jpg,919,321,1165,610,-1,-1
00006120.jpg,919,321,1165,610,-1,-1
00006121.jpg,918,320,1164,609,-1,-1
00006122.jpg,918,320,1164,609,-1,-1
00006123.jpg,918,320,1164,609,-1,-1
00006124.jpg,918,320,1164,609,-1,-1
00006125.jpg,918,320,1164,609,-1,-1
00006126.jpg,918,321,1164,610,-1,-1
00006127.jpg,918,321,1164,610,-1,-1
00006128.jpg,918,321,1164,610,-1,-1
00006129.jpg,918,321,1164,610,-1,-1
00006130.jpg,918,321,1164,610,-1,-1
00006131.jpg,919,320,1165,609,-1,-1
00006132.jpg,919,320,1165,609,-1,-1
00006133.jpg,919,320,1165,609,-1,-1
00006134.jpg,919,320,1165,609,-1,-1
00006135.jpg,919,320,1165,609,-1,-1
00006136.jpg,919,320,1165,609,-1,-1
00006137.jpg,919,320,1165,609,-1,-1
00006138.jpg,919,320,1165,609,-1,-1
00006139.jpg,920,320,1166,609,-1,-1
00006140.jpg,920,320,1166,609,-1,-1
00006141.jpg,920,320,1166,609,-1,-1
00006142.jpg,921,319,1167,608,-1,-1
00006143.jpg,921,319,1167,608,-1,-1
00006144.jpg,921,319,1167,608,-1,-1
00006145.jpg,921,319,1167,608,-1,-1
00006146.jpg,921,320,1167,609,-1,-1
00006147.jpg,921,320,1167,609,-1,-1
00006148.jpg,921,320,1167,609,-1,-1
00006149.jpg,921,320,1167,609,-1,-1
00006150.jpg,921,320,1167,609,-1,-1
00006151.jpg,921,320,1167,609,-1,-1
00006152.jpg,921,320,1167,609,-1,-1
00006153.jpg,921,320,1167,609,-1,-1
00006154.jpg,921,320,1167,609,-1,-1
00006155.jpg,921,320,1167,609,-1,-1
00006156.jpg,921,320,1167,609,-1,-1
00006157.jpg,921,320,1167,609,-1,-1
00006158.jpg,921,320,1167,609,-1,-1
00006159.jpg,921,320,1167,609,-1,-1
00006160.jpg,922,320,1168,609,-1,-1
00006161.jpg,922,321,1168,610,-1,-1
00006162.jpg,922,321,1168,610,-1,-1
00006163.jpg,922,321,1168,610,-1,-1
00006164.jpg,922,321,1168,610,-1,-1
00006165.jpg,922,321,1168,610,-1,-1
00006166.jpg,922,320,1168,609,-1,-1
00006167.jpg,922,320,1168,609,-1,-1
00006168.jpg,922,320,1168,609,-1,-1
00006169.jpg,922,320,1168,609,-1,-1
00006170.jpg,922,320,1168,609,-1,-1
00006171.jpg,922,320,1168,609,-1,-1
00006172.jpg,922,320,1168,609,-1,-1
00006173.jpg,922,320,1168,609,-1,-1
00006174.jpg,922,320,1168,609,-1,-1
00006175.jpg,922,320,1168,609,-1,-1
00006176.jpg,921,320,1167,609,-1,-1
00006177.jpg,921,320,1167,609,-1,-1
00006178.jpg,921,320,1167,609,-1,-1
00006179.jpg,921,320,1167,609,-1,-1
00006180.jpg,921,320,1167,609,-1,-1
00006181.jpg,922,320,1168,609,-1,-1
00006182.jpg,922,320,1168,609,-1,-1
00006183.jpg,922,320,1168,609,-1,-1
00006184.jpg,922,320,1168,609,-1,-1
00006185.jpg,921,319,1167,608,-1,-1
00006186.jpg,921,319,1167,608,-1,-1
00006187.jpg,921,319,1167,608,-1,-1
00006188.jpg,921,319,1167,608,-1,-1
00006189.jpg,922,319,1168,608,-1,-1
00006190.jpg,922,319,1168,608,-1,-1
00006191.jpg,922,319,1168,608,-1,-1
00006192.jpg,922,319,1168,608,-1,-1
00006193.jpg,922,320,1168,609,-1,-1
00006194.jpg,922,320,1168,609,-1,-1
00006195.jpg,922,320,1168,609,-1,-1
00006196.jpg,922,320,1168,609,-1,-1
00006197.jpg,922,320,1168,609,-1,-1
00006198.jpg,922,320,1168,609,-1,-1
00006199.jpg,922,320,1168,609,-1,-1
00006200.jpg,922,320,1168,609,-1,-1
00006201.jpg,921,321,1167,610,-1,-1
00006202.jpg,921,321,1167,610,-1,-1
00006203.jpg,921,321,1167,610,-1,-1
00006204.jpg,921,322,1167,611,-1,-1
00006205.jpg,921,322,1167,611,-1,-1
00006206.jpg,922,322,1168,611,-1,-1
00006207.jpg,922,327,1168,616,-1,-1
00006208.jpg,922,328,1168,617,-1,-1
00006209.jpg,922,328,1168,617,-1,-1
00006210.jpg,922,328,1168,617,-1,-1
00006211.jpg,922,328,1168,617,-1,-1
00006212.jpg,922,328,1168,617,-1,-1
00006213.jpg,922,328,1168,617,-1,-1
00006214.jpg,922,321,1168,610,-1,-1
00006215.jpg,922,321,1168,610,-1,-1
00006216.jpg,922,321,1168,610,-1,-1
00006217.jpg,922,321,1168,610,-1,-1
00006218.jpg,922,321,1168,610,-1,-1
00006219.jpg,921,321,1167,610,-1,-1
00006220.jpg,921,321,1167,610,-1,-1
00006221.jpg,922,321,1168,610,-1,-1
00006222.jpg,921,321,1167,610,-1,-1
00006223.jpg,922,328,1168,617,-1,-1
00006224.jpg,921,322,1167,611,-1,-1
00006225.jpg,921,322,1167,611,-1,-1
00006226.jpg,921,321,1167,610,-1,-1
00006227.jpg,922,321,1168,610,-1,-1
00006228.jpg,922,321,1168,610,-1,-1
00006229.jpg,922,320,1168,609,-1,-1
00006230.jpg,922,320,1168,609,-1,-1
00006231.jpg,922,320,1168,609,-1,-1
00006232.jpg,922,320,1168,609,-1,-1
00006233.jpg,922,320,1168,609,-1,-1
00006234.jpg,922,320,1168,609,-1,-1
00006235.jpg,922,320,1168,609,-1,-1
00006236.jpg,922,321,1168,610,-1,-1
00006237.jpg,922,321,1168,610,-1,-1
00006238.jpg,922,321,1168,610,-1,-1
00006239.jpg,923,321,1169,610,-1,-1
00006240.jpg,922,321,1168,610,-1,-1
00006241.jpg,922,321,1168,610,-1,-1
00006242.jpg,922,321,1168,610,-1,-1
00006243.jpg,922,321,1168,610,-1,-1
00006244.jpg,922,321,1168,610,-1,-1
00006245.jpg,922,321,1168,610,-1,-1
00006246.jpg,922,321,1168,610,-1,-1
00006247.jpg,922,321,1168,610,-1,-1
00006248.jpg,922,321,1168,610,-1,-1
00006249.jpg,922,321,1168,610,-1,-1
00006250.jpg,922,321,1168,610,-1,-1
00006251.jpg,922,321,1168,610,-1,-1
00006252.jpg,922,321,1168,610,-1,-1
00006253.jpg,921,321,1167,610,-1,-1
00006254.jpg,921,321,1167,610,-1,-1
00006255.jpg,921,321,1167,610,-1,-1
00006256.jpg,921,321,1167,610,-1,-1
00006257.jpg,921,321,1167,610,-1,-1
00006258.jpg,921,321,1167,610,-1,-1
00006259.jpg,921,321,1167,610,-1,-1
00006260.jpg,922,321,1168,610,-1,-1
00006261.jpg,922,321,1168,610,-1,-1
00006262.jpg,922,321,1168,610,-1,-1
00006263.jpg,922,321,1168,610,-1,-1
00006264.jpg,922,321,1168,610,-1,-1
00006265.jpg,922,321,1168,610,-1,-1
00006266.jpg,922,321,1168,610,-1,-1
00006267.jpg,922,321,1168,610,-1,-1
00006268.jpg,922,321,1168,610,-1,-1
00006269.jpg,922,321,1168,610,-1,-1
00006270.jpg,922,321,1168,610,-1,-1
00006271.jpg,922,321,1168,610,-1,-1
00006272.jpg,922,321,1168,610,-1,-1
00006273.jpg,922,321,1168,610,-1,-1
00006274.jpg,922,321,1168,610,-1,-1
00006275.jpg,922,321,1168,610,-1,-1
00006276.jpg,922,321,1168,610,-1,-1
00006277.jpg,922,321,1168,610,-1,-1
00006278.jpg,922,321,1168,610,-1,-1
00006279.jpg,922,321,1168,610,-1,-1
00006280.jpg,922,321,1168,610,-1,-1
00006281.jpg,922,321,1168,610,-1,-1
00006282.jpg,922,321,1168,610,-1,-1
00006283.jpg,922,321,1168,610,-1,-1
00006284.jpg,922,321,1168,610,-1,-1
00006285.jpg,922,321,1168,610,-1,-1
00006286.jpg,922,321,1168,610,-1,-1
00006287.jpg,922,321,1168,610,-1,-1
00006288.jpg,922,321,1168,610,-1,-1
00006289.jpg,922,321,1168,610,-1,-1
00006290.jpg,923,321,1169,610,-1,-1
00006291.jpg,923,321,1169,610,-1,-1
00006292.jpg,923,321,1169,610,-1,-1
00006293.jpg,923,320,1169,609,-1,-1
00006294.jpg,923,320,1169,609,-1,-1
00006295.jpg,923,320,1169,609,-1,-1
00006296.jpg,923,320,1169,609,-1,-1
00006297.jpg,923,320,1169,609,-1,-1
00006298.jpg,923,320,1169,609,-1,-1
00006299.jpg,923,320,1169,609,-1,-1
00006300.jpg,923,320,1169,609,-1,-1
00006301.jpg,922,320,1168,609,-1,-1
00006302.jpg,922,320,1168,609,-1,-1
00006303.jpg,922,320,1168,609,-1,-1
00006304.jpg,922,320,1168,609,-1,-1
00006305.jpg,922,320,1168,609,-1,-1
00006306.jpg,922,320,1168,609,-1,-1
00006307.jpg,922,320,1168,609,-1,-1
00006308.jpg,922,320,1168,609,-1,-1
00006309.jpg,922,320,1168,609,-1,-1
00006310.jpg,923,320,1169,609,-1,-1
00006311.jpg,923,320,1169,609,-1,-1
00006312.jpg,923,320,1169,609,-1,-1
00006313.jpg,923,320,1169,609,-1,-1
00006314.jpg,923,320,1169,609,-1,-1
00006315.jpg,923,320,1169,609,-1,-1
00006316.jpg,923,320,1169,609,-1,-1
00006317.jpg,923,320,1169,609,-1,-1
00006318.jpg,924,320,1170,609,-1,-1
00006319.jpg,924,320,1170,609,-1,-1
00006320.jpg,924,320,1170,609,-1,-1
00006321.jpg,924,320,1170,609,-1,-1
00006322.jpg,925,320,1171,609,-1,-1
00006323.jpg,925,321,1171,610,-1,-1
00006324.jpg,925,321,1171,610,-1,-1
00006325.jpg,925,321,1171,610,-1,-1
00006326.jpg,925,321,1171,610,-1,-1
00006327.jpg,925,321,1171,610,-1,-1
00006328.jpg,925,321,1171,610,-1,-1
00006329.jpg,925,321,1171,610,-1,-1
00006330.jpg,925,321,1171,610,-1,-1
00006331.jpg,925,321,1171,610,-1,-1
00006332.jpg,924,321,1170,610,-1,-1
00006333.jpg,924,321,1170,610,-1,-1
00006334.jpg,924,321,1170,610,-1,-1
00006335.jpg,924,321,1170,610,-1,-1
00006336.jpg,924,321,1170,610,-1,-1
00006337.jpg,924,321,1170,610,-1,-1
00006338.jpg,924,321,1170,610,-1,-1
00006339.jpg,924,321,1170,610,-1,-1
00006340.jpg,924,321,1170,610,-1,-1
00006341.jpg,924,321,1170,610,-1,-1
00006342.jpg,924,321,1170,610,-1,-1
00006343.jpg,924,321,1170,610,-1,-1
00006344.jpg,924,320,1170,609,-1,-1
00006345.jpg,924,320,1170,609,-1,-1
00006346.jpg,924,320,1170,609,-1,-1
00006347.jpg,924,320,1170,609,-1,-1
00006348.jpg,924,320,1170,609,-1,-1
00006349.jpg,924,320,1170,609,-1,-1
00006350.jpg,924,320,1170,609,-1,-1
00006351.jpg,923,320,1169,609,-1,-1
00006352.jpg,923,320,1169,609,-1,-1
00006353.jpg,923,320,1169,609,-1,-1
00006354.jpg,923,320,1169,609,-1,-1
