00009830.jpg,766,68,973,298,-1,-1
00009831.jpg,766,68,973,298,-1,-1
00009832.jpg,766,68,973,298,-1,-1
00009833.jpg,766,68,973,298,-1,-1
00009834.jpg,763,68,970,298,-1,-1
00009835.jpg,763,68,970,298,-1,-1
00009836.jpg,760,68,967,298,-1,-1
00009837.jpg,757,68,964,298,-1,-1
00009838.jpg,754,68,961,298,-1,-1
00009839.jpg,752,68,959,298,-1,-1
00009840.jpg,752,68,959,298,-1,-1
00009841.jpg,749,68,956,298,-1,-1
00009842.jpg,748,67,955,297,-1,-1
00009843.jpg,745,67,952,297,-1,-1
00009844.jpg,744,67,951,297,-1,-1
00009845.jpg,744,67,951,297,-1,-1
00009846.jpg,742,67,949,297,-1,-1
00009847.jpg,741,67,948,297,-1,-1
00009848.jpg,739,67,946,297,-1,-1
00009849.jpg,738,67,945,297,197,447
00009850.jpg,737,67,944,297,198,448
00009851.jpg,735,67,942,297,196,447
00009852.jpg,733,67,940,297,195,447
00009853.jpg,730,68,937,298,195,446
00009854.jpg,729,68,936,298,193,446
00009855.jpg,729,68,936,298,193,446
00009856.jpg,731,67,938,297,196,447
00009857.jpg,731,66,938,296,194,447
00009858.jpg,728,66,935,296,195,446
00009859.jpg,729,65,936,295,470,223
00009860.jpg,729,65,936,295,470,223
00009861.jpg,725,66,932,296,470,223
00009862.jpg,724,65,931,295,475,222
00009863.jpg,721,65,928,295,483,220
00009864.jpg,720,65,927,295,487,222
00009865.jpg,720,65,927,295,490,220
00009866.jpg,725,66,933,288,496,217
00009867.jpg,725,66,933,288,500,215
00009868.jpg,723,66,931,288,509,213
00009869.jpg,721,66,929,288,511,213
00009870.jpg,721,66,929,288,514,213
00009871.jpg,719,66,927,288,517,212
00009872.jpg,718,65,926,287,519,212
00009873.jpg,716,65,924,287,521,214
00009874.jpg,715,65,923,287,519,213
00009875.jpg,715,65,923,287,518,211
00009876.jpg,713,65,921,287,519,212
00009877.jpg,713,65,921,287,518,213
00009878.jpg,712,65,920,287,519,212
00009879.jpg,711,65,919,287,520,210
00009880.jpg,711,65,919,287,519,210
00009881.jpg,711,65,919,287,518,212
00009882.jpg,711,65,919,287,520,212
00009883.jpg,711,65,919,287,518,211
00009884.jpg,711,65,919,287,520,213
00009885.jpg,711,66,919,288,519,214
00009886.jpg,711,66,919,288,519,215
00009887.jpg,711,66,919,288,519,215
00009888.jpg,711,67,919,289,519,215
00009889.jpg,711,67,919,289,519,215
00009890.jpg,711,68,919,290,519,215
00009891.jpg,711,68,919,290,520,215
