00000004.jpg,618,117,702,210,-1,-1
00000005.jpg,618,117,702,210,-1,-1
00000006.jpg,618,117,702,210,490,239
00000007.jpg,618,117,702,210,490,239
00000008.jpg,618,117,702,210,490,239
00000009.jpg,618,117,702,210,490,239
00000010.jpg,618,117,702,210,490,239
00000011.jpg,618,117,702,210,490,239
00000012.jpg,618,117,702,210,490,239
00000013.jpg,618,117,702,210,490,239
00000014.jpg,618,117,702,210,490,239
00000015.jpg,618,117,702,210,490,240
00000016.jpg,618,117,702,210,490,240
00000017.jpg,618,117,702,210,490,240
00000018.jpg,618,117,702,210,490,240
00000019.jpg,618,117,702,210,490,240
00000020.jpg,618,117,702,210,490,240
00000021.jpg,618,117,702,210,490,240
00000022.jpg,618,117,702,210,490,240
00000023.jpg,618,117,702,210,490,240
00000024.jpg,618,117,702,210,490,240
00000025.jpg,618,117,702,210,490,240
00000026.jpg,618,117,702,210,490,240
00000027.jpg,618,117,702,210,490,240
00000028.jpg,618,117,702,210,490,240
00000029.jpg,618,117,702,210,490,240
00000030.jpg,618,117,702,210,490,240
00000031.jpg,618,117,702,210,490,240
00000032.jpg,618,117,702,210,490,239
00000033.jpg,618,117,702,210,489,239
00000034.jpg,618,118,702,211,490,241
00000035.jpg,618,118,702,211,490,240
00000036.jpg,618,117,702,210,491,240
00000037.jpg,618,118,702,211,490,239
00000038.jpg,618,118,702,211,490,239
00000039.jpg,617,118,701,211,490,239
00000040.jpg,617,118,701,211,490,239
00000041.jpg,617,118,701,211,491,238
00000042.jpg,614,118,698,211,489,237
00000043.jpg,613,118,697,211,490,238
00000044.jpg,613,118,697,211,489,239
00000045.jpg,613,118,697,211,488,239
00000046.jpg,612,119,696,212,488,239
00000047.jpg,614,118,700,217,488,239
00000048.jpg,614,118,700,217,490,239
00000049.jpg,614,118,700,217,489,239
00000050.jpg,614,118,700,217,487,238
00000051.jpg,614,118,700,217,487,241
00000052.jpg,614,118,700,217,486,241
00000053.jpg,614,118,700,217,486,241
00000054.jpg,614,118,700,217,482,243
00000055.jpg,614,118,700,217,479,245
00000056.jpg,614,118,700,217,479,245
00000057.jpg,614,118,700,217,470,242
00000058.jpg,614,118,700,217,470,239
00000059.jpg,614,118,700,217,470,237
00000060.jpg,614,118,700,217,469,236
00000061.jpg,615,118,701,217,469,236
00000062.jpg,615,118,701,217,468,234
00000063.jpg,616,118,702,217,468,237
00000064.jpg,619,118,705,217,490,265
00000065.jpg,619,118,705,217,490,265
00000066.jpg,617,117,706,217,285,277
00000067.jpg,617,117,706,217,249,241
00000068.jpg,617,117,706,217,379,211
00000069.jpg,617,117,706,217,383,210
00000070.jpg,617,117,706,217,380,206
00000071.jpg,618,116,707,216,380,202
00000072.jpg,618,116,707,216,379,202
00000073.jpg,618,116,707,216,379,199
00000074.jpg,618,116,707,216,377,197
00000075.jpg,618,116,707,216,379,199
00000076.jpg,618,116,707,216,245,234
00000077.jpg,618,116,707,216,245,235
00000078.jpg,618,116,707,216,246,235
00000079.jpg,618,116,707,216,247,236
00000080.jpg,618,116,707,216,246,236
00000081.jpg,618,116,707,216,245,236
00000082.jpg,618,116,707,216,364,181
00000083.jpg,618,116,707,216,364,179
00000084.jpg,617,116,706,216,361,176
00000085.jpg,617,116,706,216,361,177
00000086.jpg,617,116,706,216,361,177
00000087.jpg,617,116,706,216,360,175
00000088.jpg,616,116,705,216,358,173
00000089.jpg,616,116,705,216,355,171
00000090.jpg,616,116,705,216,355,171
00000091.jpg,615,116,704,216,352,167
00000092.jpg,615,116,704,216,350,166
00000093.jpg,614,116,703,216,347,164
00000094.jpg,614,116,703,216,344,163
00000095.jpg,614,116,703,216,344,162
00000096.jpg,614,117,703,217,339,159
00000097.jpg,613,117,702,217,340,159
00000098.jpg,613,117,702,217,338,158
00000099.jpg,614,117,703,217,241,207
00000100.jpg,614,117,703,217,242,207
00000101.jpg,615,117,704,217,269,267
00000102.jpg,615,117,704,217,269,266
00000103.jpg,613,117,702,217,268,265
00000104.jpg,612,117,701,217,444,224
00000105.jpg,612,117,701,217,443,223
00000106.jpg,613,117,702,217,442,222
00000107.jpg,615,117,704,217,442,222
00000108.jpg,616,117,705,217,443,222
00000109.jpg,616,117,705,217,443,222
00000110.jpg,616,117,705,217,443,222
00000111.jpg,616,117,705,217,443,222
00000112.jpg,616,117,705,217,443,222
00000113.jpg,616,117,705,217,443,222
00000114.jpg,617,117,706,217,443,222
00000115.jpg,622,115,708,214,442,222
00000116.jpg,622,115,708,214,442,222
00000117.jpg,622,115,708,214,442,222
00000118.jpg,623,114,709,213,442,222
00000119.jpg,623,114,709,213,442,222
00000120.jpg,623,114,709,213,442,222
00000121.jpg,623,114,709,213,442,222
00000122.jpg,623,114,709,213,442,222
00000123.jpg,624,113,710,212,442,222
00000124.jpg,624,113,710,212,442,222
00000125.jpg,623,113,709,212,442,222
00000126.jpg,623,113,709,212,442,222
00000127.jpg,623,113,709,212,442,222
00000128.jpg,623,112,709,211,440,221
00000129.jpg,623,110,709,209,440,221
00000130.jpg,623,110,709,209,441,220
00000131.jpg,623,110,709,209,441,220
00000132.jpg,625,110,712,205,268,233
00000133.jpg,625,110,712,205,206,169
00000134.jpg,625,110,712,205,344,146
00000135.jpg,625,110,712,205,344,146
00000136.jpg,623,111,709,210,344,145
00000137.jpg,623,111,709,210,345,146
00000138.jpg,623,111,709,210,345,146
00000139.jpg,623,111,709,210,345,146
00000140.jpg,623,111,709,210,345,146
00000141.jpg,623,111,709,210,343,146
00000142.jpg,623,111,709,210,341,147
00000143.jpg,623,111,709,210,340,147
00000144.jpg,623,111,709,210,338,146
00000145.jpg,624,111,710,210,337,146
00000146.jpg,624,111,710,210,338,147
00000147.jpg,623,111,709,210,337,147
00000148.jpg,623,111,709,210,337,147
00000149.jpg,623,111,709,210,337,147
00000150.jpg,623,111,709,210,337,147
00000151.jpg,623,111,709,210,336,147
00000152.jpg,623,111,709,210,191,149
00000153.jpg,623,111,709,210,191,149
00000154.jpg,623,111,709,210,191,149
00000155.jpg,623,111,709,210,193,147
00000156.jpg,623,111,709,210,192,150
00000157.jpg,623,111,709,210,192,149
00000158.jpg,623,111,709,210,192,149
00000159.jpg,623,111,709,210,192,149
00000160.jpg,623,111,709,210,192,149
00000161.jpg,623,111,709,210,192,150
00000162.jpg,624,111,710,210,190,151
00000163.jpg,624,111,710,210,188,150
00000164.jpg,624,111,710,210,184,149
00000165.jpg,624,111,710,210,183,148
00000166.jpg,624,111,710,210,180,147
00000167.jpg,624,111,710,210,176,146
00000168.jpg,624,111,710,210,175,146
00000169.jpg,623,111,709,210,171,145
00000170.jpg,623,111,709,210,170,143
00000171.jpg,624,111,710,210,168,143
00000172.jpg,624,111,710,210,169,145
00000173.jpg,624,111,710,210,167,144
00000174.jpg,624,111,710,210,163,139
00000175.jpg,624,111,710,210,163,138
00000176.jpg,624,111,710,210,271,186
00000177.jpg,624,111,710,210,-1,-1
00000178.jpg,624,111,710,210,-1,-1
00000179.jpg,624,111,710,210,-1,-1
00000180.jpg,624,111,710,210,-1,-1
00000181.jpg,624,111,710,210,-1,-1
00000182.jpg,624,111,710,210,-1,-1
00000183.jpg,632,109,720,209,-1,-1
00000184.jpg,632,109,720,209,-1,-1
00000185.jpg,632,109,720,209,-1,-1
00000186.jpg,633,109,721,209,-1,-1
00000187.jpg,633,109,721,209,-1,-1
00000188.jpg,633,109,721,209,-1,-1
00000189.jpg,633,109,721,209,-1,-1
00000190.jpg,633,109,721,209,-1,-1
00000191.jpg,633,110,721,210,-1,-1
00000192.jpg,633,110,721,210,-1,-1
00000193.jpg,633,110,721,210,-1,-1
00000194.jpg,633,110,721,210,-1,-1
00000195.jpg,633,110,721,210,-1,-1
00000196.jpg,633,110,721,210,-1,-1
00000197.jpg,633,110,721,210,-1,-1
00000198.jpg,633,110,721,210,-1,-1
00000199.jpg,633,110,721,210,-1,-1
00000200.jpg,633,110,721,210,-1,-1
00000201.jpg,634,110,722,210,-1,-1
00000202.jpg,634,110,722,210,-1,-1
00000203.jpg,634,110,722,210,-1,-1
00000204.jpg,634,110,722,210,-1,-1
00000205.jpg,633,110,721,210,-1,-1
00000206.jpg,633,110,721,210,-1,-1
00000207.jpg,633,110,721,210,-1,-1
00000208.jpg,633,110,721,210,-1,-1
00000209.jpg,633,110,721,210,-1,-1
00000210.jpg,633,110,721,210,-1,-1
00000211.jpg,633,110,721,210,-1,-1
00000212.jpg,632,110,720,210,-1,-1
00000213.jpg,632,110,720,210,-1,-1
00000214.jpg,632,110,720,210,-1,-1
00000215.jpg,632,110,720,210,-1,-1
00000216.jpg,632,110,720,210,-1,-1
00000217.jpg,632,111,720,211,-1,-1
00000218.jpg,632,111,720,211,-1,-1
00000219.jpg,632,111,720,211,-1,-1
00000220.jpg,632,111,720,211,-1,-1
00000221.jpg,632,111,720,211,-1,-1
00000222.jpg,632,111,720,211,-1,-1
00000223.jpg,631,111,719,211,-1,-1
00000224.jpg,631,111,719,211,-1,-1
00000225.jpg,631,111,719,211,-1,-1
00000226.jpg,631,111,719,211,-1,-1
00000227.jpg,630,110,718,210,-1,-1
00000228.jpg,629,109,717,209,-1,-1
00000229.jpg,629,109,717,209,-1,-1
00000230.jpg,629,109,717,209,-1,-1
00000231.jpg,629,109,717,209,-1,-1
00000232.jpg,629,109,717,209,-1,-1
00000233.jpg,629,109,717,209,-1,-1
00000234.jpg,629,109,717,209,-1,-1
00000235.jpg,629,109,717,209,-1,-1
00000236.jpg,629,109,717,209,-1,-1
00000237.jpg,630,110,718,210,-1,-1
00000238.jpg,630,110,718,210,-1,-1
00000239.jpg,629,109,717,209,-1,-1
00000240.jpg,629,109,717,209,-1,-1
00000241.jpg,629,109,717,209,-1,-1
00000242.jpg,630,110,718,210,-1,-1
00000243.jpg,630,110,718,210,-1,-1
00000244.jpg,630,110,718,210,-1,-1
00000245.jpg,630,110,718,210,-1,-1
00000246.jpg,630,110,718,210,-1,-1
00000247.jpg,630,110,718,210,-1,-1
00000248.jpg,630,110,718,210,-1,-1
00000249.jpg,630,110,718,210,-1,-1
00000250.jpg,630,110,718,210,-1,-1
00000251.jpg,630,110,718,210,-1,-1
00000252.jpg,630,110,718,210,-1,-1
00000253.jpg,630,110,718,210,-1,-1
00000254.jpg,630,110,718,210,-1,-1
00000255.jpg,630,110,718,210,-1,-1
00000256.jpg,630,109,718,209,-1,-1
00000257.jpg,630,109,718,209,-1,-1
00000258.jpg,630,109,718,209,-1,-1
00000259.jpg,630,109,718,209,-1,-1
00000260.jpg,630,109,718,209,-1,-1
00000261.jpg,630,109,718,209,-1,-1
00000262.jpg,630,109,718,209,-1,-1
00000263.jpg,630,109,718,209,-1,-1
00000264.jpg,630,109,718,209,-1,-1
00000265.jpg,630,109,718,209,-1,-1
00000266.jpg,630,109,718,209,-1,-1
00000267.jpg,630,110,718,210,-1,-1
00000268.jpg,630,110,718,210,-1,-1
00000269.jpg,630,110,718,210,-1,-1
00000270.jpg,630,110,718,210,-1,-1
