00000037.jpg,435,199,523,291,511,285
00000038.jpg,435,199,523,291,609,275
00000039.jpg,435,199,523,291,647,241
00000040.jpg,435,199,523,291,647,241
00000041.jpg,433,199,521,291,649,173
00000042.jpg,430,198,518,290,646,174
00000043.jpg,428,189,516,289,646,174
00000044.jpg,428,189,516,289,644,174
00000045.jpg,428,189,516,289,644,175
00000046.jpg,427,189,515,289,644,175
00000047.jpg,426,188,514,288,642,175
00000048.jpg,425,188,513,288,643,175
00000049.jpg,424,188,512,288,644,176
00000050.jpg,424,188,512,288,644,176
00000051.jpg,422,188,510,288,642,176
00000052.jpg,419,184,510,281,642,176
00000053.jpg,419,184,510,281,642,176
00000054.jpg,418,184,509,281,642,176
00000055.jpg,418,184,509,281,642,176
00000056.jpg,418,184,509,281,642,176
00000057.jpg,418,184,509,281,642,176
00000058.jpg,417,184,508,281,642,176
00000059.jpg,417,184,508,281,642,176
00000060.jpg,416,184,507,281,642,176
00000061.jpg,416,183,507,280,642,176
00000062.jpg,416,183,507,280,641,178
00000063.jpg,409,177,499,275,642,175
00000064.jpg,409,177,499,275,639,174
00000065.jpg,409,177,499,275,641,173
00000066.jpg,409,177,499,275,638,171
00000067.jpg,408,177,498,275,638,171
00000068.jpg,408,176,498,274,638,166
00000069.jpg,407,176,497,274,638,164
00000070.jpg,407,176,497,274,641,166
00000071.jpg,407,176,497,274,641,166
00000072.jpg,406,176,496,274,641,166
00000073.jpg,405,174,495,272,641,166
00000074.jpg,404,173,494,271,641,166
00000075.jpg,404,173,494,271,641,166
00000076.jpg,403,173,493,271,641,164
00000077.jpg,402,173,492,271,643,163
00000078.jpg,401,172,491,270,643,163
00000079.jpg,399,172,489,270,644,161
00000080.jpg,399,172,489,270,646,163
00000081.jpg,398,171,488,269,646,163
00000082.jpg,397,170,487,268,643,161
00000083.jpg,395,169,485,267,642,161
00000084.jpg,394,169,484,267,639,161
00000085.jpg,394,169,484,267,642,161
00000086.jpg,393,168,483,266,642,160
00000087.jpg,392,168,482,266,639,163
00000088.jpg,391,168,481,266,639,163
00000089.jpg,390,168,480,266,639,163
00000090.jpg,390,168,480,266,638,165
00000091.jpg,389,168,479,266,637,166
00000092.jpg,388,168,478,266,634,166
00000093.jpg,387,168,477,266,637,169
00000094.jpg,386,168,476,266,636,168
00000095.jpg,386,168,476,266,636,168
00000096.jpg,385,168,475,266,636,168
00000097.jpg,385,167,475,265,636,168
00000098.jpg,384,167,474,265,636,168
00000099.jpg,384,167,474,265,636,168
00000100.jpg,384,167,474,265,636,168
00000101.jpg,383,167,473,265,636,168
00000102.jpg,383,166,473,264,636,168
00000103.jpg,382,166,472,264,636,168
00000104.jpg,382,166,472,264,636,168
00000105.jpg,382,166,472,264,636,168
00000106.jpg,382,167,472,265,637,168
00000107.jpg,382,167,472,265,637,168
00000108.jpg,383,167,473,265,638,168
00000109.jpg,383,167,473,265,638,168
00000110.jpg,383,167,473,265,638,168
00000111.jpg,383,167,473,265,638,168
00000112.jpg,383,167,473,265,644,170
00000113.jpg,383,167,473,265,644,170
00000114.jpg,383,167,473,265,647,170
00000115.jpg,384,167,474,265,647,170
00000116.jpg,384,167,474,265,651,170
00000117.jpg,384,167,474,265,651,170
00000118.jpg,384,167,474,265,649,170
00000119.jpg,384,167,474,265,649,168
00000120.jpg,384,167,474,265,649,170
00000121.jpg,384,167,474,265,649,170
00000122.jpg,383,167,473,265,649,170
00000123.jpg,384,166,474,264,650,168
00000124.jpg,384,166,474,264,650,168
00000125.jpg,384,166,474,264,650,167
00000126.jpg,384,166,474,264,651,165
00000127.jpg,384,166,474,264,651,165
00000128.jpg,384,166,474,264,650,165
00000129.jpg,385,166,475,264,648,164
00000130.jpg,385,166,475,264,648,164
00000131.jpg,385,166,475,264,646,164
00000132.jpg,386,166,476,264,645,165
00000133.jpg,386,166,476,264,643,165
00000134.jpg,386,166,476,264,643,165
00000135.jpg,386,166,476,264,642,165
00000136.jpg,386,166,476,264,641,165
00000137.jpg,385,166,475,264,641,165
00000138.jpg,385,166,475,264,641,165
00000139.jpg,385,166,475,264,638,164
00000140.jpg,385,166,475,264,638,164
00000141.jpg,384,166,474,264,638,164
00000142.jpg,384,166,474,264,638,164
00000143.jpg,383,166,473,264,638,164
00000144.jpg,383,166,473,264,639,164
00000145.jpg,383,166,473,264,639,163
00000146.jpg,383,166,473,264,639,163
00000147.jpg,383,166,473,264,640,162
00000148.jpg,383,166,473,264,640,162
00000149.jpg,382,166,472,264,640,162
00000150.jpg,382,165,472,263,640,162
00000151.jpg,382,165,472,263,641,161
00000152.jpg,382,165,472,263,640,161
00000153.jpg,382,165,472,263,640,161
00000154.jpg,381,165,471,263,641,160
00000155.jpg,381,165,471,263,641,161
00000156.jpg,381,165,471,263,641,161
00000157.jpg,380,165,470,263,641,161
00000158.jpg,380,165,470,263,641,158
00000159.jpg,379,165,469,263,642,158
00000160.jpg,379,165,469,263,642,158
00000161.jpg,379,165,469,263,643,159
00000162.jpg,378,165,468,263,643,159
00000163.jpg,378,165,468,263,643,159
00000164.jpg,377,165,467,263,643,159
00000165.jpg,377,165,467,263,643,159
00000166.jpg,377,165,467,263,643,159
00000167.jpg,376,165,466,263,644,158
00000168.jpg,376,165,466,263,644,158
00000169.jpg,375,165,465,263,644,157
00000170.jpg,375,165,465,263,644,157
00000171.jpg,375,165,465,263,644,157
00000172.jpg,375,165,465,263,645,158
00000173.jpg,375,165,465,263,646,158
00000174.jpg,375,165,465,263,646,158
00000175.jpg,375,165,465,263,646,158
00000176.jpg,375,165,465,263,644,158
00000177.jpg,375,165,465,263,644,158
00000178.jpg,375,166,465,264,644,158
00000179.jpg,375,166,465,264,646,157
00000180.jpg,375,166,465,264,647,157
00000181.jpg,375,166,465,264,647,157
00000182.jpg,376,166,466,264,647,157
00000183.jpg,376,166,466,264,649,158
00000184.jpg,376,166,466,264,651,158
00000185.jpg,376,166,466,264,653,158
00000186.jpg,376,166,466,264,654,159
00000187.jpg,376,166,466,264,657,159
00000188.jpg,376,166,466,264,658,159
00000189.jpg,376,166,466,264,659,159
00000190.jpg,376,166,466,264,660,159
00000191.jpg,377,166,467,264,659,158
00000192.jpg,377,166,467,264,659,158
00000193.jpg,377,166,467,264,660,158
00000194.jpg,377,166,467,264,661,158
00000195.jpg,377,166,467,264,662,158
00000196.jpg,377,166,467,264,664,158
00000197.jpg,377,166,467,264,666,158
00000198.jpg,377,166,467,264,668,158
00000199.jpg,377,166,467,264,670,158
00000200.jpg,377,166,467,264,671,158
00000201.jpg,377,166,467,264,674,158
00000202.jpg,377,166,467,264,675,158
00000203.jpg,377,166,467,264,675,158
00000204.jpg,377,166,467,264,675,158
00000205.jpg,377,166,467,264,675,158
00000206.jpg,377,166,467,264,674,158
00000207.jpg,377,166,467,264,673,158
00000208.jpg,377,167,467,265,672,158
00000209.jpg,377,167,467,265,671,157
00000210.jpg,377,167,467,265,668,157
00000211.jpg,378,166,468,264,668,157
00000212.jpg,378,166,468,264,666,157
00000213.jpg,378,166,468,264,664,157
00000214.jpg,378,166,468,264,662,157
00000215.jpg,378,166,468,264,660,157
00000216.jpg,378,166,468,264,658,156
00000217.jpg,378,167,468,265,658,156
00000218.jpg,378,167,468,265,655,156
00000219.jpg,378,167,468,265,658,155
00000220.jpg,378,167,468,265,655,155
00000221.jpg,377,167,467,265,655,155
00000222.jpg,377,167,467,265,654,155
00000223.jpg,377,167,467,265,654,155
00000224.jpg,377,167,467,265,654,154
00000225.jpg,377,167,467,265,651,154
00000226.jpg,377,167,467,265,650,155
00000227.jpg,376,167,466,265,650,155
00000228.jpg,376,167,466,265,648,155
00000229.jpg,377,167,467,265,647,155
00000230.jpg,377,167,467,265,647,154
00000231.jpg,377,167,467,265,647,154
00000232.jpg,377,167,467,265,644,154
00000233.jpg,377,167,467,265,644,156
00000234.jpg,377,167,467,265,644,156
00000235.jpg,377,167,467,265,646,156
00000236.jpg,377,167,467,265,646,156
00000237.jpg,377,167,467,265,646,156
00000238.jpg,377,167,467,265,646,156
00000239.jpg,377,167,467,265,648,156
00000240.jpg,377,167,467,265,648,157
00000241.jpg,377,167,467,265,648,157
00000242.jpg,377,167,467,265,649,157
00000243.jpg,377,167,467,265,649,157
00000244.jpg,377,167,467,265,649,157
00000245.jpg,377,167,467,265,649,157
00000246.jpg,377,167,467,265,651,158
00000247.jpg,377,167,467,265,650,157
00000248.jpg,377,167,467,265,650,157
00000249.jpg,377,167,467,265,650,157
00000250.jpg,377,167,467,265,652,157
00000251.jpg,377,167,467,265,652,157
00000252.jpg,377,167,467,265,651,157
00000253.jpg,377,167,467,265,651,157
00000254.jpg,377,167,467,265,651,157
00000255.jpg,377,167,467,265,651,157
00000256.jpg,377,166,467,264,651,156
00000257.jpg,377,166,467,264,651,156
00000258.jpg,377,166,467,264,651,156
00000259.jpg,377,166,467,264,651,156
00000260.jpg,377,166,467,264,651,156
00000261.jpg,377,166,467,264,651,156
00000262.jpg,377,166,467,264,651,156
00000263.jpg,377,166,467,264,651,156
00000264.jpg,377,166,467,264,651,156
00000265.jpg,377,166,467,264,651,156
00000266.jpg,378,166,468,264,651,156
00000267.jpg,378,166,468,264,651,156
00000268.jpg,378,166,468,264,651,156
00000269.jpg,378,166,468,264,651,156
00000270.jpg,378,166,468,264,651,156
