00014655.jpg,456,88,613,251,21,531
00014656.jpg,457,89,614,251,31,535
00014657.jpg,457,89,614,250,31,536
00014658.jpg,460,91,616,249,47,535
00014659.jpg,460,91,616,249,65,528
00014660.jpg,460,91,616,249,76,520
00014661.jpg,484,63,648,258,93,505
00014662.jpg,484,63,648,258,93,505
00014663.jpg,492,61,656,256,102,496
00014664.jpg,499,59,663,254,125,486
00014665.jpg,505,56,669,251,138,468
00014666.jpg,509,51,673,246,57,661
00014667.jpg,509,51,673,246,57,661
00014668.jpg,514,49,678,244,-1,-1
00014669.jpg,518,50,682,245,-1,-1
00014670.jpg,523,51,687,246,-1,-1
00014671.jpg,528,52,692,247,950,683
00014672.jpg,528,52,692,247,956,689
00014673.jpg,533,54,697,249,955,693
00014674.jpg,540,56,704,251,957,694
00014675.jpg,548,56,712,251,961,695
00014676.jpg,556,55,720,250,962,696
00014677.jpg,556,55,720,250,967,698
00014678.jpg,564,55,728,250,973,698
00014679.jpg,570,54,734,249,977,698
00014680.jpg,588,79,748,252,977,699
00014681.jpg,588,79,748,252,970,694
00014682.jpg,588,79,748,252,967,693
00014683.jpg,595,78,755,251,966,691
00014684.jpg,601,77,761,250,966,686
00014685.jpg,607,76,767,249,970,683
00014686.jpg,608,67,768,240,971,679
00014687.jpg,608,67,768,240,972,673
00014688.jpg,613,64,773,237,976,671
00014689.jpg,627,52,794,254,977,664
00014690.jpg,627,52,794,254,975,660
00014691.jpg,633,56,800,258,977,655
00014692.jpg,633,56,800,258,976,656
00014693.jpg,641,61,808,263,977,654
00014694.jpg,650,64,817,266,978,656
00014695.jpg,661,63,828,265,975,653
00014696.jpg,676,64,843,266,976,650
00014697.jpg,676,64,843,266,978,655
00014698.jpg,690,68,857,270,978,654
00014699.jpg,715,64,894,295,981,655
00014700.jpg,719,61,935,296,982,654
00014701.jpg,719,61,935,296,985,655
00014702.jpg,741,67,949,282,985,658
00014703.jpg,741,67,949,282,986,660
00014704.jpg,758,71,966,286,990,660
00014705.jpg,777,72,985,287,1000,661
00014706.jpg,798,73,1006,288,1023,665
00014707.jpg,798,73,1006,288,1038,666
00014708.jpg,819,69,1051,305,1055,669
00014709.jpg,819,69,1051,305,1073,673
00014710.jpg,873,70,1103,322,-1,-1
00014711.jpg,873,70,1103,322,-1,-1
00014712.jpg,873,70,1103,322,-1,-1
00014713.jpg,883,66,1113,318,-1,-1
00014714.jpg,891,61,1121,313,-1,-1
00014715.jpg,895,59,1125,311,-1,-1
00014716.jpg,895,58,1125,310,-1,-1
00014717.jpg,895,58,1125,310,-1,-1
00014718.jpg,894,59,1124,311,1131,706
00014719.jpg,894,58,1124,310,1135,683
00014720.jpg,895,62,1125,314,1135,640
00014721.jpg,894,71,1124,323,1131,601
00014722.jpg,894,71,1124,323,1132,601
00014723.jpg,892,78,1122,330,1113,566
00014724.jpg,889,84,1119,336,1100,549
00014725.jpg,886,88,1116,340,1088,565
00014726.jpg,884,89,1114,341,1087,588
00014727.jpg,884,89,1114,341,1088,600
00014728.jpg,879,84,1109,336,1083,603
00014729.jpg,876,79,1106,331,1082,604
00014730.jpg,872,81,1114,322,1082,604
00014731.jpg,872,68,1102,320,1077,598
00014732.jpg,872,68,1102,320,1078,598
00014733.jpg,869,68,1099,320,1077,593
00014734.jpg,863,66,1093,318,1075,593
00014735.jpg,856,64,1086,316,1077,588
00014736.jpg,849,62,1079,314,1077,579
00014737.jpg,849,62,1079,314,1075,575
00014738.jpg,844,58,1074,310,1075,564
00014739.jpg,841,54,1071,306,1078,554
00014740.jpg,841,50,1071,302,-1,-1
00014741.jpg,843,47,1073,299,-1,-1
00014742.jpg,843,47,1073,299,-1,-1
00014743.jpg,847,44,1077,296,-1,-1
00014744.jpg,851,43,1081,295,-1,-1
00014745.jpg,853,40,1083,292,-1,-1
00014746.jpg,853,39,1083,291,-1,-1
00014747.jpg,853,39,1083,291,-1,-1
00014748.jpg,851,40,1081,292,-1,-1
00014749.jpg,847,40,1077,292,-1,-1
00014750.jpg,844,41,1074,293,-1,-1
00014751.jpg,840,40,1070,292,-1,-1
00014752.jpg,840,40,1070,292,-1,-1
00014753.jpg,836,39,1066,291,-1,-1
00014754.jpg,833,39,1063,291,-1,-1
00014755.jpg,829,38,1059,290,-1,-1
00014756.jpg,824,35,1054,287,-1,-1
00014757.jpg,824,35,1054,287,-1,-1
00014758.jpg,821,32,1051,284,-1,-1
00014759.jpg,819,29,1049,281,-1,-1
00014760.jpg,818,26,1048,278,-1,-1
00014761.jpg,815,21,1045,273,-1,-1
00014762.jpg,815,21,1045,273,-1,-1
00014763.jpg,813,16,1043,268,-1,-1
00014764.jpg,812,12,1042,264,1086,684
00014765.jpg,807,6,1037,258,1083,639
00014766.jpg,804,0,1034,252,1072,580
00014767.jpg,804,0,1034,252,1072,580
00014768.jpg,807,2,1037,254,-1,-1
00014769.jpg,806,5,1036,257,-1,-1
00014770.jpg,798,4,1028,256,-1,-1
00014771.jpg,778,3,1001,222,-1,-1
00014772.jpg,778,3,1001,222,-1,-1
00014773.jpg,764,3,987,222,-1,-1
00014774.jpg,748,5,971,224,-1,-1
00014775.jpg,745,10,968,229,-1,-1
00014776.jpg,745,10,968,229,-1,-1
