00014655.jpg,618,21,784,183,33,553
00014656.jpg,617,21,783,181,37,551
00014657.jpg,617,21,783,181,45,546
00014658.jpg,617,21,783,181,56,536
00014659.jpg,616,16,782,176,68,524
00014660.jpg,614,12,780,172,85,511
00014661.jpg,613,8,779,168,106,500
00014662.jpg,614,7,781,166,106,500
00014663.jpg,613,6,779,166,123,491
00014664.jpg,612,6,778,167,140,486
00014665.jpg,608,3,774,163,151,485
00014666.jpg,604,0,770,160,161,476
00014667.jpg,602,2,772,165,163,473
00014668.jpg,596,0,762,160,173,468
00014669.jpg,600,10,748,148,190,460
00014670.jpg,600,10,748,148,215,441
00014671.jpg,597,14,745,152,226,440
00014672.jpg,597,14,745,152,230,439
00014673.jpg,591,20,739,158,240,434
00014674.jpg,590,27,716,158,258,426
00014675.jpg,590,27,716,158,275,421
00014676.jpg,582,30,715,151,288,416
00014677.jpg,582,30,715,151,310,413
00014678.jpg,591,31,724,152,645,155
00014679.jpg,581,28,707,155,653,164
00014680.jpg,581,28,707,155,661,164
00014681.jpg,589,29,715,156,673,164
00014682.jpg,576,32,704,164,677,161
00014683.jpg,576,32,704,164,686,163
00014684.jpg,582,31,710,163,696,164
00014685.jpg,574,38,701,158,695,158
00014686.jpg,574,38,701,158,700,156
00014687.jpg,569,33,724,174,706,153
00014688.jpg,569,33,724,174,715,149
00014689.jpg,567,17,703,146,722,148
00014690.jpg,567,17,703,146,722,149
00014691.jpg,567,21,703,150,725,158
00014692.jpg,567,21,703,150,725,158
00014693.jpg,568,25,690,159,730,161
00014694.jpg,568,25,690,159,740,164
00014695.jpg,572,26,694,160,743,175
00014696.jpg,576,26,698,160,763,184
00014697.jpg,576,26,698,160,763,184
00014698.jpg,588,36,713,173,778,188
00014699.jpg,588,36,713,173,788,190
00014700.jpg,590,36,715,173,806,193
00014701.jpg,591,36,716,173,825,198
00014702.jpg,591,36,716,173,833,198
00014703.jpg,591,37,716,174,855,204
00014704.jpg,590,37,715,174,872,209
00014705.jpg,589,36,714,173,896,201
00014706.jpg,591,35,716,172,918,191
00014707.jpg,591,35,716,172,918,191
00014708.jpg,596,41,739,181,932,188
00014709.jpg,596,41,739,181,960,181
00014710.jpg,597,43,740,183,981,178
00014711.jpg,595,45,738,185,998,175
00014712.jpg,595,45,738,185,1001,175
00014713.jpg,589,45,732,185,1012,171
00014714.jpg,581,45,724,185,1021,164
00014715.jpg,573,47,716,187,1021,164
00014716.jpg,565,49,708,189,1023,164
00014717.jpg,565,49,708,189,1023,164
00014718.jpg,557,51,700,191,1023,164
00014719.jpg,551,53,694,193,1023,164
00014720.jpg,548,59,691,199,1023,164
00014721.jpg,547,70,690,210,1023,169
00014722.jpg,547,70,690,210,1026,170
00014723.jpg,547,81,690,221,1026,174
00014724.jpg,546,90,689,230,1026,179
00014725.jpg,544,96,687,236,-1,-1
00014726.jpg,543,98,686,238,753,613
00014727.jpg,543,98,686,238,753,613
00014728.jpg,542,97,685,237,466,695
00014729.jpg,540,95,683,235,466,694
00014730.jpg,535,93,678,233,467,693
00014731.jpg,529,91,672,231,470,693
00014732.jpg,525,74,685,235,466,693
00014733.jpg,518,71,678,232,472,694
00014734.jpg,511,71,671,232,467,694
00014735.jpg,503,72,663,233,466,694
00014736.jpg,496,73,656,234,466,695
00014737.jpg,496,73,656,234,470,690
00014738.jpg,490,74,650,235,470,694
00014739.jpg,484,74,644,235,462,698
00014740.jpg,478,73,638,234,465,698
00014741.jpg,473,73,633,234,463,698
00014742.jpg,473,73,633,234,487,549
00014743.jpg,469,72,629,233,422,445
00014744.jpg,466,72,626,233,426,444
00014745.jpg,463,72,623,233,425,443
00014746.jpg,459,73,619,234,423,444
00014747.jpg,459,73,619,234,422,444
00014748.jpg,453,74,613,235,417,444
00014749.jpg,449,76,609,237,411,446
00014750.jpg,445,76,605,237,410,449
00014751.jpg,442,74,602,235,407,448
00014752.jpg,442,74,602,235,406,446
00014753.jpg,441,71,601,232,402,446
00014754.jpg,441,70,601,231,398,445
00014755.jpg,441,69,601,230,397,445
00014756.jpg,441,67,601,228,395,446
00014757.jpg,441,67,601,228,392,446
00014758.jpg,442,65,602,226,397,440
00014759.jpg,444,63,604,224,396,436
00014760.jpg,447,60,607,221,396,435
00014761.jpg,451,57,611,218,396,434
00014762.jpg,451,57,611,218,395,434
00014763.jpg,455,54,615,215,396,430
00014764.jpg,459,51,619,212,398,424
00014765.jpg,462,50,622,211,398,426
00014766.jpg,464,49,624,210,398,426
00014767.jpg,464,49,624,210,401,428
00014768.jpg,466,49,626,210,402,428
00014769.jpg,468,48,628,209,402,428
00014770.jpg,469,48,629,209,402,428
00014771.jpg,470,49,630,210,402,428
00014772.jpg,470,49,630,210,402,428
00014773.jpg,470,51,630,212,397,425
00014774.jpg,469,54,629,215,488,583
00014775.jpg,468,58,628,219,-1,-1
00014776.jpg,468,58,628,219,810,139
