00010489.jpg,0,72,282,504,-1,-1
00010490.jpg,0,72,282,504,-1,-1
00010491.jpg,0,72,282,504,-1,-1
00010492.jpg,0,72,282,504,-1,-1
00010493.jpg,0,72,282,504,-1,-1
00010494.jpg,0,72,282,504,-1,-1
00010495.jpg,0,72,282,504,-1,-1
00010496.jpg,0,72,282,504,-1,-1
00010497.jpg,0,72,282,504,-1,-1
00010498.jpg,0,72,282,504,-1,-1
00010499.jpg,0,72,282,504,-1,-1
00010500.jpg,0,72,282,504,-1,-1
00010501.jpg,0,72,282,504,-1,-1
00010502.jpg,0,72,282,504,-1,-1
00010503.jpg,0,72,282,504,-1,-1
00010504.jpg,0,72,282,504,-1,-1
00010505.jpg,0,72,282,504,63,1003
00010506.jpg,0,72,282,504,63,1003
00010507.jpg,0,73,282,505,63,1003
00010508.jpg,0,73,282,505,63,1003
00010509.jpg,0,73,282,505,63,1003
00010510.jpg,0,73,282,505,63,1003
00010511.jpg,0,73,282,505,63,1003
00010512.jpg,0,73,282,505,63,1003
00010513.jpg,0,73,282,505,63,1003
00010514.jpg,0,73,282,505,63,1003
00010515.jpg,0,73,282,505,63,1003
00010516.jpg,0,73,282,505,63,1003
00010517.jpg,0,73,282,505,63,1003
00010518.jpg,0,72,282,504,63,1003
00010519.jpg,0,72,282,504,63,1003
00010520.jpg,0,72,282,504,72,998
00010521.jpg,0,72,282,504,72,998
00010522.jpg,0,73,282,505,72,998
00010523.jpg,0,73,282,505,72,998
00010524.jpg,0,73,283,505,72,998
00010525.jpg,0,73,283,505,72,998
00010526.jpg,0,73,283,505,72,998
00010527.jpg,0,73,283,505,72,998
00010528.jpg,0,73,283,505,72,998
00010529.jpg,0,73,283,505,72,998
00010530.jpg,0,73,283,505,72,998
00010531.jpg,0,73,283,505,72,998
00010532.jpg,0,73,283,505,72,998
00010533.jpg,0,73,283,505,72,998
00010534.jpg,0,73,283,505,72,998
00010535.jpg,0,73,283,505,72,998
00010536.jpg,0,73,283,505,72,998
00010537.jpg,0,73,283,505,72,998
00010538.jpg,0,73,283,505,72,998
00010539.jpg,0,73,283,505,72,998
00010540.jpg,0,73,283,505,72,998
00010541.jpg,0,73,283,505,72,998
00010542.jpg,0,73,283,505,72,998
00010543.jpg,0,73,283,505,72,998
00010544.jpg,0,73,283,505,72,998
00010545.jpg,0,74,283,506,72,998
00010546.jpg,0,74,283,506,72,998
00010547.jpg,0,74,283,506,72,998
00010548.jpg,0,74,283,506,72,998
00010549.jpg,0,74,283,506,72,998
00010550.jpg,0,74,283,506,72,998
00010551.jpg,0,74,283,506,72,998
00010552.jpg,0,74,283,506,72,998
00010553.jpg,0,74,283,506,72,998
00010554.jpg,0,74,283,506,72,998
00010555.jpg,0,74,283,506,72,998
00010556.jpg,0,74,283,506,72,998
00010557.jpg,0,74,283,506,72,998
00010558.jpg,0,74,283,506,72,998
00010559.jpg,0,74,283,506,72,998
00010560.jpg,0,74,283,506,72,998
00010561.jpg,0,74,283,506,72,998
00010562.jpg,0,74,283,506,72,998
00010563.jpg,0,74,283,506,72,998
00010564.jpg,0,74,283,506,72,998
00010565.jpg,0,75,283,507,72,998
00010566.jpg,0,75,283,507,72,998
00010567.jpg,0,75,283,507,72,998
00010568.jpg,0,75,283,507,72,998
00010569.jpg,0,75,283,507,72,998
00010570.jpg,0,75,282,507,72,998
00010571.jpg,0,75,282,507,72,998
00010572.jpg,0,75,282,507,72,998
00010573.jpg,0,75,282,507,72,998
00010574.jpg,0,75,282,507,72,998
00010575.jpg,0,75,282,507,72,998
00010576.jpg,0,75,282,507,72,998
00010577.jpg,0,75,282,507,72,998
00010578.jpg,0,75,282,507,72,998
00010579.jpg,0,75,282,507,72,998
00010580.jpg,0,75,282,507,72,998
00010581.jpg,0,75,282,507,72,998
00010582.jpg,0,75,282,507,72,998
00010583.jpg,0,75,282,507,72,998
00010584.jpg,0,76,282,508,72,998
00010585.jpg,0,76,282,508,72,998
00010586.jpg,0,76,282,508,72,998
00010587.jpg,0,76,282,508,72,998
00010588.jpg,0,76,283,508,72,998
00010589.jpg,0,76,283,508,72,998
00010590.jpg,0,76,283,508,72,998
00010591.jpg,0,76,283,508,72,998
00010592.jpg,0,76,283,508,72,998
00010593.jpg,0,76,283,508,72,998
00010594.jpg,0,76,283,508,72,998
00010595.jpg,0,76,283,508,72,998
00010596.jpg,0,76,283,508,72,998
00010597.jpg,0,76,283,508,72,998
00010598.jpg,0,76,283,508,72,998
00010599.jpg,0,76,283,508,72,998
00010600.jpg,0,76,283,508,72,998
00010601.jpg,0,76,283,508,72,998
00010602.jpg,0,76,283,508,72,998
00010603.jpg,0,76,283,508,72,998
00010604.jpg,0,75,283,507,72,998
00010605.jpg,0,75,283,507,72,998
00010606.jpg,0,76,283,508,72,998
00010607.jpg,0,76,283,508,72,998
00010608.jpg,0,76,283,508,72,998
00010609.jpg,0,76,283,508,72,998
00010610.jpg,0,76,283,508,72,998
