00010489.jpg,927,70,1268,431,-1,-1
00010490.jpg,927,70,1268,431,-1,-1
00010491.jpg,927,70,1268,431,-1,-1
00010492.jpg,927,70,1268,431,-1,-1
00010493.jpg,923,75,1264,436,-1,-1
00010494.jpg,918,80,1259,441,-1,-1
00010495.jpg,914,83,1255,444,-1,-1
00010496.jpg,911,84,1252,445,-1,-1
00010497.jpg,906,85,1247,446,-1,-1
00010498.jpg,903,85,1244,446,-1,-1
00010499.jpg,899,87,1240,448,-1,-1
00010500.jpg,894,91,1235,452,-1,-1
00010501.jpg,889,95,1230,456,-1,-1
00010502.jpg,885,97,1226,458,-1,-1
00010503.jpg,881,99,1222,460,-1,-1
00010504.jpg,879,100,1220,461,-1,-1
00010505.jpg,877,100,1218,461,-1,-1
00010506.jpg,875,101,1216,462,-1,-1
00010507.jpg,873,102,1214,463,-1,-1
00010508.jpg,872,102,1213,463,-1,-1
00010509.jpg,872,102,1213,463,-1,-1
00010510.jpg,873,100,1214,461,-1,-1
00010511.jpg,875,97,1216,458,-1,-1
00010512.jpg,876,95,1217,456,-1,-1
00010513.jpg,879,92,1220,453,-1,-1
00010514.jpg,884,88,1231,461,-1,-1
00010515.jpg,890,88,1237,461,-1,-1
00010516.jpg,885,86,1244,459,-1,-1
00010517.jpg,880,84,1257,457,-1,-1
00010518.jpg,880,84,1257,457,-1,-1
00010519.jpg,883,83,1260,456,-1,-1
00010520.jpg,883,81,1260,454,-1,-1
00010521.jpg,882,80,1259,453,-1,-1
00010522.jpg,879,79,1256,452,-1,-1
00010523.jpg,877,78,1254,451,-1,-1
00010524.jpg,875,79,1252,452,-1,-1
00010525.jpg,873,81,1250,454,-1,-1
00010526.jpg,874,82,1251,455,-1,-1
00010527.jpg,875,84,1252,457,-1,-1
00010528.jpg,875,86,1252,459,-1,-1
00010529.jpg,875,86,1252,459,-1,-1
00010530.jpg,873,86,1250,459,-1,-1
00010531.jpg,872,84,1249,457,-1,-1
00010532.jpg,871,84,1248,457,-1,-1
00010533.jpg,871,85,1248,458,-1,-1
00010534.jpg,871,85,1248,458,-1,-1
00010535.jpg,873,85,1250,458,-1,-1
00010536.jpg,875,86,1252,459,-1,-1
00010537.jpg,876,86,1253,459,-1,-1
00010538.jpg,876,87,1253,460,-1,-1
00010539.jpg,876,88,1253,461,-1,-1
00010540.jpg,876,90,1253,463,-1,-1
00010541.jpg,876,91,1253,464,-1,-1
00010542.jpg,877,91,1254,464,-1,-1
00010543.jpg,878,90,1255,463,-1,-1
00010544.jpg,879,87,1256,460,-1,-1
00010545.jpg,888,79,1253,444,-1,-1
00010546.jpg,888,79,1253,444,-1,-1
00010547.jpg,890,76,1255,441,-1,-1
00010548.jpg,892,73,1257,438,-1,-1
00010549.jpg,892,71,1257,436,-1,-1
00010550.jpg,892,70,1257,435,-1,-1
00010551.jpg,891,69,1256,434,-1,-1
00010552.jpg,889,70,1254,435,-1,-1
00010553.jpg,887,71,1252,436,-1,-1
00010554.jpg,886,73,1251,438,-1,-1
00010555.jpg,883,75,1248,440,-1,-1
00010556.jpg,879,77,1244,442,-1,-1
00010557.jpg,873,79,1238,444,-1,-1
00010558.jpg,867,82,1232,447,-1,-1
00010559.jpg,860,86,1225,451,-1,-1
00010560.jpg,851,90,1216,455,-1,-1
00010561.jpg,842,94,1207,459,-1,-1
00010562.jpg,834,99,1199,464,-1,-1
00010563.jpg,827,102,1192,467,-1,-1
00010564.jpg,823,105,1188,470,-1,-1
00010565.jpg,820,106,1185,471,-1,-1
00010566.jpg,818,106,1183,471,-1,-1
00010567.jpg,817,105,1182,470,-1,-1
00010568.jpg,817,103,1182,468,-1,-1
00010569.jpg,818,102,1183,467,-1,-1
00010570.jpg,820,102,1185,467,-1,-1
00010571.jpg,821,102,1186,467,-1,-1
00010572.jpg,822,103,1187,468,-1,-1
00010573.jpg,823,105,1188,470,-1,-1
00010574.jpg,824,107,1189,472,-1,-1
00010575.jpg,826,108,1191,473,-1,-1
00010576.jpg,828,109,1193,474,-1,-1
00010577.jpg,829,108,1194,473,-1,-1
00010578.jpg,828,108,1193,473,-1,-1
00010579.jpg,827,107,1192,472,-1,-1
00010580.jpg,826,105,1191,470,-1,-1
00010581.jpg,825,103,1190,468,-1,-1
00010582.jpg,823,101,1188,466,-1,-1
00010583.jpg,821,99,1186,464,-1,-1
00010584.jpg,818,98,1183,463,-1,-1
00010585.jpg,813,96,1178,461,-1,-1
00010586.jpg,809,95,1174,460,-1,-1
00010587.jpg,805,94,1170,459,-1,-1
00010588.jpg,802,93,1167,458,-1,-1
00010589.jpg,800,92,1165,457,-1,-1
00010590.jpg,796,91,1161,456,-1,-1
00010591.jpg,792,89,1157,454,-1,-1
00010592.jpg,787,88,1152,453,-1,-1
00010593.jpg,782,87,1147,452,-1,-1
00010594.jpg,779,88,1144,453,-1,-1
00010595.jpg,778,87,1148,449,-1,-1
00010596.jpg,778,87,1148,449,-1,-1
00010597.jpg,777,87,1147,449,-1,-1
00010598.jpg,778,87,1148,449,-1,-1
00010599.jpg,779,88,1149,450,-1,-1
00010600.jpg,780,89,1150,451,-1,-1
00010601.jpg,782,91,1152,453,-1,-1
00010602.jpg,784,94,1154,456,-1,-1
00010603.jpg,787,98,1157,460,-1,-1
00010604.jpg,791,103,1161,465,-1,-1
00010605.jpg,794,108,1164,470,-1,-1
00010606.jpg,798,113,1168,475,-1,-1
00010607.jpg,802,118,1172,480,-1,-1
00010608.jpg,805,123,1175,485,-1,-1
00010609.jpg,809,126,1179,488,-1,-1
00010610.jpg,809,126,1179,488,-1,-1
