00010489.jpg,715,0,976,218,997,175
00010490.jpg,715,0,976,218,-1,-1
00010491.jpg,715,0,976,218,-1,-1
00010492.jpg,715,0,976,218,-1,-1
00010493.jpg,715,0,976,218,-1,-1
00010494.jpg,715,0,976,218,-1,-1
00010495.jpg,715,0,976,218,-1,-1
00010496.jpg,715,0,976,218,-1,-1
00010497.jpg,715,0,976,218,-1,-1
00010498.jpg,715,0,976,218,-1,-1
00010499.jpg,715,0,976,218,-1,-1
00010500.jpg,715,0,976,218,-1,-1
00010501.jpg,715,0,976,218,-1,-1
00010502.jpg,715,0,976,218,-1,-1
00010503.jpg,715,0,976,218,-1,-1
00010504.jpg,715,0,976,218,-1,-1
00010505.jpg,715,0,976,218,-1,-1
00010506.jpg,715,0,976,218,-1,-1
00010507.jpg,715,0,976,218,-1,-1
00010508.jpg,715,0,976,218,-1,-1
00010509.jpg,715,0,976,218,-1,-1
00010510.jpg,715,0,976,218,-1,-1
00010511.jpg,715,0,976,218,-1,-1
00010512.jpg,715,0,976,218,-1,-1
00010513.jpg,715,0,976,218,-1,-1
00010514.jpg,715,0,976,218,-1,-1
00010515.jpg,715,0,976,218,-1,-1
00010516.jpg,715,0,976,218,-1,-1
00010517.jpg,715,0,976,218,-1,-1
00010518.jpg,715,0,976,218,-1,-1
00010519.jpg,715,0,976,218,-1,-1
00010520.jpg,715,0,976,218,-1,-1
00010521.jpg,715,0,976,218,-1,-1
00010522.jpg,715,0,976,218,-1,-1
00010523.jpg,715,0,976,218,-1,-1
00010524.jpg,715,0,976,218,-1,-1
00010525.jpg,715,0,976,218,-1,-1
00010526.jpg,715,0,976,218,-1,-1
00010527.jpg,715,0,976,218,-1,-1
00010528.jpg,715,0,976,218,-1,-1
00010529.jpg,715,0,976,218,-1,-1
00010530.jpg,715,0,976,218,-1,-1
00010531.jpg,715,0,976,218,-1,-1
00010532.jpg,715,0,976,218,-1,-1
00010533.jpg,715,0,976,218,-1,-1
00010534.jpg,715,0,976,218,-1,-1
00010535.jpg,715,0,976,218,-1,-1
00010536.jpg,715,0,976,218,-1,-1
00010537.jpg,715,0,976,218,-1,-1
00010538.jpg,715,0,976,218,-1,-1
00010539.jpg,715,0,976,218,-1,-1
00010540.jpg,715,0,976,218,-1,-1
00010541.jpg,715,0,976,218,-1,-1
00010542.jpg,715,0,976,218,950,140
00010543.jpg,715,0,976,218,954,137
00010544.jpg,715,0,976,218,960,132
00010545.jpg,715,0,976,218,965,132
00010546.jpg,715,0,976,218,970,129
00010547.jpg,715,0,976,218,977,128
00010548.jpg,715,0,976,218,972,122
00010549.jpg,715,0,976,218,977,120
00010550.jpg,715,0,976,218,974,117
00010551.jpg,715,0,976,218,974,117
00010552.jpg,715,0,976,218,974,117
00010553.jpg,715,0,976,218,972,117
00010554.jpg,715,0,976,218,969,117
00010555.jpg,715,0,976,218,969,117
00010556.jpg,715,0,976,218,966,117
00010557.jpg,715,0,976,218,966,117
00010558.jpg,715,0,976,218,954,120
00010559.jpg,715,0,976,218,948,124
00010560.jpg,715,0,976,218,938,125
00010561.jpg,715,0,976,218,933,132
00010562.jpg,715,0,976,218,918,144
00010563.jpg,715,0,976,218,909,148
00010564.jpg,715,0,976,218,893,153
00010565.jpg,715,0,976,218,892,157
00010566.jpg,715,0,976,218,885,157
00010567.jpg,715,0,976,218,885,157
00010568.jpg,715,0,976,218,885,157
00010569.jpg,715,0,976,218,885,158
00010570.jpg,715,0,976,218,892,156
00010571.jpg,715,0,976,218,892,153
00010572.jpg,715,0,976,218,892,152
00010573.jpg,715,0,976,218,898,152
00010574.jpg,715,0,976,218,901,152
00010575.jpg,715,0,976,218,906,152
00010576.jpg,715,0,976,218,913,152
00010577.jpg,715,0,976,218,918,150
00010578.jpg,715,0,976,218,916,150
00010579.jpg,715,0,976,218,916,150
00010580.jpg,715,0,976,218,916,150
00010581.jpg,715,0,976,218,913,145
00010582.jpg,715,0,976,218,913,145
00010583.jpg,715,0,976,218,908,144
00010584.jpg,715,0,976,218,902,142
00010585.jpg,715,0,976,218,902,142
00010586.jpg,715,0,976,218,-1,-1
00010587.jpg,715,0,976,218,-1,-1
00010588.jpg,715,0,976,218,-1,-1
00010589.jpg,715,0,976,218,-1,-1
00010590.jpg,715,0,976,218,-1,-1
00010591.jpg,715,0,976,218,-1,-1
00010592.jpg,715,0,976,218,-1,-1
00010593.jpg,715,0,976,218,-1,-1
00010594.jpg,715,0,976,218,-1,-1
00010595.jpg,715,0,976,218,-1,-1
00010596.jpg,715,0,976,218,-1,-1
00010597.jpg,715,0,976,218,-1,-1
00010598.jpg,715,0,976,218,-1,-1
00010599.jpg,715,0,976,218,-1,-1
00010600.jpg,715,0,976,218,-1,-1
00010601.jpg,715,0,976,218,-1,-1
00010602.jpg,715,0,976,218,-1,-1
00010603.jpg,715,0,976,218,-1,-1
00010604.jpg,715,0,976,218,-1,-1
00010605.jpg,715,0,976,218,-1,-1
00010606.jpg,715,0,976,218,-1,-1
00010607.jpg,715,0,976,218,-1,-1
00010608.jpg,715,0,976,218,-1,-1
00010609.jpg,715,0,976,218,-1,-1
00010610.jpg,715,0,976,218,-1,-1
