00010489.jpg,1411,0,1707,273,1225,181
00010490.jpg,1411,0,1707,273,1226,184
00010491.jpg,1411,0,1707,273,1228,190
00010492.jpg,1411,0,1707,273,1225,196
00010493.jpg,1411,0,1707,273,1222,198
00010494.jpg,1411,0,1707,273,1217,198
00010495.jpg,1411,0,1707,273,1213,201
00010496.jpg,1411,0,1707,273,1206,202
00010497.jpg,1411,0,1707,273,1201,201
00010498.jpg,1411,0,1707,273,1200,198
00010499.jpg,1411,0,1707,273,1190,197
00010500.jpg,1410,0,1706,273,1186,197
00010501.jpg,1410,0,1706,273,1181,196
00010502.jpg,1410,0,1706,273,1182,200
00010503.jpg,1410,0,1706,273,1173,202
00010504.jpg,1410,0,1706,274,1169,204
00010505.jpg,1410,0,1706,274,1164,208
00010506.jpg,1410,0,1706,274,1165,205
00010507.jpg,1410,0,1706,274,1156,200
00010508.jpg,1410,0,1706,274,1154,200
00010509.jpg,1410,0,1706,274,1158,200
00010510.jpg,1410,0,1706,274,1157,200
00010511.jpg,1410,0,1706,274,1161,197
00010512.jpg,1410,0,1706,274,1161,198
00010513.jpg,1410,0,1706,274,1164,194
00010514.jpg,1410,0,1706,274,1160,190
00010515.jpg,1410,0,1706,274,1152,192
00010516.jpg,1410,0,1706,274,1156,189
00010517.jpg,1410,0,1706,274,1150,190
00010518.jpg,1410,0,1706,274,1150,188
00010519.jpg,1410,0,1706,274,1153,186
00010520.jpg,1410,0,1706,274,1156,189
00010521.jpg,1410,0,1706,274,1156,189
00010522.jpg,1410,0,1706,273,1156,189
00010523.jpg,1410,0,1706,273,1150,189
00010524.jpg,1410,0,1706,273,1137,189
00010525.jpg,1410,0,1706,273,1132,189
00010526.jpg,1411,0,1707,273,1128,189
00010527.jpg,1411,0,1707,273,1128,189
00010528.jpg,1411,0,1707,273,1124,189
00010529.jpg,1411,0,1707,273,1121,192
00010530.jpg,1411,0,1707,273,1117,192
00010531.jpg,1411,0,1707,273,1109,182
00010532.jpg,1411,0,1707,273,1109,184
00010533.jpg,1411,0,1707,273,1109,184
00010534.jpg,1411,0,1707,273,1109,184
00010535.jpg,1411,0,1707,273,1109,184
00010536.jpg,1411,0,1707,273,1109,184
00010537.jpg,1411,0,1707,273,1112,186
00010538.jpg,1412,0,1708,273,1113,186
00010539.jpg,1412,0,1708,273,1121,193
00010540.jpg,1412,0,1708,273,1125,193
00010541.jpg,1412,0,1708,273,1130,193
00010542.jpg,1412,0,1708,273,1140,193
00010543.jpg,1412,0,1708,273,1146,193
00010544.jpg,1412,0,1708,273,1148,188
00010545.jpg,1412,0,1708,273,1154,180
00010546.jpg,1412,0,1708,273,1160,181
00010547.jpg,1411,0,1707,273,1164,178
00010548.jpg,1411,0,1707,273,1169,174
00010549.jpg,1411,0,1707,273,1169,173
00010550.jpg,1411,0,1707,274,1168,173
00010551.jpg,1411,0,1707,274,1168,173
00010552.jpg,1411,0,1707,274,1165,173
00010553.jpg,1411,0,1707,274,1161,173
00010554.jpg,1411,0,1707,274,1157,176
00010555.jpg,1411,0,1707,274,1156,176
00010556.jpg,1411,0,1707,274,1154,177
00010557.jpg,1411,0,1707,274,1148,181
00010558.jpg,1411,0,1707,274,1141,184
00010559.jpg,1411,0,1707,274,1129,188
00010560.jpg,1411,0,1707,274,1126,193
00010561.jpg,1411,0,1707,274,1117,193
00010562.jpg,1411,0,1707,274,1106,197
00010563.jpg,1411,0,1707,274,1098,200
00010564.jpg,1411,0,1707,274,1092,202
00010565.jpg,1411,0,1707,274,1088,205
00010566.jpg,1410,0,1706,275,1085,205
00010567.jpg,1410,0,1706,275,1084,201
00010568.jpg,1410,0,1706,275,1084,200
00010569.jpg,1410,0,1706,275,1085,198
00010570.jpg,1410,0,1706,275,1085,198
00010571.jpg,1410,0,1706,275,1092,200
00010572.jpg,1410,0,1706,275,1089,205
00010573.jpg,1410,0,1706,275,1093,210
00010574.jpg,1410,0,1706,275,1096,217
00010575.jpg,1410,0,1706,275,1098,217
00010576.jpg,1410,0,1706,275,1098,217
00010577.jpg,1411,0,1707,275,1098,217
00010578.jpg,1411,0,1707,275,1101,217
00010579.jpg,1411,0,1707,275,1101,213
00010580.jpg,1411,0,1707,275,1101,209
00010581.jpg,1411,0,1707,275,1100,200
00010582.jpg,1411,0,1707,275,1093,200
00010583.jpg,1411,0,1707,275,1093,200
00010584.jpg,1411,0,1707,275,1089,200
00010585.jpg,1411,0,1707,275,1086,204
00010586.jpg,1411,0,1707,275,1086,204
00010587.jpg,1411,0,1707,274,1077,200
00010588.jpg,1411,0,1707,274,1073,196
00010589.jpg,1411,0,1707,274,1068,193
00010590.jpg,1411,0,1707,274,1058,192
00010591.jpg,1411,0,1707,275,1057,188
00010592.jpg,1411,0,1707,275,1053,186
00010593.jpg,1411,0,1707,275,1045,186
00010594.jpg,1411,0,1707,275,1036,181
00010595.jpg,1411,0,1707,275,1036,181
00010596.jpg,1411,0,1707,275,1036,181
00010597.jpg,1411,0,1707,275,1034,181
00010598.jpg,1411,0,1707,275,1034,181
00010599.jpg,1411,0,1707,275,1042,185
00010600.jpg,1411,0,1707,275,1046,186
00010601.jpg,1411,0,1707,275,1045,189
00010602.jpg,1411,0,1707,274,1048,197
00010603.jpg,1411,0,1707,274,1056,201
00010604.jpg,1412,0,1708,274,1054,204
00010605.jpg,1412,0,1708,274,1057,210
00010606.jpg,1412,0,1708,274,1060,221
00010607.jpg,1412,0,1708,274,1060,221
00010608.jpg,1412,0,1708,274,1065,222
00010609.jpg,1412,0,1708,274,1068,229
00010610.jpg,1412,0,1708,274,1074,232
