00012153.jpg,443,8,747,320,362,179
00012154.jpg,443,8,747,320,365,179
00012155.jpg,443,8,747,320,367,189
00012156.jpg,428,4,745,338,374,191
00012157.jpg,428,4,745,338,367,185
00012158.jpg,420,6,737,340,362,183
00012159.jpg,420,6,737,340,362,188
00012160.jpg,417,6,734,340,357,191
00012161.jpg,411,6,728,340,352,191
00012162.jpg,403,5,720,339,350,186
00012163.jpg,376,4,688,335,-1,-1
00012164.jpg,376,4,688,335,-1,-1
00012165.jpg,365,5,684,351,-1,-1
00012166.jpg,365,5,684,351,-1,-1
00012167.jpg,355,9,668,363,-1,-1
00012168.jpg,350,9,668,363,-1,-1
00012169.jpg,346,6,662,364,-1,-1
00012170.jpg,346,6,662,364,-1,-1
00012171.jpg,346,6,662,364,-1,-1
00012172.jpg,347,3,663,361,-1,-1
00012173.jpg,346,6,662,364,-1,-1
00012174.jpg,316,6,626,349,-1,-1
00012175.jpg,316,6,626,349,-1,-1
00012176.jpg,318,4,628,347,-1,-1
00012177.jpg,322,0,632,343,-1,-1
00012178.jpg,315,0,625,343,-1,-1
00012179.jpg,310,0,620,343,-1,-1
00012180.jpg,298,0,608,343,-1,-1
00012181.jpg,293,0,603,343,-1,-1
00012182.jpg,291,0,601,343,-1,-1
00012183.jpg,274,5,594,331,-1,-1
00012184.jpg,274,5,594,331,-1,-1
00012185.jpg,271,1,591,327,-1,-1
00012186.jpg,263,0,583,326,-1,-1
00012187.jpg,259,0,579,326,-1,-1
00012188.jpg,255,0,575,326,-1,-1
00012189.jpg,254,8,565,326,-1,-1
00012190.jpg,254,8,565,326,-1,-1
00012191.jpg,256,10,567,328,-1,-1
00012192.jpg,260,13,571,331,-1,-1
00012193.jpg,265,16,576,334,-1,-1
00012194.jpg,288,24,599,342,-1,-1
00012195.jpg,300,31,611,349,-1,-1
00012196.jpg,314,38,625,356,-1,-1
00012197.jpg,325,45,636,363,-1,-1
00012198.jpg,338,51,649,369,-1,-1
00012199.jpg,357,56,668,374,-1,-1
00012200.jpg,361,52,672,370,-1,-1
00012201.jpg,365,47,676,365,-1,-1
00012202.jpg,364,42,675,360,-1,-1
00012203.jpg,361,39,672,357,-1,-1
00012204.jpg,347,31,658,349,-1,-1
00012205.jpg,339,28,650,346,-1,-1
00012206.jpg,329,25,640,343,-1,-1
00012207.jpg,317,26,628,344,-1,-1
00012208.jpg,305,25,616,343,-1,-1
00012209.jpg,275,29,586,347,-1,-1
00012210.jpg,261,33,572,351,-1,-1
00012211.jpg,243,42,554,360,-1,-1
00012212.jpg,228,46,539,364,-1,-1
00012213.jpg,228,46,539,364,-1,-1
