00000001.jpg,517,151,712,327,-1,-1
00000002.jpg,517,151,712,327,-1,-1
00000003.jpg,517,151,712,327,-1,-1
00000004.jpg,517,151,712,327,-1,-1
00000005.jpg,510,158,705,334,-1,-1
00000006.jpg,503,163,698,339,-1,-1
00000007.jpg,492,163,687,339,-1,-1
00000008.jpg,464,156,659,332,-1,-1
00000009.jpg,457,151,652,327,-1,-1
00000010.jpg,446,146,641,322,-1,-1
00000011.jpg,446,144,651,326,-1,-1
00000012.jpg,424,144,619,320,-1,-1
00000013.jpg,413,147,608,323,10,535
00000014.jpg,399,151,594,327,23,535
00000015.jpg,383,154,578,330,34,534
00000016.jpg,360,154,555,330,50,534
00000017.jpg,340,150,535,326,56,532
00000018.jpg,324,144,519,320,65,531
00000019.jpg,306,132,501,308,78,529
00000020.jpg,296,124,491,300,78,261
00000021.jpg,288,118,483,294,77,261
00000022.jpg,286,112,481,288,90,260
00000023.jpg,287,109,482,285,108,259
00000024.jpg,292,110,487,286,130,257
00000025.jpg,300,112,495,288,152,257
00000026.jpg,309,116,504,292,175,257
00000027.jpg,323,119,518,295,196,258
00000028.jpg,335,119,530,295,217,255
00000029.jpg,345,118,540,294,237,255
00000030.jpg,359,118,554,294,256,254
00000031.jpg,378,116,573,292,276,254
00000032.jpg,393,112,588,288,297,254
00000033.jpg,408,108,603,284,315,255
00000034.jpg,422,107,617,283,335,254
00000035.jpg,408,102,603,278,350,254
00000036.jpg,416,103,611,279,362,258
00000037.jpg,421,105,616,281,368,258
00000038.jpg,424,107,619,283,376,259
00000039.jpg,427,109,622,285,382,259
00000040.jpg,427,112,622,288,392,259
00000041.jpg,423,114,618,290,393,259
00000042.jpg,417,113,612,289,391,260
00000043.jpg,413,112,608,288,389,260
00000044.jpg,436,114,631,290,390,260
00000045.jpg,432,114,627,290,389,262
00000046.jpg,427,115,622,291,389,260
00000047.jpg,423,118,618,294,392,261
00000048.jpg,418,118,613,294,391,260
00000049.jpg,415,120,610,296,392,260
00000050.jpg,408,121,603,297,393,262
00000051.jpg,406,124,601,300,393,264
00000052.jpg,402,125,597,301,398,265
00000053.jpg,401,125,596,301,399,265
00000054.jpg,399,126,594,302,397,268
00000055.jpg,398,128,593,304,398,267
00000056.jpg,395,133,590,309,398,265
00000057.jpg,391,138,586,314,398,265
00000058.jpg,378,142,560,330,399,265
00000059.jpg,378,142,560,330,399,265
00000060.jpg,376,150,558,338,399,265
00000061.jpg,367,157,549,345,399,265
00000062.jpg,360,165,542,353,399,265
00000063.jpg,353,171,535,359,399,265
00000064.jpg,348,179,530,367,396,264
00000065.jpg,344,187,526,375,398,264
00000066.jpg,338,194,520,382,398,264
00000067.jpg,331,199,513,387,399,264
00000068.jpg,330,202,512,390,400,264
00000069.jpg,329,203,511,391,400,264
00000070.jpg,331,202,513,390,402,264
00000071.jpg,309,218,500,390,400,264
00000072.jpg,309,218,500,390,443,218
00000073.jpg,309,219,500,391,488,152
00000074.jpg,312,219,503,391,492,153
00000075.jpg,316,219,507,391,492,151
00000076.jpg,319,219,510,391,498,150
00000077.jpg,323,220,514,392,503,147
00000078.jpg,328,222,519,394,503,149
00000079.jpg,333,222,524,394,506,149
00000080.jpg,338,222,529,394,510,147
00000081.jpg,344,221,535,393,516,147
00000082.jpg,351,219,542,391,521,146
00000083.jpg,359,218,550,390,522,143
00000084.jpg,366,216,557,388,532,141
00000085.jpg,371,215,562,387,534,141
00000086.jpg,375,215,566,387,538,143
00000087.jpg,379,214,570,386,538,143
00000088.jpg,385,215,576,387,545,153
00000089.jpg,391,216,582,388,550,159
00000090.jpg,398,218,589,390,554,163
00000091.jpg,408,221,599,393,560,169
00000092.jpg,417,224,608,396,573,171
00000093.jpg,436,228,619,393,580,177
00000094.jpg,474,213,642,387,586,177
00000095.jpg,474,213,642,387,600,181
00000096.jpg,491,209,659,383,603,181
00000097.jpg,508,206,676,380,607,181
00000098.jpg,524,205,692,379,615,183
00000099.jpg,541,204,709,378,630,189
00000100.jpg,555,202,723,376,634,197
00000101.jpg,566,196,734,370,636,199
00000102.jpg,590,178,770,363,638,200
00000103.jpg,590,178,770,363,641,204
00000104.jpg,593,173,773,358,645,206
00000105.jpg,614,148,792,327,646,210
00000106.jpg,614,148,792,327,648,210
00000107.jpg,615,151,793,330,648,212
00000108.jpg,624,155,802,334,649,213
00000109.jpg,621,157,799,336,646,218
00000110.jpg,611,158,789,337,641,220
00000111.jpg,605,156,783,335,627,226
00000112.jpg,605,152,783,331,618,227
00000113.jpg,608,149,786,328,617,227
00000114.jpg,618,147,796,326,614,229
00000115.jpg,630,146,808,325,608,229
00000116.jpg,642,145,820,324,607,233
00000117.jpg,652,144,830,323,606,237
00000118.jpg,668,142,845,334,603,244
00000119.jpg,668,142,845,334,600,246
00000120.jpg,679,140,856,332,597,249
00000121.jpg,689,138,866,330,593,249
00000122.jpg,698,136,875,328,592,251
00000123.jpg,708,133,885,325,585,251
00000124.jpg,716,130,893,322,582,251
00000125.jpg,724,128,901,320,578,251
00000126.jpg,731,127,908,319,576,251
00000127.jpg,735,126,912,318,576,251
00000128.jpg,737,126,914,318,572,244
00000129.jpg,737,128,914,320,566,245
00000130.jpg,735,131,912,323,563,243
00000131.jpg,739,134,916,326,560,239
00000132.jpg,749,134,926,326,553,237
00000133.jpg,761,132,938,324,-1,-1
00000134.jpg,753,126,944,323,-1,-1
00000135.jpg,753,126,944,323,-1,-1
00000136.jpg,759,127,950,324,-1,-1
00000137.jpg,770,137,941,307,-1,-1
00000138.jpg,770,137,941,307,-1,-1
00000139.jpg,780,136,951,306,1220,224
00000140.jpg,783,134,954,304,1220,223
00000141.jpg,793,134,964,304,1220,223
00000142.jpg,801,135,972,305,1220,223
00000143.jpg,793,142,965,322,1220,220
00000144.jpg,793,142,965,322,1217,223
00000145.jpg,796,141,968,321,1211,219
00000146.jpg,797,139,969,319,1206,217
00000147.jpg,796,138,968,318,1203,217
00000148.jpg,793,136,965,316,1196,216
00000149.jpg,793,136,965,316,1186,219
