00109556.jpg,711,108,819,219,365,163
00109557.jpg,711,108,819,219,365,163
00109558.jpg,711,108,819,219,365,163
00109559.jpg,711,108,819,219,365,163
00109560.jpg,711,108,819,219,365,163
00109561.jpg,711,109,819,220,365,163
00109562.jpg,712,109,820,220,365,163
00109563.jpg,712,109,820,220,366,165
00109564.jpg,712,110,820,221,370,165
00109565.jpg,712,110,820,221,373,165
00109566.jpg,712,110,820,221,378,165
00109567.jpg,712,110,820,221,380,164
00109568.jpg,712,111,820,222,-1,-1
00109569.jpg,712,111,820,222,-1,-1
00109570.jpg,711,112,819,223,-1,-1
00109571.jpg,711,113,819,224,-1,-1
00109572.jpg,711,114,819,225,-1,-1
00109573.jpg,711,115,819,226,-1,-1
00109574.jpg,711,117,819,228,-1,-1
00109575.jpg,712,118,820,229,-1,-1
00109576.jpg,713,120,821,231,-1,-1
00109577.jpg,714,121,822,232,-1,-1
00109578.jpg,716,123,824,234,-1,-1
00109579.jpg,718,123,826,234,-1,-1
00109580.jpg,720,124,828,235,-1,-1
00109581.jpg,722,123,830,234,-1,-1
00109582.jpg,724,122,832,233,-1,-1
00109583.jpg,724,122,832,233,-1,-1
00109584.jpg,725,121,833,232,-1,-1
00109585.jpg,725,121,833,232,-1,-1
00109586.jpg,724,123,832,234,720,335
00109587.jpg,724,125,832,236,716,330
00109588.jpg,727,125,825,234,714,328
00109589.jpg,727,125,825,234,710,318
00109590.jpg,727,127,825,236,708,315
00109591.jpg,726,127,824,236,706,313
00109592.jpg,725,128,823,237,706,310
00109593.jpg,724,128,822,237,704,307
00109594.jpg,724,128,822,237,704,305
00109595.jpg,723,128,821,237,704,305
00109596.jpg,723,127,821,236,704,303
00109597.jpg,723,127,821,236,704,300
00109598.jpg,722,127,820,236,704,301
00109599.jpg,722,127,820,236,704,300
00109600.jpg,722,127,820,236,704,298
00109601.jpg,722,127,820,236,702,299
00109602.jpg,722,126,820,235,702,299
00109603.jpg,721,126,819,235,702,299
00109604.jpg,721,126,819,235,702,299
00109605.jpg,721,126,819,235,702,299
00109606.jpg,722,126,820,235,702,299
00109607.jpg,722,126,820,235,702,299
00109608.jpg,722,126,820,235,702,299
00109609.jpg,721,126,819,235,702,299
00109610.jpg,721,126,819,235,702,299
00109611.jpg,721,126,819,235,702,299
00109612.jpg,721,126,819,235,702,299
00109613.jpg,721,126,819,235,700,299
00109614.jpg,721,125,819,234,700,299
00109615.jpg,720,125,818,234,699,300
00109616.jpg,719,124,817,233,699,300
00109617.jpg,717,123,815,232,696,305
00109618.jpg,715,122,813,231,698,309
00109619.jpg,713,121,811,230,645,279
00109620.jpg,710,120,808,229,656,265
00109621.jpg,707,119,805,228,669,249
00109622.jpg,705,118,803,227,680,237
00109623.jpg,701,116,799,225,688,225
00109624.jpg,695,118,793,227,696,214
00109625.jpg,696,110,794,219,700,208
00109626.jpg,696,110,794,219,-1,-1
00109627.jpg,691,107,789,216,-1,-1
00109628.jpg,690,110,788,219,-1,-1
00109629.jpg,688,112,786,221,-1,-1
00109630.jpg,686,114,784,223,-1,-1
00109631.jpg,685,114,783,223,-1,-1
00109632.jpg,686,114,784,223,-1,-1
00109633.jpg,687,114,785,223,-1,-1
00109634.jpg,685,115,783,224,-1,-1
00109635.jpg,681,114,779,223,-1,-1
00109636.jpg,679,115,777,224,-1,-1
00109637.jpg,682,115,782,224,-1,-1
00109638.jpg,682,115,782,224,-1,-1
00109639.jpg,681,113,781,222,-1,-1
00109640.jpg,679,111,779,220,514,334
00109641.jpg,676,109,776,218,514,334
00109642.jpg,673,107,773,216,514,334
00109643.jpg,670,105,770,214,514,334
00109644.jpg,667,104,767,213,514,334
00109645.jpg,663,103,763,212,514,334
00109646.jpg,659,103,759,212,514,334
00109647.jpg,655,102,755,211,514,334
00109648.jpg,651,102,751,211,514,334
00109649.jpg,649,104,749,213,514,334
00109650.jpg,646,104,746,213,234,266
00109651.jpg,643,104,743,213,234,266
00109652.jpg,638,99,738,208,236,266
00109653.jpg,636,99,736,208,235,267
00109654.jpg,634,100,734,209,235,267
00109655.jpg,632,101,732,210,235,267
00109656.jpg,630,102,730,211,-1,-1
00109657.jpg,628,105,728,214,-1,-1
00109658.jpg,627,107,727,216,-1,-1
00109659.jpg,625,109,725,218,-1,-1
00109660.jpg,624,112,724,221,-1,-1
00109661.jpg,623,115,723,224,-1,-1
00109662.jpg,620,117,720,226,-1,-1
00109663.jpg,617,120,717,229,-1,-1
00109664.jpg,614,121,714,230,-1,-1
00109665.jpg,611,122,711,231,-1,-1
00109666.jpg,609,125,709,234,-1,-1
00109667.jpg,609,125,709,234,-1,-1
