00109556.jpg,329,111,414,209,323,199
00109557.jpg,329,111,414,209,323,199
00109558.jpg,329,111,414,209,323,199
00109559.jpg,329,111,414,209,323,199
00109560.jpg,328,112,413,210,323,199
00109561.jpg,328,113,413,211,323,199
00109562.jpg,328,114,413,212,323,199
00109563.jpg,330,110,415,208,323,199
00109564.jpg,330,111,415,209,-1,-1
00109565.jpg,332,111,417,209,-1,-1
00109566.jpg,324,117,409,213,-1,-1
00109567.jpg,324,117,409,213,-1,-1
00109568.jpg,325,118,410,214,-1,-1
00109569.jpg,325,118,410,214,744,165
00109570.jpg,325,119,410,215,745,167
00109571.jpg,325,120,410,216,747,169
00109572.jpg,326,120,411,216,750,173
00109573.jpg,327,120,412,216,750,175
00109574.jpg,327,120,412,216,751,177
00109575.jpg,327,119,412,215,754,180
00109576.jpg,327,119,412,215,754,181
00109577.jpg,327,119,412,215,755,183
00109578.jpg,327,119,412,215,755,183
00109579.jpg,326,119,411,215,755,183
00109580.jpg,326,119,411,215,760,185
00109581.jpg,326,119,411,215,762,185
00109582.jpg,326,119,411,215,764,183
00109583.jpg,326,120,411,216,764,181
00109584.jpg,326,120,411,216,765,179
00109585.jpg,326,120,411,216,766,181
00109586.jpg,326,120,411,216,766,181
00109587.jpg,327,120,412,216,766,185
00109588.jpg,327,120,412,216,767,188
00109589.jpg,327,120,412,216,768,191
00109590.jpg,327,121,412,217,768,192
00109591.jpg,327,121,412,217,768,194
00109592.jpg,326,120,411,216,768,196
00109593.jpg,326,120,411,216,767,197
00109594.jpg,326,120,411,216,766,197
00109595.jpg,326,120,411,216,766,197
00109596.jpg,326,120,411,216,763,196
00109597.jpg,326,120,411,216,763,196
00109598.jpg,326,120,411,216,768,195
00109599.jpg,326,120,411,216,-1,-1
00109600.jpg,326,120,411,216,700,300
00109601.jpg,326,120,411,216,702,301
00109602.jpg,326,120,411,216,701,302
00109603.jpg,326,119,411,215,700,301
00109604.jpg,326,119,411,215,700,301
00109605.jpg,326,119,411,215,700,301
00109606.jpg,326,119,411,215,700,301
00109607.jpg,326,119,411,215,700,301
00109608.jpg,326,119,411,215,-1,-1
00109609.jpg,326,118,411,214,-1,-1
00109610.jpg,326,118,411,214,-1,-1
00109611.jpg,326,118,411,214,-1,-1
00109612.jpg,326,118,411,214,-1,-1
00109613.jpg,326,118,411,214,-1,-1
00109614.jpg,325,118,410,214,-1,-1
00109615.jpg,324,117,409,213,700,301
00109616.jpg,322,117,407,213,-1,-1
00109617.jpg,319,117,404,213,-1,-1
00109618.jpg,315,117,400,213,-1,-1
00109619.jpg,312,117,397,213,-1,-1
00109620.jpg,319,118,404,210,-1,-1
00109621.jpg,319,118,404,210,-1,-1
00109622.jpg,317,118,402,210,296,214
00109623.jpg,314,119,399,211,296,214
00109624.jpg,313,119,398,211,295,226
00109625.jpg,313,120,398,212,288,229
00109626.jpg,312,121,397,213,282,227
00109627.jpg,313,121,398,213,280,229
00109628.jpg,313,122,398,214,278,227
00109629.jpg,313,122,398,214,274,231
00109630.jpg,314,112,404,209,269,241
00109631.jpg,314,112,404,209,256,247
00109632.jpg,314,112,404,209,252,262
00109633.jpg,314,112,404,209,247,275
00109634.jpg,314,112,404,209,239,285
00109635.jpg,314,112,404,209,232,292
00109636.jpg,313,113,403,210,231,296
00109637.jpg,313,113,403,210,231,296
00109638.jpg,313,113,403,210,231,296
00109639.jpg,313,113,403,210,231,296
00109640.jpg,313,113,403,210,231,300
00109641.jpg,313,113,403,210,231,300
00109642.jpg,313,113,403,210,231,300
00109643.jpg,313,113,403,210,231,300
00109644.jpg,313,113,403,210,231,300
00109645.jpg,313,113,403,210,231,300
00109646.jpg,312,113,402,210,231,300
00109647.jpg,312,112,402,209,231,300
00109648.jpg,312,112,402,209,231,300
00109649.jpg,313,112,403,209,231,300
00109650.jpg,313,111,403,208,231,300
00109651.jpg,314,111,404,208,231,300
00109652.jpg,317,110,407,207,231,300
00109653.jpg,320,110,410,207,-1,-1
00109654.jpg,324,115,405,207,-1,-1
00109655.jpg,324,115,405,207,-1,-1
00109656.jpg,326,114,407,206,-1,-1
00109657.jpg,328,113,409,205,-1,-1
00109658.jpg,329,113,410,205,-1,-1
00109659.jpg,331,112,412,204,-1,-1
00109660.jpg,332,112,413,204,-1,-1
00109661.jpg,333,112,414,204,-1,-1
00109662.jpg,335,112,416,204,-1,-1
00109663.jpg,326,118,411,206,-1,-1
00109664.jpg,326,118,411,206,486,322
00109665.jpg,327,118,412,206,486,322
00109666.jpg,328,118,413,206,486,322
00109667.jpg,328,118,413,206,486,322
