00008511.jpg,114,7,213,104,-1,-1
00008512.jpg,114,7,213,104,-1,-1
00008513.jpg,114,7,213,104,-1,-1
00008514.jpg,114,7,213,104,-1,-1
00008515.jpg,112,7,211,104,-1,-1
00008516.jpg,112,7,211,104,-1,-1
00008517.jpg,110,6,209,103,-1,-1
00008518.jpg,106,6,205,103,-1,-1
00008519.jpg,102,6,201,103,-1,-1
00008520.jpg,99,6,198,103,-1,-1
00008521.jpg,95,7,197,100,-1,-1
00008522.jpg,95,7,197,100,-1,-1
00008523.jpg,92,7,194,100,-1,-1
00008524.jpg,89,7,191,100,-1,-1
00008525.jpg,82,7,196,110,-1,-1
00008526.jpg,82,7,196,110,-1,-1
00008527.jpg,80,7,194,110,-1,-1
00008528.jpg,80,6,201,115,-1,-1
00008529.jpg,80,6,201,115,435,107
00008530.jpg,83,6,204,115,439,109
00008531.jpg,86,7,207,116,441,110
00008532.jpg,86,7,207,116,443,110
00008533.jpg,91,7,210,119,440,112
00008534.jpg,91,7,210,119,440,113
00008535.jpg,91,7,210,119,440,114
00008536.jpg,91,7,210,119,439,114
00008537.jpg,91,7,210,119,439,114
00008538.jpg,91,7,210,119,443,113
00008539.jpg,90,7,209,119,445,113
00008540.jpg,90,7,209,119,448,114
00008541.jpg,91,7,210,119,450,115
00008542.jpg,91,7,210,119,452,116
00008543.jpg,91,7,210,119,457,119
00008544.jpg,92,7,211,119,465,124
00008545.jpg,93,7,212,119,470,125
00008546.jpg,94,7,213,119,470,125
00008547.jpg,94,7,213,119,470,125
00008548.jpg,93,7,212,119,468,125
00008549.jpg,92,7,211,119,-1,-1
00008550.jpg,91,7,210,119,-1,-1
00008551.jpg,90,7,209,119,-1,-1
00008552.jpg,90,7,209,119,-1,-1
00008553.jpg,91,7,210,119,-1,-1
00008554.jpg,91,7,212,128,-1,-1
00008555.jpg,91,7,212,128,-1,-1
00008556.jpg,101,9,217,138,-1,-1
00008557.jpg,101,9,217,138,-1,-1
00008558.jpg,104,13,220,142,-1,-1
00008559.jpg,107,18,223,147,-1,-1
00008560.jpg,109,20,225,149,-1,-1
00008561.jpg,111,21,227,150,-1,-1
00008562.jpg,111,21,227,150,-1,-1
00008563.jpg,112,20,228,149,-1,-1
00008564.jpg,112,20,228,149,-1,-1
00008565.jpg,112,18,228,147,-1,-1
00008566.jpg,111,15,227,144,-1,-1
00008567.jpg,108,9,224,138,-1,-1
00008568.jpg,108,9,224,138,-1,-1
00008569.jpg,103,9,219,138,-1,-1
00008570.jpg,101,9,212,126,-1,-1
00008571.jpg,101,9,212,126,-1,-1
00008572.jpg,97,9,208,126,-1,-1
00008573.jpg,97,9,208,126,-1,-1
00008574.jpg,93,9,204,126,-1,-1
00008575.jpg,89,9,200,126,-1,-1
00008576.jpg,88,9,199,126,-1,-1
00008577.jpg,89,9,200,126,-1,-1
00008578.jpg,89,9,200,126,-1,-1
00008579.jpg,91,9,202,126,-1,-1
00008580.jpg,93,9,204,126,-1,-1
00008581.jpg,96,9,207,126,-1,-1
00008582.jpg,97,9,208,126,-1,-1
00008583.jpg,97,9,208,126,-1,-1
00008584.jpg,97,9,208,126,-1,-1
00008585.jpg,97,9,208,126,-1,-1
00008586.jpg,98,9,209,126,-1,-1
00008587.jpg,98,9,209,126,-1,-1
00008588.jpg,98,9,209,126,-1,-1
00008589.jpg,98,9,209,126,-1,-1
00008590.jpg,98,9,209,126,-1,-1
00008591.jpg,98,9,209,126,-1,-1
00008592.jpg,98,9,209,126,-1,-1
00008593.jpg,98,9,209,126,-1,-1
00008594.jpg,98,9,209,126,-1,-1
00008595.jpg,98,9,209,126,-1,-1
00008596.jpg,98,9,209,126,-1,-1
00008597.jpg,98,9,209,126,-1,-1
00008598.jpg,98,9,209,126,-1,-1
00008599.jpg,95,12,202,125,-1,-1
00008600.jpg,95,12,202,125,-1,-1
00008601.jpg,98,13,205,126,-1,-1
00008602.jpg,98,13,205,126,-1,-1
