00008511.jpg,235,100,311,179,-1,-1
00008512.jpg,235,100,311,179,-1,-1
00008513.jpg,236,100,312,179,-1,-1
00008514.jpg,237,99,313,178,-1,-1
00008515.jpg,238,99,314,178,-1,-1
00008516.jpg,238,99,314,178,-1,-1
00008517.jpg,240,99,316,178,-1,-1
00008518.jpg,239,99,317,183,-1,-1
00008519.jpg,239,99,317,183,-1,-1
00008520.jpg,239,100,317,184,-1,-1
00008521.jpg,241,100,327,192,463,169
00008522.jpg,241,100,327,192,463,169
00008523.jpg,240,101,326,193,465,171
00008524.jpg,239,102,325,194,467,173
00008525.jpg,241,104,327,196,467,173
00008526.jpg,241,104,327,196,468,175
00008527.jpg,235,104,336,205,468,175
00008528.jpg,235,104,336,205,434,107
00008529.jpg,237,106,338,207,437,109
00008530.jpg,239,109,340,210,441,111
00008531.jpg,242,110,343,211,442,111
00008532.jpg,242,110,343,211,443,111
00008533.jpg,243,111,344,212,442,113
00008534.jpg,244,111,345,212,440,115
00008535.jpg,244,111,345,212,439,115
00008536.jpg,243,111,344,212,438,115
00008537.jpg,243,111,344,212,438,115
00008538.jpg,243,111,344,212,443,115
00008539.jpg,242,111,343,212,447,117
00008540.jpg,242,111,343,212,451,118
00008541.jpg,242,111,343,212,454,119
00008542.jpg,242,111,343,212,454,120
00008543.jpg,243,111,344,212,459,122
00008544.jpg,243,112,344,213,463,123
00008545.jpg,244,112,345,213,463,123
00008546.jpg,244,112,345,213,464,123
00008547.jpg,244,112,345,213,470,124
00008548.jpg,243,112,344,213,468,125
00008549.jpg,243,111,344,212,467,126
00008550.jpg,243,111,344,212,466,126
00008551.jpg,242,111,343,212,467,124
00008552.jpg,242,111,343,212,467,124
00008553.jpg,241,111,342,212,465,121
00008554.jpg,240,111,341,212,465,118
00008555.jpg,240,110,341,211,466,115
00008556.jpg,239,110,340,211,534,155
00008557.jpg,239,110,340,211,535,155
00008558.jpg,239,111,340,212,-1,-1
00008559.jpg,238,112,339,213,-1,-1
00008560.jpg,238,113,334,215,-1,-1
00008561.jpg,238,113,334,215,-1,-1
00008562.jpg,238,113,334,215,-1,-1
00008563.jpg,239,113,335,215,-1,-1
00008564.jpg,241,114,337,216,-1,-1
00008565.jpg,243,114,339,216,-1,-1
00008566.jpg,244,114,340,216,-1,-1
00008567.jpg,245,114,341,216,-1,-1
00008568.jpg,245,114,341,216,-1,-1
00008569.jpg,245,115,341,217,-1,-1
00008570.jpg,245,115,341,217,-1,-1
00008571.jpg,244,115,340,217,-1,-1
00008572.jpg,244,115,340,217,-1,-1
00008573.jpg,244,115,340,217,-1,-1
00008574.jpg,244,115,340,217,-1,-1
00008575.jpg,248,118,337,217,-1,-1
00008576.jpg,248,118,337,217,-1,-1
00008577.jpg,248,118,337,217,-1,-1
00008578.jpg,248,118,337,217,-1,-1
00008579.jpg,249,118,338,217,-1,-1
00008580.jpg,250,118,339,217,-1,-1
00008581.jpg,250,118,340,216,-1,-1
00008582.jpg,250,118,340,216,-1,-1
00008583.jpg,250,118,340,216,-1,-1
00008584.jpg,253,119,343,217,-1,-1
00008585.jpg,256,120,346,218,-1,-1
00008586.jpg,258,120,348,218,-1,-1
00008587.jpg,258,121,348,219,-1,-1
00008588.jpg,258,121,348,219,-1,-1
00008589.jpg,258,121,348,219,-1,-1
00008590.jpg,257,121,347,219,-1,-1
00008591.jpg,257,121,347,219,-1,-1
00008592.jpg,256,120,346,218,-1,-1
00008593.jpg,256,120,346,218,-1,-1
00008594.jpg,256,120,346,218,-1,-1
00008595.jpg,256,120,346,218,-1,-1
00008596.jpg,256,119,346,217,-1,-1
00008597.jpg,256,119,346,217,-1,-1
00008598.jpg,256,119,346,217,-1,-1
00008599.jpg,256,119,346,217,-1,-1
00008600.jpg,256,119,346,217,-1,-1
00008601.jpg,256,119,346,217,-1,-1
00008602.jpg,256,119,346,217,-1,-1
