00052380.jpg,662,103,932,407,-1,-1
00052381.jpg,662,103,932,407,-1,-1
00052382.jpg,662,103,932,407,-1,-1
00052383.jpg,662,103,932,407,-1,-1
00052384.jpg,663,103,933,407,-1,-1
00052385.jpg,663,103,933,407,-1,-1
00052386.jpg,663,103,933,407,-1,-1
00052387.jpg,663,103,933,407,-1,-1
00052388.jpg,664,102,934,406,-1,-1
00052389.jpg,667,100,937,404,-1,-1
00052390.jpg,672,97,942,401,-1,-1
00052391.jpg,681,93,951,397,-1,-1
00052392.jpg,681,93,951,397,-1,-1
00052393.jpg,686,92,956,396,-1,-1
00052394.jpg,688,92,958,396,-1,-1
00052395.jpg,687,92,957,396,-1,-1
00052396.jpg,686,90,956,394,-1,-1
00052397.jpg,686,89,956,393,-1,-1
00052398.jpg,686,85,956,389,-1,-1
00052399.jpg,687,79,957,383,-1,-1
00052400.jpg,690,82,952,369,-1,-1
00052401.jpg,690,82,952,369,-1,-1
00052402.jpg,690,82,952,369,-1,-1
00052403.jpg,696,81,958,368,-1,-1
00052404.jpg,703,80,965,367,-1,-1
00052405.jpg,707,80,969,367,-1,-1
00052406.jpg,707,80,969,367,-1,-1
00052407.jpg,707,80,969,367,-1,-1
00052408.jpg,707,80,969,367,-1,-1
00052409.jpg,709,82,971,369,-1,-1
00052410.jpg,713,84,975,371,-1,-1
00052411.jpg,714,85,976,372,-1,-1
00052412.jpg,714,86,976,373,-1,-1
00052413.jpg,713,86,975,373,-1,-1
00052414.jpg,713,86,975,373,-1,-1
00052415.jpg,714,86,976,373,-1,-1
00052416.jpg,716,86,978,373,-1,-1
00052417.jpg,717,86,979,373,-1,-1
00052418.jpg,717,86,979,373,-1,-1
