00001358.jpg,740,64,1054,361,1396,458
00001359.jpg,740,64,1054,361,1396,458
00001360.jpg,740,64,1054,361,1396,458
00001361.jpg,740,64,1054,361,1392,462
00001362.jpg,740,65,1054,362,1389,462
00001363.jpg,741,66,1055,363,1386,462
00001364.jpg,741,66,1055,363,1386,462
00001365.jpg,738,67,1052,364,1386,470
00001366.jpg,741,67,1055,364,1384,474
00001367.jpg,745,69,1059,366,1384,481
00001368.jpg,750,70,1064,367,1386,482
00001369.jpg,750,70,1064,367,1388,482
00001370.jpg,756,70,1070,367,1388,482
00001371.jpg,762,68,1076,365,1388,480
00001372.jpg,768,67,1082,364,1388,477
00001373.jpg,776,66,1090,363,1388,477
00001374.jpg,776,66,1090,363,1388,477
00001375.jpg,784,65,1098,362,1388,477
00001376.jpg,793,63,1107,360,1388,476
00001377.jpg,802,64,1116,361,1385,476
00001378.jpg,815,64,1129,361,1385,476
00001379.jpg,815,64,1129,361,1384,476
00001380.jpg,823,62,1137,359,1382,474
00001381.jpg,829,60,1143,357,1377,478
00001382.jpg,836,59,1150,356,1377,482
00001383.jpg,842,59,1156,356,1373,488
00001384.jpg,842,59,1156,356,1369,492
00001385.jpg,852,59,1166,356,1368,497
00001386.jpg,856,58,1170,355,1358,502
00001387.jpg,860,57,1174,354,1352,505
00001388.jpg,864,56,1178,353,1340,508
00001389.jpg,864,56,1178,353,1337,510
00001390.jpg,868,56,1182,353,1337,510
00001391.jpg,871,55,1185,352,1333,510
00001392.jpg,873,56,1187,353,1326,509
00001393.jpg,875,55,1189,352,1320,512
00001394.jpg,875,56,1189,353,1313,516
00001395.jpg,876,56,1190,353,1310,516
00001396.jpg,877,56,1191,353,1309,514
00001397.jpg,878,56,1192,353,1308,514
00001398.jpg,879,56,1193,353,1308,514
00001399.jpg,879,56,1193,353,1308,514
00001400.jpg,879,56,1193,353,1308,514
00001401.jpg,879,56,1193,353,1308,514
00001402.jpg,879,56,1193,353,1314,510
00001403.jpg,879,56,1193,353,1321,505
00001404.jpg,879,56,1193,353,1318,505
00001405.jpg,879,57,1193,354,1325,504
00001406.jpg,880,57,1194,354,1333,500
00001407.jpg,879,57,1193,354,1341,498
00001408.jpg,879,57,1193,354,1350,497
00001409.jpg,879,57,1193,354,1350,497
00001410.jpg,879,57,1193,354,1357,497
00001411.jpg,879,57,1193,354,1366,496
00001412.jpg,879,57,1193,354,1372,497
00001413.jpg,879,57,1193,354,1376,497
00001414.jpg,879,57,1193,354,1376,497
00001415.jpg,879,58,1193,355,1380,497
00001416.jpg,879,58,1193,355,1385,497
00001417.jpg,879,58,1193,355,1388,497
00001418.jpg,878,57,1192,354,1388,497
00001419.jpg,878,57,1192,354,1388,497
00001420.jpg,878,57,1192,354,1388,497
00001421.jpg,878,57,1192,354,1386,498
00001422.jpg,878,57,1192,354,1384,501
00001423.jpg,878,57,1192,354,1382,501
00001424.jpg,878,57,1192,354,1380,501
00001425.jpg,878,57,1192,354,1376,501
00001426.jpg,878,57,1192,354,1376,497
00001427.jpg,879,57,1193,354,1374,498
00001428.jpg,879,57,1193,354,1373,498
00001429.jpg,879,57,1193,354,1373,498
00001430.jpg,879,57,1193,354,1373,498
00001431.jpg,879,57,1193,354,1372,498
00001432.jpg,879,57,1193,354,1364,498
00001433.jpg,879,57,1193,354,1362,498
00001434.jpg,879,57,1193,354,1362,498
00001435.jpg,880,58,1194,355,1362,498
00001436.jpg,880,58,1194,355,1362,498
00001437.jpg,880,57,1194,354,1362,498
00001438.jpg,881,58,1195,355,1365,501
00001439.jpg,881,58,1195,355,1366,500
00001440.jpg,881,58,1195,355,1369,501
00001441.jpg,882,58,1196,355,1374,504
00001442.jpg,882,58,1196,355,1380,504
00001443.jpg,882,58,1196,355,1380,502
00001444.jpg,882,58,1196,355,1380,502
00001445.jpg,883,58,1197,355,1380,502
00001446.jpg,883,58,1197,355,1378,500
00001447.jpg,883,58,1197,355,1378,498
00001448.jpg,883,58,1197,355,1378,500
00001449.jpg,883,58,1197,355,1378,500
00001450.jpg,883,59,1197,356,1378,500
00001451.jpg,884,59,1198,356,1378,500
00001452.jpg,884,59,1198,356,1378,500
00001453.jpg,884,59,1198,356,1378,500
00001454.jpg,884,59,1198,356,1378,500
00001455.jpg,884,59,1198,356,1294,800
00001456.jpg,885,59,1199,356,1137,862
00001457.jpg,885,60,1199,357,762,676
00001458.jpg,886,59,1200,356,654,414
00001459.jpg,886,59,1200,356,654,414
00001460.jpg,886,59,1200,356,654,414
00001461.jpg,882,60,1196,357,657,436
00001462.jpg,882,60,1196,357,658,446
00001463.jpg,883,59,1197,356,662,444
00001464.jpg,883,59,1197,356,664,444
00001465.jpg,883,59,1197,356,669,433
00001466.jpg,883,59,1197,356,666,424
00001467.jpg,883,59,1197,356,664,416
00001468.jpg,882,59,1196,356,485,908
00001469.jpg,882,59,1196,356,485,908
