00001438.jpg,364,103,474,219,40,186
00001439.jpg,362,95,474,209,40,186
00001440.jpg,362,95,474,209,42,187
00001441.jpg,360,87,472,201,43,187
00001442.jpg,358,77,470,191,50,191
00001443.jpg,356,67,468,181,55,192
00001444.jpg,355,59,467,173,58,193
00001445.jpg,355,59,467,173,61,194
00001446.jpg,354,51,466,165,64,193
00001447.jpg,355,46,467,160,64,193
00001448.jpg,355,44,467,158,66,192
00001449.jpg,356,45,468,159,67,191
00001450.jpg,356,45,468,159,67,191
00001451.jpg,357,49,469,163,67,191
00001452.jpg,359,57,471,171,68,191
00001453.jpg,360,69,472,183,67,194
00001454.jpg,362,82,474,196,64,195
00001455.jpg,362,82,474,196,67,193
00001456.jpg,363,96,475,210,67,193
00001457.jpg,365,109,477,223,63,194
00001458.jpg,367,121,479,235,58,196
00001459.jpg,368,132,480,246,55,196
00001460.jpg,368,132,480,246,54,196
00001461.jpg,369,140,481,254,48,195
00001462.jpg,370,143,482,257,44,196
00001463.jpg,370,143,482,257,33,194
00001464.jpg,370,141,482,255,23,193
00001465.jpg,370,141,482,255,21,192
00001466.jpg,370,138,482,252,14,191
00001467.jpg,370,135,482,249,10,189
00001468.jpg,369,133,481,247,-1,-1
00001469.jpg,369,131,481,245,-1,-1
00001470.jpg,369,131,481,245,-1,-1
00001471.jpg,369,131,481,245,-1,-1
00001472.jpg,368,131,480,245,-1,-1
00001473.jpg,367,131,479,245,-1,-1
00001474.jpg,367,129,479,243,-1,-1
00001475.jpg,367,129,479,243,-1,-1
00001476.jpg,365,128,477,242,-1,-1
00001477.jpg,372,128,474,242,-1,-1
00001478.jpg,372,128,474,242,218,274
00001479.jpg,370,127,472,241,644,235
00001480.jpg,370,127,472,241,644,235
00001481.jpg,369,127,471,241,644,235
00001482.jpg,368,126,470,240,644,234
00001483.jpg,368,127,470,241,642,232
00001484.jpg,368,127,470,241,643,233
00001485.jpg,368,127,470,241,643,233
00001486.jpg,368,127,470,241,642,236
00001487.jpg,369,128,471,242,640,239
00001488.jpg,369,129,471,243,566,345
00001489.jpg,369,130,471,244,566,345
00001490.jpg,369,130,471,244,566,345
00001491.jpg,370,130,472,244,566,345
00001492.jpg,370,129,472,243,566,345
00001493.jpg,371,127,473,241,566,345
00001494.jpg,374,125,476,239,564,346
00001495.jpg,374,125,476,239,562,347
00001496.jpg,376,123,478,237,558,348
00001497.jpg,379,122,481,236,556,348
00001498.jpg,383,122,485,236,549,349
00001499.jpg,387,120,489,234,544,349
00001500.jpg,380,118,482,238,544,349
00001501.jpg,387,120,487,236,544,349
00001502.jpg,395,123,497,238,539,352
00001503.jpg,400,128,500,244,539,352
00001504.jpg,403,134,497,249,539,352
00001505.jpg,403,134,497,249,539,353
00001506.jpg,406,138,500,253,541,352
00001507.jpg,409,142,503,257,542,352
00001508.jpg,410,147,504,262,542,351
00001509.jpg,409,148,503,263,543,351
00001510.jpg,409,148,503,263,544,351
00001511.jpg,409,149,503,264,544,351
00001512.jpg,408,149,502,264,544,351
00001513.jpg,408,149,502,264,546,350
00001514.jpg,407,149,501,264,546,350
00001515.jpg,407,149,501,264,546,350
00001516.jpg,407,148,501,263,546,350
00001517.jpg,406,146,500,261,546,350
00001518.jpg,405,143,499,258,546,350
00001519.jpg,405,141,499,256,547,350
00001520.jpg,405,141,499,256,547,349
00001521.jpg,404,139,498,254,548,349
00001522.jpg,404,136,498,251,549,347
00001523.jpg,404,134,498,249,549,347
00001524.jpg,404,133,498,248,549,347
00001525.jpg,404,133,498,248,549,347
00001526.jpg,404,132,498,247,548,345
00001527.jpg,404,132,498,247,549,345
00001528.jpg,404,131,498,246,550,344
00001529.jpg,404,131,498,246,551,342
00001530.jpg,404,131,498,246,551,342
00001531.jpg,404,129,498,244,551,342
00001532.jpg,403,128,497,243,553,342
00001533.jpg,403,127,497,242,553,342
00001534.jpg,403,126,497,241,555,339
00001535.jpg,403,126,497,241,556,339
00001536.jpg,402,126,496,241,556,339
00001537.jpg,402,125,496,240,556,339
00001538.jpg,401,124,495,239,556,339
00001539.jpg,401,124,495,239,556,339
00001540.jpg,401,124,495,239,556,338
00001541.jpg,401,124,495,239,554,340
00001542.jpg,402,123,496,238,554,340
00001543.jpg,402,123,496,238,555,339
00001544.jpg,402,122,496,237,556,339
00001545.jpg,402,122,496,237,556,338
00001546.jpg,402,122,496,237,556,338
00001547.jpg,402,122,496,237,556,338
00001548.jpg,402,122,496,237,555,340
00001549.jpg,402,122,496,237,555,340
00001550.jpg,402,122,496,237,555,340
00001551.jpg,402,121,496,236,555,340
00001552.jpg,401,121,495,236,555,340
00001553.jpg,401,120,495,235,554,341
00001554.jpg,400,119,494,234,555,341
00001555.jpg,400,119,494,234,558,341
00001556.jpg,399,119,493,234,706,361
00001557.jpg,403,119,496,229,677,256
00001558.jpg,403,119,496,229,678,256
00001559.jpg,402,118,495,228,677,255
00001560.jpg,402,118,495,228,678,253
00001561.jpg,401,117,494,227,678,252
00001562.jpg,400,116,493,226,678,250
00001563.jpg,398,115,491,225,678,250
00001564.jpg,397,114,490,224,679,249
00001565.jpg,397,114,490,224,679,249
00001566.jpg,396,114,489,224,680,248
00001567.jpg,395,113,488,223,680,248
00001568.jpg,395,113,488,223,679,248
00001569.jpg,394,112,487,222,679,248
00001570.jpg,394,112,487,222,679,248
00001571.jpg,394,112,487,222,679,247
00001572.jpg,393,111,486,221,679,247
00001573.jpg,392,110,485,220,679,247
00001574.jpg,392,110,485,220,679,247
00001575.jpg,392,110,485,220,679,247
00001576.jpg,391,108,484,218,679,247
00001577.jpg,391,107,484,217,679,246
00001578.jpg,390,106,483,216,680,246
00001579.jpg,390,105,483,215,680,246
00001580.jpg,390,105,483,215,682,245
00001581.jpg,389,104,482,214,682,245
00001582.jpg,389,103,482,213,682,244
00001583.jpg,389,102,482,212,682,244
00001584.jpg,389,102,482,212,682,244
00001585.jpg,389,102,482,212,681,244
00001586.jpg,389,101,482,211,681,244
00001587.jpg,389,100,482,210,681,243
00001588.jpg,389,99,482,209,682,243
00001589.jpg,389,98,482,208,683,242
00001590.jpg,389,98,482,208,683,242
00001591.jpg,390,97,483,207,683,242
00001592.jpg,390,96,483,206,684,242
00001593.jpg,390,95,483,205,684,242
00001594.jpg,391,93,484,203,684,241
00001595.jpg,391,93,484,203,684,241
00001596.jpg,391,92,484,202,-1,-1
00001597.jpg,392,93,485,203,-1,-1
00001598.jpg,393,93,486,203,-1,-1
00001599.jpg,393,92,486,202,-1,-1
00001600.jpg,393,92,486,202,-1,-1
00001601.jpg,394,93,484,197,-1,-1
00001602.jpg,394,93,484,197,-1,-1
00001603.jpg,394,93,484,197,-1,-1
00001604.jpg,394,94,484,198,-1,-1
00001605.jpg,394,94,484,198,-1,-1
00001606.jpg,394,94,484,198,-1,-1
00001607.jpg,394,94,484,198,-1,-1
00001608.jpg,394,94,484,198,-1,-1
00001609.jpg,394,94,484,198,-1,-1
00001610.jpg,394,94,484,198,-1,-1
00001611.jpg,394,94,484,198,-1,-1
00001612.jpg,394,94,484,198,-1,-1
00001613.jpg,393,93,483,197,-1,-1
00001614.jpg,393,93,483,197,-1,-1
00001615.jpg,393,93,483,197,-1,-1
00001616.jpg,393,93,483,197,-1,-1
00001617.jpg,393,92,483,196,-1,-1
00001618.jpg,393,93,483,197,-1,-1
00001619.jpg,393,93,483,197,-1,-1
00001620.jpg,393,93,483,197,-1,-1
00001621.jpg,393,93,483,197,-1,-1
00001622.jpg,393,93,483,197,-1,-1
00001623.jpg,392,93,482,197,-1,-1
00001624.jpg,392,93,482,197,-1,-1
00001625.jpg,392,93,482,197,-1,-1
00001626.jpg,392,92,482,196,-1,-1
00001627.jpg,392,92,482,196,-1,-1
00001628.jpg,392,91,482,195,-1,-1
00001629.jpg,392,90,482,194,-1,-1
00001630.jpg,392,90,482,194,-1,-1
00001631.jpg,392,90,482,194,-1,-1
00001632.jpg,392,89,482,193,-1,-1
00001633.jpg,392,89,482,193,-1,-1
00001634.jpg,392,89,482,193,-1,-1
00001635.jpg,392,89,482,193,-1,-1
00001636.jpg,392,89,482,193,-1,-1
00001637.jpg,392,88,482,192,-1,-1
00001638.jpg,392,88,482,192,-1,-1
00001639.jpg,392,88,482,192,-1,-1
00001640.jpg,392,88,482,192,-1,-1
00001641.jpg,392,88,482,192,-1,-1
00001642.jpg,391,89,481,193,-1,-1
00001643.jpg,388,94,479,186,-1,-1
00001644.jpg,388,94,479,186,-1,-1
00001645.jpg,388,94,479,186,-1,-1
00001646.jpg,389,94,480,186,-1,-1
00001647.jpg,390,94,481,186,-1,-1
00001648.jpg,389,95,480,187,-1,-1
00001649.jpg,388,95,479,187,-1,-1
00001650.jpg,388,95,479,187,-1,-1
00001651.jpg,386,95,477,187,-1,-1
00001652.jpg,384,95,475,187,-1,-1
00001653.jpg,383,94,474,186,-1,-1
00001654.jpg,384,94,475,186,-1,-1
00001655.jpg,384,94,475,186,-1,-1
00001656.jpg,383,94,474,186,269,262
00001657.jpg,387,92,474,191,269,262
00001658.jpg,387,92,474,191,268,265
00001659.jpg,386,92,473,191,268,266
00001660.jpg,386,92,473,191,268,266
00001661.jpg,384,93,471,192,268,266
00001662.jpg,382,94,469,193,270,266
00001663.jpg,381,95,468,194,130,170
00001664.jpg,381,95,468,194,130,170
00001665.jpg,382,94,469,193,129,170
00001666.jpg,381,95,468,194,130,170
00001667.jpg,381,95,468,194,130,170
00001668.jpg,381,95,468,194,130,173
00001669.jpg,380,96,467,195,130,172
00001670.jpg,380,96,467,195,131,173
00001671.jpg,379,97,466,196,131,175
00001672.jpg,371,92,465,195,131,176
00001673.jpg,371,92,465,195,131,174
00001674.jpg,371,94,465,197,132,176
00001675.jpg,371,94,465,197,132,175
00001676.jpg,372,96,466,199,131,177
00001677.jpg,372,98,466,201,132,174
00001678.jpg,374,97,470,203,131,176
00001679.jpg,374,97,470,203,132,174
00001680.jpg,374,97,470,203,132,174
00001681.jpg,375,98,471,204,271,269
00001682.jpg,376,100,472,206,269,269
00001683.jpg,377,101,473,207,268,269
00001684.jpg,378,102,474,208,268,269
00001685.jpg,378,102,474,208,267,269
00001686.jpg,378,102,474,208,267,269
00001687.jpg,379,103,475,209,267,269
00001688.jpg,381,104,477,210,267,269
00001689.jpg,382,105,478,211,267,269
00001690.jpg,382,105,478,211,266,269
00001691.jpg,383,106,479,212,265,269
00001692.jpg,383,107,479,213,264,267
00001693.jpg,384,107,480,213,263,266
00001694.jpg,385,108,481,214,262,265
00001695.jpg,385,108,481,214,262,265
00001696.jpg,386,108,482,214,262,265
00001697.jpg,387,107,483,213,262,265
00001698.jpg,385,104,485,219,262,265
00001699.jpg,385,104,485,219,262,265
00001700.jpg,385,104,485,219,262,265
00001701.jpg,384,103,484,218,262,265
00001702.jpg,388,101,488,216,260,265
00001703.jpg,389,100,489,215,260,265
00001704.jpg,388,99,488,214,260,265
00001705.jpg,388,99,488,214,259,265
00001706.jpg,387,99,487,214,259,264
00001707.jpg,387,99,487,214,259,264
00001708.jpg,386,102,486,217,565,323
00001709.jpg,385,102,485,217,565,322
00001710.jpg,385,102,485,217,565,322
00001711.jpg,384,103,484,218,565,322
00001712.jpg,386,103,486,218,565,322
00001713.jpg,386,103,486,218,565,322
00001714.jpg,386,103,486,218,565,322
00001715.jpg,386,103,486,218,565,321
00001716.jpg,386,103,486,218,565,321
00001717.jpg,386,103,486,218,565,321
00001718.jpg,387,103,487,218,565,321
00001719.jpg,387,103,487,218,565,321
00001720.jpg,387,103,487,218,566,319
00001721.jpg,387,103,487,218,566,319
00001722.jpg,387,102,487,217,566,319
00001723.jpg,387,102,487,217,566,319
00001724.jpg,387,102,487,217,566,319
00001725.jpg,387,102,487,217,566,319
00001726.jpg,386,102,486,217,722,388
00001727.jpg,386,101,486,216,687,229
00001728.jpg,386,99,486,214,687,230
00001729.jpg,387,98,487,213,687,229
00001730.jpg,387,98,487,213,687,229
00001731.jpg,387,97,487,212,687,229
00001732.jpg,386,96,486,211,687,229
00001733.jpg,385,94,485,209,687,227
00001734.jpg,385,93,485,208,686,225
00001735.jpg,385,93,485,208,687,225
00001736.jpg,385,92,485,207,687,225
00001737.jpg,384,90,483,200,687,225
00001738.jpg,384,90,483,200,687,225
00001739.jpg,384,88,483,198,688,225
00001740.jpg,384,88,483,198,688,225
00001741.jpg,384,87,483,197,688,225
00001742.jpg,383,86,482,196,688,223
00001743.jpg,382,85,481,195,688,223
00001744.jpg,384,87,483,197,688,223
00001745.jpg,384,87,483,197,688,223
00001746.jpg,384,87,483,197,688,223
00001747.jpg,384,88,483,198,688,223
00001748.jpg,384,88,483,198,688,223
00001749.jpg,385,89,484,199,686,224
00001750.jpg,385,89,484,199,686,224
00001751.jpg,385,89,484,199,566,319
00001752.jpg,387,90,486,200,466,420
00001753.jpg,387,90,486,200,369,406
00001754.jpg,386,90,485,200,252,252
00001755.jpg,385,90,484,200,252,252
00001756.jpg,385,91,484,201,252,252
00001757.jpg,385,91,484,201,252,252
00001758.jpg,384,91,483,201,252,252
00001759.jpg,384,90,483,200,252,252
00001760.jpg,384,90,483,200,252,252
00001761.jpg,384,90,483,200,252,252
00001762.jpg,384,90,483,200,140,170
00001763.jpg,388,87,483,195,138,173
00001764.jpg,388,87,483,195,138,172
00001765.jpg,388,87,483,195,139,172
00001766.jpg,388,87,483,195,140,170
00001767.jpg,387,87,482,195,141,170
00001768.jpg,386,88,481,196,271,382
00001769.jpg,385,89,480,197,331,245
00001770.jpg,385,89,480,197,330,246
00001771.jpg,383,88,482,198,330,246
00001772.jpg,383,88,482,198,330,246
00001773.jpg,381,91,480,201,330,246
00001774.jpg,379,93,478,203,330,246
00001775.jpg,379,93,478,203,330,245
00001776.jpg,377,93,476,203,330,245
00001777.jpg,376,92,475,202,329,245
00001778.jpg,376,92,475,202,329,245
00001779.jpg,376,92,475,202,328,245
00001780.jpg,376,92,475,202,327,245
00001781.jpg,376,91,475,201,327,245
00001782.jpg,377,91,476,201,327,245
00001783.jpg,378,90,477,200,326,246
00001784.jpg,378,90,477,200,326,246
00001785.jpg,378,90,477,200,326,246
00001786.jpg,379,89,478,199,326,246
00001787.jpg,379,88,478,198,326,246
00001788.jpg,380,88,479,198,326,246
00001789.jpg,380,87,479,197,324,246
00001790.jpg,380,87,479,197,324,246
00001791.jpg,380,88,479,198,324,246
00001792.jpg,380,88,479,198,324,246
00001793.jpg,380,88,479,198,324,246
00001794.jpg,382,87,481,197,324,246
00001795.jpg,382,87,481,197,323,245
00001796.jpg,383,87,482,197,322,245
00001797.jpg,383,87,482,197,323,245
00001798.jpg,383,87,482,197,322,243
00001799.jpg,384,87,483,197,320,241
00001800.jpg,384,87,483,197,319,240
00001801.jpg,385,87,484,197,114,238
00001802.jpg,386,87,485,197,114,238
00001803.jpg,386,87,485,197,115,238
00001804.jpg,387,87,486,197,140,173
00001805.jpg,387,87,486,197,140,173
00001806.jpg,387,86,490,201,140,173
00001807.jpg,387,86,490,201,-1,-1
00001808.jpg,387,82,486,190,-1,-1
00001809.jpg,389,76,484,177,-1,-1
00001810.jpg,389,76,484,177,-1,-1
00001811.jpg,391,68,486,169,-1,-1
00001812.jpg,387,63,480,161,-1,-1
00001813.jpg,387,63,480,161,-1,-1
00001814.jpg,387,60,480,158,-1,-1
00001815.jpg,387,60,480,158,-1,-1
00001816.jpg,386,58,479,156,-1,-1
00001817.jpg,385,57,478,155,-1,-1
00001818.jpg,384,58,477,156,-1,-1
00001819.jpg,383,59,476,157,-1,-1
00001820.jpg,383,59,476,157,-1,-1
00001821.jpg,385,61,473,150,-1,-1
00001822.jpg,385,61,473,150,-1,-1
00001823.jpg,385,62,473,151,-1,-1
00001824.jpg,385,62,473,151,-1,-1
00001825.jpg,385,62,473,151,-1,-1
00001826.jpg,388,61,474,152,-1,-1
00001827.jpg,388,61,474,152,-1,-1
00001828.jpg,388,61,474,152,-1,-1
00001829.jpg,388,62,474,153,-1,-1
00001830.jpg,388,62,474,153,-1,-1
00001831.jpg,388,63,474,154,-1,-1
00001832.jpg,388,67,476,152,-1,-1
00001833.jpg,388,67,476,152,-1,-1
00001834.jpg,388,68,476,153,-1,-1
00001835.jpg,388,68,476,153,-1,-1
00001836.jpg,389,67,477,158,-1,-1
00001837.jpg,389,67,477,158,-1,-1
00001838.jpg,389,69,477,160,-1,-1
00001839.jpg,388,72,476,163,-1,-1
00001840.jpg,388,72,476,163,-1,-1
00001841.jpg,390,77,478,171,-1,-1
00001842.jpg,390,77,478,171,-1,-1
00001843.jpg,387,82,475,176,212,390
00001844.jpg,389,75,481,181,295,417
00001845.jpg,389,75,481,181,296,417
00001846.jpg,385,77,477,183,183,368
00001847.jpg,385,77,477,183,182,368
00001848.jpg,385,79,477,185,182,368
00001849.jpg,386,80,478,186,182,368
00001850.jpg,386,80,478,186,182,368
00001851.jpg,386,80,478,186,182,368
00001852.jpg,387,80,479,186,182,368
00001853.jpg,388,81,480,187,182,368
00001854.jpg,389,81,481,187,182,368
00001855.jpg,389,81,481,187,182,368
00001856.jpg,389,81,481,187,182,368
00001857.jpg,389,82,481,188,182,368
00001858.jpg,390,81,482,187,182,368
00001859.jpg,390,81,482,187,182,368
00001860.jpg,390,81,482,187,182,368
00001861.jpg,390,80,482,186,182,368
00001862.jpg,391,79,483,185,182,368
00001863.jpg,391,78,483,184,182,368
00001864.jpg,392,80,484,186,182,368
00001865.jpg,392,80,484,186,182,368
00001866.jpg,392,79,483,180,182,368
00001867.jpg,392,79,483,180,182,368
00001868.jpg,391,77,482,178,182,369
00001869.jpg,389,76,480,177,182,369
00001870.jpg,389,76,480,177,182,369
00001871.jpg,387,77,478,178,182,369
00001872.jpg,385,79,476,180,182,369
00001873.jpg,383,80,474,181,183,369
00001874.jpg,381,81,472,182,183,369
00001875.jpg,381,81,472,182,182,369
00001876.jpg,381,79,472,180,183,368
00001877.jpg,381,81,472,182,183,368
00001878.jpg,383,81,474,182,183,368
00001879.jpg,385,81,476,182,183,368
00001880.jpg,385,81,476,182,183,368
00001881.jpg,387,82,478,183,183,368
00001882.jpg,388,83,479,184,183,368
00001883.jpg,390,86,481,187,183,368
00001884.jpg,391,90,482,191,183,368
00001885.jpg,391,90,482,191,183,368
00001886.jpg,390,94,481,195,228,386
00001887.jpg,389,101,480,202,300,418
00001888.jpg,385,109,476,210,300,418
00001889.jpg,380,119,471,220,300,418
00001890.jpg,380,119,471,220,300,418
00001891.jpg,374,128,465,229,300,418
00001892.jpg,365,139,456,240,300,418
00001893.jpg,353,148,451,257,300,418
00001894.jpg,343,154,444,270,299,418
00001895.jpg,343,154,444,270,300,420
00001896.jpg,340,160,441,276,300,421
00001897.jpg,339,161,440,277,300,422
00001898.jpg,343,158,444,274,300,424
00001899.jpg,349,152,450,268,299,424
00001900.jpg,349,152,450,268,299,424
00001901.jpg,356,143,457,259,297,424
00001902.jpg,364,131,465,247,285,405
00001903.jpg,371,116,472,232,271,368
00001904.jpg,377,105,478,221,264,346
00001905.jpg,377,105,478,221,264,346
00001906.jpg,382,93,483,209,243,305
00001907.jpg,385,84,486,200,230,266
00001908.jpg,387,74,488,190,204,231
00001909.jpg,391,66,492,182,178,210
00001910.jpg,391,66,492,182,178,210
00001911.jpg,394,59,495,175,175,221
00001912.jpg,399,62,497,171,158,218
00001913.jpg,399,62,497,171,138,218
00001914.jpg,404,64,502,173,122,229
00001915.jpg,404,64,502,173,121,229
00001916.jpg,408,68,506,177,107,233
00001917.jpg,412,72,510,181,86,231
00001918.jpg,422,84,519,190,67,225
00001919.jpg,422,84,519,190,57,220
00001920.jpg,422,84,519,190,57,220
00001921.jpg,422,85,519,191,40,215
00001922.jpg,422,86,519,192,31,210
00001923.jpg,420,85,517,191,24,202
00001924.jpg,418,86,515,192,22,200
00001925.jpg,418,86,515,192,22,200
00001926.jpg,415,87,512,193,19,198
00001927.jpg,411,88,508,194,16,195
00001928.jpg,407,88,504,194,19,196
00001929.jpg,404,89,501,195,23,198
00001930.jpg,404,89,501,195,27,199
00001931.jpg,402,91,499,197,36,202
00001932.jpg,398,94,495,200,52,206
00001933.jpg,396,97,493,203,68,213
00001934.jpg,394,101,491,207,87,218
00001935.jpg,394,101,491,207,95,218
00001936.jpg,390,101,484,209,147,268
00001937.jpg,390,101,484,209,140,260
00001938.jpg,389,102,483,210,136,253
00001939.jpg,388,102,482,210,126,252
00001940.jpg,388,102,482,210,120,252
00001941.jpg,387,102,481,210,119,255
00001942.jpg,386,102,480,210,118,253
00001943.jpg,384,102,478,210,119,252
00001944.jpg,383,102,477,210,123,252
00001945.jpg,383,102,477,210,128,252
00001946.jpg,383,102,477,210,130,251
00001947.jpg,382,102,476,210,130,251
00001948.jpg,382,103,476,211,130,251
00001949.jpg,382,103,476,211,132,250
00001950.jpg,382,103,476,211,134,249
00001951.jpg,382,102,476,210,134,248
00001952.jpg,382,103,476,211,135,245
00001953.jpg,382,107,473,206,133,244
00001954.jpg,382,107,473,206,131,242
00001955.jpg,382,107,473,206,131,242
00001956.jpg,383,110,474,209,131,242
00001957.jpg,377,111,474,217,129,237
00001958.jpg,377,111,474,217,123,232
00001959.jpg,377,110,474,216,119,228
00001960.jpg,377,110,474,216,119,228
00001961.jpg,377,109,474,215,115,221
00001962.jpg,378,108,475,214,110,212
00001963.jpg,379,108,476,214,104,205
00001964.jpg,379,108,476,214,102,196
00001965.jpg,379,108,476,214,100,190
00001966.jpg,379,107,476,213,96,182
00001967.jpg,378,107,475,213,95,177
00001968.jpg,379,106,476,212,93,174
00001969.jpg,380,105,477,211,195,253
00001970.jpg,380,105,477,211,199,254
00001971.jpg,381,104,478,210,602,337
00001972.jpg,380,104,477,210,-1,-1
00001973.jpg,382,104,479,210,-1,-1
00001974.jpg,384,104,481,210,-1,-1
00001975.jpg,384,104,481,210,-1,-1
00001976.jpg,386,103,483,209,566,149
00001977.jpg,386,102,483,208,567,150
00001978.jpg,386,101,483,207,567,150
00001979.jpg,386,101,483,207,567,150
00001980.jpg,386,101,483,207,566,150
00001981.jpg,386,100,488,211,562,150
00001982.jpg,386,100,488,211,562,150
00001983.jpg,385,99,487,210,558,150
00001984.jpg,384,98,486,209,556,150
00001985.jpg,384,98,486,209,552,150
00001986.jpg,383,97,485,208,548,150
00001987.jpg,382,96,484,207,546,150
00001988.jpg,380,95,482,206,544,152
00001989.jpg,379,94,481,205,542,149
00001990.jpg,379,94,481,205,541,147
00001991.jpg,377,93,479,204,540,146
00001992.jpg,376,91,478,202,539,146
00001993.jpg,374,89,476,200,536,144
00001994.jpg,371,86,473,197,532,143
00001995.jpg,371,86,473,197,530,143
00001996.jpg,368,83,470,194,528,144
00001997.jpg,364,80,466,191,525,145
00001998.jpg,360,76,462,187,522,146
00001999.jpg,356,72,458,183,520,149
00002000.jpg,356,72,458,183,518,149
00002001.jpg,354,69,456,180,515,150
00002002.jpg,354,65,456,176,511,154
00002003.jpg,355,63,457,174,512,153
00002004.jpg,359,63,461,174,511,152
00002005.jpg,359,63,461,174,510,150
00002006.jpg,362,63,464,174,509,149
00002007.jpg,367,65,469,176,509,149
00002008.jpg,370,67,472,178,508,150
00002009.jpg,372,70,474,181,508,150
00002010.jpg,372,70,474,181,508,150
00002011.jpg,374,74,476,185,502,157
00002012.jpg,376,80,478,191,501,160
00002013.jpg,378,85,480,196,499,164
00002014.jpg,380,91,482,202,498,168
00002015.jpg,380,91,482,202,498,170
00002016.jpg,382,97,484,208,496,171
00002017.jpg,384,101,486,212,494,173
00002018.jpg,386,105,488,216,494,175
00002019.jpg,389,107,491,218,494,174
00002020.jpg,389,107,491,218,495,174
00002021.jpg,391,107,493,218,495,175
00002022.jpg,393,107,495,218,498,177
00002023.jpg,394,105,496,216,502,179
00002024.jpg,394,103,496,214,592,332
00002025.jpg,394,103,496,214,592,333
00002026.jpg,394,99,496,210,591,332
00002027.jpg,396,96,498,207,591,332
00002028.jpg,397,92,499,203,590,332
00002029.jpg,397,89,499,200,591,333
00002030.jpg,397,89,499,200,592,333
00002031.jpg,398,86,500,197,592,334
00002032.jpg,400,85,502,196,232,271
00002033.jpg,400,85,502,196,228,268
00002034.jpg,404,83,496,192,161,209
00002035.jpg,404,83,496,192,161,208
00002036.jpg,402,84,494,193,162,206
00002037.jpg,401,85,493,194,355,206
00002038.jpg,399,87,491,196,358,206
00002039.jpg,397,90,489,199,358,207
00002040.jpg,397,90,489,199,360,208
00002041.jpg,395,91,487,200,362,208
00002042.jpg,390,89,490,203,363,209
00002043.jpg,390,89,490,203,365,209
00002044.jpg,391,89,491,203,370,208
00002045.jpg,391,89,491,203,374,207
00002046.jpg,393,88,493,202,376,205
00002047.jpg,395,88,495,202,379,205
00002048.jpg,398,88,498,202,383,204
00002049.jpg,401,87,501,201,383,204
00002050.jpg,401,87,501,201,383,204
00002051.jpg,404,86,504,200,390,203
00002052.jpg,406,86,506,200,393,204
00002053.jpg,407,85,507,199,395,204
00002054.jpg,408,85,508,199,396,204
00002055.jpg,408,85,508,199,396,204
00002056.jpg,409,85,509,199,395,203
00002057.jpg,408,88,508,202,395,203
00002058.jpg,409,91,509,205,394,203
00002059.jpg,407,97,507,211,393,203
00002060.jpg,407,97,507,211,392,203
00002061.jpg,407,103,507,217,393,203
00002062.jpg,407,105,506,214,392,204
00002063.jpg,407,105,506,214,391,202
00002064.jpg,406,108,505,217,394,202
00002065.jpg,406,108,505,217,394,204
00002066.jpg,406,111,505,220,394,203
00002067.jpg,405,113,504,222,394,205
00002068.jpg,405,115,504,224,394,205
00002069.jpg,405,118,504,227,394,208
00002070.jpg,405,118,504,227,394,208
00002071.jpg,405,121,504,230,394,209
00002072.jpg,404,126,503,235,394,212
00002073.jpg,404,129,503,238,394,214
00002074.jpg,404,133,503,242,393,216
00002075.jpg,404,133,503,242,392,216
00002076.jpg,404,136,503,245,390,216
00002077.jpg,403,132,502,237,387,217
00002078.jpg,403,132,502,237,387,217
00002079.jpg,405,127,504,232,346,316
00002080.jpg,405,127,504,232,347,315
00002081.jpg,408,119,512,233,295,402
00002082.jpg,411,108,511,225,294,402
00002083.jpg,412,102,517,219,106,200
00002084.jpg,414,94,515,210,106,200
00002085.jpg,414,94,515,210,105,199
00002086.jpg,416,87,517,203,104,198
00002087.jpg,417,88,514,197,106,198
00002088.jpg,418,81,516,187,107,199
00002089.jpg,418,81,516,187,107,200
00002090.jpg,418,81,516,187,107,199
00002091.jpg,419,78,517,184,108,200
00002092.jpg,419,75,517,181,108,200
00002093.jpg,420,73,518,179,107,201
00002094.jpg,421,72,519,178,108,204
00002095.jpg,421,72,519,178,110,209
00002096.jpg,422,70,520,176,111,209
00002097.jpg,422,69,520,175,113,210
00002098.jpg,423,68,521,174,113,210
00002099.jpg,423,67,521,173,113,210
00002100.jpg,423,67,521,173,115,212
00002101.jpg,423,67,521,173,116,212
00002102.jpg,422,66,520,172,119,213
00002103.jpg,420,66,518,172,125,215
00002104.jpg,418,65,516,171,127,216
00002105.jpg,418,65,516,171,128,217
00002106.jpg,415,65,513,171,131,218
00002107.jpg,414,67,512,173,133,218
00002108.jpg,411,68,509,174,133,218
00002109.jpg,408,70,506,176,130,220
00002110.jpg,408,70,506,176,130,220
00002111.jpg,403,73,501,179,131,219
00002112.jpg,397,74,495,180,131,219
00002113.jpg,392,75,490,181,130,217
00002114.jpg,388,75,486,181,130,217
00002115.jpg,388,75,486,181,130,217
00002116.jpg,384,76,482,182,130,217
00002117.jpg,381,76,479,182,130,217
00002118.jpg,378,75,476,181,130,217
00002119.jpg,375,74,473,180,130,217
00002120.jpg,375,74,473,180,130,217
00002121.jpg,372,74,470,180,130,217
00002122.jpg,369,73,467,179,130,217
00002123.jpg,365,72,463,178,130,217
00002124.jpg,362,71,460,177,130,220
00002125.jpg,362,71,460,177,130,220
00002126.jpg,359,73,457,179,129,218
00002127.jpg,355,74,453,180,129,218
00002128.jpg,353,80,449,188,129,218
00002129.jpg,353,80,449,188,129,218
00002130.jpg,353,80,449,188,129,218
00002131.jpg,352,83,448,191,129,218
00002132.jpg,351,86,447,194,129,218
00002133.jpg,350,88,446,196,129,218
00002134.jpg,351,89,447,197,129,218
00002135.jpg,351,89,447,197,129,218
00002136.jpg,353,91,449,199,129,218
00002137.jpg,352,92,444,192,129,218
00002138.jpg,357,92,449,192,128,218
00002139.jpg,363,91,455,191,128,218
00002140.jpg,363,91,455,191,128,218
00002141.jpg,370,89,462,189,128,218
00002142.jpg,378,86,470,186,128,218
00002143.jpg,387,83,479,183,709,250
00002144.jpg,396,79,488,179,709,250
00002145.jpg,396,79,488,179,711,250
00002146.jpg,402,77,497,182,711,250
00002147.jpg,413,78,504,181,711,250
00002148.jpg,420,77,511,180,711,250
00002149.jpg,420,77,511,180,711,250
00002150.jpg,420,77,511,180,711,250
00002151.jpg,424,76,515,179,711,250
00002152.jpg,427,76,518,179,711,250
00002153.jpg,429,76,520,179,711,250
00002154.jpg,430,77,521,180,711,250
00002155.jpg,430,77,521,180,711,250
00002156.jpg,429,78,520,181,711,250
00002157.jpg,428,78,519,181,711,250
00002158.jpg,427,78,518,181,711,250
00002159.jpg,425,79,516,182,711,250
00002160.jpg,425,79,516,182,711,250
00002161.jpg,424,79,515,182,711,249
00002162.jpg,422,79,513,182,711,249
00002163.jpg,420,79,511,182,711,249
00002164.jpg,418,80,509,183,711,249
00002165.jpg,418,80,509,183,711,249
00002166.jpg,416,80,507,183,711,249
00002167.jpg,413,81,504,184,709,250
00002168.jpg,410,83,501,186,709,250
00002169.jpg,407,85,498,188,709,250
00002170.jpg,413,78,503,182,708,251
00002171.jpg,409,81,499,185,708,251
00002172.jpg,405,84,495,188,707,253
00002173.jpg,401,87,491,191,707,253
00002174.jpg,398,90,488,194,588,342
00002175.jpg,391,89,481,191,588,342
00002176.jpg,385,90,478,198,588,342
00002177.jpg,385,90,478,198,588,342
00002178.jpg,383,91,476,199,587,342
00002179.jpg,380,91,473,199,587,342
00002180.jpg,380,91,473,199,587,342
00002181.jpg,378,92,471,200,587,342
00002182.jpg,373,94,468,196,587,341
00002183.jpg,370,95,465,197,587,343
00002184.jpg,367,93,462,195,587,341
00002185.jpg,367,93,462,195,587,341
00002186.jpg,364,91,459,193,587,341
00002187.jpg,369,91,460,190,587,341
00002188.jpg,368,90,459,189,587,341
00002189.jpg,368,90,459,189,735,364
00002190.jpg,368,90,459,189,734,364
00002191.jpg,370,90,461,189,708,250
00002192.jpg,373,90,464,189,707,250
00002193.jpg,377,88,468,187,706,249
00002194.jpg,379,88,470,187,704,249
00002195.jpg,379,88,470,187,706,249
00002196.jpg,380,86,471,185,705,249
00002197.jpg,383,85,474,184,707,249
00002198.jpg,385,83,476,182,707,249
00002199.jpg,389,82,480,181,708,249
00002200.jpg,389,82,480,181,708,249
00002201.jpg,392,81,483,180,708,247
00002202.jpg,395,80,486,179,708,247
00002203.jpg,398,79,489,178,708,247
00002204.jpg,402,79,493,178,708,247
00002205.jpg,402,79,493,178,708,247
00002206.jpg,404,78,495,177,708,247
00002207.jpg,407,78,498,177,708,247
00002208.jpg,409,77,500,176,708,247
00002209.jpg,410,77,501,176,708,247
00002210.jpg,410,77,501,176,708,247
00002211.jpg,412,77,503,176,708,247
00002212.jpg,413,77,504,176,708,246
00002213.jpg,414,77,505,176,709,246
00002214.jpg,415,78,506,177,710,247
00002215.jpg,415,78,506,177,710,247
00002216.jpg,415,78,506,177,712,248
00002217.jpg,415,79,506,178,714,248
00002218.jpg,415,80,506,179,714,248
00002219.jpg,415,81,506,180,715,248
00002220.jpg,415,81,506,180,716,248
00002221.jpg,415,84,506,183,718,248
00002222.jpg,414,86,505,185,587,331
00002223.jpg,412,87,503,186,586,331
00002224.jpg,409,86,500,185,587,331
00002225.jpg,409,86,500,185,587,332
00002226.jpg,407,86,498,185,587,333
00002227.jpg,405,86,496,185,587,333
00002228.jpg,403,86,494,185,587,333
00002229.jpg,401,86,492,185,587,333
00002230.jpg,400,86,491,185,587,333
00002231.jpg,399,86,490,185,717,249
00002232.jpg,397,86,488,185,718,249
00002233.jpg,395,85,486,184,716,250
00002234.jpg,393,85,484,184,717,250
00002235.jpg,393,85,484,184,717,251
00002236.jpg,392,85,483,184,715,252
00002237.jpg,391,85,482,184,715,252
00002238.jpg,391,85,482,184,715,252
00002239.jpg,390,85,481,184,715,252
00002240.jpg,390,85,481,184,715,252
00002241.jpg,389,85,480,184,715,252
00002242.jpg,388,85,479,184,715,252
00002243.jpg,387,84,478,183,715,252
00002244.jpg,384,84,475,183,170,250
00002245.jpg,384,84,475,183,169,250
00002246.jpg,386,84,477,183,170,250
00002247.jpg,385,85,476,184,118,216
00002248.jpg,385,85,476,184,116,215
