00001438.jpg,216,244,310,347,555,382
00001439.jpg,227,248,315,345,564,373
00001440.jpg,227,248,315,345,565,373
00001441.jpg,233,247,321,344,567,370
00001442.jpg,240,246,328,343,575,361
00001443.jpg,245,245,333,342,581,354
00001444.jpg,248,245,336,342,584,353
00001445.jpg,248,245,336,342,584,353
00001446.jpg,257,248,345,345,587,350
00001447.jpg,261,249,349,346,-1,-1
00001448.jpg,264,249,352,346,-1,-1
00001449.jpg,264,249,352,346,-1,-1
00001450.jpg,264,249,352,346,-1,-1
00001451.jpg,263,248,351,345,-1,-1
00001452.jpg,262,249,350,346,-1,-1
00001453.jpg,260,250,348,347,-1,-1
00001454.jpg,258,253,346,350,-1,-1
00001455.jpg,258,253,346,350,-1,-1
00001456.jpg,245,248,333,345,-1,-1
00001457.jpg,243,251,331,348,-1,-1
00001458.jpg,242,255,330,352,-1,-1
00001459.jpg,241,258,329,355,-1,-1
00001460.jpg,241,258,329,355,-1,-1
00001461.jpg,239,260,327,357,585,356
00001462.jpg,238,261,326,358,581,356
00001463.jpg,237,261,325,358,581,354
00001464.jpg,235,260,323,357,579,352
00001465.jpg,235,260,323,357,579,351
00001466.jpg,232,259,320,356,577,350
00001467.jpg,231,259,319,356,574,351
00001468.jpg,230,259,318,356,569,353
00001469.jpg,229,249,320,346,565,358
00001470.jpg,229,249,320,346,563,358
00001471.jpg,228,248,319,345,561,354
00001472.jpg,227,247,318,344,557,356
00001473.jpg,223,241,313,339,556,359
00001474.jpg,223,241,313,339,555,359
00001475.jpg,223,241,313,339,554,357
00001476.jpg,216,234,309,329,543,360
00001477.jpg,216,234,309,329,540,359
00001478.jpg,210,223,302,321,643,250
00001479.jpg,210,223,302,321,639,244
00001480.jpg,210,223,302,321,639,243
00001481.jpg,210,221,302,319,421,186
00001482.jpg,210,220,302,318,425,186
00001483.jpg,209,220,301,318,426,186
00001484.jpg,205,212,297,306,427,186
00001485.jpg,205,212,297,306,425,186
00001486.jpg,205,212,297,306,425,186
00001487.jpg,205,211,297,305,426,187
00001488.jpg,202,205,294,299,426,190
00001489.jpg,198,199,290,293,426,192
00001490.jpg,198,199,290,293,426,193
00001491.jpg,197,194,289,288,426,194
00001492.jpg,196,185,287,279,426,194
00001493.jpg,196,179,287,273,427,191
00001494.jpg,195,175,286,269,429,188
00001495.jpg,195,175,286,269,432,188
00001496.jpg,195,172,286,266,435,184
00001497.jpg,195,170,286,264,439,184
00001498.jpg,195,169,286,263,443,184
00001499.jpg,196,169,287,263,448,182
00001500.jpg,196,169,287,263,447,180
00001501.jpg,196,168,287,262,449,177
00001502.jpg,198,172,288,262,454,179
00001503.jpg,198,172,288,262,461,187
00001504.jpg,199,173,289,263,463,194
00001505.jpg,199,173,289,263,463,196
00001506.jpg,201,176,291,266,465,206
00001507.jpg,208,183,298,277,464,212
00001508.jpg,212,187,302,286,464,216
00001509.jpg,213,191,308,294,464,216
00001510.jpg,213,191,308,294,464,216
00001511.jpg,217,195,312,298,464,216
00001512.jpg,222,198,317,301,464,216
00001513.jpg,233,200,321,299,464,216
00001514.jpg,240,203,328,300,462,216
00001515.jpg,240,203,328,300,461,215
00001516.jpg,245,202,333,299,460,214
00001517.jpg,251,200,339,297,459,213
00001518.jpg,256,200,344,297,459,210
00001519.jpg,262,199,350,296,458,207
00001520.jpg,262,199,350,296,458,208
00001521.jpg,267,199,355,296,458,205
00001522.jpg,271,199,359,296,458,202
00001523.jpg,274,198,362,295,457,200
00001524.jpg,276,197,364,294,456,200
00001525.jpg,276,197,364,294,457,200
00001526.jpg,279,193,367,290,457,197
00001527.jpg,280,191,368,288,457,197
00001528.jpg,281,188,369,285,457,197
00001529.jpg,282,185,370,282,457,197
00001530.jpg,282,185,370,282,457,196
00001531.jpg,282,183,370,280,457,196
00001532.jpg,283,182,371,279,456,196
00001533.jpg,283,181,371,278,455,195
00001534.jpg,284,180,372,277,455,195
00001535.jpg,284,180,372,277,453,193
00001536.jpg,287,179,375,276,453,192
00001537.jpg,287,180,375,277,453,192
00001538.jpg,288,182,376,279,453,192
00001539.jpg,290,183,378,280,453,190
00001540.jpg,290,183,378,280,453,188
00001541.jpg,290,186,378,283,453,188
00001542.jpg,290,188,378,285,453,186
00001543.jpg,290,189,378,286,453,186
00001544.jpg,289,191,377,288,453,184
00001545.jpg,289,191,377,288,453,184
00001546.jpg,288,192,376,289,455,183
00001547.jpg,286,193,374,290,455,183
00001548.jpg,284,194,372,291,455,181
00001549.jpg,282,194,370,291,455,181
00001550.jpg,282,194,370,291,455,181
00001551.jpg,281,195,369,292,455,181
00001552.jpg,280,196,368,293,455,181
00001553.jpg,279,197,367,294,457,181
00001554.jpg,279,197,367,294,455,181
00001555.jpg,279,197,367,294,455,181
00001556.jpg,278,198,366,295,453,180
00001557.jpg,278,197,366,294,453,180
00001558.jpg,278,197,366,294,450,174
00001559.jpg,270,198,362,290,448,172
00001560.jpg,270,198,362,290,446,172
00001561.jpg,270,198,362,290,445,172
00001562.jpg,270,197,362,289,445,171
00001563.jpg,271,197,363,289,443,170
00001564.jpg,271,197,363,289,443,170
00001565.jpg,271,197,363,289,441,168
00001566.jpg,271,197,363,289,441,169
00001567.jpg,271,197,363,289,439,169
00001568.jpg,272,197,364,289,441,166
00001569.jpg,272,197,364,289,440,168
00001570.jpg,272,197,364,289,438,168
00001571.jpg,272,197,364,289,438,168
00001572.jpg,272,197,364,289,437,167
00001573.jpg,272,197,364,289,437,167
00001574.jpg,272,196,364,288,435,167
00001575.jpg,272,196,364,288,434,165
00001576.jpg,272,196,364,288,432,163
00001577.jpg,271,195,363,287,434,163
00001578.jpg,271,195,363,287,434,162
00001579.jpg,271,195,363,287,434,162
00001580.jpg,271,195,363,287,434,162
00001581.jpg,270,195,362,287,435,160
00001582.jpg,270,194,362,286,435,159
00001583.jpg,270,194,362,286,556,170
00001584.jpg,269,194,361,286,559,333
00001585.jpg,269,194,361,286,558,332
00001586.jpg,269,193,361,285,560,332
00001587.jpg,269,193,361,285,561,332
00001588.jpg,269,192,361,284,561,330
00001589.jpg,269,192,361,284,560,330
00001590.jpg,269,192,361,284,560,329
00001591.jpg,269,191,361,283,561,326
00001592.jpg,269,190,361,282,561,326
00001593.jpg,269,190,361,282,561,324
00001594.jpg,270,190,362,282,561,324
00001595.jpg,270,190,362,282,561,324
00001596.jpg,270,190,362,282,561,324
00001597.jpg,271,190,363,282,561,324
00001598.jpg,272,189,364,281,563,325
00001599.jpg,273,189,365,281,561,325
00001600.jpg,273,189,365,281,562,324
00001601.jpg,274,189,366,281,562,324
00001602.jpg,274,189,366,281,562,324
00001603.jpg,274,189,366,281,563,324
00001604.jpg,275,189,367,281,565,323
00001605.jpg,275,189,367,281,565,322
00001606.jpg,275,189,367,281,565,322
00001607.jpg,275,190,367,282,565,322
00001608.jpg,275,190,367,282,-1,-1
00001609.jpg,275,191,367,283,-1,-1
00001610.jpg,275,191,367,283,-1,-1
00001611.jpg,275,191,367,283,-1,-1
00001612.jpg,275,190,367,282,-1,-1
00001613.jpg,275,190,367,282,-1,-1
00001614.jpg,275,190,367,282,-1,-1
00001615.jpg,275,190,367,282,-1,-1
00001616.jpg,275,190,367,282,-1,-1
00001617.jpg,275,189,367,281,-1,-1
00001618.jpg,275,189,367,281,-1,-1
00001619.jpg,275,188,367,280,-1,-1
00001620.jpg,275,188,367,280,-1,-1
00001621.jpg,275,188,367,280,-1,-1
00001622.jpg,276,188,368,280,-1,-1
00001623.jpg,275,187,367,279,-1,-1
00001624.jpg,275,187,367,279,-1,-1
00001625.jpg,275,187,367,279,-1,-1
00001626.jpg,275,187,367,279,-1,-1
00001627.jpg,276,187,368,279,-1,-1
00001628.jpg,276,187,368,279,-1,-1
00001629.jpg,276,188,368,280,-1,-1
00001630.jpg,276,188,368,280,-1,-1
00001631.jpg,276,188,368,280,-1,-1
00001632.jpg,276,188,368,280,-1,-1
00001633.jpg,275,188,367,280,-1,-1
00001634.jpg,275,188,367,280,-1,-1
00001635.jpg,276,188,368,280,-1,-1
00001636.jpg,276,188,368,280,-1,-1
00001637.jpg,276,188,368,280,-1,-1
00001638.jpg,276,188,368,280,-1,-1
00001639.jpg,276,188,368,280,-1,-1
00001640.jpg,277,188,369,280,-1,-1
00001641.jpg,277,189,369,281,-1,-1
00001642.jpg,277,189,369,281,-1,-1
00001643.jpg,277,189,369,281,-1,-1
00001644.jpg,277,189,369,281,-1,-1
00001645.jpg,277,189,369,281,-1,-1
00001646.jpg,277,189,369,281,-1,-1
00001647.jpg,277,189,369,281,-1,-1
00001648.jpg,276,188,368,280,560,326
00001649.jpg,276,188,368,280,682,233
00001650.jpg,276,188,368,280,455,134
00001651.jpg,275,188,367,280,450,132
00001652.jpg,274,188,366,280,449,134
00001653.jpg,273,188,365,280,445,134
00001654.jpg,272,187,364,279,440,134
00001655.jpg,272,187,364,279,436,134
00001656.jpg,271,188,363,280,435,134
00001657.jpg,270,188,362,280,435,134
00001658.jpg,269,189,361,281,432,134
00001659.jpg,268,189,360,281,432,134
00001660.jpg,268,189,360,281,427,134
00001661.jpg,268,190,360,282,425,134
00001662.jpg,267,190,359,282,421,134
00001663.jpg,266,190,358,282,419,136
00001664.jpg,266,191,358,283,416,139
00001665.jpg,266,191,358,283,411,144
00001666.jpg,265,192,357,284,559,324
00001667.jpg,264,193,356,285,557,324
00001668.jpg,263,194,355,286,557,324
00001669.jpg,268,195,357,287,557,322
00001670.jpg,268,195,357,287,558,322
00001671.jpg,267,196,356,288,559,322
00001672.jpg,267,196,356,288,558,324
00001673.jpg,267,197,356,289,557,324
00001674.jpg,267,199,356,291,557,324
00001675.jpg,267,199,356,291,557,323
00001676.jpg,267,200,356,292,557,322
00001677.jpg,268,202,357,294,557,322
00001678.jpg,268,203,357,295,557,322
00001679.jpg,268,203,357,295,557,322
00001680.jpg,268,203,357,295,557,322
00001681.jpg,268,203,357,295,557,322
00001682.jpg,268,203,357,295,557,322
00001683.jpg,268,202,357,294,557,322
00001684.jpg,268,202,357,294,557,322
00001685.jpg,268,202,357,294,557,322
00001686.jpg,268,202,357,294,557,322
00001687.jpg,268,201,357,293,554,324
00001688.jpg,269,202,358,294,553,324
00001689.jpg,269,202,358,294,553,324
00001690.jpg,269,202,358,294,551,326
00001691.jpg,269,202,358,294,549,326
00001692.jpg,269,203,358,295,550,326
00001693.jpg,268,203,357,295,422,172
00001694.jpg,268,203,357,295,421,172
00001695.jpg,268,203,357,295,421,172
00001696.jpg,267,203,356,295,421,170
00001697.jpg,267,203,356,295,421,170
00001698.jpg,268,203,357,295,422,170
00001699.jpg,268,203,357,295,423,170
00001700.jpg,268,203,357,295,423,170
00001701.jpg,269,204,358,296,423,164
00001702.jpg,270,204,359,296,423,160
00001703.jpg,270,204,359,296,424,157
00001704.jpg,271,204,360,296,425,156
00001705.jpg,271,204,360,296,425,156
00001706.jpg,272,204,361,296,425,156
00001707.jpg,272,204,361,296,427,162
00001708.jpg,272,204,361,296,429,168
00001709.jpg,275,203,361,292,429,168
00001710.jpg,275,203,361,292,430,169
00001711.jpg,275,203,361,292,436,174
00001712.jpg,275,203,361,292,439,174
00001713.jpg,275,203,361,292,443,174
00001714.jpg,275,203,361,292,443,174
00001715.jpg,275,203,361,292,441,174
00001716.jpg,275,203,361,292,441,174
00001717.jpg,275,203,361,292,438,174
00001718.jpg,275,203,361,292,437,174
00001719.jpg,275,204,361,293,438,174
00001720.jpg,275,204,361,293,441,174
00001721.jpg,274,204,360,293,440,174
00001722.jpg,274,204,360,293,441,174
00001723.jpg,274,204,360,293,442,173
00001724.jpg,274,204,360,293,443,172
00001725.jpg,273,204,359,293,445,170
00001726.jpg,273,204,359,293,445,170
00001727.jpg,273,204,359,293,444,168
00001728.jpg,273,204,359,293,443,164
00001729.jpg,273,204,359,293,443,161
00001730.jpg,273,204,359,293,443,160
00001731.jpg,272,204,358,293,443,159
00001732.jpg,272,204,358,293,444,155
00001733.jpg,271,204,357,293,444,153
00001734.jpg,271,204,357,293,443,153
00001735.jpg,271,204,357,293,443,152
00001736.jpg,270,204,356,293,443,151
00001737.jpg,270,204,356,293,443,147
00001738.jpg,270,203,356,292,443,145
00001739.jpg,270,202,356,291,443,144
00001740.jpg,270,202,356,291,443,144
00001741.jpg,269,202,355,291,441,142
00001742.jpg,269,202,355,291,441,140
00001743.jpg,269,202,355,291,437,140
00001744.jpg,269,202,355,291,433,139
00001745.jpg,269,202,355,291,434,139
00001746.jpg,269,202,355,291,433,139
00001747.jpg,269,201,355,290,436,140
00001748.jpg,269,201,355,290,438,140
00001749.jpg,269,201,355,290,440,143
00001750.jpg,269,201,355,290,440,143
00001751.jpg,268,202,354,291,435,144
00001752.jpg,268,202,354,291,433,145
00001753.jpg,268,202,354,291,425,146
00001754.jpg,268,202,354,291,423,146
00001755.jpg,268,202,354,291,420,148
00001756.jpg,268,202,354,291,418,148
00001757.jpg,268,202,354,291,417,149
00001758.jpg,268,202,354,291,417,149
00001759.jpg,268,202,354,291,417,149
00001760.jpg,268,202,354,291,417,148
00001761.jpg,268,202,354,291,417,148
00001762.jpg,269,202,355,291,415,146
00001763.jpg,269,202,355,291,415,146
00001764.jpg,269,202,355,291,411,146
00001765.jpg,269,202,355,291,411,146
00001766.jpg,269,202,355,291,411,144
00001767.jpg,269,202,355,291,410,144
00001768.jpg,269,202,355,291,409,146
00001769.jpg,269,202,355,291,407,148
00001770.jpg,269,202,355,291,406,150
00001771.jpg,269,202,355,291,405,154
00001772.jpg,269,202,355,291,404,156
00001773.jpg,269,202,355,291,403,160
00001774.jpg,269,201,355,290,559,318
00001775.jpg,268,202,354,291,561,318
00001776.jpg,268,202,354,291,561,318
00001777.jpg,268,202,354,291,560,318
00001778.jpg,268,201,354,290,560,318
00001779.jpg,267,201,353,290,560,318
00001780.jpg,267,201,353,290,559,318
00001781.jpg,267,201,353,290,559,318
00001782.jpg,266,201,352,290,559,318
00001783.jpg,265,200,351,289,560,319
00001784.jpg,265,200,351,289,559,319
00001785.jpg,265,200,351,289,560,318
00001786.jpg,265,200,351,289,559,318
00001787.jpg,265,200,351,289,559,318
00001788.jpg,265,199,351,288,559,318
00001789.jpg,265,199,351,288,559,318
00001790.jpg,265,199,351,288,559,318
00001791.jpg,264,204,350,292,559,317
00001792.jpg,264,204,350,292,559,318
00001793.jpg,264,204,350,292,559,318
00001794.jpg,264,204,350,292,405,161
00001795.jpg,264,204,350,292,404,159
00001796.jpg,264,203,350,291,404,158
00001797.jpg,263,203,349,291,404,157
00001798.jpg,264,203,350,291,405,156
00001799.jpg,264,203,350,291,407,156
00001800.jpg,264,203,350,291,407,156
00001801.jpg,264,203,350,291,408,156
00001802.jpg,264,203,350,291,409,156
00001803.jpg,263,203,349,291,408,156
00001804.jpg,263,202,349,290,409,156
00001805.jpg,263,202,349,290,409,156
00001806.jpg,262,201,348,289,412,156
00001807.jpg,261,203,347,291,413,151
00001808.jpg,261,203,347,291,421,135
00001809.jpg,262,203,348,291,433,122
00001810.jpg,262,203,348,291,433,122
00001811.jpg,262,203,348,291,435,111
00001812.jpg,263,203,349,291,437,110
00001813.jpg,264,202,350,290,437,99
00001814.jpg,264,202,350,290,438,94
00001815.jpg,264,202,350,290,441,92
00001816.jpg,264,202,350,290,439,92
00001817.jpg,263,202,349,290,439,92
00001818.jpg,262,203,348,291,437,91
00001819.jpg,261,203,347,291,437,91
00001820.jpg,261,203,347,291,437,91
00001821.jpg,259,204,345,292,-1,-1
00001822.jpg,257,204,343,292,-1,-1
00001823.jpg,255,204,341,292,-1,-1
00001824.jpg,253,203,339,291,-1,-1
00001825.jpg,253,203,339,291,-1,-1
00001826.jpg,252,204,338,292,-1,-1
00001827.jpg,250,196,339,294,393,388
00001828.jpg,250,196,339,294,337,376
00001829.jpg,251,202,339,304,321,374
00001830.jpg,251,202,339,304,312,380
00001831.jpg,257,219,337,309,312,380
00001832.jpg,257,254,348,343,312,380
00001833.jpg,258,268,349,357,311,381
00001834.jpg,258,268,349,357,308,384
00001913.jpg,286,249,371,348,501,338
00001914.jpg,286,243,367,340,507,332
00001915.jpg,286,243,367,340,507,332
00001916.jpg,286,239,367,336,516,325
00001917.jpg,285,234,366,331,525,320
00001918.jpg,281,230,364,324,531,318
00001919.jpg,281,225,364,319,539,313
00001920.jpg,281,225,364,319,543,311
00001921.jpg,281,220,364,314,550,305
00001922.jpg,280,214,363,308,555,304
00001923.jpg,279,209,362,303,564,299
00001924.jpg,279,204,362,298,575,296
00001925.jpg,279,204,362,298,573,294
00001926.jpg,282,204,364,291,573,294
00001927.jpg,283,200,364,287,580,290
00001928.jpg,286,194,363,281,589,286
00001929.jpg,286,194,363,281,604,275
00001930.jpg,286,194,363,281,608,274
00001931.jpg,286,193,363,280,608,274
00001932.jpg,287,192,364,279,595,272
00001933.jpg,287,192,364,279,584,275
00001934.jpg,288,191,365,278,583,272
00001935.jpg,288,191,365,278,583,273
00001936.jpg,288,190,365,277,584,272
00001937.jpg,288,190,365,277,590,271
00001938.jpg,289,189,366,276,595,269
00001939.jpg,289,188,366,275,595,269
00001940.jpg,289,188,366,275,597,268
00001941.jpg,288,189,365,276,599,268
00001942.jpg,287,189,364,276,608,266
00001943.jpg,285,190,362,277,613,264
00001944.jpg,283,191,360,278,618,261
00001945.jpg,283,191,360,278,622,260
00001946.jpg,280,192,357,279,627,257
00001947.jpg,277,193,354,280,631,256
00001948.jpg,275,193,352,280,636,256
00001949.jpg,272,194,349,281,638,254
00001950.jpg,272,194,349,281,639,256
00001951.jpg,270,194,347,281,642,256
00001952.jpg,269,194,346,281,647,255
00001953.jpg,264,190,350,281,653,254
00001954.jpg,264,190,350,281,657,251
00001955.jpg,264,190,350,281,657,251
00001956.jpg,263,190,349,281,661,251
00001957.jpg,262,191,348,282,667,251
00001958.jpg,261,192,347,283,671,249
00001959.jpg,261,192,347,283,678,249
00001960.jpg,261,192,347,283,679,249
00001961.jpg,260,194,346,285,687,249
00001962.jpg,260,195,346,286,699,248
00001963.jpg,259,196,345,287,590,338
00001964.jpg,259,196,345,287,591,337
00001965.jpg,259,196,345,287,593,337
00001966.jpg,259,195,345,286,419,160
00001967.jpg,259,195,345,286,417,162
00001968.jpg,259,194,345,285,417,160
00001969.jpg,259,194,345,285,419,160
00001970.jpg,259,194,345,285,421,160
00001971.jpg,258,194,344,285,422,160
00001972.jpg,258,194,344,285,429,161
00001973.jpg,257,194,343,285,437,161
00001974.jpg,256,194,342,285,442,162
00001975.jpg,256,194,342,285,445,163
00001976.jpg,256,194,342,285,455,163
00001977.jpg,256,194,342,285,456,159
00001978.jpg,256,194,342,285,458,159
00001979.jpg,257,194,343,285,461,155
00001980.jpg,257,194,343,285,561,149
00001981.jpg,257,194,343,285,560,149
00001982.jpg,257,194,343,285,557,149
00001983.jpg,257,194,343,285,555,149
00001984.jpg,257,194,343,285,553,149
00001985.jpg,257,195,343,286,552,149
00001986.jpg,257,195,343,286,549,149
00001987.jpg,257,194,343,285,549,150
00001988.jpg,257,194,343,285,547,151
00001989.jpg,257,193,343,284,545,151
00001990.jpg,257,193,343,284,545,149
00001991.jpg,257,193,343,284,542,146
00001992.jpg,257,192,343,283,540,146
00001993.jpg,256,192,342,283,537,146
00001994.jpg,256,192,342,283,534,145
00001995.jpg,256,192,342,283,533,142
00001996.jpg,256,192,342,283,530,142
00001997.jpg,255,192,341,283,527,144
00001998.jpg,255,192,341,283,524,144
00001999.jpg,254,193,340,284,521,148
00002000.jpg,254,193,340,284,520,148
00002001.jpg,253,193,339,284,519,149
00002002.jpg,253,193,339,284,519,150
00002003.jpg,253,193,339,284,514,148
00002004.jpg,253,192,339,283,511,148
00002005.jpg,253,192,339,283,510,148
00002006.jpg,253,192,339,283,509,148
00002007.jpg,253,193,339,284,509,150
00002008.jpg,253,194,339,285,507,150
00002009.jpg,253,196,339,287,505,154
00002010.jpg,253,196,339,287,505,156
00002011.jpg,253,198,339,289,502,159
00002012.jpg,253,200,339,291,502,161
00002013.jpg,253,201,339,292,501,166
00002014.jpg,254,201,340,292,501,168
00002015.jpg,254,201,340,292,501,170
00002016.jpg,254,201,340,292,500,172
00002017.jpg,256,197,342,288,497,173
00002018.jpg,257,195,343,286,496,174
00002019.jpg,259,191,345,282,497,176
00002020.jpg,259,191,345,282,496,178
00002021.jpg,261,185,347,276,497,180
00002022.jpg,263,180,349,271,593,329
00002023.jpg,265,175,351,266,593,330
00002024.jpg,267,172,353,263,593,329
00002025.jpg,267,172,353,263,592,329
00002026.jpg,269,168,355,259,591,330
00002027.jpg,272,165,358,256,590,331
00002028.jpg,274,162,360,253,591,332
00002029.jpg,276,160,362,251,590,333
00002030.jpg,276,160,362,251,589,334
00002031.jpg,279,159,365,250,589,335
00002032.jpg,282,159,368,250,590,334
00002033.jpg,285,160,371,251,589,334
00002034.jpg,289,160,375,251,590,334
00002035.jpg,289,160,375,251,591,333
00002036.jpg,293,161,379,252,591,333
00002037.jpg,297,161,383,252,591,333
00002038.jpg,301,160,387,251,513,185
00002039.jpg,305,160,391,251,513,185
00002040.jpg,305,160,391,251,514,185
00002041.jpg,309,160,395,251,515,183
00002042.jpg,310,161,396,252,514,183
00002043.jpg,316,160,402,251,513,183
00002044.jpg,319,159,405,250,514,182
00002045.jpg,319,159,405,250,515,184
00002046.jpg,321,158,407,249,515,184
00002047.jpg,323,158,409,249,515,186
00002048.jpg,325,157,411,248,516,188
00002049.jpg,327,157,413,248,520,192
00002050.jpg,327,157,413,248,521,192
00002051.jpg,328,157,414,248,523,194
00002052.jpg,328,157,414,248,524,194
00002053.jpg,328,156,414,247,527,194
00002054.jpg,328,156,414,247,529,194
00002055.jpg,328,156,414,247,529,195
00002056.jpg,329,155,415,246,529,195
00002057.jpg,328,155,414,246,529,195
00002058.jpg,328,154,414,245,529,193
00002059.jpg,327,154,413,248,529,193
00002060.jpg,327,154,413,248,529,192
00002061.jpg,327,154,413,248,527,190
00002062.jpg,328,153,414,247,527,190
00002063.jpg,328,153,414,247,526,189
00002064.jpg,328,154,414,248,524,186
00002065.jpg,328,154,414,248,523,186
00002066.jpg,328,156,414,250,520,188
00002067.jpg,328,158,414,252,519,188
00002068.jpg,330,159,416,253,519,188
00002069.jpg,331,161,417,255,593,338
00002070.jpg,331,161,417,255,593,338
00002071.jpg,332,162,418,256,594,337
00002072.jpg,336,162,423,254,593,337
00002073.jpg,336,162,423,254,583,341
00002074.jpg,334,163,421,255,589,338
00002075.jpg,334,163,421,255,588,338
00002076.jpg,333,163,420,255,713,261
00002077.jpg,332,163,419,255,711,261
00002078.jpg,334,162,421,254,710,259
00002079.jpg,336,161,423,253,713,260
00002080.jpg,336,161,423,253,713,258
00002081.jpg,338,159,425,251,711,258
00002082.jpg,339,157,426,249,711,258
00002083.jpg,337,156,424,248,711,260
00002084.jpg,338,154,425,246,709,260
00002085.jpg,338,154,425,246,709,260
00002086.jpg,340,152,427,244,709,260
00002087.jpg,340,151,427,243,709,260
00002088.jpg,341,150,428,242,709,260
00002089.jpg,341,149,428,241,709,260
00002090.jpg,341,149,428,241,709,260
00002091.jpg,340,148,427,240,709,260
00002092.jpg,341,149,428,241,709,260
00002093.jpg,341,150,428,242,709,260
00002094.jpg,341,150,428,242,709,260
00002095.jpg,341,150,428,242,709,260
00002096.jpg,341,151,428,243,709,258
00002097.jpg,341,152,428,244,709,258
00002098.jpg,340,152,427,244,709,258
00002099.jpg,340,151,427,243,709,258
00002100.jpg,340,151,427,243,709,258
00002101.jpg,339,150,426,242,709,258
00002102.jpg,338,148,425,240,709,258
00002103.jpg,337,146,424,238,709,258
00002104.jpg,335,145,422,237,709,258
00002105.jpg,335,145,422,237,710,254
00002106.jpg,332,144,419,236,711,252
00002107.jpg,330,144,417,236,711,252
00002108.jpg,327,145,414,237,711,252
00002109.jpg,325,146,412,238,711,252
00002110.jpg,325,146,412,238,711,251
00002111.jpg,322,146,409,238,595,335
00002112.jpg,325,151,406,240,590,334
00002113.jpg,325,151,406,240,590,334
00002114.jpg,323,152,404,241,590,334
00002115.jpg,323,152,404,241,590,334
00002116.jpg,320,153,401,242,589,334
00002117.jpg,318,154,399,243,589,334
00002118.jpg,315,154,396,243,588,334
00002119.jpg,312,155,393,244,588,334
00002120.jpg,312,155,393,244,583,334
00002121.jpg,309,154,390,243,582,334
00002122.jpg,306,155,387,244,579,334
00002123.jpg,302,156,383,245,579,334
00002124.jpg,299,157,380,246,575,334
00002125.jpg,299,157,380,246,575,334
00002126.jpg,296,159,377,248,574,334
00002127.jpg,294,161,375,250,574,334
00002128.jpg,292,163,373,252,574,334
00002129.jpg,292,165,373,254,574,334
00002130.jpg,292,165,373,254,574,334
00002131.jpg,292,167,373,256,574,334
00002132.jpg,294,169,375,258,575,334
00002133.jpg,296,170,377,259,574,334
00002134.jpg,298,171,379,260,574,334
00002135.jpg,298,171,379,260,574,334
00002136.jpg,302,171,383,260,574,334
00002137.jpg,305,171,386,260,574,334
00002138.jpg,310,169,391,258,402,146
00002139.jpg,314,165,395,254,401,146
00002140.jpg,314,165,395,254,404,146
00002141.jpg,319,161,400,250,407,145
00002142.jpg,321,157,402,246,412,143
00002143.jpg,324,153,405,242,420,142
00002144.jpg,326,150,407,239,433,138
00002145.jpg,326,150,407,239,437,136
00002146.jpg,328,147,409,236,443,133
00002147.jpg,330,144,411,233,449,128
00002148.jpg,332,143,413,232,454,126
00002149.jpg,334,142,415,231,458,123
00002150.jpg,334,142,415,231,461,120
00002151.jpg,336,141,417,230,463,121
00002152.jpg,337,140,418,229,464,120
00002153.jpg,338,140,419,229,466,120
00002154.jpg,338,139,419,228,468,120
00002155.jpg,338,139,419,228,469,120
00002156.jpg,338,140,419,229,469,122
00002157.jpg,338,140,419,229,469,122
00002158.jpg,338,141,419,230,469,122
00002159.jpg,338,141,419,230,467,122
00002160.jpg,338,141,419,230,467,122
00002161.jpg,337,141,418,230,464,123
00002162.jpg,336,141,417,230,464,123
00002163.jpg,335,142,416,231,463,124
00002164.jpg,333,143,414,232,463,124
00002165.jpg,333,143,414,232,461,124
00002166.jpg,331,144,412,233,461,124
00002167.jpg,329,147,410,236,447,130
00002168.jpg,326,150,407,239,446,130
00002169.jpg,323,152,404,241,445,132
00002170.jpg,323,152,404,241,445,132
00002171.jpg,319,155,400,244,445,130
00002172.jpg,316,157,397,246,441,134
00002173.jpg,314,160,395,249,437,134
00002174.jpg,312,164,393,253,433,137
00002175.jpg,313,164,394,253,435,140
00002176.jpg,311,168,392,257,435,141
00002177.jpg,309,170,390,259,433,142
00002178.jpg,306,173,387,262,425,148
00002179.jpg,304,174,385,263,483,162
00002180.jpg,304,174,385,263,483,161
00002181.jpg,301,176,380,265,706,252
00002182.jpg,301,176,380,265,707,252
00002183.jpg,299,177,378,266,707,252
00002184.jpg,297,178,376,267,707,251
00002185.jpg,297,178,376,267,707,251
00002186.jpg,296,179,375,268,707,251
00002187.jpg,296,180,375,269,707,251
00002188.jpg,296,181,375,270,707,251
00002189.jpg,296,181,375,270,707,251
00002190.jpg,296,181,375,270,707,251
00002191.jpg,290,185,371,274,707,251
00002192.jpg,290,185,371,274,585,340
00002193.jpg,292,184,373,273,583,342
00002194.jpg,294,183,375,272,585,340
00002195.jpg,294,183,375,272,584,341
00002196.jpg,297,181,378,270,585,341
00002197.jpg,300,178,381,267,585,340
00002198.jpg,303,175,384,264,583,340
00002199.jpg,306,172,387,261,585,340
00002200.jpg,306,172,387,261,584,340
00002201.jpg,308,168,389,257,584,340
00002202.jpg,310,164,391,253,585,340
00002203.jpg,313,161,394,250,585,340
00002204.jpg,315,159,396,248,586,339
00002205.jpg,315,159,396,248,585,339
00002206.jpg,317,157,398,246,587,339
00002207.jpg,318,155,399,244,587,339
00002208.jpg,319,154,400,243,587,339
00002209.jpg,320,153,401,242,587,338
00002210.jpg,320,153,401,242,588,338
00002211.jpg,319,153,400,242,588,338
00002212.jpg,319,153,400,242,588,338
00002213.jpg,318,153,399,242,588,338
00002214.jpg,317,155,398,244,588,338
00002215.jpg,317,155,398,244,588,338
00002216.jpg,316,157,397,246,588,338
00002217.jpg,315,159,396,248,588,338
00002218.jpg,314,161,395,250,588,338
00002219.jpg,313,162,394,251,588,338
00002220.jpg,313,162,394,251,588,338
00002221.jpg,313,165,394,254,588,338
00002222.jpg,314,164,394,250,588,338
00002223.jpg,314,164,394,250,588,338
00002224.jpg,313,165,393,251,588,338
00002225.jpg,313,165,393,251,587,338
00002226.jpg,312,166,392,252,587,338
00002227.jpg,311,167,391,253,587,338
00002228.jpg,310,167,390,253,587,338
00002229.jpg,310,167,390,253,587,338
00002230.jpg,310,167,390,253,587,338
00002231.jpg,308,168,388,254,587,338
00002232.jpg,308,169,388,255,587,338
00002233.jpg,307,169,387,255,587,338
00002234.jpg,306,170,386,256,587,338
00002235.jpg,306,170,386,256,587,338
00002236.jpg,305,171,385,257,587,338
00002237.jpg,305,171,385,257,587,338
00002238.jpg,304,171,384,257,587,338
00002239.jpg,304,171,384,257,587,338
00002240.jpg,304,171,384,257,587,338
00002241.jpg,304,171,384,257,500,156
00002242.jpg,304,171,384,257,433,138
00002243.jpg,305,171,385,257,429,138
00002244.jpg,305,171,385,257,424,136
00002245.jpg,305,171,385,257,420,136
00002246.jpg,306,171,386,257,416,136
00002247.jpg,308,170,388,256,415,136
00002248.jpg,308,170,388,256,413,136
