00002911.jpg,371,284,631,542,960,341
00002912.jpg,371,284,631,542,961,342
00002913.jpg,371,284,631,542,966,356
00002914.jpg,371,284,631,542,974,374
00002915.jpg,377,284,637,542,989,392
00002916.jpg,383,284,643,542,1006,393
00002917.jpg,383,284,643,542,1006,393
00002918.jpg,388,283,648,541,1030,401
00002919.jpg,392,283,652,541,1058,413
00002920.jpg,397,283,657,541,1068,426
00002921.jpg,401,282,661,540,1076,448
00002922.jpg,401,282,661,540,1076,449
00002923.jpg,405,282,665,540,1086,465
00002924.jpg,407,282,667,540,1098,481
00002925.jpg,408,281,668,539,1106,500
00002926.jpg,409,281,669,539,1116,514
00002927.jpg,409,281,669,539,1116,514
00002928.jpg,410,279,670,537,1120,528
00002929.jpg,411,278,671,536,1132,537
00002930.jpg,411,277,671,535,1137,549
00002931.jpg,411,276,671,534,1142,561
00002932.jpg,411,276,671,534,1142,561
00002933.jpg,411,275,671,533,1145,572
00002934.jpg,417,272,661,536,1152,577
00002935.jpg,418,277,654,532,1152,589
00002936.jpg,410,272,670,530,1152,596
00002937.jpg,412,273,654,532,1152,596
00002938.jpg,412,273,654,532,1153,600
