00007132.jpg,257,7,345,108,-1,-1
00007133.jpg,257,7,345,108,-1,-1
00007134.jpg,257,7,345,108,-1,-1
00007135.jpg,257,7,345,108,-1,-1
00007136.jpg,257,7,345,108,-1,-1
00007137.jpg,255,6,343,107,-1,-1
00007138.jpg,254,6,342,107,-1,-1
00007139.jpg,252,5,340,106,-1,-1
00007140.jpg,250,4,338,105,-1,-1
00007141.jpg,250,4,338,105,-1,-1
00007142.jpg,249,3,337,104,-1,-1
00007143.jpg,247,3,335,104,-1,-1
00007144.jpg,246,2,334,103,-1,-1
00007145.jpg,246,2,334,103,-1,-1
00007146.jpg,245,2,333,103,-1,-1
00007147.jpg,244,2,332,103,-1,-1
00007148.jpg,244,2,332,103,-1,-1
00007149.jpg,243,2,331,103,-1,-1
00007150.jpg,243,2,331,103,-1,-1
00007151.jpg,243,2,331,103,-1,-1
00007152.jpg,242,3,330,104,-1,-1
00007153.jpg,241,3,329,104,-1,-1
00007154.jpg,240,3,328,104,-1,-1
00007155.jpg,240,3,328,104,-1,-1
00007156.jpg,239,4,327,105,-1,-1
00007157.jpg,237,4,325,105,-1,-1
00007158.jpg,236,4,324,105,-1,-1
00007159.jpg,234,4,322,105,-1,-1
00007160.jpg,234,4,322,105,-1,-1
00007161.jpg,231,4,319,105,-1,-1
00007162.jpg,229,4,317,105,-1,-1
00007163.jpg,229,4,317,105,-1,-1
