00001378.jpg,676,158,1011,470,1133,177
00001379.jpg,696,153,1011,480,1136,334
00001380.jpg,696,153,1011,480,1269,553
00001381.jpg,704,153,1019,480,1272,552
00001382.jpg,713,155,1028,482,1273,560
00001383.jpg,724,158,1039,485,1266,585
00001384.jpg,733,160,1048,487,1277,604
00001385.jpg,741,164,1056,491,1280,609
00001386.jpg,747,167,1062,494,1280,613
00001387.jpg,752,169,1067,496,1280,617
00001388.jpg,758,171,1073,498,1280,617
00001389.jpg,759,171,1074,498,1293,622
00001390.jpg,759,172,1074,499,1290,638
00001391.jpg,758,173,1073,500,1288,656
00001392.jpg,759,174,1074,501,1288,677
00001393.jpg,759,174,1074,501,1282,700
00001394.jpg,759,175,1074,502,1282,720
00001395.jpg,756,175,1071,502,1084,552
00001396.jpg,753,175,1068,502,1092,548
00001397.jpg,746,174,1061,501,1097,537
00001398.jpg,742,175,1057,502,1116,536
00001399.jpg,737,175,1052,502,1128,533
00001400.jpg,734,176,1049,503,1156,533
00001401.jpg,728,175,1043,502,1156,533
00001402.jpg,721,175,1036,502,1156,533
00001403.jpg,715,175,1030,502,1160,533
00001404.jpg,710,174,1025,501,1160,533
00001405.jpg,705,174,1020,501,1160,533
00001406.jpg,699,174,1014,501,1162,537
00001407.jpg,707,171,994,468,1305,354
00001408.jpg,707,171,994,468,1308,261
00001409.jpg,703,170,990,467,1309,261
00001410.jpg,698,171,985,468,1320,261
00001411.jpg,692,172,979,469,1326,262
00001412.jpg,687,172,974,469,1336,262
00001413.jpg,684,171,971,468,1354,257
00001414.jpg,681,170,968,467,1364,252
00001415.jpg,677,169,964,466,1376,245
00001416.jpg,673,167,960,464,1386,232
00001417.jpg,667,164,954,461,1389,225
00001418.jpg,663,161,950,458,1386,221
00001419.jpg,659,157,946,454,1390,217
00001420.jpg,656,153,943,450,1390,217
00001421.jpg,653,150,940,447,1409,217
00001422.jpg,650,147,937,444,1414,218
00001423.jpg,649,146,936,443,1421,226
00001424.jpg,647,145,934,442,1432,238
00001425.jpg,646,144,933,441,1446,240
00001426.jpg,645,142,932,439,1458,229
00001427.jpg,644,140,931,437,1482,212
00001428.jpg,643,138,930,435,1509,188
00001429.jpg,642,136,929,433,1532,170
00001430.jpg,643,134,930,431,1561,150
00001431.jpg,644,134,931,431,1589,121
00001432.jpg,645,135,932,432,1609,105
00001433.jpg,646,137,933,434,1633,93
00001434.jpg,646,138,933,435,1649,89
00001435.jpg,649,139,936,436,1656,89
00001436.jpg,652,139,939,436,1680,82
00001437.jpg,654,139,941,436,1702,68
00001438.jpg,657,140,944,437,1718,64
00001439.jpg,659,141,946,438,1756,56
00001440.jpg,661,141,948,438,1776,44
00001441.jpg,662,141,949,438,1797,41
00001442.jpg,664,142,951,439,1821,37
00001443.jpg,664,143,951,440,1833,37
00001444.jpg,667,145,954,442,1849,37
00001445.jpg,670,146,957,443,1860,37
00001446.jpg,676,148,963,445,1897,36
00001447.jpg,683,150,970,447,1914,29
00001448.jpg,689,152,976,449,-1,-1
00001449.jpg,691,152,978,449,-1,-1
00001450.jpg,693,152,980,449,-1,-1
00001451.jpg,693,152,980,449,-1,-1
00001452.jpg,692,154,979,451,-1,-1
00001453.jpg,691,156,978,453,-1,-1
00001454.jpg,687,156,974,453,-1,-1
00001455.jpg,684,155,971,452,-1,-1
00001456.jpg,680,153,967,450,-1,-1
00001457.jpg,678,153,965,450,1905,148
00001458.jpg,673,151,960,448,1886,166
00001459.jpg,668,150,955,447,1865,180
00001460.jpg,662,147,949,444,1848,202
00001461.jpg,657,145,944,442,1832,213
00001462.jpg,652,141,939,438,1820,224
00001463.jpg,648,136,935,433,1810,224
00001464.jpg,645,130,932,427,1810,224
00001465.jpg,642,123,929,420,1810,224
00001466.jpg,639,118,926,415,1810,222
00001467.jpg,638,116,925,413,1810,222
00001468.jpg,635,114,922,411,1093,421
00001469.jpg,635,114,922,411,1093,418
00001470.jpg,634,112,921,409,1093,418
00001471.jpg,633,110,920,407,1093,418
00001472.jpg,635,108,922,405,1093,417
00001473.jpg,636,105,923,402,1093,417
00001474.jpg,638,103,925,400,1093,417
00001475.jpg,642,102,929,399,1085,413
00001476.jpg,646,100,933,397,1082,409
00001477.jpg,650,97,937,394,1080,406
00001478.jpg,655,94,942,391,1078,406
00001479.jpg,659,90,946,387,1076,405
00001480.jpg,664,87,951,384,1076,397
00001481.jpg,667,83,954,380,1076,392
00001482.jpg,669,81,956,378,1076,382
00001483.jpg,669,79,956,376,1074,377
00001484.jpg,670,79,957,376,1074,377
00001485.jpg,670,80,957,377,1086,376
00001486.jpg,669,80,956,377,1088,376
00001487.jpg,668,80,955,377,1098,376
00001488.jpg,664,78,951,375,884,449
00001489.jpg,659,75,946,372,838,277
00001490.jpg,654,73,941,370,842,277
00001491.jpg,654,75,942,387,842,277
00001492.jpg,654,75,942,387,842,277
00001493.jpg,649,72,937,384,854,277
00001494.jpg,641,64,929,376,870,277
00001495.jpg,631,56,919,368,873,278
00001496.jpg,623,49,911,361,873,278
00001497.jpg,614,40,902,352,873,278
00001498.jpg,587,34,892,385,878,278
00001499.jpg,587,34,892,385,878,278
