00001384.jpg,1197,462,1353,629,1170,208
00001385.jpg,1197,462,1353,629,1173,208
00001386.jpg,1197,462,1353,629,1181,214
00001387.jpg,1193,448,1352,625,1182,214
00001388.jpg,1193,448,1352,625,1185,218
00001389.jpg,1194,446,1353,623,1201,222
00001390.jpg,1194,444,1353,621,1226,228
00001391.jpg,1181,435,1371,640,1228,229
00001392.jpg,1181,435,1371,640,1242,233
00001393.jpg,1184,432,1374,637,1248,234
00001394.jpg,1185,428,1375,633,1254,236
00001395.jpg,1185,425,1375,630,1268,237
00001396.jpg,1186,423,1376,628,1273,237
00001397.jpg,1186,421,1376,626,1280,240
00001398.jpg,1186,420,1376,625,1280,240
00001399.jpg,1186,418,1376,623,1280,240
00001400.jpg,1187,416,1377,621,1280,241
00001401.jpg,1182,409,1383,626,1280,241
00001402.jpg,1182,409,1383,626,1289,246
00001403.jpg,1183,408,1384,625,1294,252
00001404.jpg,1184,408,1385,625,1302,253
00001405.jpg,1187,408,1388,625,1308,253
00001406.jpg,1188,411,1389,628,1318,252
00001407.jpg,1191,412,1392,629,1329,252
00001408.jpg,1193,412,1394,629,1334,257
00001409.jpg,1195,413,1396,630,1336,257
00001410.jpg,1195,414,1396,631,1342,257
00001411.jpg,1196,415,1397,632,1354,256
00001412.jpg,1198,414,1399,631,1364,256
00001413.jpg,1199,413,1400,630,1376,253
00001414.jpg,1201,411,1402,628,1388,250
00001415.jpg,1202,410,1403,627,1404,245
00001416.jpg,1203,409,1404,626,1408,242
00001417.jpg,1202,407,1403,624,1408,242
00001418.jpg,1201,405,1402,622,1408,242
00001419.jpg,1199,402,1400,619,1412,233
00001420.jpg,1197,399,1398,616,1422,230
00001421.jpg,1194,397,1395,614,1425,226
00001422.jpg,1191,395,1392,612,1433,226
00001423.jpg,1188,395,1389,612,1437,228
00001424.jpg,1185,395,1386,612,1449,230
00001425.jpg,1183,393,1384,610,1460,233
00001426.jpg,1181,392,1382,609,1472,233
00001427.jpg,1178,391,1379,608,1508,222
00001428.jpg,1174,389,1375,606,1540,204
00001429.jpg,1169,387,1370,604,1564,173
00001430.jpg,1164,385,1365,602,1597,153
00001431.jpg,1158,384,1359,601,1602,144
00001432.jpg,1151,383,1352,600,1618,132
00001433.jpg,1144,382,1345,599,1638,117
00001434.jpg,1137,381,1338,598,1653,112
00001435.jpg,1132,380,1333,597,1678,98
00001436.jpg,1127,378,1328,595,1686,90
00001437.jpg,1122,377,1323,594,1708,82
00001438.jpg,1117,375,1318,592,1728,77
00001439.jpg,1112,374,1313,591,1746,65
00001440.jpg,1107,372,1308,589,1770,61
00001441.jpg,1101,370,1302,587,1790,60
00001442.jpg,1095,370,1296,587,1810,56
00001443.jpg,1089,369,1290,586,1830,52
00001444.jpg,1084,368,1285,585,-1,-1
00001445.jpg,1079,368,1280,585,-1,-1
00001446.jpg,1076,367,1277,584,-1,-1
00001447.jpg,1073,366,1274,583,-1,-1
00001448.jpg,1071,365,1272,582,-1,-1
00001449.jpg,1069,364,1270,581,-1,-1
00001450.jpg,1066,363,1267,580,-1,-1
00001451.jpg,1062,362,1263,579,-1,-1
00001452.jpg,1058,362,1259,579,-1,-1
00001453.jpg,1051,363,1252,580,-1,-1
00001454.jpg,1045,362,1246,579,-1,-1
00001455.jpg,1038,360,1239,577,-1,-1
00001456.jpg,1033,359,1234,576,-1,-1
00001457.jpg,1028,357,1229,574,-1,-1
00001458.jpg,1023,357,1224,574,-1,-1
00001459.jpg,1019,357,1220,574,-1,-1
00001460.jpg,1015,357,1216,574,-1,-1
00001461.jpg,1012,356,1213,573,-1,-1
00001462.jpg,1010,355,1211,572,1249,632
00001463.jpg,1009,351,1210,568,1249,632
00001464.jpg,1009,344,1210,561,1246,632
00001465.jpg,1008,334,1209,551,1238,632
00001466.jpg,1007,331,1208,548,1197,662
00001467.jpg,1007,329,1208,546,1173,706
00001468.jpg,1007,328,1208,545,1134,748
00001469.jpg,1007,327,1208,544,1108,808
00001470.jpg,1007,325,1208,542,1093,873
00001471.jpg,1008,324,1209,541,-1,-1
00001472.jpg,1008,321,1209,538,-1,-1
00001473.jpg,1008,318,1209,535,-1,-1
00001474.jpg,1009,315,1210,532,-1,-1
00001475.jpg,995,308,1213,544,-1,-1
00001476.jpg,995,308,1213,544,-1,-1
00001477.jpg,997,305,1215,541,880,236
00001478.jpg,1000,302,1218,538,886,233
00001479.jpg,1000,299,1218,535,889,228
00001480.jpg,1004,297,1222,533,894,220
00001481.jpg,1006,295,1224,531,896,217
00001482.jpg,1007,293,1225,529,896,217
00001483.jpg,1009,292,1227,528,896,217
00001484.jpg,1018,291,1236,527,898,210
00001485.jpg,1022,287,1240,523,904,209
00001486.jpg,1034,284,1252,520,900,209
00001487.jpg,1044,279,1262,515,900,209
00001488.jpg,1058,276,1276,512,897,210
00001489.jpg,1072,275,1290,511,896,212
00001490.jpg,1089,281,1307,516,893,212
00001491.jpg,1089,281,1307,516,889,212
00001492.jpg,1111,276,1326,522,866,286
00001493.jpg,1111,276,1326,522,872,284
00001494.jpg,1136,279,1372,517,877,284
00001495.jpg,1136,279,1372,517,873,278
00001496.jpg,1154,265,1418,532,872,278
00001497.jpg,1154,265,1418,532,872,278
00001498.jpg,1171,259,1435,526,873,277
00001499.jpg,1171,259,1435,526,884,277
