00004841.jpg,66,6,377,276,528,255
00004842.jpg,66,6,377,276,529,254
00004843.jpg,66,6,377,276,531,253
00004844.jpg,66,6,377,276,536,257
00004845.jpg,66,5,377,275,539,259
00004846.jpg,66,3,377,273,548,259
00004847.jpg,65,1,376,271,554,260
00004848.jpg,65,1,376,271,554,260
00004849.jpg,65,0,376,270,557,263
00004850.jpg,65,0,376,270,557,263
00004851.jpg,65,0,376,270,560,263
00004852.jpg,65,0,376,270,564,263
00004853.jpg,64,0,375,270,570,263
00004854.jpg,65,0,376,270,571,263
00004855.jpg,65,0,376,270,573,264
00004856.jpg,66,0,377,270,573,264
00004857.jpg,66,0,377,270,572,264
00004858.jpg,67,0,378,270,570,265
00004859.jpg,68,0,379,270,568,266
00004860.jpg,68,0,379,270,566,267
00004861.jpg,69,0,380,270,570,263
00004862.jpg,70,0,381,270,567,264
00004863.jpg,70,0,381,270,564,264
00004864.jpg,70,0,381,270,564,266
00004865.jpg,70,0,381,270,566,265
00004866.jpg,70,0,381,270,562,267
00004867.jpg,70,0,381,270,561,268
00004868.jpg,69,0,380,270,563,265
00004869.jpg,68,0,379,270,567,264
00004870.jpg,68,0,379,270,569,262
00004871.jpg,67,0,378,270,579,260
00004872.jpg,67,0,378,270,579,261
00004873.jpg,66,0,377,270,581,261
00004874.jpg,65,0,376,270,583,261
00004875.jpg,63,0,374,270,586,262
00004876.jpg,62,0,373,270,589,260
00004877.jpg,61,0,372,270,589,260
00004878.jpg,61,0,372,270,590,260
00004879.jpg,60,0,371,270,590,260
00004880.jpg,58,0,369,270,590,260
00004881.jpg,57,0,368,270,590,260
00004882.jpg,56,0,367,270,590,260
00004883.jpg,55,0,366,270,594,257
00004884.jpg,55,0,366,270,593,256
00004885.jpg,53,0,364,270,594,256
00004886.jpg,52,0,363,270,595,253
00004887.jpg,51,0,362,270,593,256
00004888.jpg,50,0,361,270,592,255
00004889.jpg,49,0,360,270,588,250
00004890.jpg,49,0,360,270,585,249
00004891.jpg,49,0,360,270,584,250
00004892.jpg,48,0,359,270,584,250
00004893.jpg,48,0,359,270,586,245
00004894.jpg,49,0,360,270,581,245
00004895.jpg,51,0,362,270,575,245
00004896.jpg,51,0,362,270,579,245
00004897.jpg,54,0,365,270,579,245
00004898.jpg,60,0,371,270,573,245
00004899.jpg,67,0,378,270,568,246
00004900.jpg,74,0,385,270,561,246
00004901.jpg,81,0,392,270,549,246
00004902.jpg,81,0,392,270,547,246
00004903.jpg,87,0,398,270,547,246
00004904.jpg,93,0,404,270,542,246
00004905.jpg,99,0,410,270,533,246
00004906.jpg,103,0,414,270,527,245
00004907.jpg,106,0,417,270,522,251
00004908.jpg,106,0,417,270,521,249
00004909.jpg,108,0,419,270,516,251
00004910.jpg,109,0,420,270,510,253
00004911.jpg,108,0,419,270,502,253
00004912.jpg,105,0,416,270,-1,-1
00004913.jpg,96,0,407,270,-1,-1
00004914.jpg,115,4,421,259,-1,-1
00004915.jpg,115,4,421,259,-1,-1
00004916.jpg,114,2,420,257,-1,-1
00004917.jpg,123,4,427,259,-1,-1
00004918.jpg,123,4,427,259,-1,-1
00004919.jpg,119,3,442,261,-1,-1
00004920.jpg,119,3,442,261,-1,-1
00004921.jpg,118,8,441,266,-1,-1
00004922.jpg,117,13,440,271,-1,-1
00004923.jpg,122,2,448,277,-1,-1
00004924.jpg,122,2,448,277,-1,-1
00004925.jpg,123,1,449,276,-1,-1
00004926.jpg,123,1,449,276,-1,-1
00004927.jpg,123,0,449,275,-1,-1
00004928.jpg,126,0,452,275,-1,-1
00004929.jpg,129,0,455,275,-1,-1
00004930.jpg,134,0,460,275,-1,-1
00004931.jpg,139,0,465,275,-1,-1
00004932.jpg,139,0,465,275,-1,-1
00004933.jpg,145,0,471,275,-1,-1
00004934.jpg,150,0,476,275,-1,-1
00004935.jpg,154,0,480,275,-1,-1
00004936.jpg,156,1,482,276,-1,-1
00004937.jpg,157,5,483,280,-1,-1
00004938.jpg,157,5,483,280,-1,-1
00004939.jpg,155,6,481,281,-1,-1
00004940.jpg,149,6,475,281,-1,-1
00004941.jpg,141,4,467,279,-1,-1
00004942.jpg,136,4,467,293,-1,-1
00004943.jpg,136,4,467,293,-1,-1
00004944.jpg,136,4,467,293,-1,-1
00004945.jpg,125,7,456,296,-1,-1
00004946.jpg,125,7,456,296,-1,-1
