00009342.jpg,744,53,1044,370,-1,-1
00009343.jpg,744,53,1044,370,-1,-1
00009344.jpg,744,53,1044,370,516,700
00009345.jpg,744,53,1044,370,600,667
00009346.jpg,744,57,1044,374,604,669
00009347.jpg,745,60,1045,377,608,670
00009348.jpg,748,63,1048,380,608,670
00009349.jpg,752,65,1052,382,611,667
00009350.jpg,757,68,1057,385,610,667
00009351.jpg,763,70,1063,387,610,667
00009352.jpg,770,72,1070,389,615,666
00009353.jpg,777,73,1077,390,616,666
00009354.jpg,785,73,1085,390,620,667
00009355.jpg,793,72,1093,389,620,667
00009356.jpg,801,70,1101,387,623,667
00009357.jpg,807,68,1107,385,625,666
00009358.jpg,813,66,1113,383,630,667
00009359.jpg,817,64,1117,381,632,666
00009360.jpg,820,62,1120,379,643,659
00009361.jpg,823,59,1123,376,643,659
00009362.jpg,826,56,1126,373,644,659
00009363.jpg,828,52,1128,369,645,657
00009364.jpg,831,47,1131,364,647,657
00009365.jpg,833,42,1133,359,649,651
00009366.jpg,835,35,1135,352,649,654
00009367.jpg,836,28,1136,345,649,654
00009368.jpg,840,21,1140,338,649,654
00009369.jpg,842,13,1142,330,652,647
00009370.jpg,846,7,1146,324,652,647
00009371.jpg,849,1,1149,318,655,640
00009372.jpg,850,0,1150,317,655,642
00009373.jpg,857,0,1157,317,655,642
00009374.jpg,859,0,1159,317,657,638
00009375.jpg,861,0,1161,317,655,635
00009376.jpg,862,0,1162,317,655,635
00009377.jpg,864,0,1164,317,655,633
00009378.jpg,868,0,1168,317,655,633
00009379.jpg,875,0,1175,317,655,631
00009380.jpg,874,3,1168,305,655,631
00009381.jpg,874,3,1168,305,653,629
00009382.jpg,884,3,1178,305,653,628
00009383.jpg,896,4,1190,306,653,627
00009384.jpg,907,8,1196,303,655,627
00009385.jpg,907,8,1196,303,657,623
00009386.jpg,914,6,1203,301,657,623
00009387.jpg,917,4,1206,299,657,623
00009388.jpg,916,1,1205,296,657,623
00009389.jpg,925,5,1197,287,657,623
00009390.jpg,925,5,1197,287,656,623
00009391.jpg,915,7,1187,289,653,625
00009392.jpg,903,8,1175,290,651,626
00009393.jpg,901,6,1157,269,650,628
00009394.jpg,889,5,1145,268,646,630
00009395.jpg,877,4,1133,267,641,627
00009396.jpg,866,5,1122,268,640,627
00009397.jpg,856,8,1112,271,640,630
00009398.jpg,848,10,1104,273,640,630
00009399.jpg,839,14,1095,277,640,635
00009400.jpg,832,15,1088,278,638,640
00009401.jpg,831,21,1074,263,637,644
00009402.jpg,831,21,1074,263,641,645
00009403.jpg,826,24,1069,266,643,645
00009404.jpg,821,26,1064,268,640,650
00009405.jpg,818,28,1061,270,639,651
00009406.jpg,813,30,1056,272,639,651
00009407.jpg,810,33,1053,275,639,655
00009408.jpg,807,35,1050,277,637,657
00009409.jpg,803,39,1046,281,638,655
00009410.jpg,801,41,1044,283,-1,-1
00009411.jpg,798,43,1041,285,-1,-1
00009412.jpg,794,44,1037,286,-1,-1
00009413.jpg,791,44,1034,286,-1,-1
00009414.jpg,789,43,1032,285,-1,-1
00009415.jpg,788,42,1031,284,-1,-1
00009416.jpg,787,40,1030,282,-1,-1
00009417.jpg,787,40,1030,282,-1,-1
00009418.jpg,786,41,1029,283,-1,-1
00009419.jpg,777,37,1022,294,-1,-1
00009420.jpg,777,37,1022,294,-1,-1
00009421.jpg,775,40,1020,297,-1,-1
00009422.jpg,773,44,1018,301,-1,-1
00009423.jpg,772,47,1017,304,-1,-1
00009424.jpg,760,49,1015,316,-1,-1
00009425.jpg,760,49,1015,316,-1,-1
00009426.jpg,761,52,1016,319,-1,-1
00009427.jpg,763,54,1018,321,-1,-1
00009428.jpg,765,55,1020,322,-1,-1
00009429.jpg,766,58,1021,325,-1,-1
00009430.jpg,763,59,1023,345,-1,-1
00009431.jpg,763,59,1023,345,-1,-1
00009432.jpg,761,61,1021,347,-1,-1
00009433.jpg,759,63,1019,349,-1,-1
00009434.jpg,755,65,1015,351,-1,-1
00009435.jpg,752,67,1012,353,-1,-1
00009436.jpg,749,68,1009,354,-1,-1
00009437.jpg,746,69,1006,355,-1,-1
00009438.jpg,743,70,1003,356,-1,-1
00009439.jpg,740,70,1000,356,-1,-1
00009440.jpg,738,71,998,357,-1,-1
00009441.jpg,736,71,996,357,241,715
00009442.jpg,735,71,995,357,267,687
00009443.jpg,735,71,995,357,242,616
00009444.jpg,735,71,995,357,241,612
00009445.jpg,736,71,996,357,241,612
00009446.jpg,739,70,999,356,244,612
00009447.jpg,741,69,1001,355,244,612
00009448.jpg,744,67,1004,353,245,611
00009449.jpg,747,64,1007,350,250,608
00009450.jpg,747,64,1007,350,269,599
