00014889.jpg,847,87,1179,403,428,301
00014890.jpg,847,87,1179,403,436,304
00014891.jpg,847,87,1179,403,448,308
00014892.jpg,847,87,1179,403,462,310
00014893.jpg,884,88,1225,405,474,311
00014894.jpg,884,88,1225,405,458,236
00014895.jpg,893,88,1234,405,468,234
00014896.jpg,903,89,1244,406,-1,-1
00014897.jpg,913,90,1254,407,-1,-1
00014898.jpg,924,90,1265,407,-1,-1
00014899.jpg,938,90,1279,407,-1,-1
00014900.jpg,959,91,1300,408,-1,-1
00014901.jpg,974,91,1315,408,-1,-1
00014902.jpg,985,92,1326,409,-1,-1
00014903.jpg,994,92,1335,409,-1,-1
00014904.jpg,1015,89,1356,406,-1,-1
00014905.jpg,1023,88,1364,405,-1,-1
00014906.jpg,1030,88,1371,405,-1,-1
00014907.jpg,1022,75,1363,392,-1,-1
00014908.jpg,1028,74,1369,391,-1,-1
00014909.jpg,1033,73,1374,390,-1,-1
00014910.jpg,1034,70,1375,387,-1,-1
00014911.jpg,1033,70,1374,387,-1,-1
00014912.jpg,1036,68,1377,385,-1,-1
00014913.jpg,1040,67,1381,384,621,222
00014914.jpg,1041,65,1382,382,621,223
00014915.jpg,1041,63,1382,380,625,219
00014916.jpg,1042,61,1383,378,636,218
00014917.jpg,1043,60,1384,377,635,218
00014918.jpg,1043,58,1384,375,636,215
00014919.jpg,1043,57,1384,374,651,265
00014920.jpg,1042,55,1383,372,661,274
00014921.jpg,1043,54,1384,371,668,283
00014922.jpg,1043,53,1384,370,677,289
00014923.jpg,1044,52,1385,369,687,298
00014924.jpg,1045,53,1386,370,689,281
00014925.jpg,1046,54,1387,371,693,281
00014926.jpg,1049,55,1390,372,704,290
00014927.jpg,1054,55,1395,372,708,294
00014928.jpg,1062,53,1403,370,713,291
00014929.jpg,1073,50,1414,367,728,293
00014930.jpg,1085,48,1426,365,734,296
00014931.jpg,1097,47,1438,364,751,301
00014932.jpg,1108,54,1449,371,756,304
00014933.jpg,1120,57,1461,374,758,304
00014934.jpg,1132,53,1473,370,765,304
00014935.jpg,1138,40,1479,357,768,305
00014936.jpg,1146,37,1487,354,776,310
00014937.jpg,1154,38,1495,355,769,306
00014938.jpg,1154,38,1495,355,774,306
