00002113.jpg,1392,34,1665,346,-1,-1
00002114.jpg,1392,34,1665,346,-1,-1
00002115.jpg,1392,34,1665,346,-1,-1
00002116.jpg,1392,34,1665,346,-1,-1
00002117.jpg,1391,35,1664,347,-1,-1
00002118.jpg,1389,37,1662,349,-1,-1
00002119.jpg,1389,37,1662,349,-1,-1
00002120.jpg,1387,39,1660,351,-1,-1
00002121.jpg,1384,40,1657,352,-1,-1
00002122.jpg,1382,41,1655,353,-1,-1
00002123.jpg,1380,40,1653,352,-1,-1
00002124.jpg,1379,39,1652,351,-1,-1
00002125.jpg,1379,39,1652,351,-1,-1
00002126.jpg,1378,38,1651,350,-1,-1
00002127.jpg,1377,38,1650,350,-1,-1
00002128.jpg,1376,38,1649,350,-1,-1
00002129.jpg,1375,38,1648,350,-1,-1
00002130.jpg,1375,38,1648,350,-1,-1
00002131.jpg,1373,38,1646,350,-1,-1
00002132.jpg,1372,38,1645,350,-1,-1
00002133.jpg,1371,38,1644,350,-1,-1
00002134.jpg,1370,39,1643,351,-1,-1
00002135.jpg,1370,39,1643,351,-1,-1
00002136.jpg,1370,39,1643,351,-1,-1
00002137.jpg,1369,39,1642,351,-1,-1
00002138.jpg,1369,39,1642,351,-1,-1
00002139.jpg,1369,39,1642,351,-1,-1
00002140.jpg,1369,39,1642,351,-1,-1
00002141.jpg,1368,39,1641,351,-1,-1
00002142.jpg,1368,39,1641,351,-1,-1
00002143.jpg,1368,39,1641,351,-1,-1
00002144.jpg,1368,39,1641,351,-1,-1
00002145.jpg,1368,39,1641,351,-1,-1
00002146.jpg,1369,39,1642,351,-1,-1
00002147.jpg,1370,39,1643,351,-1,-1
00002148.jpg,1371,39,1644,351,-1,-1
00002149.jpg,1371,39,1644,351,-1,-1
00002150.jpg,1372,39,1645,351,-1,-1
00002151.jpg,1373,39,1646,351,-1,-1
00002152.jpg,1374,38,1647,350,-1,-1
00002153.jpg,1375,37,1648,349,-1,-1
00002154.jpg,1375,37,1648,349,-1,-1
00002155.jpg,1375,37,1648,349,-1,-1
00002156.jpg,1376,37,1649,349,-1,-1
00002157.jpg,1378,36,1651,348,-1,-1
00002158.jpg,1379,36,1652,348,-1,-1
00002159.jpg,1380,36,1653,348,-1,-1
00002160.jpg,1380,36,1653,348,-1,-1
00002161.jpg,1381,35,1654,347,-1,-1
00002162.jpg,1382,35,1655,347,-1,-1
00002163.jpg,1384,35,1657,347,-1,-1
00002164.jpg,1386,35,1659,347,-1,-1
00002165.jpg,1386,35,1659,347,-1,-1
00002166.jpg,1388,34,1661,346,-1,-1
00002167.jpg,1391,32,1664,344,-1,-1
00002168.jpg,1393,29,1666,341,-1,-1
00002169.jpg,1394,28,1667,340,-1,-1
00002170.jpg,1394,28,1667,340,-1,-1
00002171.jpg,1393,27,1666,339,-1,-1
00002172.jpg,1392,27,1665,339,-1,-1
00002173.jpg,1390,28,1663,340,-1,-1
00002174.jpg,1388,28,1661,340,-1,-1
00002175.jpg,1388,28,1661,340,-1,-1
00002176.jpg,1385,29,1658,341,-1,-1
00002177.jpg,1381,31,1654,343,-1,-1
00002178.jpg,1378,33,1651,345,-1,-1
00002179.jpg,1378,33,1651,345,-1,-1
00002180.jpg,1377,35,1650,347,-1,-1
00002181.jpg,1376,37,1649,349,-1,-1
00002182.jpg,1374,40,1647,352,-1,-1
00002183.jpg,1373,42,1646,354,-1,-1
00002184.jpg,1372,44,1645,356,-1,-1
00002185.jpg,1372,44,1645,356,-1,-1
00002186.jpg,1373,43,1646,355,-1,-1
00002187.jpg,1373,42,1646,354,-1,-1
00002188.jpg,1374,41,1647,353,-1,-1
00002189.jpg,1374,41,1647,353,-1,-1
00002190.jpg,1374,41,1647,353,-1,-1
00002191.jpg,1375,40,1648,352,-1,-1
00002192.jpg,1375,40,1648,352,-1,-1
00002193.jpg,1376,40,1649,352,-1,-1
00002194.jpg,1376,40,1649,352,-1,-1
00002195.jpg,1376,40,1649,352,-1,-1
00002196.jpg,1376,40,1649,352,-1,-1
00002197.jpg,1376,40,1649,352,-1,-1
00002198.jpg,1377,40,1650,352,-1,-1
00002199.jpg,1378,40,1651,352,-1,-1
00002200.jpg,1378,40,1651,352,-1,-1
00002201.jpg,1379,40,1652,352,-1,-1
00002202.jpg,1380,40,1653,352,-1,-1
00002203.jpg,1381,40,1654,352,-1,-1
00002204.jpg,1383,40,1656,352,-1,-1
00002205.jpg,1383,40,1656,352,-1,-1
00002206.jpg,1383,40,1656,352,-1,-1
00002207.jpg,1383,40,1656,352,-1,-1
00002208.jpg,1382,41,1655,353,-1,-1
00002209.jpg,1382,41,1655,353,-1,-1
00002210.jpg,1379,42,1652,354,-1,-1
00002211.jpg,1374,43,1647,355,-1,-1
00002212.jpg,1362,47,1635,359,-1,-1
00002213.jpg,1350,53,1623,365,-1,-1
00002214.jpg,1340,59,1613,371,-1,-1
00002215.jpg,1340,59,1613,371,-1,-1
00002216.jpg,1333,65,1606,377,-1,-1
00002217.jpg,1329,68,1602,380,-1,-1
00002218.jpg,1328,67,1601,379,-1,-1
00002219.jpg,1328,64,1601,376,-1,-1
00002220.jpg,1328,64,1601,376,-1,-1
00002221.jpg,1331,59,1604,371,-1,-1
00002222.jpg,1333,54,1606,366,-1,-1
00002223.jpg,1335,51,1608,363,-1,-1
00002224.jpg,1336,50,1609,362,-1,-1
00002225.jpg,1336,50,1609,362,-1,-1
00002226.jpg,1335,50,1608,362,-1,-1
00002227.jpg,1333,51,1606,363,-1,-1
00002228.jpg,1331,51,1604,363,-1,-1
00002229.jpg,1330,52,1603,364,-1,-1
00002230.jpg,1329,52,1602,364,-1,-1
00002231.jpg,1329,51,1602,363,-1,-1
00002232.jpg,1329,51,1602,363,-1,-1
00002233.jpg,1328,50,1601,362,-1,-1
00002234.jpg,1328,50,1601,362,-1,-1
00002235.jpg,1328,50,1601,362,-1,-1
00002236.jpg,1328,50,1601,362,-1,-1
00002237.jpg,1328,50,1601,362,-1,-1
00002238.jpg,1329,49,1602,361,-1,-1
00002239.jpg,1329,49,1602,361,-1,-1
00002240.jpg,1331,46,1604,358,-1,-1
00002241.jpg,1335,42,1608,354,-1,-1
00002242.jpg,1337,42,1610,354,-1,-1
00002243.jpg,1339,41,1612,353,-1,-1
00002244.jpg,1339,42,1612,354,-1,-1
00002245.jpg,1339,42,1612,354,-1,-1
00002246.jpg,1337,43,1610,355,-1,-1
00002247.jpg,1334,47,1607,359,-1,-1
00002248.jpg,1334,47,1607,359,-1,-1
