00008679.jpg,427,50,640,291,349,333
00008680.jpg,427,50,640,291,349,333
00008681.jpg,427,50,640,291,349,333
00008682.jpg,427,50,640,291,349,333
00008683.jpg,427,50,640,291,349,333
00008684.jpg,427,50,640,291,349,333
00008685.jpg,426,50,639,291,349,333
00008686.jpg,426,50,639,291,349,333
00008687.jpg,426,50,639,291,349,333
00008688.jpg,426,50,639,291,349,333
00008689.jpg,425,50,638,291,349,333
00008690.jpg,425,51,638,292,350,328
00008691.jpg,426,50,639,291,350,324
00008692.jpg,426,51,639,292,350,323
00008693.jpg,426,50,639,291,350,321
00008694.jpg,426,50,639,291,350,321
00008695.jpg,426,50,639,291,350,321
00008696.jpg,427,50,640,291,350,321
00008697.jpg,427,50,640,291,350,321
00008698.jpg,427,50,640,291,350,321
00008699.jpg,428,50,641,291,350,321
00008700.jpg,429,51,642,292,350,321
00008701.jpg,429,51,642,292,351,321
00008702.jpg,430,50,643,291,356,321
00008703.jpg,430,51,643,292,358,320
00008704.jpg,430,51,643,292,358,320
00008705.jpg,431,51,644,292,358,320
00008706.jpg,431,51,644,292,359,320
00008707.jpg,431,51,644,292,359,320
00008708.jpg,431,51,644,292,359,319
00008709.jpg,432,51,645,292,359,319
00008710.jpg,431,51,644,292,359,319
00008711.jpg,431,50,644,291,359,319
00008712.jpg,431,50,644,291,358,318
00008713.jpg,431,50,644,291,358,318
00008714.jpg,431,50,644,291,333,292
00008715.jpg,432,50,645,291,333,292
00008716.jpg,431,50,644,291,332,292
00008717.jpg,431,49,644,290,331,292
00008718.jpg,432,49,645,290,331,292
00008719.jpg,432,48,645,289,331,292
00008720.jpg,432,48,645,289,331,292
00008721.jpg,433,47,646,288,331,292
00008722.jpg,435,46,648,287,-1,-1
00008723.jpg,437,47,650,288,-1,-1
00008724.jpg,439,49,652,290,563,530
00008725.jpg,441,53,654,294,563,525
00008726.jpg,444,58,657,299,565,530
00008727.jpg,447,64,660,305,564,530
00008728.jpg,448,71,661,312,573,520
00008729.jpg,450,77,663,318,573,520
00008730.jpg,452,81,665,322,566,520
00008731.jpg,453,86,666,327,566,521
00008732.jpg,454,90,667,331,565,523
00008733.jpg,455,92,668,333,562,527
00008734.jpg,455,93,668,334,559,532
00008735.jpg,455,94,668,335,557,538
00008736.jpg,456,93,669,334,560,545
00008737.jpg,456,90,669,331,560,545
00008738.jpg,457,86,670,327,560,545
00008739.jpg,457,82,670,323,560,545
00008740.jpg,457,77,670,318,560,545
00008741.jpg,457,72,670,313,560,545
00008742.jpg,457,67,670,308,560,545
00008743.jpg,457,63,670,304,560,545
00008744.jpg,458,60,671,301,561,545
00008745.jpg,458,57,671,298,562,542
00008746.jpg,459,53,672,294,562,539
00008747.jpg,460,49,673,290,562,539
00008748.jpg,460,47,673,288,-1,-1
00008749.jpg,461,45,674,286,-1,-1
00008750.jpg,461,45,674,286,-1,-1
00008751.jpg,461,45,674,286,344,284
00008752.jpg,461,45,674,286,344,284
00008753.jpg,460,46,673,287,344,284
00008754.jpg,460,46,673,287,340,283
00008755.jpg,459,46,672,287,335,286
00008756.jpg,459,47,672,288,893,377
00008757.jpg,459,48,672,289,885,373
00008758.jpg,460,49,673,290,889,376
00008759.jpg,460,49,673,290,890,372
00008760.jpg,461,49,674,290,892,373
00008761.jpg,460,50,673,291,894,374
00008762.jpg,460,50,673,291,897,380
00008763.jpg,460,50,673,291,897,380
00008764.jpg,460,50,673,291,897,380
00008765.jpg,460,50,673,291,897,380
00008766.jpg,461,50,674,291,897,380
00008767.jpg,461,50,674,291,898,380
00008768.jpg,460,50,673,291,898,380
00008769.jpg,460,51,673,292,898,380
00008770.jpg,460,50,673,291,898,380
00008771.jpg,459,50,672,291,898,380
00008772.jpg,460,49,673,290,898,380
00008773.jpg,460,48,673,289,899,379
00008774.jpg,460,48,673,289,900,378
00008775.jpg,461,48,674,289,900,376
00008776.jpg,461,49,674,290,900,376
00008777.jpg,462,49,675,290,897,376
00008778.jpg,463,49,676,290,897,376
00008779.jpg,463,50,676,291,897,376
00008780.jpg,464,49,677,290,897,376
00008781.jpg,465,49,678,290,896,376
00008782.jpg,465,49,678,290,892,375
00008783.jpg,465,49,678,290,888,373
00008784.jpg,465,49,678,290,-1,-1
00008785.jpg,465,49,678,290,607,546
00008786.jpg,464,52,677,293,586,537
00008787.jpg,463,55,676,296,586,537
00008788.jpg,463,59,676,300,586,538
00008789.jpg,462,65,675,306,586,538
00008790.jpg,462,70,675,311,586,538
00008791.jpg,462,75,675,316,586,538
00008792.jpg,462,79,675,320,586,538
00008793.jpg,463,79,676,320,586,538
00008794.jpg,464,79,677,320,586,538
00008795.jpg,465,77,678,318,586,538
00008796.jpg,465,73,678,314,586,538
00008797.jpg,465,70,678,311,586,538
00008798.jpg,465,65,678,306,592,545
00008799.jpg,465,60,678,301,590,539
00008800.jpg,465,60,678,301,847,388
