00015180.jpg,1124,18,1687,594,993,500
00015181.jpg,1111,21,1688,578,985,492
00015182.jpg,1111,21,1688,578,997,494
00015183.jpg,1111,21,1688,578,997,481
00015184.jpg,1107,15,1684,572,1001,470
00015185.jpg,1115,27,1692,584,1005,476
00015186.jpg,1128,34,1705,591,1008,485
00015187.jpg,1128,34,1705,591,1014,485
00015188.jpg,1132,37,1709,594,1005,488
00015189.jpg,1136,41,1713,598,1010,496
00015190.jpg,1136,42,1713,599,1004,496
00015191.jpg,1135,37,1712,594,1006,490
00015192.jpg,1118,8,1740,647,1006,493
00015193.jpg,1118,8,1740,647,989,485
00015194.jpg,1102,2,1724,641,968,489
00015195.jpg,1088,6,1710,645,930,500
00015196.jpg,1078,8,1700,647,890,508
00015197.jpg,1078,8,1700,647,898,512
00015198.jpg,1077,28,1699,667,849,545
00015199.jpg,1098,48,1720,687,830,580
00015200.jpg,1117,41,1739,680,828,592
00015201.jpg,1117,41,1739,680,820,600
00015202.jpg,1135,22,1757,661,830,592
00015203.jpg,1145,2,1767,641,832,592
00015204.jpg,1137,0,1759,639,826,601
00015205.jpg,1128,0,1750,639,826,605
00015206.jpg,1128,0,1750,639,825,605
00015207.jpg,1117,0,1739,639,814,605
00015208.jpg,1107,0,1729,639,794,596
00015209.jpg,1096,0,1718,639,789,592
00015210.jpg,1095,5,1717,644,-1,-1
00015211.jpg,1095,5,1717,644,-1,-1
00015212.jpg,1108,5,1730,644,-1,-1
00015213.jpg,1116,2,1738,641,-1,-1
00015214.jpg,1121,4,1743,643,-1,-1
00015215.jpg,1128,5,1750,644,-1,-1
00015216.jpg,1128,5,1750,644,-1,-1
00015217.jpg,1127,1,1749,640,-1,-1
00015218.jpg,1114,0,1736,639,-1,-1
00015219.jpg,1098,0,1720,639,-1,-1
00015220.jpg,1094,0,1716,639,-1,-1
00015221.jpg,1094,0,1716,639,-1,-1
00015222.jpg,1089,0,1711,639,-1,-1
00015223.jpg,1085,0,1707,639,-1,-1
00015224.jpg,1093,0,1715,639,-1,-1
00015225.jpg,1107,0,1729,639,-1,-1
00015226.jpg,1107,0,1729,639,-1,-1
00015227.jpg,1116,0,1738,639,-1,-1
00015228.jpg,1105,0,1727,639,-1,-1
00015229.jpg,1073,0,1695,639,-1,-1
00015230.jpg,1049,0,1671,639,-1,-1
00015231.jpg,1049,0,1671,639,-1,-1
00015232.jpg,1039,0,1661,639,-1,-1
00015233.jpg,1022,0,1644,639,-1,-1
00015234.jpg,1021,0,1643,639,-1,-1
00015235.jpg,1059,6,1814,678,-1,-1
00015236.jpg,1059,6,1814,678,-1,-1
00015237.jpg,1060,0,1815,672,-1,-1
00015238.jpg,1048,0,1803,672,-1,-1
00015239.jpg,1028,0,1783,672,-1,-1
00015240.jpg,1018,5,1773,677,-1,-1
00015241.jpg,1018,5,1773,677,-1,-1
00015242.jpg,1017,7,1772,679,-1,-1
00015243.jpg,1008,4,1763,676,-1,-1
00015244.jpg,999,9,1754,681,-1,-1
00015245.jpg,991,11,1746,683,-1,-1
00015246.jpg,991,11,1746,683,-1,-1
00015247.jpg,994,10,1749,682,-1,-1
00015248.jpg,1007,0,1762,672,-1,-1
00015249.jpg,1024,0,1779,672,-1,-1
00015250.jpg,1058,8,1770,656,-1,-1
00015251.jpg,1058,8,1770,656,-1,-1
00015252.jpg,1061,8,1773,656,-1,-1
00015253.jpg,1047,1,1759,649,-1,-1
00015254.jpg,1022,3,1734,651,-1,-1
00015255.jpg,998,13,1710,661,-1,-1
00015256.jpg,998,13,1710,661,-1,-1
00015257.jpg,984,14,1696,662,-1,-1
00015258.jpg,980,7,1692,655,-1,-1
00015259.jpg,993,14,1705,662,-1,-1
00015260.jpg,1013,18,1725,666,-1,-1
00015261.jpg,1038,7,1731,640,-1,-1
00015262.jpg,1038,7,1731,640,-1,-1
00015263.jpg,1055,8,1748,641,-1,-1
00015264.jpg,1046,0,1739,633,-1,-1
00015265.jpg,1021,0,1714,633,-1,-1
00015266.jpg,1021,0,1714,633,-1,-1
00015267.jpg,1003,0,1696,633,-1,-1
00015268.jpg,1005,0,1698,633,-1,-1
00015269.jpg,1011,0,1704,633,-1,-1
00015270.jpg,1013,0,1706,633,-1,-1
00015271.jpg,1013,0,1706,633,-1,-1
00015272.jpg,1017,1,1710,634,-1,-1
00015273.jpg,1031,14,1724,647,-1,-1
00015274.jpg,1040,18,1733,651,-1,-1
00015275.jpg,1040,18,1733,651,-1,-1
00015276.jpg,1040,18,1733,651,-1,-1
00015277.jpg,1031,18,1724,651,-1,-1
00015278.jpg,1019,14,1712,647,-1,-1
00015279.jpg,1011,10,1704,643,-1,-1
00015280.jpg,1012,3,1705,636,-1,-1
00015281.jpg,1012,3,1705,636,-1,-1
00015282.jpg,1022,6,1715,639,-1,-1
00015283.jpg,1026,11,1719,644,-1,-1
00015284.jpg,1017,8,1710,641,-1,-1
00015285.jpg,999,4,1692,637,-1,-1
00015286.jpg,999,4,1692,637,-1,-1
00015287.jpg,988,0,1681,633,-1,-1
00015288.jpg,996,0,1689,633,-1,-1
00015289.jpg,1001,0,1694,633,-1,-1
00015290.jpg,1007,0,1700,633,-1,-1
00015291.jpg,1007,0,1700,633,-1,-1
00015292.jpg,1017,5,1710,638,-1,-1
00015293.jpg,1017,7,1710,640,-1,-1
00015294.jpg,1007,5,1700,638,890,480
00015295.jpg,991,4,1684,637,868,473
00015296.jpg,991,4,1684,637,868,473
00015297.jpg,986,10,1679,643,868,477
00015298.jpg,992,17,1685,650,876,477
00015299.jpg,1007,22,1700,655,904,481
00015300.jpg,1019,24,1712,657,916,482
00015301.jpg,1019,24,1712,657,916,485
00015302.jpg,1024,27,1717,660,913,486
00015303.jpg,1024,34,1717,667,918,486
00015304.jpg,1012,43,1705,676,918,486
00015305.jpg,997,51,1690,684,918,486
00015306.jpg,997,51,1690,684,905,492
00015307.jpg,990,61,1683,694,900,497
00015308.jpg,984,14,1705,713,897,500
00015309.jpg,984,14,1705,713,904,498
00015310.jpg,982,12,1703,711,908,494
00015311.jpg,982,12,1703,711,908,492
00015312.jpg,975,10,1696,709,-1,-1
00015313.jpg,969,14,1690,713,-1,-1
00015314.jpg,962,10,1683,709,-1,-1
00015315.jpg,963,10,1684,709,-1,-1
00015316.jpg,914,13,1675,768,-1,-1
00015317.jpg,914,13,1675,768,-1,-1
00015318.jpg,926,14,1687,769,-1,-1
00015319.jpg,938,7,1699,762,-1,-1
00015320.jpg,938,0,1699,755,-1,-1
00015321.jpg,938,0,1699,755,-1,-1
00015322.jpg,923,0,1684,755,-1,-1
00015323.jpg,909,0,1670,755,-1,-1
00015324.jpg,906,6,1667,761,-1,-1
00015325.jpg,919,8,1680,763,-1,-1
00015326.jpg,919,8,1680,763,-1,-1
00015327.jpg,936,0,1697,755,-1,-1
00015328.jpg,959,0,1720,755,-1,-1
00015329.jpg,977,0,1738,755,-1,-1
00015330.jpg,973,0,1734,755,-1,-1
00015331.jpg,973,0,1734,755,-1,-1
00015332.jpg,960,0,1721,755,-1,-1
00015333.jpg,944,0,1705,755,-1,-1
00015334.jpg,941,0,1702,755,-1,-1
00015335.jpg,944,0,1705,755,-1,-1
00015336.jpg,944,0,1705,755,-1,-1
00015337.jpg,950,0,1711,755,-1,-1
00015338.jpg,955,0,1716,755,-1,-1
00015339.jpg,962,0,1723,755,-1,-1
00015340.jpg,953,0,1714,755,-1,-1
00015341.jpg,953,0,1714,755,-1,-1
00015342.jpg,944,0,1705,755,-1,-1
00015343.jpg,941,0,1702,755,-1,-1
00015344.jpg,937,0,1698,755,-1,-1
00015345.jpg,929,0,1690,755,-1,-1
00015346.jpg,929,0,1690,755,-1,-1
00015347.jpg,924,0,1685,755,-1,-1
00015348.jpg,930,0,1691,755,-1,-1
00015349.jpg,937,0,1698,755,-1,-1
00015350.jpg,938,0,1699,755,-1,-1
00015351.jpg,938,0,1699,755,-1,-1
00015352.jpg,947,0,1708,755,-1,-1
00015353.jpg,951,0,1712,755,-1,-1
00015354.jpg,950,0,1711,755,-1,-1
00015355.jpg,941,0,1702,755,-1,-1
00015356.jpg,941,0,1702,755,-1,-1
00015357.jpg,933,0,1694,755,-1,-1
00015358.jpg,936,0,1697,755,-1,-1
00015359.jpg,949,0,1710,755,-1,-1
00015360.jpg,955,0,1716,755,-1,-1
00015361.jpg,955,0,1716,755,-1,-1
00015362.jpg,955,0,1716,755,-1,-1
00015363.jpg,954,0,1715,755,-1,-1
00015364.jpg,954,0,1715,755,-1,-1
00015365.jpg,952,0,1713,755,-1,-1
00015366.jpg,952,0,1713,755,-1,-1
00015367.jpg,950,0,1711,755,-1,-1
00015368.jpg,961,0,1722,755,-1,-1
00015369.jpg,969,0,1730,755,-1,-1
00015370.jpg,964,0,1725,755,-1,-1
00015371.jpg,964,0,1725,755,-1,-1
00015372.jpg,968,0,1729,755,-1,-1
00015373.jpg,981,0,1742,755,860,469
00015374.jpg,1043,8,1785,686,854,457
00015375.jpg,1043,8,1785,686,854,457
00015376.jpg,1043,8,1785,686,854,457
00015377.jpg,1035,7,1777,685,849,448
00015378.jpg,1023,8,1765,686,838,448
00015379.jpg,1021,11,1763,689,844,454
00015380.jpg,1036,10,1778,688,857,454
00015381.jpg,1036,10,1778,688,860,450
00015382.jpg,1054,5,1796,683,877,438
00015383.jpg,1052,8,1794,686,880,432
00015384.jpg,1042,18,1784,696,876,436
00015385.jpg,1028,21,1770,699,864,440
00015386.jpg,1028,21,1770,699,864,445
00015387.jpg,1020,16,1762,694,856,445
00015388.jpg,1026,12,1768,690,856,444
00015389.jpg,1036,10,1778,688,864,445
00015390.jpg,1035,13,1777,691,868,448
00015391.jpg,1035,13,1777,691,868,448
00015392.jpg,1024,13,1766,691,865,446
00015393.jpg,1012,11,1754,689,861,446
00015394.jpg,1016,7,1758,685,860,449
00015395.jpg,1025,8,1767,686,857,449
00015396.jpg,1025,8,1767,686,857,449
00015397.jpg,1036,16,1778,694,868,450
00015398.jpg,1045,29,1787,707,877,454
00015399.jpg,1042,34,1784,712,877,454
00015400.jpg,1028,31,1770,709,866,440
00015401.jpg,999,8,1759,698,866,440
00015402.jpg,999,8,1759,698,858,444
00015403.jpg,995,6,1755,696,850,442
00015404.jpg,984,1,1744,691,840,440
00015405.jpg,985,12,1745,702,845,450
00015406.jpg,985,12,1745,702,844,452
00015407.jpg,999,20,1759,710,858,462
00015408.jpg,1025,20,1785,710,893,461
00015409.jpg,1045,10,1805,700,924,457
00015410.jpg,1048,0,1808,690,922,457
00015411.jpg,1048,0,1808,690,922,457
00015412.jpg,1036,0,1796,690,910,452
00015413.jpg,1009,0,1769,690,881,450
00015414.jpg,983,0,1743,690,862,453
00015415.jpg,976,5,1736,695,853,453
00015416.jpg,976,5,1736,695,853,450
00015417.jpg,987,9,1747,699,866,445
00015418.jpg,1000,0,1760,690,880,424
00015419.jpg,1005,0,1765,690,882,408
00015420.jpg,1005,0,1765,690,884,401
00015421.jpg,1005,0,1765,690,884,404
00015422.jpg,1007,0,1767,690,885,418
00015423.jpg,1005,1,1765,691,876,432
00015424.jpg,995,0,1755,690,865,437
00015425.jpg,984,0,1744,690,858,433
00015426.jpg,984,0,1744,690,857,432
00015427.jpg,977,0,1737,690,856,432
00015428.jpg,978,0,1738,690,862,432
00015429.jpg,995,1,1755,691,880,437
00015430.jpg,1014,6,1774,696,904,441
00015431.jpg,1014,6,1774,696,906,446
00015432.jpg,1027,7,1787,697,921,448
00015433.jpg,1029,10,1789,700,913,457
00015434.jpg,1017,9,1777,699,900,458
00015435.jpg,1010,6,1770,696,886,454
00015436.jpg,1010,6,1770,696,886,452
00015437.jpg,1004,11,1764,701,880,453
00015438.jpg,1001,12,1761,702,874,454
00015439.jpg,1002,10,1762,700,878,458
00015440.jpg,999,2,1759,692,872,456
00015441.jpg,999,2,1759,692,872,456
00015442.jpg,996,0,1756,690,870,450
00015443.jpg,1003,0,1763,690,876,456
00015444.jpg,1014,5,1774,695,886,456
00015445.jpg,1020,5,1780,695,892,448
00015446.jpg,1020,5,1780,695,892,448
00015447.jpg,1017,4,1777,694,892,442
00015448.jpg,1010,5,1770,695,880,442
00015449.jpg,998,4,1758,694,872,448
00015450.jpg,997,11,1757,701,868,453
00015451.jpg,997,11,1757,701,868,453
00015452.jpg,1004,9,1764,699,870,456
00015453.jpg,1016,6,1776,696,889,457
00015454.jpg,1016,7,1776,697,889,458
00015455.jpg,1016,7,1776,697,889,461
00015456.jpg,1008,0,1768,690,889,461
00015457.jpg,1013,0,1773,690,881,461
00015458.jpg,1026,5,1786,695,881,460
00015459.jpg,1030,4,1790,694,892,449
00015460.jpg,1030,4,1790,694,896,448
00015461.jpg,1024,1,1784,691,878,440
00015462.jpg,1005,0,1765,690,865,434
00015463.jpg,994,0,1754,690,844,438
00015464.jpg,992,0,1752,690,842,440
00015465.jpg,992,0,1752,690,838,442
00015466.jpg,993,0,1753,690,838,442
00015467.jpg,1003,0,1763,690,852,440
00015468.jpg,1009,0,1769,690,852,440
00015469.jpg,1018,0,1778,690,870,438
00015470.jpg,1018,0,1778,690,880,437
00015471.jpg,1015,0,1775,690,872,428
00015472.jpg,1003,0,1763,690,866,433
00015473.jpg,993,0,1753,690,834,456
00015474.jpg,988,3,1748,693,814,480
00015475.jpg,988,3,1748,693,809,486
00015476.jpg,987,2,1747,692,786,494
00015477.jpg,999,3,1759,693,786,501
00015478.jpg,1014,0,1774,690,789,501
00015479.jpg,1015,0,1775,690,794,492
00015480.jpg,1015,0,1775,690,804,492
00015481.jpg,1003,0,1763,690,769,482
00015482.jpg,980,0,1740,690,745,472
00015483.jpg,963,0,1723,690,724,466
00015484.jpg,970,0,1730,690,744,473
00015485.jpg,970,0,1730,690,742,468
00015486.jpg,993,0,1753,690,777,468
00015487.jpg,1013,0,1773,690,820,469
00015488.jpg,1018,1,1778,691,841,457
00015489.jpg,1014,1,1774,691,848,454
00015490.jpg,1014,1,1774,691,842,452
00015491.jpg,1008,0,1768,690,845,446
00015492.jpg,996,0,1756,690,846,442
00015493.jpg,995,0,1755,690,834,442
00015494.jpg,1004,0,1764,690,834,442
00015495.jpg,1004,0,1764,690,844,450
00015496.jpg,1000,0,1760,690,844,450
00015497.jpg,994,0,1754,690,838,442
00015498.jpg,994,0,1754,690,838,442
00015499.jpg,994,0,1754,690,838,442
00015500.jpg,994,0,1754,690,838,442
00015501.jpg,995,0,1755,690,842,442
00015502.jpg,997,0,1757,690,842,442
00015503.jpg,1002,0,1762,690,844,444
00015504.jpg,999,0,1759,690,844,444
00015505.jpg,999,0,1759,690,844,444
00015506.jpg,987,0,1747,690,845,444
00015507.jpg,976,0,1736,690,841,438
00015508.jpg,979,1,1739,691,834,438
00015509.jpg,991,0,1751,690,833,438
00015510.jpg,991,0,1751,690,832,440
00015511.jpg,1012,0,1772,690,834,444
00015512.jpg,1032,0,1792,690,834,444
00015513.jpg,1032,0,1792,690,834,445
00015514.jpg,1015,0,1775,690,836,445
00015515.jpg,1015,0,1775,690,836,445
00015516.jpg,992,1,1752,691,832,445
00015517.jpg,975,4,1735,694,824,445
00015518.jpg,980,5,1740,695,813,450
00015519.jpg,1000,2,1760,692,806,456
00015520.jpg,1000,2,1760,692,809,456
00015521.jpg,1022,2,1782,692,824,458
00015522.jpg,1034,7,1794,697,854,461
00015523.jpg,1032,2,1792,692,866,462
00015524.jpg,1018,1,1778,691,866,462
00015525.jpg,1018,1,1778,691,848,446
00015526.jpg,1008,8,1768,698,837,453
00015527.jpg,1002,7,1762,697,837,460
00015528.jpg,1000,5,1760,695,837,460
00015529.jpg,1004,2,1764,692,836,460
00015530.jpg,1004,2,1764,692,837,458
00015531.jpg,1010,1,1770,691,837,458
00015532.jpg,1021,4,1781,694,861,458
00015533.jpg,1016,1,1776,691,862,454
00015534.jpg,1007,4,1767,694,864,454
00015535.jpg,1007,4,1767,694,864,454
00015536.jpg,1005,11,1765,701,864,454
00015537.jpg,1003,5,1763,695,864,454
00015538.jpg,1003,0,1763,690,864,454
00015539.jpg,1005,0,1765,690,864,454
00015540.jpg,1005,0,1765,690,864,453
