00002568.jpg,183,286,337,454,972,116
00002569.jpg,183,286,337,454,976,115
00002570.jpg,183,286,337,454,979,113
00002571.jpg,183,286,337,454,983,111
00002572.jpg,179,285,333,453,-1,-1
00002573.jpg,174,284,328,452,-1,-1
00002574.jpg,169,283,323,451,-1,-1
00002575.jpg,165,282,319,450,-1,-1
00002576.jpg,160,282,314,450,-1,-1
00002577.jpg,157,281,311,449,-1,-1
00002578.jpg,154,280,308,448,-1,-1
00002579.jpg,151,279,305,447,837,347
00002580.jpg,147,278,301,446,846,355
00002581.jpg,142,277,296,445,855,363
00002582.jpg,136,277,290,445,972,100
00002583.jpg,131,276,285,444,970,101
00002584.jpg,125,275,279,443,968,101
00002585.jpg,120,273,274,441,967,100
00002586.jpg,114,273,268,441,964,101
00002587.jpg,109,272,263,440,961,98
00002588.jpg,104,271,258,439,959,96
00002589.jpg,99,271,253,439,956,98
00002590.jpg,93,271,247,439,952,99
00002591.jpg,87,271,241,439,949,102
00002592.jpg,81,271,235,439,947,103
00002593.jpg,76,270,230,438,946,105
00002594.jpg,72,270,226,438,940,104
00002595.jpg,68,269,222,437,940,103
00002596.jpg,64,269,218,437,937,102
00002597.jpg,62,268,216,436,935,99
00002598.jpg,59,268,213,436,932,99
00002599.jpg,57,267,211,435,933,99
00002600.jpg,55,266,209,434,933,99
00002601.jpg,53,265,207,433,932,98
00002602.jpg,50,264,204,432,932,97
00002603.jpg,47,263,201,431,930,95
00002604.jpg,44,262,198,430,929,94
00002605.jpg,42,262,196,430,984,248
00002606.jpg,39,261,193,429,-1,-1
00002607.jpg,32,259,186,427,-1,-1
00002608.jpg,31,257,185,425,-1,-1
00002609.jpg,29,255,183,423,-1,-1
00002610.jpg,27,254,181,422,-1,-1
00002611.jpg,25,254,179,422,-1,-1
00002612.jpg,24,254,178,422,-1,-1
00002613.jpg,24,254,178,422,-1,-1
00002614.jpg,24,253,178,421,-1,-1
00002615.jpg,25,253,179,421,-1,-1
00002616.jpg,26,254,180,422,-1,-1
00002617.jpg,27,254,181,422,-1,-1
00002618.jpg,28,254,182,422,-1,-1
00002619.jpg,28,255,182,423,-1,-1
00002620.jpg,28,256,182,424,-1,-1
00002621.jpg,28,256,182,424,-1,-1
00002622.jpg,27,255,181,423,963,374
00002623.jpg,27,255,181,423,1000,230
00002624.jpg,28,255,182,423,932,93
00002625.jpg,31,256,185,424,932,93
00002626.jpg,33,254,187,422,932,93
00002627.jpg,35,253,189,421,932,93
00002628.jpg,38,253,192,421,935,92
00002629.jpg,44,253,198,421,936,96
00002630.jpg,51,255,205,423,939,97
00002631.jpg,60,256,214,424,939,97
00002632.jpg,69,256,223,424,940,100
00002633.jpg,79,256,233,424,940,103
00002634.jpg,89,256,243,424,941,103
00002635.jpg,98,257,252,425,940,107
00002636.jpg,101,263,254,418,938,111
00002637.jpg,101,263,254,418,938,116
00002638.jpg,108,263,261,418,936,117
00002639.jpg,114,264,267,419,936,119
00002640.jpg,119,264,272,419,937,119
00002641.jpg,124,264,277,419,940,116
00002642.jpg,127,263,280,418,944,116
00002643.jpg,131,263,284,418,946,115
00002644.jpg,136,262,289,417,946,115
00002645.jpg,140,262,293,417,950,113
00002646.jpg,143,261,296,416,952,111
00002647.jpg,147,261,300,416,955,108
00002648.jpg,150,261,303,416,958,109
00002649.jpg,154,261,307,416,960,109
00002650.jpg,157,261,310,416,961,107
00002651.jpg,159,261,312,416,963,107
00002652.jpg,161,261,314,416,968,107
00002653.jpg,162,260,315,415,969,107
00002654.jpg,164,260,317,415,970,107
00002655.jpg,166,259,319,414,972,107
00002656.jpg,167,259,320,414,975,107
00002657.jpg,170,259,323,414,977,107
00002658.jpg,174,260,327,415,980,107
00002659.jpg,188,265,333,421,980,107
00002660.jpg,188,265,333,421,984,107
00002661.jpg,193,266,338,422,984,107
00002662.jpg,197,266,342,422,984,107
00002663.jpg,200,265,345,421,986,107
00002664.jpg,202,265,347,421,988,107
00002665.jpg,203,264,348,420,990,107
00002666.jpg,204,263,349,419,990,109
00002667.jpg,203,262,348,418,991,111
00002668.jpg,202,261,347,417,991,111
00002669.jpg,200,261,345,417,991,111
00002670.jpg,198,261,343,417,991,111
00002671.jpg,196,261,341,417,991,111
00002672.jpg,194,261,339,417,991,111
00002673.jpg,192,261,337,417,991,111
00002674.jpg,191,260,336,416,989,111
00002675.jpg,190,260,335,416,989,113
00002676.jpg,189,259,334,415,989,112
00002677.jpg,188,258,333,414,988,113
00002678.jpg,187,258,332,414,988,113
00002679.jpg,186,257,331,413,988,113
00002680.jpg,185,257,330,413,987,113
00002681.jpg,184,256,329,412,985,113
00002682.jpg,183,256,328,412,985,113
00002683.jpg,182,255,327,411,985,112
00002684.jpg,181,255,326,411,984,112
00002685.jpg,180,254,325,410,984,112
00002686.jpg,179,254,324,410,984,112
00002687.jpg,179,253,324,409,984,112
00002688.jpg,178,252,323,408,984,112
00002689.jpg,177,252,322,408,983,112
00002690.jpg,177,252,322,408,981,111
00002691.jpg,178,252,323,408,-1,-1
00002692.jpg,178,252,323,408,-1,-1
00002693.jpg,179,252,324,408,-1,-1
00002694.jpg,179,252,324,408,-1,-1
00002695.jpg,179,252,324,408,1062,208
00002696.jpg,178,252,323,408,980,108
00002697.jpg,178,251,323,407,980,108
00002698.jpg,178,251,323,407,980,108
00002699.jpg,178,252,323,408,980,108
00002700.jpg,179,252,324,408,980,108
00002701.jpg,180,252,325,408,980,107
00002702.jpg,181,252,326,408,980,107
00002703.jpg,183,252,328,408,980,106
00002704.jpg,184,253,329,409,980,106
00002705.jpg,184,253,329,409,979,106
00002706.jpg,185,253,330,409,979,105
00002707.jpg,187,253,332,409,979,105
00002708.jpg,189,252,334,408,978,103
00002709.jpg,189,252,334,408,978,103
00002710.jpg,189,252,334,408,978,103
00002711.jpg,189,252,334,408,978,103
00002712.jpg,188,253,333,409,978,103
00002713.jpg,188,253,333,409,978,103
00002714.jpg,188,253,333,409,978,105
00002715.jpg,188,253,333,409,978,106
00002716.jpg,187,254,332,410,978,106
00002717.jpg,188,254,333,410,976,106
00002718.jpg,188,254,333,410,976,107
00002719.jpg,188,255,333,411,976,107
00002720.jpg,188,255,333,411,976,107
00002721.jpg,188,255,333,411,975,106
00002722.jpg,187,255,332,411,975,106
00002723.jpg,187,255,332,411,975,106
00002724.jpg,187,255,332,411,975,106
00002725.jpg,186,256,331,412,973,107
00002726.jpg,186,256,331,412,972,107
00002727.jpg,186,256,331,412,972,107
00002728.jpg,185,256,330,412,972,107
00002729.jpg,185,256,330,412,972,107
00002730.jpg,184,256,329,412,972,107
00002731.jpg,184,256,329,412,972,107
00002732.jpg,184,256,329,412,971,110
00002733.jpg,183,257,328,413,971,110
00002734.jpg,183,257,328,413,972,109
00002735.jpg,183,258,328,414,972,109
00002736.jpg,183,258,328,414,972,108
00002737.jpg,183,258,328,414,972,108
00002738.jpg,183,258,328,414,973,109
00002739.jpg,182,259,327,415,973,109
00002740.jpg,182,259,327,415,973,109
00002741.jpg,182,260,327,416,972,111
00002742.jpg,182,260,327,416,972,111
00002743.jpg,182,261,327,417,972,111
00002744.jpg,181,262,326,418,972,111
00002745.jpg,181,262,326,418,972,111
00002746.jpg,180,263,325,419,972,111
00002747.jpg,179,263,324,419,970,111
00002748.jpg,178,263,323,419,970,111
00002749.jpg,177,263,322,419,969,111
00002750.jpg,177,263,322,419,968,111
