00002568.jpg,942,32,1108,188,301,368
00002569.jpg,942,32,1108,188,300,369
00002570.jpg,947,30,1113,186,298,367
00002571.jpg,950,28,1116,184,295,367
00002572.jpg,953,27,1119,183,290,366
00002573.jpg,954,26,1120,182,286,367
00002574.jpg,955,25,1121,181,281,366
00002575.jpg,955,24,1121,180,272,363
00002576.jpg,955,23,1121,179,266,366
00002577.jpg,955,22,1121,178,263,366
00002578.jpg,954,22,1120,178,261,363
00002579.jpg,952,21,1118,177,263,363
00002580.jpg,949,20,1115,176,260,362
00002581.jpg,946,19,1112,175,255,359
00002582.jpg,943,19,1109,175,248,357
00002583.jpg,940,19,1106,175,247,355
00002584.jpg,938,19,1104,175,240,352
00002585.jpg,936,18,1102,174,232,349
00002586.jpg,934,17,1100,173,227,350
00002587.jpg,931,17,1097,173,223,350
00002588.jpg,928,17,1094,173,223,350
00002589.jpg,926,17,1092,173,210,349
00002590.jpg,923,18,1089,174,210,349
00002591.jpg,921,19,1087,175,200,347
00002592.jpg,918,20,1084,176,196,348
00002593.jpg,916,21,1082,177,189,348
00002594.jpg,912,20,1078,176,184,349
00002595.jpg,912,20,1078,176,180,347
00002596.jpg,910,19,1076,175,178,347
00002597.jpg,908,17,1074,173,178,347
00002598.jpg,907,15,1073,171,176,346
00002599.jpg,906,13,1072,169,175,346
00002600.jpg,905,11,1071,167,172,346
00002601.jpg,905,10,1071,166,172,346
00002602.jpg,904,9,1070,165,167,343
00002603.jpg,904,8,1070,164,166,343
00002604.jpg,903,7,1069,163,163,342
00002605.jpg,903,6,1069,162,159,341
00002606.jpg,903,5,1069,161,152,341
00002607.jpg,904,4,1070,160,149,340
00002608.jpg,905,5,1071,161,146,340
00002609.jpg,906,5,1072,161,143,337
00002610.jpg,908,5,1074,161,145,338
00002611.jpg,908,5,1074,161,143,338
00002612.jpg,909,5,1075,161,140,336
00002613.jpg,910,5,1076,161,140,336
00002614.jpg,911,5,1077,161,138,337
00002615.jpg,912,5,1078,161,140,338
00002616.jpg,912,5,1078,161,140,339
00002617.jpg,912,5,1078,161,141,340
00002618.jpg,912,5,1078,161,141,342
00002619.jpg,910,5,1076,161,142,342
00002620.jpg,909,5,1075,161,140,343
00002621.jpg,907,5,1073,161,141,343
00002622.jpg,906,5,1072,161,141,343
00002623.jpg,906,5,1072,161,140,343
00002624.jpg,906,5,1072,161,140,343
00002625.jpg,907,6,1073,162,140,343
00002626.jpg,907,7,1073,163,140,341
00002627.jpg,907,8,1073,164,143,336
00002628.jpg,908,9,1074,165,146,335
00002629.jpg,909,10,1075,166,150,335
00002630.jpg,910,13,1076,169,157,333
00002631.jpg,911,16,1077,172,166,332
00002632.jpg,911,19,1077,175,177,334
00002633.jpg,910,22,1076,178,184,335
00002634.jpg,915,25,1066,173,193,336
00002635.jpg,915,25,1066,173,204,335
00002636.jpg,913,28,1064,176,209,334
00002637.jpg,912,31,1063,179,220,337
00002638.jpg,910,34,1061,182,227,338
00002639.jpg,909,35,1060,183,233,340
00002640.jpg,910,36,1061,184,241,339
00002641.jpg,914,35,1065,183,244,342
00002642.jpg,917,34,1068,182,248,339
00002643.jpg,920,34,1071,182,254,337
00002644.jpg,922,33,1073,181,256,337
00002645.jpg,924,32,1075,180,264,339
00002646.jpg,927,31,1078,179,264,338
00002647.jpg,930,29,1081,177,268,338
00002648.jpg,932,29,1083,177,271,335
00002649.jpg,933,28,1084,176,271,335
00002650.jpg,935,27,1086,175,274,335
00002651.jpg,937,26,1088,174,277,336
00002652.jpg,939,25,1090,173,280,335
00002653.jpg,941,24,1092,172,281,334
00002654.jpg,943,24,1094,172,284,334
00002655.jpg,945,23,1096,171,284,334
00002656.jpg,948,23,1099,171,286,334
00002657.jpg,950,22,1101,170,292,335
00002658.jpg,953,22,1104,170,295,337
00002659.jpg,956,22,1107,170,300,341
00002660.jpg,957,22,1108,170,304,345
00002661.jpg,958,22,1109,170,306,350
00002662.jpg,959,22,1110,170,314,348
00002663.jpg,961,22,1112,170,318,346
00002664.jpg,962,23,1113,171,320,343
00002665.jpg,964,23,1115,171,320,340
00002666.jpg,965,24,1116,172,320,340
00002667.jpg,965,25,1116,173,318,340
00002668.jpg,965,26,1116,174,317,339
00002669.jpg,965,26,1116,174,317,339
00002670.jpg,965,26,1116,174,312,335
00002671.jpg,965,27,1116,175,312,335
00002672.jpg,965,27,1116,175,309,335
00002673.jpg,965,28,1116,176,309,334
00002674.jpg,964,28,1115,176,305,333
00002675.jpg,964,28,1115,176,304,332
00002676.jpg,963,28,1114,176,301,335
00002677.jpg,963,28,1114,176,300,332
00002678.jpg,963,28,1114,176,299,333
00002679.jpg,963,28,1114,176,298,333
00002680.jpg,962,28,1113,176,298,332
00002681.jpg,961,28,1112,176,299,329
00002682.jpg,959,28,1110,176,298,329
00002683.jpg,959,28,1110,176,296,328
00002684.jpg,958,27,1109,175,296,328
00002685.jpg,958,26,1109,174,294,327
00002686.jpg,957,26,1108,174,293,327
00002687.jpg,956,26,1107,174,293,327
00002688.jpg,955,26,1106,174,293,326
00002689.jpg,954,26,1105,174,292,326
00002690.jpg,953,25,1104,173,291,326
00002691.jpg,952,24,1103,172,291,326
00002692.jpg,952,24,1103,172,292,326
00002693.jpg,951,24,1102,172,293,326
00002694.jpg,951,24,1102,172,294,326
00002695.jpg,950,24,1101,172,294,326
00002696.jpg,950,24,1101,172,293,323
00002697.jpg,949,24,1100,172,295,323
00002698.jpg,949,23,1100,171,295,322
00002699.jpg,950,23,1101,171,295,322
00002700.jpg,950,23,1101,171,295,322
00002701.jpg,950,23,1101,171,296,323
00002702.jpg,950,22,1101,170,296,325
00002703.jpg,951,22,1102,170,298,325
00002704.jpg,951,21,1102,169,300,325
00002705.jpg,952,21,1103,169,300,325
00002706.jpg,953,21,1104,169,300,323
00002707.jpg,953,20,1104,168,302,324
00002708.jpg,953,20,1104,168,302,324
00002709.jpg,953,20,1104,168,302,324
00002710.jpg,952,20,1103,168,302,324
00002711.jpg,952,20,1103,168,304,325
00002712.jpg,952,20,1103,168,304,325
00002713.jpg,951,20,1102,168,304,325
00002714.jpg,951,21,1102,169,304,325
00002715.jpg,950,21,1101,169,304,325
00002716.jpg,950,21,1101,169,304,325
00002717.jpg,949,21,1100,169,304,325
00002718.jpg,949,21,1100,169,304,325
00002719.jpg,949,21,1100,169,304,325
00002720.jpg,949,22,1100,170,303,328
00002721.jpg,948,22,1099,170,304,328
00002722.jpg,947,22,1098,170,304,328
00002723.jpg,947,22,1098,170,304,328
00002724.jpg,947,22,1098,170,303,328
00002725.jpg,947,23,1098,171,303,328
00002726.jpg,947,23,1098,171,303,328
00002727.jpg,946,24,1097,172,303,328
00002728.jpg,945,24,1096,172,303,329
00002729.jpg,945,24,1096,172,301,329
00002730.jpg,945,24,1096,172,301,329
00002731.jpg,946,24,1097,172,301,329
00002732.jpg,946,25,1097,173,301,329
00002733.jpg,946,25,1097,173,301,329
00002734.jpg,945,25,1096,173,301,329
00002735.jpg,946,25,1097,173,301,329
00002736.jpg,947,26,1098,174,300,330
00002737.jpg,947,26,1098,174,300,331
00002738.jpg,947,26,1098,174,300,331
00002739.jpg,946,26,1097,174,300,331
00002740.jpg,946,27,1097,175,300,331
00002741.jpg,945,26,1096,174,300,332
00002742.jpg,945,26,1096,174,300,332
00002743.jpg,945,27,1096,175,300,332
00002744.jpg,945,27,1096,175,300,332
00002745.jpg,944,28,1095,176,299,334
00002746.jpg,942,28,1093,176,299,333
00002747.jpg,942,28,1093,176,297,335
00002748.jpg,941,28,1092,176,299,332
00002749.jpg,941,28,1092,176,299,332
00002750.jpg,941,28,1092,176,295,333
