00003148.jpg,201,52,445,293,920,197
00003149.jpg,201,52,445,293,921,197
00003150.jpg,201,52,445,293,921,197
00003151.jpg,201,52,445,293,921,197
00003152.jpg,202,52,446,293,921,197
00003153.jpg,203,53,447,294,923,196
00003154.jpg,204,53,448,294,925,195
00003155.jpg,205,54,449,295,925,195
00003156.jpg,206,55,450,296,925,195
00003157.jpg,207,56,451,297,925,194
00003158.jpg,208,56,452,297,926,192
00003159.jpg,209,57,453,298,927,192
00003160.jpg,209,57,453,298,927,192
00003161.jpg,210,58,454,299,927,192
00003162.jpg,211,58,455,299,927,192
00003163.jpg,211,58,455,299,927,192
00003164.jpg,212,59,456,300,928,192
00003165.jpg,212,59,456,300,928,192
00003166.jpg,213,59,457,300,928,192
00003167.jpg,213,60,457,301,928,192
00003168.jpg,213,60,457,301,928,195
00003169.jpg,213,60,457,301,928,195
00003170.jpg,212,60,456,301,928,197
00003171.jpg,212,60,456,301,926,198
00003172.jpg,211,60,455,301,925,200
00003173.jpg,210,59,454,300,924,201
00003174.jpg,210,59,454,300,924,201
00003175.jpg,209,59,453,300,924,201
00003176.jpg,208,59,452,300,924,201
00003177.jpg,207,59,451,300,924,201
00003178.jpg,206,59,450,300,924,201
00003179.jpg,204,59,448,300,924,201
00003180.jpg,203,59,447,300,924,201
00003181.jpg,203,58,447,299,924,201
00003182.jpg,202,58,446,299,924,201
00003183.jpg,201,58,445,299,924,201
00003184.jpg,200,58,444,299,924,201
00003185.jpg,200,57,444,298,934,209
00003186.jpg,199,57,443,298,935,210
00003187.jpg,198,58,442,299,946,218
00003188.jpg,198,57,442,298,948,218
00003189.jpg,198,57,442,298,953,218
00003190.jpg,197,57,441,298,956,218
00003191.jpg,197,57,441,298,961,218
00003192.jpg,197,57,441,298,965,218
00003193.jpg,196,57,440,298,965,218
00003194.jpg,196,57,440,298,965,218
00003195.jpg,196,57,440,298,963,218
00003196.jpg,195,57,439,298,963,218
00003197.jpg,195,57,439,298,962,220
00003198.jpg,195,57,439,298,961,220
00003199.jpg,194,56,438,297,694,559
00003200.jpg,194,56,438,297,690,556
00003201.jpg,194,55,438,296,686,555
00003202.jpg,194,53,438,294,680,559
00003203.jpg,193,52,437,293,676,575
00003204.jpg,193,52,437,293,674,588
00003205.jpg,192,51,436,292,676,589
00003206.jpg,190,51,434,292,676,586
00003207.jpg,187,50,431,291,676,586
00003208.jpg,183,49,427,290,676,586
00003209.jpg,178,48,422,289,676,586
00003210.jpg,170,50,414,291,676,585
00003211.jpg,163,51,407,292,676,572
00003212.jpg,157,54,401,295,676,572
00003213.jpg,154,53,398,294,674,548
00003214.jpg,153,51,397,292,664,527
00003215.jpg,150,54,394,295,650,507
00003216.jpg,152,49,396,290,621,485
00003217.jpg,153,48,397,289,592,463
00003218.jpg,152,50,396,291,581,455
00003219.jpg,151,51,395,292,557,444
00003220.jpg,151,51,395,292,558,439
00003221.jpg,150,51,394,292,552,435
00003222.jpg,148,53,392,294,-1,-1
00003223.jpg,144,58,388,299,-1,-1
00003224.jpg,145,54,389,295,883,196
00003225.jpg,147,51,391,292,883,196
00003226.jpg,148,50,392,291,883,196
00003227.jpg,149,51,393,292,883,196
00003228.jpg,151,51,395,292,883,196
00003229.jpg,153,52,397,293,886,203
00003230.jpg,156,52,400,293,893,208
00003231.jpg,159,53,403,294,897,215
00003232.jpg,162,54,406,295,902,221
00003233.jpg,166,55,410,296,909,224
00003234.jpg,170,56,414,297,914,227
00003235.jpg,174,58,418,299,918,229
00003236.jpg,179,59,423,300,921,231
00003237.jpg,185,60,429,301,925,239
00003238.jpg,190,61,434,302,928,239
00003239.jpg,195,62,439,303,928,239
00003240.jpg,200,62,444,303,928,239
00003241.jpg,204,64,448,305,929,246
00003242.jpg,209,65,453,306,929,246
00003243.jpg,215,67,459,308,929,246
00003244.jpg,221,69,465,310,929,247
00003245.jpg,228,71,472,312,929,247
00003246.jpg,235,73,479,314,929,247
00003247.jpg,244,75,488,316,929,249
00003248.jpg,251,77,495,318,929,249
00003249.jpg,257,78,501,319,929,250
00003250.jpg,260,79,504,320,929,250
00003251.jpg,262,78,506,319,929,251
00003252.jpg,264,78,508,319,932,254
00003253.jpg,268,79,512,320,932,254
00003254.jpg,270,79,514,320,926,253
00003255.jpg,271,79,515,320,917,249
00003256.jpg,271,80,515,321,904,242
00003257.jpg,271,80,515,321,893,235
00003258.jpg,269,80,513,321,882,225
00003259.jpg,266,79,510,320,873,219
00003260.jpg,262,78,506,319,869,217
00003261.jpg,261,78,505,319,867,215
00003262.jpg,259,77,503,318,864,217
00003263.jpg,256,76,500,317,868,222
00003264.jpg,252,74,496,315,874,226
00003265.jpg,248,73,492,314,877,229
00003266.jpg,244,72,488,313,882,231
00003267.jpg,237,70,481,311,888,235
00003268.jpg,231,69,475,310,894,235
00003269.jpg,226,67,470,308,901,239
00003270.jpg,220,65,464,306,904,242
00003271.jpg,213,63,457,304,905,244
00003272.jpg,205,60,449,301,906,249
00003273.jpg,199,57,443,298,906,249
00003274.jpg,190,56,434,297,906,249
00003275.jpg,180,57,424,298,907,249
00003276.jpg,171,57,415,298,906,247
00003277.jpg,162,58,406,299,906,247
00003278.jpg,155,58,399,299,906,249
00003279.jpg,148,63,392,304,906,249
00003280.jpg,147,58,391,299,906,249
00003281.jpg,146,55,390,296,906,247
00003282.jpg,144,55,388,296,773,632
00003283.jpg,145,52,389,293,773,632
00003284.jpg,145,52,389,293,773,632
00003285.jpg,145,51,389,292,773,632
00003286.jpg,145,50,389,291,773,632
00003287.jpg,144,50,388,291,773,632
00003288.jpg,144,48,388,289,773,632
00003289.jpg,145,47,389,288,773,632
00003290.jpg,145,46,389,287,773,632
00003291.jpg,144,45,388,286,773,632
00003292.jpg,143,47,387,288,773,632
00003293.jpg,143,46,387,287,773,632
00003294.jpg,142,46,386,287,773,632
00003295.jpg,142,46,386,287,773,632
00003296.jpg,140,47,384,288,-1,-1
00003297.jpg,145,48,377,291,-1,-1
00003298.jpg,145,48,377,291,-1,-1
00003299.jpg,145,48,377,291,-1,-1
00003300.jpg,145,48,377,291,920,167
00003301.jpg,145,49,377,292,925,162
00003302.jpg,145,49,377,292,930,161
00003303.jpg,145,49,377,292,935,159
00003304.jpg,145,50,377,293,937,159
00003305.jpg,145,51,377,294,943,156
00003306.jpg,146,51,378,294,944,156
00003307.jpg,147,51,379,294,945,156
00003308.jpg,147,50,379,293,949,156
00003309.jpg,149,49,381,292,949,158
00003310.jpg,149,49,381,292,954,158
00003311.jpg,150,50,382,293,956,158
00003312.jpg,151,53,395,280,957,157
00003313.jpg,151,53,395,280,957,155
00003314.jpg,154,53,398,280,959,155
00003315.jpg,157,52,401,279,959,155
00003316.jpg,159,52,403,279,957,156
00003317.jpg,161,52,405,279,957,159
00003318.jpg,164,52,408,279,957,164
00003319.jpg,167,52,411,279,959,169
00003320.jpg,170,52,414,279,962,175
00003321.jpg,172,52,416,279,963,182
00003322.jpg,175,52,419,279,966,186
00003323.jpg,177,52,421,279,971,188
00003324.jpg,180,52,424,279,971,189
00003325.jpg,182,52,426,279,974,192
00003326.jpg,184,52,428,279,975,194
00003327.jpg,186,52,430,279,976,195
00003328.jpg,188,52,432,279,978,198
00003329.jpg,191,52,435,279,978,198
00003330.jpg,194,53,438,280,978,198
00003331.jpg,197,53,441,280,980,199
00003332.jpg,199,54,443,281,980,199
00003333.jpg,201,54,445,281,980,200
00003334.jpg,203,55,447,282,980,201
00003335.jpg,205,55,449,282,981,201
00003336.jpg,207,55,451,282,981,201
00003337.jpg,208,55,452,282,981,201
00003338.jpg,209,56,453,283,981,201
00003339.jpg,209,56,453,283,981,201
00003340.jpg,209,55,453,282,981,201
00003341.jpg,208,55,452,282,981,201
00003342.jpg,207,55,451,282,981,201
00003343.jpg,206,54,450,281,981,201
00003344.jpg,204,53,448,280,981,201
00003345.jpg,203,52,447,279,981,201
00003346.jpg,201,51,445,278,981,201
00003347.jpg,200,50,444,277,981,201
00003348.jpg,197,49,441,276,981,201
00003349.jpg,195,48,439,275,981,201
00003350.jpg,192,47,436,274,981,201
00003351.jpg,190,46,434,273,981,201
00003352.jpg,187,46,431,273,981,201
00003353.jpg,184,45,428,272,981,201
00003354.jpg,181,45,425,272,981,201
00003355.jpg,179,45,423,272,981,201
00003356.jpg,176,44,420,271,981,201
00003357.jpg,175,44,419,271,981,201
00003358.jpg,173,43,417,270,981,201
00003359.jpg,171,43,415,270,981,201
00003360.jpg,169,42,413,269,981,201
00003361.jpg,169,42,413,269,975,199
00003362.jpg,168,42,412,269,975,199
00003363.jpg,168,42,412,269,960,190
00003364.jpg,169,43,413,270,955,182
00003365.jpg,169,45,413,272,951,179
00003366.jpg,170,47,414,274,946,175
00003367.jpg,172,49,416,276,945,173
00003368.jpg,174,50,418,277,941,173
00003369.jpg,175,51,419,278,942,174
00003370.jpg,176,52,420,279,943,172
00003371.jpg,178,52,422,279,943,172
00003372.jpg,179,51,423,278,943,172
00003373.jpg,180,51,424,278,943,172
00003374.jpg,181,51,425,278,943,172
00003375.jpg,182,51,426,278,942,179
00003376.jpg,182,51,426,278,942,179
00003377.jpg,182,51,426,278,941,184
00003378.jpg,181,51,425,278,941,184
00003379.jpg,180,49,424,276,939,188
00003380.jpg,176,46,420,273,-1,-1
00003381.jpg,170,42,414,269,-1,-1
00003382.jpg,163,38,407,265,-1,-1
00003383.jpg,158,34,402,261,-1,-1
00003384.jpg,154,32,398,259,-1,-1
00003385.jpg,151,32,395,259,-1,-1
00003386.jpg,150,33,394,260,-1,-1
00003387.jpg,150,33,394,260,-1,-1
