00003148.jpg,851,63,1120,318,408,172
00003149.jpg,851,63,1120,318,408,172
00003150.jpg,851,63,1120,318,408,172
00003151.jpg,851,63,1120,318,408,172
00003152.jpg,851,63,1120,318,410,172
00003153.jpg,852,62,1121,317,412,172
00003154.jpg,852,62,1121,317,412,172
00003155.jpg,853,62,1122,317,413,172
00003156.jpg,853,62,1122,317,415,172
00003157.jpg,854,62,1123,317,418,175
00003158.jpg,854,62,1123,317,418,175
00003159.jpg,854,62,1123,317,418,180
00003160.jpg,854,62,1123,317,419,183
00003161.jpg,854,62,1123,317,419,183
00003162.jpg,854,62,1123,317,419,183
00003163.jpg,853,62,1122,317,419,183
00003164.jpg,853,62,1122,317,420,183
00003165.jpg,852,62,1121,317,420,182
00003166.jpg,852,62,1121,317,422,182
00003167.jpg,851,63,1120,318,422,182
00003168.jpg,851,64,1120,319,422,182
00003169.jpg,850,65,1119,320,422,182
00003170.jpg,850,65,1119,320,422,182
00003171.jpg,849,66,1118,321,422,182
00003172.jpg,849,66,1118,321,422,182
00003173.jpg,849,66,1118,321,422,182
00003174.jpg,849,65,1118,320,421,181
00003175.jpg,850,65,1119,320,421,181
00003176.jpg,850,65,1119,320,419,181
00003177.jpg,851,65,1120,320,419,181
00003178.jpg,851,65,1120,320,419,181
00003179.jpg,850,65,1119,320,415,179
00003180.jpg,850,65,1119,320,415,179
00003181.jpg,850,64,1119,319,412,179
00003182.jpg,849,64,1118,319,410,177
00003183.jpg,849,64,1118,319,410,177
00003184.jpg,849,64,1118,319,641,652
00003185.jpg,849,63,1118,318,641,652
00003186.jpg,849,63,1118,318,641,652
00003187.jpg,849,63,1118,318,641,652
00003188.jpg,849,63,1118,318,641,652
00003189.jpg,849,64,1118,319,641,652
00003190.jpg,847,64,1116,319,641,652
00003191.jpg,847,65,1116,320,641,652
00003192.jpg,847,67,1116,322,641,652
00003193.jpg,847,68,1116,323,641,652
00003194.jpg,847,69,1116,324,641,652
00003195.jpg,847,70,1116,325,641,652
00003196.jpg,846,71,1115,326,641,652
00003197.jpg,846,71,1115,326,641,652
00003198.jpg,845,71,1114,326,641,652
00003199.jpg,845,72,1114,327,641,652
00003200.jpg,845,72,1114,327,641,652
00003201.jpg,845,72,1114,327,641,652
00003202.jpg,844,72,1113,327,641,652
00003203.jpg,844,72,1113,327,641,652
00003204.jpg,844,71,1113,326,641,652
00003205.jpg,844,71,1113,326,641,652
00003206.jpg,844,71,1113,326,641,652
00003207.jpg,843,70,1112,325,641,652
00003208.jpg,843,70,1112,325,641,652
00003209.jpg,843,69,1112,324,641,652
00003210.jpg,843,69,1112,324,641,652
00003211.jpg,841,68,1110,323,641,652
00003212.jpg,840,68,1109,323,641,652
00003213.jpg,839,68,1108,323,641,652
00003214.jpg,837,68,1106,323,-1,-1
00003215.jpg,834,67,1103,322,-1,-1
00003216.jpg,833,66,1102,321,345,183
00003217.jpg,832,65,1101,320,345,183
00003218.jpg,831,64,1100,319,344,189
00003219.jpg,829,63,1098,318,342,193
00003220.jpg,828,62,1097,317,342,193
00003221.jpg,826,61,1095,316,342,191
00003222.jpg,825,60,1094,315,342,187
00003223.jpg,823,59,1092,314,350,175
00003224.jpg,820,58,1089,313,350,172
00003225.jpg,820,58,1089,313,350,170
00003226.jpg,820,59,1089,314,350,170
00003227.jpg,820,60,1089,315,350,170
00003228.jpg,819,61,1088,316,353,170
00003229.jpg,819,61,1088,316,359,171
00003230.jpg,820,65,1089,320,-1,-1
00003231.jpg,822,69,1091,324,-1,-1
00003232.jpg,822,70,1091,325,-1,-1
00003233.jpg,823,71,1092,326,-1,-1
00003234.jpg,824,73,1093,328,-1,-1
00003235.jpg,826,78,1095,333,-1,-1
00003236.jpg,827,80,1096,335,797,634
00003237.jpg,824,76,1088,342,797,634
00003238.jpg,824,76,1088,342,797,634
00003239.jpg,824,77,1088,343,797,634
00003240.jpg,823,78,1087,344,797,634
00003241.jpg,823,80,1087,346,797,634
00003242.jpg,823,81,1087,347,797,634
00003243.jpg,823,82,1087,348,797,634
00003244.jpg,823,83,1087,349,797,634
00003245.jpg,823,84,1087,350,797,634
00003246.jpg,823,84,1087,350,792,635
00003247.jpg,823,85,1087,351,791,635
00003248.jpg,823,85,1087,351,791,635
00003249.jpg,823,85,1087,351,791,635
00003250.jpg,823,86,1087,352,795,636
00003251.jpg,824,86,1088,352,795,636
00003252.jpg,824,87,1088,353,795,636
00003253.jpg,823,89,1087,355,795,636
00003254.jpg,823,90,1087,356,795,636
00003255.jpg,821,88,1085,354,795,636
00003256.jpg,820,86,1084,352,-1,-1
00003257.jpg,818,83,1082,349,-1,-1
00003258.jpg,817,79,1081,345,-1,-1
00003259.jpg,816,75,1080,341,-1,-1
00003260.jpg,821,81,1085,347,473,210
00003261.jpg,821,78,1085,344,469,211
00003262.jpg,820,76,1084,342,464,208
00003263.jpg,818,75,1082,341,-1,-1
00003264.jpg,815,74,1079,340,-1,-1
00003265.jpg,812,75,1076,341,-1,-1
00003266.jpg,807,79,1071,345,-1,-1
00003267.jpg,804,81,1068,347,-1,-1
00003268.jpg,802,82,1066,348,797,629
00003269.jpg,800,82,1064,348,797,629
00003270.jpg,799,84,1063,350,797,629
00003271.jpg,798,87,1062,353,797,629
00003272.jpg,798,89,1062,355,797,631
00003273.jpg,797,89,1061,355,797,631
00003274.jpg,797,89,1061,355,797,631
00003275.jpg,797,89,1061,355,797,631
00003276.jpg,797,90,1061,356,797,631
00003277.jpg,796,91,1060,357,797,631
00003278.jpg,796,92,1060,358,797,631
00003279.jpg,797,92,1061,358,797,631
00003280.jpg,797,91,1061,357,797,631
00003281.jpg,799,89,1063,355,797,631
00003282.jpg,800,87,1064,353,797,631
00003283.jpg,801,85,1065,351,797,631
00003284.jpg,801,83,1065,349,797,631
00003285.jpg,802,81,1066,347,797,631
00003286.jpg,803,79,1067,345,797,631
00003287.jpg,804,77,1068,343,797,631
00003288.jpg,806,75,1070,341,797,631
00003289.jpg,807,73,1071,339,797,631
00003290.jpg,809,70,1073,336,797,631
00003291.jpg,812,67,1076,333,797,631
00003292.jpg,815,65,1079,331,797,631
00003293.jpg,809,69,1079,331,797,631
00003294.jpg,809,69,1079,331,797,631
00003295.jpg,812,65,1082,327,797,631
00003296.jpg,815,61,1085,323,-1,-1
00003297.jpg,819,58,1089,320,-1,-1
00003298.jpg,822,54,1092,316,-1,-1
00003299.jpg,845,59,1100,296,-1,-1
00003300.jpg,845,59,1100,296,320,184
00003301.jpg,849,57,1104,294,320,184
00003302.jpg,852,57,1107,294,320,184
00003303.jpg,854,58,1109,295,320,184
00003304.jpg,855,58,1110,295,320,184
00003305.jpg,857,58,1112,295,320,184
00003306.jpg,870,55,1111,293,322,184
00003307.jpg,870,55,1111,293,327,184
00003308.jpg,872,55,1113,293,330,181
00003309.jpg,874,55,1115,293,336,180
00003310.jpg,876,56,1117,294,340,179
00003311.jpg,877,56,1118,294,341,179
00003312.jpg,879,56,1120,294,344,179
00003313.jpg,881,56,1122,294,350,178
00003314.jpg,883,57,1124,295,353,178
00003315.jpg,884,57,1125,295,355,178
00003316.jpg,884,58,1125,296,357,178
00003317.jpg,884,58,1125,296,361,174
00003318.jpg,885,59,1126,297,364,176
00003319.jpg,885,59,1126,297,-1,-1
00003320.jpg,886,59,1127,297,-1,-1
00003321.jpg,887,60,1128,298,-1,-1
00003322.jpg,887,61,1128,299,-1,-1
00003323.jpg,888,61,1129,299,-1,-1
00003324.jpg,887,61,1128,299,-1,-1
00003325.jpg,887,62,1128,300,814,616
00003326.jpg,887,62,1128,300,814,616
00003327.jpg,887,62,1128,300,814,616
00003328.jpg,887,62,1128,300,814,616
00003329.jpg,887,62,1128,300,814,616
00003330.jpg,887,63,1130,309,814,616
00003331.jpg,887,63,1130,309,814,616
00003332.jpg,887,63,1130,309,814,616
00003333.jpg,887,64,1130,310,814,616
00003334.jpg,887,64,1130,310,814,616
00003335.jpg,887,65,1130,311,814,616
00003336.jpg,887,65,1130,311,814,616
00003337.jpg,887,65,1130,311,814,616
00003338.jpg,887,66,1130,312,814,616
00003339.jpg,886,66,1129,312,814,616
00003340.jpg,886,66,1129,312,814,616
00003341.jpg,886,66,1129,312,814,616
00003342.jpg,886,66,1129,312,814,616
00003343.jpg,886,66,1129,312,814,616
00003344.jpg,886,66,1129,312,814,616
00003345.jpg,886,66,1129,312,814,616
00003346.jpg,886,66,1129,312,814,616
00003347.jpg,885,66,1128,312,814,616
00003348.jpg,885,66,1128,312,814,616
00003349.jpg,884,66,1127,312,814,616
00003350.jpg,884,66,1127,312,814,616
00003351.jpg,884,65,1127,311,814,616
00003352.jpg,884,65,1127,311,814,616
00003353.jpg,884,64,1127,310,814,616
00003354.jpg,884,64,1127,310,814,616
00003355.jpg,884,63,1127,309,814,616
00003356.jpg,885,63,1128,309,814,616
00003357.jpg,885,62,1128,308,814,616
00003358.jpg,885,62,1128,308,814,616
00003359.jpg,886,62,1129,308,814,616
00003360.jpg,886,62,1129,308,814,616
00003361.jpg,885,61,1128,307,814,616
00003362.jpg,885,61,1128,307,814,616
00003363.jpg,885,60,1128,306,-1,-1
00003364.jpg,885,58,1128,304,-1,-1
00003365.jpg,884,56,1127,302,-1,-1
00003366.jpg,884,54,1127,300,-1,-1
00003367.jpg,885,53,1128,299,371,171
00003368.jpg,886,53,1129,299,371,171
00003369.jpg,886,51,1129,297,373,171
00003370.jpg,885,51,1128,297,377,176
00003371.jpg,885,51,1128,297,377,176
00003372.jpg,885,51,1128,297,377,176
00003373.jpg,885,52,1128,298,377,176
00003374.jpg,885,53,1128,299,380,177
00003375.jpg,886,54,1129,300,380,177
00003376.jpg,886,55,1129,301,380,177
00003377.jpg,887,57,1130,303,381,177
00003378.jpg,887,58,1130,304,383,174
00003379.jpg,887,59,1130,305,383,174
00003380.jpg,887,60,1130,306,372,172
00003381.jpg,886,61,1129,307,359,167
00003382.jpg,886,62,1129,308,350,162
00003383.jpg,886,61,1129,307,338,153
00003384.jpg,886,61,1129,307,330,147
00003385.jpg,886,62,1129,308,321,144
00003386.jpg,886,62,1129,308,315,144
00003387.jpg,886,62,1129,308,-1,-1
