00001554.jpg,1007,132,1498,619,638,276
00001555.jpg,1003,137,1495,623,629,265
00001556.jpg,1003,138,1495,623,627,262
00001557.jpg,998,142,1491,622,614,257
00001558.jpg,992,143,1489,623,614,250
00001559.jpg,990,147,1480,625,598,246
00001560.jpg,985,147,1473,626,586,241
00001561.jpg,985,147,1473,626,581,241
00001562.jpg,984,148,1469,626,578,241
00001563.jpg,989,154,1465,622,577,245
00001564.jpg,991,155,1466,620,577,245
00001565.jpg,993,155,1470,621,579,254
00001566.jpg,993,154,1470,621,579,254
00001567.jpg,995,157,1475,621,590,257
00001568.jpg,1001,158,1476,623,595,261
00001569.jpg,1007,155,1483,627,602,265
00001570.jpg,1017,152,1484,630,610,274
00001571.jpg,1017,152,1484,630,614,270
00001572.jpg,1018,149,1487,631,617,277
00001573.jpg,1020,148,1489,632,623,281
00001574.jpg,1020,149,1491,631,629,284
00001575.jpg,1021,149,1492,627,-1,-1
00001576.jpg,1021,148,1492,627,-1,-1
00001577.jpg,1026,145,1493,624,-1,-1
00001578.jpg,1031,138,1493,623,646,285
00001579.jpg,1040,134,1495,621,-1,-1
00001580.jpg,1046,135,1497,616,-1,-1
00001581.jpg,1046,135,1497,616,-1,-1
00001582.jpg,1049,134,1498,618,-1,-1
00001583.jpg,1049,132,1502,620,-1,-1
00001584.jpg,1046,132,1501,618,-1,-1
00001585.jpg,1042,132,1505,615,-1,-1
00001586.jpg,1042,132,1505,615,-1,-1
00001587.jpg,1043,130,1507,611,-1,-1
00001588.jpg,1046,131,1507,609,-1,-1
00001589.jpg,1049,129,1510,609,-1,-1
00001590.jpg,1059,133,1510,607,-1,-1
00001591.jpg,1059,133,1510,607,-1,-1
00001592.jpg,1068,138,1510,604,-1,-1
00001593.jpg,1079,139,1509,604,-1,-1
00001594.jpg,1082,138,1514,606,-1,-1
00001595.jpg,1088,136,1516,609,-1,-1
00001596.jpg,1088,136,1516,609,-1,-1
00001597.jpg,1093,135,1515,610,-1,-1
00001598.jpg,1099,135,1514,611,-1,-1
00001599.jpg,1103,138,1513,613,-1,-1
00001600.jpg,1106,140,1511,612,-1,-1
00001601.jpg,1105,140,1511,612,-1,-1
00001602.jpg,1105,139,1512,614,-1,-1
00001603.jpg,1104,139,1515,617,-1,-1
00001604.jpg,1102,138,1519,619,-1,-1
00001605.jpg,1103,137,1522,620,-1,-1
00001606.jpg,1104,137,1522,620,-1,-1
00001607.jpg,1107,136,1523,618,-1,-1
00001608.jpg,1107,133,1524,622,-1,-1
00001609.jpg,1107,134,1526,620,-1,-1
00001610.jpg,1110,136,1526,618,-1,-1
00001611.jpg,1110,136,1526,619,-1,-1
00001612.jpg,1116,137,1519,619,-1,-1
00001613.jpg,1111,137,1524,625,-1,-1
00001614.jpg,1110,134,1524,625,-1,-1
00001615.jpg,1106,139,1519,622,-1,-1
00001616.jpg,1106,139,1519,622,-1,-1
00001617.jpg,1102,137,1520,618,-1,-1
00001618.jpg,1099,135,1517,625,-1,-1
00001619.jpg,1093,139,1511,627,-1,-1
00001620.jpg,1091,146,1507,624,-1,-1
00001621.jpg,1091,146,1507,624,-1,-1
00001622.jpg,1099,153,1502,617,-1,-1
00001623.jpg,1098,152,1499,612,-1,-1
00001624.jpg,1097,146,1503,614,-1,-1
00001625.jpg,1087,139,1511,613,-1,-1
00001626.jpg,1086,139,1511,613,-1,-1
00001627.jpg,1086,139,1511,613,-1,-1
00001628.jpg,1086,139,1511,613,-1,-1
00001629.jpg,1086,139,1511,613,-1,-1
00001630.jpg,1085,136,1510,610,-1,-1
00001631.jpg,1085,136,1510,610,-1,-1
00001632.jpg,1084,134,1509,608,-1,-1
00001633.jpg,1084,133,1509,607,-1,-1
00001634.jpg,1083,132,1508,606,-1,-1
00001635.jpg,1084,131,1509,605,-1,-1
00001636.jpg,1084,131,1509,605,-1,-1
00001637.jpg,1084,130,1509,604,-1,-1
00001638.jpg,1085,131,1510,605,-1,-1
00001639.jpg,1086,133,1511,607,-1,-1
00001640.jpg,1086,135,1511,609,-1,-1
00001641.jpg,1086,136,1511,610,-1,-1
00001642.jpg,1087,139,1512,613,-1,-1
00001643.jpg,1088,144,1513,618,-1,-1
00001644.jpg,1089,149,1514,623,-1,-1
00001645.jpg,1091,155,1516,629,-1,-1
00001646.jpg,1091,155,1516,629,-1,-1
00001647.jpg,1093,160,1518,634,-1,-1
00001648.jpg,1096,166,1521,640,-1,-1
00001649.jpg,1096,166,1521,640,-1,-1
