00009342.jpg,352,79,495,228,310,322
00009343.jpg,352,79,495,228,308,323
00009344.jpg,352,79,495,228,308,322
00009345.jpg,352,79,495,228,307,323
00009346.jpg,353,80,496,229,307,323
00009347.jpg,355,81,498,230,309,324
00009348.jpg,358,81,501,230,309,324
00009349.jpg,362,81,505,230,310,324
00009350.jpg,367,82,510,231,315,322
00009351.jpg,371,83,514,232,317,323
00009352.jpg,375,84,518,233,322,323
00009353.jpg,379,86,522,235,325,323
00009354.jpg,382,87,525,236,329,327
00009355.jpg,386,87,529,236,334,327
00009356.jpg,389,86,532,235,336,327
00009357.jpg,391,85,534,234,340,323
00009358.jpg,393,84,536,233,340,323
00009359.jpg,392,83,535,232,340,323
00009360.jpg,391,82,534,231,340,323
00009361.jpg,389,81,532,230,339,323
00009362.jpg,387,80,530,229,337,324
00009363.jpg,385,79,528,228,337,324
00009364.jpg,384,77,527,226,336,324
00009365.jpg,383,75,526,224,333,323
00009366.jpg,381,73,524,222,332,323
00009367.jpg,379,71,522,220,330,318
00009368.jpg,378,69,521,218,328,316
00009369.jpg,377,67,520,216,324,315
00009370.jpg,376,65,519,214,323,315
00009371.jpg,374,63,517,212,322,313
00009372.jpg,373,62,516,211,321,311
00009373.jpg,371,60,514,209,318,308
00009374.jpg,370,59,513,208,314,306
00009375.jpg,369,58,512,207,311,304
00009376.jpg,369,57,512,206,310,304
00009377.jpg,368,56,511,205,306,301
00009378.jpg,367,56,510,205,305,301
00009379.jpg,366,55,509,204,304,297
00009380.jpg,365,55,508,204,304,297
00009381.jpg,365,54,508,203,300,294
00009382.jpg,364,54,507,203,300,293
00009383.jpg,364,54,507,203,300,293
00009384.jpg,364,54,507,203,301,292
00009385.jpg,363,54,506,203,301,292
00009386.jpg,363,54,506,203,301,292
00009387.jpg,362,53,505,202,301,292
00009388.jpg,361,53,504,202,301,292
00009389.jpg,359,54,502,203,300,295
00009390.jpg,356,56,499,205,300,295
00009391.jpg,353,60,496,209,296,301
00009392.jpg,350,64,493,213,294,304
00009393.jpg,347,65,490,214,292,305
00009394.jpg,344,67,487,216,291,305
00009395.jpg,342,68,485,217,287,307
00009396.jpg,341,70,484,219,284,313
00009397.jpg,341,71,484,220,284,313
00009398.jpg,341,74,484,223,282,315
00009399.jpg,341,77,484,226,281,315
00009400.jpg,341,80,484,229,278,317
00009401.jpg,341,83,484,232,280,321
00009402.jpg,341,85,484,234,278,325
00009403.jpg,341,88,484,237,278,325
00009404.jpg,341,91,484,240,278,327
00009405.jpg,341,92,484,241,276,332
00009406.jpg,341,94,484,243,278,333
00009407.jpg,341,95,484,244,279,333
00009408.jpg,340,96,483,245,280,333
00009409.jpg,340,97,483,246,278,334
00009410.jpg,339,97,482,246,276,334
00009411.jpg,338,97,481,246,275,334
00009412.jpg,337,98,480,247,273,335
00009413.jpg,336,99,479,248,273,335
00009414.jpg,335,100,478,249,276,335
00009415.jpg,335,101,478,250,276,335
00009416.jpg,334,101,477,250,276,335
00009417.jpg,333,102,476,251,274,335
00009418.jpg,332,102,475,251,271,337
00009419.jpg,332,102,475,251,272,338
00009420.jpg,331,102,474,251,272,338
00009421.jpg,331,102,474,251,270,338
00009422.jpg,331,102,474,251,270,338
00009423.jpg,330,102,473,251,270,338
00009424.jpg,330,102,473,251,270,338
00009425.jpg,331,103,474,252,270,339
00009426.jpg,332,103,475,252,270,339
00009427.jpg,334,103,477,252,274,342
00009428.jpg,336,103,479,252,276,342
00009429.jpg,338,104,481,253,278,342
00009430.jpg,339,103,482,252,280,342
00009431.jpg,341,102,484,251,278,346
00009432.jpg,344,101,487,250,279,347
00009433.jpg,348,100,491,249,280,346
00009434.jpg,352,99,495,248,280,346
00009435.jpg,355,97,498,246,281,346
00009436.jpg,358,95,501,244,282,347
00009437.jpg,362,95,505,244,284,350
00009438.jpg,365,94,508,243,285,350
00009439.jpg,368,93,511,242,285,350
00009440.jpg,370,92,513,241,285,350
00009441.jpg,373,91,516,240,287,351
00009442.jpg,376,88,519,237,290,351
00009443.jpg,379,86,522,235,292,350
00009444.jpg,382,84,525,233,296,349
00009445.jpg,385,81,528,230,300,348
00009446.jpg,389,78,532,227,301,348
00009447.jpg,393,76,536,225,303,348
00009448.jpg,398,74,541,223,306,348
00009449.jpg,403,71,546,220,306,348
00009450.jpg,403,71,546,220,301,351
