00007634.jpg,650,153,893,424,899,384
00007635.jpg,650,153,893,424,858,386
00007636.jpg,635,152,878,423,820,382
00007637.jpg,627,155,870,426,790,390
00007638.jpg,620,154,863,425,756,393
00007639.jpg,615,156,858,427,732,401
00007640.jpg,612,158,855,429,704,414
00007641.jpg,608,162,851,433,682,421
00007642.jpg,608,165,851,436,672,430
00007643.jpg,610,167,853,438,664,432
00007644.jpg,613,170,856,441,659,438
00007645.jpg,615,176,858,447,664,440
00007646.jpg,618,181,861,452,670,449
00007647.jpg,624,186,867,457,676,454
00007648.jpg,632,189,875,460,683,458
00007649.jpg,641,188,884,459,687,466
00007650.jpg,648,184,891,455,-1,-1
00007651.jpg,655,175,898,446,-1,-1
00007652.jpg,659,170,902,441,-1,-1
00007653.jpg,660,167,903,438,-1,-1
00007654.jpg,658,165,901,436,686,464
00007655.jpg,654,162,897,433,672,454
00007656.jpg,646,158,889,429,655,445
00007657.jpg,637,152,880,423,632,434
00007658.jpg,627,148,870,419,614,428
00007659.jpg,617,147,860,418,591,425
00007660.jpg,608,145,851,416,567,420
00007661.jpg,597,145,840,416,539,416
00007662.jpg,582,145,825,416,516,412
00007663.jpg,566,144,809,415,491,409
00007664.jpg,544,147,787,418,464,408
00007665.jpg,520,151,763,422,438,410
00007666.jpg,501,151,744,422,408,417
00007667.jpg,484,148,727,419,378,418
00007668.jpg,465,143,708,414,354,418
00007669.jpg,449,136,692,407,327,414
00007670.jpg,435,132,678,403,312,406
00007671.jpg,422,128,665,399,296,398
00007672.jpg,415,124,658,395,282,393
00007673.jpg,409,122,652,393,276,390
00007674.jpg,410,121,653,392,275,386
00007675.jpg,412,122,655,393,275,386
00007676.jpg,416,122,659,393,275,386
00007677.jpg,422,121,665,392,276,389
00007678.jpg,430,121,673,392,282,390
00007679.jpg,441,119,684,390,287,390
00007680.jpg,451,119,694,390,296,394
00007681.jpg,460,121,703,392,307,401
00007682.jpg,467,124,710,395,310,404
00007683.jpg,475,126,718,404,316,409
00007684.jpg,475,126,718,404,322,417
00007685.jpg,480,127,723,405,328,420
00007686.jpg,487,129,730,407,332,424
00007687.jpg,494,128,737,406,335,432
00007688.jpg,504,127,747,405,343,438
00007689.jpg,514,125,757,403,350,446
00007690.jpg,526,124,769,402,359,446
00007691.jpg,539,125,782,403,368,446
00007692.jpg,550,125,793,403,378,448
00007693.jpg,560,127,803,405,387,454
00007694.jpg,568,128,811,406,400,453
00007695.jpg,576,129,819,407,411,454
00007696.jpg,583,129,826,407,420,454
00007697.jpg,583,129,826,407,423,454
