00007634.jpg,890,266,1035,436,904,369
00007635.jpg,902,267,1049,427,863,377
00007636.jpg,914,267,1060,426,830,378
00007637.jpg,924,269,1074,435,968,598
00007638.jpg,924,269,1074,435,968,604
00007639.jpg,931,270,1081,436,975,605
00007640.jpg,935,270,1085,436,982,605
00007641.jpg,940,269,1090,435,983,605
00007642.jpg,945,269,1095,435,680,429
00007643.jpg,952,270,1102,436,670,436
00007644.jpg,960,271,1110,437,664,436
00007645.jpg,968,274,1118,440,666,441
00007646.jpg,977,274,1127,440,670,446
00007647.jpg,994,270,1154,443,679,450
00007648.jpg,994,270,1154,443,683,453
00007649.jpg,1004,269,1164,442,690,465
00007650.jpg,1015,268,1175,441,694,469
00007651.jpg,1025,266,1185,439,694,473
00007652.jpg,1036,268,1196,441,694,473
00007653.jpg,1048,271,1208,444,695,470
00007654.jpg,1073,273,1232,450,690,461
00007655.jpg,1087,273,1244,449,674,450
00007656.jpg,1099,273,1263,452,659,442
00007657.jpg,1099,273,1263,452,636,432
00007658.jpg,1107,270,1276,454,615,428
00007659.jpg,1107,270,1276,454,591,425
00007660.jpg,1117,268,1302,460,567,420
00007661.jpg,1117,268,1302,460,536,414
00007662.jpg,1124,268,1309,460,518,413
00007663.jpg,1127,267,1312,459,494,410
00007664.jpg,1129,268,1314,460,466,409
00007665.jpg,1130,270,1315,462,440,409
00007666.jpg,1128,273,1313,465,407,413
00007667.jpg,1124,275,1309,467,384,414
00007668.jpg,1121,268,1311,465,352,414
00007669.jpg,1121,268,1311,465,330,413
00007670.jpg,1114,269,1310,476,314,405
00007671.jpg,1109,269,1317,476,298,397
00007672.jpg,1109,264,1317,471,287,393
00007673.jpg,1107,261,1315,468,278,389
00007674.jpg,1106,258,1314,465,274,385
00007675.jpg,1102,255,1310,462,274,381
00007676.jpg,1097,251,1305,458,274,382
00007677.jpg,1091,249,1299,456,276,388
00007678.jpg,1087,250,1295,457,282,388
00007679.jpg,1085,251,1293,458,286,390
00007680.jpg,1084,252,1292,459,299,393
00007681.jpg,1082,254,1290,461,303,397
00007682.jpg,1079,258,1287,465,307,402
00007683.jpg,1075,261,1283,468,314,410
00007684.jpg,1070,264,1278,471,322,412
00007685.jpg,1064,264,1272,471,324,416
00007686.jpg,1059,262,1267,469,330,426
00007687.jpg,1054,260,1262,467,335,433
00007688.jpg,1049,259,1257,466,340,438
00007689.jpg,1043,260,1251,467,347,438
00007690.jpg,1037,261,1245,468,356,444
00007691.jpg,1032,261,1240,468,367,446
00007692.jpg,1027,263,1235,470,378,448
00007693.jpg,1023,267,1231,474,388,449
00007694.jpg,1018,272,1226,479,398,452
00007695.jpg,1014,274,1222,481,412,456
00007696.jpg,1010,277,1218,484,415,456
00007697.jpg,1010,277,1218,484,424,453
