00005664.jpg,727,27,879,192,310,249
00005665.jpg,727,27,879,192,306,250
00005666.jpg,727,27,879,192,306,250
00005667.jpg,727,27,879,192,302,249
00005668.jpg,727,36,879,201,298,249
00005669.jpg,727,48,879,213,295,249
00005670.jpg,727,48,879,213,292,250
00005671.jpg,727,60,879,225,288,250
00005672.jpg,728,66,880,231,288,250
00005673.jpg,729,70,881,235,286,250
00005674.jpg,729,69,881,234,287,250
00005675.jpg,729,69,881,234,288,245
00005676.jpg,731,62,883,227,288,248
00005677.jpg,733,52,885,217,293,248
00005678.jpg,735,45,887,210,310,246
00005679.jpg,739,47,896,221,325,248
00005680.jpg,739,47,896,221,323,248
00005681.jpg,738,51,895,225,340,248
00005682.jpg,737,61,894,235,357,248
00005683.jpg,736,75,893,249,375,289
00005684.jpg,736,86,893,260,405,286
00005685.jpg,736,86,893,260,406,288
00005686.jpg,738,91,895,265,422,291
00005687.jpg,741,94,898,268,443,291
00005688.jpg,743,90,900,264,456,291
00005689.jpg,736,74,909,270,467,291
00005690.jpg,736,74,909,270,468,289
00005691.jpg,737,66,910,262,476,289
00005692.jpg,738,60,911,256,491,288
00005693.jpg,739,60,912,256,491,290
00005694.jpg,741,65,914,261,491,290
00005695.jpg,741,65,914,261,491,290
