00008001.jpg,442,77,760,395,580,482
00008002.jpg,442,77,760,395,581,482
00008003.jpg,442,77,760,395,581,481
00008004.jpg,442,77,760,395,580,481
00008005.jpg,441,77,759,395,578,481
00008006.jpg,441,77,759,395,577,481
00008007.jpg,440,77,758,395,578,481
00008008.jpg,432,76,750,394,577,481
00008009.jpg,426,74,744,392,573,481
00008010.jpg,422,72,740,390,578,481
00008011.jpg,422,72,740,390,577,481
00008012.jpg,418,71,736,389,576,481
00008013.jpg,415,71,733,389,574,481
00008014.jpg,412,85,719,402,570,482
00008015.jpg,412,85,719,402,572,482
00008016.jpg,412,85,719,402,570,482
00008017.jpg,402,79,709,406,573,482
00008018.jpg,402,79,709,406,570,482
00008019.jpg,404,79,711,406,569,482
00008020.jpg,397,79,704,406,572,482
00008021.jpg,397,79,704,406,569,482
00008022.jpg,386,77,690,411,569,482
00008023.jpg,386,77,690,411,568,482
00008024.jpg,384,76,688,410,577,481
00008025.jpg,381,76,685,410,588,480
00008026.jpg,381,76,685,410,586,476
00008027.jpg,378,75,682,409,604,474
00008028.jpg,376,75,680,409,605,474
00008029.jpg,375,74,679,408,610,476
00008030.jpg,373,74,677,408,626,476
00008031.jpg,374,74,678,408,633,476
00008032.jpg,372,73,676,407,638,474
00008033.jpg,371,72,675,406,642,474
00008034.jpg,370,72,674,406,653,473
00008035.jpg,369,72,673,406,662,474
00008036.jpg,369,72,673,406,662,474
00008037.jpg,369,71,673,405,668,474
00008038.jpg,364,73,673,408,678,473
00008039.jpg,364,73,673,408,689,472
00008040.jpg,363,73,672,408,700,468
00008041.jpg,363,73,672,408,704,468
00008042.jpg,361,74,670,409,708,468
00008043.jpg,359,75,668,410,716,466
00008044.jpg,356,75,665,410,720,468
00008045.jpg,352,76,661,411,730,472
00008046.jpg,352,76,661,411,732,472
00008047.jpg,349,76,658,411,737,472
00008048.jpg,345,76,654,411,737,472
00008049.jpg,343,76,652,411,746,473
00008050.jpg,338,76,647,411,750,476
00008051.jpg,338,76,647,411,750,476
00008052.jpg,334,75,643,410,748,477
00008053.jpg,344,82,652,400,752,477
00008054.jpg,344,82,652,400,756,477
00008055.jpg,342,82,650,400,760,480
00008056.jpg,342,82,650,400,768,482
00008057.jpg,336,81,644,399,768,482
00008058.jpg,332,81,640,399,768,482
00008059.jpg,329,80,637,398,774,482
00008060.jpg,325,80,633,398,774,482
00008061.jpg,324,80,632,398,774,482
00008062.jpg,324,80,632,398,774,482
