00007822.jpg,967,157,1113,308,-1,-1
00007823.jpg,967,157,1113,308,-1,-1
00007824.jpg,967,157,1113,308,-1,-1
00007825.jpg,966,158,1101,301,-1,-1
00007826.jpg,966,158,1101,301,-1,-1
00007827.jpg,966,158,1101,301,-1,-1
00007828.jpg,964,157,1099,300,485,770
00007829.jpg,963,154,1098,297,489,454
00007830.jpg,963,152,1098,295,485,274
00007831.jpg,964,150,1099,293,482,274
00007832.jpg,964,150,1099,293,481,274
00007833.jpg,964,149,1099,292,481,274
00007834.jpg,965,149,1100,292,481,274
00007835.jpg,965,150,1100,293,482,276
00007836.jpg,965,151,1100,294,486,276
00007837.jpg,965,151,1100,294,486,274
00007838.jpg,966,152,1101,295,486,274
00007839.jpg,963,141,1098,292,492,274
00007840.jpg,963,141,1098,292,492,274
00007841.jpg,962,140,1097,291,496,276
00007842.jpg,962,140,1097,291,496,276
00007843.jpg,960,139,1095,290,506,269
00007844.jpg,958,137,1093,288,509,273
00007845.jpg,955,135,1090,286,509,273
00007846.jpg,952,134,1087,285,508,270
00007847.jpg,952,134,1087,285,506,272
00007848.jpg,948,134,1083,285,505,272
00007849.jpg,945,135,1080,286,505,272
00007850.jpg,941,135,1076,286,505,272
00007851.jpg,935,135,1070,286,505,269
00007852.jpg,935,135,1070,286,505,269
00007853.jpg,930,134,1065,285,505,269
00007854.jpg,926,133,1061,284,502,269
00007855.jpg,922,134,1057,285,502,269
00007856.jpg,918,134,1053,285,501,269
00007857.jpg,918,134,1053,285,498,264
00007858.jpg,914,134,1049,285,273,276
00007859.jpg,912,132,1052,279,712,266
00007860.jpg,912,132,1052,279,712,266
00007861.jpg,911,131,1051,278,712,266
00007862.jpg,910,132,1050,279,712,266
00007863.jpg,910,131,1050,278,712,266
00007864.jpg,910,132,1050,279,709,266
00007865.jpg,911,132,1051,279,709,266
00007866.jpg,912,133,1052,280,709,266
00007867.jpg,912,133,1052,280,708,266
00007868.jpg,914,134,1054,281,708,266
00007869.jpg,916,135,1056,282,708,266
00007870.jpg,917,137,1057,284,706,266
00007871.jpg,918,139,1058,286,705,269
00007872.jpg,918,139,1058,286,705,266
00007873.jpg,918,141,1058,288,708,269
00007874.jpg,917,143,1057,290,708,269
00007875.jpg,917,144,1057,291,706,269
00007876.jpg,916,146,1056,293,704,273
00007877.jpg,916,146,1056,293,702,274
00007878.jpg,913,149,1053,296,702,274
00007879.jpg,913,151,1053,298,704,276
00007880.jpg,912,152,1052,299,702,278
00007881.jpg,911,153,1051,300,702,280
00007882.jpg,911,152,1051,299,702,284
00007883.jpg,910,153,1050,300,704,285
00007884.jpg,910,153,1050,300,704,285
00007885.jpg,910,154,1050,301,704,285
00007886.jpg,910,154,1050,301,706,285
00007887.jpg,910,154,1050,301,705,285
00007888.jpg,910,153,1050,300,706,289
00007889.jpg,911,153,1051,300,706,289
00007890.jpg,910,152,1050,299,706,286
00007891.jpg,909,152,1049,299,709,285
00007892.jpg,909,152,1049,299,709,285
00007893.jpg,908,153,1048,300,708,285
00007894.jpg,907,153,1047,300,709,285
00007895.jpg,906,153,1046,300,710,285
00007896.jpg,904,153,1044,300,709,286
00007897.jpg,904,153,1044,300,710,289
00007898.jpg,901,152,1041,299,710,289
00007899.jpg,899,151,1039,298,709,290
00007900.jpg,898,149,1038,296,709,290
00007901.jpg,896,148,1036,295,709,285
00007902.jpg,896,148,1036,295,708,285
00007903.jpg,896,147,1036,294,708,284
00007904.jpg,897,146,1037,293,706,280
00007905.jpg,899,144,1039,291,706,277
00007906.jpg,902,144,1042,291,706,277
00007907.jpg,902,144,1042,291,709,280
00007908.jpg,905,143,1045,290,710,278
00007909.jpg,910,143,1050,290,708,278
00007910.jpg,914,143,1054,290,714,278
00007911.jpg,918,144,1058,291,716,278
00007912.jpg,918,144,1058,291,716,278
00007913.jpg,918,144,1058,291,721,281
