00007822.jpg,364,205,533,365,1169,264
00007823.jpg,364,205,533,365,1172,264
00007824.jpg,364,205,533,365,1172,256
00007825.jpg,364,205,533,365,1164,246
00007826.jpg,363,206,532,366,1156,245
00007827.jpg,363,206,532,366,1017,372
00007828.jpg,363,206,532,366,1020,373
00007829.jpg,364,206,533,366,1022,373
00007830.jpg,364,205,533,365,1022,378
00007831.jpg,365,204,534,364,1022,378
00007832.jpg,365,204,534,364,1022,378
00007833.jpg,365,204,534,364,1022,378
00007834.jpg,366,203,535,363,1022,378
00007835.jpg,367,203,536,363,956,520
00007836.jpg,369,203,538,363,956,521
00007837.jpg,369,203,538,363,956,521
00007838.jpg,371,203,540,363,849,364
00007839.jpg,373,203,542,363,997,218
00007840.jpg,375,203,544,363,718,276
00007841.jpg,377,202,546,362,718,276
00007842.jpg,377,202,546,362,718,276
00007843.jpg,379,201,548,361,718,276
00007844.jpg,381,200,550,360,718,276
00007845.jpg,382,199,551,359,718,276
00007846.jpg,382,199,551,359,718,276
00007847.jpg,382,199,551,359,718,276
00007848.jpg,383,199,552,359,717,276
00007849.jpg,384,198,553,358,717,276
00007850.jpg,384,198,553,358,717,276
00007851.jpg,384,196,553,356,717,276
00007852.jpg,384,208,544,369,717,276
00007853.jpg,384,208,544,369,717,276
00007854.jpg,382,207,542,368,717,276
00007855.jpg,379,206,539,367,717,276
00007856.jpg,377,206,537,367,717,276
00007857.jpg,377,206,537,367,717,276
00007858.jpg,375,205,535,366,717,276
00007859.jpg,372,205,532,366,713,274
00007860.jpg,367,206,527,367,710,270
00007861.jpg,360,206,520,367,706,270
00007862.jpg,360,206,520,367,705,270
00007863.jpg,353,207,513,368,702,270
00007864.jpg,347,209,507,370,705,270
00007865.jpg,339,211,499,372,702,270
00007866.jpg,332,213,492,374,702,269
00007867.jpg,332,213,492,374,700,269
00007868.jpg,326,215,486,376,702,269
00007869.jpg,302,192,476,359,945,214
00007870.jpg,302,192,476,359,948,214
00007871.jpg,291,194,465,361,945,214
00007872.jpg,291,194,465,361,945,216
00007873.jpg,304,196,478,363,944,217
00007874.jpg,292,198,466,365,942,217
00007875.jpg,275,192,449,359,941,220
00007876.jpg,268,193,442,360,940,220
00007877.jpg,268,193,442,360,941,224
00007878.jpg,265,194,439,361,940,226
00007879.jpg,260,194,434,361,937,226
00007880.jpg,258,196,432,363,936,229
00007881.jpg,256,197,430,364,936,233
00007882.jpg,256,197,430,364,933,233
00007883.jpg,255,197,429,364,934,233
00007884.jpg,255,197,429,364,933,233
00007885.jpg,259,197,433,364,930,233
00007886.jpg,265,196,439,363,933,233
00007887.jpg,265,196,439,363,934,233
00007888.jpg,270,194,444,361,933,233
00007889.jpg,278,194,452,361,932,233
00007890.jpg,285,196,459,363,932,234
00007891.jpg,294,199,468,366,930,234
00007892.jpg,294,199,468,366,933,234
00007893.jpg,306,202,480,369,930,233
00007894.jpg,318,206,492,373,930,233
00007895.jpg,328,212,502,379,930,233
00007896.jpg,336,215,510,382,930,232
00007897.jpg,336,215,510,382,928,233
00007898.jpg,343,215,517,382,929,232
00007899.jpg,353,214,527,381,926,229
00007900.jpg,366,214,540,381,926,229
00007901.jpg,368,212,542,379,925,229
00007902.jpg,368,212,542,379,924,229
00007903.jpg,371,211,545,378,922,229
00007904.jpg,385,223,547,391,922,229
00007905.jpg,385,223,547,391,924,226
00007906.jpg,389,222,551,390,925,225
00007907.jpg,389,222,551,390,926,224
00007908.jpg,393,221,555,389,930,221
00007909.jpg,397,219,559,387,933,221
00007910.jpg,400,218,562,386,937,221
00007911.jpg,404,217,566,385,944,220
00007912.jpg,404,217,566,385,944,220
00007913.jpg,404,217,566,385,948,220
