00000719.jpg,363,90,582,335,-1,-1
00000720.jpg,363,90,582,335,-1,-1
00000721.jpg,363,90,582,335,-1,-1
00000722.jpg,363,90,582,335,-1,-1
00000723.jpg,363,91,582,336,-1,-1
00000724.jpg,363,91,582,336,-1,-1
00000725.jpg,363,91,582,336,-1,-1
00000726.jpg,363,92,582,337,204,213
00000727.jpg,363,93,582,338,204,213
00000728.jpg,363,93,582,338,204,213
00000729.jpg,363,93,582,338,204,213
00000730.jpg,363,94,582,339,204,213
00000731.jpg,364,95,583,340,204,213
00000732.jpg,364,95,583,340,204,213
00000733.jpg,364,95,583,340,204,213
00000734.jpg,364,95,583,340,204,213
00000735.jpg,364,96,583,341,204,213
00000736.jpg,364,96,583,341,204,213
00000737.jpg,364,96,583,341,204,213
00000738.jpg,363,97,582,342,204,213
00000739.jpg,363,97,582,342,204,213
00000740.jpg,363,97,582,342,204,213
00000741.jpg,363,97,582,342,204,213
00000742.jpg,363,97,582,342,204,213
00000743.jpg,363,97,582,342,204,213
00000744.jpg,363,97,582,342,204,213
00000745.jpg,363,97,582,342,204,213
00000746.jpg,363,98,582,343,-1,-1
00000747.jpg,361,102,580,347,-1,-1
00000748.jpg,361,102,580,347,-1,-1
00000749.jpg,361,102,580,347,-1,-1
00000750.jpg,358,105,577,350,-1,-1
00000751.jpg,357,105,576,350,-1,-1
00000752.jpg,357,105,576,350,-1,-1
00000753.jpg,357,105,576,350,-1,-1
00000754.jpg,357,105,576,350,-1,-1
00000755.jpg,356,106,575,351,-1,-1
00000756.jpg,356,106,575,351,-1,-1
00000757.jpg,356,106,575,351,-1,-1
00000758.jpg,356,106,575,351,-1,-1
00000759.jpg,356,107,575,352,-1,-1
00000760.jpg,356,107,575,352,-1,-1
00000761.jpg,356,107,575,352,-1,-1
00000762.jpg,356,106,575,351,-1,-1
00000763.jpg,355,105,574,350,-1,-1
00000764.jpg,354,106,573,351,-1,-1
00000765.jpg,354,106,573,351,-1,-1
00000766.jpg,354,106,573,351,-1,-1
00000767.jpg,354,107,573,352,-1,-1
00000768.jpg,350,107,569,352,-1,-1
00000769.jpg,350,107,569,352,-1,-1
00000770.jpg,350,107,569,352,-1,-1
00000771.jpg,346,109,565,354,-1,-1
00000772.jpg,346,109,565,354,-1,-1
00000773.jpg,346,109,565,354,-1,-1
00000774.jpg,346,109,565,354,-1,-1
00000775.jpg,346,109,565,354,-1,-1
00000776.jpg,347,111,566,356,-1,-1
00000777.jpg,347,111,566,356,-1,-1
00000778.jpg,347,111,566,356,-1,-1
00000779.jpg,348,111,567,356,-1,-1
00000780.jpg,349,110,568,355,-1,-1
00000781.jpg,349,110,568,355,-1,-1
00000782.jpg,349,110,568,355,-1,-1
00000783.jpg,355,108,574,353,-1,-1
00000784.jpg,357,103,576,348,-1,-1
00000785.jpg,357,103,576,348,-1,-1
00000786.jpg,354,100,579,353,-1,-1
00000787.jpg,354,100,579,353,-1,-1
00000788.jpg,355,102,580,355,-1,-1
00000789.jpg,355,102,580,355,-1,-1
00000790.jpg,355,102,580,355,-1,-1
00000791.jpg,354,102,579,355,-1,-1
00000792.jpg,353,103,578,356,-1,-1
00000793.jpg,353,103,578,356,-1,-1
00000794.jpg,353,103,578,356,-1,-1
00000795.jpg,353,101,578,354,195,212
00000796.jpg,352,101,577,354,195,212
00000797.jpg,352,101,577,354,195,212
00000798.jpg,352,101,577,354,195,212
00000799.jpg,351,102,576,355,195,212
00000800.jpg,350,104,575,357,195,212
00000801.jpg,350,104,575,357,195,212
00000802.jpg,350,104,575,357,195,212
00000803.jpg,349,103,574,356,195,212
00000804.jpg,348,102,573,355,195,212
00000805.jpg,348,102,573,355,195,212
00000806.jpg,348,103,573,356,195,212
00000807.jpg,349,103,574,356,195,212
00000808.jpg,349,102,574,355,195,212
00000809.jpg,349,102,574,355,195,212
00000810.jpg,349,102,574,355,195,212
