00025920.jpg,648,78,714,157,-1,-1
00025921.jpg,648,78,714,157,-1,-1
00025922.jpg,648,78,714,157,-1,-1
00025923.jpg,648,78,714,157,-1,-1
00025924.jpg,648,78,714,157,-1,-1
00025925.jpg,644,74,719,160,-1,-1
00025926.jpg,644,74,719,160,-1,-1
00025927.jpg,644,74,719,160,-1,-1
00025928.jpg,644,74,719,160,-1,-1
00025929.jpg,653,74,721,159,-1,-1
00025930.jpg,653,74,721,159,-1,-1
00025931.jpg,653,74,721,159,-1,-1
00025932.jpg,654,73,722,158,-1,-1
00025933.jpg,654,73,722,158,-1,-1
00025934.jpg,655,73,723,158,-1,-1
00025935.jpg,655,73,723,158,-1,-1
00025936.jpg,656,72,724,157,-1,-1
00025937.jpg,657,72,725,157,-1,-1
00025938.jpg,658,71,726,156,-1,-1
00025939.jpg,659,71,727,156,-1,-1
00025940.jpg,660,71,728,156,-1,-1
00025941.jpg,660,70,728,155,-1,-1
00025942.jpg,661,69,729,154,-1,-1
00025943.jpg,661,69,729,154,-1,-1
00025944.jpg,661,69,729,154,-1,-1
