00004709.jpg,977,4,1872,858,644,1001
00004710.jpg,977,4,1872,858,644,1001
00004711.jpg,977,4,1872,858,644,1001
00004712.jpg,977,4,1872,858,644,1001
00004713.jpg,983,9,1878,863,644,1001
00004714.jpg,989,14,1884,868,644,1001
00004715.jpg,995,16,1890,870,644,1001
00004716.jpg,995,16,1890,870,644,1001
00004717.jpg,999,18,1894,872,644,1001
00004718.jpg,1010,1,1904,868,644,1001
00004719.jpg,1010,1,1904,868,644,1001
00004720.jpg,1011,1,1905,868,644,1001
00004721.jpg,1011,1,1905,868,644,1001
00004722.jpg,1011,0,1905,867,644,1001
00004723.jpg,1008,0,1902,867,644,1001
00004724.jpg,1002,0,1896,867,632,1003
00004725.jpg,994,0,1888,867,632,1003
00004726.jpg,994,0,1888,867,624,1003
00004727.jpg,984,0,1878,867,624,1003
00004728.jpg,971,0,1865,867,624,1003
00004729.jpg,958,0,1852,867,624,1003
00004730.jpg,944,0,1838,867,624,1003
00004731.jpg,944,0,1838,867,624,1003
00004732.jpg,930,0,1824,867,624,1003
00004733.jpg,914,0,1808,867,624,1003
00004734.jpg,897,0,1791,867,624,1003
00004735.jpg,880,0,1774,867,624,1003
00004736.jpg,880,0,1774,867,624,1003
00004737.jpg,865,0,1759,867,624,1003
00004738.jpg,852,0,1746,867,624,1003
00004739.jpg,840,0,1734,867,624,1003
00004740.jpg,827,0,1721,867,624,1003
00004741.jpg,827,0,1721,867,624,1003
00004742.jpg,815,0,1709,867,624,1003
00004743.jpg,805,0,1699,867,624,1003
00004744.jpg,797,0,1691,867,624,1003
00004745.jpg,790,0,1684,867,624,1003
00004746.jpg,790,0,1684,867,624,1003
00004747.jpg,764,3,1648,737,624,1003
00004748.jpg,764,3,1648,737,624,1003
00004749.jpg,761,3,1645,737,624,1003
00004750.jpg,759,2,1643,736,624,1003
00004751.jpg,759,2,1643,736,624,1003
00004752.jpg,760,4,1644,738,624,1003
00004753.jpg,761,7,1645,741,624,1003
00004754.jpg,762,9,1646,743,624,1003
00004755.jpg,763,11,1647,745,623,997
00004756.jpg,774,3,1664,735,623,997
00004757.jpg,774,3,1664,735,623,997
00004758.jpg,775,3,1665,735,623,996
00004759.jpg,776,2,1666,734,623,996
00004760.jpg,777,0,1667,732,623,996
00004761.jpg,777,0,1667,732,623,996
00004762.jpg,778,0,1668,732,623,996
00004763.jpg,782,0,1672,732,623,996
00004764.jpg,791,0,1681,732,623,996
00004765.jpg,801,0,1691,732,623,996
00004766.jpg,801,0,1691,732,623,996
00004767.jpg,809,0,1699,732,623,996
00004768.jpg,816,0,1706,732,623,996
00004769.jpg,821,0,1711,732,623,996
00004770.jpg,826,0,1716,732,623,996
00004771.jpg,826,0,1716,732,623,996
00004772.jpg,833,1,1723,733,623,996
00004773.jpg,838,2,1728,734,618,996
00004774.jpg,841,1,1731,733,618,996
00004775.jpg,842,0,1732,732,612,996
00004776.jpg,842,0,1732,732,612,996
00004777.jpg,837,0,1727,732,610,996
00004778.jpg,829,0,1719,732,610,996
00004779.jpg,842,0,1694,763,610,996
00004780.jpg,855,0,1692,744,606,996
00004781.jpg,854,0,1691,743,603,996
00004782.jpg,860,0,1682,739,602,996
00004783.jpg,855,0,1677,743,599,996
00004784.jpg,841,0,1683,761,599,996
00004785.jpg,828,0,1692,767,599,996
00004786.jpg,827,0,1692,767,599,996
00004787.jpg,823,0,1684,766,591,996
00004788.jpg,819,0,1686,764,584,999
00004789.jpg,828,3,1679,761,580,1003
00004790.jpg,828,6,1679,759,580,1003
00004791.jpg,828,7,1678,758,580,1003
00004792.jpg,828,3,1676,760,580,1003
00004793.jpg,821,4,1671,759,580,1003
00004794.jpg,817,5,1665,749,580,1003
00004795.jpg,808,3,1656,732,580,1003
00004796.jpg,808,3,1656,732,580,1003
