00039146.jpg,678,54,1041,444,-1,-1
00039147.jpg,678,54,1041,444,-1,-1
00039148.jpg,690,54,1028,424,-1,-1
00039149.jpg,691,42,1026,407,-1,-1
00039150.jpg,691,42,1026,407,-1,-1
00039151.jpg,696,40,1031,405,-1,-1
00039152.jpg,696,40,1031,405,-1,-1
00039153.jpg,702,40,1040,398,-1,-1
00039154.jpg,700,35,1050,388,-1,-1
00039155.jpg,709,25,1047,377,-1,-1
00039156.jpg,722,30,1042,376,-1,-1
00039157.jpg,722,30,1042,376,-1,-1
00039158.jpg,730,26,1054,362,-1,-1
00039159.jpg,730,26,1054,362,-1,-1
00039160.jpg,735,23,1059,359,-1,-1
00039161.jpg,737,5,1062,335,-1,-1
00039162.jpg,737,5,1062,335,-1,-1
00039163.jpg,741,2,1066,332,-1,-1
00039164.jpg,744,1,1069,331,-1,-1
00039165.jpg,746,0,1071,330,-1,-1
00039166.jpg,762,5,1073,313,-1,-1
00039167.jpg,762,5,1073,313,-1,-1
00039168.jpg,762,1,1073,309,-1,-1
00039169.jpg,762,0,1073,308,-1,-1
00039170.jpg,775,6,1065,293,-1,-1
00039171.jpg,775,6,1065,293,-1,-1
00039172.jpg,775,6,1065,293,-1,-1
00039173.jpg,773,5,1063,292,-1,-1
00039174.jpg,770,6,1060,293,-1,-1
00039175.jpg,767,8,1057,295,-1,-1
00039176.jpg,765,11,1055,298,-1,-1
00039177.jpg,765,11,1055,298,-1,-1
00039178.jpg,766,0,1054,300,-1,-1
00039179.jpg,766,0,1054,300,-1,-1
00039180.jpg,765,5,1053,305,-1,-1
00039181.jpg,763,10,1051,310,-1,-1
00039182.jpg,763,10,1051,310,-1,-1
00039183.jpg,762,14,1050,314,-1,-1
00039184.jpg,761,17,1049,317,-1,-1
00039185.jpg,763,7,1045,329,-1,-1
00039186.jpg,763,7,1045,329,-1,-1
00039187.jpg,763,7,1045,329,-1,-1
00039188.jpg,763,8,1045,330,-1,-1
00039189.jpg,763,10,1045,332,-1,-1
00039190.jpg,762,10,1044,332,-1,-1
00039191.jpg,762,11,1044,333,-1,-1
00039192.jpg,762,11,1044,333,-1,-1
00039193.jpg,762,12,1044,334,-1,-1
00039194.jpg,761,13,1043,335,-1,-1
00039195.jpg,760,14,1042,336,-1,-1
00039196.jpg,760,15,1042,337,-1,-1
00039197.jpg,760,15,1042,337,-1,-1
00039198.jpg,759,16,1041,338,-1,-1
00039199.jpg,759,17,1041,339,-1,-1
00039200.jpg,759,18,1041,340,-1,-1
00039201.jpg,759,19,1041,341,-1,-1
00039202.jpg,758,19,1040,341,-1,-1
00039203.jpg,758,20,1040,342,-1,-1
00039204.jpg,757,20,1039,342,-1,-1
00039205.jpg,755,21,1037,343,-1,-1
00039206.jpg,763,34,1051,347,-1,-1
00039207.jpg,763,34,1051,347,-1,-1
00039208.jpg,762,35,1050,348,537,932
00039209.jpg,768,39,1053,354,537,932
00039210.jpg,768,39,1053,354,537,932
00039211.jpg,770,43,1055,358,538,934
00039212.jpg,770,43,1055,358,538,934
00039213.jpg,790,50,1083,372,538,934
00039214.jpg,790,50,1083,372,538,934
00039215.jpg,794,54,1087,376,538,934
00039216.jpg,798,57,1091,379,538,934
00039217.jpg,798,57,1091,379,538,934
00039218.jpg,800,59,1093,381,538,934
00039219.jpg,801,60,1094,382,538,934
00039220.jpg,802,61,1095,383,538,934
00039221.jpg,802,60,1095,382,538,934
00039222.jpg,802,60,1095,382,538,934
00039223.jpg,800,58,1093,380,538,934
00039224.jpg,799,56,1092,378,538,934
00039225.jpg,798,57,1091,379,538,934
00039226.jpg,800,58,1093,380,538,934
00039227.jpg,800,58,1093,380,538,934
00039228.jpg,808,60,1101,382,538,934
00039229.jpg,811,68,1105,396,538,934
00039230.jpg,811,68,1105,396,-1,-1
00039231.jpg,822,70,1116,398,-1,-1
00039232.jpg,822,70,1116,398,-1,-1
00039233.jpg,836,70,1133,407,-1,-1
00039234.jpg,850,77,1148,423,-1,-1
00039235.jpg,850,77,1148,423,-1,-1
00039236.jpg,857,81,1155,427,-1,-1
00039237.jpg,857,81,1155,427,-1,-1
00039238.jpg,862,84,1160,430,-1,-1
00039239.jpg,866,88,1164,434,-1,-1
00039240.jpg,870,91,1168,437,-1,-1
00039241.jpg,873,95,1171,441,-1,-1
00039242.jpg,873,95,1171,441,-1,-1
00039243.jpg,877,103,1175,449,-1,-1
00039244.jpg,883,111,1181,457,-1,-1
00039245.jpg,890,121,1188,467,-1,-1
00039246.jpg,897,130,1195,476,-1,-1
00039247.jpg,897,130,1195,476,-1,-1
00039248.jpg,902,138,1200,484,-1,-1
00039249.jpg,907,144,1205,490,-1,-1
00039250.jpg,911,151,1209,497,-1,-1
00039251.jpg,917,160,1215,506,-1,-1
00039252.jpg,917,160,1215,506,-1,-1
00039253.jpg,920,169,1218,515,-1,-1
00039254.jpg,918,174,1216,520,-1,-1
00039255.jpg,911,175,1209,521,-1,-1
00039256.jpg,900,173,1198,519,-1,-1
00039257.jpg,900,173,1198,519,-1,-1
00039258.jpg,887,168,1185,514,-1,-1
00039259.jpg,876,160,1174,506,-1,-1
00039260.jpg,867,149,1165,495,-1,-1
00039261.jpg,857,137,1155,483,-1,-1
00039262.jpg,857,137,1155,483,-1,-1
00039263.jpg,846,128,1144,474,-1,-1
00039264.jpg,822,112,1120,458,-1,-1
00039265.jpg,810,97,1116,438,-1,-1
00039266.jpg,787,79,1091,423,-1,-1
00039267.jpg,787,79,1091,423,-1,-1
00039268.jpg,766,70,1070,414,-1,-1
00039269.jpg,741,62,1044,403,-1,-1
00039270.jpg,721,62,1021,397,-1,-1
00039271.jpg,694,52,1000,389,-1,-1
00039272.jpg,694,52,1000,389,-1,-1
00039273.jpg,680,47,986,384,-1,-1
00039274.jpg,668,42,974,379,-1,-1
00039275.jpg,658,39,964,376,-1,-1
00039276.jpg,646,38,952,375,-1,-1
00039277.jpg,651,44,957,375,-1,-1
00039278.jpg,651,44,957,375,-1,-1
00039279.jpg,651,44,957,375,-1,-1
00039280.jpg,656,45,962,376,-1,-1
00039281.jpg,663,47,969,378,-1,-1
00039282.jpg,663,47,969,378,-1,-1
00039283.jpg,670,51,976,382,-1,-1
00039284.jpg,678,53,984,384,-1,-1
00039285.jpg,688,55,994,386,-1,-1
00039286.jpg,700,58,1006,389,-1,-1
00039287.jpg,700,58,1006,389,-1,-1
00039288.jpg,717,61,1023,392,-1,-1
00039289.jpg,739,66,1045,397,-1,-1
00039290.jpg,767,73,1073,404,-1,-1
00039291.jpg,767,73,1073,404,-1,-1
