00039832.jpg,813,250,1050,494,1102,399
00039833.jpg,813,250,1050,494,1096,404
00039834.jpg,813,251,1050,495,1092,408
00039835.jpg,812,250,1050,494,1087,408
00039836.jpg,811,247,1050,491,1086,408
00039837.jpg,809,243,1050,487,1077,416
00039838.jpg,808,239,1050,483,1078,410
00039839.jpg,807,235,1050,479,1094,391
00039840.jpg,807,230,1040,474,1098,385
00039841.jpg,805,224,1040,468,1098,385
00039842.jpg,795,212,1040,468,1098,385
00039843.jpg,795,212,1030,468,1093,389
00039844.jpg,788,205,1030,468,1085,395
00039845.jpg,780,194,1025,468,-1,-1
00039846.jpg,769,186,1016,460,-1,-1
00039847.jpg,758,178,1016,460,-1,-1
00039848.jpg,748,171,1006,453,-1,-1
00039849.jpg,735,163,993,445,-1,-1
00039850.jpg,720,155,978,447,-1,-1
00039851.jpg,704,145,962,437,-1,-1
00039852.jpg,685,134,943,426,-1,-1
00039853.jpg,664,123,922,420,-1,-1
00039854.jpg,641,112,899,410,-1,-1
00039855.jpg,617,100,875,397,-1,-1
00039856.jpg,592,90,850,390,-1,-1
00039857.jpg,568,78,826,385,-1,-1
00039858.jpg,543,68,801,380,-1,-1
00039859.jpg,520,59,778,375,-1,-1
00039860.jpg,496,49,754,375,-1,-1
00039861.jpg,496,49,754,371,-1,-1
