00000004.jpg,558,178,629,251,583,255
00000005.jpg,558,178,629,251,583,255
00000006.jpg,558,178,629,251,583,255
00000007.jpg,558,178,629,251,583,255
00000008.jpg,558,178,629,251,583,255
00000009.jpg,558,178,629,251,583,255
00000010.jpg,558,178,629,251,583,255
00000011.jpg,558,178,629,251,583,255
00000012.jpg,558,178,629,251,583,255
00000013.jpg,559,178,630,251,583,255
00000014.jpg,559,178,630,251,583,255
00000015.jpg,559,178,630,251,583,255
00000016.jpg,559,177,630,250,583,255
00000017.jpg,559,177,630,250,583,255
00000018.jpg,559,177,630,250,583,255
00000019.jpg,559,176,630,249,583,255
00000020.jpg,559,176,630,249,583,255
00000021.jpg,559,176,630,249,583,255
00000022.jpg,560,175,631,248,583,255
00000023.jpg,560,174,631,247,583,255
00000024.jpg,560,173,631,246,583,256
00000025.jpg,560,173,631,246,583,256
00000026.jpg,560,172,631,245,519,286
00000027.jpg,560,170,631,243,373,295
00000028.jpg,562,170,627,246,237,273
00000029.jpg,562,170,627,246,238,274
00000030.jpg,562,170,627,246,238,274
00000031.jpg,562,169,627,245,238,274
00000032.jpg,562,169,627,245,238,274
00000033.jpg,562,168,627,244,238,274
00000034.jpg,562,168,627,244,473,243
00000035.jpg,562,168,627,244,473,243
00000036.jpg,562,167,627,243,473,244
00000037.jpg,562,167,627,243,-1,-1
00000038.jpg,563,167,628,243,643,175
00000039.jpg,563,167,628,243,643,175
00000040.jpg,563,167,628,243,643,175
00000041.jpg,563,166,628,242,644,176
00000042.jpg,564,166,629,242,644,176
00000043.jpg,568,164,631,235,644,176
00000044.jpg,568,164,631,235,644,176
00000045.jpg,568,164,631,235,644,176
00000046.jpg,568,164,631,235,644,176
00000047.jpg,569,164,632,235,644,176
00000048.jpg,569,164,632,235,644,176
00000049.jpg,569,163,632,234,651,195
00000050.jpg,569,163,632,234,652,196
00000051.jpg,569,163,632,234,651,195
00000052.jpg,569,163,632,234,648,185
00000053.jpg,569,164,632,235,641,178
00000054.jpg,569,164,632,235,642,176
00000055.jpg,569,164,632,235,641,179
00000056.jpg,570,163,633,234,642,178
00000057.jpg,570,164,633,235,641,178
00000058.jpg,570,164,633,235,641,179
00000059.jpg,574,165,638,234,641,179
00000060.jpg,574,165,638,234,642,179
00000061.jpg,574,165,638,234,643,179
00000062.jpg,574,165,638,234,643,179
00000063.jpg,574,165,638,234,642,179
00000064.jpg,575,165,639,234,642,174
00000065.jpg,575,165,639,234,642,179
00000066.jpg,575,165,639,234,641,173
00000067.jpg,575,165,639,234,639,171
00000068.jpg,574,165,638,234,639,170
00000069.jpg,574,165,638,234,639,168
00000070.jpg,574,165,638,234,642,168
00000071.jpg,574,164,638,233,644,165
00000072.jpg,574,164,638,233,643,164
00000073.jpg,574,164,638,233,643,166
00000074.jpg,574,164,638,233,643,166
00000075.jpg,574,164,638,233,643,165
00000076.jpg,575,163,639,232,642,165
00000077.jpg,575,163,639,232,642,165
00000078.jpg,575,163,639,232,642,165
00000079.jpg,575,162,639,231,642,165
00000080.jpg,575,162,639,231,646,164
00000081.jpg,575,162,639,231,641,164
00000082.jpg,575,160,639,229,642,175
00000083.jpg,574,159,638,228,649,193
00000084.jpg,574,157,638,226,649,193
00000085.jpg,574,157,638,226,649,193
00000086.jpg,572,157,636,226,641,161
00000087.jpg,570,156,633,228,638,164
00000088.jpg,570,156,633,228,638,164
00000089.jpg,570,156,633,228,637,165
00000090.jpg,570,156,633,228,637,168
00000091.jpg,569,157,632,229,637,168
00000092.jpg,569,157,632,229,637,170
00000093.jpg,569,157,632,229,636,173
00000094.jpg,569,158,632,230,636,173
00000095.jpg,569,158,632,230,634,173
00000096.jpg,569,159,632,231,633,173
00000097.jpg,569,160,632,232,633,173
00000098.jpg,569,161,632,233,633,173
00000099.jpg,569,161,632,233,632,173
00000100.jpg,569,161,632,233,636,175
00000101.jpg,570,162,633,234,639,175
00000102.jpg,570,162,633,234,639,173
00000103.jpg,570,163,633,235,639,174
00000104.jpg,570,163,633,235,639,174
00000105.jpg,570,164,633,236,639,173
00000106.jpg,570,164,633,236,639,173
00000107.jpg,570,164,633,236,638,174
00000108.jpg,570,164,633,236,638,174
00000109.jpg,570,164,633,236,641,175
00000110.jpg,570,164,633,236,641,179
00000111.jpg,570,163,633,235,644,178
00000112.jpg,571,164,634,236,643,176
00000113.jpg,571,164,634,236,643,176
00000114.jpg,571,164,634,236,644,176
00000115.jpg,571,164,634,236,643,176
00000116.jpg,571,164,634,236,643,175
00000117.jpg,572,164,635,236,647,171
00000118.jpg,572,164,635,236,651,173
00000119.jpg,572,164,635,236,654,171
00000120.jpg,572,164,635,236,653,171
00000121.jpg,572,164,635,236,656,171
00000122.jpg,572,163,635,235,656,171
00000123.jpg,572,163,635,235,656,171
00000124.jpg,572,163,635,235,656,171
00000125.jpg,572,163,635,235,656,171
00000126.jpg,572,163,635,235,656,171
00000127.jpg,572,163,635,235,656,171
00000128.jpg,572,163,635,235,656,169
00000129.jpg,573,165,636,237,657,171
00000130.jpg,573,165,636,237,656,171
00000131.jpg,573,164,636,236,656,171
00000132.jpg,573,164,636,236,653,171
00000133.jpg,573,164,636,236,653,171
00000134.jpg,572,164,635,236,648,170
00000135.jpg,572,164,635,236,648,170
00000136.jpg,572,164,635,236,648,170
00000137.jpg,572,164,635,236,648,169
00000138.jpg,572,164,635,236,648,169
00000139.jpg,572,164,635,236,648,169
00000140.jpg,572,164,635,236,648,168
00000141.jpg,572,164,635,236,648,168
00000142.jpg,572,164,635,236,648,168
00000143.jpg,572,164,635,236,648,166
00000144.jpg,572,164,635,236,644,165
00000145.jpg,572,164,635,236,644,165
00000146.jpg,572,164,635,236,644,165
00000147.jpg,572,164,635,236,644,165
00000148.jpg,572,164,635,236,644,165
00000149.jpg,571,164,634,236,644,165
00000150.jpg,571,164,634,236,644,165
00000151.jpg,571,164,634,236,644,165
00000152.jpg,571,164,634,236,644,165
00000153.jpg,571,164,634,236,644,165
00000154.jpg,571,164,634,236,644,165
00000155.jpg,571,165,634,237,644,165
00000156.jpg,570,164,633,236,644,165
00000157.jpg,570,164,633,236,644,165
00000158.jpg,570,164,633,236,644,165
00000159.jpg,570,164,633,236,644,165
00000160.jpg,570,164,633,236,644,165
00000161.jpg,570,164,633,236,644,165
00000162.jpg,570,164,633,236,644,165
00000163.jpg,570,164,633,236,644,165
00000164.jpg,570,164,633,236,644,165
00000165.jpg,570,164,633,236,644,165
00000166.jpg,570,164,633,236,644,165
00000167.jpg,570,164,633,236,644,166
00000168.jpg,570,164,633,236,644,165
00000169.jpg,570,164,633,236,644,165
00000170.jpg,570,164,633,236,646,165
00000171.jpg,570,164,633,236,644,165
00000172.jpg,570,164,633,236,644,165
00000173.jpg,570,164,633,236,644,165
00000174.jpg,570,164,633,236,644,165
00000175.jpg,570,164,633,236,644,165
00000176.jpg,570,164,633,236,644,165
00000177.jpg,570,164,633,236,644,165
00000178.jpg,570,164,633,236,644,165
00000179.jpg,570,164,633,236,644,165
00000180.jpg,570,164,633,236,644,165
00000181.jpg,570,163,633,235,647,163
00000182.jpg,570,163,633,235,649,160
00000183.jpg,570,163,633,235,651,159
00000184.jpg,570,164,633,236,651,159
00000185.jpg,570,164,633,236,651,159
00000186.jpg,570,164,633,236,651,159
00000187.jpg,570,164,633,236,652,159
00000188.jpg,571,164,634,236,654,160
00000189.jpg,571,164,634,236,657,160
00000190.jpg,571,164,634,236,656,161
00000191.jpg,571,164,634,236,658,159
00000192.jpg,571,164,634,236,661,159
00000193.jpg,571,164,634,236,663,155
00000194.jpg,571,164,634,236,664,158
00000195.jpg,571,164,634,236,666,156
00000196.jpg,571,164,634,236,666,156
00000197.jpg,571,164,634,236,668,156
00000198.jpg,571,164,634,236,664,178
00000199.jpg,570,164,633,236,663,178
00000200.jpg,570,164,633,236,664,179
00000201.jpg,570,164,633,236,664,179
00000202.jpg,570,164,633,236,664,178
00000203.jpg,570,164,633,236,664,179
00000204.jpg,570,165,633,237,673,233
00000205.jpg,570,165,633,237,673,234
00000206.jpg,570,164,633,236,673,233
00000207.jpg,570,165,633,237,673,235
00000208.jpg,570,165,633,237,674,235
00000209.jpg,570,165,633,237,673,235
00000210.jpg,570,165,633,237,674,234
00000211.jpg,571,165,634,237,674,234
00000212.jpg,571,165,634,237,673,235
00000213.jpg,571,165,634,237,674,235
00000214.jpg,571,165,634,237,674,235
00000215.jpg,571,165,634,237,674,235
00000216.jpg,571,165,634,237,674,235
00000217.jpg,571,165,634,237,674,235
00000218.jpg,571,165,634,237,674,235
00000219.jpg,571,165,634,237,657,205
00000220.jpg,571,165,634,237,659,205
00000221.jpg,571,165,634,237,654,163
00000222.jpg,571,165,634,237,653,166
00000223.jpg,571,165,634,237,654,163
00000224.jpg,571,165,634,237,653,163
00000225.jpg,571,165,634,237,653,164
00000226.jpg,571,166,638,237,654,165
00000227.jpg,571,166,638,237,653,163
00000228.jpg,572,166,639,237,652,165
00000229.jpg,572,166,639,237,652,166
00000230.jpg,572,166,639,237,652,165
00000231.jpg,572,167,639,238,652,165
00000232.jpg,572,167,639,238,652,165
00000233.jpg,573,167,640,238,652,165
00000234.jpg,573,168,640,239,652,166
00000235.jpg,573,168,640,239,652,166
00000236.jpg,573,168,640,239,652,166
00000237.jpg,573,168,640,239,652,166
00000238.jpg,572,167,639,238,652,166
00000239.jpg,572,167,639,238,652,166
00000240.jpg,572,167,639,238,652,166
00000241.jpg,572,167,639,238,652,168
00000242.jpg,572,166,639,237,653,169
00000243.jpg,572,166,639,237,653,169
00000244.jpg,572,166,639,237,653,169
00000245.jpg,572,166,639,237,653,169
00000246.jpg,572,166,639,237,653,169
00000247.jpg,572,166,639,237,653,169
00000248.jpg,572,166,639,237,653,169
00000249.jpg,572,166,639,237,653,169
00000250.jpg,572,166,639,237,653,169
00000251.jpg,572,166,639,237,653,169
00000252.jpg,572,166,639,237,653,169
00000253.jpg,572,166,639,237,653,169
00000254.jpg,572,166,639,237,653,169
00000255.jpg,572,166,639,237,653,169
00000256.jpg,572,166,639,237,653,169
00000257.jpg,572,166,639,237,653,169
00000258.jpg,572,166,639,237,653,169
00000259.jpg,572,166,639,237,653,169
00000260.jpg,572,166,639,237,653,169
00000261.jpg,571,166,638,237,653,169
00000262.jpg,571,166,638,237,653,169
00000263.jpg,571,166,638,237,653,169
00000264.jpg,571,166,638,237,653,169
00000265.jpg,571,166,638,237,653,169
00000266.jpg,571,166,638,237,653,169
00000267.jpg,572,167,639,238,653,169
00000268.jpg,572,167,639,238,653,169
00000269.jpg,572,167,639,238,653,169
00000270.jpg,572,167,639,238,653,169
