00000047.jpg,337,172,412,254,478,244
00000048.jpg,337,172,412,254,478,243
00000049.jpg,337,172,412,254,477,242
00000050.jpg,337,172,412,254,475,242
00000051.jpg,337,172,412,254,476,242
00000052.jpg,337,172,412,254,474,239
00000053.jpg,337,172,412,254,474,239
00000054.jpg,335,172,412,252,474,239
00000055.jpg,335,172,412,252,472,238
00000056.jpg,335,172,412,252,471,238
00000057.jpg,335,172,412,252,471,238
00000058.jpg,335,172,412,252,471,238
00000059.jpg,335,172,412,252,470,238
00000060.jpg,335,172,412,252,470,238
00000061.jpg,335,172,412,252,468,238
00000062.jpg,335,165,411,246,541,259
00000063.jpg,335,165,411,246,639,176
00000064.jpg,335,165,411,246,640,175
00000065.jpg,335,165,411,246,637,175
00000066.jpg,334,165,410,246,637,175
00000067.jpg,334,157,408,240,637,173
00000068.jpg,334,157,408,240,636,170
00000069.jpg,333,156,407,239,635,169
00000070.jpg,333,156,407,239,635,169
00000071.jpg,333,156,407,239,635,166
00000072.jpg,328,151,406,231,636,162
00000073.jpg,328,151,406,231,634,165
00000074.jpg,327,150,405,230,605,198
00000075.jpg,327,150,405,230,606,198
00000076.jpg,323,142,404,225,607,197
00000077.jpg,323,142,404,225,607,197
00000078.jpg,322,140,403,223,607,197
00000079.jpg,320,138,401,221,642,158
00000080.jpg,320,138,401,221,642,158
00000081.jpg,318,137,399,220,640,160
00000082.jpg,315,134,396,217,640,160
00000083.jpg,312,131,393,214,638,160
00000084.jpg,309,128,390,211,638,160
00000085.jpg,309,128,390,211,638,160
00000086.jpg,306,126,387,209,638,161
00000087.jpg,303,123,384,206,638,161
00000088.jpg,301,121,382,204,637,162
00000089.jpg,297,119,378,202,636,162
00000090.jpg,297,119,378,202,636,164
00000091.jpg,295,118,376,201,636,163
00000092.jpg,292,116,373,199,635,164
00000093.jpg,289,115,370,198,634,165
00000094.jpg,286,113,367,196,633,165
00000095.jpg,286,113,367,196,634,166
00000096.jpg,283,112,364,195,631,170
00000097.jpg,280,110,361,193,632,168
00000098.jpg,278,108,359,191,632,169
00000099.jpg,274,106,359,191,632,169
00000100.jpg,274,106,359,191,634,170
00000101.jpg,272,105,357,190,634,170
00000102.jpg,269,104,354,189,635,170
00000103.jpg,267,103,352,188,636,170
00000104.jpg,266,102,351,187,637,170
00000105.jpg,266,102,351,187,639,170
00000106.jpg,265,101,350,186,639,170
00000107.jpg,264,100,349,185,640,170
00000108.jpg,263,100,348,185,640,170
00000109.jpg,262,99,347,184,640,171
00000110.jpg,262,99,347,184,641,170
00000111.jpg,262,98,347,183,641,170
00000112.jpg,262,98,347,183,641,170
00000113.jpg,263,98,348,183,643,172
00000114.jpg,263,97,348,182,641,172
00000115.jpg,263,97,348,182,642,172
00000116.jpg,264,97,349,182,644,173
00000117.jpg,264,97,349,182,644,172
00000118.jpg,265,96,350,181,646,170
00000119.jpg,266,96,351,181,647,170
00000120.jpg,266,96,351,181,650,168
00000121.jpg,267,97,352,182,651,168
00000122.jpg,269,97,354,182,652,168
00000123.jpg,271,98,356,183,653,166
00000124.jpg,273,98,358,183,653,166
00000125.jpg,273,98,358,183,653,165
00000126.jpg,275,98,360,183,653,165
00000127.jpg,278,99,363,184,652,165
00000128.jpg,280,99,365,184,652,165
00000129.jpg,282,100,367,185,651,165
00000130.jpg,282,100,367,185,650,165
00000131.jpg,284,100,369,185,649,165
00000132.jpg,286,100,371,185,648,165
00000133.jpg,287,100,372,185,646,165
00000134.jpg,288,100,373,185,646,165
00000135.jpg,288,100,373,185,645,164
00000136.jpg,289,100,374,185,644,164
00000137.jpg,289,100,374,185,642,164
00000138.jpg,288,100,373,185,642,164
00000139.jpg,288,100,373,185,642,164
00000140.jpg,288,100,373,185,641,164
00000141.jpg,286,100,371,185,641,164
00000142.jpg,285,100,370,185,641,164
00000143.jpg,283,100,368,185,641,164
00000144.jpg,282,100,367,185,641,164
00000145.jpg,282,100,367,185,640,164
00000146.jpg,280,99,365,184,640,164
00000147.jpg,279,99,364,184,640,163
00000148.jpg,277,98,362,183,640,163
00000149.jpg,276,98,361,183,640,162
00000150.jpg,276,98,361,183,640,162
00000151.jpg,275,98,360,183,641,161
00000152.jpg,275,97,360,182,641,161
00000153.jpg,274,98,359,183,641,161
00000154.jpg,274,98,359,183,641,161
00000155.jpg,274,98,359,183,641,160
00000156.jpg,274,98,359,183,641,160
00000157.jpg,273,98,358,183,641,160
00000158.jpg,273,98,358,183,642,158
00000159.jpg,273,98,358,183,642,158
00000160.jpg,274,97,359,182,642,158
00000161.jpg,274,97,359,182,643,158
00000162.jpg,274,97,359,182,644,157
00000163.jpg,274,97,359,182,644,157
00000164.jpg,274,97,359,182,644,157
00000165.jpg,274,97,359,182,644,157
00000166.jpg,275,97,360,182,644,157
00000167.jpg,275,97,360,182,643,157
00000168.jpg,273,98,355,182,643,157
00000169.jpg,273,98,355,182,643,157
00000170.jpg,273,98,355,182,644,157
00000171.jpg,273,98,355,182,644,157
00000172.jpg,273,98,355,182,644,157
00000173.jpg,273,98,355,182,644,157
00000174.jpg,274,98,356,182,644,157
00000175.jpg,274,98,356,182,644,157
00000176.jpg,274,98,356,182,644,157
00000177.jpg,274,98,356,182,644,157
00000178.jpg,274,98,356,182,644,157
00000179.jpg,274,98,356,182,644,157
00000180.jpg,274,98,356,182,647,157
00000181.jpg,274,98,356,182,647,157
00000182.jpg,274,98,356,182,647,157
00000183.jpg,274,98,356,182,647,157
00000184.jpg,274,98,356,182,649,157
00000185.jpg,274,98,356,182,650,156
00000186.jpg,274,98,356,182,651,156
00000187.jpg,274,98,356,182,651,156
00000188.jpg,274,98,356,182,652,156
00000189.jpg,274,98,356,182,654,156
00000190.jpg,274,98,356,182,656,156
00000191.jpg,274,98,356,182,656,156
00000192.jpg,274,98,356,182,658,157
00000193.jpg,274,98,356,182,660,157
00000194.jpg,274,98,356,182,662,157
00000195.jpg,274,98,356,182,664,157
00000196.jpg,274,98,356,182,664,157
00000197.jpg,274,98,356,182,666,157
00000198.jpg,274,98,356,182,667,157
00000199.jpg,274,98,356,182,669,158
00000200.jpg,274,98,356,182,670,159
00000201.jpg,274,98,356,182,671,158
00000202.jpg,274,98,356,182,670,157
00000203.jpg,274,98,356,182,672,159
00000204.jpg,274,98,356,182,672,157
00000205.jpg,274,98,356,182,671,158
00000206.jpg,274,98,356,182,671,157
00000207.jpg,274,98,356,182,671,156
00000208.jpg,274,98,356,182,669,156
00000209.jpg,274,98,356,182,667,156
00000210.jpg,274,98,356,182,667,156
00000211.jpg,274,98,356,182,666,156
00000212.jpg,274,98,356,182,664,155
00000213.jpg,274,98,356,182,665,154
00000214.jpg,274,98,356,182,664,154
00000215.jpg,274,98,356,182,664,154
00000216.jpg,274,98,356,182,663,154
00000217.jpg,274,98,356,182,662,154
00000218.jpg,274,98,356,182,661,154
00000219.jpg,274,98,356,182,659,154
00000220.jpg,274,98,356,182,659,154
00000221.jpg,274,98,356,182,657,154
00000222.jpg,274,98,356,182,657,154
00000223.jpg,274,97,356,181,655,154
00000224.jpg,274,97,356,181,654,154
00000225.jpg,274,97,356,181,651,154
00000226.jpg,274,97,356,181,650,154
00000227.jpg,274,97,356,181,648,154
00000228.jpg,274,96,356,180,647,154
00000229.jpg,274,95,356,179,648,154
00000230.jpg,274,95,356,179,648,154
00000231.jpg,273,94,355,178,648,154
00000232.jpg,273,92,355,176,648,154
00000233.jpg,272,91,354,175,647,155
00000234.jpg,267,91,354,175,646,157
00000235.jpg,267,91,354,175,646,157
00000236.jpg,266,91,353,175,646,157
00000237.jpg,265,91,352,175,646,157
00000238.jpg,264,90,351,174,647,157
00000239.jpg,263,90,350,174,648,157
00000240.jpg,263,90,350,174,651,157
00000241.jpg,262,90,349,174,651,157
00000242.jpg,261,89,348,173,652,157
00000243.jpg,260,89,347,173,652,156
00000244.jpg,259,89,346,173,652,156
00000245.jpg,259,89,346,173,652,156
00000246.jpg,259,89,346,173,652,156
00000247.jpg,259,90,346,174,652,156
00000248.jpg,259,90,346,174,652,156
00000249.jpg,259,90,346,174,652,156
00000250.jpg,259,90,346,174,652,156
00000251.jpg,259,90,346,174,652,156
00000252.jpg,259,90,346,174,652,156
00000253.jpg,259,90,346,174,652,156
00000254.jpg,260,90,347,174,652,156
00000255.jpg,260,90,347,174,652,156
00000256.jpg,260,91,347,175,652,156
00000257.jpg,261,91,348,175,652,156
00000258.jpg,261,92,348,176,652,156
00000259.jpg,263,92,350,176,652,156
00000260.jpg,263,92,350,176,652,156
00000261.jpg,264,94,351,178,652,156
00000262.jpg,265,95,352,179,652,156
00000263.jpg,266,97,353,181,652,156
00000264.jpg,267,98,354,182,652,156
00000265.jpg,267,98,354,182,652,156
00000266.jpg,268,99,355,183,652,156
00000267.jpg,268,99,355,183,652,156
00000268.jpg,268,99,355,183,652,156
00000269.jpg,268,99,355,183,652,156
00000270.jpg,268,99,355,183,652,156
