00000127.jpg,198,185,295,282,650,165
00000128.jpg,198,186,295,283,650,166
00000129.jpg,198,185,295,282,649,166
00000130.jpg,198,185,295,282,649,166
00000131.jpg,198,184,295,281,648,166
00000132.jpg,199,184,296,281,647,167
00000133.jpg,201,177,297,274,645,167
00000134.jpg,201,177,297,274,644,167
00000135.jpg,201,177,297,274,644,166
00000136.jpg,202,177,298,274,644,166
00000137.jpg,203,176,299,273,644,166
00000138.jpg,203,175,299,272,644,166
00000139.jpg,206,167,301,271,643,166
00000140.jpg,206,167,301,271,643,165
00000141.jpg,207,166,302,270,644,166
00000142.jpg,208,165,303,269,643,165
00000143.jpg,209,163,304,267,642,165
00000144.jpg,210,162,305,266,642,163
00000145.jpg,210,162,305,266,642,163
00000146.jpg,212,162,307,266,642,162
00000147.jpg,213,162,308,266,642,162
00000148.jpg,213,161,308,265,642,162
00000149.jpg,217,161,312,265,642,162
00000150.jpg,217,161,312,265,642,162
00000151.jpg,218,160,313,264,642,162
00000152.jpg,219,159,314,263,642,162
00000153.jpg,220,159,315,263,642,160
00000154.jpg,222,159,317,263,642,160
00000155.jpg,222,159,317,263,643,160
00000156.jpg,223,158,318,262,643,160
00000157.jpg,223,157,318,261,643,160
00000158.jpg,224,156,319,260,645,159
00000159.jpg,224,155,319,259,646,158
00000160.jpg,224,155,319,259,646,158
00000161.jpg,224,154,319,258,647,158
00000162.jpg,224,153,319,257,647,158
00000163.jpg,223,151,318,255,647,158
00000164.jpg,223,150,318,254,647,158
00000165.jpg,223,150,318,254,647,158
00000166.jpg,221,147,316,251,647,158
00000167.jpg,220,144,315,248,647,158
00000168.jpg,218,141,313,245,647,158
00000169.jpg,217,138,312,242,646,158
00000170.jpg,217,138,312,242,646,158
00000171.jpg,213,134,308,238,645,158
00000172.jpg,211,132,306,236,646,158
00000173.jpg,211,127,308,232,646,158
00000174.jpg,211,127,308,232,646,158
00000175.jpg,208,127,306,230,646,158
00000176.jpg,208,127,306,230,646,158
00000177.jpg,208,127,306,230,647,158
00000178.jpg,207,127,305,230,647,158
00000179.jpg,206,126,304,229,647,158
00000180.jpg,206,126,304,229,647,158
00000181.jpg,205,125,303,228,648,158
00000182.jpg,204,123,302,226,648,158
00000183.jpg,202,121,300,224,650,157
00000184.jpg,201,119,299,222,651,157
00000185.jpg,201,119,299,222,653,156
00000186.jpg,199,117,297,220,654,156
00000187.jpg,197,116,295,219,655,156
00000188.jpg,196,115,294,218,659,156
00000189.jpg,196,115,294,218,660,155
00000190.jpg,196,115,294,218,662,155
00000191.jpg,196,116,294,219,663,155
00000192.jpg,196,116,294,219,664,155
00000193.jpg,196,116,294,219,664,155
00000194.jpg,196,116,294,219,665,155
00000195.jpg,196,116,294,219,666,155
00000196.jpg,196,115,294,218,667,155
00000197.jpg,196,114,294,217,668,156
00000198.jpg,197,114,295,217,668,156
00000199.jpg,197,113,295,216,668,156
00000200.jpg,197,113,295,216,668,156
00000201.jpg,197,112,295,215,669,156
00000202.jpg,198,112,296,215,669,156
00000203.jpg,200,112,298,215,672,157
00000204.jpg,200,112,298,215,672,156
00000205.jpg,200,113,298,216,671,156
00000206.jpg,201,113,299,216,671,156
00000207.jpg,201,114,299,217,671,156
00000208.jpg,202,114,300,217,670,156
00000209.jpg,202,114,300,217,670,156
00000210.jpg,202,114,300,217,668,156
00000211.jpg,203,114,301,217,668,156
00000212.jpg,203,113,301,216,666,156
00000213.jpg,204,113,302,216,664,156
00000214.jpg,205,113,303,216,663,156
00000215.jpg,205,113,303,216,662,155
00000216.jpg,206,113,304,216,660,155
00000217.jpg,207,114,305,217,659,154
00000218.jpg,207,114,305,217,658,154
00000219.jpg,207,113,305,216,657,154
00000220.jpg,207,113,305,216,657,154
00000221.jpg,207,113,305,216,656,154
00000222.jpg,207,113,305,216,655,154
00000223.jpg,207,113,305,216,655,154
00000224.jpg,207,113,305,216,653,154
00000225.jpg,207,113,305,216,652,154
00000226.jpg,206,112,304,215,651,154
00000227.jpg,206,112,304,215,651,154
00000228.jpg,205,112,303,215,648,154
00000229.jpg,204,111,302,214,648,154
00000230.jpg,204,111,302,214,647,154
00000231.jpg,203,111,301,214,647,154
00000232.jpg,202,111,300,214,646,155
00000233.jpg,201,111,299,214,646,155
00000234.jpg,200,111,298,214,644,156
00000235.jpg,200,111,298,214,644,156
00000236.jpg,199,111,297,214,644,157
00000237.jpg,190,111,293,214,645,158
00000238.jpg,190,111,293,214,646,158
00000239.jpg,189,111,292,214,648,158
00000240.jpg,189,111,292,214,648,158
00000241.jpg,188,111,291,214,648,158
00000242.jpg,187,111,290,214,649,158
00000243.jpg,186,111,289,214,649,158
00000244.jpg,185,111,288,214,650,158
00000245.jpg,185,111,288,214,650,158
00000246.jpg,185,111,288,214,650,157
00000247.jpg,185,112,288,215,650,157
00000248.jpg,185,112,288,215,650,157
00000249.jpg,186,112,289,215,650,157
00000250.jpg,186,112,289,215,650,157
00000251.jpg,186,113,289,216,650,157
00000252.jpg,185,113,288,216,650,157
00000253.jpg,185,113,288,216,650,157
00000254.jpg,184,112,287,215,651,157
00000255.jpg,184,112,287,215,650,157
00000256.jpg,183,112,286,215,650,157
00000257.jpg,182,112,285,215,650,157
00000258.jpg,181,112,284,215,650,157
00000259.jpg,180,112,283,215,650,157
00000260.jpg,180,112,283,215,650,157
00000261.jpg,179,112,282,215,650,157
00000262.jpg,178,111,281,214,650,157
00000263.jpg,177,111,280,214,650,157
00000264.jpg,176,110,279,213,650,157
00000265.jpg,176,110,279,213,650,157
00000266.jpg,175,110,278,213,650,157
00000267.jpg,174,110,277,213,650,157
00000268.jpg,174,110,277,213,650,157
00000269.jpg,174,111,277,214,650,157
00000270.jpg,174,111,277,214,650,157
