00000127.jpg,155,126,245,220,648,165
00000128.jpg,155,126,245,220,648,165
00000129.jpg,151,122,245,220,648,165
00000130.jpg,151,122,245,220,648,165
00000131.jpg,149,120,243,218,648,165
00000132.jpg,146,118,240,216,647,165
00000133.jpg,143,116,237,214,644,164
00000134.jpg,140,115,234,213,644,164
00000135.jpg,140,115,234,213,643,163
00000136.jpg,138,113,232,211,643,163
00000137.jpg,134,110,228,208,642,163
00000138.jpg,131,108,225,206,642,163
00000139.jpg,128,106,222,204,642,163
00000140.jpg,128,106,222,204,640,163
00000141.jpg,125,103,219,201,640,162
00000142.jpg,123,101,217,199,640,162
00000143.jpg,121,99,215,197,640,162
00000144.jpg,120,97,214,195,640,162
00000145.jpg,120,97,214,195,640,162
00000146.jpg,121,96,215,194,640,162
00000147.jpg,121,96,215,194,640,162
00000148.jpg,124,96,218,194,641,161
00000149.jpg,125,96,219,194,641,161
00000150.jpg,125,95,219,193,641,161
00000151.jpg,126,95,220,193,641,161
00000152.jpg,127,95,221,193,641,161
00000153.jpg,127,94,221,192,642,158
00000154.jpg,128,94,222,192,642,158
00000155.jpg,128,94,222,192,643,158
00000156.jpg,128,94,222,192,643,158
00000157.jpg,128,94,222,192,644,159
00000158.jpg,128,93,222,191,644,158
00000159.jpg,127,93,221,191,644,158
00000160.jpg,127,93,221,191,644,158
00000161.jpg,126,93,220,191,644,158
00000162.jpg,125,93,219,191,644,158
00000163.jpg,121,92,215,190,644,158
00000164.jpg,119,91,213,189,644,158
00000165.jpg,119,91,213,189,644,158
00000166.jpg,116,90,210,188,644,158
00000167.jpg,112,89,206,187,644,158
00000168.jpg,108,87,202,185,644,158
00000169.jpg,105,85,199,183,644,158
00000170.jpg,105,85,199,183,644,158
00000171.jpg,101,84,195,182,644,158
00000172.jpg,97,83,191,181,644,158
00000173.jpg,95,83,189,181,644,158
00000174.jpg,93,82,187,180,644,158
00000175.jpg,93,82,187,180,644,158
00000176.jpg,92,81,186,179,644,158
00000177.jpg,91,81,185,179,644,158
00000178.jpg,86,79,181,177,645,157
00000179.jpg,86,79,181,177,646,157
00000180.jpg,86,79,181,177,646,157
00000181.jpg,85,79,180,177,647,157
00000182.jpg,85,79,180,177,647,157
00000183.jpg,84,79,179,177,648,158
00000184.jpg,83,79,178,177,648,158
00000185.jpg,83,79,178,177,649,158
00000186.jpg,82,79,177,177,650,159
00000187.jpg,81,79,176,177,652,159
00000188.jpg,80,80,175,178,652,158
00000189.jpg,79,80,174,178,654,158
00000190.jpg,79,80,174,178,656,158
00000191.jpg,77,80,172,178,658,157
00000192.jpg,76,80,171,178,659,157
00000193.jpg,75,80,170,178,660,157
00000194.jpg,74,80,169,178,662,157
00000195.jpg,74,80,169,178,663,157
00000196.jpg,72,80,167,178,665,157
00000197.jpg,70,80,165,178,666,157
00000198.jpg,68,81,163,179,668,157
00000199.jpg,65,80,160,178,670,157
00000200.jpg,65,80,160,178,671,157
00000201.jpg,62,80,157,178,672,157
00000202.jpg,59,79,154,177,672,157
00000203.jpg,54,78,149,176,672,157
00000204.jpg,49,77,144,175,672,157
00000205.jpg,49,77,144,175,672,157
00000206.jpg,44,75,139,173,672,157
00000207.jpg,39,74,134,172,672,157
00000208.jpg,34,73,129,171,672,157
00000209.jpg,29,73,124,171,671,157
00000210.jpg,29,73,124,171,670,157
00000211.jpg,25,72,120,170,669,157
00000212.jpg,22,72,117,170,667,156
00000213.jpg,19,72,114,170,667,156
00000214.jpg,17,72,112,170,667,156
00000215.jpg,17,72,112,170,666,156
00000216.jpg,16,72,111,170,664,156
00000217.jpg,15,73,110,171,662,156
00000218.jpg,15,73,110,171,660,156
00000219.jpg,14,73,109,171,660,156
00000220.jpg,14,73,109,171,658,155
00000221.jpg,14,73,109,171,658,155
00000222.jpg,14,73,109,171,658,155
00000223.jpg,15,73,110,171,658,155
00000224.jpg,15,73,110,171,655,155
00000225.jpg,15,73,110,171,652,155
00000226.jpg,16,73,111,171,651,155
00000227.jpg,16,74,111,172,650,154
00000228.jpg,17,74,112,172,649,154
00000229.jpg,17,75,112,173,648,153
00000230.jpg,17,75,112,173,649,153
00000231.jpg,18,75,113,173,649,153
00000232.jpg,19,76,114,174,648,153
00000233.jpg,20,77,115,175,647,154
00000234.jpg,21,78,116,176,647,154
00000235.jpg,21,78,116,176,647,156
00000236.jpg,22,77,116,173,646,157
00000237.jpg,22,77,116,173,647,156
00000238.jpg,22,78,116,174,648,156
00000239.jpg,22,78,116,174,649,156
00000240.jpg,22,79,116,175,651,156
00000241.jpg,22,79,116,175,650,156
00000242.jpg,22,80,116,176,650,156
00000243.jpg,22,82,116,178,650,156
00000244.jpg,22,83,116,179,650,156
00000245.jpg,22,83,116,179,650,156
00000246.jpg,22,83,116,179,650,156
00000247.jpg,22,83,116,179,650,156
00000248.jpg,23,83,117,179,651,156
00000249.jpg,23,82,117,178,651,157
00000250.jpg,23,82,117,178,652,156
00000251.jpg,24,82,118,178,653,155
00000252.jpg,26,82,120,178,652,156
00000253.jpg,27,82,121,178,652,156
00000254.jpg,27,82,121,178,652,156
00000255.jpg,27,82,121,178,652,156
00000256.jpg,27,82,121,178,654,154
00000257.jpg,27,82,121,178,654,154
00000258.jpg,28,82,122,178,654,154
00000259.jpg,28,82,122,178,654,154
00000260.jpg,28,82,122,178,654,154
00000261.jpg,28,82,122,178,654,154
00000262.jpg,28,82,122,178,654,154
00000263.jpg,28,82,122,178,654,154
00000264.jpg,28,82,122,178,654,154
00000265.jpg,28,82,122,178,654,154
00000266.jpg,28,82,122,178,654,154
00000267.jpg,28,82,122,178,653,154
00000268.jpg,28,82,122,178,653,154
00000269.jpg,29,82,123,178,653,154
00000270.jpg,29,82,123,178,653,154
