00027632.jpg,823,61,1191,422,415,389
00027633.jpg,823,61,1191,422,415,389
00027634.jpg,823,61,1191,422,-1,-1
00027635.jpg,823,61,1191,422,-1,-1
00027636.jpg,823,61,1191,422,-1,-1
00027637.jpg,826,61,1194,422,-1,-1
00027638.jpg,829,62,1197,423,-1,-1
00027639.jpg,830,62,1198,423,243,387
00027640.jpg,830,63,1198,424,243,387
00027641.jpg,829,63,1197,424,241,387
00027642.jpg,829,63,1197,424,236,387
00027643.jpg,830,64,1198,425,233,389
00027644.jpg,831,65,1199,426,222,389
00027645.jpg,834,65,1202,426,222,378
00027646.jpg,836,66,1204,427,221,378
00027647.jpg,839,67,1207,428,221,378
00027648.jpg,839,67,1207,428,221,378
00027649.jpg,841,68,1209,429,220,378
00027650.jpg,843,69,1211,430,220,378
00027651.jpg,844,71,1212,432,215,374
00027652.jpg,847,72,1215,433,205,371
00027653.jpg,851,72,1219,433,205,371
00027654.jpg,851,72,1219,433,206,365
00027655.jpg,854,73,1222,434,205,365
00027656.jpg,857,72,1225,433,205,365
00027657.jpg,858,72,1226,433,199,355
00027658.jpg,858,72,1226,433,190,349
00027659.jpg,857,71,1225,432,189,349
00027660.jpg,857,71,1225,432,190,341
00027661.jpg,854,71,1222,432,190,341
00027662.jpg,850,70,1218,431,184,341
00027663.jpg,846,69,1214,430,171,335
00027664.jpg,842,68,1210,429,157,330
00027665.jpg,838,67,1206,428,150,312
00027666.jpg,838,67,1206,428,150,312
00027667.jpg,834,66,1202,427,150,312
00027668.jpg,830,66,1198,427,144,312
00027669.jpg,827,66,1195,427,137,313
00027670.jpg,824,65,1192,426,137,313
00027671.jpg,822,65,1190,426,137,313
00027672.jpg,822,65,1190,426,125,314
00027673.jpg,823,63,1191,424,121,314
00027674.jpg,823,62,1191,423,-1,-1
00027675.jpg,825,59,1193,420,-1,-1
00027676.jpg,827,56,1195,417,-1,-1
00027677.jpg,829,55,1197,416,353,365
00027678.jpg,829,55,1197,416,353,365
00027679.jpg,832,54,1200,415,353,364
00027680.jpg,834,53,1202,414,359,364
00027681.jpg,836,54,1204,415,361,363
00027682.jpg,839,54,1207,415,368,359
00027683.jpg,841,53,1209,414,373,358
00027684.jpg,841,53,1209,414,373,357
00027685.jpg,843,52,1211,413,372,357
00027686.jpg,844,51,1212,412,372,353
00027687.jpg,843,49,1211,410,378,353
00027688.jpg,841,48,1209,409,380,352
00027689.jpg,839,46,1207,407,376,349
00027690.jpg,839,46,1207,407,376,349
00027691.jpg,837,44,1205,405,376,347
00027692.jpg,834,43,1202,404,376,344
00027693.jpg,833,42,1201,403,375,344
00027694.jpg,833,42,1201,403,375,344
00027695.jpg,835,42,1203,403,375,343
00027696.jpg,835,42,1203,403,375,343
00027697.jpg,837,42,1205,403,383,343
00027698.jpg,842,41,1210,402,384,340
00027699.jpg,847,41,1215,402,386,339
00027700.jpg,852,40,1220,401,399,337
00027701.jpg,857,39,1225,400,407,334
00027702.jpg,857,39,1225,400,407,330
00027703.jpg,861,39,1229,400,415,330
00027704.jpg,866,38,1234,399,422,331
00027705.jpg,870,38,1238,399,429,331
00027706.jpg,873,37,1241,398,429,331
00027707.jpg,876,37,1244,398,436,329
00027708.jpg,876,37,1244,398,436,326
00027709.jpg,879,37,1247,398,436,326
00027710.jpg,882,37,1250,398,442,328
00027711.jpg,884,38,1252,399,446,328
00027712.jpg,884,38,1252,399,453,324
00027713.jpg,883,39,1251,400,453,324
00027714.jpg,883,39,1251,400,454,324
00027715.jpg,882,39,1250,400,454,324
00027716.jpg,880,39,1248,400,454,324
00027717.jpg,879,39,1247,400,460,323
00027718.jpg,878,38,1246,399,460,322
00027719.jpg,877,37,1245,398,462,321
00027720.jpg,877,37,1245,398,462,319
00027721.jpg,876,35,1244,396,464,312
00027722.jpg,875,33,1243,394,470,303
00027723.jpg,873,31,1241,392,474,292
00027724.jpg,871,29,1239,390,476,281
00027725.jpg,869,28,1237,389,477,275
00027726.jpg,869,28,1237,389,478,273
00027727.jpg,867,27,1235,388,475,261
00027728.jpg,866,26,1234,387,466,256
00027729.jpg,864,25,1232,386,463,250
00027730.jpg,863,24,1231,385,458,243
00027731.jpg,861,24,1229,385,454,242
00027732.jpg,861,24,1229,385,451,242
00027733.jpg,858,24,1226,385,451,242
00027734.jpg,857,25,1225,386,451,242
00027735.jpg,856,25,1224,386,451,242
00027736.jpg,857,26,1225,387,458,252
00027737.jpg,858,27,1226,388,469,258
00027738.jpg,858,27,1226,388,472,260
00027739.jpg,859,27,1227,388,489,262
00027740.jpg,861,28,1229,389,504,265
00027741.jpg,862,29,1230,390,524,271
00027742.jpg,862,29,1230,390,540,277
00027743.jpg,862,30,1230,391,542,289
00027744.jpg,862,30,1230,391,545,291
00027745.jpg,861,31,1229,392,550,296
00027746.jpg,859,32,1227,393,555,300
00027747.jpg,856,33,1224,394,559,300
00027748.jpg,853,33,1221,394,559,299
00027749.jpg,849,33,1217,394,560,299
00027750.jpg,849,33,1217,394,561,299
00027751.jpg,846,33,1214,394,561,303
00027752.jpg,843,31,1211,392,557,304
00027753.jpg,843,31,1211,392,548,298
