00027632.jpg,162,149,493,554,-1,-1
00027633.jpg,162,149,493,554,-1,-1
00027634.jpg,162,149,493,554,-1,-1
00027635.jpg,162,149,493,554,-1,-1
00027636.jpg,162,149,493,554,-1,-1
00027637.jpg,164,149,495,554,-1,-1
00027638.jpg,165,148,496,553,-1,-1
00027639.jpg,165,148,496,553,-1,-1
00027640.jpg,164,149,495,554,-1,-1
00027641.jpg,163,149,494,554,-1,-1
00027642.jpg,163,149,494,554,-1,-1
00027643.jpg,163,150,494,555,-1,-1
00027644.jpg,163,151,494,556,-1,-1
00027645.jpg,164,152,495,557,-1,-1
00027646.jpg,166,153,497,558,-1,-1
00027647.jpg,167,154,498,559,-1,-1
00027648.jpg,167,154,498,559,-1,-1
00027649.jpg,169,155,500,560,-1,-1
00027650.jpg,170,156,501,561,-1,-1
00027651.jpg,172,157,503,562,-1,-1
00027652.jpg,175,157,506,562,-1,-1
00027653.jpg,179,158,510,563,-1,-1
00027654.jpg,178,158,509,563,-1,-1
00027655.jpg,182,158,513,563,-1,-1
00027656.jpg,185,158,516,563,-1,-1
00027657.jpg,187,157,518,562,-1,-1
00027658.jpg,187,156,518,561,-1,-1
00027659.jpg,186,155,517,560,-1,-1
00027660.jpg,186,155,517,560,-1,-1
00027661.jpg,183,154,514,559,-1,-1
00027662.jpg,180,152,511,557,-1,-1
00027663.jpg,177,151,508,556,-1,-1
00027664.jpg,173,149,504,554,-1,-1
00027665.jpg,169,147,500,552,-1,-1
00027666.jpg,169,147,500,552,-1,-1
00027667.jpg,165,146,496,551,-1,-1
00027668.jpg,170,148,493,533,-1,-1
00027669.jpg,170,148,493,533,-1,-1
00027670.jpg,168,148,491,533,-1,-1
00027671.jpg,167,147,490,532,-1,-1
00027672.jpg,167,147,490,532,-1,-1
00027673.jpg,168,147,491,532,-1,-1
00027674.jpg,170,146,493,531,-1,-1
00027675.jpg,172,145,495,530,-1,-1
00027676.jpg,175,144,498,529,-1,-1
00027677.jpg,178,142,501,527,-1,-1
00027678.jpg,178,142,501,527,-1,-1
00027679.jpg,180,141,503,526,-1,-1
00027680.jpg,183,140,506,525,-1,-1
00027681.jpg,187,139,510,524,-1,-1
00027682.jpg,190,137,513,522,-1,-1
00027683.jpg,194,135,517,520,-1,-1
00027684.jpg,194,135,517,520,-1,-1
00027685.jpg,197,134,520,519,-1,-1
00027686.jpg,200,131,523,516,-1,-1
00027687.jpg,201,129,524,514,-1,-1
00027688.jpg,201,127,524,512,-1,-1
00027689.jpg,201,125,524,510,-1,-1
00027690.jpg,201,125,524,510,-1,-1
00027691.jpg,200,124,523,509,-1,-1
00027692.jpg,199,122,522,507,-1,-1
00027693.jpg,199,121,522,506,-1,-1
00027694.jpg,201,121,524,506,-1,-1
00027695.jpg,203,120,526,505,-1,-1
00027696.jpg,203,120,526,505,-1,-1
00027697.jpg,208,119,531,504,-1,-1
00027698.jpg,214,118,537,503,-1,-1
00027699.jpg,220,117,543,502,-1,-1
00027700.jpg,226,116,549,501,-1,-1
00027701.jpg,234,116,541,488,-1,-1
00027702.jpg,234,116,541,488,-1,-1
00027703.jpg,241,115,548,487,-1,-1
00027704.jpg,247,114,554,486,-1,-1
00027705.jpg,252,113,559,485,-1,-1
00027706.jpg,257,112,564,484,-1,-1
00027707.jpg,260,111,567,483,-1,-1
00027708.jpg,260,111,567,483,-1,-1
00027709.jpg,264,110,571,482,-1,-1
00027710.jpg,267,110,574,482,-1,-1
00027711.jpg,269,110,576,482,-1,-1
00027712.jpg,270,110,577,482,-1,-1
00027713.jpg,270,110,577,482,-1,-1
00027714.jpg,270,110,577,482,-1,-1
00027715.jpg,270,111,577,483,-1,-1
00027716.jpg,269,111,576,483,-1,-1
00027717.jpg,269,111,576,483,-1,-1
00027718.jpg,269,111,576,483,-1,-1
00027719.jpg,267,109,574,481,-1,-1
00027720.jpg,267,109,574,481,-1,-1
00027721.jpg,265,105,572,477,-1,-1
00027722.jpg,260,100,567,472,-1,-1
00027723.jpg,253,95,560,467,-1,-1
00027724.jpg,247,95,550,449,964,218
00027725.jpg,247,95,550,449,964,218
00027726.jpg,247,95,550,449,964,218
00027727.jpg,240,89,543,443,963,216
00027728.jpg,231,84,534,438,959,215
00027729.jpg,224,80,527,434,958,214
00027730.jpg,219,86,524,415,953,212
00027731.jpg,219,86,524,415,953,212
00027732.jpg,219,86,524,415,953,212
00027733.jpg,216,86,521,415,953,212
00027734.jpg,216,87,521,416,953,212
00027735.jpg,219,89,524,418,953,212
00027736.jpg,226,92,531,421,953,212
00027737.jpg,237,95,542,424,953,212
00027738.jpg,237,95,542,424,953,212
00027739.jpg,249,101,554,430,953,212
00027740.jpg,262,103,567,432,953,212
00027741.jpg,282,102,587,431,953,212
00027742.jpg,297,108,602,437,953,212
00027743.jpg,309,118,614,447,956,213
00027744.jpg,309,118,614,447,958,214
00027745.jpg,315,123,620,452,957,215
00027746.jpg,318,123,623,452,953,217
00027747.jpg,320,121,625,450,952,218
00027748.jpg,325,121,630,450,950,219
00027749.jpg,329,124,634,453,943,217
00027750.jpg,329,124,634,453,946,219
00027751.jpg,328,126,633,455,937,218
00027752.jpg,324,127,629,456,928,220
00027753.jpg,324,127,629,456,926,215
