00095077.jpg,381,496,670,794,923,243
00095078.jpg,381,496,670,794,-1,-1
00095079.jpg,381,496,670,794,1253,338
00095080.jpg,381,496,670,794,1253,338
00095081.jpg,380,496,669,794,1253,338
00095082.jpg,379,496,668,794,1252,338
00095083.jpg,379,497,668,795,1246,343
00095084.jpg,378,497,667,795,1245,343
00095085.jpg,377,498,666,796,1245,343
00095086.jpg,377,498,666,796,1242,339
00095087.jpg,377,499,666,797,1243,341
00095088.jpg,377,499,666,797,1241,338
00095089.jpg,376,499,665,797,1240,338
00095090.jpg,376,499,665,797,1240,338
00095091.jpg,376,499,665,797,1241,338
00095092.jpg,376,499,665,797,1241,338
00095093.jpg,376,500,665,798,1240,334
00095094.jpg,375,503,664,801,1243,329
00095095.jpg,375,505,664,803,1246,329
00095096.jpg,375,506,664,804,1245,325
00095097.jpg,375,507,664,805,1245,325
00095098.jpg,375,508,664,806,1247,323
00095099.jpg,375,511,664,809,1257,318
00095100.jpg,376,511,665,809,1257,318
00095101.jpg,376,512,665,810,1262,314
00095102.jpg,377,510,666,808,1262,313
00095103.jpg,379,504,668,802,1266,308
00095104.jpg,380,503,669,801,1271,303
00095105.jpg,381,503,670,801,1271,303
00095106.jpg,382,504,671,802,1271,304
00095107.jpg,382,504,671,802,1271,304
00095108.jpg,383,504,672,802,1270,305
00095109.jpg,385,505,674,803,1270,305
00095110.jpg,386,505,675,803,1270,305
00095111.jpg,387,506,676,804,1271,303
00095112.jpg,387,507,676,805,1273,303
00095113.jpg,389,509,678,807,1271,304
00095114.jpg,393,510,682,808,1272,305
00095115.jpg,395,511,684,809,1271,308
00095116.jpg,398,516,687,814,1271,308
00095117.jpg,397,524,686,822,1270,313
00095118.jpg,401,523,690,821,1267,318
00095119.jpg,407,526,696,824,1266,329
00095120.jpg,410,527,699,825,1267,339
00095121.jpg,415,528,704,826,1266,340
00095122.jpg,416,528,705,826,1265,343
00095123.jpg,420,527,709,825,1265,349
00095124.jpg,432,525,721,823,1266,358
00095125.jpg,440,522,729,820,1265,355
00095126.jpg,445,518,734,816,1265,353
00095127.jpg,447,517,736,815,1265,354
00095128.jpg,449,516,738,814,1266,355
00095129.jpg,458,505,747,803,1101,615
00095130.jpg,461,496,750,794,1101,613
00095131.jpg,463,486,752,784,1106,611
00095132.jpg,464,486,753,784,1106,610
00095133.jpg,464,476,753,774,1106,610
00095134.jpg,470,465,759,763,1107,611
00095135.jpg,471,455,760,753,1107,611
00095136.jpg,470,445,759,743,1098,610
00095137.jpg,470,445,759,743,1096,611
00095138.jpg,468,431,757,729,1102,610
00095139.jpg,464,423,753,721,1096,614
00095140.jpg,463,412,752,710,1310,518
00095141.jpg,461,403,750,701,1252,385
00095142.jpg,461,403,750,701,1252,383
00095143.jpg,460,391,749,689,1250,384
00095144.jpg,456,384,745,682,1250,390
00095145.jpg,455,379,744,677,1250,386
00095146.jpg,453,374,742,672,1250,385
00095147.jpg,453,374,742,672,1250,388
00095148.jpg,452,373,741,671,1248,388
00095149.jpg,450,368,739,666,1118,626
00095150.jpg,447,365,736,663,1111,626
00095151.jpg,445,363,734,661,1111,626
00095152.jpg,445,362,734,660,1112,626
00095153.jpg,443,361,732,659,1108,628
00095154.jpg,442,337,731,635,1087,646
00095155.jpg,442,337,731,635,1083,654
