00095077.jpg,802,100,1087,394,-1,-1
00095078.jpg,802,100,1087,394,-1,-1
00095079.jpg,802,100,1087,394,-1,-1
00095080.jpg,802,100,1087,394,-1,-1
00095081.jpg,802,100,1087,394,-1,-1
00095082.jpg,802,100,1087,394,-1,-1
00095083.jpg,803,100,1088,394,-1,-1
00095084.jpg,803,100,1088,394,-1,-1
00095085.jpg,803,100,1088,394,-1,-1
00095086.jpg,803,100,1088,394,-1,-1
00095087.jpg,803,100,1088,394,-1,-1
00095088.jpg,803,100,1088,394,-1,-1
00095089.jpg,803,101,1088,395,-1,-1
00095090.jpg,803,101,1088,395,-1,-1
00095091.jpg,803,101,1088,395,-1,-1
00095092.jpg,803,101,1088,395,-1,-1
00095093.jpg,803,101,1088,395,-1,-1
00095094.jpg,803,101,1088,395,1051,691
00095095.jpg,803,101,1088,395,1050,691
00095096.jpg,803,101,1088,395,1290,576
00095097.jpg,803,101,1088,395,1290,576
00095098.jpg,803,101,1088,395,1252,330
00095099.jpg,803,101,1088,395,1255,330
00095100.jpg,803,101,1088,395,1258,319
00095101.jpg,802,102,1087,396,1267,315
00095102.jpg,802,102,1087,396,1270,315
00095103.jpg,802,101,1087,395,1270,315
00095104.jpg,802,101,1087,395,1275,310
00095105.jpg,802,101,1087,395,1273,306
00095106.jpg,802,101,1087,395,1272,308
00095107.jpg,802,102,1087,396,1272,308
00095108.jpg,802,102,1087,396,1272,310
00095109.jpg,801,102,1086,396,1030,699
00095110.jpg,800,103,1085,397,-1,-1
00095111.jpg,799,103,1084,397,-1,-1
00095112.jpg,798,104,1083,398,-1,-1
00095113.jpg,799,103,1084,397,606,660
00095114.jpg,799,103,1084,397,606,660
00095115.jpg,799,103,1084,397,613,660
00095116.jpg,800,103,1085,397,615,661
00095117.jpg,800,103,1085,397,618,663
00095118.jpg,800,103,1085,397,621,660
00095119.jpg,800,103,1085,397,623,660
00095120.jpg,800,103,1085,397,625,661
00095121.jpg,799,104,1084,398,633,664
00095122.jpg,799,104,1084,398,638,664
00095123.jpg,799,104,1084,398,646,660
00095124.jpg,799,104,1084,398,656,660
00095125.jpg,799,104,1084,398,-1,-1
00095126.jpg,799,104,1084,398,-1,-1
00095127.jpg,799,104,1084,398,-1,-1
00095128.jpg,799,104,1084,398,1102,624
00095129.jpg,798,104,1083,398,1272,369
00095130.jpg,799,103,1084,397,1272,369
00095131.jpg,799,103,1084,397,1272,369
00095132.jpg,799,103,1084,397,1272,369
00095133.jpg,799,103,1084,397,1271,369
00095134.jpg,799,103,1084,397,1271,369
00095135.jpg,799,103,1084,397,1271,369
00095136.jpg,799,103,1084,397,1267,373
00095137.jpg,799,103,1084,397,1267,374
00095138.jpg,799,103,1084,397,1266,378
00095139.jpg,799,103,1084,397,1261,381
00095140.jpg,799,103,1084,397,1260,385
00095141.jpg,799,103,1084,397,1258,386
00095142.jpg,799,103,1084,397,1256,386
00095143.jpg,799,103,1084,397,1251,388
00095144.jpg,799,104,1084,398,1248,393
00095145.jpg,799,104,1084,398,1247,396
00095146.jpg,799,104,1084,398,1247,393
00095147.jpg,799,104,1084,398,1242,400
00095148.jpg,799,104,1084,398,1242,401
00095149.jpg,799,104,1084,398,1240,403
00095150.jpg,799,105,1084,399,1237,401
00095151.jpg,800,104,1085,398,1238,401
00095152.jpg,800,104,1085,398,1238,401
00095153.jpg,800,104,1085,398,1238,401
00095154.jpg,799,104,1084,398,1238,400
00095155.jpg,799,104,1084,398,1238,399
