00000725.jpg,454,112,746,414,1283,121
00000726.jpg,454,112,746,414,1283,121
00000727.jpg,454,112,746,414,1278,119
00000728.jpg,454,112,746,414,1272,121
00000729.jpg,444,113,736,415,1264,123
00000730.jpg,436,113,728,415,1254,123
00000731.jpg,436,113,728,415,1254,121
00000732.jpg,429,113,721,415,1243,123
00000733.jpg,424,111,716,413,1224,127
00000734.jpg,421,109,713,411,1203,132
00000735.jpg,420,108,712,410,1187,136
00000736.jpg,420,108,712,410,1190,140
00000737.jpg,418,106,710,408,1168,140
00000738.jpg,418,105,710,407,1160,139
00000739.jpg,417,106,709,408,1147,133
00000740.jpg,415,105,707,407,-1,-1
00000741.jpg,415,105,707,407,-1,-1
00000742.jpg,414,104,706,406,-1,-1
00000743.jpg,414,100,706,402,-1,-1
00000744.jpg,414,98,706,400,-1,-1
00000745.jpg,411,98,703,400,-1,-1
00000746.jpg,411,98,703,400,-1,-1
00000747.jpg,412,100,704,402,-1,-1
00000748.jpg,431,97,724,387,-1,-1
00000749.jpg,431,97,724,387,-1,-1
00000750.jpg,435,97,728,387,-1,-1
00000751.jpg,435,97,728,387,-1,-1
00000752.jpg,438,96,731,386,-1,-1
00000753.jpg,441,96,734,386,-1,-1
00000754.jpg,444,97,737,387,-1,-1
00000755.jpg,447,98,740,388,-1,-1
00000756.jpg,487,93,785,377,-1,-1
00000757.jpg,487,93,785,377,-1,-1
00000758.jpg,490,99,788,383,-1,-1
00000759.jpg,492,105,790,389,-1,-1
00000760.jpg,492,108,790,392,-1,-1
00000761.jpg,492,108,790,392,-1,-1
00000762.jpg,491,105,789,389,-1,-1
00000763.jpg,490,104,788,388,-1,-1
00000764.jpg,487,103,785,387,-1,-1
00000765.jpg,485,103,783,387,-1,-1
00000766.jpg,485,103,783,387,-1,-1
00000767.jpg,482,104,780,388,-1,-1
00000768.jpg,479,104,777,388,-1,-1
00000769.jpg,468,129,766,413,-1,-1
00000770.jpg,462,125,776,430,-1,-1
00000771.jpg,462,125,776,430,-1,-1
00000772.jpg,455,129,769,434,-1,-1
00000773.jpg,446,132,760,437,-1,-1
00000774.jpg,438,133,752,438,-1,-1
00000775.jpg,429,133,743,438,-1,-1
00000776.jpg,429,133,743,438,-1,-1
00000777.jpg,420,134,734,439,-1,-1
00000778.jpg,410,136,724,441,-1,-1
00000779.jpg,399,138,713,443,-1,-1
00000780.jpg,399,138,713,443,-1,-1
