00000725.jpg,1193,11,1488,303,682,229
00000726.jpg,1193,11,1488,303,682,229
00000727.jpg,1193,11,1488,303,674,231
00000728.jpg,1193,11,1488,303,668,228
00000729.jpg,1186,11,1481,303,652,228
00000730.jpg,1177,11,1472,303,651,228
00000731.jpg,1177,11,1472,303,646,231
00000732.jpg,1164,11,1459,303,638,229
00000733.jpg,1149,11,1444,303,634,232
00000734.jpg,1130,16,1425,308,628,228
00000735.jpg,1114,21,1409,313,624,224
00000736.jpg,1114,21,1409,313,622,225
00000737.jpg,1104,22,1399,314,614,220
00000738.jpg,1097,22,1392,314,607,220
00000739.jpg,1069,18,1363,299,603,215
00000740.jpg,1069,18,1363,299,600,212
00000741.jpg,1069,18,1363,299,598,209
00000742.jpg,1062,16,1356,297,590,211
00000743.jpg,1054,14,1348,295,587,208
00000744.jpg,1049,12,1343,293,579,211
00000745.jpg,1045,10,1339,291,634,213
00000746.jpg,1045,10,1339,291,635,211
00000747.jpg,1040,9,1334,290,643,209
00000748.jpg,1032,10,1326,291,644,212
00000749.jpg,1026,10,1320,291,647,212
00000750.jpg,1021,10,1315,291,651,212
00000751.jpg,1021,10,1315,291,654,211
00000752.jpg,1016,9,1310,290,-1,-1
00000753.jpg,1009,9,1303,290,-1,-1
00000754.jpg,983,9,1285,288,-1,-1
00000755.jpg,983,9,1285,288,-1,-1
00000756.jpg,983,9,1285,288,-1,-1
00000757.jpg,981,9,1283,288,-1,-1
00000758.jpg,980,9,1282,288,-1,-1
00000759.jpg,980,10,1282,289,-1,-1
00000760.jpg,979,10,1281,289,-1,-1
00000761.jpg,979,10,1281,289,-1,-1
00000762.jpg,979,9,1281,288,-1,-1
00000763.jpg,979,9,1281,288,-1,-1
00000764.jpg,980,9,1282,288,-1,-1
00000765.jpg,980,8,1282,287,-1,-1
00000766.jpg,980,8,1282,287,-1,-1
00000767.jpg,979,8,1281,287,-1,-1
00000768.jpg,979,8,1281,287,-1,-1
00000769.jpg,979,9,1281,288,-1,-1
00000770.jpg,980,10,1282,289,-1,-1
00000771.jpg,994,5,1307,301,-1,-1
00000772.jpg,994,5,1307,301,-1,-1
00000773.jpg,996,5,1309,301,-1,-1
00000774.jpg,997,4,1310,300,-1,-1
00000775.jpg,997,5,1310,301,-1,-1
00000776.jpg,997,5,1310,301,-1,-1
00000777.jpg,997,5,1310,301,-1,-1
00000778.jpg,997,7,1310,303,-1,-1
00000779.jpg,998,9,1311,305,-1,-1
00000780.jpg,998,9,1311,305,-1,-1
