00004752.jpg,558,9,897,380,-1,-1
00004753.jpg,558,9,897,380,-1,-1
00004754.jpg,558,9,897,380,-1,-1
00004755.jpg,558,9,897,380,-1,-1
00004756.jpg,557,9,896,380,-1,-1
00004757.jpg,557,9,896,380,-1,-1
00004758.jpg,557,9,896,380,-1,-1
00004759.jpg,557,9,896,380,-1,-1
00004760.jpg,557,9,896,380,-1,-1
00004761.jpg,557,9,896,380,-1,-1
00004762.jpg,557,9,896,380,-1,-1
00004763.jpg,558,9,897,380,-1,-1
00004764.jpg,558,9,897,380,-1,-1
00004765.jpg,558,9,897,380,-1,-1
00004766.jpg,558,9,897,380,-1,-1
00004767.jpg,557,10,896,381,-1,-1
00004768.jpg,557,11,896,382,-1,-1
00004769.jpg,557,11,896,382,-1,-1
00004770.jpg,557,11,896,382,-1,-1
00004771.jpg,557,10,896,381,-1,-1
00004772.jpg,560,9,899,380,-1,-1
00004773.jpg,560,9,899,380,-1,-1
00004774.jpg,560,9,899,380,-1,-1
00004775.jpg,564,6,903,377,-1,-1
00004776.jpg,565,5,904,376,-1,-1
00004777.jpg,565,5,904,376,-1,-1
00004778.jpg,565,5,904,376,-1,-1
00004779.jpg,564,5,903,376,-1,-1
00004780.jpg,563,5,902,376,-1,-1
00004781.jpg,563,5,902,376,-1,-1
00004782.jpg,563,5,902,376,-1,-1
00004783.jpg,563,5,902,376,-1,-1
00004784.jpg,563,5,902,376,-1,-1
00004785.jpg,563,5,902,376,-1,-1
00004786.jpg,563,5,902,376,-1,-1
00004787.jpg,563,5,902,376,-1,-1
00004788.jpg,564,4,903,375,-1,-1
00004789.jpg,564,4,903,375,-1,-1
00004790.jpg,564,4,903,375,-1,-1
00004791.jpg,564,4,903,375,-1,-1
00004792.jpg,565,4,904,375,-1,-1
00004793.jpg,565,4,904,375,-1,-1
00004794.jpg,565,4,904,375,-1,-1
00004795.jpg,565,4,904,375,-1,-1
00004796.jpg,565,4,904,375,-1,-1
00004797.jpg,565,4,904,375,-1,-1
00004798.jpg,565,4,904,375,-1,-1
00004799.jpg,565,4,904,375,-1,-1
00004800.jpg,565,4,904,375,-1,-1
00004801.jpg,565,4,904,375,-1,-1
00004802.jpg,565,4,904,375,-1,-1
00004803.jpg,565,4,904,375,-1,-1
00004804.jpg,565,4,904,375,-1,-1
00004805.jpg,565,4,904,375,-1,-1
00004806.jpg,565,4,904,375,-1,-1
00004807.jpg,565,4,904,375,-1,-1
00004808.jpg,565,4,904,375,-1,-1
00004809.jpg,565,4,904,375,-1,-1
00004810.jpg,565,4,904,375,-1,-1
00004811.jpg,565,3,904,374,-1,-1
00004812.jpg,565,2,904,373,-1,-1
00004813.jpg,565,2,904,373,-1,-1
00004814.jpg,564,2,903,373,-1,-1
00004815.jpg,565,0,904,371,-1,-1
00004816.jpg,565,0,904,371,-1,-1
00004817.jpg,565,0,904,371,-1,-1
00004818.jpg,565,0,904,371,-1,-1
00004819.jpg,562,0,901,371,-1,-1
00004820.jpg,560,3,899,374,-1,-1
00004821.jpg,578,4,911,373,-1,-1
00004822.jpg,578,4,911,373,-1,-1
00004823.jpg,579,7,912,376,-1,-1
00004824.jpg,583,8,916,377,-1,-1
00004825.jpg,583,8,916,377,-1,-1
00004826.jpg,583,8,916,377,-1,-1
00004827.jpg,589,9,922,378,-1,-1
00004828.jpg,595,9,928,378,-1,-1
00004829.jpg,595,9,928,378,-1,-1
00004830.jpg,595,9,928,378,-1,-1
00004831.jpg,608,7,941,376,-1,-1
00004832.jpg,620,5,953,374,-1,-1
00004833.jpg,620,5,953,374,-1,-1
00004834.jpg,620,5,953,374,-1,-1
00004835.jpg,625,3,958,372,-1,-1
00004836.jpg,637,0,970,369,-1,-1
00004837.jpg,637,0,970,369,-1,-1
00004838.jpg,637,0,970,369,-1,-1
00004839.jpg,643,0,976,369,-1,-1
00004840.jpg,673,5,997,347,-1,-1
00004841.jpg,673,5,997,347,-1,-1
00004842.jpg,673,5,997,347,-1,-1
00004843.jpg,677,3,1001,345,-1,-1
00004844.jpg,684,0,1008,342,-1,-1
00004845.jpg,684,0,1008,342,-1,-1
00004846.jpg,684,0,1008,342,-1,-1
00004847.jpg,683,0,1007,342,-1,-1
00004848.jpg,684,0,1008,342,-1,-1
00004849.jpg,684,0,1008,342,-1,-1
00004850.jpg,684,0,1008,342,-1,-1
00004851.jpg,682,2,1006,344,-1,-1
00004852.jpg,683,3,1007,345,-1,-1
00004853.jpg,683,3,1007,345,-1,-1
00004854.jpg,683,3,1007,345,-1,-1
00004855.jpg,684,5,1008,347,-1,-1
00004856.jpg,684,5,1008,347,-1,-1
