00095077.jpg,1199,130,1533,513,586,638
00095078.jpg,1199,130,1533,513,586,634
00095079.jpg,1199,130,1533,513,581,638
00095080.jpg,1199,130,1533,513,581,638
00095081.jpg,1198,130,1532,513,585,635
00095082.jpg,1198,131,1532,514,588,635
00095083.jpg,1198,131,1532,514,586,635
00095084.jpg,1196,132,1530,515,590,636
00095085.jpg,1196,133,1530,516,586,638
00095086.jpg,1196,133,1530,516,591,636
00095087.jpg,1196,134,1530,517,588,636
00095088.jpg,1196,133,1530,516,588,636
00095089.jpg,1197,133,1531,516,588,636
00095090.jpg,1197,133,1531,516,588,636
00095091.jpg,1197,133,1531,516,588,636
00095092.jpg,1197,133,1531,516,588,636
00095093.jpg,1197,133,1531,516,588,636
00095094.jpg,1198,132,1532,515,588,639
00095095.jpg,1199,132,1533,515,590,639
00095096.jpg,1199,131,1533,514,591,640
00095097.jpg,1199,131,1533,514,591,641
00095098.jpg,1201,122,1533,512,591,645
00095099.jpg,1201,122,1533,512,592,648
00095100.jpg,1202,122,1534,512,595,645
00095101.jpg,1203,121,1535,511,596,645
00095102.jpg,1203,121,1535,511,593,644
00095103.jpg,1203,121,1535,511,595,645
00095104.jpg,1205,121,1537,511,595,645
00095105.jpg,1208,121,1540,511,595,645
00095106.jpg,1209,121,1541,511,596,644
00095107.jpg,1210,121,1542,511,595,644
00095108.jpg,1211,121,1543,511,598,646
00095109.jpg,1216,119,1548,509,600,648
00095110.jpg,1217,118,1549,508,600,648
00095111.jpg,1218,118,1550,508,605,649
00095112.jpg,1218,118,1550,508,602,649
00095113.jpg,1217,119,1549,509,606,651
00095114.jpg,1217,119,1549,509,606,651
00095115.jpg,1216,121,1548,511,608,651
00095116.jpg,1215,120,1547,510,611,653
00095117.jpg,1215,120,1547,510,612,654
00095118.jpg,1209,124,1541,514,617,654
00095119.jpg,1216,134,1548,509,618,655
00095120.jpg,1216,134,1548,509,1090,695
00095121.jpg,1215,135,1547,510,1088,681
00095122.jpg,1215,135,1547,510,1088,680
00095123.jpg,1215,135,1547,510,1091,656
00095124.jpg,1215,136,1547,511,1092,646
00095125.jpg,1214,136,1546,511,1097,635
00095126.jpg,1214,136,1546,511,1100,623
00095127.jpg,1214,136,1546,511,1097,625
00095128.jpg,1214,136,1546,511,1100,616
00095129.jpg,1214,135,1546,510,1106,616
00095130.jpg,1214,135,1546,510,1103,611
00095131.jpg,1213,136,1545,511,1107,606
00095132.jpg,1213,136,1545,511,1110,608
00095133.jpg,1213,136,1545,511,1110,609
00095134.jpg,1212,135,1544,510,1101,606
00095135.jpg,1212,135,1544,510,1103,606
00095136.jpg,1211,136,1543,511,1107,611
00095137.jpg,1210,136,1542,511,1102,608
00095138.jpg,1206,138,1538,513,1102,606
00095139.jpg,1196,143,1528,518,1101,606
00095140.jpg,1192,146,1524,521,1098,609
00095141.jpg,1190,148,1522,523,1103,609
00095142.jpg,1189,149,1521,524,1103,609
00095143.jpg,1186,151,1518,526,1103,609
00095144.jpg,1176,155,1508,530,1106,615
00095145.jpg,1173,158,1505,533,1108,619
00095146.jpg,1170,160,1502,535,1115,620
00095147.jpg,1170,160,1502,535,1115,623
00095148.jpg,1169,161,1501,536,1112,626
00095149.jpg,1163,164,1495,539,1112,628
00095150.jpg,1160,165,1492,540,1106,629
00095151.jpg,1160,165,1492,540,1101,629
00095152.jpg,1159,165,1491,540,1100,629
00095153.jpg,1159,165,1491,540,1096,630
00095154.jpg,1158,164,1490,539,1075,648
00095155.jpg,1158,164,1490,539,1073,648
