00050109.jpg,519,527,752,792,1040,979
00050110.jpg,519,527,752,792,1041,978
00050111.jpg,519,527,752,792,1037,978
00050112.jpg,519,527,752,792,1040,978
00050113.jpg,520,527,753,792,1040,978
00050114.jpg,522,527,755,792,1038,979
00050115.jpg,523,527,756,792,1038,979
00050116.jpg,525,527,758,792,1038,979
00050117.jpg,527,526,760,791,1038,979
00050118.jpg,529,526,762,791,1038,979
00050119.jpg,531,526,764,791,1038,979
00050120.jpg,532,526,765,791,1038,979
00050121.jpg,533,527,766,792,1038,979
00050122.jpg,534,527,767,792,1038,979
00050123.jpg,535,527,768,792,1038,975
00050124.jpg,535,528,768,793,1038,973
00050125.jpg,535,528,768,793,1038,973
00050126.jpg,536,528,769,793,1038,973
00050127.jpg,536,529,769,794,1038,974
00050128.jpg,536,529,769,794,1038,974
00050129.jpg,536,529,769,794,1037,974
00050130.jpg,537,529,770,794,1037,974
00050131.jpg,537,529,770,794,1037,974
00050132.jpg,537,529,770,794,1037,973
00050133.jpg,537,529,770,794,1037,973
00050134.jpg,538,529,771,794,1037,973
00050135.jpg,538,529,771,794,1037,973
00050136.jpg,539,529,772,794,1037,973
00050137.jpg,540,529,773,794,1037,973
00050138.jpg,541,530,774,795,1037,973
00050139.jpg,542,530,775,795,1037,973
00050140.jpg,543,530,776,795,1037,973
00050141.jpg,545,530,778,795,1037,973
00050142.jpg,545,530,778,795,1037,973
00050143.jpg,545,530,778,795,1037,973
00050144.jpg,545,530,778,795,1037,973
00050145.jpg,545,531,778,796,1037,973
00050146.jpg,545,531,778,796,1037,973
00050147.jpg,545,532,778,797,1037,973
00050148.jpg,544,532,777,797,1037,973
00050149.jpg,544,532,777,797,1037,973
00050150.jpg,544,532,777,797,1037,973
00050151.jpg,544,532,777,797,1282,960
00050152.jpg,544,532,777,797,1283,961
00050153.jpg,544,532,777,797,1282,963
00050154.jpg,544,533,777,798,1282,961
00050155.jpg,543,533,776,798,1282,963
00050156.jpg,542,533,775,798,1285,963
00050157.jpg,539,533,772,798,1280,961
00050158.jpg,538,533,771,798,1488,601
00050159.jpg,534,533,767,798,1488,600
00050160.jpg,533,533,766,798,1482,603
00050161.jpg,529,532,762,797,1487,601
00050162.jpg,525,531,758,796,1487,600
00050163.jpg,522,531,755,796,1488,595
00050164.jpg,518,530,751,795,1485,598
00050165.jpg,517,529,750,794,1488,596
00050166.jpg,513,529,746,794,1487,595
00050167.jpg,507,529,740,794,1487,595
00050168.jpg,502,528,735,793,1487,595
00050169.jpg,494,527,727,792,1487,595
00050170.jpg,490,526,723,791,1487,595
00050171.jpg,484,525,717,790,1487,595
00050172.jpg,475,524,708,789,1487,595
00050173.jpg,469,523,702,788,1487,595
00050174.jpg,460,521,693,786,1487,594
00050175.jpg,457,521,690,786,1487,593
00050176.jpg,449,520,682,785,1487,593
00050177.jpg,440,518,673,783,1487,590
00050178.jpg,435,518,668,783,1487,590
00050179.jpg,425,516,658,781,1486,590
00050180.jpg,422,515,655,780,1485,590
00050181.jpg,413,513,646,778,1483,594
00050182.jpg,403,510,636,775,1483,594
00050183.jpg,398,508,631,773,1483,594
00050184.jpg,390,506,623,771,1483,594
00050185.jpg,387,505,620,770,1483,596
00050186.jpg,380,504,613,769,1480,598
00050187.jpg,374,502,607,767,1480,603
00050188.jpg,372,501,605,766,1482,604
00050189.jpg,368,500,601,765,1482,604
00050190.jpg,366,500,599,765,1483,609
00050191.jpg,363,499,596,764,1485,613
00050192.jpg,361,498,594,763,1487,614
00050193.jpg,359,497,592,762,1487,616
00050194.jpg,358,497,591,762,1487,616
00050195.jpg,358,496,591,761,1492,621
00050196.jpg,357,496,590,761,1490,621
00050197.jpg,356,496,589,761,1490,621
00050198.jpg,355,496,588,761,1487,621
00050199.jpg,355,497,588,762,1487,621
00050200.jpg,355,497,588,762,1488,621
