00050109.jpg,1443,535,1621,742,695,694
00050110.jpg,1443,535,1621,742,698,690
00050111.jpg,1443,535,1621,742,701,689
00050112.jpg,1442,528,1623,732,845,501
00050113.jpg,1442,528,1623,732,1071,178
00050114.jpg,1442,528,1623,732,1071,179
00050115.jpg,1442,526,1622,723,1068,180
00050116.jpg,1442,526,1622,723,1070,180
00050117.jpg,1442,525,1622,722,1071,183
00050118.jpg,1443,524,1623,721,1068,180
00050119.jpg,1443,523,1623,720,1068,183
00050120.jpg,1443,523,1623,720,1072,183
00050121.jpg,1443,523,1623,720,1068,183
00050122.jpg,1443,522,1623,719,1072,184
00050123.jpg,1443,522,1623,719,1071,184
00050124.jpg,1443,522,1623,719,1070,184
00050125.jpg,1443,522,1623,719,1071,184
00050126.jpg,1443,522,1623,719,1071,184
00050127.jpg,1443,522,1623,719,1071,184
00050128.jpg,1443,522,1623,719,1071,184
00050129.jpg,1443,521,1623,718,1071,184
00050130.jpg,1443,521,1623,718,1077,178
00050131.jpg,1443,521,1623,718,1078,178
00050132.jpg,1443,521,1623,718,1078,178
00050133.jpg,1442,521,1622,718,1081,178
00050134.jpg,1442,521,1622,718,1081,176
00050135.jpg,1442,521,1622,718,1081,175
00050136.jpg,1442,521,1622,718,1081,175
00050137.jpg,1442,521,1622,718,1087,174
00050138.jpg,1442,522,1622,719,1085,173
00050139.jpg,1442,522,1622,719,1085,173
00050140.jpg,1443,521,1623,718,1085,173
00050141.jpg,1443,521,1623,718,1088,169
00050142.jpg,1443,521,1623,718,1088,169
00050143.jpg,1443,521,1623,718,1088,169
00050144.jpg,1443,521,1623,718,1088,171
00050145.jpg,1443,521,1623,718,1086,173
00050146.jpg,1442,522,1622,719,1086,173
00050147.jpg,1442,522,1622,719,1082,174
00050148.jpg,1441,522,1621,719,1082,171
00050149.jpg,1441,522,1621,719,1082,171
00050150.jpg,1441,522,1621,719,1081,171
00050151.jpg,1441,522,1621,719,1081,171
00050152.jpg,1441,522,1621,719,1086,171
00050153.jpg,1441,522,1621,719,1093,175
00050154.jpg,1441,522,1621,719,1097,176
00050155.jpg,1441,522,1621,719,1097,181
00050156.jpg,1440,522,1620,719,1097,181
00050157.jpg,1440,522,1620,719,1095,180
00050158.jpg,1440,522,1620,719,1097,180
00050159.jpg,1439,522,1619,719,1097,180
00050160.jpg,1439,522,1619,719,1097,180
00050161.jpg,1439,522,1619,719,1097,180
00050162.jpg,1439,521,1619,718,1102,183
00050163.jpg,1439,521,1619,718,1108,188
00050164.jpg,1439,521,1619,718,1102,180
00050165.jpg,1439,520,1619,717,1098,174
00050166.jpg,1439,520,1619,717,1091,165
00050167.jpg,1438,521,1618,718,1081,163
00050168.jpg,1438,520,1618,717,1077,160
00050169.jpg,1438,520,1618,717,1077,160
00050170.jpg,1438,519,1618,716,1077,160
00050171.jpg,1438,519,1618,716,1080,156
00050172.jpg,1439,518,1619,715,1083,154
00050173.jpg,1439,518,1619,715,1083,154
00050174.jpg,1439,518,1619,715,1085,154
00050175.jpg,1439,518,1619,715,1085,154
00050176.jpg,1440,517,1620,714,1085,151
00050177.jpg,1440,517,1620,714,1088,154
00050178.jpg,1440,516,1620,713,1090,161
00050179.jpg,1441,515,1621,712,1095,161
00050180.jpg,1441,514,1621,711,1095,160
00050181.jpg,1442,512,1622,709,1095,158
00050182.jpg,1441,512,1621,709,1095,158
00050183.jpg,1441,511,1621,708,597,663
00050184.jpg,1441,511,1621,708,588,659
00050185.jpg,1441,511,1621,708,583,654
00050186.jpg,1440,511,1620,708,576,651
00050187.jpg,1440,511,1620,708,-1,-1
00050188.jpg,1440,511,1620,708,-1,-1
00050189.jpg,1438,518,1614,712,-1,-1
00050190.jpg,1438,518,1614,712,-1,-1
00050191.jpg,1437,518,1613,712,-1,-1
00050192.jpg,1437,518,1613,712,-1,-1
00050193.jpg,1436,518,1612,712,-1,-1
00050194.jpg,1435,517,1611,711,-1,-1
00050195.jpg,1434,517,1610,711,-1,-1
00050196.jpg,1432,516,1608,710,-1,-1
00050197.jpg,1429,516,1605,710,-1,-1
00050198.jpg,1425,517,1601,711,-1,-1
00050199.jpg,1421,518,1597,712,-1,-1
00050200.jpg,1421,518,1597,712,-1,-1
