00000001.jpg,1012,113,1141,249,652,216
00000002.jpg,1012,113,1141,249,653,216
00000003.jpg,1012,113,1141,249,655,215
00000004.jpg,1012,113,1141,249,659,215
00000005.jpg,1013,113,1142,249,660,214
00000006.jpg,1015,112,1144,248,661,214
00000007.jpg,1017,112,1146,248,662,214
00000008.jpg,1019,111,1148,247,665,215
00000009.jpg,1022,111,1151,247,665,217
00000010.jpg,1025,110,1154,246,666,218
00000011.jpg,1029,110,1158,246,666,218
00000012.jpg,1032,109,1161,245,670,217
00000013.jpg,1036,108,1165,244,670,217
00000014.jpg,1040,108,1169,244,670,220
00000015.jpg,1043,107,1172,243,667,222
00000016.jpg,1046,106,1175,242,774,262
00000017.jpg,1048,105,1177,241,775,261
00000018.jpg,1048,105,1177,241,773,262
00000019.jpg,1047,105,1176,241,777,263
00000020.jpg,1044,105,1173,241,775,263
00000021.jpg,1039,105,1168,241,776,261
00000022.jpg,1034,106,1163,242,776,263
00000023.jpg,1027,106,1156,242,775,262
00000024.jpg,1019,107,1148,243,775,262
00000025.jpg,1011,108,1140,244,775,261
00000026.jpg,1001,111,1130,247,775,261
00000027.jpg,992,112,1121,248,776,261
00000028.jpg,983,112,1112,248,768,264
00000029.jpg,975,112,1104,248,759,267
00000030.jpg,967,113,1096,249,760,263
00000031.jpg,960,113,1089,249,767,248
00000032.jpg,953,115,1082,251,779,211
00000033.jpg,948,116,1077,252,798,184
00000034.jpg,947,117,1076,253,826,162
00000035.jpg,948,116,1077,252,864,153
00000036.jpg,952,114,1081,250,876,162
00000037.jpg,957,110,1086,246,877,181
00000038.jpg,964,107,1093,243,658,219
00000039.jpg,970,106,1099,242,655,220
00000040.jpg,976,105,1105,241,649,222
00000041.jpg,981,104,1110,240,644,219
00000042.jpg,986,104,1115,240,645,219
00000043.jpg,991,103,1120,239,639,221
00000044.jpg,996,102,1125,238,637,219
00000045.jpg,1001,102,1130,238,636,219
00000046.jpg,1005,101,1134,237,638,219
00000047.jpg,1010,101,1139,237,645,220
00000048.jpg,1014,100,1143,236,647,218
00000049.jpg,1017,99,1146,235,647,218
00000050.jpg,1021,99,1150,235,654,220
00000051.jpg,1025,99,1154,235,658,220
00000052.jpg,1028,98,1157,234,659,221
00000053.jpg,1030,98,1159,234,663,221
00000054.jpg,1032,98,1161,234,665,221
00000055.jpg,1033,98,1162,234,667,222
00000056.jpg,1034,98,1163,234,669,222
00000057.jpg,1034,98,1163,234,673,222
00000058.jpg,1034,98,1163,234,670,223
00000059.jpg,1033,98,1162,234,674,223
00000060.jpg,1032,99,1161,235,671,223
00000061.jpg,1031,99,1160,235,673,222
00000062.jpg,1030,99,1159,235,816,328
00000063.jpg,1029,99,1158,235,816,328
00000064.jpg,1028,99,1157,235,815,329
00000065.jpg,1026,100,1155,236,828,326
00000066.jpg,1024,100,1153,236,833,324
00000067.jpg,1021,101,1150,237,835,325
00000068.jpg,1018,101,1147,237,832,326
00000069.jpg,1016,102,1145,238,833,324
00000070.jpg,1014,102,1143,238,833,326
00000071.jpg,1012,103,1141,239,848,324
00000072.jpg,1011,104,1140,240,856,323
00000073.jpg,1010,104,1139,240,859,323
00000074.jpg,1009,104,1138,240,866,324
00000075.jpg,1008,105,1137,241,873,324
00000076.jpg,1007,105,1136,241,877,325
00000077.jpg,1007,105,1136,241,880,325
00000078.jpg,1006,105,1135,241,882,326
00000079.jpg,1006,105,1135,241,886,325
00000080.jpg,1005,105,1134,241,887,322
00000081.jpg,1004,106,1133,242,888,327
00000082.jpg,1004,106,1133,242,886,326
00000083.jpg,1003,106,1132,242,888,326
00000084.jpg,1002,106,1131,242,890,325
00000085.jpg,1001,106,1130,242,892,324
00000086.jpg,1000,106,1129,242,894,324
00000087.jpg,999,106,1128,242,894,324
00000088.jpg,998,106,1127,242,894,324
00000089.jpg,997,106,1126,242,894,324
00000090.jpg,996,106,1125,242,894,324
00000091.jpg,995,106,1124,242,894,324
00000092.jpg,993,106,1122,242,894,324
00000093.jpg,991,106,1120,242,894,324
00000094.jpg,989,107,1118,243,886,325
00000095.jpg,987,107,1116,243,886,325
00000096.jpg,984,108,1113,244,886,325
00000097.jpg,981,108,1110,244,870,322
00000098.jpg,979,109,1108,245,866,323
00000099.jpg,977,110,1106,246,859,322
00000100.jpg,975,110,1104,246,855,325
00000101.jpg,973,111,1102,247,848,326
00000102.jpg,970,111,1099,247,839,327
00000103.jpg,969,112,1098,248,832,329
00000104.jpg,967,112,1096,248,827,330
00000105.jpg,966,113,1095,249,819,332
00000106.jpg,965,113,1094,249,816,334
00000107.jpg,964,113,1093,249,816,334
00000108.jpg,964,113,1093,249,816,334
00000109.jpg,963,113,1092,249,819,334
00000110.jpg,964,113,1093,249,820,334
00000111.jpg,964,113,1093,249,819,334
00000112.jpg,965,113,1094,249,819,334
00000113.jpg,966,112,1095,248,819,334
00000114.jpg,967,112,1096,248,819,334
00000115.jpg,969,112,1098,248,819,334
00000116.jpg,970,112,1099,248,819,334
00000117.jpg,971,111,1100,247,819,334
00000118.jpg,972,111,1101,247,819,334
00000119.jpg,973,111,1102,247,818,333
00000120.jpg,974,111,1103,247,818,333
00000121.jpg,975,111,1104,247,818,333
00000122.jpg,975,110,1104,246,818,333
00000123.jpg,976,110,1105,246,816,333
00000124.jpg,976,110,1105,246,816,333
00000125.jpg,976,110,1105,246,816,333
00000126.jpg,976,110,1105,246,816,333
00000127.jpg,976,109,1105,245,816,333
00000128.jpg,976,109,1105,245,816,333
00000129.jpg,976,109,1105,245,662,223
00000130.jpg,977,109,1106,245,665,220
00000131.jpg,977,109,1106,245,669,218
00000132.jpg,977,109,1106,245,669,218
00000133.jpg,977,108,1106,244,669,218
00000134.jpg,978,108,1107,244,669,218
00000135.jpg,978,108,1107,244,673,218
00000136.jpg,979,108,1108,244,673,218
00000137.jpg,979,108,1108,244,673,216
00000138.jpg,979,108,1108,244,673,216
00000139.jpg,979,108,1108,244,673,216
00000140.jpg,979,108,1108,244,676,216
00000141.jpg,979,108,1108,244,678,215
00000142.jpg,979,108,1108,244,678,215
00000143.jpg,979,108,1108,244,681,215
00000144.jpg,979,108,1108,244,681,216
00000145.jpg,979,108,1108,244,681,216
00000146.jpg,980,108,1109,244,682,217
00000147.jpg,980,108,1109,244,683,219
00000148.jpg,980,108,1109,244,684,217
00000149.jpg,981,108,1110,244,687,218
00000150.jpg,981,107,1110,243,687,218
00000151.jpg,981,107,1110,243,687,218
00000152.jpg,981,107,1110,243,687,218
00000153.jpg,982,107,1111,243,687,218
00000154.jpg,982,107,1111,243,687,218
00000155.jpg,983,107,1112,243,687,218
00000156.jpg,984,107,1113,243,687,219
00000157.jpg,984,107,1113,243,687,219
00000158.jpg,985,107,1114,243,687,220
00000159.jpg,986,107,1115,243,687,220
00000160.jpg,987,106,1116,242,687,220
00000161.jpg,988,106,1117,242,842,326
00000162.jpg,989,106,1118,242,840,325
00000163.jpg,989,105,1118,241,840,328
00000164.jpg,990,105,1119,241,844,328
00000165.jpg,990,105,1119,241,847,328
00000166.jpg,991,105,1120,241,845,327
00000167.jpg,991,105,1120,241,847,329
00000168.jpg,991,105,1120,241,848,328
00000169.jpg,992,105,1121,241,844,324
00000170.jpg,992,105,1121,241,848,312
00000171.jpg,993,105,1122,241,860,295
00000172.jpg,993,105,1122,241,864,271
00000173.jpg,993,105,1122,241,871,252
00000174.jpg,994,105,1123,241,689,225
00000175.jpg,994,106,1123,242,689,224
00000176.jpg,994,106,1123,242,690,226
00000177.jpg,994,106,1123,242,690,223
00000178.jpg,993,106,1122,242,690,223
00000179.jpg,993,106,1122,242,690,223
00000180.jpg,993,106,1122,242,689,223
00000181.jpg,992,106,1121,242,689,223
00000182.jpg,991,107,1120,243,689,223
00000183.jpg,990,107,1119,243,689,223
00000184.jpg,989,107,1118,243,689,223
00000185.jpg,988,107,1117,243,689,223
00000186.jpg,987,107,1116,243,689,223
00000187.jpg,986,106,1115,242,689,223
00000188.jpg,986,106,1115,242,689,223
00000189.jpg,985,106,1114,242,689,223
00000190.jpg,986,106,1115,242,689,223
00000191.jpg,986,105,1115,241,689,223
00000192.jpg,987,104,1116,240,689,223
00000193.jpg,987,104,1116,240,689,223
00000194.jpg,987,104,1116,240,203,246
00000195.jpg,987,104,1116,240,202,246
00000196.jpg,986,104,1115,240,204,246
00000197.jpg,985,104,1114,240,203,246
00000198.jpg,985,104,1114,240,206,246
00000199.jpg,985,104,1114,240,203,245
00000200.jpg,985,104,1114,240,205,248
00000201.jpg,984,104,1113,240,204,249
00000202.jpg,983,104,1112,240,202,249
00000203.jpg,981,105,1110,241,202,247
00000204.jpg,980,105,1109,241,203,250
00000205.jpg,979,106,1108,242,200,246
00000206.jpg,978,106,1107,242,201,250
00000207.jpg,978,106,1107,242,201,248
00000208.jpg,976,107,1105,243,665,224
00000209.jpg,976,107,1105,243,669,225
00000210.jpg,975,108,1104,244,667,226
00000211.jpg,974,108,1103,244,666,227
00000212.jpg,974,108,1103,244,667,226
00000213.jpg,973,108,1102,244,665,224
00000214.jpg,973,108,1102,244,665,223
00000215.jpg,973,108,1102,244,665,225
00000216.jpg,973,108,1102,244,668,225
00000217.jpg,973,108,1102,244,667,224
00000218.jpg,973,108,1102,244,666,225
00000219.jpg,973,109,1102,245,667,226
00000220.jpg,973,109,1102,245,664,226
00000221.jpg,972,109,1101,245,666,226
00000222.jpg,972,109,1101,245,665,225
00000223.jpg,972,109,1101,245,666,226
00000224.jpg,972,109,1101,245,667,224
00000225.jpg,972,109,1101,245,665,225
00000226.jpg,972,109,1101,245,662,225
00000227.jpg,972,109,1101,245,662,227
00000228.jpg,972,109,1101,245,661,225
00000229.jpg,972,109,1101,245,661,226
00000230.jpg,972,109,1101,245,663,226
00000231.jpg,972,109,1101,245,661,226
00000232.jpg,972,109,1101,245,661,225
00000233.jpg,972,109,1101,245,661,226
00000234.jpg,972,109,1101,245,661,227
00000235.jpg,973,109,1102,245,659,228
00000236.jpg,973,109,1102,245,658,228
00000237.jpg,973,109,1102,245,657,229
00000238.jpg,973,109,1102,245,657,226
00000239.jpg,973,109,1102,245,657,229
00000240.jpg,974,108,1103,244,652,228
00000241.jpg,974,108,1103,244,673,228
00000242.jpg,974,108,1103,244,674,228
00000243.jpg,974,108,1103,244,670,227
00000244.jpg,974,108,1103,244,670,229
00000245.jpg,974,108,1103,244,670,228
00000246.jpg,975,108,1104,244,664,228
00000247.jpg,975,108,1104,244,657,228
00000248.jpg,975,108,1104,244,654,229
00000249.jpg,975,108,1104,244,650,227
00000250.jpg,975,108,1104,244,647,229
