00000001.jpg,789,150,889,272,781,252
00000002.jpg,789,150,889,272,781,252
00000003.jpg,789,150,889,272,781,252
00000004.jpg,789,150,889,272,783,255
00000005.jpg,789,151,889,273,783,255
00000006.jpg,789,151,889,273,783,255
00000007.jpg,789,151,889,273,783,255
00000008.jpg,789,151,889,273,783,255
00000009.jpg,789,152,889,274,783,255
00000010.jpg,789,152,889,274,783,255
00000011.jpg,789,153,889,275,783,255
00000012.jpg,789,153,889,275,783,255
00000013.jpg,789,153,889,275,783,255
00000014.jpg,789,154,889,276,783,255
00000015.jpg,790,155,890,277,783,255
00000016.jpg,789,155,889,277,783,255
00000017.jpg,789,155,889,277,783,255
00000018.jpg,789,155,889,277,777,256
00000019.jpg,789,155,889,277,777,256
00000020.jpg,790,155,890,277,777,256
00000021.jpg,790,155,890,277,777,256
00000022.jpg,789,151,889,273,777,256
00000023.jpg,789,151,889,273,777,256
00000024.jpg,789,151,889,273,-1,-1
00000025.jpg,789,151,889,273,-1,-1
00000026.jpg,789,151,889,273,-1,-1
00000027.jpg,789,151,889,273,-1,-1
00000028.jpg,789,151,889,273,-1,-1
00000029.jpg,789,151,889,273,767,259
00000030.jpg,789,150,889,272,767,259
00000031.jpg,790,150,890,272,764,269
00000032.jpg,794,149,894,271,749,267
00000033.jpg,789,150,889,272,749,267
00000034.jpg,789,149,889,271,764,277
00000035.jpg,798,156,894,266,794,309
00000036.jpg,798,156,894,266,794,313
00000037.jpg,798,156,894,266,797,314
00000038.jpg,799,155,895,265,806,314
00000039.jpg,800,154,896,264,810,314
00000040.jpg,802,153,898,263,810,314
00000041.jpg,804,154,900,264,812,314
00000042.jpg,806,154,902,264,812,314
00000043.jpg,808,155,904,265,812,314
00000044.jpg,809,156,905,266,812,314
00000045.jpg,809,157,905,267,812,314
00000046.jpg,809,157,905,267,813,314
00000047.jpg,809,157,905,267,813,314
00000048.jpg,817,159,913,269,813,314
00000049.jpg,819,158,915,268,813,314
00000050.jpg,819,158,915,268,813,314
00000051.jpg,821,141,923,266,813,314
00000052.jpg,821,141,923,266,813,314
00000053.jpg,822,141,924,266,813,314
00000054.jpg,822,141,924,266,813,314
00000055.jpg,822,141,924,266,813,314
00000056.jpg,826,141,928,266,813,315
00000057.jpg,827,141,929,266,813,318
00000058.jpg,828,141,930,266,813,319
00000059.jpg,829,141,931,266,813,320
00000060.jpg,829,141,931,266,813,320
00000061.jpg,830,141,932,266,813,322
00000062.jpg,822,135,937,260,813,322
00000063.jpg,822,135,937,260,813,322
00000064.jpg,822,135,937,260,813,322
00000065.jpg,822,135,937,260,813,322
00000066.jpg,822,135,937,260,813,322
00000067.jpg,821,135,936,260,813,322
00000068.jpg,821,135,936,260,813,322
00000069.jpg,821,135,936,260,813,322
00000070.jpg,821,135,936,260,813,322
00000071.jpg,821,135,936,260,813,322
00000072.jpg,822,135,937,260,813,322
00000073.jpg,822,135,937,260,813,322
00000074.jpg,822,135,937,260,813,322
00000075.jpg,822,135,937,260,813,322
00000076.jpg,822,135,937,260,813,322
00000077.jpg,822,135,937,260,813,322
00000078.jpg,822,135,937,260,813,322
00000079.jpg,817,146,930,265,813,322
00000080.jpg,817,146,930,265,813,322
00000081.jpg,817,146,930,265,813,322
00000082.jpg,817,146,930,265,813,322
00000083.jpg,816,146,929,265,813,322
00000084.jpg,816,146,929,265,813,322
00000085.jpg,816,146,929,265,813,322
00000086.jpg,816,146,929,265,813,322
00000087.jpg,816,146,929,265,813,322
00000088.jpg,816,146,929,265,813,322
00000089.jpg,816,146,929,265,813,322
00000090.jpg,815,146,928,265,813,322
00000091.jpg,815,146,928,265,813,322
00000092.jpg,815,146,928,265,813,322
00000093.jpg,815,146,928,265,813,322
00000094.jpg,815,146,928,265,813,322
00000095.jpg,815,145,928,264,813,322
00000096.jpg,815,145,928,264,704,326
00000097.jpg,816,146,929,265,704,328
00000098.jpg,816,146,929,265,705,328
00000099.jpg,816,145,929,264,701,329
00000100.jpg,816,146,929,265,701,326
00000101.jpg,816,146,929,265,700,325
00000102.jpg,816,146,929,265,695,323
00000103.jpg,816,146,929,265,696,325
00000104.jpg,816,146,929,265,692,326
00000105.jpg,816,146,929,265,697,326
00000106.jpg,816,146,929,265,697,328
00000107.jpg,816,146,929,265,698,327
00000108.jpg,816,146,929,265,697,327
00000109.jpg,816,146,929,265,697,327
00000110.jpg,816,146,929,265,697,327
00000111.jpg,816,146,929,265,697,327
00000112.jpg,816,146,929,265,697,327
00000113.jpg,816,145,929,264,697,327
00000114.jpg,816,145,929,264,697,327
00000115.jpg,816,145,929,264,697,327
00000116.jpg,816,145,929,264,697,327
00000117.jpg,816,145,929,264,697,327
00000118.jpg,816,145,929,264,697,327
00000119.jpg,816,145,929,264,697,327
00000120.jpg,799,135,916,263,697,327
00000121.jpg,799,135,916,263,697,327
00000122.jpg,799,135,916,263,697,327
00000123.jpg,799,135,916,263,697,327
00000124.jpg,798,135,915,263,697,327
00000125.jpg,798,135,915,263,697,326
00000126.jpg,798,135,915,263,697,326
00000127.jpg,799,135,916,263,697,326
00000128.jpg,799,135,916,263,697,326
00000129.jpg,799,135,916,263,697,326
00000130.jpg,799,135,916,263,697,326
00000131.jpg,799,135,916,263,697,326
00000132.jpg,799,135,916,263,697,326
00000133.jpg,799,135,916,263,697,326
00000134.jpg,799,135,916,263,697,325
00000135.jpg,796,146,911,263,687,324
00000136.jpg,796,146,911,263,687,324
00000137.jpg,796,146,911,263,687,324
00000138.jpg,796,146,911,263,687,324
00000139.jpg,796,146,911,263,684,324
00000140.jpg,796,146,911,263,683,323
00000141.jpg,796,146,911,263,677,323
00000142.jpg,796,146,911,263,672,322
00000143.jpg,796,146,911,263,672,322
00000144.jpg,795,145,910,262,672,322
00000145.jpg,795,145,910,262,672,322
00000146.jpg,795,145,910,262,672,322
00000147.jpg,795,145,910,262,672,322
00000148.jpg,795,145,910,262,672,322
00000149.jpg,796,146,911,263,680,326
00000150.jpg,796,146,911,263,683,329
00000151.jpg,796,146,911,263,673,326
00000152.jpg,796,146,911,263,673,326
00000153.jpg,796,146,911,263,673,326
00000154.jpg,796,146,911,263,673,326
00000155.jpg,796,146,911,263,673,326
00000156.jpg,796,146,911,263,673,326
00000157.jpg,796,146,911,263,673,326
00000158.jpg,796,146,911,263,673,326
00000159.jpg,796,146,911,263,673,326
00000160.jpg,796,146,911,263,673,326
00000161.jpg,796,146,911,263,673,326
00000162.jpg,796,146,911,263,673,326
00000163.jpg,796,146,911,263,673,326
00000164.jpg,796,146,911,263,673,326
00000165.jpg,796,146,911,263,673,326
00000166.jpg,796,146,911,263,673,326
00000167.jpg,796,146,911,263,673,326
00000168.jpg,796,146,911,263,673,326
00000169.jpg,789,149,904,266,673,326
00000170.jpg,789,149,904,266,673,326
00000171.jpg,796,146,911,263,673,326
00000172.jpg,796,146,911,263,673,326
00000173.jpg,788,150,903,267,673,326
00000174.jpg,788,153,898,269,673,326
00000175.jpg,788,153,898,269,673,326
00000176.jpg,788,153,898,269,673,326
00000177.jpg,788,153,898,269,673,326
00000178.jpg,788,153,898,269,673,326
00000179.jpg,788,153,898,269,678,326
00000180.jpg,787,153,897,269,678,326
00000181.jpg,787,153,897,269,678,326
00000182.jpg,787,153,897,269,678,326
00000183.jpg,787,153,897,269,678,326
00000184.jpg,787,153,897,269,678,326
00000185.jpg,788,153,898,269,678,326
00000186.jpg,788,153,898,269,678,326
00000187.jpg,788,153,898,269,678,326
00000188.jpg,788,153,898,269,678,326
00000189.jpg,788,153,898,269,678,326
00000190.jpg,788,153,898,269,678,326
00000191.jpg,788,153,898,269,678,326
00000192.jpg,788,153,898,269,678,326
00000193.jpg,788,153,898,269,678,326
00000194.jpg,788,153,898,269,678,326
00000195.jpg,789,153,899,269,678,326
00000196.jpg,789,153,899,269,678,326
00000197.jpg,789,153,899,269,678,326
00000198.jpg,789,153,899,269,678,326
00000199.jpg,789,153,899,269,678,326
00000200.jpg,789,153,899,269,678,326
00000201.jpg,789,153,899,269,678,326
00000202.jpg,789,153,899,269,678,326
00000203.jpg,789,153,899,269,678,326
00000204.jpg,789,153,899,269,678,326
00000205.jpg,789,153,899,269,678,326
00000206.jpg,789,153,899,269,678,326
00000207.jpg,789,154,899,270,678,326
00000208.jpg,788,153,898,269,678,326
00000209.jpg,788,153,898,269,835,326
00000210.jpg,788,153,898,269,842,326
00000211.jpg,788,153,898,269,844,327
00000212.jpg,788,153,898,269,842,329
00000213.jpg,787,162,899,277,833,329
00000214.jpg,787,162,899,277,833,329
00000215.jpg,787,162,899,277,833,329
00000216.jpg,786,162,898,277,833,329
00000217.jpg,786,162,898,277,833,329
00000218.jpg,785,162,897,277,833,329
00000219.jpg,783,162,895,277,833,329
00000220.jpg,781,162,893,277,680,334
00000221.jpg,780,161,892,276,678,334
00000222.jpg,779,161,891,276,680,335
00000223.jpg,778,161,890,276,683,336
00000224.jpg,776,162,888,277,683,332
00000225.jpg,776,162,888,277,690,330
00000226.jpg,776,162,888,277,693,329
00000227.jpg,775,162,887,277,697,322
00000228.jpg,775,163,887,278,697,321
00000229.jpg,775,163,887,278,698,315
00000230.jpg,775,163,887,278,700,315
00000231.jpg,775,164,887,279,700,312
00000232.jpg,775,164,887,279,702,309
00000233.jpg,776,164,888,279,703,306
00000234.jpg,776,164,888,279,712,305
00000235.jpg,776,165,888,280,716,305
00000236.jpg,777,165,889,280,721,305
00000237.jpg,780,164,892,279,727,305
00000238.jpg,780,165,892,280,743,295
00000239.jpg,781,165,893,280,747,296
00000240.jpg,785,162,897,277,759,296
00000241.jpg,786,162,898,277,771,293
00000242.jpg,786,162,898,277,776,293
00000243.jpg,786,163,898,278,779,293
00000244.jpg,787,163,899,278,788,293
00000245.jpg,787,163,899,278,791,293
00000246.jpg,787,163,899,278,798,295
00000247.jpg,787,163,899,278,823,295
00000248.jpg,787,163,899,278,823,295
00000249.jpg,790,172,902,287,823,295
00000250.jpg,790,172,902,287,823,295
