00007336.jpg,333,3,572,255,736,189
00007337.jpg,333,3,572,255,738,190
00007338.jpg,326,5,565,257,740,191
00007339.jpg,316,8,555,260,738,193
00007340.jpg,304,12,543,264,740,195
00007341.jpg,291,13,534,273,740,195
00007342.jpg,291,13,534,273,740,195
00007343.jpg,279,11,522,271,740,196
00007344.jpg,266,7,509,267,740,196
00007345.jpg,247,6,505,266,740,196
00007346.jpg,247,6,505,266,738,198
00007347.jpg,241,5,499,265,738,198
00007348.jpg,235,6,493,266,738,198
00007349.jpg,230,6,488,266,737,198
00007350.jpg,217,2,490,267,732,198
00007351.jpg,217,2,490,267,732,198
00007352.jpg,214,1,487,266,732,198
00007353.jpg,212,1,485,266,725,200
00007354.jpg,211,2,484,267,725,200
00007355.jpg,210,3,483,268,725,200
00007356.jpg,211,4,484,269,721,203
00007357.jpg,214,4,487,269,721,204
00007358.jpg,217,5,490,270,721,204
00007359.jpg,221,6,494,271,721,204
00007360.jpg,226,6,499,271,722,204
00007361.jpg,230,7,503,272,722,204
00007362.jpg,235,7,508,272,726,203
00007363.jpg,240,7,513,272,726,203
00007364.jpg,245,7,518,272,726,203
00007365.jpg,249,7,522,272,727,200
00007366.jpg,252,8,525,273,727,200
00007367.jpg,256,8,529,273,727,200
00007368.jpg,260,8,533,273,727,200
00007369.jpg,263,7,536,272,727,200
00007370.jpg,267,7,540,272,727,200
00007371.jpg,270,8,543,273,727,200
00007372.jpg,272,10,545,275,727,200
00007373.jpg,275,13,548,278,723,198
00007374.jpg,276,14,549,279,723,198
00007375.jpg,277,15,550,280,713,196
00007376.jpg,277,14,550,279,707,195
00007377.jpg,277,13,550,278,701,193
00007378.jpg,277,12,550,277,697,191
00007379.jpg,276,12,549,277,691,191
00007380.jpg,276,13,549,278,-1,-1
00007381.jpg,276,14,549,279,-1,-1
00007382.jpg,274,15,547,280,-1,-1
00007383.jpg,272,16,545,281,-1,-1
00007384.jpg,268,18,541,283,-1,-1
00007385.jpg,268,18,541,283,-1,-1
