00020307.jpg,188,73,393,269,987,176
00020308.jpg,183,73,392,269,990,176
00020309.jpg,183,74,387,268,990,176
00020310.jpg,181,76,387,269,990,176
00020311.jpg,180,75,388,272,990,175
00020312.jpg,178,76,389,272,990,174
00020313.jpg,178,77,388,274,990,174
00020314.jpg,177,77,387,273,990,174
00020315.jpg,178,77,385,270,990,174
00020316.jpg,179,77,383,268,990,174
00020317.jpg,179,77,381,267,990,174
00020318.jpg,181,77,379,264,992,173
00020319.jpg,180,75,380,263,992,173
00020320.jpg,180,74,381,262,992,173
00020321.jpg,179,75,380,262,992,173
00020322.jpg,180,74,380,262,992,173
00020323.jpg,180,73,380,261,992,173
00020324.jpg,180,74,379,261,992,173
00020325.jpg,180,73,380,261,992,173
00020326.jpg,179,74,380,261,992,173
00020327.jpg,179,73,382,261,992,173
00020328.jpg,180,75,381,262,992,173
00020329.jpg,179,76,381,264,992,173
00020330.jpg,178,75,382,265,992,173
00020331.jpg,178,76,383,266,992,173
00020332.jpg,178,76,382,265,992,173
00020333.jpg,178,76,382,264,992,173
00020334.jpg,179,76,382,264,992,173
00020335.jpg,180,77,381,262,992,173
00020336.jpg,180,77,382,264,992,173
00020337.jpg,180,76,379,262,992,173
00020338.jpg,180,76,378,261,992,173
00020339.jpg,179,76,377,262,992,173
00020340.jpg,178,76,374,259,992,173
00020341.jpg,180,78,371,258,992,173
00020342.jpg,178,76,372,258,992,173
00020343.jpg,179,75,371,256,976,188
00020344.jpg,182,76,372,257,-1,-1
00020345.jpg,184,75,373,258,-1,-1
00020346.jpg,184,75,373,259,-1,-1
00020347.jpg,183,76,371,259,-1,-1
00020348.jpg,182,74,373,261,-1,-1
00020349.jpg,183,76,369,260,-1,-1
00020350.jpg,181,77,368,262,-1,-1
00020351.jpg,180,77,370,264,-1,-1
00020352.jpg,180,77,370,263,-1,-1
00020353.jpg,181,79,368,261,-1,-1
00020354.jpg,182,79,368,260,-1,-1
00020355.jpg,184,80,366,260,-1,-1
00020356.jpg,185,80,368,257,-1,-1
00020357.jpg,182,81,368,258,-1,-1
00020358.jpg,180,81,366,258,984,207
00020359.jpg,180,78,364,254,992,180
00020360.jpg,179,79,365,257,995,178
00020361.jpg,179,79,365,257,996,177
00020362.jpg,179,79,365,258,997,176
00020363.jpg,178,79,365,260,999,175
00020364.jpg,178,79,367,261,1000,172
00020365.jpg,178,78,368,261,1000,171
00020366.jpg,177,78,369,262,1000,171
00020367.jpg,176,78,369,263,1000,171
00020368.jpg,177,78,370,264,1000,171
00020369.jpg,176,79,369,264,1000,171
00020370.jpg,176,79,368,264,1000,171
00020371.jpg,176,78,367,264,1000,171
00020372.jpg,176,78,365,261,1000,171
00020373.jpg,175,77,367,262,1000,171
00020374.jpg,174,77,367,262,1000,171
00020375.jpg,174,77,367,261,1000,171
00020376.jpg,174,77,366,261,1000,171
00020377.jpg,175,78,366,260,1000,171
00020378.jpg,174,78,365,260,1000,171
00020379.jpg,174,78,366,260,1000,171
00020380.jpg,173,78,365,261,1000,171
00020381.jpg,173,79,364,261,1000,171
00020382.jpg,174,79,363,261,1000,171
00020383.jpg,173,79,362,261,1000,171
00020384.jpg,173,78,362,260,1000,171
00020385.jpg,173,79,361,259,1000,171
00020386.jpg,174,80,360,258,1000,171
00020387.jpg,173,79,361,258,1000,171
00020388.jpg,174,79,360,258,1000,171
00020389.jpg,174,79,360,258,1000,171
00020390.jpg,175,80,360,257,1000,171
00020391.jpg,175,80,359,256,1000,171
00020392.jpg,174,78,360,257,1000,171
00020393.jpg,174,78,360,257,1000,171
00020394.jpg,175,78,360,256,1000,171
00020395.jpg,175,78,360,257,1000,171
00020396.jpg,175,79,359,257,1000,171
00020397.jpg,175,79,360,257,1000,171
00020398.jpg,174,79,360,258,1000,171
00020399.jpg,174,79,361,258,1000,171
00020400.jpg,174,78,360,258,1000,171
00020401.jpg,174,78,361,259,1000,171
00020402.jpg,174,78,361,258,1000,171
00020403.jpg,174,78,361,258,1000,171
00020404.jpg,173,78,361,258,1000,171
00020405.jpg,173,78,362,259,1000,171
00020406.jpg,174,78,361,258,1000,171
00020407.jpg,174,78,361,258,1000,171
00020408.jpg,175,78,360,257,1000,171
00020409.jpg,174,78,360,257,1000,171
00020410.jpg,174,78,361,257,1000,171
00020411.jpg,174,78,361,258,1000,171
00020412.jpg,174,78,361,257,1000,171
00020413.jpg,173,79,361,257,1000,171
00020414.jpg,173,79,361,256,1000,171
00020415.jpg,173,78,361,256,998,169
00020416.jpg,173,78,360,256,998,169
00020417.jpg,173,79,359,255,998,169
00020418.jpg,174,79,358,254,998,169
00020419.jpg,174,79,359,255,998,169
00020420.jpg,176,79,358,253,998,167
00020421.jpg,176,79,357,253,998,167
00020422.jpg,176,79,358,253,998,167
00020423.jpg,176,78,358,253,998,167
00020424.jpg,176,78,358,252,998,166
00020425.jpg,176,78,358,253,998,164
00020426.jpg,176,78,358,252,999,162
00020427.jpg,177,79,357,252,1000,161
00020428.jpg,176,78,357,251,1000,161
00020429.jpg,176,79,358,252,997,160
00020430.jpg,175,78,359,252,994,160
00020431.jpg,176,79,359,252,994,160
00020432.jpg,175,79,358,252,994,160
00020433.jpg,176,78,359,252,994,160
00020434.jpg,176,78,359,251,994,160
00020435.jpg,176,78,359,252,994,160
00020436.jpg,175,78,359,253,994,160
00020437.jpg,175,79,360,253,994,160
00020438.jpg,175,78,360,252,994,160
00020439.jpg,175,78,361,252,994,160
00020440.jpg,175,78,361,253,994,160
00020441.jpg,175,77,363,253,994,160
00020442.jpg,175,78,362,252,994,160
00020443.jpg,176,78,363,252,994,160
00020444.jpg,175,77,363,252,994,160
00020445.jpg,174,76,364,253,994,160
00020446.jpg,174,76,364,252,994,160
00020447.jpg,174,76,364,252,994,160
00020448.jpg,173,76,364,252,994,160
00020449.jpg,173,76,364,253,994,160
00020450.jpg,174,76,364,252,994,160
00020451.jpg,173,76,364,253,994,160
00020452.jpg,174,77,363,252,994,160
00020453.jpg,173,76,364,253,994,160
00020454.jpg,173,76,364,253,994,160
00020455.jpg,173,76,364,253,994,160
00020456.jpg,173,75,365,253,994,160
00020457.jpg,173,75,365,253,994,160
00020458.jpg,173,75,364,253,994,160
00020459.jpg,173,75,364,252,994,160
00020460.jpg,174,75,364,252,994,160
00020461.jpg,173,75,366,252,994,160
00020462.jpg,174,75,365,251,994,160
00020463.jpg,174,74,366,252,994,160
00020464.jpg,174,74,365,251,994,160
00020465.jpg,175,75,364,250,994,160
00020466.jpg,176,74,364,251,994,160
00020467.jpg,176,74,364,249,994,160
00020468.jpg,175,73,365,250,994,160
00020469.jpg,177,74,364,248,994,161
00020470.jpg,178,74,363,248,994,161
00020471.jpg,178,73,363,247,994,161
00020472.jpg,178,74,363,247,994,161
00020473.jpg,178,73,364,247,994,161
00020474.jpg,178,72,363,246,994,161
00020475.jpg,179,73,363,245,994,161
00020476.jpg,180,73,362,244,994,161
00020477.jpg,180,73,363,244,994,161
00020478.jpg,179,72,363,245,994,161
00020479.jpg,179,72,364,244,994,161
00020480.jpg,179,72,364,244,994,161
00020481.jpg,179,72,364,244,994,161
00020482.jpg,179,72,365,245,994,161
00020483.jpg,180,72,366,245,994,161
00020484.jpg,180,72,365,245,994,161
00020485.jpg,180,72,363,244,994,161
00020486.jpg,180,72,363,244,994,161
00020487.jpg,181,73,362,244,993,161
00020488.jpg,181,72,363,244,992,159
00020489.jpg,181,72,364,244,990,156
00020490.jpg,180,72,363,243,989,154
00020491.jpg,180,73,362,243,989,154
00020492.jpg,181,73,362,243,989,154
00020493.jpg,180,72,362,244,986,154
00020494.jpg,180,72,363,245,985,152
00020495.jpg,180,73,362,244,985,150
00020496.jpg,180,73,362,244,985,150
00020497.jpg,181,73,362,244,983,147
00020498.jpg,181,73,362,243,981,145
00020499.jpg,181,73,362,243,980,144
00020500.jpg,181,74,362,243,979,144
00020501.jpg,181,74,361,242,974,144
00020502.jpg,181,74,361,243,971,144
00020503.jpg,181,74,362,243,971,144
00020504.jpg,181,74,362,243,971,144
00020505.jpg,181,74,362,243,967,144
00020506.jpg,181,74,362,242,965,144
00020507.jpg,181,74,363,242,964,144
00020508.jpg,181,74,362,242,962,144
00020509.jpg,181,74,362,243,961,144
00020510.jpg,181,74,361,242,960,144
00020511.jpg,182,74,361,242,958,144
00020512.jpg,182,75,359,242,954,145
00020513.jpg,181,74,361,243,952,146
00020514.jpg,182,74,360,243,948,146
00020515.jpg,181,73,362,243,946,146
00020516.jpg,181,74,361,244,944,146
00020517.jpg,180,74,362,244,941,147
00020518.jpg,181,75,360,243,940,147
00020519.jpg,181,75,360,243,939,147
00020520.jpg,181,74,361,243,937,147
00020521.jpg,181,74,361,243,935,148
00020522.jpg,181,75,360,242,934,148
00020523.jpg,181,76,359,242,933,148
00020524.jpg,182,75,360,243,930,148
00020525.jpg,181,75,360,243,928,148
00020526.jpg,182,75,359,242,927,148
00020527.jpg,181,75,360,243,925,148
00020528.jpg,181,76,360,242,925,148
00020529.jpg,181,75,360,242,925,148
00020530.jpg,182,75,360,243,926,150
00020531.jpg,182,75,360,242,927,152
00020532.jpg,182,75,361,242,927,153
00020533.jpg,182,76,360,242,931,157
00020534.jpg,182,77,360,242,935,157
00020535.jpg,183,77,359,241,938,157
00020536.jpg,182,77,359,241,939,157
00020537.jpg,182,76,361,242,943,157
00020538.jpg,183,76,359,241,945,157
00020539.jpg,182,75,359,241,949,158
00020540.jpg,183,76,359,242,952,159
00020541.jpg,184,75,359,242,959,161
00020542.jpg,183,75,360,242,960,161
00020543.jpg,183,75,360,242,962,163
00020544.jpg,183,75,360,243,965,166
00020545.jpg,184,75,360,242,967,167
00020546.jpg,184,76,360,242,972,170
00020547.jpg,183,75,361,243,975,171
00020548.jpg,183,75,361,243,975,171
00020549.jpg,182,76,361,243,977,173
00020550.jpg,182,75,362,244,978,174
00020551.jpg,182,76,362,245,978,176
00020552.jpg,182,76,363,246,976,178
00020553.jpg,181,76,363,245,973,181
00020554.jpg,181,76,362,246,973,181
00020555.jpg,180,77,362,246,976,186
00020556.jpg,180,76,362,246,976,186
00020557.jpg,181,76,361,245,976,187
00020558.jpg,180,76,362,245,977,186
00020559.jpg,179,76,362,246,978,183
00020560.jpg,179,76,362,246,979,182
00020561.jpg,179,75,362,246,979,182
00020562.jpg,178,75,361,245,979,182
00020563.jpg,179,75,360,243,979,182
00020564.jpg,179,76,358,243,979,182
00020565.jpg,179,75,360,244,979,182
00020566.jpg,179,74,361,244,982,182
00020567.jpg,177,74,362,245,982,186
00020568.jpg,177,73,361,245,982,186
00020569.jpg,177,74,360,244,982,186
00020570.jpg,177,74,360,243,982,186
00020571.jpg,176,75,361,243,982,186
00020572.jpg,176,75,360,243,983,183
00020573.jpg,177,75,358,242,983,182
00020574.jpg,176,75,358,242,980,182
00020575.jpg,175,75,358,242,980,182
00020576.jpg,174,73,358,242,980,182
00020577.jpg,175,76,356,243,979,182
00020578.jpg,175,76,356,243,979,184
00020579.jpg,175,76,357,246,978,186
00020580.jpg,174,75,357,245,978,186
00020581.jpg,173,74,358,245,974,185
00020582.jpg,172,74,359,244,973,186
00020583.jpg,172,73,359,243,973,186
00020584.jpg,173,74,357,241,973,186
00020585.jpg,173,74,357,241,973,187
00020586.jpg,173,74,356,239,973,187
00020587.jpg,173,74,356,240,973,187
00020588.jpg,173,73,357,240,972,187
00020589.jpg,173,73,358,240,971,187
00020590.jpg,173,73,357,240,971,187
00020591.jpg,172,72,359,241,970,187
00020592.jpg,171,72,359,242,967,189
00020593.jpg,172,72,359,242,966,189
00020594.jpg,172,72,359,242,964,189
00020595.jpg,171,71,360,242,962,189
00020596.jpg,172,72,359,241,961,189
00020597.jpg,172,72,359,242,961,189
00020598.jpg,172,72,359,243,961,189
00020599.jpg,172,71,360,242,958,188
00020600.jpg,172,71,360,243,958,188
00020601.jpg,171,71,360,242,958,188
00020602.jpg,171,70,360,242,958,188
00020603.jpg,171,70,360,242,958,188
00020604.jpg,171,70,359,241,958,188
00020605.jpg,172,70,358,241,958,188
00020606.jpg,172,70,358,241,958,188
00020607.jpg,172,70,358,241,958,188
00020608.jpg,173,71,357,239,958,188
00020609.jpg,173,71,358,239,958,188
00020610.jpg,173,70,358,239,943,185
00020611.jpg,171,69,360,241,941,183
00020612.jpg,171,70,359,240,938,182
00020613.jpg,172,70,359,240,933,182
00020614.jpg,171,69,360,241,931,182
00020615.jpg,171,69,360,241,929,182
00020616.jpg,171,69,359,241,927,183
00020617.jpg,172,70,358,240,925,183
00020618.jpg,172,70,359,241,924,183
00020619.jpg,172,70,359,241,921,183
00020620.jpg,172,70,358,240,919,183
00020621.jpg,172,70,360,241,919,183
00020622.jpg,172,70,360,241,919,183
00020623.jpg,173,70,360,241,919,183
00020624.jpg,172,70,360,241,919,183
00020625.jpg,170,70,363,243,919,183
00020626.jpg,171,70,363,244,919,183
00020627.jpg,171,70,364,244,919,183
00020628.jpg,171,70,364,244,919,182
00020629.jpg,171,70,364,244,919,180
00020630.jpg,171,70,364,244,919,179
00020631.jpg,170,70,364,245,919,177
00020632.jpg,171,71,364,244,919,177
00020633.jpg,171,70,363,243,919,177
00020634.jpg,172,70,362,243,919,177
00020635.jpg,171,70,363,243,919,175
00020636.jpg,170,70,362,242,921,174
00020637.jpg,171,71,361,241,921,174
00020638.jpg,172,71,360,241,921,174
00020639.jpg,172,71,360,241,921,174
00020640.jpg,172,71,360,242,921,174
00020641.jpg,172,71,360,241,921,174
00020642.jpg,173,71,359,241,921,174
00020643.jpg,172,71,359,241,921,174
00020644.jpg,172,71,360,241,921,174
00020645.jpg,172,71,359,240,923,171
00020646.jpg,172,71,358,241,923,168
00020647.jpg,171,71,359,240,921,167
00020648.jpg,171,70,359,240,921,167
00020649.jpg,172,71,358,240,921,167
00020650.jpg,172,71,358,239,921,167
00020651.jpg,172,71,358,239,920,167
00020652.jpg,172,71,357,239,920,167
00020653.jpg,172,71,357,239,922,165
00020654.jpg,172,71,358,239,922,165
00020655.jpg,172,70,358,239,923,165
00020656.jpg,172,70,358,239,923,164
00020657.jpg,172,71,357,239,923,164
00020658.jpg,173,71,357,238,924,163
00020659.jpg,172,70,357,239,924,163
00020660.jpg,173,71,356,238,925,162
00020661.jpg,173,71,356,239,925,162
00020662.jpg,173,71,356,238,925,162
00020663.jpg,172,70,356,238,926,162
00020664.jpg,172,70,357,239,932,163
00020665.jpg,171,70,358,239,932,164
00020666.jpg,172,70,357,239,933,165
00020667.jpg,172,70,358,240,934,167
00020668.jpg,172,70,358,240,931,167
00020669.jpg,173,71,358,240,929,167
00020670.jpg,173,71,357,239,929,167
00020671.jpg,173,70,357,239,928,167
00020672.jpg,174,71,357,237,928,167
00020673.jpg,174,70,357,237,927,166
00020674.jpg,174,69,359,238,927,166
00020675.jpg,175,69,358,238,927,166
00020676.jpg,175,70,358,237,927,166
00020677.jpg,175,70,357,237,930,166
00020678.jpg,176,71,357,236,931,166
00020679.jpg,176,70,357,237,933,164
00020680.jpg,175,69,358,238,934,163
00020681.jpg,176,69,358,237,937,163
00020682.jpg,175,69,357,237,939,162
00020683.jpg,176,69,356,236,943,159
00020684.jpg,176,69,357,235,947,158
00020685.jpg,176,69,357,235,947,158
00020686.jpg,176,69,357,234,947,158
00020687.jpg,176,69,357,234,947,158
00020688.jpg,176,69,358,235,949,157
00020689.jpg,176,68,358,235,949,157
00020690.jpg,176,68,359,236,949,157
00020691.jpg,175,68,360,236,957,154
00020692.jpg,177,68,359,235,957,154
00020693.jpg,176,68,360,235,957,154
00020694.jpg,176,68,360,235,958,154
00020695.jpg,177,68,360,235,962,155
00020696.jpg,177,68,360,235,962,155
00020697.jpg,178,68,360,234,963,155
00020698.jpg,178,68,361,234,963,155
00020699.jpg,178,69,360,234,963,155
00020700.jpg,178,69,360,234,963,155
00020701.jpg,179,69,360,234,963,155
00020702.jpg,179,69,360,234,963,155
00020703.jpg,179,69,360,234,963,155
00020704.jpg,179,69,359,233,964,154
00020705.jpg,179,69,359,233,964,154
00020706.jpg,179,69,359,233,964,154
00020707.jpg,180,69,359,233,964,154
00020708.jpg,180,69,359,233,964,154
00020709.jpg,179,69,359,233,964,154
00020710.jpg,179,69,360,233,964,154
00020711.jpg,179,69,360,233,964,154
00020712.jpg,179,69,360,234,964,154
00020713.jpg,180,69,360,234,964,154
00020714.jpg,180,69,360,234,964,154
00020715.jpg,180,69,360,233,964,154
00020716.jpg,180,69,360,233,964,154
00020717.jpg,180,69,360,233,964,154
00020718.jpg,180,69,359,233,964,154
00020719.jpg,180,69,360,233,964,154
00020720.jpg,180,69,360,233,964,154
00020721.jpg,180,69,360,234,963,155
00020722.jpg,180,69,359,233,998,433
00020723.jpg,180,68,360,234,991,392
00020724.jpg,181,69,359,233,979,347
00020725.jpg,181,69,359,233,976,308
00020726.jpg,181,70,359,233,976,285
00020727.jpg,181,70,359,233,976,251
00020728.jpg,181,70,359,233,980,239
00020729.jpg,180,69,359,234,976,205
00020730.jpg,181,69,359,234,976,189
00020731.jpg,180,69,360,234,984,181
00020732.jpg,181,69,360,234,987,168
00020733.jpg,181,70,360,234,993,154
00020734.jpg,180,69,360,234,992,153
00020735.jpg,181,69,360,234,993,153
00020736.jpg,180,70,360,234,996,149
00020737.jpg,180,70,359,234,996,147
00020738.jpg,180,70,359,234,996,147
00020739.jpg,180,69,360,234,992,147
00020740.jpg,180,70,359,233,987,153
00020741.jpg,180,70,359,233,987,156
00020742.jpg,181,70,360,233,986,156
00020743.jpg,181,70,359,233,983,156
00020744.jpg,181,71,360,234,984,155
00020745.jpg,181,70,360,234,983,155
00020746.jpg,181,71,360,234,980,157
00020747.jpg,181,71,360,234,978,159
00020748.jpg,180,71,360,234,976,163
00020749.jpg,179,70,361,235,974,167
00020750.jpg,179,70,361,235,974,171
00020751.jpg,180,70,361,235,975,187
00020752.jpg,180,71,360,234,975,211
00020753.jpg,180,71,360,234,973,234
00020754.jpg,180,71,360,235,972,265
00020755.jpg,179,70,361,236,974,296
00020756.jpg,180,71,360,235,972,336
00020757.jpg,180,72,359,235,977,383
00020758.jpg,181,73,358,234,986,433
00020759.jpg,180,72,359,235,988,485
00020760.jpg,180,71,359,234,998,539
00020761.jpg,180,75,358,235,1010,592
00020762.jpg,180,76,360,237,-1,-1
00020763.jpg,178,74,361,239,-1,-1
00020764.jpg,176,73,361,240,-1,-1
00020765.jpg,176,74,362,241,-1,-1
00020766.jpg,174,70,366,245,-1,-1
00020767.jpg,174,71,365,246,-1,-1
00020768.jpg,174,71,365,246,-1,-1
00020769.jpg,174,71,365,246,268,382
00020770.jpg,174,73,365,248,268,382
00020771.jpg,174,76,365,251,335,363
00020772.jpg,174,80,365,255,328,362
00020773.jpg,175,84,366,259,334,359
00020774.jpg,175,87,366,262,333,359
00020775.jpg,175,91,366,266,329,359
00020776.jpg,175,93,366,268,330,355
00020777.jpg,175,92,366,267,316,350
00020778.jpg,177,94,368,269,312,345
00020779.jpg,180,98,371,273,308,345
00020780.jpg,183,102,374,277,305,345
00020781.jpg,187,105,378,280,305,345
00020782.jpg,190,107,381,282,321,355
00020783.jpg,192,107,383,282,320,355
00020784.jpg,192,106,383,281,320,355
00020785.jpg,190,107,381,282,317,358
00020786.jpg,188,108,379,283,320,358
00020787.jpg,185,112,376,287,315,358
00020788.jpg,182,115,373,290,308,358
00020789.jpg,177,118,368,293,299,355
00020790.jpg,173,119,364,294,293,355
00020791.jpg,169,118,360,293,289,355
00020792.jpg,166,117,357,292,285,355
00020793.jpg,164,116,355,291,287,358
00020794.jpg,161,114,352,289,283,361
00020795.jpg,159,114,350,289,280,365
00020796.jpg,157,111,348,286,-1,-1
00020797.jpg,155,109,346,284,-1,-1
00020798.jpg,154,107,345,282,-1,-1
00020799.jpg,154,106,345,281,-1,-1
00020800.jpg,162,121,344,309,-1,-1
00020801.jpg,162,121,344,309,-1,-1
00020802.jpg,164,120,346,308,-1,-1
00020803.jpg,166,119,348,307,-1,-1
00020804.jpg,168,119,350,307,-1,-1
00020805.jpg,169,118,351,306,-1,-1
00020806.jpg,170,117,352,305,-1,-1
00020807.jpg,172,117,354,305,-1,-1
00020808.jpg,173,116,355,304,-1,-1
00020809.jpg,174,116,356,304,-1,-1
00020810.jpg,175,116,357,304,-1,-1
00020811.jpg,176,115,358,303,-1,-1
00020812.jpg,176,115,358,303,-1,-1
