00049746.jpg,1051,60,1506,580,440,36
00049747.jpg,1051,60,1506,580,440,36
00049748.jpg,1051,60,1506,580,440,36
00049749.jpg,1051,60,1506,580,440,36
00049750.jpg,1053,59,1508,579,440,36
00049751.jpg,1055,59,1510,579,440,36
00049752.jpg,1057,58,1512,578,440,36
00049753.jpg,1058,58,1513,578,440,36
00049754.jpg,1058,59,1513,579,440,36
00049755.jpg,1058,60,1513,580,440,36
00049756.jpg,1058,60,1513,580,440,36
00049757.jpg,1059,60,1514,580,440,36
00049758.jpg,1059,61,1514,581,442,36
00049759.jpg,1060,61,1515,581,443,36
00049760.jpg,1062,60,1517,580,444,36
00049761.jpg,1064,58,1519,578,448,36
00049762.jpg,1066,57,1521,577,452,36
00049763.jpg,1069,54,1524,574,466,36
00049764.jpg,1070,53,1525,573,470,36
00049765.jpg,1071,50,1526,570,476,36
00049766.jpg,1072,49,1527,569,484,37
00049767.jpg,1071,49,1526,569,499,40
00049768.jpg,1073,48,1528,568,510,40
00049769.jpg,1075,47,1530,567,510,40
00049770.jpg,1078,46,1533,566,510,40
00049771.jpg,1082,46,1537,566,510,40
00049772.jpg,1088,45,1543,565,508,40
00049773.jpg,1094,44,1549,564,506,40
00049774.jpg,1099,43,1554,563,502,40
00049775.jpg,1105,43,1560,563,500,40
00049776.jpg,1110,44,1565,564,402,28
00049777.jpg,1115,45,1570,565,-1,-1
00049778.jpg,1119,46,1574,566,-1,-1
00049779.jpg,1123,48,1578,568,-1,-1
00049780.jpg,1126,49,1581,569,-1,-1
00049781.jpg,1130,50,1585,570,-1,-1
00049782.jpg,1134,50,1589,570,-1,-1
00049783.jpg,1137,50,1592,570,-1,-1
00049784.jpg,1140,49,1595,569,-1,-1
00049785.jpg,1141,49,1596,569,-1,-1
00049786.jpg,1141,50,1596,570,-1,-1
00049787.jpg,1141,51,1596,571,-1,-1
00049788.jpg,1140,52,1595,572,-1,-1
00049789.jpg,1138,53,1593,573,-1,-1
00049790.jpg,1136,53,1591,573,-1,-1
00049791.jpg,1134,53,1589,573,-1,-1
00049792.jpg,1131,52,1586,572,-1,-1
00049793.jpg,1128,51,1583,571,-1,-1
00049794.jpg,1125,50,1580,570,-1,-1
00049795.jpg,1121,49,1576,569,-1,-1
00049796.jpg,1117,47,1572,567,-1,-1
00049797.jpg,1113,43,1568,563,-1,-1
00049798.jpg,1111,39,1566,559,-1,-1
00049799.jpg,1109,36,1564,556,-1,-1
00049800.jpg,1107,36,1562,556,-1,-1
00049801.jpg,1105,37,1560,557,-1,-1
00049802.jpg,1102,39,1557,559,-1,-1
00049803.jpg,1099,40,1554,560,-1,-1
00049804.jpg,1096,40,1551,560,-1,-1
00049805.jpg,1093,39,1548,559,-1,-1
00049806.jpg,1089,38,1544,558,-1,-1
00049807.jpg,1085,36,1540,556,-1,-1
00049808.jpg,1080,34,1535,554,-1,-1
00049809.jpg,1075,32,1530,552,-1,-1
00049810.jpg,1070,31,1525,551,-1,-1
00049811.jpg,1066,30,1521,550,-1,-1
00049812.jpg,1063,30,1518,550,-1,-1
00049813.jpg,1060,32,1515,552,-1,-1
00049814.jpg,1058,33,1513,553,-1,-1
00049815.jpg,1057,33,1512,553,-1,-1
00049816.jpg,1055,34,1510,554,-1,-1
00049817.jpg,1055,34,1510,554,-1,-1
00049818.jpg,1054,35,1509,555,-1,-1
00049819.jpg,1054,37,1509,557,-1,-1
00049820.jpg,1056,32,1511,552,-1,-1
00049821.jpg,1057,32,1512,552,-1,-1
00049822.jpg,1059,35,1514,555,-1,-1
00049823.jpg,1062,39,1517,559,-1,-1
00049824.jpg,1064,44,1519,564,-1,-1
00049825.jpg,1066,49,1521,569,356,57
00049826.jpg,1066,53,1521,573,372,62
00049827.jpg,1064,56,1519,576,391,76
00049828.jpg,1059,60,1514,580,400,81
00049829.jpg,1054,61,1509,581,427,66
00049830.jpg,1050,62,1505,582,436,65
00049831.jpg,1045,63,1500,583,436,64
00049832.jpg,1041,65,1496,585,438,84
00049833.jpg,1039,67,1494,587,438,72
00049834.jpg,1037,68,1492,588,439,70
00049835.jpg,1037,68,1492,588,443,70
00049836.jpg,1037,66,1492,586,442,69
00049837.jpg,1038,64,1493,584,440,68
00049838.jpg,1039,61,1494,581,438,61
00049839.jpg,1040,58,1495,578,436,54
00049840.jpg,1041,56,1496,576,431,49
00049841.jpg,1041,56,1496,576,424,48
