00002817.jpg,1435,118,1692,407,-1,-1
00002818.jpg,1435,118,1692,407,-1,-1
00002819.jpg,1435,118,1692,407,-1,-1
00002820.jpg,1435,118,1692,407,-1,-1
00002821.jpg,1441,117,1698,406,-1,-1
00002822.jpg,1447,116,1704,405,-1,-1
00002823.jpg,1454,114,1711,403,-1,-1
00002824.jpg,1454,114,1711,403,-1,-1
00002825.jpg,1463,113,1720,402,-1,-1
00002826.jpg,1471,111,1728,400,-1,-1
00002827.jpg,1480,107,1737,396,-1,-1
00002828.jpg,1480,107,1737,396,-1,-1
00002829.jpg,1488,103,1745,392,-1,-1
00002830.jpg,1494,98,1751,387,-1,-1
00002831.jpg,1497,95,1754,384,-1,-1
00002832.jpg,1498,93,1755,382,-1,-1
00002833.jpg,1498,93,1755,382,-1,-1
00002834.jpg,1501,90,1758,379,-1,-1
00002835.jpg,1503,88,1760,377,-1,-1
00002836.jpg,1504,87,1761,376,-1,-1
00002837.jpg,1505,86,1762,375,-1,-1
00002838.jpg,1505,86,1762,375,-1,-1
00002839.jpg,1502,86,1786,395,-1,-1
00002840.jpg,1502,86,1786,395,-1,-1
00002841.jpg,1507,89,1791,398,-1,-1
00002842.jpg,1513,91,1797,400,-1,-1
00002843.jpg,1513,91,1797,400,-1,-1
00002844.jpg,1519,93,1803,402,-1,-1
00002845.jpg,1523,94,1807,403,-1,-1
00002846.jpg,1527,93,1811,402,-1,-1
00002847.jpg,1525,91,1804,394,-1,-1
00002848.jpg,1524,91,1804,394,-1,-1
00002849.jpg,1520,86,1804,392,-1,-1
00002850.jpg,1522,83,1808,391,-1,-1
00002851.jpg,1520,82,1810,391,-1,-1
00002852.jpg,1516,81,1808,389,-1,-1
00002853.jpg,1516,81,1808,389,-1,-1
00002854.jpg,1530,79,1814,388,-1,-1
00002855.jpg,1528,79,1812,388,-1,-1
00002856.jpg,1524,78,1808,387,-1,-1
00002857.jpg,1524,78,1808,387,-1,-1
00002858.jpg,1521,77,1805,386,-1,-1
00002859.jpg,1517,76,1801,385,541,364
00002860.jpg,1515,77,1799,386,553,364
00002861.jpg,1514,80,1798,389,564,370
00002862.jpg,1514,80,1798,389,564,370
00002863.jpg,1514,84,1798,393,572,376
00002864.jpg,1515,86,1799,395,572,380
00002865.jpg,1516,86,1800,395,569,380
00002866.jpg,1514,86,1798,395,562,386
00002867.jpg,1514,86,1798,395,561,386
00002868.jpg,1512,86,1796,395,557,392
00002869.jpg,1509,87,1793,396,550,396
00002870.jpg,1507,86,1791,395,549,401
00002871.jpg,1506,84,1790,393,553,401
00002872.jpg,1506,84,1790,393,554,398
00002873.jpg,1506,84,1790,393,558,398
00002874.jpg,1508,86,1792,395,562,398
00002875.jpg,1508,86,1792,395,562,397
00002876.jpg,1509,89,1793,398,566,400
00002877.jpg,1509,89,1793,398,568,398
00002878.jpg,1509,89,1793,398,568,400
