00002817.jpg,311,223,605,536,842,226
00002818.jpg,311,223,605,536,850,225
00002819.jpg,311,223,605,536,850,225
00002820.jpg,311,223,605,536,856,226
00002821.jpg,311,226,605,539,862,228
00002822.jpg,309,228,603,541,868,229
00002823.jpg,307,227,601,540,869,232
00002824.jpg,307,227,601,540,869,232
00002825.jpg,307,226,601,539,874,229
00002826.jpg,309,226,603,539,878,224
00002827.jpg,307,225,601,538,882,218
00002828.jpg,307,225,601,538,881,221
00002829.jpg,302,222,596,535,882,220
00002830.jpg,281,217,575,530,881,217
00002831.jpg,262,216,556,529,876,216
00002832.jpg,249,216,543,529,874,214
00002833.jpg,249,216,543,529,874,214
00002834.jpg,242,217,536,530,872,213
00002835.jpg,240,221,534,534,870,214
00002836.jpg,221,213,523,524,865,214
00002837.jpg,221,213,523,524,861,216
00002838.jpg,221,213,523,524,861,216
00002839.jpg,223,219,525,530,1576,252
00002840.jpg,230,221,532,532,1581,250
00002841.jpg,222,239,538,565,1592,254
00002842.jpg,222,239,538,565,1601,258
00002843.jpg,222,239,538,565,1601,256
00002844.jpg,227,243,543,569,1609,261
00002845.jpg,235,245,551,571,1614,260
00002846.jpg,239,244,555,570,1622,260
00002847.jpg,242,242,558,568,1622,262
00002848.jpg,242,242,558,568,1622,262
00002849.jpg,245,240,561,566,1620,258
00002850.jpg,249,239,565,565,1620,253
00002851.jpg,256,241,572,567,1620,250
00002852.jpg,261,242,577,568,1620,250
00002853.jpg,261,242,577,568,1620,246
00002854.jpg,265,243,581,569,1614,245
00002855.jpg,271,242,587,568,1612,241
00002856.jpg,281,238,597,564,1602,238
00002857.jpg,281,238,597,564,1602,238
00002858.jpg,291,231,607,557,1598,236
00002859.jpg,298,228,614,554,1596,234
00002860.jpg,304,228,620,554,1589,234
00002861.jpg,308,234,624,560,1585,234
00002862.jpg,308,234,624,560,1585,234
00002863.jpg,311,239,627,565,1584,240
00002864.jpg,313,240,629,566,1581,246
00002865.jpg,311,241,627,567,1581,246
00002866.jpg,308,245,624,571,1576,245
00002867.jpg,308,245,624,571,1574,245
00002868.jpg,301,250,617,576,1572,245
00002869.jpg,295,253,611,579,1570,245
00002870.jpg,293,252,609,578,1569,242
00002871.jpg,295,249,611,575,1565,240
00002872.jpg,295,249,611,575,1566,241
00002873.jpg,298,250,614,576,1566,241
00002874.jpg,303,252,619,578,1566,241
00002875.jpg,303,252,619,578,1566,241
00002876.jpg,307,256,623,582,1569,242
00002877.jpg,307,256,623,582,1569,242
00002878.jpg,307,256,623,582,1572,244
