00000001.jpg,419,49,520,156,895,234
00000002.jpg,431,50,528,149,895,234
00000003.jpg,431,50,528,149,895,233
00000004.jpg,452,55,541,149,889,232
00000005.jpg,460,55,559,152,886,228
00000006.jpg,470,52,570,158,886,228
00000007.jpg,482,53,577,157,885,227
00000008.jpg,485,56,585,152,880,223
00000009.jpg,503,56,597,160,876,223
00000010.jpg,503,56,597,160,874,223
00000011.jpg,511,56,605,160,872,222
00000012.jpg,521,56,615,160,867,222
00000013.jpg,534,55,628,159,861,221
00000014.jpg,541,55,635,159,860,221
00000015.jpg,552,55,646,159,858,221
00000016.jpg,569,50,669,162,857,222
00000017.jpg,577,53,680,160,856,222
00000018.jpg,590,54,694,164,849,222
00000019.jpg,596,53,705,168,849,222
00000020.jpg,603,54,714,175,842,221
00000021.jpg,609,56,726,174,839,221
00000022.jpg,624,56,726,172,-1,-1
00000023.jpg,632,60,740,183,-1,-1
00000024.jpg,641,60,749,185,-1,-1
00000025.jpg,647,58,750,182,-1,-1
00000026.jpg,651,61,758,181,699,269
00000027.jpg,651,61,758,181,687,279
00000028.jpg,657,64,763,185,678,286
00000029.jpg,657,64,763,185,664,298
00000030.jpg,658,66,764,187,656,305
00000031.jpg,658,70,764,191,653,312
00000032.jpg,658,72,764,193,646,317
00000033.jpg,656,74,762,195,638,324
00000034.jpg,654,76,760,197,630,332
00000035.jpg,651,79,757,200,616,343
00000036.jpg,650,81,756,202,608,355
00000037.jpg,648,82,754,203,602,365
00000038.jpg,661,83,771,205,601,367
00000039.jpg,661,83,771,205,600,377
00000040.jpg,660,84,770,206,599,382
00000041.jpg,658,84,768,206,598,385
00000042.jpg,655,85,765,207,592,398
00000043.jpg,653,85,763,207,599,398
00000044.jpg,651,85,761,207,596,398
00000045.jpg,649,87,759,209,596,398
00000046.jpg,646,88,756,210,596,398
00000047.jpg,643,89,753,211,596,398
00000048.jpg,640,90,750,212,596,398
00000049.jpg,637,91,747,213,596,398
00000050.jpg,634,92,744,214,596,398
00000051.jpg,631,94,741,216,596,398
00000052.jpg,629,96,739,218,596,398
00000053.jpg,625,99,735,221,596,398
00000054.jpg,622,103,732,225,596,398
00000055.jpg,620,106,730,228,587,397
00000056.jpg,617,108,727,230,585,397
00000057.jpg,613,110,723,232,584,397
00000058.jpg,610,111,720,233,584,397
00000059.jpg,607,113,717,235,584,397
00000060.jpg,604,113,714,235,584,397
00000061.jpg,601,113,711,235,582,396
00000062.jpg,599,112,709,234,586,396
00000063.jpg,597,112,707,234,590,396
00000064.jpg,595,112,705,234,598,397
00000065.jpg,594,111,704,233,602,397
00000066.jpg,593,111,703,233,595,397
00000067.jpg,593,110,703,232,594,397
00000068.jpg,593,109,703,231,592,397
00000069.jpg,594,107,704,229,592,397
00000070.jpg,595,106,705,228,592,397
00000071.jpg,597,104,707,226,592,397
00000072.jpg,600,101,710,223,592,397
00000073.jpg,602,99,712,221,592,397
00000074.jpg,606,96,716,218,592,397
00000075.jpg,610,93,720,215,592,397
00000076.jpg,615,90,725,212,592,397
00000077.jpg,619,87,729,209,592,397
00000078.jpg,624,84,734,206,592,397
00000079.jpg,629,82,739,204,592,397
00000080.jpg,635,80,745,202,592,397
00000081.jpg,643,78,753,200,592,397
00000082.jpg,650,76,760,198,592,397
00000083.jpg,656,74,766,196,592,397
00000084.jpg,661,71,771,193,592,397
00000085.jpg,664,67,774,189,592,397
00000086.jpg,666,64,776,186,592,397
00000087.jpg,668,63,778,185,592,397
00000088.jpg,672,61,782,183,592,397
00000089.jpg,672,59,782,181,592,397
00000090.jpg,662,61,778,175,592,397
00000091.jpg,659,59,775,173,660,409
00000092.jpg,657,58,773,172,795,237
00000093.jpg,651,57,767,171,795,235
00000094.jpg,645,57,761,171,793,235
00000095.jpg,636,57,752,171,793,235
00000096.jpg,628,56,744,170,793,235
00000097.jpg,617,54,733,168,793,235
00000098.jpg,605,51,721,165,793,235
00000099.jpg,588,47,696,166,793,235
00000100.jpg,588,47,696,166,793,235
00000101.jpg,575,45,683,164,496,220
00000102.jpg,563,43,671,162,503,239
00000103.jpg,550,43,656,158,134,261
00000104.jpg,533,41,654,160,132,261
00000105.jpg,528,43,628,154,132,259
00000106.jpg,516,43,619,156,132,259
00000107.jpg,501,45,607,158,137,255
00000108.jpg,488,48,591,159,142,254
00000109.jpg,482,49,579,151,148,254
00000110.jpg,470,49,571,159,155,254
00000111.jpg,458,43,558,158,156,254
00000112.jpg,448,45,549,156,166,253
00000113.jpg,440,42,538,150,174,252
00000114.jpg,431,42,532,150,185,251
00000115.jpg,431,42,532,150,193,251
