00014355.jpg,277,22,650,381,-1,-1
00014356.jpg,280,25,654,382,-1,-1
00014357.jpg,280,23,656,384,-1,-1
00014358.jpg,280,23,656,384,-1,-1
00014359.jpg,280,23,656,384,-1,-1
00014360.jpg,277,24,653,385,-1,-1
00014361.jpg,272,25,648,386,-1,-1
00014362.jpg,267,26,643,387,-1,-1
00014363.jpg,263,27,639,388,-1,-1
00014364.jpg,263,27,639,388,-1,-1
00014365.jpg,260,26,636,387,-1,-1
00014366.jpg,258,25,634,386,-1,-1
00014367.jpg,258,23,634,384,-1,-1
00014368.jpg,258,22,634,383,-1,-1
00014369.jpg,258,22,634,383,-1,-1
00014370.jpg,257,21,633,382,-1,-1
00014371.jpg,257,21,633,382,-1,-1
00014372.jpg,257,22,633,383,-1,-1
00014373.jpg,258,23,634,384,-1,-1
00014374.jpg,258,23,634,384,-1,-1
00014375.jpg,259,23,635,384,-1,-1
00014376.jpg,261,23,637,384,-1,-1
00014377.jpg,264,22,640,383,-1,-1
00014378.jpg,265,21,641,382,-1,-1
00014379.jpg,265,21,641,382,-1,-1
00014380.jpg,265,27,635,378,856,373
00014381.jpg,265,28,626,371,855,373
00014382.jpg,260,29,623,366,856,370
00014383.jpg,258,31,620,363,855,368
00014384.jpg,256,31,620,363,855,368
00014385.jpg,256,31,618,360,855,365
00014386.jpg,256,31,618,360,855,365
