00185934.jpg,1245,621,1381,762,1240,845
00185935.jpg,1245,621,1381,762,1240,845
00185936.jpg,1245,621,1381,762,1240,848
00185937.jpg,1245,621,1381,762,1248,846
00185938.jpg,1245,621,1381,762,1248,846
00185939.jpg,1245,621,1381,762,1248,846
00185940.jpg,1245,621,1381,762,1248,846
00185941.jpg,1245,621,1381,762,1248,846
00185942.jpg,1245,621,1381,762,1248,846
00185943.jpg,1245,621,1381,762,1248,846
00185944.jpg,1245,621,1381,762,1248,846
00185945.jpg,1245,621,1381,762,1248,846
00185946.jpg,1246,621,1382,762,1248,846
00185947.jpg,1246,621,1382,762,1248,846
00185948.jpg,1246,621,1382,762,1248,846
00185949.jpg,1246,621,1382,762,1248,846
00185950.jpg,1246,621,1382,762,1248,846
00185951.jpg,1246,621,1382,762,1248,846
00185952.jpg,1246,621,1382,762,1248,846
00185953.jpg,1245,621,1381,762,1248,846
00185954.jpg,1246,621,1382,762,1248,846
00185955.jpg,1246,621,1382,762,1248,846
00185956.jpg,1246,621,1382,762,1248,846
00185957.jpg,1246,621,1382,762,1248,846
00185958.jpg,1246,621,1382,762,1248,846
00185959.jpg,1246,621,1382,762,1248,846
00185960.jpg,1246,621,1382,762,1248,846
00185961.jpg,1245,621,1381,762,1248,846
00185962.jpg,1245,621,1381,762,1248,846
00185963.jpg,1245,621,1381,762,1248,843
00185964.jpg,1245,621,1381,762,1246,836
00185965.jpg,1245,621,1381,762,1246,836
00185966.jpg,1245,621,1381,762,1245,836
00185967.jpg,1245,621,1381,762,1245,836
00185968.jpg,1246,621,1382,762,1244,839
00185969.jpg,1245,621,1381,762,1244,839
00185970.jpg,1245,621,1381,762,1244,839
00185971.jpg,1246,621,1382,762,1244,839
00185972.jpg,1246,621,1382,762,1244,839
00185973.jpg,1246,621,1382,762,1229,844
00185974.jpg,1246,621,1382,762,1223,855
00185975.jpg,1246,621,1382,762,1225,854
00185976.jpg,1247,621,1383,762,1266,813
00185977.jpg,1246,621,1382,762,1255,838
00185978.jpg,1254,624,1388,764,1244,843
00185979.jpg,1254,624,1388,764,-1,-1
00185980.jpg,1255,624,1389,764,-1,-1
00185981.jpg,1256,624,1390,764,1489,1006
00185982.jpg,1255,624,1389,764,1485,1006
00185983.jpg,1255,624,1389,764,1483,1003
00185984.jpg,1267,627,1401,767,1489,1003
00185985.jpg,1273,630,1407,770,1488,1006
00185986.jpg,1277,633,1411,773,1485,1004
00185987.jpg,1278,635,1412,775,1486,1004
00185988.jpg,1281,635,1415,775,1489,1003
00185989.jpg,1284,635,1418,775,1484,1002
00185990.jpg,1288,636,1422,776,1484,1003
00185991.jpg,1297,634,1431,774,1486,1002
00185992.jpg,1297,633,1431,773,1485,1001
00185993.jpg,1298,632,1432,772,1486,1002
00185994.jpg,1299,632,1433,772,1486,1007
00185995.jpg,1300,632,1434,772,1483,1004
00185996.jpg,1301,632,1435,772,1488,1002
00185997.jpg,1302,632,1436,772,1488,1004
00185998.jpg,1303,632,1437,772,1489,1007
00185999.jpg,1304,632,1438,772,1484,1012
00186000.jpg,1305,632,1439,772,1490,1004
00186001.jpg,1305,632,1439,772,1486,994
00186002.jpg,1305,632,1439,772,1488,978
00186003.jpg,1305,632,1439,772,1491,961
00186004.jpg,1306,632,1440,772,1490,944
00186005.jpg,1306,632,1440,772,1491,919
00186006.jpg,1306,630,1440,770,1479,897
00186007.jpg,1306,629,1440,769,1473,887
00186008.jpg,1304,627,1438,767,1464,879
00186009.jpg,1303,625,1437,765,1470,879
00186010.jpg,1301,623,1435,763,1474,884
00186011.jpg,1300,623,1434,763,1476,886
00186012.jpg,1301,626,1435,766,1485,881
00186013.jpg,1302,628,1436,768,1483,1018
00186014.jpg,1302,628,1436,768,1483,1023
00186015.jpg,1302,628,1436,768,1484,1024
00186016.jpg,1303,628,1437,768,1484,1022
00186017.jpg,1304,629,1438,769,1485,1021
00186018.jpg,1304,629,1438,769,1485,1023
00186019.jpg,1306,630,1440,770,1485,1023
00186020.jpg,1306,630,1440,770,1485,1023
00186021.jpg,1308,632,1442,772,1485,1023
00186022.jpg,1308,631,1442,771,1485,1023
00186023.jpg,1308,630,1442,770,1485,1023
00186024.jpg,1309,631,1443,771,1485,1023
00186025.jpg,1308,630,1442,770,1485,1023
00186026.jpg,1308,630,1442,770,1485,1023
00186027.jpg,1308,630,1442,770,1485,1023
00186028.jpg,1307,629,1441,769,1485,1023
00186029.jpg,1307,629,1441,769,1485,1023
00186030.jpg,1307,629,1441,769,1485,1023
