00066203.jpg,490,123,813,477,1317,204
00066204.jpg,477,110,804,458,1320,195
00066205.jpg,477,110,804,458,1322,191
00066206.jpg,474,103,801,451,1322,186
00066207.jpg,470,97,797,445,1326,178
00066208.jpg,467,94,794,442,1328,173
00066209.jpg,462,88,789,436,1336,173
00066210.jpg,455,82,782,430,1338,173
00066211.jpg,446,76,773,424,1341,173
00066212.jpg,438,70,765,418,1348,176
00066213.jpg,435,68,762,416,1355,181
00066214.jpg,430,66,757,414,1355,185
00066215.jpg,426,66,753,414,1361,194
00066216.jpg,424,67,751,415,1363,199
00066217.jpg,423,71,750,419,1366,209
00066218.jpg,423,73,750,421,1368,220
00066219.jpg,423,75,750,423,1368,226
00066220.jpg,423,77,750,425,1370,238
00066221.jpg,423,77,750,425,1370,239
00066222.jpg,424,77,751,425,1372,235
00066223.jpg,424,76,751,424,1380,235
00066224.jpg,422,74,749,422,1380,235
00066225.jpg,421,73,748,421,1382,239
00066226.jpg,417,70,744,418,1383,243
00066227.jpg,411,68,738,416,1383,243
00066228.jpg,408,68,735,416,1383,243
00066229.jpg,403,68,730,416,1383,243
00066230.jpg,400,67,727,415,1383,243
00066231.jpg,397,67,724,415,1383,243
00066232.jpg,395,67,722,415,1383,243
00066233.jpg,395,67,722,415,1383,243
00066234.jpg,396,67,723,415,1382,249
00066235.jpg,397,67,724,415,1380,249
00066236.jpg,397,67,724,415,1380,249
00066237.jpg,398,66,725,414,1380,249
00066238.jpg,398,64,725,412,1380,249
00066239.jpg,398,63,725,411,1380,249
00066240.jpg,398,62,725,410,1380,249
00066241.jpg,398,60,725,408,1380,249
00066242.jpg,397,59,724,407,1383,246
00066243.jpg,396,58,723,406,1387,246
00066244.jpg,395,58,722,406,1387,246
00066245.jpg,394,57,721,405,1387,246
00066246.jpg,392,57,719,405,1387,246
00066247.jpg,388,58,715,406,1387,245
00066248.jpg,388,60,715,408,1391,246
00066249.jpg,387,62,714,410,1393,245
00066250.jpg,387,64,714,412,1393,245
00066251.jpg,387,67,714,415,1393,245
00066252.jpg,388,70,715,418,1395,238
00066253.jpg,388,71,715,419,1393,235
00066254.jpg,388,71,715,419,1393,235
00066255.jpg,388,71,715,419,1393,235
00066256.jpg,389,70,716,418,1392,235
00066257.jpg,389,67,716,415,1395,234
00066258.jpg,388,65,715,413,1395,234
00066259.jpg,387,64,714,412,1395,235
00066260.jpg,387,62,714,410,1395,238
00066261.jpg,386,61,713,409,1397,239
00066262.jpg,385,59,712,407,1397,239
00066263.jpg,385,59,712,407,1397,239
00066264.jpg,385,59,712,407,1397,239
00066265.jpg,386,59,713,407,1398,239
00066266.jpg,387,60,714,408,1400,239
00066267.jpg,388,61,715,409,1401,241
00066268.jpg,389,62,716,410,1402,241
00066269.jpg,390,62,717,410,1403,243
00066270.jpg,390,62,717,410,1407,246
00066271.jpg,390,62,717,410,1407,246
00066272.jpg,388,62,715,410,1406,249
00066273.jpg,387,62,714,410,1406,249
00066274.jpg,385,62,712,410,1406,249
00066275.jpg,383,63,710,411,1406,249
00066276.jpg,381,63,708,411,1406,249
00066277.jpg,378,64,705,412,1406,249
00066278.jpg,376,64,703,412,1407,249
00066279.jpg,373,64,700,412,1422,253
00066280.jpg,371,64,698,412,1425,253
00066281.jpg,368,64,695,412,1433,255
00066282.jpg,365,64,692,412,1440,255
00066283.jpg,363,63,690,411,1441,256
00066284.jpg,361,62,688,410,1445,259
00066285.jpg,359,61,686,409,1445,259
00066286.jpg,358,60,685,408,1448,261
00066287.jpg,358,59,685,407,1452,261
00066288.jpg,359,58,686,406,1452,261
00066289.jpg,362,57,689,405,1453,266
00066290.jpg,365,55,692,403,1453,266
00066291.jpg,371,54,698,402,1457,268
00066292.jpg,380,55,707,403,1458,266
00066293.jpg,385,56,712,404,1462,269
00066294.jpg,385,56,712,404,1462,269
