00037834.jpg,812,219,937,331,876,522
00037835.jpg,812,219,937,331,880,522
00037836.jpg,812,219,937,331,876,521
00037837.jpg,812,219,937,331,876,521
00037838.jpg,812,218,937,330,876,521
00037839.jpg,813,217,938,329,876,521
00037840.jpg,814,216,939,328,876,521
00037841.jpg,815,215,940,327,876,521
00037842.jpg,815,215,940,327,876,521
00037843.jpg,815,213,940,325,876,521
00037844.jpg,816,212,941,324,876,521
00037845.jpg,817,210,942,322,876,521
00037846.jpg,818,207,943,319,876,521
00037847.jpg,818,207,943,319,876,521
00037848.jpg,819,204,944,316,876,521
00037849.jpg,820,201,945,313,876,521
00037850.jpg,819,197,944,309,876,521
00037851.jpg,833,191,957,314,1022,553
00037852.jpg,833,191,957,314,1021,552
00037853.jpg,833,187,957,310,1020,552
00037854.jpg,832,182,956,305,1169,438
00037855.jpg,827,176,951,299,1462,260
00037856.jpg,821,171,947,298,-1,-1
00037857.jpg,821,171,947,298,-1,-1
00037858.jpg,817,168,943,295,-1,-1
00037859.jpg,812,165,938,292,-1,-1
00037860.jpg,808,162,934,289,1610,188
00037861.jpg,808,160,934,287,1258,120
00037862.jpg,808,160,934,287,1257,120
00037863.jpg,807,155,933,287,604,394
00037864.jpg,807,155,933,287,604,394
00037865.jpg,804,155,930,287,604,394
00037866.jpg,800,155,926,287,604,394
00037867.jpg,800,155,926,287,604,394
00037868.jpg,796,155,922,287,604,394
00037869.jpg,792,155,918,287,604,394
00037870.jpg,789,155,915,287,604,394
00037871.jpg,785,155,911,287,604,394
00037872.jpg,785,155,911,287,604,394
00037873.jpg,782,156,908,288,604,394
00037874.jpg,780,156,906,288,604,394
00037875.jpg,778,156,904,288,604,394
00037876.jpg,774,156,900,288,604,394
00037877.jpg,774,156,900,288,604,394
00037878.jpg,770,156,896,288,604,394
00037879.jpg,768,157,894,284,604,394
00037880.jpg,768,157,894,284,604,394
00037881.jpg,764,156,890,283,604,394
00037882.jpg,764,156,890,283,604,394
00037883.jpg,759,156,885,283,604,394
00037884.jpg,754,155,880,282,604,394
00037885.jpg,751,154,877,281,604,394
00037886.jpg,747,154,873,281,604,394
00037887.jpg,747,154,873,281,604,394
00037888.jpg,744,154,870,281,604,394
00037889.jpg,741,154,867,281,604,394
00037890.jpg,738,154,864,281,604,394
00037891.jpg,736,155,862,282,604,394
00037892.jpg,736,155,862,282,604,394
00037893.jpg,734,154,860,281,604,394
00037894.jpg,732,154,858,281,604,394
00037895.jpg,731,153,857,280,604,394
00037896.jpg,729,153,855,280,604,394
00037897.jpg,729,153,855,280,604,394
00037898.jpg,727,153,853,280,604,394
00037899.jpg,726,155,852,282,604,394
00037900.jpg,723,154,849,281,604,394
00037901.jpg,722,154,848,281,602,394
00037902.jpg,722,154,848,281,604,394
00037903.jpg,720,154,846,281,604,394
00037904.jpg,719,154,845,281,604,394
00037905.jpg,718,154,844,281,600,394
00037906.jpg,717,154,843,281,600,394
00037907.jpg,716,154,842,281,597,394
00037908.jpg,716,154,842,281,597,394
00037909.jpg,715,154,841,281,597,394
00037910.jpg,715,155,841,282,597,394
00037911.jpg,714,155,840,282,594,394
00037912.jpg,714,155,840,282,594,394
00037913.jpg,714,155,840,282,594,394
