00037834.jpg,1189,19,1381,217,606,390
00037835.jpg,1189,19,1381,217,604,390
00037836.jpg,1189,19,1381,217,605,390
00037837.jpg,1189,19,1381,217,605,390
00037838.jpg,1189,19,1381,217,605,390
00037839.jpg,1189,19,1381,217,605,390
00037840.jpg,1189,19,1381,217,605,390
00037841.jpg,1189,19,1381,217,605,390
00037842.jpg,1190,19,1382,217,605,390
00037843.jpg,1190,19,1382,217,605,390
00037844.jpg,1191,19,1383,217,605,390
00037845.jpg,1191,19,1383,217,605,390
00037846.jpg,1192,19,1384,217,605,390
00037847.jpg,1192,19,1384,217,605,390
00037848.jpg,1192,19,1384,217,605,390
00037849.jpg,1192,19,1384,217,605,390
00037850.jpg,1192,19,1384,217,605,390
00037851.jpg,1192,19,1384,217,605,390
00037852.jpg,1192,19,1384,217,605,390
00037853.jpg,1192,19,1384,217,605,390
00037854.jpg,1192,19,1384,217,605,390
00037855.jpg,1191,19,1383,217,-1,-1
00037856.jpg,1191,19,1383,217,-1,-1
00037857.jpg,1191,19,1383,217,-1,-1
00037858.jpg,1191,19,1383,217,-1,-1
00037859.jpg,1192,19,1384,217,-1,-1
00037860.jpg,1192,19,1384,217,-1,-1
00037861.jpg,1192,19,1384,217,-1,-1
00037862.jpg,1192,19,1384,217,-1,-1
00037863.jpg,1192,19,1384,217,-1,-1
00037864.jpg,1192,19,1384,217,-1,-1
00037865.jpg,1191,19,1383,217,-1,-1
00037866.jpg,1191,20,1383,218,-1,-1
00037867.jpg,1191,20,1383,218,-1,-1
00037868.jpg,1191,20,1383,218,-1,-1
00037869.jpg,1192,21,1384,219,-1,-1
00037870.jpg,1192,21,1384,219,-1,-1
00037871.jpg,1192,22,1384,220,-1,-1
00037872.jpg,1192,22,1384,220,-1,-1
00037873.jpg,1192,23,1384,221,-1,-1
00037874.jpg,1192,23,1384,221,-1,-1
00037875.jpg,1191,24,1383,222,-1,-1
00037876.jpg,1190,24,1382,222,-1,-1
00037877.jpg,1190,24,1382,222,-1,-1
00037878.jpg,1189,25,1381,223,-1,-1
00037879.jpg,1188,25,1380,223,-1,-1
00037880.jpg,1187,25,1379,223,-1,-1
00037881.jpg,1185,26,1377,224,-1,-1
00037882.jpg,1185,26,1377,224,-1,-1
00037883.jpg,1184,26,1376,224,-1,-1
00037884.jpg,1183,26,1375,224,-1,-1
00037885.jpg,1182,26,1374,224,-1,-1
00037886.jpg,1180,26,1372,224,-1,-1
00037887.jpg,1180,26,1372,224,-1,-1
00037888.jpg,1179,26,1371,224,-1,-1
00037889.jpg,1178,26,1370,224,-1,-1
00037890.jpg,1177,27,1369,225,-1,-1
00037891.jpg,1176,27,1368,225,-1,-1
00037892.jpg,1176,27,1368,225,-1,-1
00037893.jpg,1175,27,1367,225,-1,-1
00037894.jpg,1174,27,1366,225,-1,-1
00037895.jpg,1173,27,1365,225,-1,-1
00037896.jpg,1172,28,1364,226,-1,-1
00037897.jpg,1172,28,1364,226,-1,-1
00037898.jpg,1171,28,1363,226,-1,-1
00037899.jpg,1171,28,1363,226,-1,-1
00037900.jpg,1170,28,1362,226,-1,-1
00037901.jpg,1169,28,1361,226,-1,-1
00037902.jpg,1169,28,1361,226,-1,-1
00037903.jpg,1168,28,1360,226,-1,-1
00037904.jpg,1168,27,1360,225,-1,-1
00037905.jpg,1167,27,1359,225,-1,-1
00037906.jpg,1166,27,1358,225,-1,-1
00037907.jpg,1166,27,1358,225,-1,-1
00037908.jpg,1165,27,1357,225,-1,-1
00037909.jpg,1164,27,1356,225,-1,-1
00037910.jpg,1163,27,1355,225,-1,-1
00037911.jpg,1161,27,1353,225,-1,-1
00037912.jpg,1161,27,1353,225,-1,-1
00037913.jpg,1161,27,1353,225,-1,-1
