00017852.jpg,1823,0,1932,167,1412,554
00017853.jpg,1823,0,1932,167,1412,554
00017854.jpg,1822,0,1932,169,1412,554
00017855.jpg,1820,0,1932,171,1412,554
00017856.jpg,1815,0,1932,173,1412,554
00017857.jpg,1815,0,1932,173,1419,545
00017858.jpg,1813,0,1932,174,1418,545
00017859.jpg,1812,0,1932,174,1416,543
00017860.jpg,1810,0,1932,175,1416,543
00017861.jpg,1808,0,1932,175,1416,543
00017862.jpg,1802,0,1932,173,1416,543
00017863.jpg,1802,0,1932,173,1416,543
00017864.jpg,1800,0,1932,174,1416,543
00017865.jpg,1799,0,1932,174,1416,543
00017866.jpg,1798,0,1932,176,1416,543
00017867.jpg,1793,0,1932,183,1416,543
00017868.jpg,1793,0,1932,183,1416,543
00017869.jpg,1793,0,1932,184,1416,543
00017870.jpg,1793,0,1932,185,1416,543
00017871.jpg,1792,0,1932,186,1416,543
00017872.jpg,1792,0,1932,187,1396,521
00017873.jpg,1791,0,1932,187,1353,505
00017874.jpg,1791,0,1932,187,1336,501
00017875.jpg,1791,0,1932,187,1326,484
00017876.jpg,1785,0,1932,177,1318,478
00017877.jpg,1785,0,1932,177,1318,478
00017878.jpg,1785,0,1932,177,1318,473
00017879.jpg,1785,0,1932,177,1317,472
00017880.jpg,1785,0,1932,178,1316,469
00017881.jpg,1785,0,1932,178,1316,469
00017882.jpg,1785,0,1932,179,1318,468
00017883.jpg,1785,0,1932,180,1327,463
00017884.jpg,1801,0,1932,176,1337,463
00017885.jpg,1801,0,1932,176,1348,463
00017886.jpg,1801,0,1932,176,1358,459
00017887.jpg,1801,0,1932,175,1370,455
00017888.jpg,1801,0,1932,175,1377,455
00017889.jpg,1801,0,1932,175,1385,448
00017890.jpg,1801,0,1932,175,1388,448
00017891.jpg,1801,0,1932,175,1394,444
00017892.jpg,1801,0,1932,175,1398,443
00017893.jpg,1801,0,1932,175,1401,441
