00017442.jpg,835,7,1159,363,-1,-1
00017443.jpg,835,7,1159,363,-1,-1
00017444.jpg,835,7,1159,363,-1,-1
00017445.jpg,835,7,1159,363,-1,-1
00017446.jpg,833,7,1157,363,-1,-1
00017447.jpg,835,7,1159,363,-1,-1
00017448.jpg,839,7,1163,363,-1,-1
00017449.jpg,840,11,1164,367,-1,-1
00017450.jpg,845,14,1169,370,-1,-1
00017451.jpg,845,14,1169,370,-1,-1
00017452.jpg,847,16,1171,372,-1,-1
00017453.jpg,851,18,1175,374,-1,-1
00017454.jpg,853,18,1177,374,-1,-1
00017455.jpg,853,18,1177,374,-1,-1
00017456.jpg,853,18,1177,374,-1,-1
00017457.jpg,853,18,1177,374,-1,-1
00017458.jpg,849,18,1173,374,-1,-1
00017459.jpg,847,20,1171,376,-1,-1
00017460.jpg,846,15,1170,371,-1,-1
00017461.jpg,841,13,1165,369,-1,-1
00017462.jpg,841,12,1165,368,-1,-1
00017463.jpg,841,12,1165,368,-1,-1
00017464.jpg,839,11,1163,367,-1,-1
00017465.jpg,837,13,1161,369,-1,-1
00017466.jpg,839,11,1163,367,-1,-1
00017467.jpg,839,9,1163,365,-1,-1
00017468.jpg,842,11,1166,367,-1,-1
00017469.jpg,842,11,1166,367,-1,-1
00017470.jpg,848,11,1172,367,-1,-1
00017471.jpg,849,15,1173,371,-1,-1
00017472.jpg,855,16,1179,372,-1,-1
00017473.jpg,855,14,1179,370,-1,-1
00017474.jpg,853,15,1177,371,-1,-1
00017475.jpg,853,15,1177,371,-1,-1
00017476.jpg,852,14,1176,370,-1,-1
00017477.jpg,846,14,1170,370,-1,-1
00017478.jpg,843,14,1167,370,-1,-1
00017479.jpg,839,15,1163,371,-1,-1
00017480.jpg,840,17,1164,373,-1,-1
00017481.jpg,840,17,1164,373,-1,-1
00017482.jpg,842,18,1166,374,-1,-1
00017483.jpg,845,22,1169,378,-1,-1
00017484.jpg,850,22,1174,378,-1,-1
00017485.jpg,854,21,1178,377,-1,-1
00017486.jpg,857,19,1181,375,-1,-1
00017487.jpg,857,19,1181,375,-1,-1
00017488.jpg,858,17,1182,373,-1,-1
00017489.jpg,855,16,1179,372,-1,-1
00017490.jpg,851,17,1175,373,-1,-1
00017491.jpg,846,18,1170,374,-1,-1
00017492.jpg,843,21,1167,377,-1,-1
00017493.jpg,843,20,1167,376,-1,-1
00017494.jpg,843,23,1167,379,-1,-1
00017495.jpg,842,25,1166,381,-1,-1
00017496.jpg,841,27,1165,383,-1,-1
00017497.jpg,839,28,1163,384,-1,-1
00017498.jpg,837,29,1161,385,-1,-1
00017499.jpg,837,29,1161,385,-1,-1
00017500.jpg,837,30,1161,386,-1,-1
00017501.jpg,838,29,1162,385,-1,-1
00017502.jpg,841,28,1165,384,-1,-1
00017503.jpg,842,25,1166,381,-1,-1
00017504.jpg,840,24,1164,380,-1,-1
00017505.jpg,840,24,1164,380,-1,-1
00017506.jpg,861,30,1176,384,-1,-1
00017507.jpg,861,30,1176,384,-1,-1
00017508.jpg,858,35,1173,389,-1,-1
00017509.jpg,859,36,1175,387,-1,-1
00017510.jpg,859,36,1175,387,-1,-1
00017511.jpg,859,36,1175,387,-1,-1
00017512.jpg,857,34,1173,385,-1,-1
00017513.jpg,858,35,1174,386,-1,-1
00017514.jpg,863,38,1179,389,-1,-1
00017515.jpg,865,37,1181,388,-1,-1
00017516.jpg,867,39,1183,390,-1,-1
00017517.jpg,867,39,1183,390,-1,-1
00017518.jpg,876,40,1192,391,-1,-1
00017519.jpg,885,41,1201,392,-1,-1
00017520.jpg,892,43,1208,394,-1,-1
00017521.jpg,899,43,1215,394,-1,-1
00017522.jpg,900,41,1216,392,-1,-1
00017523.jpg,900,41,1216,392,-1,-1
00017524.jpg,899,41,1215,392,-1,-1
00017525.jpg,899,40,1215,391,-1,-1
00017526.jpg,896,35,1212,386,-1,-1
00017527.jpg,890,30,1206,381,-1,-1
00017528.jpg,886,27,1202,378,-1,-1
00017529.jpg,886,27,1202,378,-1,-1
00017530.jpg,882,26,1198,377,-1,-1
00017531.jpg,885,29,1201,380,-1,-1
00017532.jpg,884,32,1200,383,-1,-1
00017533.jpg,888,38,1204,389,-1,-1
00017534.jpg,890,42,1206,393,-1,-1
00017535.jpg,890,42,1206,393,-1,-1
00017536.jpg,891,44,1207,395,-1,-1
00017537.jpg,894,46,1210,397,-1,-1
00017538.jpg,893,45,1209,396,-1,-1
00017539.jpg,893,45,1209,396,-1,-1
00017540.jpg,893,45,1209,396,-1,-1
00017541.jpg,893,45,1209,396,-1,-1
00017542.jpg,890,41,1206,392,-1,-1
00017543.jpg,888,39,1204,390,-1,-1
00017544.jpg,885,37,1201,388,-1,-1
00017545.jpg,879,36,1195,387,-1,-1
00017546.jpg,874,40,1190,391,-1,-1
00017547.jpg,874,40,1190,391,-1,-1
00017548.jpg,869,43,1185,394,-1,-1
00017549.jpg,862,44,1178,395,-1,-1
00017550.jpg,861,43,1177,394,-1,-1
00017551.jpg,863,41,1179,392,-1,-1
00017552.jpg,866,40,1182,391,-1,-1
00017553.jpg,866,40,1182,391,-1,-1
00017554.jpg,870,39,1186,390,-1,-1
00017555.jpg,877,37,1193,388,-1,-1
00017556.jpg,881,35,1197,386,-1,-1
00017557.jpg,885,34,1201,385,-1,-1
00017558.jpg,891,32,1207,383,-1,-1
00017559.jpg,891,32,1207,383,-1,-1
00017560.jpg,881,27,1195,387,-1,-1
00017561.jpg,881,27,1195,387,-1,-1
00017562.jpg,886,26,1200,386,-1,-1
00017563.jpg,889,25,1203,385,-1,-1
00017564.jpg,895,24,1209,384,-1,-1
00017565.jpg,895,24,1209,384,-1,-1
00017566.jpg,895,25,1209,385,-1,-1
00017567.jpg,895,27,1209,387,-1,-1
00017568.jpg,896,27,1210,387,-1,-1
00017569.jpg,894,28,1208,388,-1,-1
00017570.jpg,895,27,1209,387,-1,-1
00017571.jpg,895,27,1209,387,-1,-1
00017572.jpg,896,27,1210,387,-1,-1
00017573.jpg,899,29,1213,389,-1,-1
00017574.jpg,903,32,1217,392,-1,-1
00017575.jpg,908,34,1222,394,-1,-1
00017576.jpg,909,37,1223,397,-1,-1
00017577.jpg,909,37,1223,397,-1,-1
00017578.jpg,908,40,1222,400,-1,-1
00017579.jpg,904,40,1218,400,-1,-1
00017580.jpg,897,39,1211,399,-1,-1
00017581.jpg,894,38,1208,398,-1,-1
00017582.jpg,889,36,1203,396,-1,-1
00017583.jpg,887,36,1201,396,-1,-1
00017584.jpg,887,36,1201,396,-1,-1
00017585.jpg,887,37,1201,397,-1,-1
00017586.jpg,888,38,1202,398,-1,-1
00017587.jpg,890,41,1204,401,-1,-1
00017588.jpg,891,42,1205,402,-1,-1
00017589.jpg,890,43,1204,403,-1,-1
00017590.jpg,889,43,1203,403,-1,-1
00017591.jpg,889,42,1203,402,-1,-1
00017592.jpg,885,40,1199,400,-1,-1
00017593.jpg,879,41,1193,401,-1,-1
00017594.jpg,885,37,1199,397,-1,-1
00017595.jpg,891,31,1205,391,-1,-1
00017596.jpg,891,31,1205,391,-1,-1
00017597.jpg,892,31,1206,391,-1,-1
00017598.jpg,892,34,1206,394,251,211
00017599.jpg,885,35,1199,395,251,211
00017600.jpg,870,41,1184,401,251,211
00017601.jpg,862,43,1176,403,251,211
00017602.jpg,862,43,1176,403,252,211
00017603.jpg,852,45,1166,405,271,212
00017604.jpg,847,49,1161,409,283,219
00017605.jpg,842,51,1156,411,298,220
00017606.jpg,839,53,1153,413,301,222
00017607.jpg,840,53,1154,413,319,224
00017608.jpg,840,53,1154,413,323,228
00017609.jpg,838,51,1152,411,329,229
00017610.jpg,839,49,1153,409,330,230
00017611.jpg,841,49,1155,409,341,232
00017612.jpg,842,48,1156,408,341,232
00017613.jpg,842,47,1156,407,341,231
00017614.jpg,842,47,1156,407,341,230
00017615.jpg,842,46,1156,406,339,229
00017616.jpg,841,47,1155,407,334,227
00017617.jpg,837,48,1151,408,329,222
00017618.jpg,834,49,1148,409,321,217
00017619.jpg,830,52,1144,412,316,214
00017620.jpg,830,52,1144,412,315,214
00017621.jpg,828,53,1142,413,309,212
00017622.jpg,826,53,1140,413,305,209
00017623.jpg,826,53,1140,413,299,212
