00008213.jpg,157,6,363,226,903,138
00008214.jpg,157,6,363,226,903,138
00008215.jpg,160,6,366,226,906,141
00008216.jpg,162,6,368,226,910,141
00008217.jpg,164,6,370,226,910,141
00008218.jpg,166,6,372,226,910,136
00008219.jpg,167,5,373,225,910,136
00008220.jpg,169,5,375,225,916,136
00008221.jpg,170,5,376,225,917,136
00008222.jpg,172,4,378,224,921,136
00008223.jpg,173,3,379,223,925,144
00008224.jpg,174,2,380,222,925,146
00008225.jpg,174,2,380,222,925,148
00008226.jpg,175,1,381,221,927,148
00008227.jpg,175,1,381,221,928,148
00008228.jpg,176,1,382,221,928,148
00008229.jpg,176,1,382,221,928,148
00008230.jpg,176,1,382,221,935,148
00008231.jpg,176,1,382,221,935,148
00008232.jpg,176,1,382,221,940,148
00008233.jpg,176,1,382,221,940,148
00008234.jpg,176,1,382,221,948,140
00008235.jpg,176,1,382,221,948,140
00008236.jpg,176,1,382,221,948,139
00008237.jpg,176,1,382,221,948,139
00008238.jpg,176,1,382,221,950,135
00008239.jpg,175,1,381,221,950,135
00008240.jpg,175,1,381,221,950,135
00008241.jpg,174,1,380,221,952,129
00008242.jpg,174,1,380,221,952,129
00008243.jpg,173,2,379,222,955,128
00008244.jpg,171,2,377,222,955,128
00008245.jpg,170,2,376,222,955,128
00008246.jpg,169,2,375,222,952,125
00008247.jpg,168,2,374,222,950,125
00008248.jpg,168,2,374,222,951,125
00008249.jpg,167,2,373,222,945,128
00008250.jpg,166,2,372,222,941,131
00008251.jpg,166,2,372,222,940,133
00008252.jpg,166,2,372,222,936,133
00008253.jpg,166,3,372,223,932,133
00008254.jpg,166,2,372,222,930,133
00008255.jpg,166,3,372,223,927,134
00008256.jpg,167,3,373,223,922,138
00008257.jpg,167,3,373,223,916,144
00008258.jpg,168,3,374,223,905,149
00008259.jpg,169,2,375,222,901,155
00008260.jpg,170,2,376,222,896,160
00008261.jpg,171,3,377,223,891,160
00008262.jpg,172,3,378,223,886,165
00008263.jpg,172,3,378,223,883,164
00008264.jpg,173,3,379,223,882,164
00008265.jpg,173,4,379,224,881,164
00008266.jpg,173,4,379,224,880,164
00008267.jpg,173,5,379,225,878,166
00008268.jpg,173,5,379,225,877,166
00008269.jpg,173,5,379,225,877,166
00008270.jpg,173,5,379,225,877,166
00008271.jpg,173,6,379,226,877,166
00008272.jpg,173,6,379,226,877,166
00008273.jpg,172,6,378,226,877,166
00008274.jpg,172,6,378,226,878,166
00008275.jpg,172,6,378,226,880,166
00008276.jpg,171,7,377,227,880,166
00008277.jpg,171,7,377,227,880,166
00008278.jpg,171,7,377,227,880,163
00008279.jpg,171,7,377,227,885,161
00008280.jpg,170,8,376,228,887,156
00008281.jpg,170,8,376,228,890,156
00008282.jpg,170,8,376,228,896,155
00008283.jpg,169,9,375,229,896,155
00008284.jpg,169,9,375,229,900,155
00008285.jpg,168,9,374,229,900,155
00008286.jpg,168,10,374,230,905,159
00008287.jpg,168,10,374,230,910,159
00008288.jpg,167,11,373,231,915,159
00008289.jpg,167,11,373,231,920,164
00008290.jpg,167,11,373,231,920,164
00008291.jpg,167,11,373,231,920,168
00008292.jpg,167,12,373,232,925,169
00008293.jpg,166,12,372,232,923,170
00008294.jpg,166,13,372,233,922,175
00008295.jpg,166,13,372,233,918,183
00008296.jpg,166,13,372,233,907,191
