00003073.jpg,751,69,1211,506,1478,760
00003074.jpg,748,65,1212,510,1478,760
00003075.jpg,743,64,1214,511,1478,760
00003076.jpg,743,64,1214,511,1478,760
00003077.jpg,739,63,1218,514,1481,760
00003078.jpg,737,62,1218,512,-1,-1
00003079.jpg,741,61,1214,507,-1,-1
00003080.jpg,740,60,1216,501,-1,-1
00003081.jpg,740,60,1216,501,-1,-1
00003082.jpg,740,62,1218,502,-1,-1
00003083.jpg,744,65,1213,505,-1,-1
00003084.jpg,746,68,1215,503,-1,-1
00003085.jpg,745,66,1222,504,1656,10
00003086.jpg,745,66,1222,504,1656,10
00003087.jpg,748,72,1220,503,1649,9
00003088.jpg,751,76,1219,507,1653,13
00003089.jpg,755,79,1221,514,1652,12
00003090.jpg,755,80,1217,522,1656,12
00003091.jpg,755,80,1217,522,1656,12
00003092.jpg,763,82,1210,524,1653,12
00003093.jpg,763,84,1211,522,1650,13
00003094.jpg,762,83,1213,519,1650,13
00003095.jpg,759,80,1220,518,1650,13
00003096.jpg,759,80,1220,519,1650,13
00003097.jpg,755,78,1223,515,1650,13
00003098.jpg,755,79,1222,519,1650,13
00003099.jpg,756,81,1216,522,1650,13
00003100.jpg,761,83,1208,524,1650,13
00003101.jpg,762,83,1208,524,1650,13
00003102.jpg,772,90,1201,523,1650,13
00003103.jpg,775,89,1202,525,1650,13
00003104.jpg,776,89,1206,524,1648,13
00003105.jpg,776,89,1206,522,1649,13
00003106.jpg,776,89,1206,522,1650,13
00003107.jpg,776,89,1207,522,1653,13
00003108.jpg,779,91,1205,521,1653,13
00003109.jpg,778,91,1205,521,1656,10
00003110.jpg,779,93,1204,520,-1,-1
00003111.jpg,779,93,1204,521,-1,-1
00003112.jpg,781,95,1203,518,-1,-1
00003113.jpg,781,95,1205,518,-1,-1
00003114.jpg,778,94,1208,520,-1,-1
00003115.jpg,769,89,1215,524,-1,-1
00003116.jpg,769,89,1215,524,-1,-1
00003117.jpg,769,89,1215,524,-1,-1
