00002307.jpg,169,72,329,240,729,114
00002308.jpg,169,72,329,240,729,114
00002309.jpg,169,72,329,240,729,114
00002310.jpg,169,72,329,240,729,114
00002311.jpg,169,72,329,240,729,114
00002312.jpg,169,72,329,240,729,114
00002313.jpg,170,73,330,241,729,117
00002314.jpg,170,75,330,243,729,118
00002315.jpg,170,75,330,243,728,121
00002316.jpg,170,75,330,243,728,121
00002317.jpg,170,76,330,244,728,121
00002318.jpg,170,77,330,245,728,121
00002319.jpg,170,77,330,245,728,121
00002320.jpg,170,77,330,245,728,121
00002321.jpg,169,77,329,245,728,121
00002322.jpg,166,77,326,245,728,120
00002323.jpg,166,77,326,245,728,118
00002324.jpg,166,77,326,245,728,121
00002325.jpg,166,77,326,245,728,119
00002326.jpg,166,79,326,247,728,121
00002327.jpg,166,79,326,247,723,125
00002328.jpg,166,79,326,247,726,125
00002329.jpg,166,79,326,247,724,125
00002330.jpg,167,81,327,249,726,125
00002331.jpg,167,81,327,249,726,125
00002332.jpg,167,81,327,249,726,125
00002333.jpg,168,81,328,249,725,125
00002334.jpg,169,80,329,248,726,125
00002335.jpg,169,80,329,248,726,126
00002336.jpg,169,80,329,248,726,126
00002337.jpg,169,80,329,248,726,126
00002338.jpg,171,76,331,244,726,126
00002339.jpg,171,76,331,244,732,121
00002340.jpg,171,76,331,244,732,119
00002341.jpg,172,75,332,243,730,118
00002342.jpg,174,75,334,243,731,120
00002343.jpg,174,75,334,243,732,120
00002344.jpg,174,75,334,243,732,120
00002345.jpg,175,75,335,243,732,120
00002346.jpg,177,75,337,243,732,120
00002347.jpg,177,75,337,243,732,120
00002348.jpg,177,75,337,243,734,120
00002349.jpg,177,75,337,243,734,120
00002350.jpg,178,76,338,244,-1,-1
00002351.jpg,178,76,338,244,-1,-1
00002352.jpg,178,76,338,244,-1,-1
00002353.jpg,178,77,338,245,-1,-1
00002354.jpg,179,76,339,244,-1,-1
00002355.jpg,179,76,339,244,-1,-1
00002356.jpg,179,76,339,244,-1,-1
00002357.jpg,180,76,340,244,-1,-1
00002358.jpg,189,81,349,249,-1,-1
00002359.jpg,189,81,349,249,-1,-1
00002360.jpg,189,81,349,249,-1,-1
00002361.jpg,189,81,349,249,-1,-1
00002362.jpg,194,86,354,254,-1,-1
00002363.jpg,194,86,354,254,-1,-1
00002364.jpg,194,86,354,254,-1,-1
00002365.jpg,195,90,355,258,-1,-1
00002366.jpg,200,91,358,264,-1,-1
00002367.jpg,200,91,358,264,-1,-1
00002368.jpg,200,91,358,264,-1,-1
00002369.jpg,200,93,358,266,-1,-1
00002370.jpg,199,95,357,268,-1,-1
00002371.jpg,199,95,357,268,-1,-1
00002372.jpg,199,95,357,268,-1,-1
00002373.jpg,199,96,357,269,-1,-1
00002374.jpg,199,97,357,270,-1,-1
00002375.jpg,199,97,357,270,-1,-1
00002376.jpg,199,97,357,270,-1,-1
00002377.jpg,199,97,357,270,-1,-1
00002378.jpg,198,98,356,271,-1,-1
00002379.jpg,198,98,356,271,-1,-1
00002380.jpg,198,98,356,271,-1,-1
00002381.jpg,198,98,356,271,-1,-1
00002382.jpg,198,98,356,271,-1,-1
00002383.jpg,198,98,356,271,-1,-1
00002384.jpg,198,98,356,271,-1,-1
00002385.jpg,196,98,354,271,-1,-1
00002386.jpg,196,98,354,271,-1,-1
00002387.jpg,195,98,353,271,-1,-1
00002388.jpg,194,96,352,269,-1,-1
00002389.jpg,194,96,352,269,-1,-1
00002390.jpg,194,96,352,269,-1,-1
00002391.jpg,194,96,352,269,-1,-1
00002392.jpg,195,95,353,268,-1,-1
00002393.jpg,195,95,353,268,-1,-1
00002394.jpg,195,95,353,268,-1,-1
00002395.jpg,195,96,353,269,-1,-1
00002396.jpg,195,96,353,269,-1,-1
00002397.jpg,195,96,353,269,-1,-1
00002398.jpg,195,96,353,269,-1,-1
