00002307.jpg,678,46,804,185,-1,-1
00002308.jpg,678,46,804,185,-1,-1
00002309.jpg,678,46,804,185,-1,-1
00002310.jpg,678,46,804,185,-1,-1
00002311.jpg,678,46,804,185,-1,-1
00002312.jpg,678,46,804,185,-1,-1
00002313.jpg,678,47,804,186,-1,-1
00002314.jpg,678,49,804,188,-1,-1
00002315.jpg,678,49,804,188,-1,-1
00002316.jpg,678,49,804,188,-1,-1
00002317.jpg,678,49,804,188,-1,-1
00002318.jpg,678,50,804,189,-1,-1
00002319.jpg,678,50,804,189,-1,-1
00002320.jpg,678,50,804,189,-1,-1
00002321.jpg,677,51,803,190,-1,-1
00002322.jpg,675,50,801,189,-1,-1
00002323.jpg,675,50,801,189,-1,-1
00002324.jpg,675,50,801,189,-1,-1
00002325.jpg,675,50,801,189,-1,-1
00002326.jpg,674,54,800,193,-1,-1
00002327.jpg,674,54,800,193,-1,-1
00002328.jpg,674,54,800,193,-1,-1
00002329.jpg,674,55,800,194,-1,-1
00002330.jpg,675,56,801,195,-1,-1
00002331.jpg,675,56,801,195,-1,-1
00002332.jpg,675,56,801,195,-1,-1
00002333.jpg,676,56,802,195,-1,-1
00002334.jpg,677,54,803,193,-1,-1
00002335.jpg,677,54,803,193,-1,-1
00002336.jpg,677,54,803,193,-1,-1
00002337.jpg,677,54,803,193,-1,-1
00002338.jpg,679,50,805,189,-1,-1
00002339.jpg,679,50,805,189,-1,-1
00002340.jpg,679,50,805,189,-1,-1
00002341.jpg,680,49,806,188,-1,-1
00002342.jpg,682,49,808,188,-1,-1
00002343.jpg,682,49,808,188,-1,-1
00002344.jpg,682,49,808,188,-1,-1
00002345.jpg,683,49,809,188,-1,-1
00002346.jpg,685,50,811,189,-1,-1
00002347.jpg,685,50,811,189,-1,-1
00002348.jpg,685,50,811,189,-1,-1
00002349.jpg,685,50,811,189,-1,-1
00002350.jpg,685,50,811,189,-1,-1
00002351.jpg,685,50,811,189,-1,-1
00002352.jpg,685,50,811,189,-1,-1
00002353.jpg,685,50,811,189,-1,-1
00002354.jpg,685,50,811,189,-1,-1
00002355.jpg,685,50,811,189,-1,-1
00002356.jpg,685,50,811,189,-1,-1
00002357.jpg,686,50,812,189,-1,-1
00002358.jpg,686,50,812,189,-1,-1
00002359.jpg,686,50,812,189,-1,-1
00002360.jpg,686,50,812,189,-1,-1
00002361.jpg,686,50,812,189,-1,-1
00002362.jpg,686,49,812,188,-1,-1
00002363.jpg,686,49,812,188,-1,-1
00002364.jpg,686,49,812,188,-1,-1
00002365.jpg,686,48,812,187,-1,-1
00002366.jpg,685,48,811,187,-1,-1
00002367.jpg,685,48,811,187,-1,-1
00002368.jpg,685,48,811,187,-1,-1
00002369.jpg,685,48,811,187,-1,-1
00002370.jpg,684,48,810,187,-1,-1
00002371.jpg,684,48,810,187,-1,-1
00002372.jpg,684,48,810,187,-1,-1
00002373.jpg,684,48,810,187,-1,-1
00002374.jpg,684,48,810,187,-1,-1
00002375.jpg,684,48,810,187,-1,-1
00002376.jpg,684,48,810,187,-1,-1
00002377.jpg,684,48,810,187,-1,-1
00002378.jpg,683,48,809,187,-1,-1
00002379.jpg,683,48,809,187,-1,-1
00002380.jpg,683,48,809,187,-1,-1
00002381.jpg,683,48,809,187,-1,-1
00002382.jpg,683,48,809,187,-1,-1
00002383.jpg,683,48,809,187,-1,-1
00002384.jpg,683,48,809,187,-1,-1
00002385.jpg,681,48,807,187,-1,-1
00002386.jpg,681,48,807,187,-1,-1
00002387.jpg,680,48,806,187,-1,-1
00002388.jpg,679,47,805,186,-1,-1
00002389.jpg,679,47,805,186,-1,-1
00002390.jpg,679,47,805,186,-1,-1
00002391.jpg,679,47,805,186,-1,-1
00002392.jpg,679,48,805,187,-1,-1
00002393.jpg,679,48,805,187,-1,-1
00002394.jpg,679,48,805,187,-1,-1
00002395.jpg,678,49,804,188,-1,-1
00002396.jpg,675,50,801,189,-1,-1
00002397.jpg,675,50,801,189,-1,-1
00002398.jpg,675,50,801,189,-1,-1
