00017952.jpg,1103,107,1438,486,-1,-1
00017953.jpg,1103,107,1438,486,-1,-1
00017954.jpg,1103,107,1438,486,-1,-1
00017955.jpg,1103,107,1438,486,-1,-1
00017956.jpg,1102,106,1437,485,-1,-1
00017957.jpg,1101,104,1436,483,-1,-1
00017958.jpg,1100,103,1435,482,-1,-1
00017959.jpg,1099,100,1434,479,-1,-1
00017960.jpg,1098,98,1433,477,-1,-1
00017961.jpg,1098,98,1433,477,-1,-1
00017962.jpg,1098,96,1433,475,-1,-1
00017963.jpg,1098,96,1433,475,-1,-1
00017964.jpg,1096,93,1431,472,-1,-1
00017965.jpg,1095,92,1430,471,-1,-1
00017966.jpg,1094,91,1429,470,-1,-1
00017967.jpg,1093,89,1428,468,-1,-1
00017968.jpg,1091,88,1426,467,-1,-1
00017969.jpg,1089,85,1424,464,-1,-1
00017970.jpg,1087,84,1422,463,-1,-1
00017971.jpg,1086,83,1421,462,-1,-1
00017972.jpg,1085,82,1420,461,-1,-1
00017973.jpg,1085,81,1420,460,-1,-1
00017974.jpg,1085,81,1420,460,-1,-1
00017975.jpg,1085,80,1420,459,-1,-1
00017976.jpg,1085,79,1420,458,-1,-1
00017977.jpg,1086,78,1421,457,-1,-1
00017978.jpg,1086,77,1421,456,-1,-1
00017979.jpg,1086,75,1421,454,-1,-1
00017980.jpg,1087,74,1422,453,-1,-1
00017981.jpg,1087,73,1422,452,-1,-1
00017982.jpg,1087,72,1422,451,-1,-1
00017983.jpg,1086,71,1421,450,-1,-1
00017984.jpg,1085,70,1420,449,-1,-1
00017985.jpg,1085,71,1420,450,-1,-1
00017986.jpg,1084,70,1419,449,-1,-1
00017987.jpg,1083,72,1418,451,-1,-1
00017988.jpg,1082,72,1417,451,-1,-1
00017989.jpg,1079,73,1414,452,-1,-1
00017990.jpg,1077,73,1412,452,-1,-1
00017991.jpg,1076,73,1411,452,-1,-1
00017992.jpg,1075,73,1410,452,-1,-1
00017993.jpg,1074,72,1409,451,-1,-1
00017994.jpg,1071,70,1406,449,-1,-1
00017995.jpg,1067,67,1402,446,-1,-1
00017996.jpg,1069,69,1404,448,-1,-1
00017997.jpg,1071,72,1406,451,-1,-1
00017998.jpg,1071,72,1406,451,-1,-1
00017999.jpg,1073,76,1408,455,-1,-1
00018000.jpg,1076,81,1411,460,-1,-1
00018001.jpg,1076,81,1411,460,-1,-1
00018002.jpg,1076,82,1411,461,-1,-1
00018003.jpg,1076,83,1411,462,-1,-1
00018004.jpg,1076,84,1411,463,-1,-1
00018005.jpg,1076,86,1411,465,-1,-1
00018006.jpg,1076,87,1411,466,-1,-1
00018007.jpg,1076,90,1411,469,-1,-1
00018008.jpg,1075,90,1410,469,-1,-1
00018009.jpg,1075,94,1410,473,-1,-1
00018010.jpg,1074,98,1409,477,-1,-1
00018011.jpg,1074,101,1409,480,-1,-1
00018012.jpg,1074,102,1409,481,-1,-1
00018013.jpg,1075,102,1410,481,-1,-1
00018014.jpg,1077,97,1412,476,-1,-1
00018015.jpg,1076,87,1411,466,-1,-1
00018016.jpg,1078,85,1413,464,-1,-1
00018017.jpg,1082,80,1417,459,-1,-1
00018018.jpg,1084,77,1419,456,-1,-1
00018019.jpg,1096,85,1422,448,-1,-1
00018020.jpg,1096,85,1422,448,-1,-1
00018021.jpg,1097,84,1423,447,-1,-1
00018022.jpg,1101,81,1427,444,-1,-1
00018023.jpg,1103,78,1429,441,-1,-1
00018024.jpg,1107,74,1433,437,-1,-1
00018025.jpg,1111,69,1437,432,-1,-1
00018026.jpg,1113,68,1439,431,-1,-1
00018027.jpg,1117,64,1443,427,-1,-1
00018028.jpg,1119,62,1445,425,-1,-1
00018029.jpg,1121,60,1447,423,-1,-1
00018030.jpg,1121,57,1447,420,-1,-1
00018031.jpg,1121,57,1447,420,-1,-1
00018032.jpg,1119,56,1445,419,-1,-1
00018033.jpg,1117,56,1443,419,-1,-1
00018034.jpg,1113,56,1439,419,-1,-1
00018035.jpg,1110,57,1436,420,-1,-1
00018036.jpg,1107,57,1433,420,-1,-1
00018037.jpg,1103,57,1429,420,-1,-1
00018038.jpg,1101,56,1427,419,-1,-1
00018039.jpg,1098,56,1424,419,-1,-1
00018040.jpg,1096,56,1422,419,762,475
00018041.jpg,1095,56,1421,419,758,474
00018042.jpg,1095,56,1421,419,758,474
