00066203.jpg,1231,84,1453,339,-1,-1
00066204.jpg,1231,84,1453,339,-1,-1
00066205.jpg,1232,80,1454,335,-1,-1
00066206.jpg,1233,70,1455,325,-1,-1
00066207.jpg,1237,61,1459,316,-1,-1
00066208.jpg,1239,59,1461,314,-1,-1
00066209.jpg,1242,59,1464,314,-1,-1
00066210.jpg,1245,59,1467,314,-1,-1
00066211.jpg,1251,59,1473,314,-1,-1
00066212.jpg,1256,62,1478,317,-1,-1
00066213.jpg,1259,65,1481,320,-1,-1
00066214.jpg,1263,73,1485,328,-1,-1
00066215.jpg,1267,79,1489,334,-1,-1
00066216.jpg,1271,90,1493,345,-1,-1
00066217.jpg,1274,103,1496,358,-1,-1
00066218.jpg,1275,108,1497,363,-1,-1
00066219.jpg,1286,120,1484,354,-1,-1
00066220.jpg,1286,120,1484,354,-1,-1
00066221.jpg,1288,121,1486,355,-1,-1
00066222.jpg,1291,123,1489,357,-1,-1
00066223.jpg,1293,124,1491,358,-1,-1
00066224.jpg,1295,126,1493,360,-1,-1
00066225.jpg,1297,128,1495,362,-1,-1
00066226.jpg,1298,129,1496,363,-1,-1
00066227.jpg,1298,130,1496,364,-1,-1
00066228.jpg,1298,130,1496,364,-1,-1
00066229.jpg,1298,131,1496,365,-1,-1
00066230.jpg,1298,131,1496,365,-1,-1
00066231.jpg,1297,132,1495,366,-1,-1
00066232.jpg,1296,133,1494,367,-1,-1
00066233.jpg,1295,133,1493,367,-1,-1
00066234.jpg,1295,134,1493,368,-1,-1
00066235.jpg,1295,135,1493,369,-1,-1
00066236.jpg,1295,136,1493,370,-1,-1
00066237.jpg,1296,137,1494,371,-1,-1
00066238.jpg,1297,137,1495,371,-1,-1
00066239.jpg,1297,137,1495,371,-1,-1
00066240.jpg,1298,137,1496,371,-1,-1
00066241.jpg,1299,136,1497,370,-1,-1
00066242.jpg,1300,135,1498,369,-1,-1
00066243.jpg,1300,135,1498,369,-1,-1
00066244.jpg,1301,134,1499,368,-1,-1
00066245.jpg,1302,133,1500,367,-1,-1
00066246.jpg,1303,132,1501,366,-1,-1
00066247.jpg,1306,130,1504,364,-1,-1
00066248.jpg,1307,129,1505,363,-1,-1
00066249.jpg,1309,127,1507,361,-1,-1
00066250.jpg,1310,126,1508,360,-1,-1
00066251.jpg,1311,124,1509,358,525,575
00066252.jpg,1311,122,1509,356,621,239
00066253.jpg,1311,121,1509,355,617,244
00066254.jpg,1311,121,1509,355,620,239
00066255.jpg,1311,121,1509,355,621,239
00066256.jpg,1312,122,1510,356,585,506
00066257.jpg,1313,123,1511,357,-1,-1
00066258.jpg,1313,124,1511,358,-1,-1
00066259.jpg,1313,126,1511,360,-1,-1
00066260.jpg,1314,127,1512,361,-1,-1
00066261.jpg,1314,127,1512,361,-1,-1
00066262.jpg,1315,128,1513,362,-1,-1
00066263.jpg,1315,129,1513,363,-1,-1
00066264.jpg,1316,130,1514,364,-1,-1
00066265.jpg,1317,130,1515,364,-1,-1
00066266.jpg,1318,132,1516,366,-1,-1
00066267.jpg,1319,133,1517,367,-1,-1
00066268.jpg,1319,134,1517,368,-1,-1
00066269.jpg,1320,135,1518,369,-1,-1
00066270.jpg,1320,136,1518,370,-1,-1
00066271.jpg,1321,137,1519,371,-1,-1
00066272.jpg,1322,138,1520,372,-1,-1
00066273.jpg,1322,139,1520,373,-1,-1
00066274.jpg,1323,140,1521,374,-1,-1
00066275.jpg,1323,140,1521,374,-1,-1
00066276.jpg,1324,141,1522,375,-1,-1
00066277.jpg,1324,142,1522,376,-1,-1
00066278.jpg,1325,142,1523,376,-1,-1
00066279.jpg,1328,143,1526,377,-1,-1
00066280.jpg,1331,143,1529,377,-1,-1
00066281.jpg,1328,149,1527,372,-1,-1
00066282.jpg,1328,149,1527,372,-1,-1
00066283.jpg,1331,150,1530,373,-1,-1
00066284.jpg,1334,152,1533,375,-1,-1
00066285.jpg,1337,153,1536,376,-1,-1
00066286.jpg,1340,155,1539,378,-1,-1
00066287.jpg,1343,157,1542,380,-1,-1
00066288.jpg,1344,158,1543,381,-1,-1
00066289.jpg,1346,160,1545,383,-1,-1
00066290.jpg,1348,161,1547,384,-1,-1
00066291.jpg,1350,163,1549,386,-1,-1
00066292.jpg,1353,165,1552,388,-1,-1
00066293.jpg,1354,165,1553,388,-1,-1
00066294.jpg,1354,165,1553,388,-1,-1
