00000001.jpg,932,100,1070,236,907,336
00000002.jpg,932,100,1070,236,907,336
00000003.jpg,932,100,1070,236,907,336
00000004.jpg,932,100,1070,236,907,336
00000005.jpg,932,100,1070,236,907,336
00000006.jpg,932,100,1070,236,907,335
00000007.jpg,932,100,1070,236,907,336
00000008.jpg,932,100,1070,236,907,336
00000009.jpg,932,100,1070,236,907,336
00000010.jpg,932,100,1070,236,907,330
00000011.jpg,932,100,1070,236,907,336
00000012.jpg,932,100,1070,236,907,336
00000013.jpg,932,100,1070,236,907,336
00000014.jpg,932,100,1070,236,907,336
00000015.jpg,932,100,1070,236,907,336
00000016.jpg,932,100,1070,236,907,336
00000017.jpg,932,100,1070,236,908,330
00000018.jpg,932,100,1070,236,907,336
00000019.jpg,932,100,1070,236,907,336
00000020.jpg,932,100,1070,236,906,337
00000021.jpg,932,100,1070,236,906,337
00000022.jpg,932,100,1070,236,905,336
00000023.jpg,932,100,1070,236,904,333
00000024.jpg,932,100,1070,236,907,327
00000025.jpg,932,100,1070,236,906,323
00000026.jpg,932,100,1070,236,907,324
00000027.jpg,932,100,1070,236,907,320
00000028.jpg,932,100,1070,236,905,319
00000029.jpg,932,100,1070,236,905,321
00000030.jpg,932,100,1070,236,904,321
00000031.jpg,932,100,1070,236,906,320
00000032.jpg,932,101,1070,237,907,320
00000033.jpg,932,101,1070,237,906,319
00000034.jpg,932,101,1070,237,905,319
00000035.jpg,932,101,1070,237,902,318
00000036.jpg,932,101,1070,237,903,318
00000037.jpg,932,101,1070,237,902,315
00000038.jpg,932,101,1070,237,905,318
00000039.jpg,932,101,1070,237,902,317
00000040.jpg,932,101,1070,237,902,315
00000041.jpg,932,101,1070,237,902,314
00000042.jpg,932,101,1070,237,903,315
00000043.jpg,932,101,1070,237,904,318
00000044.jpg,932,101,1070,237,905,314
00000045.jpg,932,101,1070,237,905,318
00000046.jpg,932,101,1070,237,905,318
00000047.jpg,932,101,1070,237,904,318
00000048.jpg,932,101,1070,237,905,318
00000049.jpg,932,101,1070,237,903,318
00000050.jpg,932,101,1070,237,903,317
00000051.jpg,932,101,1070,237,902,317
00000052.jpg,932,101,1070,237,905,317
00000053.jpg,932,101,1070,237,904,317
00000054.jpg,932,101,1070,237,905,317
00000055.jpg,932,101,1070,237,907,316
00000056.jpg,932,101,1070,237,907,316
00000057.jpg,932,101,1070,237,907,316
00000058.jpg,932,101,1070,237,907,316
00000059.jpg,932,101,1070,237,907,316
00000060.jpg,932,101,1070,237,907,316
00000061.jpg,932,101,1070,237,907,316
00000062.jpg,932,101,1070,237,907,316
00000063.jpg,932,101,1070,237,907,316
00000064.jpg,931,101,1069,237,907,316
00000065.jpg,931,101,1069,237,907,316
00000066.jpg,931,101,1069,237,907,316
00000067.jpg,931,101,1069,237,907,316
00000068.jpg,931,101,1069,237,907,316
00000069.jpg,931,101,1069,237,905,323
00000070.jpg,931,100,1069,236,906,318
00000071.jpg,931,100,1069,236,905,320
00000072.jpg,931,100,1069,236,903,322
00000073.jpg,931,100,1069,236,901,330
00000074.jpg,931,100,1069,236,901,334
00000075.jpg,931,100,1069,236,898,329
00000076.jpg,931,99,1069,235,897,330
00000077.jpg,931,99,1069,235,898,327
00000078.jpg,932,98,1070,234,896,337
00000079.jpg,932,97,1070,233,896,334
00000080.jpg,933,94,1071,230,898,335
00000081.jpg,934,92,1072,228,-1,-1
00000082.jpg,935,90,1073,226,-1,-1
00000083.jpg,936,88,1074,224,234,138
00000084.jpg,937,86,1075,222,234,138
00000085.jpg,940,83,1078,219,234,138
00000086.jpg,941,82,1079,218,234,138
00000087.jpg,943,81,1081,217,234,138
00000088.jpg,945,80,1083,216,234,138
00000089.jpg,947,80,1085,216,233,138
00000090.jpg,950,80,1088,216,-1,-1
00000091.jpg,953,81,1091,217,-1,-1
00000092.jpg,956,82,1094,218,-1,-1
00000093.jpg,967,80,1093,217,-1,-1
00000094.jpg,967,80,1093,217,973,318
00000095.jpg,968,81,1094,218,973,318
00000096.jpg,968,81,1094,218,958,303
00000097.jpg,974,82,1100,219,942,302
00000098.jpg,976,82,1102,219,930,310
00000099.jpg,977,83,1103,220,913,316
00000100.jpg,977,84,1103,221,908,325
00000101.jpg,978,84,1104,221,904,330
00000102.jpg,978,84,1104,221,907,337
00000103.jpg,977,84,1103,221,906,337
00000104.jpg,976,84,1102,221,906,337
00000105.jpg,967,81,1093,218,-1,-1
00000106.jpg,967,81,1093,218,-1,-1
00000107.jpg,967,81,1093,218,-1,-1
00000108.jpg,967,81,1093,218,230,137
00000109.jpg,967,81,1093,218,232,136
00000110.jpg,967,81,1093,218,232,136
00000111.jpg,967,81,1093,218,232,137
00000112.jpg,967,80,1093,217,232,137
00000113.jpg,967,80,1093,217,232,137
00000114.jpg,967,80,1093,217,232,137
00000115.jpg,960,85,1087,212,232,137
00000116.jpg,960,85,1087,212,232,137
00000117.jpg,958,85,1085,212,232,137
00000118.jpg,956,85,1083,212,232,137
00000119.jpg,954,85,1081,212,232,137
00000120.jpg,952,86,1079,213,232,137
00000121.jpg,951,85,1078,212,232,137
00000122.jpg,949,86,1076,213,232,137
00000123.jpg,947,86,1074,213,232,137
00000124.jpg,945,87,1072,214,232,137
00000125.jpg,943,87,1070,214,232,137
00000126.jpg,941,87,1068,214,232,137
00000127.jpg,939,88,1066,215,232,137
00000128.jpg,937,88,1064,215,232,137
00000129.jpg,935,89,1062,216,232,137
00000130.jpg,934,88,1061,215,232,137
00000131.jpg,932,89,1059,216,232,137
00000132.jpg,931,89,1058,216,232,137
00000133.jpg,929,89,1056,216,232,137
00000134.jpg,928,89,1055,216,232,137
00000135.jpg,921,90,1046,215,232,137
00000136.jpg,921,90,1046,215,231,137
00000137.jpg,920,90,1045,215,234,138
00000138.jpg,918,91,1043,216,233,138
00000139.jpg,916,92,1041,217,235,140
00000140.jpg,914,93,1039,218,237,139
00000141.jpg,913,94,1038,219,238,141
00000142.jpg,913,94,1038,219,239,141
00000143.jpg,912,95,1037,220,241,141
00000144.jpg,911,95,1036,220,242,144
00000145.jpg,911,95,1036,220,245,142
00000146.jpg,911,96,1036,221,246,142
00000147.jpg,911,96,1036,221,246,145
00000148.jpg,910,96,1035,221,245,144
00000149.jpg,910,96,1035,221,246,144
00000150.jpg,910,96,1035,221,248,145
00000151.jpg,911,96,1036,221,248,145
00000152.jpg,911,96,1036,221,249,145
00000153.jpg,912,96,1037,221,246,145
00000154.jpg,912,96,1037,221,246,145
00000155.jpg,913,96,1038,221,246,145
00000156.jpg,913,96,1038,221,246,145
00000157.jpg,913,96,1038,221,246,145
00000158.jpg,914,96,1039,221,-1,-1
00000159.jpg,915,96,1040,221,-1,-1
00000160.jpg,918,95,1043,220,-1,-1
00000161.jpg,919,95,1044,220,-1,-1
00000162.jpg,919,95,1044,220,-1,-1
00000163.jpg,924,95,1046,225,-1,-1
00000164.jpg,924,95,1046,225,-1,-1
00000165.jpg,925,95,1047,225,-1,-1
00000166.jpg,926,94,1048,224,1103,333
00000167.jpg,928,93,1050,223,1104,333
00000168.jpg,930,92,1052,222,1104,332
00000169.jpg,933,91,1055,221,1103,332
00000170.jpg,935,90,1057,220,1104,332
00000171.jpg,937,89,1059,219,1103,332
00000172.jpg,939,88,1061,218,1104,332
00000173.jpg,941,88,1063,218,1106,333
00000174.jpg,946,87,1068,217,1103,334
00000175.jpg,946,87,1068,217,1104,333
