00023702.jpg,405,155,528,354,-1,-1
00023703.jpg,405,155,528,354,-1,-1
00023704.jpg,405,155,528,354,-1,-1
00023705.jpg,394,155,546,350,-1,-1
00023706.jpg,394,155,546,350,-1,-1
00023707.jpg,360,137,531,354,-1,-1
00023708.jpg,332,125,521,353,-1,-1
00023709.jpg,332,125,521,353,-1,-1
00023710.jpg,313,121,502,349,-1,-1
00023711.jpg,273,98,490,358,-1,-1
00023712.jpg,233,79,485,365,-1,-1
00023713.jpg,197,58,477,364,-1,-1
00023714.jpg,197,58,477,364,-1,-1
00023715.jpg,190,59,470,365,-1,-1
00023716.jpg,205,71,485,377,-1,-1
00023717.jpg,221,85,501,391,-1,-1
00023718.jpg,239,94,519,400,-1,-1
00023719.jpg,239,94,519,400,-1,-1
00023720.jpg,258,93,538,399,-1,-1
00023721.jpg,276,82,556,388,-1,-1
00023722.jpg,314,87,586,369,-1,-1
00023723.jpg,349,78,614,357,-1,-1
00023724.jpg,349,78,614,357,-1,-1
00023725.jpg,368,74,633,353,-1,-1
00023726.jpg,380,76,645,355,-1,-1
00023727.jpg,388,81,653,360,-1,-1
00023728.jpg,395,90,660,369,-1,-1
00023729.jpg,395,90,660,369,-1,-1
00023730.jpg,400,99,665,378,-1,-1
00023731.jpg,418,117,674,386,-1,-1
00023732.jpg,418,117,674,386,-1,-1
00023733.jpg,406,109,662,378,-1,-1
00023734.jpg,406,109,662,378,-1,-1
00023735.jpg,394,100,650,369,-1,-1
00023736.jpg,379,85,635,354,-1,-1
00023737.jpg,358,87,614,356,-1,-1
00023738.jpg,333,78,636,391,-1,-1
00023739.jpg,333,78,636,391,-1,-1
00023740.jpg,315,101,618,414,-1,-1
00023741.jpg,295,126,598,439,-1,-1
00023742.jpg,281,141,584,454,-1,-1
00023743.jpg,281,149,584,462,-1,-1
00023744.jpg,279,131,598,461,-1,-1
00023745.jpg,279,131,598,461,-1,-1
00023746.jpg,289,115,608,445,-1,-1
00023747.jpg,310,86,631,419,-1,-1
00023748.jpg,341,68,662,393,-1,-1
00023749.jpg,341,68,662,393,-1,-1
00023750.jpg,382,66,682,383,-1,-1
00023751.jpg,427,86,724,388,203,246
00023752.jpg,479,94,775,392,482,160
00023753.jpg,519,108,791,364,522,163
00023754.jpg,519,108,791,364,525,161
00023755.jpg,539,104,811,360,1226,228
00023756.jpg,543,94,815,350,1215,239
00023757.jpg,585,97,838,342,1200,248
00023758.jpg,627,91,858,321,1190,240
00023759.jpg,627,91,858,321,1184,240
00023760.jpg,642,81,873,311,1174,227
00023761.jpg,662,77,893,307,1170,220
00023762.jpg,683,78,914,308,1168,207
00023763.jpg,707,81,938,311,1167,193
00023764.jpg,707,81,938,311,1167,193
00023765.jpg,730,85,961,315,1168,192
00023766.jpg,755,91,986,321,1174,192
00023767.jpg,786,85,1016,341,1174,203
00023768.jpg,803,84,1049,353,1180,216
00023769.jpg,803,84,1049,353,1174,216
00023770.jpg,821,93,1067,362,1182,232
00023771.jpg,842,104,1088,373,1182,236
00023772.jpg,858,114,1104,383,1184,241
00023773.jpg,872,106,1099,358,1180,241
00023774.jpg,872,106,1099,358,1180,241
00023775.jpg,880,102,1107,354,1174,232
00023776.jpg,888,96,1115,348,1171,219
00023777.jpg,898,94,1125,346,1178,203
00023778.jpg,908,96,1135,348,1182,199
00023779.jpg,908,96,1135,348,1183,196
00023780.jpg,908,96,1135,348,1186,201
