00001318.jpg,382,155,648,444,358,416
00001319.jpg,382,155,648,444,366,406
00001320.jpg,396,117,644,397,372,395
00001321.jpg,396,117,644,397,382,390
00001322.jpg,396,117,644,397,382,389
00001323.jpg,407,110,655,390,391,388
00001324.jpg,417,105,665,385,397,388
00001325.jpg,426,102,674,382,405,389
00001326.jpg,432,100,680,380,415,390
00001327.jpg,432,100,680,380,417,395
00001328.jpg,435,97,683,377,421,396
00001329.jpg,436,93,684,373,423,396
00001330.jpg,433,91,681,371,426,398
00001331.jpg,431,90,679,370,433,399
00001332.jpg,431,90,679,370,433,399
00001333.jpg,430,90,678,370,436,406
00001334.jpg,432,91,680,371,631,705
00001335.jpg,433,89,679,362,733,703
00001336.jpg,432,89,682,360,801,579
00001337.jpg,432,89,682,360,740,700
00001338.jpg,430,85,693,363,806,580
00001339.jpg,438,68,686,348,808,580
00001340.jpg,445,69,693,349,820,576
00001341.jpg,451,71,699,351,828,581
00001342.jpg,451,71,699,351,828,581
00001343.jpg,470,61,718,369,832,583
00001344.jpg,470,61,718,369,835,584
00001345.jpg,474,61,722,369,840,583
00001346.jpg,476,61,724,369,1110,574
00001347.jpg,476,61,724,369,1115,570
00001348.jpg,476,62,724,370,1088,284
00001349.jpg,476,62,724,370,-1,-1
