00015837.jpg,879,131,1122,389,440,221
00015838.jpg,879,131,1122,389,440,221
00015839.jpg,879,131,1122,389,449,226
00015840.jpg,879,131,1122,389,449,226
00015841.jpg,879,131,1122,389,452,231
00015842.jpg,882,130,1125,388,452,230
00015843.jpg,885,128,1128,386,457,229
00015844.jpg,886,127,1129,385,458,231
00015845.jpg,884,128,1127,386,453,233
00015846.jpg,883,126,1126,384,448,233
00015847.jpg,883,126,1126,384,449,232
00015848.jpg,883,125,1126,383,-1,-1
00015849.jpg,882,128,1125,386,-1,-1
00015850.jpg,884,128,1127,386,-1,-1
00015851.jpg,894,125,1137,383,-1,-1
00015852.jpg,905,126,1140,369,-1,-1
00015853.jpg,905,126,1140,369,-1,-1
00015854.jpg,915,123,1150,366,-1,-1
00015855.jpg,921,128,1145,361,-1,-1
00015856.jpg,921,128,1145,361,-1,-1
00015857.jpg,925,127,1149,360,-1,-1
00015858.jpg,929,124,1153,357,-1,-1
00015859.jpg,929,124,1153,357,-1,-1
00015860.jpg,930,124,1154,357,-1,-1
00015861.jpg,947,133,1159,351,-1,-1
00015862.jpg,947,133,1159,351,-1,-1
00015863.jpg,944,134,1156,352,-1,-1
00015864.jpg,940,135,1152,353,-1,-1
00015865.jpg,940,135,1152,353,-1,-1
00015866.jpg,937,134,1149,352,-1,-1
00015867.jpg,941,130,1167,351,-1,-1
00015868.jpg,930,130,1155,358,-1,-1
00015869.jpg,928,132,1152,361,-1,-1
00015870.jpg,928,132,1152,361,-1,-1
00015871.jpg,928,132,1152,361,-1,-1
00015872.jpg,924,136,1148,365,-1,-1
00015873.jpg,920,137,1144,366,-1,-1
00015874.jpg,918,137,1142,366,-1,-1
00015875.jpg,920,137,1144,366,-1,-1
00015876.jpg,918,137,1142,366,-1,-1
00015877.jpg,918,137,1142,366,-1,-1
00015878.jpg,915,140,1139,369,-1,-1
00015879.jpg,918,139,1142,368,-1,-1
00015880.jpg,920,137,1144,366,-1,-1
00015881.jpg,919,140,1143,369,-1,-1
00015882.jpg,919,140,1143,369,-1,-1
00015883.jpg,919,140,1143,369,-1,-1
00015884.jpg,920,140,1144,369,-1,-1
00015885.jpg,920,141,1144,370,-1,-1
00015886.jpg,919,139,1143,368,-1,-1
00015887.jpg,917,139,1141,368,-1,-1
00015888.jpg,911,143,1135,372,-1,-1
00015889.jpg,911,143,1135,372,-1,-1
00015890.jpg,903,146,1127,375,-1,-1
00015891.jpg,899,147,1123,376,-1,-1
00015892.jpg,886,136,1127,379,371,241
00015893.jpg,886,136,1127,379,371,241
00015894.jpg,886,135,1127,378,371,241
00015895.jpg,886,135,1127,378,371,241
00015896.jpg,885,136,1126,379,371,241
00015897.jpg,885,138,1126,381,371,241
00015898.jpg,886,137,1127,380,371,241
00015899.jpg,885,136,1126,379,371,241
00015900.jpg,883,137,1124,380,371,241
00015901.jpg,883,137,1124,380,371,241
00015902.jpg,881,135,1122,378,371,241
00015903.jpg,879,135,1120,378,371,241
00015904.jpg,876,138,1117,381,371,241
00015905.jpg,874,139,1115,382,371,241
00015906.jpg,875,139,1116,382,371,241
00015907.jpg,875,139,1116,382,371,241
00015908.jpg,877,137,1118,380,371,241
00015909.jpg,878,138,1119,381,371,241
00015910.jpg,880,139,1121,382,371,241
00015911.jpg,883,137,1124,380,371,241
00015912.jpg,884,137,1125,380,371,241
00015913.jpg,884,137,1125,380,371,241
00015914.jpg,884,138,1125,381,372,241
00015915.jpg,884,138,1125,381,373,237
