00000000.jpg,677,84,809,224,810,456
00000001.jpg,677,84,809,224,809,456
00000002.jpg,677,84,809,224,809,456
00000003.jpg,677,84,809,224,809,456
00000004.jpg,677,84,809,224,809,456
00000005.jpg,677,84,809,224,810,458
00000006.jpg,677,84,809,224,809,457
00000007.jpg,668,84,800,224,809,457
00000008.jpg,659,83,791,223,792,450
00000009.jpg,651,83,783,223,781,449
00000010.jpg,651,83,783,223,781,448
00000011.jpg,649,83,781,223,781,448
00000012.jpg,647,84,779,224,781,448
00000013.jpg,645,82,777,222,785,449
00000014.jpg,642,81,774,221,785,449
00000015.jpg,637,81,769,221,785,449
00000016.jpg,637,81,769,221,789,449
00000017.jpg,631,81,763,221,786,449
00000018.jpg,631,81,763,221,786,449
00000019.jpg,624,81,756,221,786,449
00000020.jpg,617,81,749,221,786,449
00000021.jpg,610,80,742,220,786,449
00000022.jpg,610,80,742,220,785,449
00000023.jpg,604,78,736,218,784,448
00000024.jpg,598,76,730,216,780,445
00000025.jpg,591,74,723,214,776,446
00000026.jpg,585,73,717,213,776,446
00000027.jpg,580,72,712,212,776,446
00000028.jpg,580,72,712,212,776,446
00000029.jpg,575,72,707,212,776,446
00000030.jpg,568,72,700,212,776,446
00000031.jpg,563,72,695,212,776,446
00000032.jpg,547,69,693,221,772,441
00000033.jpg,547,69,693,221,774,440
00000034.jpg,547,69,693,221,774,440
00000035.jpg,546,72,692,224,577,642
00000036.jpg,545,74,691,226,-1,-1
00000037.jpg,542,72,688,224,-1,-1
00000038.jpg,540,68,686,220,-1,-1
00000039.jpg,541,65,687,217,-1,-1
00000040.jpg,541,65,687,217,-1,-1
00000041.jpg,543,64,689,216,-1,-1
00000042.jpg,549,67,695,219,-1,-1
00000043.jpg,556,72,702,224,-1,-1
00000044.jpg,561,79,707,231,866,428
00000045.jpg,567,89,713,241,881,428
00000046.jpg,567,89,713,241,881,428
00000047.jpg,574,96,720,248,897,426
00000048.jpg,583,96,729,248,909,428
00000049.jpg,594,87,740,239,929,433
00000050.jpg,605,73,751,225,946,434
00000051.jpg,616,62,762,214,960,430
00000052.jpg,616,62,762,214,961,428
00000053.jpg,624,57,770,209,970,428
00000054.jpg,621,57,766,216,977,418
00000055.jpg,622,70,761,241,977,420
00000056.jpg,614,84,752,262,977,420
00000057.jpg,588,101,745,268,974,420
00000058.jpg,591,106,747,273,970,420
00000059.jpg,591,106,747,273,970,420
00000060.jpg,591,106,747,273,970,420
