00000001.jpg,179,158,300,285,350,362
00000002.jpg,179,158,300,285,350,362
00000003.jpg,179,158,300,285,350,362
00000004.jpg,179,158,300,285,350,362
00000005.jpg,179,159,300,286,350,359
00000006.jpg,179,159,300,286,349,356
00000007.jpg,179,159,300,286,349,348
00000008.jpg,171,158,292,285,348,343
00000009.jpg,171,159,292,286,343,342
00000010.jpg,171,159,292,286,342,341
00000011.jpg,170,159,291,286,340,340
00000012.jpg,170,159,291,286,340,340
00000013.jpg,168,159,289,286,340,340
00000014.jpg,170,160,291,287,340,340
00000015.jpg,170,160,291,287,340,340
00000016.jpg,170,160,291,287,340,340
00000017.jpg,170,160,291,287,340,340
00000018.jpg,170,160,291,287,342,338
00000019.jpg,170,160,291,287,341,339
00000020.jpg,171,160,292,287,340,340
00000021.jpg,179,159,300,286,1049,227
00000022.jpg,179,160,300,287,1049,227
00000023.jpg,179,160,300,287,1048,231
00000024.jpg,179,159,300,286,1047,232
00000025.jpg,179,159,300,286,1044,231
00000026.jpg,179,159,300,286,1045,232
00000027.jpg,179,158,300,285,1038,233
00000028.jpg,179,158,300,285,1034,234
00000029.jpg,179,158,300,285,1029,236
00000030.jpg,179,159,300,286,1025,237
00000031.jpg,179,159,300,286,1025,237
00000032.jpg,179,159,300,286,1022,242
00000033.jpg,179,159,300,286,1018,241
00000034.jpg,179,158,300,285,1016,240
00000035.jpg,179,158,300,285,1014,240
00000036.jpg,179,158,300,285,1012,240
00000037.jpg,179,159,300,286,1007,240
00000038.jpg,179,159,300,286,1006,241
00000039.jpg,179,158,300,285,1006,244
00000040.jpg,179,158,300,285,1005,244
00000041.jpg,165,159,286,286,1004,243
00000042.jpg,171,160,292,287,1001,242
00000043.jpg,171,161,292,288,1001,242
00000044.jpg,179,159,300,286,998,243
00000045.jpg,179,159,300,286,998,243
00000046.jpg,179,159,300,286,998,243
00000047.jpg,179,159,300,286,997,240
00000048.jpg,179,159,300,286,997,238
00000049.jpg,179,160,300,287,994,238
00000050.jpg,179,160,300,287,995,238
00000051.jpg,179,159,300,286,995,238
00000052.jpg,179,159,300,286,997,238
00000053.jpg,179,158,300,285,999,238
00000054.jpg,179,159,300,286,1004,238
00000055.jpg,179,159,300,286,1001,237
00000056.jpg,179,159,300,286,1001,236
00000057.jpg,179,159,300,286,999,234
00000058.jpg,179,159,300,286,999,231
00000059.jpg,179,159,300,286,999,232
00000060.jpg,179,159,300,286,998,230
00000061.jpg,179,159,300,286,998,230
00000062.jpg,179,159,300,286,998,230
00000063.jpg,179,159,300,286,998,230
00000064.jpg,179,159,300,286,998,229
00000065.jpg,179,159,300,286,996,227
00000066.jpg,179,159,300,286,996,227
00000067.jpg,179,159,300,286,996,227
00000068.jpg,179,159,300,286,996,227
00000069.jpg,179,159,300,286,996,227
00000070.jpg,179,159,300,286,996,227
00000071.jpg,179,159,300,286,994,228
00000072.jpg,179,159,300,286,995,229
00000073.jpg,179,159,300,286,996,230
00000074.jpg,179,159,300,286,995,230
00000075.jpg,179,159,300,286,992,230
00000076.jpg,179,159,300,286,991,231
