00006390.jpg,567,10,835,299,711,792
00006391.jpg,563,9,832,301,708,793
00006392.jpg,560,10,830,302,713,801
00006393.jpg,555,10,829,304,712,790
00006394.jpg,555,10,829,304,713,790
00006395.jpg,551,10,827,307,717,790
00006396.jpg,549,10,826,310,724,790
00006397.jpg,549,10,825,310,729,790
00006398.jpg,552,10,822,306,728,790
00006399.jpg,551,11,822,306,729,788
00006400.jpg,554,10,822,305,736,794
00006401.jpg,557,10,825,304,732,785
00006402.jpg,560,9,828,304,731,790
00006403.jpg,564,10,828,302,731,789
00006404.jpg,564,10,828,300,732,789
00006405.jpg,564,11,830,301,735,789
00006406.jpg,566,12,831,300,741,788
00006407.jpg,566,12,830,299,737,788
00006408.jpg,567,10,832,298,740,788
00006409.jpg,566,10,833,299,744,788
00006410.jpg,565,7,836,302,744,785
00006411.jpg,565,7,836,302,741,788
00006412.jpg,565,6,836,301,737,792
00006413.jpg,564,5,835,300,743,789
00006414.jpg,559,0,835,302,741,789
00006415.jpg,553,0,836,302,-1,-1
00006416.jpg,554,0,835,298,-1,-1
00006417.jpg,554,0,833,295,-1,-1
00006418.jpg,557,0,837,295,372,800
00006419.jpg,557,0,836,295,372,800
00006420.jpg,559,0,838,295,372,800
00006421.jpg,563,0,834,295,372,800
00006422.jpg,566,3,837,298,372,800
00006423.jpg,567,5,838,300,372,800
00006424.jpg,567,5,838,300,372,800
00006425.jpg,567,6,838,301,372,800
00006426.jpg,568,7,839,302,372,800
00006427.jpg,568,8,839,303,372,800
00006428.jpg,542,17,823,343,372,800
00006429.jpg,542,17,823,343,372,800
00006430.jpg,541,17,822,343,372,800
00006431.jpg,541,15,822,341,372,800
00006432.jpg,541,15,822,341,372,800
00006433.jpg,541,13,822,339,372,800
00006434.jpg,541,13,822,339,372,800
00006435.jpg,541,11,822,337,372,800
00006436.jpg,541,10,822,336,372,800
00006437.jpg,542,8,823,334,372,800
00006438.jpg,542,3,823,329,372,800
00006439.jpg,542,3,823,329,372,800
00006440.jpg,540,9,813,334,372,800
00006441.jpg,540,9,813,334,372,800
00006442.jpg,539,6,812,331,372,800
00006443.jpg,540,3,813,328,372,800
00006444.jpg,540,3,813,328,372,800
00006445.jpg,539,12,812,337,372,800
00006446.jpg,516,5,785,324,372,800
00006447.jpg,516,5,785,324,372,800
00006448.jpg,513,11,782,330,372,800
00006449.jpg,513,11,782,330,372,800
00006450.jpg,513,13,782,332,372,800
00006451.jpg,494,11,763,330,372,800
00006452.jpg,492,10,761,329,372,800
00006453.jpg,490,8,759,327,372,800
00006454.jpg,490,8,759,327,372,800
00006455.jpg,488,5,757,324,372,800
00006456.jpg,485,0,754,319,372,800
00006457.jpg,485,0,754,319,372,800
00006458.jpg,487,0,756,319,372,800
00006459.jpg,487,0,756,319,372,800
00006460.jpg,493,0,762,319,-1,-1
00006461.jpg,498,2,767,321,803,501
00006462.jpg,503,4,772,323,751,496
00006463.jpg,507,4,776,323,727,486
00006464.jpg,507,4,776,323,727,485
00006465.jpg,510,5,779,324,717,481
00006466.jpg,512,5,781,324,717,481
00006467.jpg,514,5,783,324,721,481
00006468.jpg,522,8,791,327,723,481
00006469.jpg,522,8,791,327,728,484
00006470.jpg,523,8,792,327,729,486
00006471.jpg,524,7,793,326,729,486
00006472.jpg,525,8,794,327,729,486
00006473.jpg,526,8,795,327,729,486
00006474.jpg,526,8,795,327,731,486
00006475.jpg,527,8,796,327,731,486
00006476.jpg,527,8,796,327,737,481
00006477.jpg,528,8,797,327,737,481
00006478.jpg,528,8,797,327,739,481
00006479.jpg,528,8,797,327,739,481
00006480.jpg,528,8,797,327,-1,-1
00006481.jpg,530,7,799,326,-1,-1
00006482.jpg,532,8,801,327,-1,-1
00006483.jpg,533,8,802,327,-1,-1
00006484.jpg,533,8,802,327,-1,-1
00006485.jpg,534,7,803,326,485,836
00006486.jpg,534,5,803,324,485,836
00006487.jpg,534,3,803,322,485,836
00006488.jpg,534,2,803,321,485,836
00006489.jpg,534,2,803,321,485,836
00006490.jpg,535,1,804,320,485,836
00006491.jpg,535,2,804,321,485,836
00006492.jpg,536,2,805,321,484,833
00006493.jpg,537,3,806,322,484,833
00006494.jpg,537,3,806,322,484,833
00006495.jpg,537,4,806,323,484,833
00006496.jpg,538,4,807,323,484,833
00006497.jpg,538,4,807,323,484,833
00006498.jpg,539,4,808,323,484,833
00006499.jpg,539,4,808,323,484,833
00006500.jpg,540,5,809,324,484,833
00006501.jpg,545,10,814,329,484,833
00006502.jpg,551,18,820,337,484,833
00006503.jpg,559,28,828,347,484,833
00006504.jpg,559,28,828,347,484,833
00006505.jpg,569,38,838,357,-1,-1
00006506.jpg,581,50,850,369,1125,908
00006507.jpg,594,63,863,382,1125,908
00006508.jpg,607,74,876,393,1125,908
00006509.jpg,607,74,876,393,1125,908
00006510.jpg,619,84,888,403,1125,908
00006511.jpg,641,97,910,416,1125,908
00006512.jpg,658,106,927,425,1125,908
00006513.jpg,667,113,936,432,1125,908
00006514.jpg,667,113,936,432,1125,908
00006515.jpg,675,132,944,451,1125,908
00006516.jpg,670,127,958,475,1125,908
00006517.jpg,670,127,958,475,1125,908
00006518.jpg,671,138,959,486,1125,908
00006519.jpg,685,132,976,482,1125,908
00006520.jpg,685,132,976,482,1125,908
00006521.jpg,716,166,994,524,1125,908
00006522.jpg,716,166,994,524,1125,908
00006523.jpg,720,185,1011,544,1125,914
00006524.jpg,720,185,1011,544,1125,914
00006525.jpg,721,193,1012,552,1125,914
00006526.jpg,722,195,1013,554,-1,-1
00006527.jpg,722,191,1013,550,-1,-1
00006528.jpg,724,178,1015,537,512,837
00006529.jpg,724,178,1015,537,512,837
00006530.jpg,724,183,1015,542,512,837
00006531.jpg,725,184,1016,543,512,837
00006532.jpg,727,177,1018,536,512,837
00006533.jpg,727,176,1018,535,512,837
00006534.jpg,727,176,1018,535,512,837
00006535.jpg,718,166,1008,529,512,837
00006536.jpg,718,166,1008,529,512,837
00006537.jpg,708,153,998,516,512,837
00006538.jpg,698,139,988,502,512,837
00006539.jpg,698,139,988,502,512,837
00006540.jpg,690,127,980,490,512,837
00006541.jpg,682,118,972,481,512,837
00006542.jpg,674,113,964,476,512,837
00006543.jpg,666,112,956,475,512,837
00006544.jpg,657,102,961,465,512,837
00006545.jpg,657,102,961,465,512,837
00006546.jpg,650,103,954,466,512,837
00006547.jpg,644,104,948,467,512,837
00006548.jpg,638,103,942,466,512,837
00006549.jpg,638,103,942,466,512,837
00006550.jpg,632,99,936,462,512,837
00006551.jpg,626,92,930,455,512,837
00006552.jpg,619,83,923,446,512,837
00006553.jpg,612,72,916,435,512,837
00006554.jpg,612,72,916,435,512,837
00006555.jpg,606,61,910,424,512,837
00006556.jpg,582,51,868,393,512,837
00006557.jpg,582,51,868,393,512,837
00006558.jpg,580,41,866,383,512,837
00006559.jpg,580,41,866,383,512,837
00006560.jpg,578,32,864,374,512,837
00006561.jpg,576,21,862,363,512,837
00006562.jpg,579,6,868,356,512,837
00006563.jpg,579,6,868,356,512,837
00006564.jpg,575,6,856,332,512,837
00006565.jpg,575,6,856,332,512,837
00006566.jpg,575,3,856,329,512,837
00006567.jpg,575,0,856,326,512,837
00006568.jpg,575,0,856,326,512,837
00006569.jpg,575,0,856,326,512,837
00006570.jpg,575,0,856,326,515,832
00006571.jpg,576,0,857,326,517,829
00006572.jpg,578,0,859,326,517,829
00006573.jpg,580,0,861,326,517,829
00006574.jpg,580,0,861,326,516,828
00006575.jpg,581,0,862,326,516,828
00006576.jpg,580,0,861,326,516,828
00006577.jpg,582,0,863,326,516,828
00006578.jpg,581,0,862,326,516,828
00006579.jpg,581,0,862,326,516,828
00006580.jpg,579,0,860,326,516,828
00006581.jpg,577,0,858,326,516,828
00006582.jpg,571,0,852,326,-1,-1
00006583.jpg,570,0,851,326,-1,-1
00006584.jpg,570,0,851,326,-1,-1
00006585.jpg,592,4,858,323,-1,-1
00006586.jpg,592,4,858,323,-1,-1
00006587.jpg,594,3,860,322,1212,448
00006588.jpg,602,10,868,329,1212,448
00006589.jpg,602,10,868,329,1212,448
00006590.jpg,607,12,873,331,1212,448
00006591.jpg,613,14,879,333,1212,448
00006592.jpg,616,13,882,332,1212,448
00006593.jpg,615,12,881,331,1212,448
00006594.jpg,615,12,881,331,1212,446
00006595.jpg,611,9,877,328,1211,446
00006596.jpg,605,4,871,323,1211,448
00006597.jpg,597,0,863,319,1211,448
00006598.jpg,591,0,857,319,1211,448
00006599.jpg,591,0,857,319,1211,448
00006600.jpg,584,0,850,319,1211,448
00006601.jpg,576,0,842,319,1211,448
00006602.jpg,570,0,836,319,1211,448
00006603.jpg,564,0,830,319,1211,448
00006604.jpg,564,0,830,319,1211,448
00006605.jpg,551,0,817,319,1196,449
00006606.jpg,544,2,826,295,1211,448
00006607.jpg,544,2,826,295,1211,448
00006608.jpg,542,3,824,296,1200,449
00006609.jpg,542,3,824,296,1201,449
00006610.jpg,541,4,823,297,1197,454
00006611.jpg,541,4,823,297,1199,450
00006612.jpg,540,5,822,298,1199,449
00006613.jpg,540,5,822,298,1177,446
00006614.jpg,540,5,822,298,1183,445
00006615.jpg,539,4,821,297,1177,437
00006616.jpg,538,4,820,297,1165,432
00006617.jpg,514,2,793,309,-1,-1
00006618.jpg,514,2,793,309,-1,-1
00006619.jpg,514,2,793,309,509,857
00006620.jpg,497,4,753,285,509,857
00006621.jpg,497,4,753,285,509,857
00006622.jpg,483,7,739,288,509,857
00006623.jpg,483,7,739,288,509,857
00006624.jpg,470,10,726,291,509,857
00006625.jpg,457,11,713,292,509,857
00006626.jpg,445,10,701,291,509,857
00006627.jpg,433,5,689,286,509,857
00006628.jpg,433,5,689,286,509,857
00006629.jpg,424,0,680,281,509,857
00006630.jpg,417,0,673,281,509,857
00006631.jpg,412,0,668,281,509,857
00006632.jpg,431,0,687,281,509,857
00006633.jpg,431,0,687,281,509,857
00006634.jpg,430,0,686,281,509,857
00006635.jpg,430,0,686,281,509,857
00006636.jpg,405,1,699,286,509,857
00006637.jpg,405,1,699,286,509,857
00006638.jpg,405,1,699,286,509,857
00006639.jpg,409,2,703,287,509,857
00006640.jpg,416,4,710,289,509,857
00006641.jpg,419,5,713,290,509,857
00006642.jpg,414,8,708,293,509,857
00006643.jpg,414,8,708,293,509,857
00006644.jpg,397,2,701,296,509,857
00006645.jpg,397,2,701,296,509,857
00006646.jpg,398,3,702,297,509,857
00006647.jpg,399,3,703,297,509,857
00006648.jpg,399,3,703,297,509,857
00006649.jpg,400,5,704,299,509,857
00006650.jpg,400,6,704,300,503,872
00006651.jpg,398,8,702,302,496,869
00006652.jpg,399,9,703,303,-1,-1
00006653.jpg,399,9,703,303,-1,-1
00006654.jpg,416,1,745,347,823,493
00006655.jpg,416,1,745,347,1211,470
00006656.jpg,428,1,757,347,1211,470
00006657.jpg,444,0,773,346,1211,470
00006658.jpg,444,0,773,346,1211,470
00006659.jpg,454,0,783,346,1209,470
00006660.jpg,461,1,790,347,1209,470
00006661.jpg,465,2,794,348,1209,470
00006662.jpg,466,4,795,350,1209,472
00006663.jpg,466,4,795,350,1209,472
00006664.jpg,466,8,795,354,1207,472
00006665.jpg,467,10,796,356,1207,472
00006666.jpg,468,12,797,358,1207,472
00006667.jpg,479,1,794,353,1207,472
00006668.jpg,479,1,794,353,1207,472
00006669.jpg,479,3,794,355,1205,472
00006670.jpg,480,5,795,357,1205,472
00006671.jpg,480,10,795,362,1205,472
00006672.jpg,497,3,791,351,1204,472
00006673.jpg,497,3,791,351,1204,472
00006674.jpg,498,7,792,355,1203,472
00006675.jpg,498,11,792,359,1203,472
00006676.jpg,495,16,789,364,1203,472
00006677.jpg,508,16,802,364,1203,472
00006678.jpg,508,16,802,364,1203,472
00006679.jpg,511,19,805,367,1199,474
00006680.jpg,511,13,809,348,1199,474
00006681.jpg,511,13,809,348,1199,474
00006682.jpg,511,14,809,349,1199,474
00006683.jpg,511,14,809,349,1199,474
00006684.jpg,511,15,809,350,1199,474
00006685.jpg,511,15,809,350,1199,478
00006686.jpg,513,14,811,349,1207,494
00006687.jpg,514,14,812,349,-1,-1
00006688.jpg,514,14,812,349,-1,-1
00006689.jpg,515,13,813,348,-1,-1
00006690.jpg,515,13,813,348,519,686
