00015284.jpg,514,32,743,282,83,206
00015285.jpg,514,32,743,282,83,206
00015286.jpg,514,32,743,282,83,206
00015287.jpg,514,32,743,282,82,207
00015288.jpg,516,33,745,283,82,207
00015289.jpg,518,34,747,284,82,207
00015290.jpg,521,36,750,286,82,210
00015291.jpg,523,38,752,288,82,210
00015292.jpg,524,38,753,288,82,210
00015293.jpg,525,40,754,290,82,209
00015294.jpg,525,40,754,290,82,206
00015295.jpg,526,41,755,291,82,201
00015296.jpg,526,43,755,293,79,199
00015297.jpg,525,45,754,295,78,198
00015298.jpg,524,45,753,295,78,198
00015299.jpg,522,45,751,295,76,197
00015300.jpg,520,45,749,295,73,197
00015301.jpg,518,43,747,293,72,199
00015302.jpg,516,42,745,292,72,199
00015303.jpg,516,42,745,292,72,199
00015304.jpg,516,42,745,292,71,199
00015305.jpg,514,40,743,290,70,198
00015306.jpg,512,39,741,289,70,198
00015307.jpg,509,40,738,290,70,198
00015308.jpg,507,41,736,291,70,198
00015309.jpg,507,41,736,291,70,198
00015310.jpg,504,44,733,294,72,198
00015311.jpg,503,45,732,295,72,198
00015312.jpg,503,45,732,295,74,199
00015313.jpg,502,44,731,294,74,199
00015314.jpg,502,44,731,294,75,199
00015315.jpg,502,44,731,294,75,199
00015316.jpg,502,43,731,293,75,199
00015317.jpg,503,43,732,293,75,199
00015318.jpg,504,43,733,293,75,199
00015319.jpg,505,42,734,292,75,199
00015320.jpg,505,37,734,293,75,199
00015321.jpg,505,37,734,293,75,199
00015322.jpg,505,37,734,293,75,199
00015323.jpg,505,37,734,293,75,199
00015324.jpg,505,37,734,293,75,199
00015325.jpg,505,36,734,292,75,199
00015326.jpg,505,36,734,292,75,199
00015327.jpg,505,36,734,292,75,199
00015328.jpg,504,36,733,292,75,199
00015329.jpg,504,36,733,292,75,199
00015330.jpg,503,35,732,291,75,199
00015331.jpg,503,35,732,291,75,199
00015332.jpg,502,35,731,291,75,199
00015333.jpg,501,35,730,291,74,199
00015334.jpg,501,35,730,291,74,199
00015335.jpg,500,34,729,290,73,199
00015336.jpg,500,34,729,290,73,200
00015337.jpg,499,34,728,290,73,200
00015338.jpg,499,33,728,289,72,201
00015339.jpg,498,33,727,289,73,201
00015340.jpg,498,33,727,289,72,201
00015341.jpg,498,34,727,290,72,201
00015342.jpg,498,34,727,290,72,201
00015343.jpg,499,35,728,291,72,201
00015344.jpg,499,35,728,291,72,201
00015345.jpg,500,35,729,291,72,201
00015346.jpg,501,35,730,291,72,201
00015347.jpg,502,35,731,291,72,201
00015348.jpg,502,36,731,292,72,201
00015349.jpg,503,36,732,292,72,201
00015350.jpg,503,37,732,293,72,201
00015351.jpg,504,38,733,294,72,201
00015352.jpg,506,38,735,294,72,201
00015353.jpg,506,38,735,294,72,201
00015354.jpg,506,38,735,294,72,201
00015355.jpg,509,37,738,293,72,201
00015356.jpg,512,36,741,292,72,201
00015357.jpg,516,38,745,294,72,201
00015358.jpg,519,40,748,296,-1,-1
00015359.jpg,519,40,748,296,-1,-1
00015360.jpg,524,40,753,296,-1,-1
00015361.jpg,535,35,758,285,-1,-1
00015362.jpg,535,35,758,285,-1,-1
00015363.jpg,538,35,761,285,-1,-1
00015364.jpg,538,35,761,285,-1,-1
00015365.jpg,538,35,761,285,-1,-1
00015366.jpg,541,35,764,285,-1,-1
00015367.jpg,543,35,766,285,-1,-1
00015368.jpg,544,36,767,286,-1,-1
00015369.jpg,544,36,767,286,-1,-1
00015370.jpg,544,36,767,286,-1,-1
00015371.jpg,544,36,767,286,-1,-1
00015372.jpg,543,35,766,285,-1,-1
00015373.jpg,544,35,767,285,-1,-1
00015374.jpg,544,35,767,285,-1,-1
00015375.jpg,544,36,767,286,-1,-1
00015376.jpg,544,36,767,286,-1,-1
00015377.jpg,545,36,768,286,-1,-1
00015378.jpg,546,37,769,287,-1,-1
00015379.jpg,548,37,771,287,-1,-1
00015380.jpg,550,38,773,288,-1,-1
00015381.jpg,550,38,773,288,-1,-1
00015382.jpg,552,38,775,288,-1,-1
00015383.jpg,553,39,776,289,-1,-1
00015384.jpg,553,39,776,289,-1,-1
00015385.jpg,554,39,777,289,-1,-1
00015386.jpg,555,39,778,289,-1,-1
00015387.jpg,555,40,778,290,-1,-1
00015388.jpg,556,40,779,290,-1,-1
00015389.jpg,556,40,779,290,-1,-1
00015390.jpg,556,41,779,291,-1,-1
00015391.jpg,557,42,780,292,-1,-1
00015392.jpg,557,42,780,292,-1,-1
00015393.jpg,556,41,779,291,-1,-1
00015394.jpg,556,42,779,292,-1,-1
00015395.jpg,556,42,779,292,-1,-1
00015396.jpg,555,42,778,292,-1,-1
00015397.jpg,555,42,778,292,-1,-1
00015398.jpg,555,42,778,292,-1,-1
00015399.jpg,555,43,778,293,-1,-1
00015400.jpg,554,44,777,294,-1,-1
00015401.jpg,554,45,777,295,-1,-1
00015402.jpg,554,46,777,296,-1,-1
00015403.jpg,554,46,777,296,-1,-1
00015404.jpg,554,46,777,296,-1,-1
00015405.jpg,554,46,777,296,-1,-1
