00015284.jpg,991,105,1192,309,-1,-1
00015285.jpg,991,105,1192,309,-1,-1
00015286.jpg,991,105,1192,309,-1,-1
00015287.jpg,991,105,1192,309,-1,-1
00015288.jpg,992,106,1193,310,-1,-1
00015289.jpg,994,105,1195,309,-1,-1
00015290.jpg,995,104,1196,308,-1,-1
00015291.jpg,997,102,1198,306,-1,-1
00015292.jpg,997,102,1198,306,-1,-1
00015293.jpg,999,100,1200,304,-1,-1
00015294.jpg,999,100,1200,304,-1,-1
00015295.jpg,1001,98,1202,302,-1,-1
00015296.jpg,1003,97,1204,301,-1,-1
00015297.jpg,1005,97,1206,301,-1,-1
00015298.jpg,1005,97,1206,301,-1,-1
00015299.jpg,1007,96,1208,300,-1,-1
00015300.jpg,1009,95,1210,299,-1,-1
00015301.jpg,1010,94,1211,298,-1,-1
00015302.jpg,1012,93,1213,297,-1,-1
00015303.jpg,1012,93,1213,297,-1,-1
00015304.jpg,1012,93,1213,297,-1,-1
00015305.jpg,1013,92,1214,296,-1,-1
00015306.jpg,1013,92,1214,296,-1,-1
00015307.jpg,1013,93,1214,297,-1,-1
00015308.jpg,1014,93,1215,297,-1,-1
00015309.jpg,1014,93,1215,297,-1,-1
00015310.jpg,1013,95,1214,299,-1,-1
00015311.jpg,1013,96,1214,300,-1,-1
00015312.jpg,1011,98,1212,302,-1,-1
00015313.jpg,1010,100,1211,304,-1,-1
00015314.jpg,1010,100,1211,304,-1,-1
00015315.jpg,1010,100,1211,304,-1,-1
00015316.jpg,1008,103,1209,307,-1,-1
00015317.jpg,1006,104,1207,308,-1,-1
00015318.jpg,1004,107,1205,311,-1,-1
00015319.jpg,1001,108,1202,312,-1,-1
00015320.jpg,1001,108,1202,312,-1,-1
00015321.jpg,999,110,1200,314,-1,-1
00015322.jpg,996,111,1197,315,-1,-1
00015323.jpg,992,111,1193,315,-1,-1
00015324.jpg,992,111,1193,315,-1,-1
00015325.jpg,989,111,1190,315,-1,-1
00015326.jpg,989,111,1190,315,-1,-1
00015327.jpg,987,111,1188,315,-1,-1
00015328.jpg,984,111,1185,315,-1,-1
00015329.jpg,983,111,1184,315,-1,-1
00015330.jpg,980,111,1181,315,-1,-1
00015331.jpg,980,111,1181,315,-1,-1
00015332.jpg,979,111,1180,315,-1,-1
00015333.jpg,978,111,1179,315,-1,-1
00015334.jpg,978,111,1179,315,-1,-1
00015335.jpg,977,111,1178,315,-1,-1
00015336.jpg,977,111,1178,315,-1,-1
00015337.jpg,977,111,1178,315,-1,-1
00015338.jpg,978,111,1179,315,-1,-1
00015339.jpg,981,113,1182,317,-1,-1
00015340.jpg,985,116,1186,320,-1,-1
00015341.jpg,990,119,1191,323,-1,-1
00015342.jpg,990,119,1191,323,-1,-1
00015343.jpg,994,122,1195,326,-1,-1
00015344.jpg,994,122,1195,326,-1,-1
00015345.jpg,998,127,1199,331,-1,-1
00015346.jpg,1002,130,1203,334,-1,-1
00015347.jpg,1006,132,1207,336,-1,-1
00015348.jpg,1006,132,1207,336,-1,-1
00015349.jpg,1008,133,1209,337,-1,-1
00015350.jpg,1010,134,1211,338,-1,-1
00015351.jpg,1013,136,1214,340,-1,-1
00015352.jpg,1013,137,1214,341,-1,-1
00015353.jpg,1013,137,1214,341,-1,-1
00015354.jpg,1013,137,1214,341,-1,-1
00015355.jpg,1015,138,1216,342,-1,-1
00015356.jpg,1015,139,1216,343,-1,-1
00015357.jpg,1016,140,1217,344,-1,-1
00015358.jpg,1015,140,1216,344,-1,-1
00015359.jpg,1016,141,1217,345,-1,-1
00015360.jpg,1014,141,1215,345,-1,-1
00015361.jpg,1014,142,1215,346,-1,-1
00015362.jpg,1013,142,1214,346,-1,-1
00015363.jpg,1011,143,1212,347,-1,-1
00015364.jpg,1011,143,1212,347,-1,-1
00015365.jpg,1011,143,1212,347,-1,-1
00015366.jpg,1009,143,1210,347,-1,-1
00015367.jpg,1008,142,1209,346,-1,-1
00015368.jpg,1006,143,1207,347,-1,-1
00015369.jpg,1005,142,1206,346,-1,-1
00015370.jpg,1005,142,1206,346,-1,-1
00015371.jpg,1004,141,1205,345,-1,-1
00015372.jpg,1003,140,1204,344,-1,-1
00015373.jpg,1002,141,1203,345,-1,-1
00015374.jpg,1002,140,1203,344,-1,-1
00015375.jpg,1001,141,1202,345,-1,-1
00015376.jpg,1001,141,1202,345,-1,-1
00015377.jpg,1000,140,1201,344,-1,-1
00015378.jpg,1000,139,1201,343,-1,-1
00015379.jpg,1000,138,1201,342,-1,-1
00015380.jpg,999,138,1200,342,-1,-1
00015381.jpg,999,138,1200,342,-1,-1
00015382.jpg,999,137,1200,341,-1,-1
00015383.jpg,1000,135,1201,339,-1,-1
00015384.jpg,1000,135,1201,339,-1,-1
00015385.jpg,1000,133,1201,337,-1,-1
00015386.jpg,1000,132,1201,336,-1,-1
00015387.jpg,1000,132,1201,336,-1,-1
00015388.jpg,1001,130,1202,334,-1,-1
00015389.jpg,1003,130,1204,334,-1,-1
00015390.jpg,1004,130,1205,334,-1,-1
00015391.jpg,1007,128,1208,332,-1,-1
00015392.jpg,1007,128,1208,332,-1,-1
00015393.jpg,1007,128,1208,332,-1,-1
00015394.jpg,1007,128,1208,332,-1,-1
00015395.jpg,1006,127,1207,331,-1,-1
00015396.jpg,1005,126,1206,330,-1,-1
00015397.jpg,1004,126,1205,330,-1,-1
00015398.jpg,1004,126,1205,330,-1,-1
00015399.jpg,1004,125,1205,329,-1,-1
00015400.jpg,1004,125,1205,329,-1,-1
00015401.jpg,1004,125,1205,329,-1,-1
00015402.jpg,1004,124,1205,328,-1,-1
00015403.jpg,1004,124,1205,328,-1,-1
00015404.jpg,1004,124,1205,328,-1,-1
00015405.jpg,1004,124,1205,328,-1,-1
