00000010.jpg,454,60,678,301,713,601
00000011.jpg,452,59,671,302,714,601
00000012.jpg,452,59,671,302,714,602
00000013.jpg,452,59,671,302,713,602
00000014.jpg,451,59,670,302,714,602
00000015.jpg,449,58,668,301,714,602
00000016.jpg,448,58,667,301,714,603
00000017.jpg,445,57,664,300,714,603
00000018.jpg,442,56,661,299,712,603
00000019.jpg,438,55,657,298,714,603
00000020.jpg,434,54,653,297,714,602
00000021.jpg,430,53,649,296,715,603
00000022.jpg,428,52,647,295,714,603
00000023.jpg,426,51,645,294,714,603
00000024.jpg,425,51,644,294,717,603
00000025.jpg,424,50,643,293,715,603
00000026.jpg,423,49,642,292,716,603
00000027.jpg,423,49,642,292,716,603
00000028.jpg,424,50,643,293,716,603
00000029.jpg,425,50,644,293,716,603
00000030.jpg,427,52,646,295,716,603
00000031.jpg,429,53,648,296,716,604
00000032.jpg,429,53,648,296,716,604
00000033.jpg,430,54,649,297,716,604
00000034.jpg,436,58,655,301,901,548
00000035.jpg,414,46,633,289,924,457
00000036.jpg,413,51,632,294,916,311
00000037.jpg,410,56,629,299,821,177
00000038.jpg,411,59,630,302,815,178
00000039.jpg,409,60,628,303,801,174
00000040.jpg,408,59,627,302,793,173
00000041.jpg,408,59,627,302,789,173
00000042.jpg,407,58,626,301,774,173
00000043.jpg,406,58,625,301,767,174
00000044.jpg,406,58,625,301,758,179
00000045.jpg,406,58,625,301,757,180
00000046.jpg,406,58,625,301,756,180
00000047.jpg,406,58,625,301,756,180
00000048.jpg,407,58,626,301,764,183
00000049.jpg,407,55,626,298,770,183
00000050.jpg,412,50,631,293,767,343
00000051.jpg,417,47,636,290,934,478
00000052.jpg,418,47,637,290,893,547
00000053.jpg,434,60,653,303,737,602
00000054.jpg,436,59,655,302,735,603
00000055.jpg,438,58,657,301,734,603
00000056.jpg,441,58,660,301,737,604
00000057.jpg,442,58,661,301,732,604
00000058.jpg,445,57,664,300,734,604
00000059.jpg,447,57,666,300,735,603
00000060.jpg,449,58,668,301,735,603
00000061.jpg,451,58,670,301,735,603
00000062.jpg,452,59,671,302,735,603
00000063.jpg,452,59,671,302,735,603
00000064.jpg,451,58,670,301,734,603
00000065.jpg,450,57,669,300,731,603
00000066.jpg,448,56,667,299,730,603
00000067.jpg,446,56,665,299,730,603
00000068.jpg,445,55,664,298,730,603
00000069.jpg,443,55,662,298,731,603
00000070.jpg,442,54,661,297,734,603
00000071.jpg,442,54,661,297,736,603
00000072.jpg,443,54,662,297,736,603
00000073.jpg,444,55,663,298,735,602
00000074.jpg,445,55,664,298,735,602
00000075.jpg,446,54,665,297,735,602
00000076.jpg,446,53,665,296,734,602
00000077.jpg,445,51,664,294,734,602
00000078.jpg,444,51,663,294,734,602
00000079.jpg,443,51,662,294,734,602
00000080.jpg,444,51,663,294,733,602
00000081.jpg,445,51,664,294,733,602
00000082.jpg,447,51,666,294,733,602
00000083.jpg,449,51,668,294,733,602
00000084.jpg,451,52,670,295,733,602
00000085.jpg,453,53,672,296,732,601
00000086.jpg,456,54,675,297,731,600
00000087.jpg,457,54,676,297,731,600
00000088.jpg,457,54,676,297,731,600
00000089.jpg,455,54,674,297,731,600
00000090.jpg,453,53,672,296,731,600
00000091.jpg,451,53,670,296,731,600
00000092.jpg,450,52,669,295,731,600
00000093.jpg,448,51,667,294,731,600
00000094.jpg,446,50,665,293,731,600
00000095.jpg,441,49,660,292,731,600
00000096.jpg,436,47,655,290,731,600
00000097.jpg,431,47,650,290,731,600
00000098.jpg,426,46,645,289,731,600
00000099.jpg,421,45,640,288,731,600
00000100.jpg,416,45,635,288,731,600
00000101.jpg,413,45,632,288,731,600
00000102.jpg,410,43,629,286,731,600
00000103.jpg,410,44,629,287,731,600
00000104.jpg,408,43,627,286,731,600
00000105.jpg,406,43,625,286,731,600
00000106.jpg,402,43,621,286,731,600
00000107.jpg,399,43,618,286,731,600
00000108.jpg,396,43,615,286,731,600
00000109.jpg,394,42,613,285,731,600
00000110.jpg,394,42,613,285,731,600
00000111.jpg,395,42,614,285,731,600
00000112.jpg,395,41,614,284,731,600
00000113.jpg,393,40,612,283,731,600
00000114.jpg,392,40,611,283,731,600
00000115.jpg,390,39,609,282,731,600
00000116.jpg,389,39,608,282,731,600
00000117.jpg,388,39,607,282,731,600
00000118.jpg,388,39,607,282,731,600
00000119.jpg,388,39,607,282,731,600
00000120.jpg,388,39,607,282,731,600
00000121.jpg,388,40,607,283,731,600
00000122.jpg,387,39,606,282,731,600
00000123.jpg,387,39,606,282,731,600
00000124.jpg,386,39,605,282,731,600
00000125.jpg,386,39,605,282,731,600
00000126.jpg,385,39,604,282,731,600
00000127.jpg,384,39,603,282,731,600
00000128.jpg,385,39,604,282,731,600
00000129.jpg,386,39,605,282,731,600
00000130.jpg,387,39,606,282,731,600
00000131.jpg,389,40,608,283,731,600
00000132.jpg,391,41,610,284,731,600
00000133.jpg,392,42,611,285,731,600
00000134.jpg,395,44,614,287,731,600
00000135.jpg,400,47,619,290,731,600
00000136.jpg,383,32,602,275,881,539
00000137.jpg,385,35,604,278,923,469
00000138.jpg,384,38,603,281,834,308
00000139.jpg,383,42,602,285,805,159
00000140.jpg,384,45,603,288,805,159
00000141.jpg,384,46,603,289,805,161
00000142.jpg,384,46,603,289,805,161
00000143.jpg,383,46,602,289,805,161
00000144.jpg,382,46,601,289,805,161
00000145.jpg,382,46,601,289,805,161
00000146.jpg,382,46,601,289,805,161
00000147.jpg,382,46,601,289,805,161
00000148.jpg,382,46,601,289,804,161
