00007360.jpg,996,239,1126,382,955,454
00007361.jpg,996,239,1126,382,949,454
00007362.jpg,996,239,1126,382,944,454
00007363.jpg,996,239,1126,382,944,455
00007364.jpg,1000,239,1130,382,947,455
00007365.jpg,1003,240,1133,383,953,453
00007366.jpg,998,239,1128,382,945,450
00007367.jpg,988,243,1118,386,933,455
00007368.jpg,976,247,1106,390,918,457
00007369.jpg,974,246,1104,389,917,456
00007370.jpg,985,244,1115,387,928,455
00007371.jpg,999,244,1129,387,941,454
00007372.jpg,1012,243,1142,386,950,454
00007373.jpg,1017,238,1147,381,952,449
00007374.jpg,1016,236,1146,379,954,448
00007375.jpg,1014,238,1144,381,950,446
00007376.jpg,1016,240,1146,383,949,450
00007377.jpg,1023,243,1153,386,954,452
00007378.jpg,1023,246,1153,389,953,455
00007379.jpg,1020,248,1150,391,950,456
00007380.jpg,1017,250,1147,393,949,457
00007381.jpg,1018,252,1148,395,950,462
00007382.jpg,1023,254,1153,397,954,464
00007383.jpg,1028,253,1158,396,959,464
00007384.jpg,1029,250,1159,393,963,460
00007385.jpg,1029,250,1159,393,962,454
