00042365.jpg,529,95,682,244,516,372
00042366.jpg,529,95,682,244,516,372
00042367.jpg,529,95,682,244,516,372
00042368.jpg,529,95,682,244,516,372
00042369.jpg,529,95,682,244,516,372
00042370.jpg,529,94,682,243,516,372
00042371.jpg,528,94,681,243,516,372
00042372.jpg,528,93,681,242,516,372
00042373.jpg,528,93,681,242,516,372
00042374.jpg,528,92,681,241,516,372
00042375.jpg,528,91,681,240,516,372
00042376.jpg,528,90,681,239,516,372
00042377.jpg,527,89,680,238,516,372
00042378.jpg,527,88,680,237,516,372
00042379.jpg,527,87,680,236,516,372
00042380.jpg,528,87,681,236,516,372
00042381.jpg,529,86,682,235,516,378
00042382.jpg,529,86,682,235,517,380
00042383.jpg,529,86,682,235,517,380
00042384.jpg,536,78,674,222,517,380
00042385.jpg,536,78,674,222,517,380
00042386.jpg,537,77,675,221,517,380
00042387.jpg,539,76,677,220,518,386
00042388.jpg,541,74,679,218,433,377
00042389.jpg,543,73,681,217,437,376
00042390.jpg,546,71,684,215,440,377
00042391.jpg,548,70,686,214,442,377
00042392.jpg,551,68,689,212,440,375
00042393.jpg,555,65,690,204,443,378
00042394.jpg,555,65,690,204,443,378
00042395.jpg,556,64,691,203,443,378
00042396.jpg,557,64,692,203,443,378
00042397.jpg,558,63,693,202,443,378
00042398.jpg,559,63,694,202,443,378
00042399.jpg,560,62,695,201,443,378
00042400.jpg,560,62,695,201,443,378
00042401.jpg,561,61,696,200,443,378
00042402.jpg,561,61,696,200,443,378
00042403.jpg,561,60,696,199,443,378
00042404.jpg,560,60,695,199,443,378
00042405.jpg,559,59,694,198,443,378
00042406.jpg,558,59,693,198,443,378
00042407.jpg,556,59,691,198,443,378
00042408.jpg,555,60,690,199,443,378
00042409.jpg,552,60,687,199,443,378
00042410.jpg,549,60,684,199,443,378
00042411.jpg,545,60,680,199,443,378
00042412.jpg,541,61,676,200,443,378
00042413.jpg,538,62,673,201,443,378
00042414.jpg,538,62,673,201,443,378
