00009830.jpg,386,96,617,355,-1,-1
00009831.jpg,386,96,617,355,-1,-1
00009832.jpg,386,96,617,355,-1,-1
00009833.jpg,386,96,617,355,-1,-1
00009834.jpg,382,95,613,354,-1,-1
00009835.jpg,382,95,613,354,-1,-1
00009836.jpg,376,94,607,353,-1,-1
00009837.jpg,369,92,600,351,-1,-1
00009838.jpg,361,91,592,350,-1,-1
00009839.jpg,354,90,585,349,-1,-1
00009840.jpg,354,90,585,349,-1,-1
00009841.jpg,348,90,579,349,-1,-1
00009842.jpg,343,89,574,348,-1,-1
00009843.jpg,338,89,569,348,-1,-1
00009844.jpg,335,89,566,348,-1,-1
00009845.jpg,335,89,566,348,-1,-1
00009846.jpg,331,89,562,348,-1,-1
00009847.jpg,329,89,560,348,-1,-1
00009848.jpg,326,89,557,348,-1,-1
00009849.jpg,325,89,556,348,-1,-1
00009850.jpg,325,89,556,348,-1,-1
00009851.jpg,323,89,554,348,-1,-1
00009852.jpg,322,89,553,348,-1,-1
00009853.jpg,321,89,552,348,-1,-1
00009854.jpg,318,89,549,348,-1,-1
00009855.jpg,317,89,548,348,-1,-1
00009856.jpg,315,88,546,347,-1,-1
00009857.jpg,314,88,545,347,-1,-1
00009858.jpg,314,88,545,347,-1,-1
00009859.jpg,313,88,544,347,-1,-1
00009860.jpg,313,88,544,347,-1,-1
00009861.jpg,314,88,545,347,-1,-1
00009862.jpg,317,88,548,347,-1,-1
00009863.jpg,324,88,555,347,1000,500
00009864.jpg,327,88,558,347,1000,500
00009865.jpg,327,88,558,347,1000,500
00009866.jpg,331,88,562,347,1000,500
00009867.jpg,336,86,567,345,1000,500
00009868.jpg,338,83,569,342,1000,500
00009869.jpg,339,82,570,341,-1,-1
00009870.jpg,339,82,570,341,-1,-1
00009871.jpg,339,80,570,339,-1,-1
00009872.jpg,339,79,570,338,750,183
00009873.jpg,339,79,570,338,752,183
00009874.jpg,338,79,569,338,752,183
00009875.jpg,338,79,569,338,752,183
00009876.jpg,338,79,569,338,750,183
00009877.jpg,338,79,569,338,749,183
00009878.jpg,338,79,569,338,749,183
00009879.jpg,338,79,569,338,748,182
00009880.jpg,338,79,569,338,748,182
00009881.jpg,338,79,569,338,746,181
00009882.jpg,338,79,569,338,745,181
00009883.jpg,338,79,569,338,745,181
00009884.jpg,338,79,569,338,745,181
00009885.jpg,338,79,569,338,745,181
00009886.jpg,338,79,569,338,745,181
00009887.jpg,338,79,569,338,745,183
00009888.jpg,338,79,569,338,745,183
00009889.jpg,338,79,569,338,745,183
00009890.jpg,338,79,569,338,743,186
00009891.jpg,338,79,569,338,744,187
