00008931.jpg,723,276,878,452,-1,-1
00008932.jpg,723,276,878,452,-1,-1
00008933.jpg,723,276,878,452,-1,-1
00008934.jpg,723,276,878,452,-1,-1
00008935.jpg,724,276,879,452,-1,-1
00008936.jpg,725,277,880,453,-1,-1
00008937.jpg,725,277,880,453,-1,-1
00008938.jpg,726,277,881,453,-1,-1
00008939.jpg,727,278,882,454,-1,-1
00008940.jpg,728,282,883,458,-1,-1
00008941.jpg,728,280,883,456,-1,-1
00008942.jpg,729,280,884,456,-1,-1
00008943.jpg,729,280,884,456,-1,-1
00008944.jpg,729,279,884,455,-1,-1
00008945.jpg,729,278,884,454,-1,-1
00008946.jpg,728,278,883,454,-1,-1
00008947.jpg,728,278,883,454,-1,-1
00008948.jpg,728,278,883,454,-1,-1
00008949.jpg,727,278,882,454,-1,-1
00008950.jpg,727,278,882,454,-1,-1
00008951.jpg,727,279,882,455,-1,-1
00008952.jpg,727,280,882,456,-1,-1
00008953.jpg,727,280,882,456,-1,-1
00008954.jpg,727,281,882,457,-1,-1
00008955.jpg,726,281,881,457,-1,-1
00008956.jpg,726,282,881,458,-1,-1
00008957.jpg,726,282,881,458,-1,-1
00008958.jpg,726,282,881,458,-1,-1
00008959.jpg,726,282,881,458,-1,-1
00008960.jpg,726,282,881,458,-1,-1
00008961.jpg,726,281,881,457,-1,-1
00008962.jpg,726,280,881,456,-1,-1
00008963.jpg,726,280,881,456,-1,-1
00008964.jpg,726,279,881,455,-1,-1
00008965.jpg,725,278,880,454,-1,-1
00008966.jpg,725,278,880,454,-1,-1
00008967.jpg,725,278,880,454,-1,-1
00008968.jpg,725,278,880,454,-1,-1
00008969.jpg,726,281,881,457,-1,-1
00008970.jpg,724,278,879,454,-1,-1
00008971.jpg,723,278,878,454,-1,-1
00008972.jpg,727,282,882,458,-1,-1
00008973.jpg,728,283,883,459,-1,-1
00008974.jpg,728,283,883,459,-1,-1
00008975.jpg,728,283,883,459,-1,-1
00008976.jpg,729,284,884,460,-1,-1
00008977.jpg,729,284,884,460,-1,-1
00008978.jpg,730,284,885,460,-1,-1
00008979.jpg,730,285,885,461,-1,-1
00008980.jpg,731,286,886,462,-1,-1
00008981.jpg,732,286,887,462,-1,-1
00008982.jpg,733,286,888,462,-1,-1
00008983.jpg,734,286,889,462,-1,-1
00008984.jpg,735,287,890,463,-1,-1
00008985.jpg,735,287,890,463,-1,-1
00008986.jpg,736,287,891,463,-1,-1
00008987.jpg,736,287,891,463,-1,-1
00008988.jpg,736,287,891,463,-1,-1
00008989.jpg,737,287,892,463,-1,-1
00008990.jpg,737,287,892,463,-1,-1
00008991.jpg,738,287,893,463,-1,-1
00008992.jpg,738,287,893,463,-1,-1
00008993.jpg,738,288,893,464,-1,-1
00008994.jpg,739,288,894,464,-1,-1
00008995.jpg,739,288,894,464,-1,-1
00008996.jpg,739,288,894,464,-1,-1
00008997.jpg,740,288,895,464,-1,-1
00008998.jpg,740,288,895,464,-1,-1
00008999.jpg,740,288,895,464,-1,-1
00009000.jpg,740,288,895,464,-1,-1
00009001.jpg,740,288,895,464,-1,-1
00009002.jpg,740,288,895,464,-1,-1
00009003.jpg,740,288,895,464,-1,-1
00009004.jpg,740,287,895,463,-1,-1
00009005.jpg,740,287,895,463,-1,-1
00009006.jpg,740,286,895,462,-1,-1
00009007.jpg,740,286,895,462,-1,-1
00009008.jpg,740,285,895,461,-1,-1
00009009.jpg,739,284,894,460,-1,-1
00009010.jpg,739,284,894,460,-1,-1
00009011.jpg,739,283,894,459,-1,-1
00009012.jpg,739,282,894,458,-1,-1
00009013.jpg,739,282,894,458,-1,-1
00009014.jpg,738,282,893,458,-1,-1
00009015.jpg,738,281,893,457,-1,-1
00009016.jpg,738,281,893,457,-1,-1
00009017.jpg,737,280,892,456,-1,-1
00009018.jpg,737,279,892,455,-1,-1
00009019.jpg,736,278,891,454,-1,-1
00009020.jpg,736,277,891,453,-1,-1
00009021.jpg,735,276,890,452,-1,-1
00009022.jpg,735,275,890,451,-1,-1
00009023.jpg,735,274,890,450,-1,-1
00009024.jpg,734,272,889,448,-1,-1
00009025.jpg,734,271,889,447,-1,-1
00009026.jpg,734,270,889,446,-1,-1
00009027.jpg,733,269,888,445,-1,-1
00009028.jpg,733,268,888,444,-1,-1
00009029.jpg,733,268,888,444,-1,-1
00009030.jpg,733,268,888,444,-1,-1
00009031.jpg,733,268,888,444,-1,-1
00009032.jpg,733,269,888,445,-1,-1
00009033.jpg,732,270,887,446,-1,-1
00009034.jpg,732,272,887,448,-1,-1
00009035.jpg,733,273,888,449,-1,-1
00009036.jpg,733,275,888,451,-1,-1
00009037.jpg,733,275,888,451,-1,-1
00009038.jpg,733,276,888,452,-1,-1
00009039.jpg,731,270,886,446,-1,-1
00009040.jpg,730,270,885,446,-1,-1
00009041.jpg,729,270,884,446,-1,-1
00009042.jpg,728,269,883,445,-1,-1
00009043.jpg,727,269,882,445,-1,-1
00009044.jpg,727,268,882,444,-1,-1
00009045.jpg,726,268,881,444,-1,-1
00009046.jpg,726,267,881,443,-1,-1
00009047.jpg,726,266,881,442,-1,-1
00009048.jpg,727,267,882,443,-1,-1
00009049.jpg,727,267,882,443,-1,-1
00009050.jpg,727,268,882,444,-1,-1
00009051.jpg,728,268,883,444,-1,-1
00009052.jpg,728,269,883,445,-1,-1
00009053.jpg,728,270,883,446,-1,-1
00009054.jpg,728,271,883,447,-1,-1
00009055.jpg,728,272,883,448,-1,-1
00009056.jpg,729,274,884,450,-1,-1
00009057.jpg,723,277,878,453,-1,-1
00009058.jpg,723,280,878,456,-1,-1
00009059.jpg,725,284,880,460,-1,-1
00009060.jpg,727,291,882,467,-1,-1
00009061.jpg,728,294,883,470,-1,-1
00009062.jpg,721,284,888,464,-1,-1
00009063.jpg,721,284,888,464,-1,-1
00009064.jpg,721,285,888,465,-1,-1
00009065.jpg,721,285,888,465,-1,-1
00009066.jpg,732,297,890,482,-1,-1
00009067.jpg,732,297,890,482,-1,-1
00009068.jpg,732,298,890,483,-1,-1
00009069.jpg,732,298,890,483,-1,-1
00009070.jpg,733,298,891,483,-1,-1
00009071.jpg,733,299,891,484,-1,-1
00009072.jpg,727,304,894,487,-1,-1
00009073.jpg,727,304,894,487,-1,-1
00009074.jpg,727,305,894,488,-1,-1
00009075.jpg,728,305,895,488,-1,-1
00009076.jpg,729,306,896,489,-1,-1
00009077.jpg,730,306,897,489,-1,-1
00009078.jpg,730,306,897,489,-1,-1
00009079.jpg,731,306,898,489,-1,-1
00009080.jpg,732,305,899,488,-1,-1
00009081.jpg,732,304,899,487,-1,-1
00009082.jpg,732,304,899,487,-1,-1
00009083.jpg,732,304,899,487,-1,-1
00009084.jpg,731,304,898,487,-1,-1
00009085.jpg,731,305,898,488,-1,-1
00009086.jpg,731,305,898,488,-1,-1
00009087.jpg,730,305,897,488,-1,-1
00009088.jpg,729,304,896,487,-1,-1
00009089.jpg,728,303,895,486,-1,-1
00009090.jpg,728,302,895,485,-1,-1
00009091.jpg,729,294,900,481,1786,634
00009092.jpg,729,294,900,481,1416,492
00009093.jpg,729,294,900,481,1416,492
00009094.jpg,728,295,899,482,1416,492
00009095.jpg,727,294,898,481,1416,492
00009096.jpg,726,294,897,481,1416,492
00009097.jpg,725,295,896,482,1416,492
00009098.jpg,725,295,896,482,1416,492
00009099.jpg,724,295,895,482,1416,492
00009100.jpg,722,293,902,476,1416,492
00009101.jpg,722,293,902,476,1416,492
00009102.jpg,722,292,902,475,1416,492
00009103.jpg,721,292,901,475,1416,492
00009104.jpg,721,293,901,476,1416,492
00009105.jpg,720,293,900,476,1416,492
00009106.jpg,720,293,900,476,1416,492
00009107.jpg,720,294,900,477,1416,492
00009108.jpg,720,294,900,477,1416,492
00009109.jpg,720,294,900,477,1480,417
00009110.jpg,720,295,900,478,1533,320
00009111.jpg,720,295,900,478,1534,321
