00002234.jpg,207,23,318,151,143,240
00002235.jpg,207,23,318,151,144,241
00002236.jpg,207,23,318,151,144,241
00002237.jpg,207,23,318,151,146,241
00002238.jpg,210,24,321,152,147,241
00002239.jpg,211,24,322,152,150,240
00002240.jpg,211,24,322,152,151,240
00002241.jpg,211,23,322,151,134,178
00002242.jpg,212,23,323,151,191,69
00002243.jpg,213,22,324,150,191,69
00002244.jpg,213,22,324,150,189,69
00002245.jpg,213,22,324,150,190,69
00002246.jpg,212,21,323,149,190,69
00002247.jpg,211,22,322,150,190,71
00002248.jpg,211,22,322,150,190,71
00002249.jpg,210,23,321,151,189,73
00002250.jpg,209,24,320,152,188,72
00002251.jpg,209,25,320,153,188,72
00002252.jpg,208,26,319,154,189,71
00002253.jpg,208,26,319,154,189,71
00002254.jpg,208,26,319,154,189,71
00002255.jpg,208,24,319,152,189,70
00002256.jpg,209,23,320,151,189,70
00002257.jpg,209,23,320,151,188,69
00002258.jpg,209,23,320,151,189,69
00002259.jpg,210,23,321,151,189,69
00002260.jpg,211,23,322,151,189,69
00002261.jpg,212,23,323,151,189,70
00002262.jpg,212,23,323,151,188,71
00002263.jpg,213,23,324,151,189,70
00002264.jpg,214,23,325,151,105,184
00002265.jpg,217,24,328,152,105,185
00002266.jpg,217,24,328,152,105,184
00002267.jpg,218,24,329,152,157,257
00002268.jpg,220,24,331,152,158,257
00002269.jpg,220,24,331,152,158,257
00002270.jpg,221,24,332,152,-1,-1
00002271.jpg,223,25,334,153,-1,-1
00002272.jpg,223,25,334,153,-1,-1
00002273.jpg,222,24,333,152,-1,-1
00002274.jpg,222,24,333,152,-1,-1
00002275.jpg,221,23,332,151,-1,-1
00002276.jpg,221,23,332,151,-1,-1
00002277.jpg,221,22,332,150,-1,-1
00002278.jpg,221,22,332,150,-1,-1
