00008765.jpg,4,2,510,496,1531,370
00008766.jpg,4,2,510,496,1531,370
00008767.jpg,10,5,516,499,1531,370
00008768.jpg,14,8,520,502,1543,377
00008769.jpg,16,11,522,505,1560,385
00008770.jpg,14,12,520,506,1560,385
00008771.jpg,14,12,520,506,1575,380
00008772.jpg,10,12,516,506,1547,372
00008773.jpg,6,11,512,505,1525,362
00008774.jpg,4,11,510,505,1473,348
00008775.jpg,3,11,509,505,1429,340
00008776.jpg,3,11,509,505,1416,333
00008777.jpg,5,12,511,506,1343,325
00008778.jpg,6,13,512,507,1224,336
00008779.jpg,3,3,496,500,1135,346
00008780.jpg,3,3,496,500,1051,385
00008781.jpg,3,3,496,500,1048,389
00008782.jpg,5,3,498,500,969,402
00008783.jpg,13,2,506,499,916,422
00008784.jpg,21,0,514,497,885,440
00008785.jpg,1,2,504,481,493,386
00008786.jpg,1,2,504,481,485,392
00008787.jpg,0,0,503,479,496,386
00008788.jpg,0,0,503,479,495,384
00008789.jpg,2,1,439,420,492,377
00008790.jpg,2,1,439,420,491,376
00008791.jpg,2,1,439,420,491,376
00008792.jpg,0,2,437,421,491,376
00008793.jpg,1,1,378,385,491,376
00008794.jpg,1,1,378,385,491,376
00008795.jpg,0,0,377,384,504,380
00008796.jpg,0,0,377,384,504,380
00008797.jpg,2,2,303,355,504,382
00008798.jpg,2,2,303,355,512,384
00008799.jpg,0,0,301,353,508,390
00008800.jpg,1,1,268,315,503,404
00008801.jpg,1,1,268,315,503,404
00008802.jpg,0,0,267,314,503,404
00008803.jpg,0,0,267,314,503,404
00008804.jpg,2,1,228,304,503,404
00008805.jpg,2,1,228,304,503,404
00008806.jpg,2,1,228,304,501,404
00008807.jpg,2,0,228,303,499,402
00008808.jpg,1,0,227,303,499,402
00008809.jpg,6,0,232,303,499,401
00008810.jpg,0,0,254,299,499,401
00008811.jpg,0,0,254,299,499,398
00008812.jpg,7,1,261,300,499,398
00008813.jpg,0,1,275,308,471,394
00008814.jpg,0,1,275,308,468,390
00008815.jpg,10,5,285,312,468,382
00008816.jpg,10,5,285,312,472,382
00008817.jpg,1,1,298,328,473,377
00008818.jpg,1,1,298,328,481,372
00008819.jpg,16,2,313,329,465,349
00008820.jpg,0,2,330,327,456,330
00008821.jpg,0,2,330,327,449,324
00008822.jpg,17,4,347,329,429,300
00008823.jpg,2,2,382,331,396,265
00008824.jpg,2,2,382,331,381,243
00008825.jpg,1,2,409,377,371,217
00008826.jpg,1,2,409,377,376,214
00008827.jpg,3,1,414,367,379,206
00008828.jpg,3,1,414,367,-1,-1
00008829.jpg,2,1,496,384,-1,-1
00008830.jpg,2,1,496,384,-1,-1
00008831.jpg,2,1,496,384,-1,-1
00008832.jpg,8,4,502,387,-1,-1
00008833.jpg,2,3,502,371,-1,-1
00008834.jpg,2,3,502,371,-1,-1
00008835.jpg,5,2,505,370,-1,-1
00008836.jpg,5,2,505,370,-1,-1
00008837.jpg,7,1,507,369,-1,-1
00008838.jpg,7,1,507,369,-1,-1
00008839.jpg,8,1,508,369,-1,-1
00008840.jpg,9,1,509,369,-1,-1
00008841.jpg,9,1,509,369,-1,-1
00008842.jpg,10,0,510,368,-1,-1
00008843.jpg,11,0,511,368,-1,-1
00008844.jpg,2,2,507,391,-1,-1
00008845.jpg,2,2,507,391,-1,-1
00008846.jpg,5,2,510,391,-1,-1
00008847.jpg,8,1,513,390,-1,-1
00008848.jpg,11,0,516,389,-1,-1
00008849.jpg,13,0,518,389,-1,-1
00008850.jpg,13,0,518,389,-1,-1
