00008541.jpg,317,105,405,205,284,153
00008542.jpg,317,105,405,205,284,153
00008543.jpg,317,105,405,205,286,155
00008544.jpg,317,105,405,205,-1,-1
00008545.jpg,319,105,407,205,-1,-1
00008546.jpg,321,105,409,205,-1,-1
00008547.jpg,322,106,410,206,-1,-1
00008548.jpg,324,106,412,206,-1,-1
00008549.jpg,324,106,412,206,-1,-1
00008550.jpg,325,108,413,208,-1,-1
00008551.jpg,326,110,414,210,-1,-1
00008552.jpg,327,113,415,213,-1,-1
00008553.jpg,328,116,416,216,-1,-1
00008554.jpg,328,116,416,216,-1,-1
00008555.jpg,329,119,417,219,-1,-1
00008556.jpg,330,121,418,221,-1,-1
00008557.jpg,331,123,419,223,327,347
00008558.jpg,331,122,419,222,327,347
00008559.jpg,331,122,419,222,327,347
00008560.jpg,331,121,419,221,327,347
00008561.jpg,331,120,419,220,327,347
00008562.jpg,331,120,419,220,327,347
00008563.jpg,332,121,420,221,326,348
00008564.jpg,332,120,420,220,326,348
00008565.jpg,332,119,420,219,326,348
00008566.jpg,331,115,419,215,326,348
00008567.jpg,331,111,419,211,126,162
00008568.jpg,330,106,418,206,128,165
00008569.jpg,330,106,418,206,128,165
00008570.jpg,331,104,419,204,135,162
00008571.jpg,332,103,420,203,-1,-1
00008572.jpg,332,103,420,203,-1,-1
