00008919.jpg,1119,200,1388,489,872,735
00008920.jpg,1119,200,1388,489,872,735
00008921.jpg,1119,200,1388,489,872,735
00008922.jpg,1119,200,1388,489,872,735
00008923.jpg,1119,199,1388,488,872,735
00008924.jpg,1120,199,1389,488,872,735
00008925.jpg,1120,199,1389,488,872,734
00008926.jpg,1120,198,1389,487,859,733
00008927.jpg,1120,198,1389,487,853,730
00008928.jpg,1120,198,1389,487,828,723
00008929.jpg,1120,198,1389,487,805,720
00008930.jpg,1120,197,1389,486,804,720
00008931.jpg,1120,197,1389,486,707,599
00008932.jpg,1120,197,1389,486,679,583
00008933.jpg,1120,196,1389,485,679,578
00008934.jpg,1120,196,1389,485,790,353
00008935.jpg,1120,196,1389,485,844,328
00008936.jpg,1120,195,1389,484,848,344
00008937.jpg,1120,195,1389,484,848,348
00008938.jpg,1120,194,1389,483,857,351
00008939.jpg,1120,193,1389,482,858,354
00008940.jpg,1120,193,1389,482,863,336
00008941.jpg,1120,192,1389,481,864,316
00008942.jpg,1120,192,1389,481,864,310
00008943.jpg,1120,191,1389,480,879,290
00008944.jpg,1120,190,1389,479,882,290
00008945.jpg,1120,190,1389,479,884,293
00008946.jpg,1120,189,1389,478,885,294
00008947.jpg,1120,189,1389,478,885,296
00008948.jpg,1120,188,1389,477,885,296
00008949.jpg,1120,187,1389,476,886,298
00008950.jpg,1120,187,1389,476,886,294
00008951.jpg,1120,186,1389,475,886,291
00008952.jpg,1120,186,1389,475,886,293
00008953.jpg,1120,185,1389,474,886,293
00008954.jpg,1120,184,1389,473,889,296
00008955.jpg,1120,184,1389,473,891,296
00008956.jpg,1120,183,1389,472,891,296
00008957.jpg,1120,182,1389,471,891,296
00008958.jpg,1121,182,1390,471,889,296
00008959.jpg,1121,181,1390,470,889,295
00008960.jpg,1121,180,1390,469,889,294
00008961.jpg,1121,180,1390,469,891,294
00008962.jpg,1121,179,1390,468,892,291
00008963.jpg,1121,178,1390,467,894,291
00008964.jpg,1121,177,1390,466,894,293
00008965.jpg,1121,177,1390,466,894,293
00008966.jpg,1121,176,1390,465,894,293
00008967.jpg,1121,175,1390,464,894,293
00008968.jpg,1121,175,1390,464,891,290
