00003332.jpg,468,30,614,183,-1,-1
00003333.jpg,469,30,615,183,-1,-1
00003334.jpg,469,31,615,183,-1,-1
00003335.jpg,470,31,616,183,-1,-1
00003336.jpg,469,30,617,183,-1,-1
00003337.jpg,468,30,617,183,-1,-1
00003338.jpg,469,31,618,183,-1,-1
00003339.jpg,468,30,619,184,-1,-1
00003340.jpg,469,32,618,183,-1,-1
00003341.jpg,469,32,619,184,-1,-1
00003342.jpg,469,32,619,185,-1,-1
00003343.jpg,469,33,620,185,-1,-1
00003344.jpg,470,33,620,186,-1,-1
00003345.jpg,470,32,621,187,-1,-1
00003346.jpg,470,32,621,187,-1,-1
00003347.jpg,470,32,621,188,-1,-1
00003348.jpg,469,33,622,188,-1,-1
00003349.jpg,470,33,622,188,-1,-1
00003350.jpg,469,32,623,189,-1,-1
00003351.jpg,468,32,623,189,-1,-1
00003352.jpg,468,32,623,189,-1,-1
00003353.jpg,468,32,624,188,-1,-1
00003354.jpg,468,32,624,189,-1,-1
00003355.jpg,469,33,624,189,-1,-1
00003356.jpg,469,33,623,190,-1,-1
00003357.jpg,469,33,623,189,-1,-1
00003358.jpg,469,33,623,189,-1,-1
00003359.jpg,469,33,623,189,-1,-1
00003360.jpg,469,33,623,188,-1,-1
00003361.jpg,469,33,623,189,-1,-1
00003362.jpg,470,34,623,189,-1,-1
00003363.jpg,470,34,623,189,-1,-1
00003364.jpg,470,34,623,189,-1,-1
00003365.jpg,470,34,623,189,-1,-1
00003366.jpg,471,34,622,189,-1,-1
00003367.jpg,470,34,622,188,-1,-1
00003368.jpg,470,34,622,189,-1,-1
00003369.jpg,470,34,622,189,-1,-1
00003370.jpg,470,34,622,189,-1,-1
00003371.jpg,471,35,622,188,-1,-1
00003372.jpg,470,34,622,188,-1,-1
00003373.jpg,470,34,622,189,-1,-1
00003374.jpg,470,34,622,189,-1,-1
00003375.jpg,470,34,622,189,-1,-1
00003376.jpg,470,34,622,189,-1,-1
00003377.jpg,470,34,622,188,-1,-1
00003378.jpg,470,34,622,189,-1,-1
00003379.jpg,470,35,622,189,-1,-1
00003380.jpg,471,35,622,190,-1,-1
00003381.jpg,471,35,622,189,-1,-1
00003382.jpg,471,35,622,189,-1,-1
00003383.jpg,471,35,622,190,-1,-1
00003384.jpg,472,35,622,189,-1,-1
00003385.jpg,472,35,622,188,-1,-1
00003386.jpg,472,35,623,189,-1,-1
00003387.jpg,473,36,621,187,-1,-1
00003388.jpg,473,36,620,187,-1,-1
00003389.jpg,472,36,620,187,-1,-1
00003390.jpg,472,35,621,187,-1,-1
00003391.jpg,471,35,622,188,-1,-1
00003392.jpg,471,35,623,188,-1,-1
00003393.jpg,470,35,624,189,-1,-1
00003394.jpg,471,35,624,189,-1,-1
00003395.jpg,470,36,625,190,-1,-1
00003396.jpg,469,36,626,191,-1,-1
00003397.jpg,469,36,626,190,-1,-1
00003398.jpg,469,37,626,190,-1,-1
00003399.jpg,469,37,626,191,-1,-1
00003400.jpg,469,37,626,191,-1,-1
00003401.jpg,469,36,627,192,-1,-1
00003402.jpg,469,36,627,192,-1,-1
00003403.jpg,469,36,627,191,-1,-1
00003404.jpg,469,34,628,192,-1,-1
00003405.jpg,469,34,628,192,-1,-1
