00006473.jpg,1578,174,1758,355,1505,572
00006474.jpg,1578,174,1758,355,1466,580
00006475.jpg,1557,174,1732,360,1425,582
00006476.jpg,1557,174,1732,360,1418,582
00006477.jpg,1546,176,1721,362,1416,582
00006478.jpg,1535,178,1710,364,1416,582
00006479.jpg,1526,178,1701,364,1368,582
00006480.jpg,1518,178,1693,364,1365,580
00006481.jpg,1511,178,1686,364,1364,581
00006482.jpg,1507,176,1682,362,-1,-1
00006483.jpg,1504,175,1679,361,-1,-1
00006484.jpg,1502,174,1677,360,-1,-1
00006485.jpg,1502,173,1677,359,-1,-1
00006486.jpg,1502,174,1677,360,-1,-1
00006487.jpg,1503,174,1678,360,-1,-1
00006488.jpg,1504,174,1679,360,-1,-1
00006489.jpg,1505,175,1680,361,-1,-1
00006490.jpg,1506,175,1681,361,-1,-1
00006491.jpg,1508,174,1683,360,-1,-1
00006492.jpg,1510,174,1685,360,-1,-1
00006493.jpg,1513,173,1688,359,-1,-1
00006494.jpg,1515,172,1690,358,-1,-1
00006495.jpg,1517,172,1692,358,-1,-1
00006496.jpg,1520,171,1695,357,-1,-1
00006497.jpg,1522,170,1697,356,-1,-1
00006498.jpg,1525,169,1700,355,-1,-1
00006499.jpg,1529,169,1704,355,-1,-1
00006500.jpg,1532,168,1707,354,-1,-1
00006501.jpg,1537,168,1712,354,-1,-1
00006502.jpg,1542,168,1717,354,-1,-1
00006503.jpg,1548,168,1723,354,-1,-1
00006504.jpg,1536,173,1703,363,-1,-1
00006505.jpg,1536,173,1703,363,-1,-1
00006506.jpg,1541,174,1708,364,1580,572
00006507.jpg,1546,174,1713,364,1569,434
00006508.jpg,1549,175,1716,365,1569,430
00006509.jpg,1551,175,1718,365,1446,584
00006510.jpg,1552,176,1719,366,1445,584
00006511.jpg,1552,177,1719,367,1444,584
00006512.jpg,1550,178,1717,368,1444,584
00006513.jpg,1546,180,1713,370,1445,582
00006514.jpg,1541,183,1708,373,1445,582
00006515.jpg,1535,185,1702,375,1445,582
00006516.jpg,1530,187,1697,377,1446,585
00006517.jpg,1524,189,1691,379,1449,586
00006518.jpg,1519,191,1686,381,1449,586
00006519.jpg,1514,192,1681,382,1332,588
00006520.jpg,1509,193,1676,383,1332,588
00006521.jpg,1505,195,1672,385,1332,588
00006522.jpg,1500,196,1667,386,1332,588
00006523.jpg,1496,197,1663,387,1332,588
00006524.jpg,1491,199,1658,389,1332,588
00006525.jpg,1487,200,1654,390,1332,588
00006526.jpg,1483,202,1650,392,1332,588
00006527.jpg,1479,204,1646,394,1332,588
00006528.jpg,1474,206,1641,396,1332,588
00006529.jpg,1470,208,1637,398,1332,588
00006530.jpg,1466,210,1633,400,1332,588
00006531.jpg,1464,211,1631,401,1332,590
00006532.jpg,1461,212,1628,402,1332,590
00006533.jpg,1460,213,1627,403,1332,590
00006534.jpg,1459,214,1626,404,1332,590
00006535.jpg,1469,213,1636,390,1332,590
00006536.jpg,1469,213,1636,390,1332,590
00006537.jpg,1468,213,1635,390,1332,590
00006538.jpg,1468,214,1635,391,1332,590
00006539.jpg,1467,214,1634,391,1332,590
00006540.jpg,1467,214,1634,391,1332,590
00006541.jpg,1466,215,1633,392,845,370
00006542.jpg,1465,216,1632,393,844,370
00006543.jpg,1465,217,1632,394,845,370
00006544.jpg,1464,218,1631,395,846,370
00006545.jpg,1463,219,1630,396,846,370
00006546.jpg,1462,220,1629,397,846,370
00006547.jpg,1461,220,1628,397,848,370
00006548.jpg,1461,221,1628,398,849,369
00006549.jpg,1460,221,1627,398,849,368
00006550.jpg,1460,222,1627,399,852,368
00006551.jpg,1460,222,1627,399,853,368
00006552.jpg,1461,222,1628,399,856,368
00006553.jpg,1460,223,1627,400,852,368
00006554.jpg,1459,225,1626,402,852,372
00006555.jpg,1456,228,1623,405,853,370
00006556.jpg,1453,232,1620,409,854,370
00006557.jpg,1449,235,1616,412,854,370
00006558.jpg,1447,237,1614,414,854,370
00006559.jpg,1443,238,1610,415,854,370
00006560.jpg,1443,238,1610,415,854,370
00006561.jpg,1443,237,1610,414,854,370
00006562.jpg,1442,237,1609,414,854,370
00006563.jpg,1442,236,1609,413,854,370
00006564.jpg,1442,235,1609,412,854,370
00006565.jpg,1442,235,1609,412,854,370
00006566.jpg,1442,235,1609,412,854,370
00006567.jpg,1442,234,1609,411,854,370
00006568.jpg,1442,233,1609,410,854,370
00006569.jpg,1442,232,1609,409,988,338
00006570.jpg,1443,230,1610,407,1084,345
00006571.jpg,1443,229,1610,406,1084,345
00006572.jpg,1438,231,1605,408,1081,344
00006573.jpg,1438,229,1605,406,1080,342
00006574.jpg,1438,228,1605,405,1082,341
00006575.jpg,1438,228,1605,405,1080,341
00006576.jpg,1438,227,1605,404,1078,340
00006577.jpg,1438,227,1605,404,1078,338
00006578.jpg,1439,226,1606,403,1078,338
00006579.jpg,1439,227,1606,404,1077,336
00006580.jpg,1439,227,1606,404,1074,336
00006581.jpg,1444,225,1611,402,1074,336
00006582.jpg,1444,225,1611,402,1073,336
00006583.jpg,1444,225,1611,402,1068,336
00006584.jpg,1445,224,1612,401,936,450
00006585.jpg,1445,224,1612,401,856,378
00006586.jpg,1445,225,1612,402,857,378
00006587.jpg,1446,225,1613,402,858,378
00006588.jpg,1446,225,1613,402,858,376
00006589.jpg,1446,225,1613,402,858,376
00006590.jpg,1447,225,1614,402,858,376
00006591.jpg,1449,225,1616,402,858,378
00006592.jpg,1450,225,1617,402,858,378
00006593.jpg,1450,225,1617,402,858,378
00006594.jpg,1451,226,1618,403,858,378
00006595.jpg,1451,226,1618,403,858,378
00006596.jpg,1452,226,1619,403,858,378
00006597.jpg,1452,227,1619,404,858,378
00006598.jpg,1453,227,1620,404,858,378
00006599.jpg,1453,228,1620,405,858,378
00006600.jpg,1454,228,1621,405,858,378
00006601.jpg,1457,228,1624,405,858,378
00006602.jpg,1458,228,1625,405,858,378
00006603.jpg,1458,228,1625,405,858,378
00006604.jpg,1459,228,1626,405,858,378
00006605.jpg,1459,228,1626,405,858,378
00006606.jpg,1460,228,1627,405,858,378
00006607.jpg,1461,229,1628,406,858,378
00006608.jpg,1461,228,1628,405,858,378
00006609.jpg,1462,228,1629,405,858,378
00006610.jpg,1462,228,1629,405,858,378
00006611.jpg,1463,228,1630,405,858,378
00006612.jpg,1463,227,1630,404,858,378
00006613.jpg,1463,227,1630,404,858,378
00006614.jpg,1464,227,1631,404,858,378
00006615.jpg,1464,226,1631,403,858,378
00006616.jpg,1465,226,1632,403,858,378
00006617.jpg,1464,226,1631,403,858,378
00006618.jpg,1464,225,1631,402,858,378
00006619.jpg,1464,225,1631,402,858,378
00006620.jpg,1463,224,1630,401,858,378
00006621.jpg,1463,224,1630,401,858,378
00006622.jpg,1463,223,1630,400,858,378
00006623.jpg,1463,223,1630,400,858,378
00006624.jpg,1464,223,1631,400,858,378
00006625.jpg,1463,223,1630,400,858,378
00006626.jpg,1463,223,1630,400,858,378
00006627.jpg,1462,223,1629,400,858,378
00006628.jpg,1461,224,1628,401,858,378
00006629.jpg,1461,224,1628,401,858,378
00006630.jpg,1461,224,1628,401,854,382
00006631.jpg,1462,222,1629,399,853,384
00006632.jpg,1462,221,1629,398,848,385
00006633.jpg,1463,220,1630,397,845,389
00006634.jpg,1463,220,1630,397,838,386
00006635.jpg,1463,220,1630,397,833,386
00006636.jpg,1464,219,1631,396,829,386
00006637.jpg,1464,218,1631,395,825,386
00006638.jpg,1465,218,1632,395,822,386
00006639.jpg,1465,218,1632,395,822,384
00006640.jpg,1468,217,1635,394,825,382
00006641.jpg,1468,216,1635,393,824,381
00006642.jpg,1469,215,1636,392,829,381
00006643.jpg,1471,213,1638,390,824,377
00006644.jpg,1474,211,1641,388,828,378
00006645.jpg,1477,209,1644,386,837,730
00006646.jpg,1482,207,1649,384,860,717
00006647.jpg,1487,205,1654,382,896,694
00006648.jpg,1495,204,1662,381,905,689
00006649.jpg,1501,203,1668,380,916,686
00006650.jpg,1507,201,1674,378,921,688
00006651.jpg,1513,200,1680,377,928,686
00006652.jpg,1518,198,1685,375,933,689
00006653.jpg,1524,197,1691,374,938,689
00006654.jpg,1532,195,1699,372,942,686
00006655.jpg,1539,193,1706,370,941,686
00006656.jpg,1545,191,1712,368,938,686
00006657.jpg,1552,190,1719,367,933,684
00006658.jpg,1558,189,1725,366,929,684
00006659.jpg,1563,188,1730,365,914,504
00006660.jpg,1566,187,1733,364,844,393
00006661.jpg,1569,186,1736,363,842,385
00006662.jpg,1571,186,1738,363,857,197
00006663.jpg,1572,186,1739,363,858,193
00006664.jpg,1573,181,1740,358,854,193
00006665.jpg,1574,180,1741,357,853,193
00006666.jpg,1575,180,1742,357,850,193
00006667.jpg,1576,181,1743,358,848,189
00006668.jpg,1577,180,1744,357,846,190
00006669.jpg,1579,180,1746,357,844,192
00006670.jpg,1580,180,1747,357,844,192
00006671.jpg,1581,179,1748,356,844,189
00006672.jpg,1581,178,1748,355,840,188
00006673.jpg,1582,177,1749,354,844,190
00006674.jpg,1582,176,1749,353,841,190
00006675.jpg,1582,175,1749,352,844,189
00006676.jpg,1581,174,1748,351,841,189
00006677.jpg,1581,173,1748,350,838,188
00006678.jpg,1581,172,1748,349,841,188
00006679.jpg,1581,172,1748,349,841,188
00006680.jpg,1581,171,1748,348,840,188
00006681.jpg,1576,169,1743,346,838,188
00006682.jpg,1576,169,1743,346,838,188
00006683.jpg,1574,164,1741,341,1109,334
00006684.jpg,1574,164,1741,341,1112,334
00006685.jpg,1573,163,1740,340,1112,333
00006686.jpg,1573,163,1740,340,1110,333
00006687.jpg,1572,163,1739,340,1113,333
00006688.jpg,1572,163,1739,340,1110,333
00006689.jpg,1571,163,1738,340,1109,333
00006690.jpg,1571,164,1738,341,1113,333
00006691.jpg,1570,164,1737,341,1110,330
00006692.jpg,1569,165,1736,342,1113,332
00006693.jpg,1568,165,1735,342,1110,332
00006694.jpg,1567,166,1734,343,1108,330
00006695.jpg,1566,166,1733,343,1108,330
00006696.jpg,1566,166,1733,343,1108,330
00006697.jpg,1567,167,1734,344,1109,330
00006698.jpg,1566,167,1733,344,1108,330
00006699.jpg,1566,167,1733,344,1108,329
00006700.jpg,1565,167,1732,344,1108,330
00006701.jpg,1565,168,1732,345,1106,330
00006702.jpg,1564,168,1731,345,1109,330
00006703.jpg,1563,168,1730,345,1108,330
00006704.jpg,1562,168,1729,345,318,194
00006705.jpg,1561,168,1728,345,321,194
00006706.jpg,1560,168,1727,345,317,193
00006707.jpg,1559,169,1726,346,321,193
00006708.jpg,1558,169,1725,346,325,190
00006709.jpg,1556,170,1723,347,325,189
00006710.jpg,1556,170,1723,347,326,189
00006711.jpg,1555,171,1722,348,324,192
00006712.jpg,1554,172,1721,349,326,192
00006713.jpg,1553,173,1720,350,324,190
00006714.jpg,1551,174,1718,351,324,188
00006715.jpg,1548,179,1715,356,322,188
00006716.jpg,1546,180,1713,357,322,189
00006717.jpg,1545,174,1712,351,326,189
00006718.jpg,1545,174,1712,351,329,189
00006719.jpg,1545,174,1712,351,274,294
00006720.jpg,1545,174,1712,351,294,368
00006721.jpg,1545,177,1712,354,297,369
00006722.jpg,1546,179,1713,356,294,369
00006723.jpg,1547,183,1714,360,298,370
00006724.jpg,1547,185,1714,362,300,374
00006725.jpg,1547,186,1714,363,300,377
00006726.jpg,1547,188,1714,365,301,380
00006727.jpg,1546,189,1713,366,301,384
00006728.jpg,1546,190,1713,367,302,381
00006729.jpg,1545,191,1712,368,305,382
00006730.jpg,1545,192,1712,369,302,386
00006731.jpg,1544,193,1711,370,300,386
00006732.jpg,1543,193,1710,370,302,386
00006733.jpg,1542,193,1709,370,300,388
00006734.jpg,1541,194,1708,371,298,389
00006735.jpg,1541,194,1708,371,297,389
00006736.jpg,1541,194,1708,371,296,392
00006737.jpg,1540,195,1707,372,294,393
00006738.jpg,1539,196,1706,373,872,376
00006739.jpg,1538,196,1705,373,-1,-1
00006740.jpg,1537,197,1704,374,-1,-1
00006741.jpg,1535,198,1702,375,-1,-1
00006742.jpg,1534,199,1701,376,-1,-1
00006743.jpg,1533,199,1700,376,-1,-1
00006744.jpg,1532,199,1699,376,-1,-1
00006745.jpg,1531,200,1698,377,-1,-1
00006746.jpg,1530,200,1697,377,-1,-1
00006747.jpg,1529,200,1696,377,-1,-1
00006748.jpg,1528,200,1695,377,-1,-1
00006749.jpg,1527,199,1694,376,-1,-1
00006750.jpg,1527,199,1694,376,-1,-1
00006751.jpg,1527,199,1694,376,-1,-1
00006752.jpg,1527,199,1694,376,873,382
00006753.jpg,1527,199,1694,376,874,381
00006754.jpg,1527,199,1694,376,873,381
00006755.jpg,1528,199,1695,376,870,381
00006756.jpg,1528,199,1695,376,872,380
00006757.jpg,1529,199,1696,376,870,381
00006758.jpg,1530,199,1697,376,868,381
00006759.jpg,1531,199,1698,376,856,388
00006760.jpg,1532,199,1699,376,846,389
00006761.jpg,1534,198,1701,375,842,390
00006762.jpg,1536,198,1703,375,832,390
00006763.jpg,1539,197,1706,374,829,396
00006764.jpg,1542,197,1709,374,302,406
00006765.jpg,1545,197,1712,374,301,406
00006766.jpg,1548,197,1715,374,302,400
00006767.jpg,1550,198,1717,375,302,404
00006768.jpg,1552,190,1726,376,304,397
00006769.jpg,1552,190,1726,376,305,400
00006770.jpg,1555,191,1729,377,304,400
00006771.jpg,1559,192,1733,378,304,400
00006772.jpg,1562,192,1736,378,305,398
00006773.jpg,1564,192,1738,378,302,398
00006774.jpg,1564,192,1738,378,297,401
