00006473.jpg,911,251,1102,437,-1,-1
00006474.jpg,911,251,1102,437,-1,-1
00006475.jpg,911,251,1102,437,-1,-1
00006476.jpg,911,251,1102,437,-1,-1
00006477.jpg,911,251,1102,437,-1,-1
00006478.jpg,911,251,1102,437,-1,-1
00006479.jpg,911,251,1102,437,-1,-1
00006480.jpg,910,249,1101,435,-1,-1
00006481.jpg,910,246,1101,432,-1,-1
00006482.jpg,910,245,1101,431,-1,-1
00006483.jpg,910,244,1101,430,-1,-1
00006484.jpg,910,243,1101,429,-1,-1
00006485.jpg,910,243,1101,429,-1,-1
00006486.jpg,910,243,1101,429,-1,-1
00006487.jpg,911,243,1102,429,-1,-1
00006488.jpg,911,253,1105,439,-1,-1
00006489.jpg,911,253,1105,439,-1,-1
00006490.jpg,911,253,1105,439,-1,-1
00006491.jpg,911,253,1105,439,-1,-1
00006492.jpg,911,254,1105,440,1536,280
00006493.jpg,911,254,1105,440,1544,281
00006494.jpg,911,256,1105,442,1545,277
00006495.jpg,911,253,1105,439,1548,274
00006496.jpg,911,254,1105,440,1549,274
00006497.jpg,911,254,1105,440,1553,276
00006498.jpg,911,254,1105,440,1556,274
00006499.jpg,911,254,1105,440,1560,270
00006500.jpg,911,254,1105,440,1562,272
00006501.jpg,911,254,1105,440,1568,272
00006502.jpg,911,254,1105,440,1574,274
00006503.jpg,911,254,1105,440,1581,274
00006504.jpg,911,254,1105,440,1584,274
00006505.jpg,911,254,1105,440,1597,276
00006506.jpg,911,254,1105,440,1606,276
00006507.jpg,911,254,1105,440,1608,276
00006508.jpg,911,254,1105,440,1609,276
00006509.jpg,911,254,1105,440,1605,276
00006510.jpg,911,254,1105,440,1605,276
00006511.jpg,911,254,1105,440,1604,274
00006512.jpg,911,254,1105,440,1601,274
00006513.jpg,911,254,1105,440,1598,277
00006514.jpg,911,254,1105,440,1600,276
00006515.jpg,911,254,1105,440,1584,277
00006516.jpg,910,254,1104,440,1580,281
00006517.jpg,910,254,1104,440,1576,286
00006518.jpg,910,254,1104,440,1572,285
00006519.jpg,910,254,1104,440,1569,285
00006520.jpg,910,254,1104,440,1562,290
00006521.jpg,910,254,1104,440,1556,297
00006522.jpg,910,254,1104,440,1550,293
00006523.jpg,910,254,1104,440,1548,293
00006524.jpg,910,254,1104,440,1544,294
00006525.jpg,910,254,1104,440,1537,296
00006526.jpg,910,254,1104,440,1534,298
00006527.jpg,910,254,1104,440,1528,301
00006528.jpg,910,254,1104,440,1525,302
00006529.jpg,910,254,1104,440,1522,308
00006530.jpg,910,253,1104,439,1521,306
00006531.jpg,910,254,1104,440,1518,309
00006532.jpg,910,254,1104,440,1512,313
00006533.jpg,910,254,1104,440,1508,313
00006534.jpg,910,254,1104,440,1510,314
00006535.jpg,910,245,1104,431,1508,316
00006536.jpg,917,241,1111,427,1505,317
00006537.jpg,917,240,1111,426,1504,317
00006538.jpg,910,243,1104,429,1506,317
00006539.jpg,917,239,1111,425,1502,318
00006540.jpg,910,242,1104,428,1500,312
00006541.jpg,910,241,1104,427,1502,312
00006542.jpg,918,237,1112,423,1501,312
00006543.jpg,918,236,1112,422,1500,308
00006544.jpg,918,235,1112,421,1498,305
00006545.jpg,911,254,1105,440,1497,305
00006546.jpg,911,254,1105,440,1497,304
00006547.jpg,919,241,1102,429,1497,306
00006548.jpg,919,241,1102,429,1497,306
00006549.jpg,919,241,1102,429,1497,308
00006550.jpg,933,250,1115,425,1493,308
00006551.jpg,933,250,1115,425,1493,308
00006552.jpg,933,250,1115,425,1494,308
00006553.jpg,933,250,1115,425,1492,313
00006554.jpg,946,258,1125,431,1492,316
00006555.jpg,946,258,1125,431,1490,317
00006556.jpg,946,258,1125,431,1489,321
00006557.jpg,946,258,1125,431,1489,324
00006558.jpg,946,258,1125,431,1484,328
00006559.jpg,952,263,1131,436,1482,324
00006560.jpg,951,263,1130,436,1482,324
00006561.jpg,951,263,1130,436,1482,324
00006562.jpg,947,258,1126,431,1481,324
00006563.jpg,947,258,1126,431,1480,322
00006564.jpg,947,258,1126,431,1478,322
00006565.jpg,947,259,1126,432,1478,322
00006566.jpg,946,258,1125,431,1478,322
00006567.jpg,946,259,1125,432,1478,324
00006568.jpg,946,258,1125,431,1478,324
00006569.jpg,946,258,1125,431,1478,324
00006570.jpg,946,258,1125,431,1478,320
00006571.jpg,946,258,1125,431,1478,317
00006572.jpg,946,258,1125,431,1478,316
00006573.jpg,940,259,1119,432,1478,313
00006574.jpg,940,259,1119,432,1478,310
00006575.jpg,939,259,1118,432,1480,309
00006576.jpg,940,258,1119,431,1480,308
00006577.jpg,940,258,1119,431,1477,309
00006578.jpg,940,258,1119,431,1477,309
00006579.jpg,940,257,1119,430,1478,309
00006580.jpg,940,258,1118,436,1480,309
00006581.jpg,940,258,1118,436,1480,309
00006582.jpg,940,258,1118,436,1481,310
00006583.jpg,940,258,1118,436,1482,313
00006584.jpg,940,258,1118,436,-1,-1
00006585.jpg,941,258,1119,436,-1,-1
00006586.jpg,941,258,1119,436,-1,-1
00006587.jpg,941,258,1119,436,-1,-1
00006588.jpg,941,258,1119,436,-1,-1
00006589.jpg,941,258,1119,436,-1,-1
00006590.jpg,937,256,1116,433,-1,-1
00006591.jpg,937,256,1116,433,858,382
00006592.jpg,937,256,1116,433,857,382
00006593.jpg,937,256,1116,433,852,381
00006594.jpg,937,256,1116,433,852,382
00006595.jpg,937,256,1116,433,852,382
00006596.jpg,938,256,1117,433,849,384
00006597.jpg,938,256,1117,433,849,384
00006598.jpg,938,256,1117,433,849,384
00006599.jpg,938,256,1117,433,746,349
00006600.jpg,938,256,1117,433,553,360
00006601.jpg,938,256,1117,433,553,360
00006602.jpg,938,256,1117,433,552,360
00006603.jpg,938,256,1117,433,553,360
00006604.jpg,939,256,1118,433,553,358
00006605.jpg,939,256,1118,433,552,361
00006606.jpg,939,256,1118,433,550,361
00006607.jpg,939,256,1118,433,554,361
00006608.jpg,940,256,1119,433,552,358
00006609.jpg,940,256,1119,433,552,357
00006610.jpg,940,256,1119,433,554,358
00006611.jpg,940,255,1119,432,556,362
00006612.jpg,941,256,1120,433,550,362
00006613.jpg,954,257,1144,439,546,365
00006614.jpg,954,257,1144,439,541,365
00006615.jpg,954,257,1144,439,540,366
00006616.jpg,954,257,1144,439,536,368
00006617.jpg,954,257,1144,439,530,368
00006618.jpg,954,257,1144,439,526,365
00006619.jpg,954,257,1144,439,525,366
00006620.jpg,955,257,1145,439,522,366
00006621.jpg,955,257,1145,439,514,368
00006622.jpg,955,257,1145,439,508,368
00006623.jpg,955,257,1145,439,509,368
00006624.jpg,955,257,1145,439,513,365
00006625.jpg,955,257,1145,439,510,369
00006626.jpg,955,257,1145,439,512,370
00006627.jpg,955,257,1145,439,516,369
00006628.jpg,955,257,1145,439,513,369
00006629.jpg,955,257,1145,439,514,369
00006630.jpg,955,257,1145,439,514,369
00006631.jpg,955,257,1145,439,514,370
00006632.jpg,955,257,1145,439,513,369
00006633.jpg,956,257,1146,439,514,368
00006634.jpg,956,257,1146,439,520,368
00006635.jpg,956,257,1146,439,518,368
00006636.jpg,956,257,1146,439,521,370
00006637.jpg,956,257,1146,439,521,374
00006638.jpg,956,257,1146,439,518,377
00006639.jpg,956,257,1146,439,276,380
00006640.jpg,956,257,1146,439,272,376
00006641.jpg,956,257,1146,439,272,370
00006642.jpg,956,257,1146,439,281,370
00006643.jpg,956,257,1146,439,278,369
00006644.jpg,956,257,1146,439,280,368
00006645.jpg,957,257,1147,439,282,368
00006646.jpg,957,257,1147,439,286,366
00006647.jpg,957,257,1147,439,288,366
00006648.jpg,957,257,1147,439,286,365
00006649.jpg,957,257,1147,439,284,365
00006650.jpg,957,257,1147,439,288,365
00006651.jpg,957,257,1147,439,285,365
00006652.jpg,957,257,1147,439,286,365
00006653.jpg,957,257,1147,439,290,365
00006654.jpg,956,257,1146,439,292,365
00006655.jpg,956,257,1146,439,288,365
00006656.jpg,956,257,1146,439,290,365
00006657.jpg,956,257,1146,439,286,369
00006658.jpg,956,257,1146,439,282,369
00006659.jpg,956,257,1146,439,281,369
00006660.jpg,956,257,1146,439,550,369
00006661.jpg,956,257,1146,439,548,366
00006662.jpg,956,257,1146,439,828,370
00006663.jpg,956,257,1146,439,-1,-1
00006664.jpg,956,257,1146,439,-1,-1
00006665.jpg,956,257,1146,439,-1,-1
00006666.jpg,956,257,1146,439,-1,-1
00006667.jpg,956,257,1146,439,-1,-1
00006668.jpg,956,257,1146,439,-1,-1
00006669.jpg,956,257,1146,439,-1,-1
00006670.jpg,956,257,1146,439,-1,-1
00006671.jpg,956,257,1146,439,1769,386
00006672.jpg,956,257,1146,439,1618,266
00006673.jpg,951,255,1151,441,1620,266
00006674.jpg,951,255,1151,441,1617,265
00006675.jpg,951,255,1151,441,1621,264
00006676.jpg,951,255,1151,441,1620,262
00006677.jpg,952,255,1152,441,1616,264
00006678.jpg,952,255,1152,441,1616,264
00006679.jpg,952,255,1152,441,1617,260
00006680.jpg,951,255,1151,441,1616,260
00006681.jpg,951,255,1151,441,1618,260
00006682.jpg,951,255,1151,441,1617,260
00006683.jpg,951,255,1151,441,1616,258
00006684.jpg,951,255,1151,441,1613,257
00006685.jpg,951,255,1151,441,1612,257
00006686.jpg,951,255,1151,441,1609,258
00006687.jpg,951,255,1151,441,1609,258
00006688.jpg,951,255,1151,441,1609,260
00006689.jpg,955,256,1155,442,1610,258
00006690.jpg,952,255,1152,441,1610,254
00006691.jpg,952,255,1152,441,1608,257
00006692.jpg,952,255,1152,441,1605,256
00006693.jpg,952,255,1152,441,1606,256
00006694.jpg,952,255,1152,441,1605,252
00006695.jpg,952,255,1152,441,1605,256
00006696.jpg,952,255,1152,441,1602,256
00006697.jpg,953,255,1153,441,1601,256
00006698.jpg,953,255,1153,441,1600,256
00006699.jpg,953,255,1153,441,1600,256
00006700.jpg,953,255,1153,441,1600,256
00006701.jpg,953,255,1153,441,1600,256
00006702.jpg,953,255,1153,441,1600,256
00006703.jpg,953,255,1153,441,1600,256
00006704.jpg,953,255,1153,441,1600,256
00006705.jpg,953,255,1153,441,1598,258
00006706.jpg,954,255,1154,441,1552,577
00006707.jpg,971,261,1158,449,1396,588
00006708.jpg,971,261,1158,449,1180,450
00006709.jpg,974,262,1166,465,1130,680
00006710.jpg,974,262,1166,465,1074,760
00006711.jpg,974,262,1166,465,1078,753
00006712.jpg,990,269,1172,462,1077,745
00006713.jpg,990,269,1172,462,1080,750
00006714.jpg,991,269,1173,462,1072,744
00006715.jpg,992,269,1174,462,1070,734
00006716.jpg,993,269,1175,462,1070,736
00006717.jpg,989,275,1171,464,1072,733
00006718.jpg,989,275,1171,464,1072,733
00006719.jpg,989,275,1171,464,1072,738
00006720.jpg,990,275,1172,464,1073,737
00006721.jpg,990,275,1172,464,1073,737
00006722.jpg,990,275,1172,464,1073,734
00006723.jpg,991,275,1173,464,1073,734
00006724.jpg,991,275,1173,464,1073,734
00006725.jpg,991,276,1173,465,1073,734
00006726.jpg,992,277,1174,466,1138,705
00006727.jpg,992,277,1174,466,1176,465
00006728.jpg,993,277,1175,466,1325,608
00006729.jpg,985,266,1170,458,1440,580
00006730.jpg,985,266,1170,458,1521,449
00006731.jpg,985,266,1170,458,1520,442
00006732.jpg,985,265,1170,457,1573,292
00006733.jpg,979,260,1167,449,1573,292
00006734.jpg,979,260,1167,449,1573,292
00006735.jpg,979,260,1167,449,1570,290
00006736.jpg,978,260,1166,449,1570,290
00006737.jpg,978,260,1166,449,1570,290
00006738.jpg,977,260,1165,449,1570,290
00006739.jpg,977,259,1165,448,-1,-1
00006740.jpg,978,259,1166,448,-1,-1
00006741.jpg,979,260,1167,449,-1,-1
00006742.jpg,966,253,1151,428,-1,-1
00006743.jpg,966,253,1151,428,-1,-1
00006744.jpg,966,253,1151,428,-1,-1
00006745.jpg,966,253,1151,428,865,374
00006746.jpg,954,245,1144,430,550,373
00006747.jpg,954,245,1144,430,549,372
00006748.jpg,954,245,1144,430,549,372
00006749.jpg,954,245,1144,430,549,372
00006750.jpg,954,245,1144,430,550,372
00006751.jpg,954,245,1144,430,552,372
00006752.jpg,954,245,1144,430,552,372
00006753.jpg,954,245,1144,430,548,372
00006754.jpg,954,245,1144,430,548,372
00006755.jpg,954,245,1144,430,548,372
00006756.jpg,954,245,1144,430,548,372
00006757.jpg,954,245,1144,430,548,372
00006758.jpg,954,245,1144,430,548,372
00006759.jpg,955,245,1145,430,548,372
00006760.jpg,955,245,1145,430,549,370
00006761.jpg,955,245,1145,430,550,370
00006762.jpg,955,245,1145,430,550,366
00006763.jpg,955,245,1145,430,550,365
00006764.jpg,955,245,1145,430,548,364
00006765.jpg,966,254,1147,440,549,365
00006766.jpg,966,254,1147,440,552,365
00006767.jpg,966,254,1147,440,553,365
00006768.jpg,967,254,1148,440,554,364
00006769.jpg,967,254,1148,440,552,364
00006770.jpg,967,254,1148,440,552,365
00006771.jpg,967,254,1148,440,554,366
00006772.jpg,967,254,1148,440,556,368
00006773.jpg,967,254,1148,440,554,368
00006774.jpg,967,254,1148,440,557,369
