00006473.jpg,199,54,393,268,309,300
00006474.jpg,199,54,393,268,313,304
00006475.jpg,199,54,393,268,313,305
00006476.jpg,199,54,393,268,302,310
00006477.jpg,199,56,393,270,304,310
00006478.jpg,192,75,382,285,-1,-1
00006479.jpg,192,75,382,285,-1,-1
00006480.jpg,191,75,381,285,-1,-1
00006481.jpg,189,74,379,284,-1,-1
00006482.jpg,187,73,377,283,-1,-1
00006483.jpg,185,72,375,282,-1,-1
00006484.jpg,184,72,374,282,-1,-1
00006485.jpg,181,72,371,282,-1,-1
00006486.jpg,179,73,369,283,-1,-1
00006487.jpg,177,73,367,283,-1,-1
00006488.jpg,175,73,365,283,-1,-1
00006489.jpg,169,66,364,271,-1,-1
00006490.jpg,169,66,364,271,-1,-1
00006491.jpg,168,66,363,271,-1,-1
00006492.jpg,168,67,363,272,-1,-1
00006493.jpg,166,68,361,273,-1,-1
00006494.jpg,165,68,360,273,-1,-1
00006495.jpg,165,70,360,275,-1,-1
00006496.jpg,164,71,359,276,-1,-1
00006497.jpg,163,71,358,276,-1,-1
00006498.jpg,163,72,358,277,-1,-1
00006499.jpg,162,73,357,278,-1,-1
00006500.jpg,162,74,357,279,-1,-1
00006501.jpg,162,75,357,280,-1,-1
00006502.jpg,162,76,357,281,-1,-1
00006503.jpg,161,77,356,282,-1,-1
00006504.jpg,161,78,356,283,-1,-1
00006505.jpg,162,79,357,284,-1,-1
00006506.jpg,162,79,357,284,-1,-1
00006507.jpg,163,79,358,284,-1,-1
00006508.jpg,164,80,359,285,-1,-1
00006509.jpg,164,81,359,286,-1,-1
00006510.jpg,165,81,360,286,-1,-1
00006511.jpg,166,81,361,286,-1,-1
00006512.jpg,166,81,361,286,-1,-1
00006513.jpg,166,81,361,286,-1,-1
00006514.jpg,166,81,361,286,-1,-1
00006515.jpg,177,87,354,274,-1,-1
00006516.jpg,177,87,354,274,-1,-1
00006517.jpg,177,87,354,274,-1,-1
00006518.jpg,177,87,354,274,-1,-1
00006519.jpg,177,87,354,274,-1,-1
00006520.jpg,177,87,354,274,-1,-1
00006521.jpg,177,87,354,274,-1,-1
00006522.jpg,177,88,354,275,-1,-1
00006523.jpg,177,88,354,275,-1,-1
00006524.jpg,177,88,354,275,-1,-1
00006525.jpg,177,88,354,275,-1,-1
00006526.jpg,177,88,354,275,-1,-1
00006527.jpg,177,88,354,275,-1,-1
00006528.jpg,177,88,354,275,-1,-1
00006529.jpg,177,87,354,274,-1,-1
00006530.jpg,177,87,354,274,-1,-1
00006531.jpg,177,87,354,274,-1,-1
00006532.jpg,177,87,354,274,-1,-1
00006533.jpg,178,87,355,274,-1,-1
00006534.jpg,180,88,357,275,-1,-1
00006535.jpg,182,88,359,275,-1,-1
00006536.jpg,184,88,361,275,-1,-1
00006537.jpg,186,87,363,274,-1,-1
00006538.jpg,188,87,365,274,-1,-1
00006539.jpg,190,87,367,274,-1,-1
00006540.jpg,193,87,370,274,-1,-1
00006541.jpg,196,87,373,274,-1,-1
00006542.jpg,200,87,377,274,-1,-1
00006543.jpg,202,87,379,274,-1,-1
00006544.jpg,206,88,383,275,-1,-1
00006545.jpg,209,88,386,275,-1,-1
00006546.jpg,213,89,390,276,-1,-1
00006547.jpg,217,89,394,276,-1,-1
00006548.jpg,220,90,397,277,-1,-1
00006549.jpg,224,90,401,277,-1,-1
00006550.jpg,228,91,405,278,-1,-1
00006551.jpg,231,91,408,278,-1,-1
00006552.jpg,234,92,411,279,-1,-1
00006553.jpg,236,92,413,279,-1,-1
00006554.jpg,239,93,416,280,-1,-1
00006555.jpg,241,93,418,280,-1,-1
00006556.jpg,242,93,419,280,-1,-1
00006557.jpg,243,93,420,280,-1,-1
00006558.jpg,243,93,420,280,-1,-1
00006559.jpg,243,93,420,280,-1,-1
00006560.jpg,243,93,420,280,-1,-1
00006561.jpg,242,93,419,280,-1,-1
00006562.jpg,241,93,418,280,-1,-1
00006563.jpg,239,93,416,280,-1,-1
00006564.jpg,237,93,414,280,-1,-1
00006565.jpg,235,92,412,279,-1,-1
00006566.jpg,232,92,409,279,-1,-1
00006567.jpg,229,92,406,279,-1,-1
00006568.jpg,226,91,403,278,-1,-1
00006569.jpg,223,91,400,278,-1,-1
00006570.jpg,220,91,397,278,-1,-1
00006571.jpg,217,91,394,278,-1,-1
00006572.jpg,214,91,391,278,-1,-1
00006573.jpg,211,91,388,278,-1,-1
00006574.jpg,208,91,385,278,-1,-1
00006575.jpg,204,91,381,278,-1,-1
00006576.jpg,202,91,379,278,-1,-1
00006577.jpg,199,91,376,278,-1,-1
00006578.jpg,197,92,374,279,-1,-1
00006579.jpg,195,92,372,279,-1,-1
00006580.jpg,194,93,371,280,-1,-1
00006581.jpg,193,93,370,280,-1,-1
00006582.jpg,193,93,370,280,-1,-1
00006583.jpg,193,93,370,280,-1,-1
00006584.jpg,194,94,371,281,-1,-1
00006585.jpg,195,94,372,281,-1,-1
00006586.jpg,197,95,374,282,-1,-1
00006587.jpg,198,95,375,282,-1,-1
00006588.jpg,200,96,377,283,-1,-1
00006589.jpg,202,96,379,283,-1,-1
00006590.jpg,204,97,381,284,-1,-1
00006591.jpg,206,97,383,284,-1,-1
00006592.jpg,207,98,384,285,-1,-1
00006593.jpg,210,97,387,284,-1,-1
00006594.jpg,212,97,389,284,-1,-1
00006595.jpg,214,97,391,284,-1,-1
00006596.jpg,215,97,392,284,-1,-1
00006597.jpg,217,97,394,284,-1,-1
00006598.jpg,217,97,394,284,-1,-1
00006599.jpg,217,97,394,284,441,464
00006600.jpg,218,97,395,284,441,461
00006601.jpg,218,96,395,283,-1,-1
00006602.jpg,217,96,394,283,-1,-1
00006603.jpg,216,95,393,282,-1,-1
00006604.jpg,215,95,392,282,-1,-1
00006605.jpg,214,95,391,282,-1,-1
00006606.jpg,214,94,391,281,488,326
00006607.jpg,212,94,389,281,489,326
00006608.jpg,211,94,388,281,489,325
00006609.jpg,209,94,386,281,486,324
00006610.jpg,206,93,383,280,492,324
00006611.jpg,204,93,381,280,440,465
00006612.jpg,202,93,379,280,260,338
00006613.jpg,198,92,375,279,258,338
00006614.jpg,196,92,373,279,258,338
00006615.jpg,193,92,370,279,258,338
00006616.jpg,190,92,367,279,257,337
00006617.jpg,187,91,364,278,258,334
00006618.jpg,185,91,362,278,254,332
00006619.jpg,183,91,360,278,256,332
00006620.jpg,181,91,358,278,252,330
00006621.jpg,179,90,356,277,253,330
00006622.jpg,177,90,354,277,253,330
00006623.jpg,177,90,354,277,253,330
00006624.jpg,176,90,353,277,253,332
00006625.jpg,176,90,353,277,256,332
00006626.jpg,175,90,352,277,257,333
00006627.jpg,175,91,352,278,282,438
00006628.jpg,174,91,351,278,441,470
00006629.jpg,174,91,351,278,513,350
00006630.jpg,175,91,352,278,813,356
00006631.jpg,175,91,352,278,1033,334
00006632.jpg,176,91,353,278,1500,306
00006633.jpg,177,91,354,278,1500,308
00006634.jpg,178,91,355,278,1502,309
00006635.jpg,180,91,357,278,1500,309
00006636.jpg,181,91,358,278,1500,308
00006637.jpg,182,91,359,278,1501,305
00006638.jpg,183,91,360,278,1501,305
00006639.jpg,183,91,360,278,1500,304
00006640.jpg,184,91,361,278,1502,305
00006641.jpg,184,91,361,278,1505,305
00006642.jpg,184,92,361,279,1502,305
00006643.jpg,184,93,361,280,1509,302
00006644.jpg,184,93,361,280,1508,298
00006645.jpg,184,94,361,281,1016,332
00006646.jpg,184,94,361,281,1016,332
00006647.jpg,184,94,361,281,1017,333
00006648.jpg,184,94,361,281,1016,333
00006649.jpg,184,93,361,280,1017,333
00006650.jpg,184,93,361,280,1018,333
00006651.jpg,184,92,361,279,1021,333
00006652.jpg,184,92,361,279,1020,334
00006653.jpg,183,93,360,280,1020,330
00006654.jpg,183,93,360,280,1018,330
00006655.jpg,182,93,359,280,1017,330
00006656.jpg,182,94,359,281,1012,334
00006657.jpg,182,94,359,281,1013,334
00006658.jpg,182,94,359,281,1014,337
00006659.jpg,181,94,358,281,1013,338
00006660.jpg,181,94,358,281,1017,338
00006661.jpg,181,93,358,280,1018,334
00006662.jpg,181,92,358,279,1022,330
00006663.jpg,181,91,358,278,1029,330
00006664.jpg,181,91,358,278,1044,326
00006665.jpg,181,91,358,278,1060,325
00006666.jpg,181,92,358,279,1065,324
00006667.jpg,181,92,358,279,1081,320
00006668.jpg,182,93,359,280,1093,334
00006669.jpg,182,93,359,280,1097,336
00006670.jpg,183,93,360,280,1617,265
00006671.jpg,183,93,360,280,1616,265
00006672.jpg,183,93,360,280,1616,264
00006673.jpg,184,93,361,280,1616,261
00006674.jpg,184,92,361,279,1614,261
00006675.jpg,184,92,361,279,1613,260
00006676.jpg,184,92,361,279,1616,260
00006677.jpg,184,92,361,279,1614,258
00006678.jpg,184,92,361,279,1614,260
00006679.jpg,185,93,362,280,1613,260
00006680.jpg,185,94,362,281,1613,258
00006681.jpg,185,94,362,281,1617,258
00006682.jpg,185,94,362,281,1614,260
00006683.jpg,185,94,362,281,1612,260
00006684.jpg,185,94,362,281,1612,257
00006685.jpg,185,93,362,280,1612,260
00006686.jpg,184,93,361,280,1614,260
00006687.jpg,184,92,361,279,1613,260
00006688.jpg,184,92,361,279,1610,261
00006689.jpg,184,92,361,279,1609,261
00006690.jpg,184,92,361,279,1610,261
00006691.jpg,184,92,361,279,-1,-1
00006692.jpg,186,92,363,279,-1,-1
00006693.jpg,187,93,364,280,-1,-1
00006694.jpg,190,94,367,281,-1,-1
00006695.jpg,192,95,369,282,-1,-1
00006696.jpg,193,95,370,282,-1,-1
00006697.jpg,194,96,371,283,-1,-1
00006698.jpg,194,96,371,283,-1,-1
00006699.jpg,194,96,371,283,-1,-1
00006700.jpg,194,95,371,282,-1,-1
00006701.jpg,194,94,371,281,-1,-1
00006702.jpg,194,93,371,280,-1,-1
00006703.jpg,193,92,370,279,1597,262
00006704.jpg,194,92,371,279,1600,265
00006705.jpg,194,91,371,278,1597,265
00006706.jpg,194,90,371,277,1597,265
00006707.jpg,194,90,371,277,1593,264
00006708.jpg,194,89,371,276,1592,261
00006709.jpg,194,89,371,276,1588,261
00006710.jpg,194,89,371,276,1592,261
00006711.jpg,194,89,371,276,1589,261
00006712.jpg,194,89,371,276,1589,261
00006713.jpg,194,88,371,275,1586,262
00006714.jpg,194,88,371,275,1585,264
00006715.jpg,194,88,371,275,1584,264
00006716.jpg,194,88,371,275,1581,265
00006717.jpg,194,88,371,275,1580,266
00006718.jpg,194,88,371,275,1580,266
00006719.jpg,194,88,371,275,1580,266
00006720.jpg,194,88,371,275,1580,269
00006721.jpg,194,88,371,275,1581,268
00006722.jpg,194,88,371,275,1580,273
00006723.jpg,194,88,371,275,1580,273
00006724.jpg,194,88,371,275,1582,278
00006725.jpg,194,88,371,275,1585,281
00006726.jpg,194,88,371,275,1585,281
00006727.jpg,194,88,371,275,1586,285
00006728.jpg,194,88,371,275,1588,289
00006729.jpg,194,88,371,275,1585,288
00006730.jpg,194,88,371,275,1582,286
00006731.jpg,194,88,371,275,1580,286
00006732.jpg,194,88,371,275,1578,286
00006733.jpg,194,88,371,275,1577,286
00006734.jpg,194,88,371,275,1574,286
00006735.jpg,194,88,371,275,1574,286
00006736.jpg,194,88,371,275,1574,286
00006737.jpg,194,88,371,275,1574,286
00006738.jpg,194,88,371,275,1574,286
00006739.jpg,194,89,371,276,1574,286
00006740.jpg,195,88,372,275,1573,289
00006741.jpg,195,88,372,275,1570,289
00006742.jpg,195,88,372,275,1570,289
00006743.jpg,195,88,372,275,1568,290
00006744.jpg,195,89,372,276,1566,290
00006745.jpg,195,89,372,276,1566,290
00006746.jpg,195,89,372,276,1566,290
00006747.jpg,195,89,372,276,1566,290
00006748.jpg,195,89,372,276,1565,293
00006749.jpg,195,89,372,276,1565,293
00006750.jpg,195,89,372,276,1565,293
00006751.jpg,195,89,372,276,1565,293
00006752.jpg,195,88,372,275,1562,293
00006753.jpg,190,91,367,278,1562,292
00006754.jpg,190,91,367,278,1561,290
00006755.jpg,189,91,366,278,1561,290
00006756.jpg,188,91,365,278,1561,290
00006757.jpg,188,91,365,278,1562,290
00006758.jpg,187,91,364,278,1562,290
00006759.jpg,186,91,363,278,1564,290
00006760.jpg,185,91,362,278,1565,290
00006761.jpg,184,91,361,278,1568,290
00006762.jpg,183,90,360,277,1572,292
00006763.jpg,183,90,360,277,1574,292
00006764.jpg,183,90,360,277,1576,292
00006765.jpg,182,90,359,277,1578,293
00006766.jpg,182,90,359,277,1578,293
00006767.jpg,182,89,359,276,1580,292
00006768.jpg,182,89,359,276,1581,292
00006769.jpg,180,89,357,276,1584,290
00006770.jpg,179,89,356,276,1589,292
00006771.jpg,179,89,356,276,1594,290
00006772.jpg,179,88,356,275,1594,292
00006773.jpg,179,88,356,275,1601,292
00006774.jpg,179,88,356,275,1601,292
