00027630.jpg,887,23,1052,206,641,482
00027631.jpg,887,23,1052,206,641,482
00027632.jpg,887,23,1052,206,641,482
00027633.jpg,887,23,1052,206,641,482
00027634.jpg,884,23,1049,206,641,482
00027635.jpg,881,23,1046,206,641,482
00027636.jpg,877,23,1042,206,641,482
00027637.jpg,877,23,1042,206,641,482
00027638.jpg,873,23,1038,206,641,482
00027639.jpg,869,24,1034,207,641,482
00027640.jpg,865,24,1030,207,641,482
00027641.jpg,861,25,1026,208,641,482
00027642.jpg,861,25,1026,208,641,482
00027643.jpg,856,26,1021,209,641,482
00027644.jpg,852,26,1017,209,638,484
00027645.jpg,848,26,1013,209,638,485
00027646.jpg,845,26,1010,209,635,485
00027647.jpg,845,26,1010,209,635,485
00027648.jpg,842,26,1007,209,635,485
00027649.jpg,839,27,1004,210,635,485
00027650.jpg,837,27,1002,210,634,485
00027651.jpg,836,27,1001,210,629,488
00027652.jpg,836,27,1001,210,626,489
00027653.jpg,836,27,1001,210,626,489
00027654.jpg,836,26,1001,209,626,489
00027655.jpg,836,26,1001,209,624,489
00027656.jpg,837,26,1002,209,624,489
00027657.jpg,837,26,1002,209,624,489
00027658.jpg,837,26,1002,209,624,489
00027659.jpg,838,26,1003,209,624,489
00027660.jpg,838,26,1003,209,615,489
