00004755.jpg,398,111,526,240,-1,-1
00004756.jpg,398,111,526,240,-1,-1
00004757.jpg,402,113,530,247,-1,-1
00004758.jpg,402,113,530,247,-1,-1
00004759.jpg,401,113,529,247,-1,-1
00004760.jpg,401,114,529,248,-1,-1
00004761.jpg,394,117,531,260,-1,-1
00004762.jpg,394,117,531,260,-1,-1
00004763.jpg,395,117,532,260,-1,-1
00004764.jpg,397,118,534,261,-1,-1
00004765.jpg,399,120,536,263,-1,-1
00004766.jpg,402,121,539,264,-1,-1
00004767.jpg,405,122,542,265,-1,-1
00004768.jpg,409,128,549,274,-1,-1
00004769.jpg,409,128,549,274,-1,-1
00004770.jpg,414,130,554,276,-1,-1
00004771.jpg,420,132,560,278,-1,-1
00004772.jpg,426,136,566,282,-1,-1
00004773.jpg,431,139,571,285,-1,-1
00004774.jpg,437,143,577,289,-1,-1
00004775.jpg,442,147,582,293,-1,-1
00004776.jpg,447,150,587,296,-1,-1
00004777.jpg,450,152,590,298,-1,-1
00004778.jpg,453,155,593,301,-1,-1
00004779.jpg,456,155,596,301,-1,-1
00004780.jpg,458,155,598,301,-1,-1
00004781.jpg,459,154,599,300,-1,-1
00004782.jpg,460,153,600,299,-1,-1
00004783.jpg,461,151,601,297,-1,-1
00004784.jpg,460,148,600,294,-1,-1
00004785.jpg,459,144,599,290,-1,-1
00004786.jpg,458,139,598,285,-1,-1
00004787.jpg,457,134,597,280,-1,-1
00004788.jpg,455,131,595,277,-1,-1
00004789.jpg,468,124,602,270,-1,-1
00004790.jpg,466,122,600,268,-1,-1
00004791.jpg,468,116,597,253,-1,-1
00004792.jpg,468,116,597,253,-1,-1
00004793.jpg,466,110,595,247,-1,-1
00004794.jpg,462,102,596,241,-1,-1
00004795.jpg,453,88,589,228,-1,-1
00004796.jpg,455,85,589,222,-1,-1
00004797.jpg,455,85,589,222,-1,-1
00004798.jpg,452,79,586,216,-1,-1
00004799.jpg,455,65,572,199,-1,-1
00004800.jpg,455,65,572,199,-1,-1
00004801.jpg,452,59,569,193,-1,-1
00004802.jpg,449,53,566,187,388,359
00004803.jpg,445,47,562,181,386,332
00004804.jpg,443,47,560,181,383,302
00004805.jpg,440,46,557,180,378,266
00004806.jpg,437,44,554,178,380,235
00004807.jpg,434,43,551,177,378,185
00004808.jpg,431,39,548,173,376,155
00004809.jpg,428,36,545,170,375,127
00004810.jpg,426,46,435,180,374,110
00004811.jpg,422,33,539,167,375,102
00004812.jpg,419,31,536,165,377,95
00004813.jpg,416,30,533,164,377,104
00004814.jpg,413,30,530,164,378,112
00004815.jpg,411,30,528,164,377,126
00004816.jpg,409,30,526,164,376,146
00004817.jpg,409,30,526,164,370,184
00004818.jpg,409,30,526,164,367,226
00004819.jpg,409,30,526,164,372,267
00004820.jpg,409,30,526,164,360,283
