00007336.jpg,689,63,951,332,505,121
00007337.jpg,689,63,951,332,503,121
00007338.jpg,689,63,951,332,506,120
00007339.jpg,689,63,951,332,503,120
00007340.jpg,689,64,951,333,500,128
00007341.jpg,689,64,951,333,495,129
00007342.jpg,689,64,951,333,493,129
00007343.jpg,689,65,951,334,486,129
00007344.jpg,688,65,950,334,467,126
00007345.jpg,687,66,949,335,456,124
00007346.jpg,687,67,949,336,452,120
00007347.jpg,685,67,947,336,450,119
00007348.jpg,685,68,947,337,448,121
00007349.jpg,683,68,945,337,448,121
00007350.jpg,682,69,944,338,447,123
00007351.jpg,680,69,942,338,447,123
00007352.jpg,679,70,941,339,443,124
00007353.jpg,678,71,940,340,442,124
00007354.jpg,677,71,939,340,438,124
00007355.jpg,676,72,938,341,435,124
00007356.jpg,675,72,937,341,431,124
00007357.jpg,675,72,937,341,437,124
00007358.jpg,675,72,937,341,443,124
00007359.jpg,675,72,937,341,443,124
00007360.jpg,675,72,937,341,448,124
00007361.jpg,676,71,938,340,452,124
00007362.jpg,677,71,939,340,457,124
00007363.jpg,677,70,939,339,462,124
00007364.jpg,677,70,939,339,467,128
00007365.jpg,677,69,939,338,471,128
00007366.jpg,677,69,939,338,473,128
00007367.jpg,677,69,939,338,473,128
00007368.jpg,676,68,938,337,473,128
00007369.jpg,675,68,937,337,477,128
00007370.jpg,674,68,936,337,480,128
00007371.jpg,672,68,934,337,481,128
00007372.jpg,670,67,932,336,486,128
00007373.jpg,666,67,928,336,487,128
00007374.jpg,662,67,924,336,493,131
00007375.jpg,657,67,919,336,497,131
00007376.jpg,652,66,914,335,500,131
00007377.jpg,646,65,908,334,500,131
00007378.jpg,638,66,900,335,496,131
00007379.jpg,632,63,894,332,496,131
00007380.jpg,621,68,883,337,496,133
00007381.jpg,609,69,871,338,496,133
00007382.jpg,603,67,865,336,495,135
00007383.jpg,594,67,856,336,493,135
00007384.jpg,585,68,847,337,493,135
00007385.jpg,585,68,847,337,492,139
