00000809.jpg,1023,117,1371,469,360,453
00000810.jpg,1023,117,1371,469,355,456
00000811.jpg,1023,117,1371,469,350,456
00000812.jpg,1023,117,1371,469,346,451
00000813.jpg,1023,117,1371,469,346,451
00000814.jpg,1022,116,1370,468,348,453
00000815.jpg,1022,115,1370,467,348,453
00000816.jpg,1023,115,1371,467,348,453
00000817.jpg,1023,116,1371,468,348,453
00000818.jpg,1023,116,1371,468,348,451
00000819.jpg,1023,117,1371,469,348,451
00000820.jpg,1023,117,1371,469,348,451
00000821.jpg,1023,116,1371,468,348,451
00000822.jpg,1021,114,1369,466,348,451
00000823.jpg,1021,114,1369,466,350,453
00000824.jpg,1018,113,1366,465,350,453
00000825.jpg,1014,112,1362,464,351,448
00000826.jpg,1009,111,1357,463,352,446
00000827.jpg,1005,111,1353,463,352,446
00000828.jpg,1005,111,1353,463,352,446
00000829.jpg,1000,112,1348,464,352,446
00000830.jpg,997,112,1345,464,352,446
00000831.jpg,994,113,1342,465,347,445
00000832.jpg,991,114,1339,466,347,445
00000833.jpg,991,114,1339,466,347,445
00000834.jpg,989,114,1337,466,347,445
00000835.jpg,986,114,1334,466,347,445
00000836.jpg,984,113,1332,465,347,445
00000837.jpg,981,112,1329,464,347,445
00000838.jpg,981,112,1329,464,347,445
00000839.jpg,977,111,1325,463,347,445
00000840.jpg,974,110,1322,462,347,445
00000841.jpg,972,108,1320,460,347,445
00000842.jpg,971,108,1319,460,347,445
00000843.jpg,971,108,1319,460,347,445
00000844.jpg,969,108,1317,460,347,445
00000845.jpg,993,116,1322,463,350,444
00000846.jpg,993,116,1322,463,350,445
00000847.jpg,995,115,1324,462,350,445
00000848.jpg,995,115,1324,462,350,445
00000849.jpg,998,111,1327,458,350,445
00000850.jpg,1001,107,1330,454,350,445
00000851.jpg,1003,102,1332,449,350,445
00000852.jpg,1005,97,1334,444,350,445
00000853.jpg,1005,97,1334,444,350,445
00000854.jpg,1006,94,1335,441,350,445
00000855.jpg,1009,92,1338,439,350,445
00000856.jpg,1012,93,1341,440,350,445
00000857.jpg,1013,91,1363,452,350,445
00000858.jpg,1013,91,1363,452,350,445
00000859.jpg,1014,94,1364,455,350,445
00000860.jpg,1015,96,1365,457,350,445
00000861.jpg,1016,97,1366,458,350,445
00000862.jpg,1017,97,1367,458,350,445
00000863.jpg,1017,97,1367,458,350,445
00000864.jpg,1019,97,1369,458,350,445
00000865.jpg,1022,94,1372,455,350,445
00000866.jpg,1024,91,1374,452,350,445
00000867.jpg,1026,87,1376,448,350,445
00000868.jpg,1026,87,1376,448,350,445
00000869.jpg,1031,86,1381,447,353,445
00000870.jpg,1035,86,1385,447,353,445
00000871.jpg,1040,84,1390,445,353,445
00000872.jpg,1043,85,1393,446,353,445
00000873.jpg,1036,89,1382,446,353,445
00000874.jpg,1036,89,1382,446,353,445
00000875.jpg,1039,89,1385,446,353,445
00000876.jpg,1041,89,1387,446,355,445
00000877.jpg,1042,89,1388,446,360,446
00000878.jpg,1042,89,1388,446,360,446
00000879.jpg,1042,89,1388,446,360,446
00000880.jpg,1042,89,1388,446,360,446
00000881.jpg,1043,89,1389,446,248,436
00000882.jpg,1044,89,1390,446,175,543
00000883.jpg,1044,89,1390,446,176,543
00000884.jpg,1046,88,1392,445,443,749
00000885.jpg,1047,87,1393,444,445,749
00000886.jpg,1050,87,1396,444,442,750
00000887.jpg,1052,86,1398,443,443,751
00000888.jpg,1052,86,1398,443,443,751
00000889.jpg,1055,86,1401,443,443,750
00000890.jpg,1047,87,1411,454,442,751
00000891.jpg,1047,87,1411,454,442,751
00000892.jpg,1051,87,1415,454,440,751
00000893.jpg,1051,87,1415,454,441,753
00000894.jpg,1054,87,1418,454,441,753
00000895.jpg,1057,86,1421,453,441,753
00000896.jpg,1058,85,1422,452,441,753
00000897.jpg,1058,84,1422,451,441,753
00000898.jpg,1058,84,1422,451,441,753
00000899.jpg,1057,83,1421,450,438,753
00000900.jpg,1057,83,1421,450,437,754
