00009904.jpg,342,94,540,313,322,397
00009905.jpg,342,94,540,313,322,397
00009906.jpg,342,94,540,313,322,397
00009907.jpg,342,94,540,313,322,397
00009908.jpg,342,93,540,312,322,397
00009909.jpg,343,93,541,312,322,397
00009910.jpg,343,93,541,312,322,397
00009911.jpg,343,93,541,312,322,397
00009912.jpg,343,93,541,312,322,397
00009913.jpg,343,93,541,312,322,397
00009914.jpg,344,93,542,312,322,397
00009915.jpg,344,93,542,312,320,397
00009916.jpg,344,93,542,312,320,397
00009917.jpg,344,93,542,312,320,397
00009918.jpg,344,93,542,312,320,397
00009919.jpg,344,93,542,312,319,397
00009920.jpg,344,93,542,312,318,397
00009921.jpg,344,93,542,312,318,397
00009922.jpg,345,93,543,312,318,397
00009923.jpg,345,93,543,312,318,397
00009924.jpg,345,93,543,312,-1,-1
00009925.jpg,345,93,543,312,-1,-1
00009926.jpg,345,94,543,313,-1,-1
00009927.jpg,345,94,543,313,-1,-1
00009928.jpg,345,94,543,313,-1,-1
00009929.jpg,345,94,543,313,-1,-1
00009930.jpg,345,93,543,312,-1,-1
00009931.jpg,345,93,543,312,-1,-1
00009932.jpg,345,93,543,312,-1,-1
00009933.jpg,345,93,543,312,-1,-1
00009934.jpg,346,93,544,312,-1,-1
00009935.jpg,346,93,544,312,-1,-1
00009936.jpg,346,93,544,312,-1,-1
00009937.jpg,346,93,544,312,-1,-1
00009938.jpg,346,93,544,312,-1,-1
00009939.jpg,346,93,544,312,-1,-1
00009940.jpg,347,93,545,312,-1,-1
00009941.jpg,348,93,546,312,-1,-1
00009942.jpg,348,93,546,312,-1,-1
00009943.jpg,348,93,546,312,-1,-1
00009944.jpg,348,93,546,312,-1,-1
00009945.jpg,349,93,547,312,-1,-1
00009946.jpg,350,93,548,312,-1,-1
00009947.jpg,350,93,548,312,-1,-1
00009948.jpg,351,93,549,312,-1,-1
00009949.jpg,351,93,549,312,-1,-1
00009950.jpg,351,94,549,313,-1,-1
00009951.jpg,350,94,548,313,-1,-1
00009952.jpg,350,94,548,313,-1,-1
00009953.jpg,350,94,548,313,-1,-1
00009954.jpg,350,94,548,313,-1,-1
00009955.jpg,349,94,547,313,-1,-1
00009956.jpg,349,94,547,313,-1,-1
00009957.jpg,348,94,546,313,-1,-1
00009958.jpg,347,94,545,313,-1,-1
00009959.jpg,346,94,544,313,-1,-1
00009960.jpg,346,94,544,313,-1,-1
00009961.jpg,346,94,544,313,-1,-1
00009962.jpg,345,94,543,313,-1,-1
00009963.jpg,345,94,543,313,-1,-1
00009964.jpg,345,94,543,313,-1,-1
00009965.jpg,345,94,543,313,-1,-1
00009966.jpg,345,94,543,313,-1,-1
00009967.jpg,344,94,542,313,-1,-1
00009968.jpg,344,94,542,313,-1,-1
00009969.jpg,343,94,541,313,-1,-1
00009970.jpg,343,94,541,313,-1,-1
00009971.jpg,342,94,540,313,-1,-1
00009972.jpg,342,94,540,313,-1,-1
00009973.jpg,342,94,540,313,-1,-1
00009974.jpg,342,94,540,313,-1,-1
00009975.jpg,341,94,539,313,-1,-1
00009976.jpg,341,94,539,313,-1,-1
00009977.jpg,341,94,539,313,-1,-1
00009978.jpg,341,94,539,313,-1,-1
00009979.jpg,341,94,539,313,-1,-1
00009980.jpg,341,94,539,313,-1,-1
00009981.jpg,341,94,539,313,-1,-1
