00001673.jpg,280,34,504,292,430,611
00001674.jpg,280,34,504,292,425,613
00001675.jpg,280,34,504,292,423,615
00001676.jpg,280,34,504,292,420,614
00001677.jpg,280,35,504,293,416,617
00001678.jpg,280,36,504,294,416,619
00001679.jpg,280,37,504,295,416,619
00001680.jpg,279,37,503,295,416,619
00001681.jpg,278,38,502,296,422,618
00001682.jpg,276,39,500,297,422,613
00001683.jpg,275,40,499,298,417,611
00001684.jpg,274,40,498,298,417,622
00001685.jpg,272,41,496,299,419,622
00001686.jpg,271,42,495,300,417,625
00001687.jpg,270,43,494,301,420,628
00001688.jpg,268,43,492,301,420,630
00001689.jpg,267,44,491,302,424,627
00001690.jpg,265,45,489,303,427,627
00001691.jpg,263,46,487,304,427,627
00001692.jpg,262,47,486,305,429,626
00001693.jpg,261,48,485,306,424,630
00001694.jpg,260,48,484,306,422,631
00001695.jpg,259,49,483,307,425,628
00001696.jpg,259,49,483,307,423,631
00001697.jpg,258,50,482,308,424,631
00001698.jpg,258,51,482,309,426,631
00001699.jpg,258,51,482,309,426,636
00001700.jpg,258,52,482,310,423,639
00001701.jpg,258,52,482,310,420,642
00001702.jpg,258,52,482,310,418,642
00001703.jpg,258,52,482,310,416,641
00001704.jpg,259,53,483,311,416,642
00001705.jpg,259,53,483,311,413,643
00001706.jpg,259,52,483,310,409,643
00001707.jpg,259,52,483,310,409,643
00001708.jpg,259,52,483,310,411,642
00001709.jpg,259,52,483,310,411,641
00001710.jpg,259,52,483,310,412,641
00001711.jpg,259,51,483,309,412,642
00001712.jpg,258,51,482,309,412,642
00001713.jpg,258,51,482,309,412,642
00001714.jpg,258,51,482,309,411,639
00001715.jpg,258,51,482,309,411,637
00001716.jpg,257,50,481,308,411,636
00001717.jpg,257,50,481,308,412,636
00001718.jpg,257,51,481,309,412,636
00001719.jpg,256,51,480,309,412,636
00001720.jpg,256,51,480,309,412,635
00001721.jpg,255,51,479,309,412,635
00001722.jpg,255,51,479,309,412,635
00001723.jpg,255,52,479,310,412,635
00001724.jpg,254,52,478,310,412,635
00001725.jpg,254,52,478,310,412,635
00001726.jpg,254,52,478,310,412,635
00001727.jpg,254,52,478,310,412,635
00001728.jpg,254,52,478,310,456,622
00001729.jpg,254,51,478,309,-1,-1
00001730.jpg,254,51,478,309,-1,-1
00001731.jpg,255,51,479,309,-1,-1
00001732.jpg,255,51,479,309,-1,-1
00001733.jpg,255,51,479,309,-1,-1
00001734.jpg,255,51,479,309,-1,-1
00001735.jpg,256,51,480,309,-1,-1
00001736.jpg,256,51,480,309,-1,-1
00001737.jpg,256,51,480,309,-1,-1
00001738.jpg,256,51,480,309,-1,-1
00001739.jpg,257,51,481,309,-1,-1
00001740.jpg,257,51,481,309,-1,-1
00001741.jpg,257,51,481,309,-1,-1
00001742.jpg,258,51,482,309,-1,-1
00001743.jpg,258,51,482,309,-1,-1
00001744.jpg,259,51,483,309,-1,-1
00001745.jpg,260,51,484,309,-1,-1
00001746.jpg,261,51,485,309,-1,-1
00001747.jpg,262,51,486,309,-1,-1
00001748.jpg,263,52,487,310,-1,-1
00001749.jpg,263,52,487,310,-1,-1
00001750.jpg,264,52,488,310,-1,-1
00001751.jpg,265,53,489,311,-1,-1
00001752.jpg,266,54,490,312,-1,-1
00001753.jpg,267,55,491,313,-1,-1
00001754.jpg,268,56,492,314,-1,-1
00001755.jpg,269,57,493,315,-1,-1
00001756.jpg,270,57,494,315,-1,-1
00001757.jpg,271,58,495,316,-1,-1
00001758.jpg,272,59,496,317,-1,-1
00001759.jpg,272,60,496,318,-1,-1
00001760.jpg,272,61,496,319,-1,-1
00001761.jpg,272,62,496,320,-1,-1
00001762.jpg,272,62,496,320,-1,-1
00001763.jpg,272,62,496,320,-1,-1
00001764.jpg,272,61,496,319,-1,-1
00001765.jpg,272,61,496,319,-1,-1
00001766.jpg,271,61,495,319,-1,-1
00001767.jpg,271,61,495,319,-1,-1
00001768.jpg,271,61,495,319,-1,-1
00001769.jpg,271,61,495,319,-1,-1
00001770.jpg,272,62,496,320,-1,-1
00001771.jpg,273,62,497,320,-1,-1
00001772.jpg,274,61,498,319,-1,-1
00001773.jpg,275,62,499,320,-1,-1
00001774.jpg,276,63,500,321,-1,-1
00001775.jpg,276,63,500,321,-1,-1
