00000090.jpg,662,83,964,410,-1,-1
00000091.jpg,662,83,964,410,-1,-1
00000092.jpg,662,83,964,410,-1,-1
00000093.jpg,662,83,964,410,-1,-1
00000094.jpg,663,83,965,410,-1,-1
00000095.jpg,664,83,966,410,-1,-1
00000096.jpg,666,83,968,410,-1,-1
00000097.jpg,666,83,968,410,-1,-1
00000098.jpg,667,83,969,410,-1,-1
00000099.jpg,668,82,970,409,-1,-1
00000100.jpg,669,82,971,409,-1,-1
00000101.jpg,670,82,972,409,-1,-1
00000102.jpg,670,82,972,409,-1,-1
00000103.jpg,671,82,973,409,-1,-1
00000104.jpg,671,82,973,409,-1,-1
00000105.jpg,672,82,974,409,-1,-1
00000106.jpg,673,82,975,409,-1,-1
00000107.jpg,673,82,975,409,-1,-1
00000108.jpg,674,82,976,409,-1,-1
00000109.jpg,674,82,976,409,-1,-1
00000110.jpg,675,82,977,409,-1,-1
00000111.jpg,676,82,978,409,-1,-1
00000112.jpg,676,82,978,409,-1,-1
00000113.jpg,676,82,978,409,-1,-1
00000114.jpg,677,82,979,409,-1,-1
00000115.jpg,678,82,980,409,-1,-1
00000116.jpg,678,82,980,409,-1,-1
00000117.jpg,678,82,980,409,-1,-1
00000118.jpg,679,82,981,409,-1,-1
00000119.jpg,680,82,982,409,-1,-1
00000120.jpg,680,82,982,409,-1,-1
00000121.jpg,681,82,983,409,-1,-1
00000122.jpg,681,82,983,409,-1,-1
00000123.jpg,681,82,983,409,-1,-1
00000124.jpg,681,82,983,409,-1,-1
00000125.jpg,682,82,984,409,-1,-1
00000126.jpg,682,82,984,409,-1,-1
00000127.jpg,682,82,984,409,-1,-1
00000128.jpg,683,82,985,409,-1,-1
00000129.jpg,683,83,985,410,-1,-1
00000130.jpg,683,83,985,410,-1,-1
00000131.jpg,684,83,986,410,-1,-1
00000132.jpg,684,83,986,410,-1,-1
00000133.jpg,684,83,986,410,-1,-1
00000134.jpg,685,83,987,410,-1,-1
00000135.jpg,685,83,987,410,-1,-1
00000136.jpg,686,84,988,411,-1,-1
00000137.jpg,686,84,988,411,-1,-1
00000138.jpg,686,84,988,411,-1,-1
00000139.jpg,686,84,988,411,-1,-1
00000140.jpg,687,84,989,411,-1,-1
00000141.jpg,687,84,989,411,-1,-1
00000142.jpg,687,85,989,412,-1,-1
00000143.jpg,688,85,990,412,-1,-1
00000144.jpg,688,85,990,412,-1,-1
00000145.jpg,689,85,991,412,-1,-1
00000146.jpg,689,85,991,412,-1,-1
00000147.jpg,689,85,991,412,-1,-1
00000148.jpg,690,86,992,413,-1,-1
00000149.jpg,689,86,991,413,-1,-1
00000150.jpg,689,86,991,413,-1,-1
