00003330.jpg,104,66,566,546,822,302
00003331.jpg,104,66,566,546,826,301
00003332.jpg,104,66,566,546,826,301
00003333.jpg,104,66,566,546,826,301
00003334.jpg,104,65,566,545,826,301
00003335.jpg,104,65,566,545,826,301
00003336.jpg,104,65,566,545,826,301
00003337.jpg,104,66,566,546,826,301
00003338.jpg,103,66,565,546,826,305
00003339.jpg,103,66,565,546,822,308
00003340.jpg,103,66,565,546,822,308
00003341.jpg,102,65,564,545,822,308
00003342.jpg,103,65,565,545,822,308
00003343.jpg,103,64,565,544,822,308
00003344.jpg,104,64,566,544,828,308
00003345.jpg,105,64,567,544,833,308
00003346.jpg,105,65,567,545,837,308
00003347.jpg,105,66,567,546,1210,349
00003348.jpg,105,66,567,546,1213,350
00003349.jpg,105,66,567,546,1212,350
00003350.jpg,105,65,567,545,1210,352
00003351.jpg,104,63,566,543,1214,352
00003352.jpg,105,62,567,542,1212,352
00003353.jpg,105,62,567,542,1212,352
00003354.jpg,106,62,568,542,1212,352
00003355.jpg,106,63,568,543,1212,352
00003356.jpg,106,64,568,544,1212,350
00003357.jpg,106,65,568,545,1212,350
00003358.jpg,105,65,567,545,1212,350
00003359.jpg,105,64,567,544,1212,349
00003360.jpg,106,65,568,545,1212,349
00003361.jpg,107,65,569,545,1209,350
00003362.jpg,110,67,572,547,1209,352
00003363.jpg,112,68,574,548,1212,349
00003364.jpg,115,68,577,548,1212,349
00003365.jpg,120,68,582,548,1212,349
00003366.jpg,126,68,588,548,1212,349
00003367.jpg,128,69,590,549,1210,350
00003368.jpg,129,70,591,550,1208,350
00003369.jpg,133,71,595,551,1209,350
00003370.jpg,137,71,599,551,1206,350
00003371.jpg,141,70,603,550,1208,350
00003372.jpg,145,70,607,550,1205,350
00003373.jpg,149,70,611,550,1205,350
00003374.jpg,153,70,615,550,1205,350
00003375.jpg,158,72,620,552,1205,350
00003376.jpg,161,72,623,552,1205,350
00003377.jpg,164,71,626,551,1205,350
00003378.jpg,166,70,628,550,1205,350
00003379.jpg,167,70,629,550,1205,350
00003380.jpg,169,69,631,549,1205,350
00003381.jpg,170,69,632,549,1205,350
00003382.jpg,171,69,633,549,1205,350
00003383.jpg,172,68,634,548,1205,350
00003384.jpg,174,68,636,548,1205,350
00003385.jpg,177,67,640,588,1209,350
00003386.jpg,177,67,640,588,1209,353
00003387.jpg,177,68,640,589,1208,354
00003388.jpg,176,68,639,589,1208,357
00003389.jpg,175,68,638,589,1208,358
00003390.jpg,173,68,636,589,1208,358
00003391.jpg,168,66,631,587,1208,358
00003392.jpg,163,65,626,586,1208,358
00003393.jpg,160,63,623,584,1214,360
00003394.jpg,154,61,617,582,1214,360
00003395.jpg,146,59,609,580,1214,360
00003396.jpg,140,56,603,577,1214,360
00003397.jpg,134,54,597,575,1214,360
00003398.jpg,129,52,592,573,1214,360
00003399.jpg,123,49,586,570,1214,360
00003400.jpg,119,47,582,568,1214,360
00003401.jpg,116,45,579,566,1214,360
00003402.jpg,85,43,580,584,1214,360
00003403.jpg,85,43,580,584,1218,360
00003404.jpg,82,43,577,584,1218,360
00003405.jpg,80,42,575,583,1220,360
00003406.jpg,78,40,573,581,1214,361
00003407.jpg,77,38,572,579,1208,366
00003408.jpg,77,36,572,577,1202,369
00003409.jpg,77,35,572,576,1202,369
00003410.jpg,79,35,574,576,1202,369
00003411.jpg,81,36,576,577,1200,369
00003412.jpg,82,36,577,577,1198,369
00003413.jpg,82,37,577,578,1198,369
00003414.jpg,83,37,578,578,1198,369
00003415.jpg,84,37,579,578,1202,369
00003416.jpg,84,37,579,578,1205,368
00003417.jpg,85,37,580,578,1205,368
00003418.jpg,87,37,582,578,1210,365
00003419.jpg,88,38,583,579,1213,360
00003420.jpg,90,38,585,579,1217,356
00003421.jpg,91,38,586,579,1220,353
00003422.jpg,92,38,587,579,1218,350
00003423.jpg,93,38,588,579,1220,350
00003424.jpg,94,39,589,580,1220,350
00003425.jpg,95,40,590,581,1218,352
00003426.jpg,97,42,592,583,1218,352
00003427.jpg,99,44,594,585,1218,352
00003428.jpg,101,45,596,586,1218,352
00003429.jpg,104,46,599,587,1213,353
00003430.jpg,107,48,602,589,1213,353
00003431.jpg,109,49,604,590,1213,353
00003432.jpg,111,50,606,591,1213,353
00003433.jpg,114,52,609,593,1210,354
00003434.jpg,116,53,611,594,1210,354
00003435.jpg,117,54,612,595,1210,354
00003436.jpg,119,55,614,596,1210,354
00003437.jpg,119,54,614,595,1210,354
00003438.jpg,122,54,617,595,1214,353
00003439.jpg,123,52,618,593,1214,353
00003440.jpg,125,51,620,592,1214,352
00003441.jpg,127,50,622,591,1214,348
00003442.jpg,126,47,621,588,1214,342
00003443.jpg,124,45,619,586,1214,340
00003444.jpg,122,44,617,585,1214,338
00003445.jpg,121,43,616,584,1214,338
00003446.jpg,121,45,616,586,1214,338
00003447.jpg,120,46,615,587,1209,338
00003448.jpg,117,47,612,588,1204,344
00003449.jpg,111,46,606,587,1209,340
00003450.jpg,102,43,597,584,1208,340
00003451.jpg,94,42,589,583,1208,340
00003452.jpg,91,41,586,582,1208,340
00003453.jpg,90,40,585,581,1201,342
00003454.jpg,91,39,586,580,1201,342
00003455.jpg,94,36,589,577,1201,342
00003456.jpg,91,33,586,574,1201,344
00003457.jpg,91,32,586,573,1201,344
00003458.jpg,95,35,590,576,1200,344
00003459.jpg,99,38,594,579,1198,346
00003460.jpg,102,41,597,582,1196,346
00003461.jpg,112,45,607,586,1196,346
00003462.jpg,114,48,609,589,1196,346
00003463.jpg,117,50,612,591,1189,350
00003464.jpg,120,50,615,591,1189,350
00003465.jpg,118,48,613,589,1185,353
00003466.jpg,117,47,612,588,1185,353
00003467.jpg,116,46,611,587,1185,353
00003468.jpg,115,45,610,586,1192,354
00003469.jpg,115,45,610,586,1193,354
00003470.jpg,112,43,607,584,1197,354
00003471.jpg,109,41,604,582,1197,354
00003472.jpg,106,37,601,578,1198,352
00003473.jpg,102,34,597,575,1198,352
00003474.jpg,101,33,596,574,1197,352
00003475.jpg,101,34,596,575,1197,352
00003476.jpg,103,37,598,578,1196,352
00003477.jpg,104,40,599,581,1192,350
00003478.jpg,105,42,600,583,1192,350
00003479.jpg,105,44,600,585,1190,350
00003480.jpg,104,43,599,584,1190,350
00003481.jpg,100,42,595,583,1189,350
00003482.jpg,99,41,594,582,1189,350
00003483.jpg,98,40,593,581,1185,350
00003484.jpg,98,39,593,580,1185,350
00003485.jpg,98,38,593,579,1185,350
00003486.jpg,97,36,592,577,1185,348
00003487.jpg,97,34,592,575,1189,348
00003488.jpg,98,32,593,573,1189,348
00003489.jpg,99,32,594,573,1192,348
00003490.jpg,101,31,596,572,1192,348
00003491.jpg,104,32,599,573,1192,348
00003492.jpg,107,32,602,573,1194,348
00003493.jpg,110,33,605,574,1197,348
00003494.jpg,113,32,608,573,1200,348
00003495.jpg,116,32,611,573,1200,348
00003496.jpg,118,32,613,573,1201,348
00003497.jpg,120,32,615,573,1201,348
00003498.jpg,120,32,615,573,1204,348
00003499.jpg,122,34,617,575,1204,348
00003500.jpg,123,35,618,576,1204,348
00003501.jpg,123,36,618,577,1205,348
00003502.jpg,122,36,617,577,1205,348
00003503.jpg,121,36,616,577,1205,348
00003504.jpg,119,36,614,577,1205,348
00003505.jpg,118,36,613,577,1205,348
00003506.jpg,119,37,614,578,1205,348
00003507.jpg,123,40,618,581,1205,348
00003508.jpg,128,44,623,585,1205,348
00003509.jpg,130,46,625,587,1205,348
00003510.jpg,135,48,630,589,1205,348
00003511.jpg,139,49,634,590,1205,348
00003512.jpg,141,49,636,590,1205,348
00003513.jpg,143,48,638,589,1205,348
00003514.jpg,144,46,639,587,1206,348
00003515.jpg,145,44,640,585,1209,349
00003516.jpg,144,42,639,583,1209,345
00003517.jpg,145,42,640,583,1213,345
00003518.jpg,146,43,641,584,1214,345
00003519.jpg,149,45,644,586,1213,345
00003520.jpg,151,46,646,587,1213,345
00003521.jpg,152,45,647,586,1213,345
00003522.jpg,153,45,648,586,1213,345
00003523.jpg,154,44,649,585,1216,345
00003524.jpg,155,44,650,585,1216,345
00003525.jpg,156,45,651,586,1216,345
00003526.jpg,157,46,652,587,1212,352
00003527.jpg,157,46,652,587,1212,357
00003528.jpg,156,45,651,586,1210,364
00003529.jpg,156,45,651,586,1212,372
00003530.jpg,158,47,653,588,1213,373
00003531.jpg,159,49,654,590,1213,373
00003532.jpg,161,52,656,593,1213,374
00003533.jpg,166,56,661,597,1214,374
00003534.jpg,169,58,664,599,1214,374
00003535.jpg,168,57,663,598,1214,374
00003536.jpg,166,54,661,595,1216,374
00003537.jpg,164,51,659,592,1217,374
00003538.jpg,163,49,658,590,1220,374
00003539.jpg,162,47,657,588,1220,374
00003540.jpg,160,46,655,587,1220,374
00003541.jpg,158,46,653,587,1221,374
00003542.jpg,154,44,649,585,1221,374
00003543.jpg,149,42,644,583,1221,374
00003544.jpg,143,41,638,582,1221,374
00003545.jpg,138,39,633,580,1221,374
00003546.jpg,134,36,629,577,1221,374
00003547.jpg,119,26,653,597,1221,374
00003548.jpg,119,26,653,597,1221,374
00003549.jpg,118,27,652,598,1221,374
00003550.jpg,117,29,651,600,1221,374
00003551.jpg,116,30,650,601,1218,380
00003552.jpg,116,30,650,601,1218,380
00003553.jpg,116,29,650,600,1217,382
00003554.jpg,116,29,650,600,1217,382
00003555.jpg,117,28,651,599,1217,382
00003556.jpg,117,28,651,599,1217,382
00003557.jpg,118,28,652,599,1217,382
00003558.jpg,118,28,652,599,1217,382
00003559.jpg,118,28,652,599,1217,382
00003560.jpg,118,28,652,599,1217,382
00003561.jpg,117,28,651,599,1217,382
00003562.jpg,117,27,651,598,896,317
00003563.jpg,117,27,651,598,894,317
00003564.jpg,117,28,651,599,893,317
00003565.jpg,116,28,650,599,890,317
00003566.jpg,111,32,645,603,890,317
00003567.jpg,110,46,594,554,893,317
00003568.jpg,110,46,594,554,893,317
00003569.jpg,109,47,593,555,893,317
00003570.jpg,108,49,592,557,893,317
00003571.jpg,110,50,594,558,893,317
00003572.jpg,110,54,594,562,893,317
00003573.jpg,110,57,594,565,892,317
00003574.jpg,113,50,577,543,892,317
00003575.jpg,113,50,577,543,892,316
00003576.jpg,115,51,579,544,892,316
00003577.jpg,117,53,581,546,892,313
00003578.jpg,119,55,583,548,892,313
00003579.jpg,120,56,584,549,892,313
00003580.jpg,120,57,584,550,888,314
00003581.jpg,120,58,584,551,888,314
00003582.jpg,119,59,583,552,884,314
00003583.jpg,119,60,583,553,882,314
00003584.jpg,118,61,582,554,878,314
00003585.jpg,117,62,581,555,877,314
00003586.jpg,117,62,581,555,877,314
00003587.jpg,116,61,580,554,880,314
00003588.jpg,115,61,579,554,880,314
00003589.jpg,114,61,578,554,880,314
00003590.jpg,114,62,578,555,882,314
00003591.jpg,113,62,577,555,882,314
00003592.jpg,113,63,577,556,882,314
00003593.jpg,112,64,576,557,882,314
00003594.jpg,111,65,575,558,882,314
00003595.jpg,111,65,575,558,882,314
00003596.jpg,111,65,575,558,882,314
00003597.jpg,112,65,576,558,882,314
00003598.jpg,113,65,577,558,882,314
00003599.jpg,113,64,577,557,882,314
00003600.jpg,115,65,579,558,884,316
00003601.jpg,115,65,579,558,884,316
00003602.jpg,117,66,581,559,884,316
00003603.jpg,118,67,582,560,884,316
00003604.jpg,119,67,583,560,884,316
00003605.jpg,120,67,584,560,1205,410
00003606.jpg,122,66,586,559,1204,413
00003607.jpg,123,66,587,559,1201,413
00003608.jpg,123,66,587,559,1197,414
00003609.jpg,123,65,587,558,1197,414
00003610.jpg,123,65,587,558,1197,414
00003611.jpg,123,66,587,559,1198,416
00003612.jpg,122,66,586,559,1198,420
00003613.jpg,122,66,586,559,1196,434
00003614.jpg,121,66,585,559,1196,436
00003615.jpg,121,65,585,558,882,313
00003616.jpg,121,64,585,557,882,313
00003617.jpg,120,63,584,556,884,313
00003618.jpg,119,63,583,556,882,313
00003619.jpg,119,62,583,555,882,313
00003620.jpg,118,62,582,555,886,314
00003621.jpg,118,62,582,555,886,314
00003622.jpg,118,62,582,555,888,314
00003623.jpg,116,63,580,556,888,314
00003624.jpg,116,63,580,556,888,314
00003625.jpg,115,64,579,557,890,316
00003626.jpg,113,64,577,557,890,316
00003627.jpg,112,64,576,557,890,318
00003628.jpg,112,63,576,556,893,318
00003629.jpg,112,62,576,555,894,318
00003630.jpg,111,61,575,554,894,318
00003631.jpg,111,61,575,554,894,318
00003632.jpg,111,61,575,554,894,318
00003633.jpg,111,61,575,554,894,318
00003634.jpg,111,61,575,554,894,318
00003635.jpg,111,60,575,553,892,318
00003636.jpg,111,60,575,553,892,316
00003637.jpg,111,59,575,552,892,316
00003638.jpg,111,59,575,552,892,314
00003639.jpg,112,59,576,552,892,314
00003640.jpg,112,59,576,552,892,314
00003641.jpg,113,58,577,551,892,314
00003642.jpg,113,58,577,551,890,314
00003643.jpg,114,58,578,551,889,314
00003644.jpg,114,58,578,551,889,314
00003645.jpg,114,58,578,551,889,313
00003646.jpg,115,58,579,551,886,313
00003647.jpg,115,59,579,552,886,313
00003648.jpg,115,59,579,552,1204,404
00003649.jpg,116,58,580,551,1208,405
00003650.jpg,116,58,580,551,1212,405
00003651.jpg,117,57,581,550,1213,406
00003652.jpg,117,57,593,518,1212,406
00003653.jpg,117,58,593,518,1212,406
00003654.jpg,118,59,592,518,1212,406
00003655.jpg,119,58,592,518,1217,406
00003656.jpg,122,57,589,515,1217,406
00003657.jpg,122,56,590,515,1217,408
00003658.jpg,122,56,591,514,1218,408
00003659.jpg,119,57,594,516,1221,406
00003660.jpg,116,56,597,519,1221,405
00003661.jpg,115,56,599,524,1222,405
00003662.jpg,115,56,600,526,1222,405
00003663.jpg,118,59,596,523,1222,405
00003664.jpg,118,61,596,521,1222,405
00003665.jpg,116,59,600,525,1226,402
00003666.jpg,116,57,601,526,1224,405
00003667.jpg,115,57,602,527,1160,380
00003668.jpg,114,56,605,529,885,301
00003669.jpg,115,56,603,528,880,302
00003670.jpg,116,57,606,532,886,305
00003671.jpg,115,56,607,532,882,305
00003672.jpg,115,57,607,531,881,305
00003673.jpg,115,57,607,532,880,304
00003674.jpg,114,57,606,527,881,304
00003675.jpg,113,55,606,527,884,305
00003676.jpg,111,54,607,526,882,305
00003677.jpg,111,55,606,525,884,305
00003678.jpg,113,57,605,525,884,305
00003679.jpg,114,55,604,522,884,305
00003680.jpg,113,54,605,525,884,305
00003681.jpg,113,52,605,523,886,302
00003682.jpg,113,52,605,524,886,302
00003683.jpg,115,52,603,522,886,302
00003684.jpg,112,50,607,524,886,302
00003685.jpg,111,48,607,524,886,302
00003686.jpg,112,46,607,524,886,302
00003687.jpg,109,45,610,524,886,302
00003688.jpg,111,42,611,524,886,302
00003689.jpg,112,42,610,523,886,301
00003690.jpg,112,43,608,523,886,301
00003691.jpg,113,44,608,523,890,297
00003692.jpg,114,44,606,521,889,297
00003693.jpg,114,43,607,518,888,297
00003694.jpg,114,41,608,518,888,296
00003695.jpg,116,39,607,517,888,296
00003696.jpg,115,39,609,517,886,296
00003697.jpg,115,39,608,516,886,296
00003698.jpg,116,38,607,515,886,296
00003699.jpg,116,38,606,513,886,294
00003700.jpg,115,37,607,514,886,294
00003701.jpg,116,42,604,513,886,294
00003702.jpg,114,39,603,512,886,294
00003703.jpg,114,37,602,509,886,294
00003704.jpg,114,37,600,506,886,294
00003705.jpg,113,35,602,506,886,294
00003706.jpg,113,36,601,506,886,294
00003707.jpg,113,36,599,503,886,294
00003708.jpg,111,35,599,502,886,294
00003709.jpg,109,35,600,499,886,294
00003710.jpg,109,35,600,499,885,293
