00003330.jpg,1090,100,1539,611,-1,-1
00003331.jpg,1090,100,1539,611,-1,-1
00003332.jpg,1090,100,1539,611,-1,-1
00003333.jpg,1090,100,1539,611,-1,-1
00003334.jpg,1090,100,1539,611,-1,-1
00003335.jpg,1090,100,1539,611,-1,-1
00003336.jpg,1090,100,1539,611,-1,-1
00003337.jpg,1090,100,1539,611,-1,-1
00003338.jpg,1090,100,1539,611,-1,-1
00003339.jpg,1090,100,1539,611,-1,-1
00003340.jpg,1090,100,1539,611,-1,-1
00003341.jpg,1090,100,1539,611,-1,-1
00003342.jpg,1090,100,1539,611,-1,-1
00003343.jpg,1090,100,1539,611,-1,-1
00003344.jpg,1090,100,1539,611,-1,-1
00003345.jpg,1090,101,1539,612,-1,-1
00003346.jpg,1090,101,1539,612,-1,-1
00003347.jpg,1090,102,1539,613,-1,-1
00003348.jpg,1090,102,1539,613,-1,-1
00003349.jpg,1090,102,1539,613,-1,-1
00003350.jpg,1090,101,1539,612,-1,-1
00003351.jpg,1090,100,1539,611,-1,-1
00003352.jpg,1091,100,1540,611,-1,-1
00003353.jpg,1091,100,1540,611,-1,-1
00003354.jpg,1091,100,1540,611,-1,-1
00003355.jpg,1091,101,1540,612,-1,-1
00003356.jpg,1091,101,1540,612,-1,-1
00003357.jpg,1090,101,1539,612,-1,-1
00003358.jpg,1090,101,1539,612,-1,-1
00003359.jpg,1090,101,1539,612,-1,-1
00003360.jpg,1089,101,1538,612,-1,-1
00003361.jpg,1089,101,1538,612,-1,-1
00003362.jpg,1088,102,1537,613,-1,-1
00003363.jpg,1087,102,1536,613,-1,-1
00003364.jpg,1085,102,1534,613,-1,-1
00003365.jpg,1083,103,1532,614,-1,-1
00003366.jpg,1080,104,1529,615,-1,-1
00003367.jpg,1079,104,1528,615,-1,-1
00003368.jpg,1078,104,1527,615,-1,-1
00003369.jpg,1078,104,1527,615,-1,-1
00003370.jpg,1077,104,1526,615,-1,-1
00003371.jpg,1078,103,1527,614,-1,-1
00003372.jpg,1079,103,1528,614,-1,-1
00003373.jpg,1079,103,1528,614,-1,-1
00003374.jpg,1080,103,1529,614,-1,-1
00003375.jpg,1083,102,1532,613,-1,-1
00003376.jpg,1084,102,1533,613,-1,-1
00003377.jpg,1086,101,1535,612,-1,-1
00003378.jpg,1092,100,1541,611,-1,-1
00003379.jpg,1092,100,1541,611,-1,-1
00003380.jpg,1092,99,1541,610,-1,-1
00003381.jpg,1093,100,1542,611,-1,-1
00003382.jpg,1093,100,1542,611,-1,-1
00003383.jpg,1093,101,1542,612,-1,-1
00003384.jpg,1093,102,1542,613,-1,-1
00003385.jpg,1094,103,1543,614,-1,-1
00003386.jpg,1094,104,1543,615,-1,-1
00003387.jpg,1095,104,1544,615,-1,-1
00003388.jpg,1095,105,1544,616,-1,-1
00003389.jpg,1095,105,1544,616,-1,-1
00003390.jpg,1094,106,1543,617,-1,-1
00003391.jpg,1094,106,1543,617,-1,-1
00003392.jpg,1093,106,1542,617,-1,-1
00003393.jpg,1092,106,1541,617,-1,-1
00003394.jpg,1091,106,1540,617,-1,-1
00003395.jpg,1091,105,1540,616,-1,-1
00003396.jpg,1091,104,1540,615,-1,-1
00003397.jpg,1091,103,1540,614,-1,-1
00003398.jpg,1092,101,1541,612,-1,-1
00003399.jpg,1092,101,1541,612,-1,-1
00003400.jpg,1093,101,1542,612,-1,-1
00003401.jpg,1094,101,1543,612,-1,-1
00003402.jpg,1095,102,1544,613,-1,-1
00003403.jpg,1095,102,1544,613,-1,-1
00003404.jpg,1095,102,1544,613,-1,-1
00003405.jpg,1095,102,1544,613,-1,-1
00003406.jpg,1095,102,1544,613,-1,-1
00003407.jpg,1095,101,1544,612,-1,-1
00003408.jpg,1095,101,1544,612,-1,-1
00003409.jpg,1094,101,1543,612,-1,-1
00003410.jpg,1094,102,1543,613,-1,-1
00003411.jpg,1094,102,1543,613,-1,-1
00003412.jpg,1093,103,1542,614,-1,-1
00003413.jpg,1093,103,1542,614,-1,-1
00003414.jpg,1093,104,1542,615,-1,-1
00003415.jpg,1093,104,1542,615,-1,-1
00003416.jpg,1093,105,1542,616,-1,-1
00003417.jpg,1093,105,1542,616,-1,-1
00003418.jpg,1093,105,1542,616,-1,-1
00003419.jpg,1093,104,1542,615,-1,-1
00003420.jpg,1092,104,1541,615,-1,-1
00003421.jpg,1092,104,1541,615,-1,-1
00003422.jpg,1092,104,1541,615,-1,-1
00003423.jpg,1091,104,1540,615,-1,-1
00003424.jpg,1090,105,1539,616,-1,-1
00003425.jpg,1090,106,1539,617,-1,-1
00003426.jpg,1089,106,1538,617,-1,-1
00003427.jpg,1088,107,1537,618,-1,-1
00003428.jpg,1087,108,1536,619,-1,-1
00003429.jpg,1088,134,1506,614,-1,-1
00003430.jpg,1088,134,1506,614,-1,-1
00003431.jpg,1087,134,1505,614,-1,-1
00003432.jpg,1087,134,1505,614,-1,-1
00003433.jpg,1087,134,1505,614,-1,-1
00003434.jpg,1088,134,1506,614,-1,-1
00003435.jpg,1088,135,1506,615,-1,-1
00003436.jpg,1088,134,1506,614,-1,-1
00003437.jpg,1089,133,1507,613,-1,-1
00003438.jpg,1089,131,1507,611,-1,-1
00003439.jpg,1088,129,1506,609,-1,-1
00003440.jpg,1088,127,1506,607,-1,-1
00003441.jpg,1088,126,1506,606,-1,-1
00003442.jpg,1088,125,1506,605,-1,-1
00003443.jpg,1087,125,1505,605,-1,-1
00003444.jpg,1086,125,1504,605,-1,-1
00003445.jpg,1086,125,1504,605,-1,-1
00003446.jpg,1085,124,1503,604,-1,-1
00003447.jpg,1084,124,1502,604,-1,-1
00003448.jpg,1084,123,1502,603,-1,-1
00003449.jpg,1083,122,1501,602,-1,-1
00003450.jpg,1082,121,1500,601,-1,-1
00003451.jpg,1081,121,1499,601,-1,-1
00003452.jpg,1080,121,1498,601,-1,-1
00003453.jpg,1079,121,1497,601,-1,-1
00003454.jpg,1078,121,1496,601,-1,-1
00003455.jpg,1078,121,1496,601,-1,-1
00003456.jpg,1078,122,1496,602,-1,-1
00003457.jpg,1079,123,1497,603,-1,-1
00003458.jpg,1079,123,1497,603,-1,-1
00003459.jpg,1078,124,1496,604,-1,-1
00003460.jpg,1077,125,1495,605,-1,-1
00003461.jpg,1076,127,1494,607,-1,-1
00003462.jpg,1074,128,1492,608,-1,-1
00003463.jpg,1071,129,1489,609,-1,-1
00003464.jpg,1069,130,1487,610,-1,-1
00003465.jpg,1069,131,1487,611,-1,-1
00003466.jpg,1070,132,1488,612,-1,-1
00003467.jpg,1073,132,1491,612,-1,-1
00003468.jpg,1076,131,1494,611,-1,-1
00003469.jpg,1078,130,1496,610,-1,-1
00003470.jpg,1079,129,1497,609,-1,-1
00003471.jpg,1080,127,1498,607,-1,-1
00003472.jpg,1080,126,1498,606,-1,-1
00003473.jpg,1079,126,1497,606,-1,-1
00003474.jpg,1078,126,1496,606,-1,-1
00003475.jpg,1078,126,1496,606,-1,-1
00003476.jpg,1077,126,1495,606,-1,-1
00003477.jpg,1075,127,1493,607,-1,-1
00003478.jpg,1074,127,1492,607,-1,-1
00003479.jpg,1072,126,1490,606,-1,-1
00003480.jpg,1071,126,1489,606,-1,-1
00003481.jpg,1069,125,1487,605,-1,-1
00003482.jpg,1069,124,1487,604,-1,-1
00003483.jpg,1068,123,1486,603,-1,-1
00003484.jpg,1069,122,1487,602,-1,-1
00003485.jpg,1069,122,1487,602,-1,-1
00003486.jpg,1070,122,1488,602,-1,-1
00003487.jpg,1070,122,1488,602,-1,-1
00003488.jpg,1071,122,1489,602,-1,-1
00003489.jpg,1072,122,1490,602,-1,-1
00003490.jpg,1073,123,1491,603,-1,-1
00003491.jpg,1075,123,1493,603,-1,-1
00003492.jpg,1076,124,1494,604,-1,-1
00003493.jpg,1078,124,1496,604,-1,-1
00003494.jpg,1080,125,1498,605,-1,-1
00003495.jpg,1081,125,1499,605,-1,-1
00003496.jpg,1083,126,1501,606,-1,-1
00003497.jpg,1083,126,1501,606,-1,-1
00003498.jpg,1083,127,1501,607,-1,-1
00003499.jpg,1084,127,1502,607,-1,-1
00003500.jpg,1084,128,1502,608,-1,-1
00003501.jpg,1084,128,1502,608,-1,-1
00003502.jpg,1084,128,1502,608,-1,-1
00003503.jpg,1084,129,1502,609,-1,-1
00003504.jpg,1084,130,1502,610,-1,-1
00003505.jpg,1083,130,1501,610,-1,-1
00003506.jpg,1083,130,1501,610,-1,-1
00003507.jpg,1084,130,1502,610,-1,-1
00003508.jpg,1084,130,1502,610,-1,-1
00003509.jpg,1085,130,1503,610,-1,-1
00003510.jpg,1085,130,1503,610,-1,-1
00003511.jpg,1085,129,1503,609,-1,-1
00003512.jpg,1085,128,1503,608,-1,-1
00003513.jpg,1086,127,1504,607,-1,-1
00003514.jpg,1086,126,1504,606,-1,-1
00003515.jpg,1087,125,1505,605,-1,-1
00003516.jpg,1087,124,1505,604,-1,-1
00003517.jpg,1087,124,1505,604,-1,-1
00003518.jpg,1088,124,1506,604,-1,-1
00003519.jpg,1088,124,1506,604,-1,-1
00003520.jpg,1089,124,1507,604,-1,-1
00003521.jpg,1090,124,1508,604,-1,-1
00003522.jpg,1090,124,1508,604,-1,-1
00003523.jpg,1090,124,1508,604,-1,-1
00003524.jpg,1090,126,1508,606,-1,-1
00003525.jpg,1091,128,1509,608,-1,-1
00003526.jpg,1092,130,1510,610,-1,-1
00003527.jpg,1092,132,1510,612,-1,-1
00003528.jpg,1091,129,1509,609,-1,-1
00003529.jpg,1090,129,1508,609,-1,-1
00003530.jpg,1090,129,1508,609,-1,-1
00003531.jpg,1089,130,1507,610,-1,-1
00003532.jpg,1090,129,1508,609,-1,-1
00003533.jpg,1091,129,1509,609,-1,-1
00003534.jpg,1092,128,1510,608,-1,-1
00003535.jpg,1094,128,1512,608,-1,-1
00003536.jpg,1095,128,1513,608,-1,-1
00003537.jpg,1096,129,1514,609,-1,-1
00003538.jpg,1097,129,1515,609,-1,-1
00003539.jpg,1097,129,1515,609,-1,-1
00003540.jpg,1097,129,1515,609,-1,-1
00003541.jpg,1098,130,1516,610,-1,-1
00003542.jpg,1098,130,1516,610,-1,-1
00003543.jpg,1098,129,1516,609,-1,-1
00003544.jpg,1098,129,1516,609,-1,-1
00003545.jpg,1098,128,1516,608,-1,-1
00003546.jpg,1098,128,1516,608,-1,-1
00003547.jpg,1097,128,1515,608,-1,-1
00003548.jpg,1096,128,1514,608,-1,-1
00003549.jpg,1096,130,1514,610,-1,-1
00003550.jpg,1095,130,1513,610,-1,-1
00003551.jpg,1094,130,1512,610,-1,-1
00003552.jpg,1093,130,1511,610,-1,-1
00003553.jpg,1093,130,1511,610,-1,-1
00003554.jpg,1092,130,1510,610,-1,-1
00003555.jpg,1092,130,1510,610,-1,-1
00003556.jpg,1091,129,1509,609,-1,-1
00003557.jpg,1091,129,1509,609,-1,-1
00003558.jpg,1090,129,1508,609,-1,-1
00003559.jpg,1090,129,1508,609,-1,-1
00003560.jpg,1090,129,1508,609,-1,-1
00003561.jpg,1089,129,1507,609,-1,-1
00003562.jpg,1089,129,1507,609,-1,-1
00003563.jpg,1088,130,1506,610,-1,-1
00003564.jpg,1088,129,1506,609,-1,-1
00003565.jpg,1087,130,1505,610,-1,-1
00003566.jpg,1088,131,1506,611,-1,-1
00003567.jpg,1089,131,1507,611,-1,-1
00003568.jpg,1091,132,1509,612,-1,-1
00003569.jpg,1091,133,1509,613,-1,-1
00003570.jpg,1091,135,1509,615,-1,-1
00003571.jpg,1091,136,1509,616,-1,-1
00003572.jpg,1091,137,1509,617,-1,-1
00003573.jpg,1090,138,1508,618,-1,-1
00003574.jpg,1091,138,1509,618,-1,-1
00003575.jpg,1088,141,1506,621,-1,-1
00003576.jpg,1088,143,1506,623,-1,-1
00003577.jpg,1083,120,1534,651,-1,-1
00003578.jpg,1083,120,1534,651,-1,-1
00003579.jpg,1083,120,1534,651,-1,-1
00003580.jpg,1083,121,1534,652,-1,-1
00003581.jpg,1083,121,1534,652,-1,-1
00003582.jpg,1083,121,1534,652,-1,-1
00003583.jpg,1082,121,1533,652,-1,-1
00003584.jpg,1082,121,1533,652,-1,-1
00003585.jpg,1082,120,1533,651,-1,-1
00003586.jpg,1082,120,1533,651,-1,-1
00003587.jpg,1081,119,1532,650,-1,-1
00003588.jpg,1081,119,1532,650,-1,-1
00003589.jpg,1080,119,1531,650,-1,-1
00003590.jpg,1080,119,1531,650,-1,-1
00003591.jpg,1080,118,1531,649,-1,-1
00003592.jpg,1079,118,1530,649,-1,-1
00003593.jpg,1080,117,1531,648,-1,-1
00003594.jpg,1081,118,1532,649,-1,-1
00003595.jpg,1083,119,1534,650,-1,-1
00003596.jpg,1085,119,1536,650,-1,-1
00003597.jpg,1087,119,1538,650,-1,-1
00003598.jpg,1088,119,1539,650,-1,-1
00003599.jpg,1088,119,1539,650,-1,-1
00003600.jpg,1088,119,1539,650,-1,-1
00003601.jpg,1088,119,1539,650,-1,-1
00003602.jpg,1087,119,1538,650,-1,-1
00003603.jpg,1086,119,1537,650,-1,-1
00003604.jpg,1086,119,1537,650,-1,-1
00003605.jpg,1086,118,1537,649,-1,-1
00003606.jpg,1082,117,1533,648,-1,-1
00003607.jpg,1082,116,1533,647,-1,-1
00003608.jpg,1083,115,1534,646,-1,-1
00003609.jpg,1083,115,1534,646,-1,-1
00003610.jpg,1083,115,1534,646,-1,-1
00003611.jpg,1083,115,1534,646,-1,-1
00003612.jpg,1083,115,1534,646,-1,-1
00003613.jpg,1084,115,1535,646,-1,-1
00003614.jpg,1083,115,1534,646,-1,-1
00003615.jpg,1082,116,1533,647,-1,-1
00003616.jpg,1080,116,1531,647,-1,-1
00003617.jpg,1078,116,1529,647,-1,-1
00003618.jpg,1078,115,1529,646,-1,-1
00003619.jpg,1078,114,1529,645,-1,-1
00003620.jpg,1079,113,1530,644,-1,-1
00003621.jpg,1079,113,1530,644,-1,-1
00003622.jpg,1080,113,1531,644,-1,-1
00003623.jpg,1079,115,1530,646,-1,-1
00003624.jpg,1079,115,1530,646,-1,-1
00003625.jpg,1079,115,1530,646,-1,-1
00003626.jpg,1079,115,1530,646,-1,-1
00003627.jpg,1079,114,1530,645,-1,-1
00003628.jpg,1079,114,1530,645,-1,-1
00003629.jpg,1079,114,1530,645,-1,-1
00003630.jpg,1079,114,1530,645,-1,-1
00003631.jpg,1080,114,1531,645,-1,-1
00003632.jpg,1080,114,1531,645,-1,-1
00003633.jpg,1081,113,1532,644,-1,-1
00003634.jpg,1081,113,1532,644,-1,-1
00003635.jpg,1081,112,1532,643,-1,-1
00003636.jpg,1080,112,1531,643,-1,-1
00003637.jpg,1079,113,1530,644,-1,-1
00003638.jpg,1079,113,1530,644,-1,-1
00003639.jpg,1079,113,1530,644,-1,-1
00003640.jpg,1080,112,1531,643,-1,-1
00003641.jpg,1081,112,1532,643,-1,-1
00003642.jpg,1082,111,1533,642,-1,-1
00003643.jpg,1083,111,1534,642,-1,-1
00003644.jpg,1083,111,1534,642,-1,-1
00003645.jpg,1083,111,1534,642,-1,-1
00003646.jpg,1084,111,1535,642,-1,-1
00003647.jpg,1084,112,1535,643,-1,-1
00003648.jpg,1084,112,1535,643,-1,-1
00003649.jpg,1084,112,1535,643,-1,-1
00003650.jpg,1085,112,1536,643,-1,-1
00003651.jpg,1085,112,1536,643,-1,-1
00003652.jpg,1086,111,1537,642,-1,-1
00003653.jpg,1088,111,1539,642,-1,-1
00003654.jpg,1089,111,1540,642,-1,-1
00003655.jpg,1091,110,1542,641,-1,-1
00003656.jpg,1092,109,1543,640,-1,-1
00003657.jpg,1099,114,1550,645,-1,-1
00003658.jpg,1100,112,1551,643,-1,-1
00003659.jpg,1101,111,1552,642,-1,-1
00003660.jpg,1101,110,1552,641,-1,-1
00003661.jpg,1102,110,1553,641,-1,-1
00003662.jpg,1101,110,1552,641,-1,-1
00003663.jpg,1101,110,1552,641,-1,-1
00003664.jpg,1101,110,1552,641,-1,-1
00003665.jpg,1100,110,1551,641,-1,-1
00003666.jpg,1099,110,1550,641,-1,-1
00003667.jpg,1097,109,1548,640,-1,-1
00003668.jpg,1096,109,1547,640,-1,-1
00003669.jpg,1095,109,1546,640,-1,-1
00003670.jpg,1094,110,1545,641,-1,-1
00003671.jpg,1093,110,1544,641,-1,-1
00003672.jpg,1092,110,1543,641,-1,-1
00003673.jpg,1091,110,1542,641,-1,-1
00003674.jpg,1085,110,1536,641,-1,-1
00003675.jpg,1086,109,1537,640,-1,-1
00003676.jpg,1086,109,1537,640,-1,-1
00003677.jpg,1085,110,1536,641,-1,-1
00003678.jpg,1083,112,1534,643,-1,-1
00003679.jpg,1081,112,1532,643,-1,-1
00003680.jpg,1082,110,1533,641,-1,-1
00003681.jpg,1081,109,1532,640,-1,-1
00003682.jpg,1082,107,1533,638,-1,-1
00003683.jpg,1082,107,1533,638,-1,-1
00003684.jpg,1082,107,1533,638,-1,-1
00003685.jpg,1082,107,1533,638,-1,-1
00003686.jpg,1082,107,1533,638,-1,-1
00003687.jpg,1081,107,1532,638,-1,-1
00003688.jpg,1081,106,1532,637,-1,-1
00003689.jpg,1080,105,1531,636,-1,-1
00003690.jpg,1080,104,1531,635,-1,-1
00003691.jpg,1080,103,1531,634,-1,-1
00003692.jpg,1079,103,1530,634,-1,-1
00003693.jpg,1079,101,1530,632,-1,-1
00003694.jpg,1079,100,1530,631,-1,-1
00003695.jpg,1078,101,1529,632,-1,-1
00003696.jpg,1086,104,1537,635,-1,-1
00003697.jpg,1086,103,1537,634,-1,-1
00003698.jpg,1086,102,1537,633,-1,-1
00003699.jpg,1086,102,1537,633,-1,-1
00003700.jpg,1077,99,1528,630,-1,-1
00003701.jpg,1077,98,1528,629,-1,-1
00003702.jpg,1076,98,1527,629,-1,-1
00003703.jpg,1077,98,1528,629,-1,-1
00003704.jpg,1077,98,1528,629,-1,-1
00003705.jpg,1077,98,1528,629,-1,-1
00003706.jpg,1077,98,1528,629,-1,-1
00003707.jpg,1077,98,1528,629,-1,-1
00003708.jpg,1077,98,1528,629,-1,-1
00003709.jpg,1077,98,1528,629,-1,-1
00003710.jpg,1077,98,1528,629,-1,-1
