00034565.jpg,233,0,506,278,746,246
00034566.jpg,235,0,506,278,750,244
00034567.jpg,235,0,505,278,750,244
00034568.jpg,235,0,504,278,754,243
00034569.jpg,237,0,504,277,764,238
00034570.jpg,230,0,512,279,769,233
00034571.jpg,229,0,515,278,780,229
00034572.jpg,230,0,515,280,787,225
00034573.jpg,230,0,517,283,791,224
00034574.jpg,233,0,514,283,796,223
00034575.jpg,233,0,514,283,797,223
00034576.jpg,233,0,514,283,806,221
00034577.jpg,233,0,514,283,811,221
00034578.jpg,231,0,512,283,830,223
00034579.jpg,232,0,502,277,820,229
00034580.jpg,230,0,511,283,819,229
00034581.jpg,233,0,514,283,811,231
00034582.jpg,238,2,519,285,811,231
00034583.jpg,242,5,523,288,811,230
00034584.jpg,245,6,526,289,811,230
00034585.jpg,249,5,530,288,811,230
00034586.jpg,252,5,533,288,804,230
00034587.jpg,256,7,537,290,802,230
00034588.jpg,263,13,544,296,795,239
00034589.jpg,269,18,550,301,799,239
00034590.jpg,271,18,552,301,797,226
00034591.jpg,271,15,552,298,795,225
00034592.jpg,260,3,541,321,800,230
00034593.jpg,260,3,541,321,800,234
00034594.jpg,261,6,542,324,800,234
00034595.jpg,258,5,539,323,800,235
00034596.jpg,256,3,537,321,800,235
00034597.jpg,257,2,538,320,800,235
00034598.jpg,258,4,539,322,804,234
00034599.jpg,258,7,539,325,804,234
00034600.jpg,257,6,538,324,800,230
00034601.jpg,256,4,537,322,802,230
00034602.jpg,258,5,539,323,804,229
00034603.jpg,258,7,539,325,807,229
00034604.jpg,258,8,539,326,807,229
00034605.jpg,258,5,539,323,804,229
00034606.jpg,260,6,541,324,804,229
00034607.jpg,261,8,542,326,804,229
00034608.jpg,261,8,542,326,804,229
00034609.jpg,261,7,542,325,804,229
00034610.jpg,263,8,544,326,804,229
00034611.jpg,263,8,544,326,804,229
00034612.jpg,263,7,544,325,804,229
00034613.jpg,263,7,544,325,791,231
00034614.jpg,263,7,544,325,795,234
00034615.jpg,263,8,544,326,796,234
00034616.jpg,263,8,544,326,805,231
00034617.jpg,263,8,544,326,801,231
00034618.jpg,262,8,543,326,800,235
00034619.jpg,262,8,543,326,800,235
00034620.jpg,261,9,542,327,802,233
00034621.jpg,260,9,541,327,802,233
00034622.jpg,259,9,540,327,797,233
00034623.jpg,258,8,539,326,797,233
00034624.jpg,258,8,539,326,797,233
00034625.jpg,256,7,537,325,785,233
00034626.jpg,254,6,535,324,784,234
00034627.jpg,253,5,534,323,-1,-1
00034628.jpg,252,4,533,322,-1,-1
00034629.jpg,251,4,532,322,-1,-1
00034630.jpg,254,6,544,325,-1,-1
00034631.jpg,250,8,541,325,-1,-1
00034632.jpg,245,6,540,327,-1,-1
00034633.jpg,245,8,537,331,-1,-1
00034634.jpg,241,8,532,332,-1,-1
00034635.jpg,228,12,509,330,-1,-1
00034636.jpg,224,14,505,332,-1,-1
00034637.jpg,221,16,502,334,-1,-1
00034638.jpg,217,17,498,335,-1,-1
00034639.jpg,214,18,495,336,-1,-1
00034640.jpg,208,20,489,338,-1,-1
00034641.jpg,206,19,487,337,-1,-1
00034642.jpg,204,20,485,338,-1,-1
00034643.jpg,202,21,483,339,-1,-1
00034644.jpg,201,21,482,339,-1,-1
00034645.jpg,198,22,479,340,-1,-1
00034646.jpg,197,22,478,340,-1,-1
00034647.jpg,196,22,477,340,-1,-1
00034648.jpg,195,22,476,340,-1,-1
00034649.jpg,193,24,474,342,-1,-1
00034650.jpg,191,25,472,343,-1,-1
00034651.jpg,191,25,472,343,-1,-1
00034652.jpg,190,26,471,344,-1,-1
00034653.jpg,189,27,470,345,-1,-1
00034654.jpg,188,29,469,347,-1,-1
00034655.jpg,187,31,468,349,-1,-1
00034656.jpg,188,31,469,349,-1,-1
00034657.jpg,187,32,468,350,-1,-1
00034658.jpg,187,33,468,351,-1,-1
00034659.jpg,187,33,468,351,-1,-1
00034660.jpg,186,35,467,353,-1,-1
00034661.jpg,185,36,466,354,-1,-1
00034662.jpg,185,36,466,354,-1,-1
00034663.jpg,184,36,465,354,-1,-1
00034664.jpg,184,37,465,355,-1,-1
00034665.jpg,184,37,465,355,-1,-1
00034666.jpg,184,37,465,355,-1,-1
00034667.jpg,184,37,465,355,-1,-1
00034668.jpg,184,37,465,355,-1,-1
00034669.jpg,184,37,465,355,-1,-1
00034670.jpg,184,37,465,355,-1,-1
00034671.jpg,183,37,464,355,-1,-1
00034672.jpg,183,37,464,355,-1,-1
00034673.jpg,183,37,464,355,-1,-1
00034674.jpg,183,37,464,355,-1,-1
00034675.jpg,183,36,464,354,-1,-1
00034676.jpg,183,36,464,354,-1,-1
00034677.jpg,183,36,464,354,-1,-1
00034678.jpg,183,36,464,354,-1,-1
00034679.jpg,183,36,464,354,-1,-1
00034680.jpg,183,36,464,354,-1,-1
00034681.jpg,183,35,464,353,-1,-1
00034682.jpg,183,35,464,353,-1,-1
00034683.jpg,183,35,464,353,-1,-1
00034684.jpg,183,35,464,353,-1,-1
00034685.jpg,183,36,464,354,-1,-1
00034686.jpg,184,36,465,354,-1,-1
00034687.jpg,184,35,465,353,-1,-1
00034688.jpg,185,35,466,353,-1,-1
00034689.jpg,185,35,466,353,-1,-1
00034690.jpg,185,34,466,352,-1,-1
00034691.jpg,186,33,467,351,-1,-1
00034692.jpg,186,33,467,351,-1,-1
00034693.jpg,187,33,468,351,-1,-1
00034694.jpg,187,33,468,351,-1,-1
00034695.jpg,188,32,469,350,-1,-1
00034696.jpg,189,31,470,349,-1,-1
00034697.jpg,189,31,470,349,-1,-1
00034698.jpg,190,31,471,349,-1,-1
00034699.jpg,191,30,472,348,-1,-1
00034700.jpg,191,29,472,347,-1,-1
00034701.jpg,192,28,473,346,-1,-1
00034702.jpg,192,28,473,346,-1,-1
00034703.jpg,193,27,474,345,-1,-1
00034704.jpg,193,27,474,345,-1,-1
00034705.jpg,194,27,475,345,-1,-1
00034706.jpg,194,27,475,345,-1,-1
00034707.jpg,195,27,476,345,-1,-1
00034708.jpg,196,27,477,345,-1,-1
00034709.jpg,196,27,477,345,-1,-1
00034710.jpg,197,27,478,345,-1,-1
00034711.jpg,197,27,478,345,-1,-1
00034712.jpg,198,27,479,345,-1,-1
00034713.jpg,198,27,479,345,-1,-1
00034714.jpg,198,27,479,345,-1,-1
00034715.jpg,199,26,480,344,-1,-1
00034716.jpg,199,26,480,344,-1,-1
00034717.jpg,199,26,480,344,-1,-1
00034718.jpg,199,26,480,344,-1,-1
00034719.jpg,198,26,479,344,-1,-1
00034720.jpg,198,26,479,344,-1,-1
00034721.jpg,198,26,479,344,-1,-1
00034722.jpg,198,26,479,344,-1,-1
00034723.jpg,198,26,479,344,-1,-1
00034724.jpg,197,27,478,345,-1,-1
00034725.jpg,197,27,478,345,-1,-1
00034726.jpg,197,27,478,345,-1,-1
00034727.jpg,197,27,478,345,-1,-1
00034728.jpg,197,27,478,345,-1,-1
00034729.jpg,197,26,478,344,-1,-1
00034730.jpg,196,26,477,344,-1,-1
00034731.jpg,196,26,477,344,-1,-1
00034732.jpg,196,26,477,344,-1,-1
00034733.jpg,196,26,477,344,-1,-1
00034734.jpg,195,27,476,345,-1,-1
00034735.jpg,195,26,476,344,-1,-1
00034736.jpg,195,26,476,344,-1,-1
00034737.jpg,196,25,477,343,-1,-1
00034738.jpg,196,25,477,343,-1,-1
00034739.jpg,196,25,477,343,-1,-1
00034740.jpg,196,25,477,343,-1,-1
00034741.jpg,196,25,477,343,-1,-1
00034742.jpg,196,24,477,342,-1,-1
00034743.jpg,196,24,477,342,-1,-1
00034744.jpg,196,24,477,342,-1,-1
00034745.jpg,197,24,478,342,-1,-1
00034746.jpg,197,24,478,342,-1,-1
00034747.jpg,198,24,479,342,-1,-1
00034748.jpg,198,23,479,341,-1,-1
00034749.jpg,198,23,479,341,-1,-1
00034750.jpg,198,22,479,340,-1,-1
00034751.jpg,198,20,479,338,-1,-1
00034752.jpg,198,20,479,338,-1,-1
00034753.jpg,198,20,479,338,-1,-1
00034754.jpg,198,20,479,338,-1,-1
00034755.jpg,199,20,480,338,-1,-1
00034756.jpg,199,21,480,339,772,271
00034757.jpg,200,21,481,339,772,271
00034758.jpg,201,21,482,339,772,271
00034759.jpg,202,20,483,338,772,271
00034760.jpg,202,20,483,338,772,271
00034761.jpg,203,20,484,338,772,271
00034762.jpg,204,20,485,338,772,271
00034763.jpg,204,20,485,338,772,271
00034764.jpg,204,20,485,338,777,270
00034765.jpg,205,20,486,338,777,270
00034766.jpg,205,19,486,337,779,268
00034767.jpg,205,19,486,337,779,266
00034768.jpg,205,19,486,337,779,265
00034769.jpg,205,19,486,337,780,264
00034770.jpg,205,19,486,337,780,264
00034771.jpg,204,21,485,339,780,264
00034772.jpg,204,21,485,339,784,260
00034773.jpg,204,21,485,339,786,259
00034774.jpg,205,21,486,339,789,256
00034775.jpg,205,21,486,339,789,256
00034776.jpg,205,21,486,339,790,258
00034777.jpg,205,21,486,339,789,268
00034778.jpg,205,21,486,339,789,273
00034779.jpg,205,21,486,339,789,273
00034780.jpg,205,22,486,340,787,278
00034781.jpg,205,22,486,340,787,289
00034782.jpg,206,21,487,339,786,300
00034783.jpg,206,21,487,339,780,306
00034784.jpg,206,21,487,339,780,306
00034785.jpg,206,21,487,339,776,310
00034786.jpg,206,20,487,338,776,310
00034787.jpg,206,20,487,338,769,311
00034788.jpg,206,20,487,338,767,311
00034789.jpg,206,19,487,337,767,311
00034790.jpg,207,19,488,337,-1,-1
00034791.jpg,207,18,488,336,-1,-1
00034792.jpg,207,18,488,336,-1,-1
00034793.jpg,207,18,488,336,-1,-1
00034794.jpg,207,19,488,337,-1,-1
00034795.jpg,207,19,488,337,-1,-1
00034796.jpg,206,20,487,338,-1,-1
00034797.jpg,206,20,487,338,-1,-1
00034798.jpg,207,20,488,338,-1,-1
00034799.jpg,207,21,488,339,-1,-1
00034800.jpg,206,21,487,339,-1,-1
00034801.jpg,206,21,487,339,-1,-1
00034802.jpg,206,21,487,339,-1,-1
00034803.jpg,206,22,487,340,-1,-1
00034804.jpg,205,22,486,340,-1,-1
00034805.jpg,205,22,486,340,-1,-1
00034806.jpg,204,23,485,341,-1,-1
00034807.jpg,204,23,485,341,-1,-1
00034808.jpg,203,24,484,342,-1,-1
00034809.jpg,203,24,484,342,-1,-1
00034810.jpg,200,23,469,346,-1,-1
00034811.jpg,203,23,484,341,-1,-1
00034812.jpg,203,23,484,341,-1,-1
00034813.jpg,204,22,485,340,-1,-1
00034814.jpg,204,22,485,340,-1,-1
00034815.jpg,204,22,485,340,-1,-1
00034816.jpg,205,22,486,340,-1,-1
00034817.jpg,205,23,486,341,-1,-1
00034818.jpg,205,23,486,341,-1,-1
00034819.jpg,205,22,486,340,-1,-1
00034820.jpg,205,22,486,340,-1,-1
00034821.jpg,206,21,487,339,-1,-1
00034822.jpg,207,20,488,338,-1,-1
00034823.jpg,207,20,488,338,-1,-1
00034824.jpg,207,20,488,338,-1,-1
00034825.jpg,206,20,487,338,-1,-1
00034826.jpg,206,20,487,338,-1,-1
00034827.jpg,207,19,488,337,-1,-1
00034828.jpg,206,19,487,337,-1,-1
00034829.jpg,206,19,487,337,-1,-1
00034830.jpg,206,19,487,337,-1,-1
00034831.jpg,206,19,487,337,-1,-1
00034832.jpg,206,19,487,337,-1,-1
00034833.jpg,206,19,487,337,-1,-1
00034834.jpg,206,19,487,337,-1,-1
00034835.jpg,206,19,487,337,-1,-1
00034836.jpg,206,18,487,336,-1,-1
00034837.jpg,206,18,487,336,-1,-1
00034838.jpg,206,18,487,336,-1,-1
00034839.jpg,206,18,487,336,-1,-1
00034840.jpg,207,18,488,336,-1,-1
00034841.jpg,207,18,488,336,-1,-1
