00017742.jpg,1260,248,1520,531,484,518
00017743.jpg,1260,248,1520,531,473,520
00017744.jpg,1260,248,1520,531,466,520
00017745.jpg,1260,248,1520,531,457,521
00017746.jpg,1259,250,1519,533,445,524
00017747.jpg,1257,250,1517,533,436,524
00017748.jpg,1262,264,1515,538,432,525
00017749.jpg,1262,264,1515,538,425,525
00017750.jpg,1259,266,1512,540,418,524
00017751.jpg,1255,267,1508,541,408,528
00017752.jpg,1252,268,1505,542,401,529
00017753.jpg,1246,267,1499,541,396,537
00017754.jpg,1240,267,1493,541,389,532
00017755.jpg,1234,267,1487,541,385,532
00017756.jpg,1229,268,1482,542,381,536
00017757.jpg,1222,267,1475,541,376,536
00017758.jpg,1220,268,1473,542,374,536
00017759.jpg,1219,269,1472,543,374,536
00017760.jpg,1218,270,1471,544,381,537
00017761.jpg,1216,271,1469,545,386,537
00017762.jpg,1222,282,1449,539,390,540
00017763.jpg,1222,282,1449,539,397,537
00017764.jpg,1220,284,1447,541,398,538
00017765.jpg,1215,285,1442,542,402,538
00017766.jpg,1211,286,1438,543,402,538
00017767.jpg,1207,286,1434,543,401,538
00017768.jpg,1205,286,1432,543,401,538
00017769.jpg,1202,286,1429,543,401,538
00017770.jpg,1197,287,1424,544,401,538
00017771.jpg,1196,289,1423,546,401,538
00017772.jpg,1195,293,1422,550,401,538
00017773.jpg,1196,293,1423,550,401,538
00017774.jpg,1201,298,1422,540,402,537
00017775.jpg,1201,298,1422,540,401,538
00017776.jpg,1208,296,1429,538,400,533
00017777.jpg,1216,297,1437,539,404,533
00017778.jpg,1224,297,1445,539,405,533
00017779.jpg,1231,296,1452,538,406,534
00017780.jpg,1238,297,1459,539,408,534
00017781.jpg,1244,295,1465,537,408,537
00017782.jpg,1248,295,1469,537,410,533
00017783.jpg,1252,295,1473,537,412,533
00017784.jpg,1256,294,1477,536,413,533
00017785.jpg,1259,291,1480,533,417,536
00017786.jpg,1262,291,1483,533,421,536
00017787.jpg,1266,292,1487,534,424,533
00017788.jpg,1270,292,1491,534,425,534
00017789.jpg,1274,292,1495,534,432,529
00017790.jpg,1279,292,1500,534,441,526
00017791.jpg,1283,292,1504,534,450,521
00017792.jpg,1288,292,1509,534,461,517
00017793.jpg,1293,292,1514,534,473,512
00017794.jpg,1298,292,1519,534,488,506
00017795.jpg,1304,292,1525,534,500,502
00017796.jpg,1311,292,1532,534,513,497
00017797.jpg,1318,291,1539,533,530,490
00017798.jpg,1325,290,1546,532,545,488
00017799.jpg,1330,287,1551,529,558,484
00017800.jpg,1335,285,1556,527,564,480
00017801.jpg,1338,282,1559,524,574,477
00017802.jpg,1339,281,1560,523,590,474
00017803.jpg,1342,281,1563,523,594,473
00017804.jpg,1343,280,1564,522,597,472
00017805.jpg,1342,279,1563,521,600,469
00017806.jpg,1341,276,1562,518,598,470
00017807.jpg,1341,275,1562,517,396,794
00017808.jpg,1346,277,1559,519,-1,-1
00017809.jpg,1344,280,1557,519,-1,-1
00017810.jpg,1345,281,1555,522,-1,-1
00017811.jpg,1345,281,1555,522,-1,-1
00017812.jpg,1344,280,1551,520,-1,-1
00017813.jpg,1342,279,1546,519,-1,-1
00017814.jpg,1342,279,1546,519,-1,-1
00017815.jpg,1336,276,1538,521,-1,-1
00017816.jpg,1336,276,1538,521,-1,-1
00017817.jpg,1332,276,1534,521,-1,-1
00017818.jpg,1326,277,1528,522,-1,-1
00017819.jpg,1312,282,1515,525,-1,-1
00017820.jpg,1300,287,1513,529,-1,-1
00017821.jpg,1300,287,1513,529,-1,-1
00017822.jpg,1294,289,1507,531,-1,-1
00017823.jpg,1289,290,1502,532,-1,-1
00017824.jpg,1287,289,1500,531,-1,-1
00017825.jpg,1284,291,1497,533,-1,-1
00017826.jpg,1284,292,1497,534,-1,-1
00017827.jpg,1284,291,1497,533,-1,-1
00017828.jpg,1284,294,1497,536,-1,-1
00017829.jpg,1279,295,1490,531,-1,-1
00017830.jpg,1279,295,1490,531,1136,832
00017831.jpg,1279,304,1492,546,1234,905
00017832.jpg,1279,304,1492,546,-1,-1
00017833.jpg,1274,307,1487,549,-1,-1
00017834.jpg,1271,311,1496,556,-1,-1
00017835.jpg,1271,311,1496,556,-1,-1
00017836.jpg,1270,313,1495,558,-1,-1
00017837.jpg,1270,313,1495,558,1148,790
00017838.jpg,1268,314,1493,559,1145,789
00017839.jpg,1268,314,1493,559,1144,804
00017840.jpg,1268,314,1493,559,1142,816
00017841.jpg,1264,317,1489,562,1141,834
00017842.jpg,1262,317,1487,562,1145,849
00017843.jpg,1258,319,1483,564,1145,864
00017844.jpg,1258,315,1483,560,1145,868
00017845.jpg,1253,317,1478,562,1137,872
00017846.jpg,1246,324,1471,569,1134,876
00017847.jpg,1236,326,1461,571,1132,878
00017848.jpg,1232,326,1457,571,1128,876
00017849.jpg,1227,328,1452,573,1124,874
00017850.jpg,1223,329,1448,574,1121,873
00017851.jpg,1223,329,1448,574,1122,874
00017852.jpg,1201,334,1433,578,1122,874
00017853.jpg,1201,334,1433,578,1120,874
00017854.jpg,1201,333,1433,577,1118,878
00017855.jpg,1201,334,1433,578,1114,882
00017856.jpg,1201,334,1433,578,1114,885
00017857.jpg,1201,334,1433,578,1114,889
00017858.jpg,1201,334,1433,578,1114,889
00017859.jpg,1201,334,1433,578,1114,889
00017860.jpg,1201,334,1433,578,-1,-1
00017861.jpg,1199,334,1431,578,-1,-1
00017862.jpg,1196,333,1428,577,-1,-1
00017863.jpg,1195,333,1427,577,-1,-1
00017864.jpg,1195,334,1427,578,-1,-1
00017865.jpg,1195,334,1427,578,-1,-1
00017866.jpg,1197,334,1429,578,-1,-1
00017867.jpg,1199,334,1431,578,-1,-1
00017868.jpg,1201,334,1433,578,-1,-1
00017869.jpg,1201,334,1433,578,-1,-1
00017870.jpg,1201,334,1433,578,-1,-1
00017871.jpg,1201,334,1433,578,-1,-1
00017872.jpg,1201,334,1433,578,-1,-1
00017873.jpg,1201,334,1433,578,-1,-1
00017874.jpg,1201,334,1433,578,-1,-1
00017875.jpg,1200,334,1434,574,-1,-1
00017876.jpg,1200,334,1434,574,-1,-1
00017877.jpg,1204,332,1438,572,-1,-1
00017878.jpg,1209,330,1443,570,-1,-1
00017879.jpg,1213,328,1447,568,-1,-1
00017880.jpg,1217,325,1451,565,-1,-1
00017881.jpg,1222,321,1456,561,-1,-1
00017882.jpg,1227,318,1461,558,1745,398
00017883.jpg,1231,324,1457,556,1745,398
00017884.jpg,1231,324,1457,556,1745,398
00017885.jpg,1239,323,1465,555,1745,398
00017886.jpg,1251,326,1469,555,1745,398
00017887.jpg,1251,326,1469,555,1745,398
00017888.jpg,1258,324,1476,553,1745,398
00017889.jpg,1263,322,1481,551,1876,92
00017890.jpg,1267,321,1485,550,1876,92
00017891.jpg,1270,319,1488,548,1874,89
00017892.jpg,1274,318,1492,547,1874,89
00017893.jpg,1274,318,1492,547,1874,89
