00211732.jpg,1073,302,1279,526,1368,826
00211733.jpg,1073,302,1279,526,1363,819
00211734.jpg,1073,302,1279,526,1360,824
00211735.jpg,1073,302,1279,526,1359,816
00211736.jpg,1072,302,1278,526,1366,815
00211737.jpg,1072,301,1278,525,1364,821
00211738.jpg,1071,301,1277,525,1356,811
00211739.jpg,1070,301,1276,525,1321,789
00211740.jpg,1070,300,1276,524,1328,770
00211741.jpg,1069,300,1275,524,1316,751
00211742.jpg,1069,300,1275,524,1308,733
00211743.jpg,1067,300,1273,524,1306,731
00211744.jpg,1066,299,1272,523,1306,725
00211745.jpg,1064,299,1270,523,1306,725
00211746.jpg,1063,299,1269,523,1306,725
00211747.jpg,1061,299,1267,523,1333,725
00211748.jpg,1059,299,1265,523,1335,734
00211749.jpg,1058,299,1264,523,1339,744
00211750.jpg,1057,299,1263,523,1330,758
00211751.jpg,1056,299,1262,523,1330,758
00211752.jpg,1055,299,1261,523,1330,758
00211753.jpg,1055,300,1261,524,1330,758
00211754.jpg,1054,300,1260,524,1330,758
00211755.jpg,1053,300,1259,524,1328,778
00211756.jpg,1051,301,1257,525,1324,781
00211757.jpg,1050,301,1256,525,1323,785
00211758.jpg,1047,301,1253,525,1321,776
00211759.jpg,1045,301,1251,525,1318,776
00211760.jpg,1042,301,1248,525,1316,778
00211761.jpg,1041,301,1247,525,1316,778
00211762.jpg,1039,301,1245,525,1316,778
00211763.jpg,1038,301,1244,525,1316,778
00211764.jpg,1037,300,1243,524,1316,778
00211765.jpg,1037,300,1243,524,1318,775
00211766.jpg,1036,300,1242,524,1318,773
00211767.jpg,1035,300,1241,524,1318,773
00211768.jpg,1035,300,1241,524,1323,786
00211769.jpg,1035,299,1241,523,1398,790
00211770.jpg,1035,299,1241,523,1380,758
00211771.jpg,1035,298,1241,522,1369,724
00211772.jpg,1027,294,1233,518,1355,713
00211773.jpg,1022,291,1228,515,1338,716
00211774.jpg,1018,287,1230,510,-1,-1
00211775.jpg,1018,287,1230,510,806,363
00211776.jpg,1013,285,1225,508,806,363
00211777.jpg,1012,284,1224,507,806,363
00211778.jpg,1011,285,1223,508,806,361
00211779.jpg,1010,287,1222,510,806,361
00211780.jpg,1009,288,1221,511,806,356
00211781.jpg,1008,288,1220,511,806,356
00211782.jpg,1007,287,1219,510,805,350
00211783.jpg,1006,287,1218,510,799,349
00211784.jpg,1006,287,1218,510,799,349
00211785.jpg,1006,289,1218,512,799,349
00211786.jpg,1005,289,1217,512,796,348
00211787.jpg,1005,290,1217,513,796,348
00211788.jpg,1005,291,1217,514,796,348
00211789.jpg,1005,291,1217,514,794,348
00211790.jpg,1005,292,1217,515,794,348
00211791.jpg,1005,292,1217,515,793,348
00211792.jpg,1004,290,1216,513,793,348
00211793.jpg,1004,290,1216,513,793,348
00211794.jpg,1003,289,1215,512,793,348
00211795.jpg,1002,287,1214,510,791,348
00211796.jpg,1002,287,1214,510,791,348
00211797.jpg,1002,287,1214,510,791,348
00211798.jpg,1002,288,1214,511,791,348
00211799.jpg,1002,287,1214,510,791,348
00211800.jpg,1002,287,1214,510,791,348
00211801.jpg,1001,287,1213,510,791,348
00211802.jpg,1001,287,1213,510,791,348
00211803.jpg,1001,287,1213,510,791,348
00211804.jpg,1000,287,1212,510,791,348
00211805.jpg,1000,287,1212,510,791,348
