00013865.jpg,544,123,620,204,1176,225
00013866.jpg,544,123,620,204,1176,225
00013867.jpg,544,123,620,204,1176,225
00013868.jpg,544,123,620,204,1176,225
00013869.jpg,544,124,620,205,1153,506
00013870.jpg,544,124,620,205,-1,-1
00013871.jpg,543,125,619,206,-1,-1
00013872.jpg,543,126,619,207,557,296
00013873.jpg,543,127,619,208,553,294
00013874.jpg,543,127,619,208,549,296
00013875.jpg,543,127,619,208,546,294
00013876.jpg,544,128,620,209,545,296
00013877.jpg,544,127,620,208,544,296
00013878.jpg,544,127,620,208,546,296
00013879.jpg,544,127,620,208,545,293
00013880.jpg,544,127,620,208,545,294
00013881.jpg,544,127,620,208,545,292
00013882.jpg,545,128,621,209,545,292
00013883.jpg,545,127,621,208,545,292
00013884.jpg,546,127,622,208,544,293
00013885.jpg,546,127,622,208,544,293
00013886.jpg,547,127,623,208,545,293
00013887.jpg,547,127,623,208,546,293
00013888.jpg,548,127,624,208,546,293
00013889.jpg,548,126,624,207,546,293
00013890.jpg,549,125,625,206,-1,-1
00013891.jpg,550,125,626,206,1068,654
00013892.jpg,551,124,627,205,1153,253
00013893.jpg,552,124,628,205,1153,252
00013894.jpg,553,124,629,205,1152,252
00013895.jpg,554,123,630,204,1152,252
00013896.jpg,555,123,631,204,1152,252
00013897.jpg,556,123,632,204,136,82
00013898.jpg,556,123,632,204,137,82
00013899.jpg,557,123,633,204,137,82
00013900.jpg,557,123,633,204,137,82
00013901.jpg,557,123,633,204,137,82
00013902.jpg,557,123,633,204,137,82
00013903.jpg,558,123,634,204,136,81
00013904.jpg,558,123,634,204,137,81
00013905.jpg,558,123,634,204,137,82
00013906.jpg,557,124,633,205,136,82
00013907.jpg,557,124,633,205,137,82
00013908.jpg,557,125,633,206,138,82
00013909.jpg,557,125,633,206,138,82
00013910.jpg,556,125,632,206,138,82
00013911.jpg,556,124,632,205,138,82
00013912.jpg,556,123,632,204,1160,228
00013913.jpg,555,123,631,204,1161,228
00013914.jpg,555,123,631,204,1158,228
00013915.jpg,554,123,630,204,1158,228
00013916.jpg,554,123,630,204,1157,228
00013917.jpg,553,124,629,205,1158,227
00013918.jpg,552,124,628,205,1158,227
00013919.jpg,551,124,627,205,1158,227
00013920.jpg,551,124,627,205,1158,227
00013921.jpg,550,124,626,205,1158,227
00013922.jpg,550,124,626,205,1158,227
00013923.jpg,549,124,625,205,1158,227
00013924.jpg,548,125,624,206,1158,227
00013925.jpg,547,125,623,206,1158,227
00013926.jpg,546,125,622,206,1158,227
00013927.jpg,544,126,620,207,948,635
00013928.jpg,543,127,619,208,560,310
00013929.jpg,541,128,617,209,559,310
00013930.jpg,539,130,615,211,559,310
00013931.jpg,538,132,614,213,556,307
00013932.jpg,536,134,612,215,555,303
00013933.jpg,535,135,611,216,553,304
00013934.jpg,534,135,610,216,549,304
00013935.jpg,533,135,609,216,549,304
00013936.jpg,532,135,608,216,547,304
00013937.jpg,531,136,607,217,546,304
00013938.jpg,530,136,606,217,546,304
00013939.jpg,530,137,606,218,544,300
00013940.jpg,529,137,605,218,544,300
00013941.jpg,529,138,605,219,543,297
00013942.jpg,528,137,604,218,543,297
00013943.jpg,528,137,604,218,545,280
00013944.jpg,527,137,603,218,548,277
00013945.jpg,527,138,603,219,549,275
00013946.jpg,526,139,602,220,548,274
00013947.jpg,526,140,602,221,548,272
00013948.jpg,525,140,601,221,548,272
00013949.jpg,525,140,601,221,550,272
00013950.jpg,524,140,600,221,549,272
00013951.jpg,524,140,600,221,550,274
00013952.jpg,523,141,599,222,551,279
00013953.jpg,523,142,599,223,530,302
00013954.jpg,521,142,597,223,528,303
00013955.jpg,520,142,596,223,528,299
00013956.jpg,520,142,596,223,478,352
00013957.jpg,520,143,596,224,479,354
00013958.jpg,520,143,596,224,479,352
00013959.jpg,520,143,596,224,494,354
00013960.jpg,521,143,597,224,491,354
00013961.jpg,521,142,597,223,494,354
00013962.jpg,522,142,598,223,492,354
00013963.jpg,523,142,599,223,494,354
00013964.jpg,523,142,599,223,493,354
00013965.jpg,523,143,599,224,493,353
00013966.jpg,522,143,598,224,492,353
00013967.jpg,522,143,598,224,493,353
00013968.jpg,523,144,599,225,493,353
00013969.jpg,523,144,599,225,493,353
00013970.jpg,523,144,599,225,493,353
00013971.jpg,523,144,599,225,493,353
00013972.jpg,523,145,599,226,493,353
00013973.jpg,523,145,599,226,493,353
00013974.jpg,523,145,599,226,493,353
00013975.jpg,523,146,599,227,493,353
00013976.jpg,523,146,599,227,493,353
00013977.jpg,523,146,599,227,493,353
00013978.jpg,523,145,599,226,493,353
00013979.jpg,524,145,600,226,493,353
00013980.jpg,524,144,600,225,493,353
00013981.jpg,524,144,600,225,493,353
00013982.jpg,524,144,600,225,493,353
00013983.jpg,523,144,599,225,493,353
00013984.jpg,523,144,599,225,493,353
00013985.jpg,522,144,598,225,493,353
00013986.jpg,522,145,598,226,493,353
00013987.jpg,521,145,597,226,493,353
00013988.jpg,521,145,597,226,493,353
00013989.jpg,520,145,596,226,493,353
00013990.jpg,520,145,596,226,492,353
00013991.jpg,519,145,595,226,492,353
00013992.jpg,518,145,594,226,492,353
00013993.jpg,518,145,594,226,492,353
00013994.jpg,517,145,593,226,492,353
00013995.jpg,517,145,593,226,492,353
00013996.jpg,517,145,593,226,491,353
00013997.jpg,517,145,593,226,491,353
00013998.jpg,516,145,592,226,491,353
00013999.jpg,516,145,592,226,491,353
00014000.jpg,516,145,592,226,491,353
00014001.jpg,515,144,591,225,491,353
00014002.jpg,515,144,591,225,491,353
