00007432.jpg,987,269,1033,318,975,324
00007433.jpg,987,269,1033,318,975,321
00007434.jpg,987,269,1033,318,974,318
00007435.jpg,987,269,1033,318,971,313
00007436.jpg,985,268,1031,317,971,313
00007437.jpg,983,267,1029,316,969,313
00007438.jpg,982,267,1028,316,965,307
00007439.jpg,981,266,1027,315,965,307
00007440.jpg,980,266,1026,315,965,307
00007441.jpg,979,265,1025,314,963,307
00007442.jpg,979,265,1025,314,963,307
00007443.jpg,979,265,1025,314,963,307
00007444.jpg,979,265,1025,314,963,307
00007445.jpg,980,265,1026,314,960,307
00007446.jpg,980,265,1026,314,958,307
00007447.jpg,982,266,1028,315,958,307
00007448.jpg,983,267,1029,316,958,307
00007449.jpg,984,267,1030,316,958,310
00007450.jpg,985,267,1031,316,970,314
00007451.jpg,986,266,1032,315,965,314
00007452.jpg,986,266,1032,315,964,314
00007453.jpg,986,266,1032,315,964,314
00007454.jpg,987,265,1033,314,961,314
00007455.jpg,988,264,1034,313,961,314
00007456.jpg,988,264,1034,313,965,326
00007457.jpg,988,264,1034,313,971,341
00007458.jpg,986,265,1032,314,976,345
00007459.jpg,985,265,1031,314,976,346
00007460.jpg,984,265,1030,314,980,341
00007461.jpg,983,265,1029,314,980,336
00007462.jpg,981,266,1027,315,980,336
00007463.jpg,979,267,1025,316,980,336
00007464.jpg,977,267,1023,316,980,336
00007465.jpg,972,267,1020,318,981,334
00007466.jpg,972,267,1020,318,-1,-1
00007467.jpg,969,267,1017,318,-1,-1
00007468.jpg,965,266,1013,317,694,280
00007469.jpg,962,266,1010,317,694,280
00007470.jpg,959,266,1007,317,694,280
00007471.jpg,957,265,1005,316,694,280
00007472.jpg,956,264,1004,315,694,280
00007473.jpg,955,263,1003,314,694,280
00007474.jpg,954,261,1002,312,695,280
00007475.jpg,954,261,1002,312,695,280
00007476.jpg,954,260,1002,311,695,280
00007477.jpg,954,261,1002,312,695,280
00007478.jpg,954,261,1002,312,695,280
00007479.jpg,954,262,1002,313,695,280
00007480.jpg,954,263,1002,314,695,280
00007481.jpg,952,256,1002,313,695,280
00007482.jpg,952,256,1002,313,695,280
00007483.jpg,951,255,1001,312,695,280
00007484.jpg,949,254,999,311,695,280
00007485.jpg,948,252,998,309,695,280
00007486.jpg,946,252,996,309,695,280
00007487.jpg,945,252,995,309,695,280
00007488.jpg,943,252,993,309,695,280
00007489.jpg,941,252,991,309,695,280
00007490.jpg,939,252,989,309,695,280
00007491.jpg,937,252,987,309,695,280
00007492.jpg,935,252,985,309,695,280
00007493.jpg,932,252,982,309,695,280
00007494.jpg,928,252,978,309,695,280
00007495.jpg,925,252,975,309,695,280
00007496.jpg,922,252,972,309,695,280
00007497.jpg,919,252,969,309,695,280
00007498.jpg,916,253,966,310,695,280
00007499.jpg,914,253,964,310,695,280
00007500.jpg,912,253,962,310,695,280
00007501.jpg,910,253,960,310,695,280
00007502.jpg,908,253,958,310,695,280
00007503.jpg,906,254,956,311,695,280
00007504.jpg,905,254,955,311,695,280
00007505.jpg,905,254,955,311,695,280
