00046135.jpg,761,9,964,216,374,320
00046136.jpg,761,9,964,216,374,320
00046137.jpg,761,9,964,216,373,322
00046138.jpg,761,9,964,216,373,322
00046139.jpg,761,9,964,216,373,322
00046140.jpg,761,9,964,216,373,322
00046141.jpg,761,9,964,216,373,322
00046142.jpg,761,9,964,216,373,322
00046143.jpg,761,9,964,216,373,322
00046144.jpg,761,9,964,216,373,322
00046145.jpg,760,9,963,216,373,322
00046146.jpg,760,9,963,216,373,322
00046147.jpg,760,9,963,216,373,322
00046148.jpg,760,9,963,216,373,322
00046149.jpg,760,9,963,216,373,322
00046150.jpg,760,10,963,217,373,322
00046151.jpg,760,9,963,216,373,322
00046152.jpg,760,9,963,216,373,322
00046153.jpg,760,10,963,217,373,322
00046154.jpg,760,10,963,217,373,322
00046155.jpg,760,10,963,217,373,322
00046156.jpg,760,10,963,217,373,322
00046157.jpg,760,10,963,217,373,322
00046158.jpg,760,9,963,216,373,322
00046159.jpg,760,9,963,216,373,322
00046160.jpg,759,9,962,216,373,322
00046161.jpg,759,9,962,216,373,322
00046162.jpg,759,10,962,217,373,322
00046163.jpg,759,10,962,217,373,322
00046164.jpg,759,10,962,217,373,322
00046165.jpg,760,10,963,217,373,322
00046166.jpg,760,10,963,217,373,322
00046167.jpg,760,10,963,217,373,322
00046168.jpg,760,10,963,217,373,322
00046169.jpg,760,9,963,216,373,322
00046170.jpg,760,9,963,216,373,322
00046171.jpg,760,9,963,216,373,322
00046172.jpg,760,9,963,216,373,322
00046173.jpg,760,10,963,217,373,322
00046174.jpg,760,10,963,217,373,322
00046175.jpg,760,10,963,217,373,322
00046176.jpg,760,10,963,217,373,322
00046177.jpg,760,10,963,217,373,322
00046178.jpg,760,10,963,217,373,322
00046179.jpg,760,10,963,217,373,322
00046180.jpg,759,10,962,217,373,322
00046181.jpg,759,10,962,217,373,322
00046182.jpg,759,9,962,216,373,322
00046183.jpg,758,9,961,216,373,322
00046184.jpg,758,9,961,216,373,322
00046185.jpg,758,10,961,217,373,322
00046186.jpg,758,10,961,217,373,322
00046187.jpg,758,10,961,217,373,322
00046188.jpg,758,10,961,217,373,322
00046189.jpg,758,10,961,217,373,322
00046190.jpg,758,10,961,217,373,322
00046191.jpg,758,10,961,217,373,322
00046192.jpg,758,10,961,217,373,322
00046193.jpg,758,10,961,217,373,322
00046194.jpg,758,10,961,217,373,322
00046195.jpg,759,10,962,217,373,322
00046196.jpg,759,10,962,217,373,322
00046197.jpg,759,10,962,217,373,322
00046198.jpg,759,10,962,217,373,322
00046199.jpg,759,10,962,217,373,322
00046200.jpg,759,10,962,217,373,322
00046201.jpg,759,10,962,217,373,322
00046202.jpg,759,10,962,217,373,322
00046203.jpg,760,10,963,217,373,322
00046204.jpg,760,10,963,217,373,322
00046205.jpg,760,10,963,217,373,322
00046206.jpg,760,10,963,217,373,322
00046207.jpg,760,10,963,217,373,322
00046208.jpg,760,10,963,217,373,322
00046209.jpg,760,10,963,217,373,322
00046210.jpg,760,10,963,217,373,322
00046211.jpg,760,10,963,217,373,322
00046212.jpg,760,10,963,217,373,322
00046213.jpg,760,10,963,217,373,322
00046214.jpg,760,10,963,217,373,322
00046215.jpg,760,10,963,217,373,322
00046216.jpg,760,10,963,217,373,322
00046217.jpg,761,10,964,217,373,322
00046218.jpg,761,10,964,217,373,322
00046219.jpg,761,10,964,217,373,322
00046220.jpg,761,10,964,217,373,322
00046221.jpg,761,10,964,217,373,322
00046222.jpg,761,10,964,217,373,322
00046223.jpg,761,10,964,217,373,322
00046224.jpg,761,10,964,217,373,322
00046225.jpg,761,10,964,217,373,322
00046226.jpg,761,10,964,217,373,322
00046227.jpg,761,9,964,216,373,322
00046228.jpg,761,9,964,216,373,322
00046229.jpg,761,9,964,216,373,322
00046230.jpg,761,9,964,216,373,322
00046231.jpg,761,9,964,216,377,320
00046232.jpg,761,9,964,216,373,322
00046233.jpg,761,9,964,216,373,322
00046234.jpg,761,9,964,216,373,322
00046235.jpg,761,9,964,216,373,322
00046236.jpg,761,9,964,216,374,322
00046237.jpg,761,9,964,216,374,322
00046238.jpg,761,9,964,216,374,322
00046239.jpg,761,9,964,216,376,322
00046240.jpg,761,9,964,216,376,322
00046241.jpg,761,9,964,216,376,322
00046242.jpg,761,9,964,216,376,322
00046243.jpg,761,10,964,217,377,324
00046244.jpg,760,10,963,217,377,324
00046245.jpg,760,10,963,217,377,324
00046246.jpg,761,10,964,217,377,324
00046247.jpg,761,10,964,217,377,324
00046248.jpg,761,10,964,217,377,324
00046249.jpg,761,10,964,217,377,324
00046250.jpg,761,10,964,217,377,324
00046251.jpg,761,10,964,217,377,324
00046252.jpg,761,10,964,217,380,325
00046253.jpg,761,10,964,217,380,325
00046254.jpg,761,10,964,217,380,325
00046255.jpg,761,10,964,217,380,325
00046256.jpg,761,10,964,217,380,325
00046257.jpg,761,10,964,217,380,325
00046258.jpg,761,10,964,217,380,325
00046259.jpg,761,10,964,217,380,325
00046260.jpg,761,10,964,217,380,325
00046261.jpg,761,10,964,217,380,325
00046262.jpg,761,10,964,217,380,325
00046263.jpg,762,10,965,217,380,325
00046264.jpg,762,10,965,217,380,325
00046265.jpg,762,10,965,217,378,325
00046266.jpg,762,10,965,217,381,328
00046267.jpg,762,10,965,217,380,326
00046268.jpg,762,10,965,217,380,326
00046269.jpg,762,10,965,217,381,326
00046270.jpg,762,10,965,217,381,326
00046271.jpg,762,10,965,217,381,326
00046272.jpg,762,10,965,217,380,326
00046273.jpg,762,10,965,217,-1,-1
00046274.jpg,763,10,966,217,-1,-1
00046275.jpg,763,10,966,217,-1,-1
00046276.jpg,763,10,966,217,-1,-1
00046277.jpg,763,10,966,217,-1,-1
00046278.jpg,763,10,966,217,-1,-1
00046279.jpg,763,10,966,217,-1,-1
00046280.jpg,764,10,967,217,-1,-1
00046281.jpg,764,10,967,217,-1,-1
00046282.jpg,765,10,968,217,-1,-1
00046283.jpg,766,10,969,217,-1,-1
00046284.jpg,767,10,970,217,-1,-1
00046285.jpg,768,10,971,217,-1,-1
00046286.jpg,769,10,972,217,-1,-1
00046287.jpg,770,10,973,217,-1,-1
00046288.jpg,771,10,974,217,-1,-1
00046289.jpg,771,10,974,217,-1,-1
00046290.jpg,772,10,975,217,-1,-1
00046291.jpg,773,10,976,217,-1,-1
00046292.jpg,774,10,977,217,-1,-1
00046293.jpg,774,10,977,217,-1,-1
00046294.jpg,775,10,978,217,-1,-1
00046295.jpg,775,10,978,217,-1,-1
00046296.jpg,775,10,978,217,-1,-1
00046297.jpg,775,10,978,217,-1,-1
00046298.jpg,775,10,978,217,-1,-1
00046299.jpg,775,10,978,217,-1,-1
00046300.jpg,775,10,978,217,-1,-1
00046301.jpg,775,10,978,217,-1,-1
00046302.jpg,775,10,978,217,-1,-1
00046303.jpg,775,10,978,217,-1,-1
00046304.jpg,775,10,978,217,-1,-1
00046305.jpg,774,10,977,217,-1,-1
00046306.jpg,774,10,977,217,-1,-1
00046307.jpg,774,10,977,217,-1,-1
00046308.jpg,774,10,977,217,-1,-1
00046309.jpg,773,10,976,217,-1,-1
00046310.jpg,773,10,976,217,-1,-1
00046311.jpg,773,10,976,217,-1,-1
00046312.jpg,773,10,976,217,-1,-1
00046313.jpg,773,10,976,217,-1,-1
00046314.jpg,773,10,976,217,-1,-1
00046315.jpg,773,10,976,217,-1,-1
00046316.jpg,773,10,976,217,-1,-1
00046317.jpg,773,10,976,217,-1,-1
00046318.jpg,773,10,976,217,-1,-1
00046319.jpg,773,10,976,217,-1,-1
00046320.jpg,773,10,976,217,-1,-1
00046321.jpg,773,10,976,217,-1,-1
00046322.jpg,773,10,976,217,-1,-1
00046323.jpg,773,10,976,217,-1,-1
00046324.jpg,773,10,976,217,-1,-1
00046325.jpg,773,10,976,217,-1,-1
00046326.jpg,773,10,976,217,-1,-1
00046327.jpg,773,10,976,217,-1,-1
00046328.jpg,773,10,976,217,-1,-1
00046329.jpg,773,10,976,217,-1,-1
00046330.jpg,773,10,976,217,-1,-1
00046331.jpg,773,10,976,217,-1,-1
00046332.jpg,773,10,976,217,-1,-1
00046333.jpg,773,10,976,217,-1,-1
00046334.jpg,773,10,976,217,-1,-1
00046335.jpg,773,10,976,217,-1,-1
00046336.jpg,773,10,976,217,-1,-1
00046337.jpg,773,10,976,217,-1,-1
00046338.jpg,773,10,976,217,-1,-1
00046339.jpg,773,10,976,217,-1,-1
00046340.jpg,774,10,977,217,-1,-1
00046341.jpg,774,10,977,217,-1,-1
00046342.jpg,774,10,977,217,-1,-1
00046343.jpg,774,10,977,217,-1,-1
00046344.jpg,774,10,977,217,-1,-1
00046345.jpg,774,10,977,217,-1,-1
00046346.jpg,774,10,977,217,-1,-1
00046347.jpg,774,10,977,217,-1,-1
00046348.jpg,774,10,977,217,-1,-1
00046349.jpg,774,10,977,217,-1,-1
00046350.jpg,774,10,977,217,-1,-1
00046351.jpg,774,10,977,217,-1,-1
00046352.jpg,774,10,977,217,-1,-1
00046353.jpg,774,10,977,217,-1,-1
00046354.jpg,773,10,976,217,-1,-1
00046355.jpg,773,10,976,217,-1,-1
00046356.jpg,773,10,976,217,-1,-1
00046357.jpg,772,10,975,217,-1,-1
00046358.jpg,771,10,974,217,-1,-1
00046359.jpg,771,10,974,217,-1,-1
00046360.jpg,770,10,973,217,-1,-1
00046361.jpg,769,10,972,217,-1,-1
00046362.jpg,769,15,969,210,-1,-1
00046363.jpg,769,15,969,212,-1,-1
00046364.jpg,765,14,967,214,392,329
00046365.jpg,764,14,966,214,392,329
00046366.jpg,766,10,969,217,392,329
00046367.jpg,765,10,968,217,392,329
00046368.jpg,765,10,968,217,392,329
00046369.jpg,764,10,967,217,392,329
00046370.jpg,764,10,967,217,392,329
00046371.jpg,763,10,966,217,392,329
00046372.jpg,763,10,966,217,392,329
00046373.jpg,763,10,966,217,392,329
00046374.jpg,763,10,966,217,392,329
00046375.jpg,762,10,965,217,392,329
00046376.jpg,762,10,965,217,392,329
00046377.jpg,762,10,965,217,392,329
00046378.jpg,762,10,965,217,392,329
00046379.jpg,762,10,965,217,392,329
00046380.jpg,762,10,965,217,389,330
00046381.jpg,762,10,965,217,388,330
00046382.jpg,762,10,965,217,388,330
00046383.jpg,762,10,965,217,388,330
00046384.jpg,762,10,965,217,388,330
00046385.jpg,762,10,965,217,388,330
00046386.jpg,761,10,964,217,388,330
00046387.jpg,761,9,964,216,388,330
00046388.jpg,761,9,964,216,388,330
00046389.jpg,761,10,964,217,388,330
00046390.jpg,761,10,964,217,388,330
00046391.jpg,761,10,964,217,388,330
00046392.jpg,761,10,964,217,388,330
00046393.jpg,761,10,964,217,388,330
00046394.jpg,761,9,964,216,388,330
00046395.jpg,761,10,964,217,388,330
00046396.jpg,761,10,964,217,388,330
00046397.jpg,761,10,964,217,388,330
00046398.jpg,761,9,964,216,388,330
00046399.jpg,761,9,964,216,388,330
00046400.jpg,762,10,965,217,388,330
00046401.jpg,762,9,965,216,388,330
00046402.jpg,762,9,965,216,388,330
00046403.jpg,762,10,965,217,388,330
00046404.jpg,762,10,965,217,388,330
00046405.jpg,762,10,965,217,388,330
00046406.jpg,762,10,965,217,388,330
00046407.jpg,762,10,965,217,388,330
00046408.jpg,762,10,965,217,388,330
00046409.jpg,762,10,965,217,388,330
00046410.jpg,761,9,964,216,388,330
00046411.jpg,761,9,964,216,388,330
00046412.jpg,761,9,964,216,388,330
00046413.jpg,761,9,964,216,388,330
00046414.jpg,761,9,964,216,388,330
00046415.jpg,760,9,963,216,388,330
00046416.jpg,760,9,963,216,388,330
00046417.jpg,760,9,963,216,388,330
00046418.jpg,760,9,963,216,388,330
00046419.jpg,760,9,963,216,388,330
00046420.jpg,760,9,963,216,388,330
00046421.jpg,760,9,963,216,388,330
00046422.jpg,760,9,963,216,388,330
00046423.jpg,760,9,963,216,388,330
00046424.jpg,760,9,963,216,388,330
00046425.jpg,760,9,963,216,388,330
00046426.jpg,760,9,963,216,388,330
00046427.jpg,760,9,963,216,388,330
00046428.jpg,760,9,963,216,388,330
00046429.jpg,760,9,963,216,388,330
00046430.jpg,760,9,963,216,388,330
00046431.jpg,760,9,963,216,388,330
00046432.jpg,760,9,963,216,388,330
00046433.jpg,760,9,963,216,388,330
00046434.jpg,760,9,963,216,388,330
00046435.jpg,761,9,964,216,388,330
00046436.jpg,761,9,964,216,388,330
00046437.jpg,761,9,964,216,388,330
00046438.jpg,761,10,964,217,388,330
00046439.jpg,761,9,964,216,388,330
00046440.jpg,761,9,964,216,388,330
00046441.jpg,761,9,964,216,388,330
00046442.jpg,761,9,964,216,388,330
