00000455.jpg,883,208,968,294,828,248
00000456.jpg,883,208,968,294,761,316
00000457.jpg,890,204,975,294,761,318
00000458.jpg,890,204,975,294,761,319
00000459.jpg,893,203,978,293,883,339
00000460.jpg,893,203,978,293,882,339
00000461.jpg,897,200,982,290,882,339
00000462.jpg,899,199,984,289,882,339
00000463.jpg,902,198,987,288,882,339
00000464.jpg,903,198,988,288,883,339
00000465.jpg,905,198,990,288,885,339
00000466.jpg,905,198,990,288,885,339
00000467.jpg,907,198,992,288,885,339
00000468.jpg,909,198,994,288,885,339
00000469.jpg,910,197,995,287,885,339
00000470.jpg,910,197,995,287,885,339
00000471.jpg,919,202,998,288,885,339
00000472.jpg,919,202,998,288,885,339
00000473.jpg,918,203,997,289,885,339
00000474.jpg,916,204,995,290,885,339
00000475.jpg,914,205,993,291,885,339
00000476.jpg,912,206,991,292,885,339
00000477.jpg,910,207,989,293,885,339
00000478.jpg,910,207,989,293,885,339
00000479.jpg,908,208,987,294,885,339
00000480.jpg,906,209,985,295,885,339
00000481.jpg,904,211,983,297,885,339
00000482.jpg,903,211,982,297,885,339
00000483.jpg,902,212,981,298,889,339
00000484.jpg,902,212,981,298,887,338
00000485.jpg,902,212,981,298,890,338
00000486.jpg,901,213,980,299,889,336
00000487.jpg,900,213,979,299,890,334
00000488.jpg,899,214,978,300,892,332
00000489.jpg,898,215,977,301,893,330
00000490.jpg,898,215,977,301,893,330
00000491.jpg,896,216,975,302,896,331
00000492.jpg,896,217,975,303,895,329
00000493.jpg,895,218,974,304,896,329
00000494.jpg,890,219,977,309,896,328
00000495.jpg,890,219,977,309,898,326
00000496.jpg,890,219,977,309,898,326
00000497.jpg,890,220,977,310,898,324
00000498.jpg,889,221,976,311,899,324
00000499.jpg,889,221,976,311,898,321
00000500.jpg,889,222,976,312,898,321
00000501.jpg,889,222,976,312,899,319
00000502.jpg,889,222,976,312,899,319
00000503.jpg,889,222,976,312,899,319
00000504.jpg,889,222,976,312,899,318
00000505.jpg,888,224,975,314,899,318
00000506.jpg,888,224,975,314,899,318
00000507.jpg,888,224,975,314,900,316
00000508.jpg,888,224,975,314,900,316
00000509.jpg,887,225,974,315,901,316
00000510.jpg,887,225,974,315,840,365
00000511.jpg,886,226,973,316,840,366
00000512.jpg,886,226,973,316,839,366
00000513.jpg,886,226,973,316,840,365
00000514.jpg,886,226,973,316,839,365
00000515.jpg,886,227,973,317,840,365
00000516.jpg,885,228,972,318,839,365
00000517.jpg,885,229,972,319,840,366
00000518.jpg,885,228,972,318,840,365
00000519.jpg,885,229,972,319,840,365
00000520.jpg,885,229,972,319,839,366
00000521.jpg,885,229,972,319,839,366
00000522.jpg,885,228,972,318,839,366
00000523.jpg,885,228,972,318,839,366
00000524.jpg,885,228,972,318,839,366
00000525.jpg,885,228,972,318,839,366
00000526.jpg,885,228,972,318,839,366
00000527.jpg,885,228,972,318,839,366
00000528.jpg,885,228,972,318,839,366
00000529.jpg,885,228,972,318,839,366
00000530.jpg,885,229,972,319,839,366
00000531.jpg,885,229,972,319,839,366
00000532.jpg,885,229,972,319,839,366
00000533.jpg,885,228,972,318,839,366
00000534.jpg,885,229,972,319,839,366
00000535.jpg,885,229,972,319,839,366
00000536.jpg,885,229,972,319,839,366
00000537.jpg,885,229,972,319,839,366
00000538.jpg,885,229,972,319,839,366
00000539.jpg,885,229,972,319,839,366
00000540.jpg,885,229,972,319,839,366
00000541.jpg,885,229,972,319,839,366
00000542.jpg,885,229,972,319,839,366
00000543.jpg,884,229,971,319,839,366
00000544.jpg,884,229,971,319,839,366
00000545.jpg,884,229,971,319,839,366
00000546.jpg,885,229,972,319,839,366
00000547.jpg,885,229,972,319,839,366
00000548.jpg,885,228,972,318,839,366
00000549.jpg,885,228,972,318,839,366
00000550.jpg,885,228,972,318,839,366
00000551.jpg,884,229,971,319,839,366
00000552.jpg,884,229,971,319,839,366
00000553.jpg,885,229,972,319,839,366
00000554.jpg,885,229,972,319,839,366
00000555.jpg,885,230,972,320,839,366
00000556.jpg,885,230,972,320,839,366
00000557.jpg,885,229,972,319,839,366
00000558.jpg,885,229,972,319,839,366
00000559.jpg,884,229,971,319,839,366
00000560.jpg,883,229,970,319,839,366
00000561.jpg,883,228,970,318,839,366
00000562.jpg,883,228,970,318,839,366
00000563.jpg,882,228,969,318,839,366
00000564.jpg,882,228,969,318,839,366
00000565.jpg,882,228,969,318,839,366
00000566.jpg,881,227,968,317,893,318
00000567.jpg,881,227,968,317,893,319
00000568.jpg,881,227,968,317,893,321
00000569.jpg,881,227,968,317,892,323
00000570.jpg,881,227,968,317,892,325
