00000001.jpg,525,54,704,221,-1,-1
00000002.jpg,526,54,703,221,-1,-1
00000003.jpg,526,54,703,221,-1,-1
00000004.jpg,526,55,703,221,-1,-1
00000005.jpg,526,55,703,221,-1,-1
00000006.jpg,526,55,703,221,-1,-1
00000007.jpg,526,55,703,221,-1,-1
00000008.jpg,527,54,703,220,-1,-1
00000009.jpg,527,54,703,220,-1,-1
00000010.jpg,527,54,704,221,-1,-1
00000011.jpg,526,54,704,221,-1,-1
00000012.jpg,526,54,703,221,-1,-1
00000013.jpg,526,53,704,221,-1,-1
00000014.jpg,526,53,704,221,-1,-1
00000015.jpg,527,55,703,220,-1,-1
00000016.jpg,527,54,704,220,-1,-1
00000017.jpg,527,54,704,221,-1,-1
00000018.jpg,528,55,703,220,-1,-1
00000019.jpg,528,55,703,220,-1,-1
00000020.jpg,528,55,703,220,-1,-1
00000021.jpg,528,55,704,220,-1,-1
00000022.jpg,528,55,703,220,-1,-1
00000023.jpg,528,55,703,219,-1,-1
00000024.jpg,528,56,702,219,-1,-1
00000025.jpg,528,56,703,220,-1,-1
00000026.jpg,527,56,701,219,-1,-1
00000027.jpg,526,56,702,220,-1,-1
00000028.jpg,526,56,701,220,-1,-1
00000029.jpg,525,55,701,220,-1,-1
00000030.jpg,524,54,702,221,-1,-1
00000031.jpg,524,54,702,221,-1,-1
00000032.jpg,523,54,702,221,-1,-1
00000033.jpg,523,54,701,221,-1,-1
00000034.jpg,522,54,702,222,-1,-1
00000035.jpg,523,54,701,221,-1,-1
00000036.jpg,523,54,701,221,-1,-1
00000037.jpg,523,54,700,221,-1,-1
00000038.jpg,522,54,700,221,-1,-1
00000039.jpg,521,54,700,222,-1,-1
00000040.jpg,522,53,700,222,-1,-1
00000041.jpg,521,53,700,222,-1,-1
00000042.jpg,520,52,700,222,-1,-1
00000043.jpg,521,52,701,221,-1,-1
00000044.jpg,521,51,701,221,-1,-1
00000045.jpg,520,50,701,222,-1,-1
00000046.jpg,519,50,700,222,-1,-1
00000047.jpg,519,50,699,222,-1,-1
00000048.jpg,519,50,698,221,-1,-1
00000049.jpg,519,50,699,222,-1,-1
00000050.jpg,518,49,698,223,-1,-1
00000051.jpg,518,49,697,223,-1,-1
00000052.jpg,517,48,697,222,-1,-1
00000053.jpg,516,49,695,222,-1,-1
00000054.jpg,515,48,694,221,-1,-1
00000055.jpg,514,47,694,222,-1,-1
00000056.jpg,515,47,693,222,-1,-1
00000057.jpg,515,48,693,222,-1,-1
00000058.jpg,516,48,693,221,-1,-1
00000059.jpg,516,49,693,221,-1,-1
00000060.jpg,516,49,693,220,-1,-1
00000061.jpg,517,50,694,221,-1,-1
00000062.jpg,517,50,693,220,-1,-1
00000063.jpg,517,50,694,220,-1,-1
00000064.jpg,518,50,695,221,-1,-1
00000065.jpg,518,50,695,222,-1,-1
00000066.jpg,517,50,695,222,-1,-1
00000067.jpg,517,49,696,222,-1,-1
00000068.jpg,517,49,696,222,-1,-1
00000069.jpg,518,49,695,222,-1,-1
00000070.jpg,519,50,694,221,-1,-1
00000071.jpg,518,50,694,221,-1,-1
00000072.jpg,519,50,693,221,-1,-1
00000073.jpg,518,50,694,221,-1,-1
00000074.jpg,518,50,694,221,-1,-1
00000075.jpg,518,50,694,221,-1,-1
00000076.jpg,517,50,693,221,-1,-1
00000077.jpg,517,50,694,221,-1,-1
00000078.jpg,517,50,694,222,-1,-1
00000079.jpg,517,49,695,222,-1,-1
00000080.jpg,517,49,694,222,-1,-1
00000081.jpg,517,49,694,222,-1,-1
00000082.jpg,516,49,694,222,-1,-1
00000083.jpg,516,49,694,222,-1,-1
00000084.jpg,516,49,694,222,-1,-1
00000085.jpg,517,49,694,222,-1,-1
00000086.jpg,517,49,694,222,-1,-1
00000087.jpg,517,50,694,222,-1,-1
00000088.jpg,518,50,694,221,-1,-1
00000089.jpg,519,50,694,221,-1,-1
00000090.jpg,519,50,694,221,-1,-1
00000091.jpg,519,50,694,221,-1,-1
00000092.jpg,519,50,694,221,-1,-1
00000093.jpg,519,50,694,221,-1,-1
00000094.jpg,518,50,694,221,-1,-1
00000095.jpg,519,50,694,221,-1,-1
00000096.jpg,519,51,694,221,-1,-1
00000097.jpg,519,51,695,221,-1,-1
00000098.jpg,520,51,695,221,-1,-1
00000099.jpg,520,51,695,221,-1,-1
00000100.jpg,520,51,695,221,-1,-1
00000101.jpg,520,51,694,221,-1,-1
00000102.jpg,520,51,694,221,-1,-1
00000103.jpg,520,50,696,222,-1,-1
00000104.jpg,521,50,696,222,-1,-1
00000105.jpg,521,50,696,222,-1,-1
00000106.jpg,521,50,696,222,-1,-1
00000107.jpg,521,50,696,221,-1,-1
00000108.jpg,520,51,697,222,-1,-1
00000109.jpg,520,50,697,222,-1,-1
00000110.jpg,520,51,697,222,-1,-1
00000111.jpg,520,50,697,222,-1,-1
00000112.jpg,520,51,696,222,-1,-1
00000113.jpg,520,51,696,221,-1,-1
00000114.jpg,520,50,697,222,-1,-1
00000115.jpg,520,51,697,221,-1,-1
00000116.jpg,520,51,697,221,-1,-1
00000117.jpg,520,51,697,222,-1,-1
00000118.jpg,520,50,697,222,-1,-1
00000119.jpg,520,51,697,221,-1,-1
00000120.jpg,520,51,696,221,-1,-1
00000121.jpg,519,51,697,222,-1,-1
00000122.jpg,520,51,697,221,-1,-1
00000123.jpg,520,51,697,222,-1,-1
00000124.jpg,520,51,696,222,-1,-1
00000125.jpg,520,50,697,222,-1,-1
00000126.jpg,520,51,697,222,-1,-1
00000127.jpg,520,51,697,222,-1,-1
00000128.jpg,520,50,698,222,-1,-1
00000129.jpg,520,50,698,222,-1,-1
00000130.jpg,520,50,697,222,-1,-1
00000131.jpg,520,50,697,222,-1,-1
00000132.jpg,520,50,697,222,-1,-1
00000133.jpg,520,50,697,222,-1,-1
00000134.jpg,520,50,696,221,-1,-1
00000135.jpg,520,50,696,221,-1,-1
00000136.jpg,520,50,697,221,-1,-1
00000137.jpg,520,50,697,222,-1,-1
00000138.jpg,520,50,696,221,-1,-1
00000139.jpg,519,50,697,222,-1,-1
00000140.jpg,519,50,698,222,-1,-1
00000141.jpg,519,50,698,222,-1,-1
00000142.jpg,519,50,698,222,-1,-1
00000143.jpg,519,50,698,222,-1,-1
00000144.jpg,519,50,698,222,-1,-1
00000145.jpg,519,50,698,222,-1,-1
00000146.jpg,518,50,698,222,-1,-1
00000147.jpg,519,50,698,222,-1,-1
00000148.jpg,519,50,698,222,-1,-1
00000149.jpg,520,50,697,222,-1,-1
00000150.jpg,520,50,697,222,-1,-1
