00000001.jpg,289,266,467,469,-1,-1
00000002.jpg,289,266,467,469,-1,-1
00000003.jpg,289,266,467,469,-1,-1
00000004.jpg,289,266,467,469,-1,-1
00000005.jpg,289,266,467,469,-1,-1
00000006.jpg,289,266,467,469,-1,-1
00000007.jpg,289,266,467,469,-1,-1
00000008.jpg,290,266,468,469,-1,-1
00000009.jpg,290,266,468,469,-1,-1
00000010.jpg,290,266,468,469,-1,-1
00000011.jpg,290,266,468,469,-1,-1
00000012.jpg,290,266,468,469,-1,-1
00000013.jpg,289,266,467,469,-1,-1
00000014.jpg,289,266,467,469,-1,-1
00000015.jpg,289,266,467,469,-1,-1
00000016.jpg,289,266,467,469,-1,-1
00000017.jpg,288,266,466,469,-1,-1
00000018.jpg,288,266,466,469,-1,-1
00000019.jpg,288,266,466,469,-1,-1
00000020.jpg,288,266,466,469,-1,-1
00000021.jpg,287,266,465,469,-1,-1
00000022.jpg,287,266,465,469,-1,-1
00000023.jpg,287,266,465,469,-1,-1
00000024.jpg,286,266,464,469,-1,-1
00000025.jpg,286,266,464,469,-1,-1
00000026.jpg,286,266,464,469,-1,-1
00000027.jpg,286,266,464,469,-1,-1
00000028.jpg,285,266,463,469,-1,-1
00000029.jpg,285,266,463,469,-1,-1
00000030.jpg,285,266,463,469,-1,-1
00000031.jpg,285,266,463,469,-1,-1
00000032.jpg,284,267,462,470,-1,-1
00000033.jpg,284,267,462,470,-1,-1
00000034.jpg,284,267,462,470,-1,-1
00000035.jpg,283,266,461,469,-1,-1
00000036.jpg,283,267,461,470,-1,-1
00000037.jpg,283,267,461,470,-1,-1
00000038.jpg,282,267,460,470,-1,-1
00000039.jpg,282,267,460,470,-1,-1
00000040.jpg,282,267,460,470,-1,-1
00000041.jpg,282,267,460,470,-1,-1
00000042.jpg,281,266,459,469,-1,-1
00000043.jpg,281,266,459,469,-1,-1
00000044.jpg,280,266,458,469,-1,-1
00000045.jpg,280,266,458,469,-1,-1
00000046.jpg,280,266,458,469,-1,-1
00000047.jpg,280,266,458,469,-1,-1
00000048.jpg,280,266,458,469,-1,-1
00000049.jpg,280,266,458,469,-1,-1
00000050.jpg,280,266,458,469,-1,-1
00000051.jpg,280,265,458,468,-1,-1
00000052.jpg,279,265,457,468,-1,-1
00000053.jpg,278,264,456,467,-1,-1
00000054.jpg,276,264,454,467,-1,-1
00000055.jpg,275,265,453,468,-1,-1
00000056.jpg,272,264,450,467,-1,-1
00000057.jpg,269,263,447,466,-1,-1
00000058.jpg,265,263,443,466,-1,-1
00000059.jpg,259,260,437,463,924,358
00000060.jpg,254,257,434,449,926,356
00000061.jpg,254,257,434,449,924,353
00000062.jpg,249,257,429,449,922,348
00000063.jpg,243,256,423,448,926,346
00000064.jpg,238,256,418,448,926,343
00000065.jpg,233,255,413,447,926,337
00000066.jpg,229,256,409,448,921,336
00000067.jpg,226,256,406,448,914,336
00000068.jpg,224,255,404,447,911,336
00000069.jpg,223,254,403,446,901,343
00000070.jpg,224,253,404,445,895,347
00000071.jpg,227,252,407,444,892,349
00000072.jpg,231,252,411,444,889,352
00000073.jpg,236,252,416,444,889,348
00000074.jpg,240,253,420,445,890,346
00000075.jpg,246,255,426,447,891,345
00000076.jpg,251,256,431,448,891,343
00000077.jpg,254,257,434,449,891,342
00000078.jpg,256,258,436,450,893,346
00000079.jpg,258,258,438,450,893,350
00000080.jpg,262,258,442,450,897,351
00000081.jpg,265,259,445,451,898,351
00000082.jpg,267,259,447,451,901,345
00000083.jpg,271,258,451,450,901,342
00000084.jpg,275,258,455,450,901,340
00000085.jpg,278,258,458,450,902,339
00000086.jpg,280,258,460,450,904,337
00000087.jpg,281,259,461,451,903,339
00000088.jpg,282,260,462,452,900,342
00000089.jpg,282,261,462,453,900,343
00000090.jpg,282,263,462,455,901,344
00000091.jpg,282,263,462,455,903,344
00000092.jpg,281,263,461,455,903,344
00000093.jpg,281,262,461,454,903,340
00000094.jpg,280,262,460,454,904,340
00000095.jpg,279,262,459,454,905,339
00000096.jpg,278,262,458,454,905,339
00000097.jpg,277,261,457,453,905,339
00000098.jpg,277,261,457,453,906,339
00000099.jpg,277,261,457,453,907,339
00000100.jpg,278,262,458,454,910,339
00000101.jpg,278,261,458,453,911,339
00000102.jpg,278,261,458,453,912,338
00000103.jpg,278,261,458,453,912,337
00000104.jpg,278,261,458,453,912,337
00000105.jpg,279,261,459,453,912,337
00000106.jpg,279,262,459,454,912,337
00000107.jpg,279,262,459,454,911,337
00000108.jpg,279,262,459,454,911,337
00000109.jpg,279,262,459,454,912,337
00000110.jpg,279,262,459,454,912,337
00000111.jpg,279,262,459,454,912,337
00000112.jpg,279,262,459,454,912,338
00000113.jpg,279,262,459,454,912,339
00000114.jpg,279,262,459,454,912,341
00000115.jpg,279,262,459,454,912,342
00000116.jpg,279,262,459,454,912,342
00000117.jpg,279,262,459,454,912,342
00000118.jpg,279,262,459,454,912,342
00000119.jpg,279,262,459,454,912,342
00000120.jpg,279,262,459,454,912,342
00000121.jpg,279,262,459,454,912,342
00000122.jpg,279,262,459,454,912,342
00000123.jpg,279,262,459,454,912,343
00000124.jpg,279,262,459,454,912,343
00000125.jpg,279,262,459,454,912,343
00000126.jpg,279,262,459,454,912,343
00000127.jpg,278,261,458,453,912,343
00000128.jpg,278,262,458,454,912,343
00000129.jpg,278,262,458,454,912,343
00000130.jpg,278,262,458,454,912,343
00000131.jpg,278,262,458,454,912,345
00000132.jpg,278,262,458,454,912,346
00000133.jpg,278,261,458,453,912,346
00000134.jpg,278,261,458,453,912,348
00000135.jpg,278,261,458,453,912,348
00000136.jpg,278,262,458,454,912,347
00000137.jpg,278,262,458,454,914,344
00000138.jpg,278,262,458,454,914,344
00000139.jpg,278,262,458,454,914,343
00000140.jpg,278,262,458,454,914,343
00000141.jpg,278,262,458,454,915,343
00000142.jpg,278,262,458,454,915,346
00000143.jpg,278,262,458,454,915,346
00000144.jpg,278,262,458,454,915,348
00000145.jpg,278,262,458,454,915,348
00000146.jpg,278,262,458,454,915,348
00000147.jpg,278,262,458,454,915,348
00000148.jpg,278,262,458,454,915,348
00000149.jpg,278,262,458,454,915,348
00000150.jpg,278,262,458,454,915,348
