00005130.jpg,436,42,511,125,-1,-1
00005131.jpg,436,42,511,125,-1,-1
00005132.jpg,433,42,508,125,-1,-1
00005133.jpg,430,41,505,124,-1,-1
00005134.jpg,426,41,501,124,-1,-1
00005135.jpg,423,41,498,124,-1,-1
00005136.jpg,420,42,495,125,-1,-1
00005137.jpg,407,37,484,125,-1,-1
00005138.jpg,407,37,484,125,-1,-1
00005139.jpg,406,37,483,125,-1,-1
00005140.jpg,406,37,483,125,-1,-1
00005141.jpg,405,38,482,126,-1,-1
00005142.jpg,405,39,482,127,-1,-1
00005143.jpg,401,41,476,124,642,46
00005144.jpg,401,41,476,124,642,46
00005145.jpg,401,40,476,123,642,46
00005146.jpg,402,42,477,125,-1,-1
00005147.jpg,389,42,466,115,-1,-1
00005148.jpg,389,42,466,115,-1,-1
00005149.jpg,388,44,465,117,-1,-1
00005150.jpg,386,45,463,118,-1,-1
00005151.jpg,385,46,462,119,-1,-1
00005152.jpg,383,46,460,119,-1,-1
00005153.jpg,380,46,457,119,-1,-1
00005154.jpg,378,45,455,118,-1,-1
00005155.jpg,377,44,454,117,-1,-1
00005156.jpg,376,43,453,116,-1,-1
00005157.jpg,375,43,452,116,-1,-1
00005158.jpg,374,43,451,116,-1,-1
00005159.jpg,373,44,450,117,-1,-1
00005160.jpg,372,45,449,118,-1,-1
00005161.jpg,371,46,448,119,-1,-1
00005162.jpg,369,47,446,120,-1,-1
00005163.jpg,368,48,445,121,-1,-1
00005164.jpg,368,49,445,122,-1,-1
00005165.jpg,367,49,444,122,-1,-1
00005166.jpg,368,49,445,122,-1,-1
00005167.jpg,367,47,444,120,-1,-1
00005168.jpg,367,47,444,120,-1,-1
00005169.jpg,365,47,442,120,-1,-1
00005170.jpg,364,47,441,120,-1,-1
00005171.jpg,361,46,438,119,-1,-1
00005172.jpg,363,47,440,120,-1,-1
00005173.jpg,361,46,438,119,-1,-1
00005174.jpg,362,45,443,118,-1,-1
00005175.jpg,363,48,444,121,-1,-1
00005176.jpg,362,49,443,122,-1,-1
00005177.jpg,362,50,443,123,-1,-1
00005178.jpg,360,44,438,122,585,58
00005179.jpg,360,44,438,122,585,58
00005180.jpg,359,44,437,122,585,58
00005181.jpg,359,45,437,123,585,58
00005182.jpg,358,45,436,123,585,58
00005183.jpg,358,46,436,124,585,57
00005184.jpg,358,47,436,125,588,57
00005185.jpg,358,47,436,125,588,57
00005186.jpg,358,48,436,126,588,57
00005187.jpg,363,48,437,124,590,57
00005188.jpg,363,48,437,124,594,57
00005189.jpg,363,48,437,124,597,57
00005190.jpg,364,49,438,125,601,57
00005191.jpg,364,48,438,124,602,57
00005192.jpg,365,49,439,125,603,57
00005193.jpg,367,50,441,126,606,57
00005194.jpg,368,50,442,126,608,57
00005195.jpg,370,51,444,127,612,57
00005196.jpg,372,51,446,127,613,57
00005197.jpg,374,51,448,127,618,58
00005198.jpg,376,52,450,128,620,58
00005199.jpg,378,52,452,128,622,58
00005200.jpg,381,53,455,129,624,58
00005201.jpg,383,53,457,129,625,58
00005202.jpg,386,55,460,131,628,58
00005203.jpg,386,55,460,131,634,58
