00007282.jpg,1123,115,1504,518,-1,-1
00007283.jpg,1123,115,1504,518,-1,-1
00007284.jpg,1123,115,1504,518,-1,-1
00007285.jpg,1096,113,1482,500,-1,-1
00007286.jpg,1096,113,1482,500,-1,-1
00007287.jpg,1091,108,1477,495,-1,-1
00007288.jpg,1087,100,1473,487,-1,-1
00007289.jpg,1084,94,1470,481,-1,-1
00007290.jpg,1089,98,1475,485,-1,-1
00007291.jpg,1089,98,1475,485,-1,-1
00007292.jpg,1092,106,1478,493,-1,-1
00007293.jpg,1103,113,1516,519,-1,-1
00007294.jpg,1103,113,1516,519,-1,-1
00007295.jpg,1103,113,1516,519,-1,-1
00007296.jpg,1113,113,1526,519,-1,-1
00007297.jpg,1125,114,1538,520,-1,-1
00007298.jpg,1134,118,1547,524,-1,-1
00007299.jpg,1134,112,1564,544,-1,-1
00007300.jpg,1134,112,1564,544,-1,-1
00007301.jpg,1139,122,1569,554,-1,-1
00007302.jpg,1140,131,1570,563,-1,-1
00007303.jpg,1136,139,1566,571,-1,-1
00007304.jpg,1131,149,1561,581,-1,-1
00007305.jpg,1131,149,1561,581,-1,-1
00007306.jpg,1128,162,1558,594,-1,-1
00007307.jpg,1128,174,1558,606,-1,-1
00007308.jpg,1101,158,1564,657,-1,-1
00007309.jpg,1101,158,1564,657,-1,-1
00007310.jpg,1101,158,1564,657,-1,-1
00007311.jpg,1108,168,1571,667,-1,-1
00007312.jpg,1117,175,1580,674,-1,-1
00007313.jpg,1117,175,1580,674,-1,-1
