00004650.jpg,195,88,342,256,243,353
00004651.jpg,195,88,342,256,244,353
00004652.jpg,195,88,342,256,243,353
00004653.jpg,195,88,342,256,243,353
00004654.jpg,196,87,343,255,243,353
00004655.jpg,197,86,344,254,245,353
00004656.jpg,198,85,345,253,246,353
00004657.jpg,199,85,346,253,246,352
00004658.jpg,199,85,346,253,247,351
00004659.jpg,200,84,347,252,247,351
00004660.jpg,201,83,348,251,247,352
00004661.jpg,202,82,349,250,246,352
00004662.jpg,202,82,349,250,246,353
00004663.jpg,203,81,350,249,246,353
00004664.jpg,203,81,350,249,246,353
00004665.jpg,204,82,351,250,246,353
00004666.jpg,204,82,351,250,247,353
00004667.jpg,204,82,351,250,247,353
00004668.jpg,204,83,351,251,247,353
00004669.jpg,204,84,351,252,247,353
00004670.jpg,204,84,351,252,247,353
00004671.jpg,203,85,350,253,247,353
00004672.jpg,203,85,350,253,247,353
00004673.jpg,203,86,350,254,247,353
00004674.jpg,204,86,351,254,248,353
00004675.jpg,205,86,352,254,249,354
00004676.jpg,206,86,353,254,251,354
00004677.jpg,206,86,353,254,253,354
00004678.jpg,207,87,354,255,254,353
00004679.jpg,209,86,356,254,255,353
00004680.jpg,211,85,358,253,258,351
00004681.jpg,213,84,360,252,258,348
00004682.jpg,213,84,360,252,261,346
00004683.jpg,215,83,362,251,261,346
00004684.jpg,217,81,364,249,261,345
00004685.jpg,218,80,365,248,264,346
00004686.jpg,219,79,366,247,264,347
00004687.jpg,219,79,366,247,264,347
00004688.jpg,220,77,367,245,265,349
00004689.jpg,220,76,367,244,265,349
00004690.jpg,220,76,367,244,265,349
00004691.jpg,220,76,367,244,266,350
00004692.jpg,220,76,367,244,266,350
00004693.jpg,220,77,367,245,267,350
00004694.jpg,219,78,366,246,267,350
00004695.jpg,219,79,366,247,267,350
00004696.jpg,219,80,366,248,267,350
00004697.jpg,219,80,366,248,267,350
00004698.jpg,219,79,366,247,267,350
00004699.jpg,218,78,365,246,267,350
00004700.jpg,216,78,363,246,267,351
00004701.jpg,214,76,361,244,266,351
00004702.jpg,214,76,361,244,266,351
00004703.jpg,212,75,359,243,261,352
00004704.jpg,209,74,356,242,256,352
00004705.jpg,206,73,353,241,253,353
00004706.jpg,203,73,350,241,251,355
00004707.jpg,202,73,349,241,251,356
00004708.jpg,199,74,346,242,251,357
00004709.jpg,196,77,343,245,250,360
00004710.jpg,193,82,340,250,249,364
00004711.jpg,188,88,335,256,249,364
00004712.jpg,188,88,335,256,250,364
00004713.jpg,184,95,331,263,250,364
00004714.jpg,183,96,330,264,250,364
00004715.jpg,183,96,330,264,249,364
00004716.jpg,184,95,331,263,246,365
00004717.jpg,184,95,331,263,246,365
00004718.jpg,185,92,332,260,245,366
00004719.jpg,185,90,332,258,245,366
00004720.jpg,186,88,333,256,245,366
00004721.jpg,186,87,333,255,245,366
00004722.jpg,186,87,333,255,245,366
00004723.jpg,187,84,334,252,244,368
00004724.jpg,187,82,334,250,244,366
00004725.jpg,188,80,335,248,244,365
00004726.jpg,188,80,335,248,244,365
00004727.jpg,188,80,335,248,244,365
00004728.jpg,189,79,336,247,244,365
00004729.jpg,190,78,337,246,244,365
00004730.jpg,192,76,339,244,244,365
00004731.jpg,193,75,340,243,244,365
00004732.jpg,193,75,340,243,244,365
00004733.jpg,195,73,342,241,244,365
00004734.jpg,197,72,344,240,244,364
00004735.jpg,198,71,345,239,244,364
00004736.jpg,200,70,347,238,244,364
00004737.jpg,200,70,347,238,244,364
00004738.jpg,202,68,349,236,244,364
00004739.jpg,204,66,351,234,244,364
00004740.jpg,205,65,352,233,244,364
00004741.jpg,206,65,353,233,244,364
00004742.jpg,206,65,353,233,244,364
00004743.jpg,208,64,355,232,244,364
00004744.jpg,209,64,356,232,245,362
00004745.jpg,210,62,357,230,245,363
00004746.jpg,210,61,357,229,245,363
00004747.jpg,210,61,357,229,245,363
00004748.jpg,211,61,358,229,245,363
00004749.jpg,211,60,358,228,245,363
00004750.jpg,211,60,358,228,245,363
00004751.jpg,212,59,359,227,246,362
00004752.jpg,212,59,359,227,247,362
00004753.jpg,212,60,359,228,247,362
00004754.jpg,213,60,360,228,248,362
00004755.jpg,213,61,360,229,247,361
00004756.jpg,214,66,361,234,247,361
00004757.jpg,214,66,361,234,246,361
00004758.jpg,214,69,361,237,246,361
00004759.jpg,214,70,361,238,245,361
00004760.jpg,213,68,360,236,243,361
00004761.jpg,212,66,359,234,242,362
00004762.jpg,212,66,359,234,242,362
00004763.jpg,211,61,358,229,-1,-1
00004764.jpg,209,60,356,228,-1,-1
00004765.jpg,207,59,354,227,-1,-1
00004766.jpg,204,59,351,227,-1,-1
00004767.jpg,204,59,351,227,-1,-1
00004768.jpg,200,59,342,212,-1,-1
00004769.jpg,200,59,342,212,-1,-1
00004770.jpg,195,62,337,215,-1,-1
00004771.jpg,191,67,333,220,-1,-1
00004772.jpg,191,67,333,220,-1,-1
00004773.jpg,184,65,324,216,-1,-1
00004774.jpg,184,65,324,216,-1,-1
00004775.jpg,182,69,322,220,-1,-1
00004776.jpg,182,72,322,223,-1,-1
00004777.jpg,182,72,322,223,-1,-1
00004778.jpg,183,76,323,227,-1,-1
00004779.jpg,174,71,334,246,-1,-1
00004780.jpg,183,76,343,251,-1,-1
00004781.jpg,186,78,346,253,234,376
00004782.jpg,186,78,346,253,234,376
00004783.jpg,198,82,348,267,234,376
00004784.jpg,198,82,348,267,234,376
00004785.jpg,200,82,350,267,234,377
00004786.jpg,200,81,350,266,234,377
00004787.jpg,200,81,350,266,234,377
00004788.jpg,200,79,350,264,235,376
00004789.jpg,198,78,348,263,235,377
00004790.jpg,195,78,345,263,234,377
00004791.jpg,193,77,343,262,234,377
00004792.jpg,192,77,342,262,233,377
00004793.jpg,190,77,340,262,233,377
00004794.jpg,188,76,338,261,232,376
00004795.jpg,187,75,337,260,231,376
00004796.jpg,186,75,336,260,229,376
00004797.jpg,186,75,336,260,227,377
00004798.jpg,185,76,335,261,226,377
00004799.jpg,185,76,335,261,225,377
00004800.jpg,186,76,336,261,225,377
00004801.jpg,186,77,336,262,226,377
00004802.jpg,186,77,336,262,226,377
00004803.jpg,187,78,337,263,226,377
00004804.jpg,188,79,338,264,226,377
00004805.jpg,189,80,339,265,227,378
00004806.jpg,191,79,341,264,227,378
00004807.jpg,191,80,341,265,229,379
00004808.jpg,192,79,342,264,229,379
00004809.jpg,193,79,343,264,229,377
00004810.jpg,194,79,344,264,229,377
00004811.jpg,194,80,344,265,229,377
00004812.jpg,195,79,345,264,230,377
00004813.jpg,195,81,345,266,230,376
00004814.jpg,196,81,346,266,230,376
00004815.jpg,197,82,347,267,232,376
00004816.jpg,199,82,349,267,233,377
00004817.jpg,199,82,349,267,235,376
00004818.jpg,200,82,350,267,236,376
00004819.jpg,201,81,351,266,237,376
00004820.jpg,210,83,362,255,239,373
00004821.jpg,210,83,362,255,240,371
00004822.jpg,210,83,362,255,239,367
00004823.jpg,211,79,363,251,239,359
00004824.jpg,211,76,363,248,-1,-1
00004825.jpg,211,75,363,247,-1,-1
00004826.jpg,211,75,363,247,-1,-1
