00013181.jpg,1069,99,1489,560,-1,-1
00013182.jpg,1069,99,1489,560,-1,-1
00013183.jpg,1069,99,1489,560,-1,-1
00013184.jpg,1069,99,1489,560,-1,-1
00013185.jpg,1071,95,1491,556,-1,-1
00013186.jpg,1073,92,1493,553,-1,-1
00013187.jpg,1074,88,1494,549,-1,-1
00013188.jpg,1075,85,1495,546,-1,-1
00013189.jpg,1075,85,1495,546,-1,-1
00013190.jpg,1075,82,1495,543,-1,-1
00013191.jpg,1075,80,1495,541,-1,-1
00013192.jpg,1071,79,1491,540,-1,-1
00013193.jpg,1067,77,1487,538,-1,-1
00013194.jpg,1067,77,1487,538,-1,-1
00013195.jpg,1062,75,1482,536,-1,-1
00013196.jpg,1052,73,1472,534,-1,-1
00013197.jpg,1044,71,1464,532,-1,-1
00013198.jpg,1038,70,1458,531,-1,-1
00013199.jpg,1038,70,1458,531,-1,-1
00013200.jpg,1034,69,1454,530,-1,-1
00013201.jpg,1031,70,1451,531,-1,-1
00013202.jpg,1026,71,1446,532,-1,-1
00013203.jpg,1021,71,1441,532,-1,-1
00013204.jpg,1021,71,1441,532,-1,-1
00013205.jpg,1017,70,1437,531,-1,-1
00013206.jpg,1015,69,1435,530,-1,-1
00013207.jpg,1013,69,1433,530,-1,-1
00013208.jpg,1012,69,1432,530,-1,-1
00013209.jpg,1012,69,1432,530,-1,-1
00013210.jpg,1011,70,1431,531,-1,-1
00013211.jpg,1010,71,1430,532,-1,-1
00013212.jpg,1010,71,1430,532,-1,-1
00013213.jpg,1009,73,1429,534,-1,-1
00013214.jpg,1009,73,1429,534,-1,-1
00013215.jpg,1008,74,1428,535,-1,-1
00013216.jpg,1007,74,1427,535,-1,-1
00013217.jpg,1007,74,1427,535,-1,-1
