00039536.jpg,937,82,1256,436,706,304
00039537.jpg,937,82,1256,436,706,304
00039538.jpg,937,82,1256,436,706,304
00039539.jpg,937,82,1256,436,706,304
00039540.jpg,935,83,1254,437,706,304
00039541.jpg,934,83,1253,437,706,304
00039542.jpg,933,83,1252,437,706,305
00039543.jpg,932,83,1251,437,706,305
00039544.jpg,933,83,1252,437,706,305
00039545.jpg,933,83,1252,437,706,305
00039546.jpg,934,83,1253,437,706,305
00039547.jpg,936,82,1255,436,706,305
00039548.jpg,937,82,1256,436,706,305
00039549.jpg,939,81,1258,435,706,305
00039550.jpg,941,81,1260,435,706,305
00039551.jpg,943,80,1262,434,706,305
00039552.jpg,944,81,1263,435,706,305
00039553.jpg,945,81,1264,435,706,305
00039554.jpg,946,81,1265,435,706,305
00039555.jpg,947,80,1266,434,706,305
00039556.jpg,948,80,1267,434,706,305
00039557.jpg,948,78,1265,436,706,305
00039558.jpg,948,78,1265,436,706,305
00039559.jpg,949,77,1266,435,706,305
00039560.jpg,949,77,1266,435,706,305
00039561.jpg,950,76,1267,434,706,305
00039562.jpg,950,76,1267,434,706,305
00039563.jpg,951,76,1268,434,706,305
00039564.jpg,951,76,1268,434,706,305
00039565.jpg,951,76,1268,434,706,305
00039566.jpg,952,76,1269,434,706,305
00039567.jpg,952,76,1269,434,706,305
00039568.jpg,952,77,1269,435,706,305
00039569.jpg,952,77,1269,435,703,308
00039570.jpg,953,77,1270,435,698,313
00039571.jpg,953,77,1270,435,698,316
00039572.jpg,953,77,1270,435,706,320
00039573.jpg,953,77,1270,435,705,323
00039574.jpg,953,77,1270,435,705,323
00039575.jpg,953,77,1270,435,705,330
00039576.jpg,953,78,1270,436,705,335
00039577.jpg,953,78,1270,436,705,335
00039578.jpg,953,78,1270,436,705,335
00039579.jpg,953,78,1270,436,705,335
00039580.jpg,953,78,1270,436,705,335
00039581.jpg,953,78,1270,436,712,323
00039582.jpg,954,77,1271,435,713,318
00039583.jpg,954,78,1271,436,713,317
00039584.jpg,954,78,1271,436,713,317
00039585.jpg,954,78,1271,436,711,323
00039586.jpg,954,78,1271,436,714,331
00039587.jpg,954,78,1271,436,710,333
00039588.jpg,954,78,1271,436,710,335
00039589.jpg,954,78,1271,436,710,335
00039590.jpg,954,78,1271,436,710,335
00039591.jpg,954,79,1271,437,710,333
00039592.jpg,954,79,1271,437,713,326
00039593.jpg,954,79,1271,437,713,325
00039594.jpg,954,79,1271,437,715,319
00039595.jpg,954,79,1271,437,716,315
00039596.jpg,954,79,1271,437,713,311
00039597.jpg,953,79,1270,437,711,311
00039598.jpg,953,79,1270,437,711,311
00039599.jpg,953,79,1270,437,708,311
00039600.jpg,953,79,1270,437,709,308
00039601.jpg,953,79,1270,437,709,305
00039602.jpg,953,79,1270,437,709,305
00039603.jpg,953,79,1270,437,701,305
00039604.jpg,953,79,1270,437,701,304
00039605.jpg,953,79,1270,437,699,304
00039606.jpg,953,79,1270,437,699,304
00039607.jpg,954,79,1271,437,696,304
00039608.jpg,954,79,1271,437,696,304
00039609.jpg,954,79,1271,437,696,304
00039610.jpg,954,79,1271,437,693,304
00039611.jpg,955,79,1272,437,693,304
00039612.jpg,955,79,1272,437,691,304
00039613.jpg,955,79,1272,437,694,304
00039614.jpg,955,79,1272,437,694,304
00039615.jpg,955,79,1272,437,694,304
00039616.jpg,955,79,1272,437,694,304
00039617.jpg,955,79,1272,437,696,304
00039618.jpg,955,79,1272,437,700,304
00039619.jpg,955,79,1272,437,700,304
00039620.jpg,955,79,1272,437,700,304
00039621.jpg,955,79,1272,437,704,304
00039622.jpg,954,79,1271,437,706,304
00039623.jpg,954,80,1271,438,706,304
00039624.jpg,953,80,1270,438,706,304
00039625.jpg,953,80,1270,438,706,304
00039626.jpg,953,80,1270,438,706,304
00039627.jpg,952,80,1269,438,706,304
00039628.jpg,952,80,1269,438,706,304
00039629.jpg,952,80,1269,438,706,304
00039630.jpg,951,80,1268,438,706,304
00039631.jpg,951,80,1268,438,706,304
00039632.jpg,950,80,1267,438,706,304
00039633.jpg,950,80,1267,438,706,304
00039634.jpg,949,80,1266,438,706,304
00039635.jpg,949,80,1266,438,706,304
00039636.jpg,948,80,1265,438,706,304
00039637.jpg,948,80,1265,438,706,304
00039638.jpg,948,80,1265,438,706,304
00039639.jpg,948,80,1265,438,708,304
00039640.jpg,948,80,1265,438,708,304
00039641.jpg,948,80,1265,438,708,304
00039642.jpg,948,80,1265,438,708,304
00039643.jpg,947,80,1264,438,708,304
00039644.jpg,947,80,1264,438,708,304
00039645.jpg,947,80,1264,438,708,304
00039646.jpg,947,80,1264,438,708,304
00039647.jpg,947,80,1264,438,708,304
00039648.jpg,947,80,1264,438,709,308
00039649.jpg,947,80,1264,438,708,309
00039650.jpg,946,80,1263,438,705,309
00039651.jpg,946,80,1263,438,704,310
00039652.jpg,946,80,1263,438,705,309
00039653.jpg,946,80,1263,438,704,309
00039654.jpg,946,80,1263,438,706,309
00039655.jpg,946,80,1263,438,704,310
00039656.jpg,946,80,1263,438,703,310
00039657.jpg,946,80,1263,438,703,310
00039658.jpg,946,80,1263,438,705,309
00039659.jpg,946,80,1263,438,703,309
00039660.jpg,946,80,1263,438,705,311
00039661.jpg,946,80,1263,438,703,311
00039662.jpg,946,80,1263,438,705,310
00039663.jpg,946,80,1263,438,705,310
00039664.jpg,946,80,1263,438,705,310
00039665.jpg,946,80,1263,438,706,310
00039666.jpg,946,80,1263,438,705,310
00039667.jpg,946,80,1263,438,706,310
00039668.jpg,945,80,1262,438,708,309
00039669.jpg,945,80,1262,438,706,310
00039670.jpg,945,80,1262,438,706,309
00039671.jpg,945,80,1262,438,705,309
00039672.jpg,945,80,1262,438,704,309
00039673.jpg,945,80,1262,438,706,304
00039674.jpg,944,80,1261,438,705,305
00039675.jpg,944,80,1261,438,705,308
00039676.jpg,943,81,1260,439,705,308
00039677.jpg,943,81,1260,439,705,308
00039678.jpg,943,81,1260,439,705,308
00039679.jpg,943,81,1260,439,705,308
00039680.jpg,943,81,1260,439,705,308
00039681.jpg,943,81,1260,439,705,308
00039682.jpg,943,81,1260,439,705,308
00039683.jpg,942,81,1259,439,705,308
00039684.jpg,942,81,1259,439,703,308
00039685.jpg,942,81,1259,439,701,308
00039686.jpg,942,81,1259,439,701,308
00039687.jpg,942,81,1259,439,701,308
00039688.jpg,942,81,1259,439,701,308
00039689.jpg,942,81,1259,439,701,308
00039690.jpg,942,81,1259,439,701,308
00039691.jpg,942,82,1259,440,701,308
00039692.jpg,942,82,1259,440,701,308
00039693.jpg,942,82,1259,440,701,308
00039694.jpg,942,82,1259,440,701,308
00039695.jpg,943,82,1260,440,703,308
00039696.jpg,943,82,1260,440,704,310
00039697.jpg,943,82,1260,440,704,313
00039698.jpg,943,82,1260,440,701,315
00039699.jpg,944,82,1261,440,705,316
00039700.jpg,944,82,1261,440,706,316
00039701.jpg,944,82,1261,440,710,316
00039702.jpg,944,82,1261,440,713,316
00039703.jpg,944,82,1261,440,711,313
00039704.jpg,944,82,1261,440,711,311
00039705.jpg,944,82,1261,440,711,311
00039706.jpg,944,82,1261,440,711,311
00039707.jpg,944,82,1261,440,711,311
00039708.jpg,945,82,1262,440,711,311
00039709.jpg,945,82,1262,440,711,311
00039710.jpg,945,82,1262,440,711,311
00039711.jpg,945,82,1262,440,713,311
00039712.jpg,945,82,1262,440,713,311
00039713.jpg,944,82,1261,440,713,311
00039714.jpg,944,82,1261,440,713,311
00039715.jpg,944,82,1261,440,713,311
00039716.jpg,944,82,1261,440,716,308
00039717.jpg,943,82,1260,440,716,308
00039718.jpg,943,82,1260,440,716,308
00039719.jpg,943,82,1260,440,716,308
00039720.jpg,943,82,1260,440,716,308
00039721.jpg,943,83,1260,441,716,308
00039722.jpg,943,82,1260,440,716,308
00039723.jpg,942,83,1259,441,716,305
00039724.jpg,942,83,1259,441,716,305
00039725.jpg,942,83,1259,441,714,303
00039726.jpg,942,83,1259,441,714,303
00039727.jpg,942,83,1259,441,714,303
00039728.jpg,941,83,1258,441,714,303
00039729.jpg,941,83,1258,441,714,303
00039730.jpg,941,83,1258,441,711,303
00039731.jpg,941,83,1258,441,708,308
00039732.jpg,940,83,1257,441,708,308
00039733.jpg,940,83,1257,441,708,308
00039734.jpg,940,83,1257,441,708,308
00039735.jpg,940,83,1257,441,708,308
00039736.jpg,940,83,1257,441,708,308
00039737.jpg,940,83,1257,441,708,308
00039738.jpg,940,83,1257,441,708,308
00039739.jpg,940,83,1257,441,708,308
00039740.jpg,940,83,1257,441,708,308
00039741.jpg,940,83,1257,441,708,308
00039742.jpg,940,82,1257,440,708,308
00039743.jpg,939,83,1256,441,708,308
00039744.jpg,939,83,1256,441,708,309
00039745.jpg,940,83,1257,441,708,309
00039746.jpg,940,82,1257,440,708,309
00039747.jpg,940,82,1257,440,708,309
00039748.jpg,940,82,1257,440,708,309
00039749.jpg,940,82,1257,440,708,309
00039750.jpg,939,82,1256,440,708,309
00039751.jpg,939,82,1256,440,706,308
00039752.jpg,940,82,1257,440,706,308
00039753.jpg,940,82,1257,440,706,308
00039754.jpg,940,82,1257,440,706,308
00039755.jpg,940,82,1257,440,706,308
00039756.jpg,940,82,1257,440,706,308
00039757.jpg,940,82,1257,440,706,308
00039758.jpg,940,82,1257,440,706,308
00039759.jpg,940,82,1257,440,706,308
00039760.jpg,940,82,1257,440,706,308
00039761.jpg,940,82,1257,440,708,308
00039762.jpg,940,82,1257,440,708,308
00039763.jpg,940,82,1257,440,708,308
00039764.jpg,940,82,1257,440,709,308
00039765.jpg,940,82,1257,440,713,308
00039766.jpg,940,82,1257,440,716,308
00039767.jpg,940,82,1257,440,716,308
00039768.jpg,941,82,1258,440,720,308
00039769.jpg,941,82,1258,440,720,308
00039770.jpg,941,82,1258,440,720,308
00039771.jpg,941,82,1258,440,721,308
00039772.jpg,942,82,1259,440,721,308
00039773.jpg,942,82,1259,440,721,308
00039774.jpg,942,82,1259,440,721,308
00039775.jpg,942,82,1259,440,721,308
00039776.jpg,942,82,1259,440,721,308
00039777.jpg,942,82,1259,440,721,308
