00009796.jpg,475,58,809,363,-1,-1
00009797.jpg,475,58,809,363,-1,-1
00009798.jpg,475,58,809,363,-1,-1
00009799.jpg,475,58,809,363,-1,-1
00009800.jpg,475,58,809,363,-1,-1
00009801.jpg,475,56,809,361,-1,-1
00009802.jpg,476,54,810,359,669,462
00009803.jpg,479,52,813,357,669,462
00009804.jpg,482,54,816,359,669,462
00009805.jpg,482,54,816,359,669,462
00009806.jpg,485,56,819,361,668,529
00009807.jpg,488,58,822,363,668,529
00009808.jpg,490,59,824,364,662,624
00009809.jpg,493,60,827,365,664,626
00009810.jpg,493,60,827,365,664,626
00009811.jpg,495,63,829,368,666,626
00009812.jpg,495,65,829,370,666,626
00009813.jpg,494,66,828,371,665,626
00009814.jpg,493,69,827,374,664,628
00009815.jpg,493,69,827,374,662,628
00009816.jpg,491,72,825,377,662,628
00009817.jpg,491,37,785,367,660,629
00009818.jpg,491,37,785,367,568,646
00009819.jpg,490,37,784,367,569,646
00009820.jpg,490,37,784,367,569,646
00009821.jpg,489,35,783,365,565,640
00009822.jpg,488,34,782,364,565,640
00009823.jpg,485,33,779,363,565,640
00009824.jpg,483,34,777,364,565,640
00009825.jpg,483,34,777,364,565,640
00009826.jpg,482,37,776,367,565,640
00009827.jpg,480,39,774,369,565,640
00009828.jpg,476,41,770,371,529,650
00009829.jpg,472,43,766,373,526,650
00009830.jpg,472,43,766,373,526,650
00009831.jpg,467,43,761,373,364,650
00009832.jpg,464,43,758,373,278,468
00009833.jpg,462,44,756,374,206,429
00009834.jpg,463,45,757,375,204,433
00009835.jpg,463,45,757,375,208,429
00009836.jpg,465,45,759,375,205,429
00009837.jpg,467,46,761,376,208,430
00009838.jpg,469,46,763,376,160,332
00009839.jpg,470,46,764,376,162,333
00009840.jpg,471,45,765,375,160,333
00009841.jpg,473,44,767,374,161,333
00009842.jpg,474,43,768,373,162,333
00009843.jpg,474,43,768,373,164,333
00009844.jpg,473,43,767,373,164,333
00009845.jpg,473,43,767,373,162,333
00009846.jpg,472,43,766,373,162,333
00009847.jpg,471,44,765,374,162,333
00009848.jpg,470,45,764,375,162,333
00009849.jpg,469,45,763,375,162,333
00009850.jpg,469,45,763,375,162,333
00009851.jpg,469,45,763,375,162,333
00009852.jpg,468,45,762,375,162,333
00009853.jpg,468,44,762,374,162,333
00009854.jpg,468,44,762,374,162,333
00009855.jpg,468,44,762,374,162,333
00009856.jpg,469,43,763,373,162,333
00009857.jpg,473,40,767,370,162,333
00009858.jpg,479,39,773,369,162,333
00009859.jpg,482,39,776,369,162,333
00009860.jpg,482,39,776,369,162,333
00009861.jpg,487,37,781,367,162,333
00009862.jpg,489,35,783,365,162,333
00009863.jpg,490,32,784,362,261,410
00009864.jpg,490,29,784,359,364,441
00009865.jpg,490,29,784,359,366,442
00009866.jpg,488,27,782,357,-1,-1
00009867.jpg,487,25,781,355,-1,-1
00009868.jpg,486,25,780,355,-1,-1
00009869.jpg,486,26,780,356,-1,-1
00009870.jpg,486,26,780,356,-1,-1
00009871.jpg,485,30,779,360,-1,-1
00009872.jpg,484,33,778,363,-1,-1
00009873.jpg,482,36,776,366,-1,-1
00009874.jpg,482,36,776,366,-1,-1
00009875.jpg,482,36,776,366,-1,-1
00009876.jpg,483,35,777,365,-1,-1
00009877.jpg,486,34,780,364,-1,-1
00009878.jpg,488,34,782,364,-1,-1
00009879.jpg,489,35,783,365,-1,-1
00009880.jpg,489,35,783,365,-1,-1
00009881.jpg,486,35,780,365,-1,-1
00009882.jpg,487,35,781,365,-1,-1
00009883.jpg,489,35,783,365,-1,-1
00009884.jpg,490,36,784,366,-1,-1
00009885.jpg,490,36,784,366,-1,-1
00009886.jpg,487,36,781,366,-1,-1
00009887.jpg,485,37,779,367,-1,-1
00009888.jpg,483,38,777,368,-1,-1
00009889.jpg,483,39,777,369,-1,-1
00009890.jpg,483,39,777,369,-1,-1
00009891.jpg,485,42,779,372,-1,-1
00009892.jpg,486,43,780,373,-1,-1
00009893.jpg,487,43,781,373,-1,-1
00009894.jpg,487,41,781,371,-1,-1
00009895.jpg,487,41,781,371,-1,-1
00009896.jpg,486,39,780,369,-1,-1
00009897.jpg,485,32,779,362,-1,-1
00009898.jpg,483,29,777,359,-1,-1
00009899.jpg,481,27,775,357,-1,-1
00009900.jpg,481,27,775,357,-1,-1
00009901.jpg,480,25,774,355,-1,-1
00009902.jpg,480,26,774,356,-1,-1
00009903.jpg,479,27,773,357,-1,-1
00009904.jpg,478,27,772,357,-1,-1
00009905.jpg,478,27,772,357,-1,-1
00009906.jpg,477,26,771,356,-1,-1
00009907.jpg,476,27,770,357,-1,-1
00009908.jpg,476,29,770,359,-1,-1
00009909.jpg,475,32,769,362,-1,-1
00009910.jpg,476,32,770,362,-1,-1
00009911.jpg,477,36,771,366,-1,-1
00009912.jpg,480,39,774,369,-1,-1
00009913.jpg,482,43,776,373,-1,-1
00009914.jpg,483,46,777,376,-1,-1
00009915.jpg,483,46,777,376,-1,-1
00009916.jpg,482,48,776,378,-1,-1
00009917.jpg,482,50,776,380,-1,-1
00009918.jpg,482,51,776,381,-1,-1
00009919.jpg,482,50,776,380,-1,-1
00009920.jpg,482,50,776,380,-1,-1
00009921.jpg,482,50,776,380,-1,-1
