00038526.jpg,376,57,779,478,-1,-1
00038527.jpg,376,57,779,478,-1,-1
00038528.jpg,376,57,779,478,-1,-1
00038529.jpg,376,57,779,478,-1,-1
00038530.jpg,376,57,779,478,-1,-1
00038531.jpg,376,57,779,478,-1,-1
00038532.jpg,376,57,779,478,-1,-1
00038533.jpg,376,57,779,478,-1,-1
00038534.jpg,376,57,779,478,-1,-1
00038535.jpg,375,57,778,478,-1,-1
00038536.jpg,375,57,778,478,-1,-1
00038537.jpg,375,57,778,478,-1,-1
00038538.jpg,374,57,777,478,-1,-1
00038539.jpg,374,57,777,478,-1,-1
00038540.jpg,373,57,776,478,-1,-1
00038541.jpg,372,57,775,478,-1,-1
00038542.jpg,372,57,775,478,-1,-1
00038543.jpg,371,57,774,478,-1,-1
00038544.jpg,371,57,774,478,-1,-1
00038545.jpg,371,57,774,478,-1,-1
00038546.jpg,370,57,773,478,-1,-1
00038547.jpg,370,57,773,478,-1,-1
00038548.jpg,370,57,773,478,-1,-1
00038549.jpg,369,57,772,478,-1,-1
00038550.jpg,369,57,772,478,-1,-1
00038551.jpg,368,58,771,479,-1,-1
00038552.jpg,368,58,771,479,-1,-1
00038553.jpg,367,58,770,479,-1,-1
00038554.jpg,366,58,769,479,-1,-1
00038555.jpg,365,58,768,479,-1,-1
00038556.jpg,364,58,767,479,-1,-1
00038557.jpg,364,58,767,479,-1,-1
00038558.jpg,364,58,767,479,-1,-1
00038559.jpg,363,58,766,479,-1,-1
00038560.jpg,363,58,766,479,-1,-1
00038561.jpg,362,58,765,479,-1,-1
00038562.jpg,362,58,765,479,-1,-1
00038563.jpg,361,58,764,479,-1,-1
00038564.jpg,361,58,764,479,-1,-1
00038565.jpg,360,58,763,479,-1,-1
00038566.jpg,359,58,762,479,-1,-1
00038567.jpg,359,58,762,479,-1,-1
00038568.jpg,358,58,761,479,-1,-1
00038569.jpg,358,58,761,479,-1,-1
00038570.jpg,357,58,760,479,-1,-1
00038571.jpg,357,58,760,479,-1,-1
00038572.jpg,357,58,760,479,-1,-1
00038573.jpg,357,58,760,479,-1,-1
00038574.jpg,357,58,760,479,-1,-1
00038575.jpg,356,58,759,479,-1,-1
00038576.jpg,356,58,759,479,-1,-1
00038577.jpg,356,58,759,479,-1,-1
00038578.jpg,355,59,758,480,-1,-1
00038579.jpg,355,59,758,480,-1,-1
00038580.jpg,355,59,758,480,-1,-1
00038581.jpg,354,59,757,480,-1,-1
00038582.jpg,354,59,757,480,-1,-1
00038583.jpg,354,59,757,480,-1,-1
00038584.jpg,353,59,756,480,-1,-1
00038585.jpg,353,59,756,480,-1,-1
00038586.jpg,353,59,756,480,-1,-1
00038587.jpg,353,59,756,480,-1,-1
00038588.jpg,352,59,755,480,-1,-1
00038589.jpg,352,59,755,480,-1,-1
00038590.jpg,352,59,755,480,-1,-1
00038591.jpg,351,59,754,480,-1,-1
00038592.jpg,351,59,754,480,-1,-1
00038593.jpg,351,59,754,480,-1,-1
00038594.jpg,350,59,753,480,-1,-1
00038595.jpg,350,59,753,480,-1,-1
00038596.jpg,349,59,752,480,-1,-1
00038597.jpg,349,59,752,480,-1,-1
00038598.jpg,349,59,752,480,-1,-1
00038599.jpg,349,59,752,480,-1,-1
00038600.jpg,349,59,752,480,-1,-1
00038601.jpg,349,59,752,480,-1,-1
00038602.jpg,349,59,752,480,-1,-1
00038603.jpg,349,59,752,480,-1,-1
00038604.jpg,349,59,752,480,-1,-1
00038605.jpg,349,59,752,480,-1,-1
00038606.jpg,349,59,752,480,-1,-1
00038607.jpg,349,59,752,480,-1,-1
00038608.jpg,350,59,753,480,-1,-1
00038609.jpg,350,59,753,480,-1,-1
00038610.jpg,351,59,754,480,-1,-1
00038611.jpg,351,59,754,480,-1,-1
00038612.jpg,352,59,755,480,-1,-1
00038613.jpg,352,59,755,480,-1,-1
00038614.jpg,353,59,756,480,-1,-1
00038615.jpg,353,59,756,480,-1,-1
00038616.jpg,354,59,757,480,-1,-1
00038617.jpg,354,59,757,480,-1,-1
00038618.jpg,354,59,757,480,-1,-1
00038619.jpg,354,59,757,480,-1,-1
00038620.jpg,355,59,758,480,-1,-1
00038621.jpg,355,60,758,481,-1,-1
00038622.jpg,355,60,758,481,-1,-1
00038623.jpg,355,60,758,481,-1,-1
00038624.jpg,355,60,758,481,-1,-1
00038625.jpg,355,60,758,481,-1,-1
00038626.jpg,355,60,758,481,-1,-1
00038627.jpg,355,60,758,481,-1,-1
00038628.jpg,355,60,758,481,-1,-1
00038629.jpg,355,60,758,481,-1,-1
00038630.jpg,355,60,758,481,-1,-1
00038631.jpg,355,60,758,481,-1,-1
00038632.jpg,355,60,758,481,-1,-1
