00001316.jpg,305,26,607,363,921,311
00001317.jpg,305,26,607,363,921,311
00001318.jpg,305,26,607,363,921,311
00001319.jpg,305,26,607,363,921,311
00001320.jpg,305,26,607,363,921,311
00001321.jpg,304,25,606,362,-1,-1
00001322.jpg,304,24,606,361,-1,-1
00001323.jpg,303,23,605,360,-1,-1
00001324.jpg,303,22,605,359,-1,-1
00001325.jpg,303,20,605,357,-1,-1
00001326.jpg,303,20,605,357,-1,-1
00001327.jpg,302,19,604,356,915,312
00001328.jpg,301,19,603,356,915,312
00001329.jpg,300,19,602,356,915,312
00001330.jpg,298,19,600,356,915,312
00001331.jpg,297,18,599,355,915,312
00001332.jpg,297,18,599,355,915,312
00001333.jpg,296,18,598,355,915,312
00001334.jpg,294,17,596,354,914,312
00001335.jpg,293,17,595,354,913,312
00001336.jpg,292,17,594,354,913,312
00001337.jpg,290,18,592,355,912,312
00001338.jpg,290,18,592,355,910,312
00001339.jpg,288,18,590,355,910,312
00001340.jpg,286,18,588,355,910,312
00001341.jpg,283,19,585,356,-1,-1
00001342.jpg,281,19,583,356,-1,-1
00001343.jpg,279,18,581,365,-1,-1
00001344.jpg,279,18,581,365,-1,-1
00001345.jpg,280,18,582,365,-1,-1
00001346.jpg,281,27,583,379,-1,-1
00001347.jpg,281,32,583,384,-1,-1
00001348.jpg,279,37,581,389,-1,-1
00001349.jpg,279,37,581,389,-1,-1
