00030035.jpg,441,307,706,587,-1,-1
00030036.jpg,441,307,706,587,-1,-1
00030037.jpg,441,307,706,587,-1,-1
00030038.jpg,441,307,706,587,-1,-1
00030039.jpg,441,306,706,586,-1,-1
00030040.jpg,442,306,707,586,-1,-1
00030041.jpg,443,305,708,585,-1,-1
00030042.jpg,443,303,708,583,-1,-1
00030043.jpg,443,302,708,582,-1,-1
00030044.jpg,442,303,707,583,-1,-1
00030045.jpg,441,304,706,584,-1,-1
00030046.jpg,441,307,706,587,-1,-1
00030047.jpg,443,312,708,592,-1,-1
00030048.jpg,445,318,710,598,-1,-1
00030049.jpg,449,324,714,604,-1,-1
00030050.jpg,453,329,718,609,-1,-1
00030051.jpg,457,333,722,613,-1,-1
00030052.jpg,450,339,715,619,-1,-1
00030053.jpg,452,343,717,623,-1,-1
00030054.jpg,454,345,719,625,-1,-1
00030055.jpg,456,345,721,625,-1,-1
00030056.jpg,459,345,724,625,-1,-1
00030057.jpg,463,343,728,623,-1,-1
00030058.jpg,467,341,732,621,-1,-1
00030059.jpg,472,338,737,618,-1,-1
00030060.jpg,478,335,743,615,-1,-1
00030061.jpg,484,331,749,611,-1,-1
00030062.jpg,490,327,755,607,-1,-1
00030063.jpg,495,325,760,605,-1,-1
00030064.jpg,497,325,762,605,-1,-1
00030065.jpg,501,326,766,606,-1,-1
00030066.jpg,507,328,772,608,-1,-1
00030067.jpg,515,330,780,610,-1,-1
00030068.jpg,525,334,790,614,-1,-1
00030069.jpg,527,340,792,620,-1,-1
00030070.jpg,533,344,798,624,-1,-1
00030071.jpg,537,344,802,624,-1,-1
00030072.jpg,541,344,806,624,-1,-1
00030073.jpg,548,342,813,622,-1,-1
00030074.jpg,552,342,817,622,-1,-1
00030075.jpg,554,341,819,621,-1,-1
00030076.jpg,559,341,824,621,-1,-1
00030077.jpg,560,340,825,620,-1,-1
00030078.jpg,559,340,824,620,-1,-1
00030079.jpg,559,340,824,620,-1,-1
00030080.jpg,561,341,826,621,-1,-1
00030081.jpg,563,338,828,618,-1,-1
00030082.jpg,562,337,827,617,-1,-1
00030083.jpg,560,337,825,617,-1,-1
00030084.jpg,552,334,817,614,-1,-1
00030085.jpg,550,327,815,607,1315,620
00030086.jpg,549,321,814,601,1308,620
00030087.jpg,547,314,812,594,1308,620
00030088.jpg,548,309,813,589,1306,619
00030089.jpg,547,305,812,585,1307,620
00030090.jpg,546,301,811,581,1307,620
00030091.jpg,542,300,807,580,1305,615
00030092.jpg,540,300,805,580,1305,618
00030093.jpg,537,300,802,580,1305,618
00030094.jpg,534,300,799,580,1305,618
00030095.jpg,531,300,796,580,1305,618
00030096.jpg,528,301,793,581,1305,618
00030097.jpg,524,302,789,582,1301,613
00030098.jpg,520,303,785,583,1301,613
00030099.jpg,515,303,780,583,1302,613
00030100.jpg,511,303,776,583,1302,613
00030101.jpg,507,303,772,583,1302,613
00030102.jpg,503,302,768,582,1302,613
00030103.jpg,500,302,765,582,1302,613
00030104.jpg,497,302,762,582,1300,613
00030105.jpg,494,302,759,582,1306,613
00030106.jpg,491,302,756,582,1416,801
00030107.jpg,488,302,753,582,-1,-1
00030108.jpg,486,303,751,583,-1,-1
00030109.jpg,485,303,750,583,-1,-1
00030110.jpg,483,303,748,583,-1,-1
00030111.jpg,481,303,746,583,-1,-1
00030112.jpg,480,304,745,584,-1,-1
00030113.jpg,479,304,744,584,-1,-1
00030114.jpg,479,304,744,584,-1,-1
00030115.jpg,478,305,743,585,-1,-1
00030116.jpg,478,305,743,585,-1,-1
00030117.jpg,477,306,742,586,-1,-1
00030118.jpg,478,307,743,587,1128,903
00030119.jpg,478,307,743,587,1131,901
00030120.jpg,479,307,744,587,1128,903
00030121.jpg,480,307,745,587,1125,906
00030122.jpg,481,307,746,587,1125,906
00030123.jpg,482,307,747,587,1123,909
00030124.jpg,484,307,749,587,1117,911
00030125.jpg,486,308,751,588,1115,913
00030126.jpg,489,309,754,589,1111,911
00030127.jpg,492,310,757,590,1100,930
00030128.jpg,497,311,762,591,1090,944
00030129.jpg,502,313,767,593,1080,951
00030130.jpg,509,314,774,594,1072,956
00030131.jpg,518,315,783,595,1071,956
00030132.jpg,528,314,793,594,1071,961
00030133.jpg,540,311,805,591,1068,971
00030134.jpg,554,307,819,587,1066,976
00030135.jpg,571,303,836,583,1068,980
00030136.jpg,590,298,855,578,1071,985
00030137.jpg,612,292,877,572,-1,-1
00030138.jpg,635,287,900,567,-1,-1
00030139.jpg,656,283,921,563,-1,-1
00030140.jpg,676,277,941,557,-1,-1
00030141.jpg,693,270,958,550,-1,-1
00030142.jpg,706,262,971,542,1288,671
00030143.jpg,714,257,979,537,1307,606
00030144.jpg,718,252,983,532,1307,606
00030145.jpg,719,246,984,526,1303,595
00030146.jpg,716,246,981,526,1303,594
00030147.jpg,709,244,974,524,1300,593
00030148.jpg,699,244,964,524,1302,590
00030149.jpg,688,249,953,529,1302,590
00030150.jpg,675,256,940,536,1302,586
00030151.jpg,663,261,928,541,1302,586
00030152.jpg,653,264,918,544,1108,771
00030153.jpg,646,263,911,543,1016,768
00030154.jpg,642,260,907,540,1013,768
00030155.jpg,641,256,906,536,1021,754
00030156.jpg,645,252,910,532,1045,758
00030157.jpg,654,252,919,532,1065,776
00030158.jpg,667,252,932,532,1073,785
00030159.jpg,682,254,947,534,1116,818
00030160.jpg,701,257,966,537,1118,824
00030161.jpg,722,260,987,540,1120,829
00030162.jpg,743,263,1008,543,1121,831
00030163.jpg,768,265,1033,545,1122,831
00030164.jpg,792,266,1057,546,1130,831
00030165.jpg,815,265,1080,545,1133,833
00030166.jpg,837,264,1102,544,1151,828
00030167.jpg,857,262,1122,542,1158,826
00030168.jpg,875,259,1140,539,1137,821
00030169.jpg,892,259,1155,538,1133,821
00030170.jpg,913,259,1174,539,1135,835
00030171.jpg,932,256,1191,539,1135,835
00030172.jpg,932,256,1191,539,1135,835
00030173.jpg,940,260,1199,543,1135,838
00030174.jpg,946,265,1205,548,1135,843
00030175.jpg,948,267,1207,550,1135,849
00030176.jpg,954,272,1218,562,1136,845
00030177.jpg,954,272,1218,562,1136,845
00030178.jpg,955,274,1219,564,1136,845
00030179.jpg,955,276,1219,566,1132,845
00030180.jpg,955,275,1219,565,1127,846
00030181.jpg,955,275,1219,565,1125,848
00030182.jpg,955,274,1219,564,1118,849
00030183.jpg,955,270,1219,560,1111,850
00030184.jpg,954,270,1218,560,1107,853
00030185.jpg,954,268,1218,558,1102,854
00030186.jpg,953,268,1217,558,1100,855
00030187.jpg,954,271,1221,558,1098,855
00030188.jpg,954,271,1221,558,1106,853
00030189.jpg,954,270,1221,557,1106,848
00030190.jpg,954,269,1221,556,1106,848
00030191.jpg,954,268,1221,555,1107,848
00030192.jpg,954,267,1221,554,1106,849
00030193.jpg,954,266,1221,553,1106,853
00030194.jpg,954,264,1221,551,1108,858
00030195.jpg,955,263,1222,550,1110,861
00030196.jpg,955,263,1222,550,1112,861
00030197.jpg,956,262,1225,548,1106,870
00030198.jpg,956,262,1225,548,1106,878
00030199.jpg,957,260,1226,546,1102,886
00030200.jpg,957,260,1226,546,1102,890
00030201.jpg,958,256,1227,542,1102,894
00030202.jpg,959,255,1228,541,1120,896
00030203.jpg,960,254,1229,540,1120,896
00030204.jpg,960,255,1229,541,1120,896
00030205.jpg,961,254,1230,540,1113,884
00030206.jpg,961,254,1230,540,1113,884
00030207.jpg,962,252,1231,538,1110,881
00030208.jpg,963,251,1232,537,1033,840
00030209.jpg,963,252,1232,538,1011,834
00030210.jpg,963,252,1232,538,1005,826
00030211.jpg,963,252,1232,538,1001,826
00030212.jpg,962,253,1231,539,995,824
00030213.jpg,962,252,1231,538,1107,816
00030214.jpg,961,250,1230,536,1087,818
00030215.jpg,959,250,1228,536,1076,815
00030216.jpg,955,250,1224,536,1068,816
00030217.jpg,950,250,1219,536,1071,814
00030218.jpg,945,250,1214,536,1071,814
00030219.jpg,940,251,1209,537,1075,819
00030220.jpg,935,253,1204,539,1066,830
00030221.jpg,931,255,1200,541,1060,835
00030222.jpg,926,257,1195,543,1060,846
00030223.jpg,925,258,1194,544,1061,858
00030224.jpg,926,257,1195,543,1062,868
00030225.jpg,922,256,1191,542,1061,873
00030226.jpg,920,255,1189,541,1065,880
00030227.jpg,920,254,1189,540,1065,883
00030228.jpg,919,252,1188,538,1065,885
00030229.jpg,920,252,1189,538,1071,886
00030230.jpg,922,250,1191,536,1075,886
00030231.jpg,919,249,1188,535,1080,885
00030232.jpg,926,248,1195,534,1085,885
00030233.jpg,924,250,1193,536,1091,885
00030234.jpg,926,249,1195,535,1098,885
00030235.jpg,929,250,1198,536,1102,885
00030236.jpg,931,250,1200,536,1106,885
00030237.jpg,932,251,1201,537,1106,885
00030238.jpg,934,251,1203,537,1108,885
00030239.jpg,940,251,1209,537,1110,885
00030240.jpg,947,252,1216,538,1110,885
00030241.jpg,950,252,1219,538,1110,891
00030242.jpg,953,254,1222,540,1107,894
00030243.jpg,955,256,1224,542,1101,899
00030244.jpg,958,257,1227,543,1098,900
00030245.jpg,961,258,1230,544,1097,900
00030246.jpg,958,260,1227,546,1097,900
00030247.jpg,960,261,1229,547,1097,900
00030248.jpg,961,262,1230,548,1097,901
00030249.jpg,961,264,1230,550,1097,906
00030250.jpg,962,266,1231,552,1095,910
00030251.jpg,967,269,1236,555,1095,914
00030252.jpg,967,271,1236,557,1095,920
00030253.jpg,967,273,1241,563,1095,924
00030254.jpg,967,273,1241,563,1098,930
00030255.jpg,967,273,1241,563,1095,938
00030256.jpg,966,270,1240,560,1096,943
00030257.jpg,966,266,1240,556,1098,945
00030258.jpg,967,265,1242,556,1098,945
00030259.jpg,967,265,1242,556,1103,943
00030260.jpg,967,261,1242,552,1107,940
00030261.jpg,967,257,1242,548,1107,940
00030262.jpg,968,252,1243,543,1107,940
00030263.jpg,968,251,1243,542,1103,936
00030264.jpg,970,249,1245,540,1101,936
00030265.jpg,971,248,1246,539,1101,926
00030266.jpg,969,248,1244,539,1108,903
00030267.jpg,971,250,1246,541,1106,888
00030268.jpg,974,255,1249,546,1106,880
00030269.jpg,973,261,1248,552,1102,885
00030270.jpg,976,268,1251,559,1105,886
00030271.jpg,980,275,1255,566,1100,900
00030272.jpg,981,278,1256,569,1100,900
00030273.jpg,985,283,1260,574,1101,906
00030274.jpg,990,288,1265,579,1101,911
00030275.jpg,990,296,1271,590,1108,915
00030276.jpg,991,308,1275,599,-1,-1
00030277.jpg,991,308,1275,599,-1,-1
00030278.jpg,993,310,1277,601,-1,-1
00030279.jpg,994,309,1278,600,-1,-1
00030280.jpg,996,318,1284,613,-1,-1
00030281.jpg,996,318,1284,613,-1,-1
00030282.jpg,997,319,1285,614,-1,-1
00030283.jpg,999,318,1287,613,-1,-1
00030284.jpg,1000,319,1288,614,-1,-1
00030285.jpg,1005,322,1287,602,-1,-1
00030286.jpg,1005,322,1287,602,-1,-1
00030287.jpg,1006,316,1288,596,-1,-1
00030288.jpg,1010,311,1292,591,-1,-1
00030289.jpg,1011,307,1290,589,-1,-1
00030290.jpg,1011,307,1290,589,-1,-1
00030291.jpg,1011,302,1290,584,-1,-1
00030292.jpg,1015,299,1296,578,-1,-1
00030293.jpg,1015,299,1296,578,-1,-1
00030294.jpg,1016,298,1297,577,-1,-1
00030295.jpg,1017,297,1298,576,-1,-1
00030296.jpg,1019,298,1300,577,-1,-1
00030297.jpg,1018,300,1299,579,-1,-1
00030298.jpg,1024,306,1303,584,-1,-1
00030299.jpg,1024,306,1303,584,-1,-1
00030300.jpg,1023,312,1302,590,-1,-1
00030301.jpg,1025,307,1311,595,-1,-1
00030302.jpg,1025,307,1311,595,-1,-1
00030303.jpg,1025,307,1311,595,-1,-1
00030304.jpg,1024,307,1310,595,992,911
00030305.jpg,1023,307,1309,595,1057,921
00030306.jpg,1022,307,1308,595,1092,936
00030307.jpg,1021,307,1307,595,1110,941
00030308.jpg,1020,307,1306,595,1111,940
00030309.jpg,1017,304,1303,592,1120,938
00030310.jpg,1016,304,1302,592,-1,-1
00030311.jpg,1016,304,1298,590,-1,-1
00030312.jpg,1016,304,1298,590,1115,908
00030313.jpg,1013,296,1295,581,1126,884
00030314.jpg,1013,296,1295,581,1092,880
00030315.jpg,1010,291,1292,576,1118,915
00030316.jpg,1006,285,1288,570,1126,909
00030317.jpg,1003,283,1285,568,1126,910
00030318.jpg,1000,280,1282,565,1122,905
00030319.jpg,997,277,1279,562,1122,905
00030320.jpg,999,272,1281,557,1125,899
00030321.jpg,993,271,1275,556,1122,901
00030322.jpg,991,271,1273,556,1122,900
00030323.jpg,990,270,1269,555,1125,900
00030324.jpg,990,270,1269,555,1128,899
00030325.jpg,989,271,1268,556,1121,895
00030326.jpg,989,273,1268,558,1110,895
00030327.jpg,990,274,1269,559,1105,896
00030328.jpg,989,285,1268,570,1101,898
00030329.jpg,988,288,1267,573,1098,904
00030330.jpg,988,288,1267,573,1093,898
