00030035.jpg,1210,417,1503,704,627,465
00030036.jpg,1210,417,1503,704,627,465
00030037.jpg,1210,417,1503,704,625,465
00030038.jpg,1210,417,1503,704,623,465
00030039.jpg,1210,417,1503,704,625,465
00030040.jpg,1209,418,1502,705,623,466
00030041.jpg,1209,418,1502,705,623,463
00030042.jpg,1209,418,1502,705,621,461
00030043.jpg,1209,418,1502,705,621,461
00030044.jpg,1209,418,1502,705,620,463
00030045.jpg,1210,418,1503,705,616,466
00030046.jpg,1212,417,1505,704,616,471
00030047.jpg,1214,417,1507,704,615,478
00030048.jpg,1217,417,1510,704,615,485
00030049.jpg,1220,416,1513,703,616,489
00030050.jpg,1223,415,1516,702,616,491
00030051.jpg,1226,414,1519,701,616,500
00030052.jpg,1229,414,1522,701,616,504
00030053.jpg,1233,414,1526,701,616,506
00030054.jpg,1237,414,1530,701,618,510
00030055.jpg,1240,415,1533,702,620,514
00030056.jpg,1243,416,1536,703,622,514
00030057.jpg,1245,418,1538,705,625,514
00030058.jpg,1248,419,1541,706,627,511
00030059.jpg,1249,419,1542,706,630,504
00030060.jpg,1251,420,1544,707,633,503
00030061.jpg,1252,420,1545,707,631,494
00030062.jpg,1253,419,1546,706,642,496
00030063.jpg,1254,418,1547,705,641,489
00030064.jpg,1254,417,1547,704,643,491
00030065.jpg,1253,417,1546,704,642,494
00030066.jpg,1252,417,1545,704,646,495
00030067.jpg,1252,418,1545,705,655,500
00030068.jpg,1251,418,1544,705,666,504
00030069.jpg,1251,419,1544,706,670,505
00030070.jpg,1250,421,1543,708,675,509
00030071.jpg,1250,422,1543,709,680,509
00030072.jpg,1251,422,1544,709,681,510
00030073.jpg,1251,423,1544,710,683,511
00030074.jpg,1251,423,1544,710,685,511
00030075.jpg,1250,423,1543,710,687,513
00030076.jpg,1250,424,1543,711,698,506
00030077.jpg,1250,424,1543,711,698,506
00030078.jpg,1250,425,1543,712,696,506
00030079.jpg,1250,425,1543,712,696,506
00030080.jpg,1250,425,1543,712,696,506
00030081.jpg,1249,425,1542,712,696,506
00030082.jpg,1249,425,1542,712,701,506
00030083.jpg,1248,425,1541,712,706,506
00030084.jpg,1247,425,1540,712,713,503
00030085.jpg,1247,425,1540,712,722,496
00030086.jpg,1246,425,1539,712,723,491
00030087.jpg,1245,425,1538,712,721,481
00030088.jpg,1244,424,1537,711,725,480
00030089.jpg,1243,424,1536,711,736,471
00030090.jpg,1243,424,1536,711,736,471
00030091.jpg,1242,423,1535,710,740,468
00030092.jpg,1241,423,1534,710,740,468
00030093.jpg,1240,423,1533,710,738,464
00030094.jpg,1240,422,1533,709,738,464
00030095.jpg,1238,422,1531,709,736,466
00030096.jpg,1236,422,1529,709,726,459
00030097.jpg,1235,422,1528,709,723,459
00030098.jpg,1234,422,1527,709,721,460
00030099.jpg,1233,422,1526,709,720,460
00030100.jpg,1232,423,1525,710,716,460
00030101.jpg,1232,423,1525,710,716,461
00030102.jpg,1231,423,1524,710,715,461
00030103.jpg,1231,423,1524,710,712,461
00030104.jpg,1231,422,1524,709,710,461
00030105.jpg,1231,422,1524,709,705,460
00030106.jpg,1230,422,1523,709,701,460
00030107.jpg,1230,423,1523,710,697,460
00030108.jpg,1230,423,1523,710,695,460
00030109.jpg,1230,423,1523,710,693,460
00030110.jpg,1230,423,1523,710,693,460
00030111.jpg,1229,423,1522,710,693,460
00030112.jpg,1229,423,1522,710,691,460
00030113.jpg,1229,423,1522,710,688,460
00030114.jpg,1229,423,1522,710,686,460
00030115.jpg,1229,423,1522,710,685,461
00030116.jpg,1228,424,1521,711,682,463
00030117.jpg,1228,424,1521,711,682,464
00030118.jpg,1227,425,1520,712,678,470
00030119.jpg,1225,425,1518,712,678,470
00030120.jpg,1224,426,1517,713,678,470
00030121.jpg,1222,427,1515,714,682,469
00030122.jpg,1222,428,1515,715,682,469
00030123.jpg,1222,429,1515,716,685,469
00030124.jpg,1222,429,1515,716,687,468
00030125.jpg,1218,429,1511,716,690,468
00030126.jpg,1217,429,1510,716,690,468
00030127.jpg,1216,430,1509,717,705,471
00030128.jpg,1217,430,1510,717,708,479
00030129.jpg,1217,431,1510,718,711,475
00030130.jpg,1219,425,1508,717,712,476
00030131.jpg,1221,421,1506,717,717,479
00030132.jpg,1229,422,1507,709,733,474
00030133.jpg,1229,422,1507,709,741,470
00030134.jpg,1231,421,1509,708,757,466
00030135.jpg,1232,420,1510,707,772,465
00030136.jpg,1233,418,1511,705,792,458
00030137.jpg,1234,417,1512,704,801,471
00030138.jpg,1234,416,1512,703,823,469
00030139.jpg,1234,414,1512,701,841,468
00030140.jpg,1233,413,1511,700,858,463
00030141.jpg,1231,412,1509,699,861,463
00030142.jpg,1229,411,1507,698,887,438
00030143.jpg,1237,414,1507,692,895,438
00030144.jpg,1246,416,1513,686,897,433
00030145.jpg,1246,416,1513,686,901,424
00030146.jpg,1244,415,1511,685,900,416
00030147.jpg,1253,417,1511,678,887,416
00030148.jpg,1253,417,1511,678,877,421
00030149.jpg,1253,417,1511,678,872,421
00030150.jpg,1249,417,1507,678,862,420
00030151.jpg,1253,417,1511,678,846,423
00030152.jpg,1252,417,1510,678,840,423
00030153.jpg,1253,417,1511,678,836,424
00030154.jpg,1255,419,1513,680,831,424
00030155.jpg,1254,419,1512,680,832,420
00030156.jpg,1253,418,1511,679,835,420
00030157.jpg,1253,418,1511,679,852,413
00030158.jpg,1252,418,1510,679,866,411
00030159.jpg,1253,417,1511,678,877,410
00030160.jpg,1255,417,1513,678,892,411
00030161.jpg,1259,418,1517,679,916,419
00030162.jpg,1260,417,1518,678,930,413
00030163.jpg,1261,417,1519,678,-1,-1
00030164.jpg,1257,414,1521,687,-1,-1
00030165.jpg,1257,414,1521,687,-1,-1
00030166.jpg,1257,417,1521,690,-1,-1
00030167.jpg,1254,418,1518,691,1095,740
00030168.jpg,1250,418,1514,691,1118,771
00030169.jpg,1246,418,1510,691,1131,804
00030170.jpg,1243,417,1507,690,1136,818
00030171.jpg,1238,417,1502,690,1140,825
00030172.jpg,1237,420,1501,693,1140,831
00030173.jpg,1236,421,1499,704,1140,831
00030174.jpg,1236,421,1499,704,1133,835
00030175.jpg,1233,423,1488,704,1133,840
00030176.jpg,1233,423,1488,704,1135,845
00030177.jpg,1234,423,1489,704,1138,845
00030178.jpg,1235,422,1490,703,1137,846
00030179.jpg,1236,421,1491,702,1131,849
00030180.jpg,1238,424,1493,705,1131,849
00030181.jpg,1241,426,1496,707,1127,849
00030182.jpg,1243,429,1498,710,1123,851
00030183.jpg,1247,432,1502,713,1121,851
00030184.jpg,1250,432,1505,713,1117,854
00030185.jpg,1257,434,1512,715,1112,854
00030186.jpg,1260,435,1515,716,1108,855
00030187.jpg,1263,433,1518,714,1108,855
00030188.jpg,1263,433,1518,714,1100,839
00030189.jpg,1265,434,1520,715,1087,829
00030190.jpg,1268,433,1523,714,1091,829
00030191.jpg,1270,434,1525,715,1091,829
00030192.jpg,1272,434,1527,715,1093,831
00030193.jpg,1274,433,1529,714,1097,833
00030194.jpg,1276,433,1531,714,1092,839
00030195.jpg,1277,432,1532,713,1093,843
00030196.jpg,1279,432,1534,713,1093,845
00030197.jpg,1281,432,1536,713,1093,845
00030198.jpg,1283,432,1538,713,1093,850
00030199.jpg,1287,431,1542,712,1092,853
00030200.jpg,1291,429,1546,710,1091,854
00030201.jpg,1292,429,1547,710,1091,854
00030202.jpg,1293,429,1548,710,1087,859
00030203.jpg,1294,428,1549,709,1085,861
00030204.jpg,1294,428,1549,709,1085,861
00030205.jpg,1295,428,1550,709,1085,861
00030206.jpg,1295,428,1550,709,1080,863
00030207.jpg,1295,428,1550,709,1077,859
00030208.jpg,1296,428,1551,709,1076,859
00030209.jpg,1296,428,1551,709,1076,859
00030210.jpg,1298,428,1553,709,1070,851
00030211.jpg,1298,427,1553,708,1066,850
00030212.jpg,1299,427,1554,708,1062,848
00030213.jpg,1299,428,1554,709,1061,846
00030214.jpg,1299,427,1554,708,1050,841
00030215.jpg,1300,429,1555,710,1052,844
00030216.jpg,1302,430,1557,711,1035,831
00030217.jpg,1302,430,1557,711,966,801
00030218.jpg,1303,430,1558,711,956,791
00030219.jpg,1303,430,1558,711,959,791
00030220.jpg,1301,429,1556,710,961,791
00030221.jpg,1301,428,1556,709,964,793
00030222.jpg,1301,427,1556,708,966,795
00030223.jpg,1299,427,1554,708,969,797
00030224.jpg,1296,427,1551,708,974,803
00030225.jpg,1294,429,1549,710,984,810
00030226.jpg,1292,430,1547,711,987,813
00030227.jpg,1290,431,1545,712,1006,822
00030228.jpg,1287,431,1542,712,1014,824
00030229.jpg,1285,431,1540,712,1022,826
00030230.jpg,1284,431,1539,712,1034,832
00030231.jpg,1282,431,1537,712,1040,835
00030232.jpg,1281,431,1536,712,1045,835
00030233.jpg,1279,430,1534,711,1046,837
00030234.jpg,1278,431,1533,712,1046,836
00030235.jpg,1277,430,1532,711,1045,835
00030236.jpg,1277,430,1532,711,1041,835
00030237.jpg,1275,429,1530,710,1043,838
00030238.jpg,1275,429,1530,710,1045,837
00030239.jpg,1275,430,1530,711,1042,833
00030240.jpg,1274,430,1529,711,1036,831
00030241.jpg,1274,431,1529,712,1033,829
00030242.jpg,1273,432,1528,713,1035,843
00030243.jpg,1272,432,1527,713,1035,843
00030244.jpg,1272,432,1527,713,1045,845
00030245.jpg,1271,432,1526,713,1049,845
00030246.jpg,1271,432,1526,713,1050,844
00030247.jpg,1271,432,1526,713,1055,839
00030248.jpg,1270,432,1525,713,1064,837
00030249.jpg,1270,433,1525,714,1066,839
00030250.jpg,1269,433,1524,714,1068,844
00030251.jpg,1270,433,1525,714,1073,851
00030252.jpg,1270,433,1525,714,1080,860
00030253.jpg,1271,433,1526,714,1084,864
00030254.jpg,1271,433,1526,714,1089,869
00030255.jpg,1270,433,1525,714,1090,878
00030256.jpg,1271,433,1526,714,1092,886
00030257.jpg,1271,433,1526,714,1098,890
00030258.jpg,1270,434,1525,715,1099,888
00030259.jpg,1273,433,1528,714,1101,885
00030260.jpg,1273,433,1528,714,1104,885
00030261.jpg,1274,433,1529,714,1105,885
00030262.jpg,1274,433,1529,714,1105,885
00030263.jpg,1276,433,1531,714,1100,876
00030264.jpg,1277,433,1532,714,1094,868
00030265.jpg,1276,433,1531,714,1090,858
00030266.jpg,1278,433,1533,714,1089,845
00030267.jpg,1279,433,1534,714,1085,837
00030268.jpg,1282,432,1537,713,1085,834
00030269.jpg,1282,432,1537,713,1084,831
00030270.jpg,1282,432,1537,713,1092,840
00030271.jpg,1286,431,1541,712,1096,841
00030272.jpg,1287,431,1542,712,1102,846
00030273.jpg,1288,431,1543,712,1106,848
00030274.jpg,1290,430,1545,711,1109,851
00030275.jpg,1293,429,1548,710,1110,852
00030276.jpg,1294,431,1549,712,1116,857
00030277.jpg,1296,429,1551,710,1117,858
00030278.jpg,1297,430,1552,711,1117,865
00030279.jpg,1298,429,1553,710,1118,872
00030280.jpg,1297,431,1552,712,1120,879
00030281.jpg,1298,431,1553,712,1120,886
00030282.jpg,1302,434,1550,717,1121,893
00030283.jpg,1302,434,1550,717,1121,900
00030284.jpg,1303,435,1551,718,1120,902
00030285.jpg,1304,435,1552,718,1118,894
00030286.jpg,1305,435,1553,718,1114,885
00030287.jpg,1306,435,1554,718,1112,883
00030288.jpg,1308,435,1556,718,1112,880
00030289.jpg,1308,435,1556,718,1110,873
00030290.jpg,1310,435,1558,718,1109,865
00030291.jpg,1309,436,1557,719,1109,865
00030292.jpg,1312,436,1560,719,1109,865
00030293.jpg,1313,436,1561,719,1109,859
00030294.jpg,1314,437,1562,720,1109,859
00030295.jpg,1315,437,1563,720,1110,857
00030296.jpg,1317,437,1565,720,1111,857
00030297.jpg,1319,437,1567,720,1114,858
00030298.jpg,1320,438,1568,721,1119,863
00030299.jpg,1322,437,1570,720,1122,866
00030300.jpg,1323,438,1571,721,1125,869
00030301.jpg,1325,438,1573,721,1125,872
00030302.jpg,1328,437,1576,720,1128,876
00030303.jpg,1329,437,1577,720,1130,885
00030304.jpg,1330,437,1578,720,1130,890
00030305.jpg,1331,437,1579,720,1131,893
00030306.jpg,1333,436,1581,719,1131,893
00030307.jpg,1334,436,1582,719,1133,895
00030308.jpg,1334,436,1582,719,1136,899
00030309.jpg,1337,435,1585,718,1136,899
00030310.jpg,1337,435,1585,718,1136,899
00030311.jpg,1338,435,1586,718,1136,897
00030312.jpg,1340,435,1588,718,1136,893
00030313.jpg,1339,435,1587,718,1136,890
00030314.jpg,1340,435,1588,718,1136,887
00030315.jpg,1342,434,1590,717,1135,884
00030316.jpg,1342,434,1590,717,1132,881
00030317.jpg,1343,434,1591,717,1130,880
00030318.jpg,1343,434,1591,717,1127,879
00030319.jpg,1344,434,1592,717,1126,878
00030320.jpg,1344,433,1592,716,1126,878
00030321.jpg,1345,433,1593,716,1125,875
00030322.jpg,1345,433,1593,716,1125,875
00030323.jpg,1345,432,1593,715,1124,873
00030324.jpg,1345,432,1593,715,1122,873
00030325.jpg,1345,432,1593,715,1119,873
00030326.jpg,1345,431,1593,714,1118,871
00030327.jpg,1344,431,1592,714,1116,869
00030328.jpg,1344,431,1592,714,1115,868
00030329.jpg,1347,427,1595,710,1114,868
00030330.jpg,1347,427,1595,710,1114,868
