00037654.jpg,905,63,1351,533,-1,-1
00037655.jpg,905,63,1351,533,-1,-1
00037656.jpg,905,63,1351,533,-1,-1
00037657.jpg,905,63,1351,533,-1,-1
00037658.jpg,907,65,1353,535,-1,-1
00037659.jpg,909,67,1355,537,-1,-1
00037660.jpg,911,69,1357,539,-1,-1
00037661.jpg,913,69,1359,539,-1,-1
00037662.jpg,914,69,1360,539,-1,-1
00037663.jpg,915,70,1361,540,-1,-1
00037664.jpg,916,71,1362,541,-1,-1
00037665.jpg,914,72,1360,542,-1,-1
00037666.jpg,971,82,1374,535,-1,-1
00037667.jpg,971,82,1374,535,-1,-1
00037668.jpg,994,94,1384,532,-1,-1
00037669.jpg,994,94,1384,532,576,502
00037670.jpg,983,98,1373,536,576,502
00037671.jpg,990,107,1398,552,574,502
00037672.jpg,990,107,1398,552,573,502
00037673.jpg,980,111,1388,556,573,502
00037674.jpg,969,112,1377,557,572,502
00037675.jpg,958,110,1366,555,572,502
00037676.jpg,946,106,1354,551,572,502
00037677.jpg,946,106,1354,551,570,502
00037678.jpg,932,101,1340,546,569,502
00037679.jpg,918,97,1326,542,569,502
00037680.jpg,901,92,1309,537,568,502
00037681.jpg,884,87,1292,532,568,502
00037682.jpg,884,87,1292,532,568,502
00037683.jpg,868,83,1276,528,568,502
00037684.jpg,851,79,1259,524,568,502
00037685.jpg,834,76,1242,521,568,502
00037686.jpg,819,77,1227,522,566,502
00037687.jpg,819,77,1227,522,566,502
00037688.jpg,804,79,1212,524,565,502
00037689.jpg,790,83,1198,528,565,502
00037690.jpg,777,86,1185,531,564,502
00037691.jpg,765,88,1173,533,562,502
00037692.jpg,765,88,1173,533,561,502
00037693.jpg,755,90,1163,535,561,502
00037694.jpg,746,91,1154,536,560,502
00037695.jpg,734,76,1175,538,558,502
00037696.jpg,734,76,1175,538,558,502
00037697.jpg,734,76,1175,538,558,502
00037698.jpg,730,76,1171,538,558,502
00037699.jpg,727,75,1168,537,558,502
00037700.jpg,725,74,1166,536,558,502
00037701.jpg,724,73,1165,535,558,502
00037702.jpg,724,73,1165,535,558,502
00037703.jpg,725,72,1166,534,558,502
00037704.jpg,726,70,1167,532,558,502
00037705.jpg,727,69,1168,531,558,502
00037706.jpg,729,69,1170,531,558,502
00037707.jpg,729,69,1170,531,558,502
00037708.jpg,731,70,1172,532,762,576
00037709.jpg,732,70,1173,532,774,574
00037710.jpg,733,71,1174,533,776,570
00037711.jpg,734,71,1175,533,778,570
00037712.jpg,734,71,1175,533,780,569
00037713.jpg,736,73,1177,535,-1,-1
00037714.jpg,737,75,1178,537,-1,-1
00037715.jpg,738,77,1179,539,-1,-1
00037716.jpg,740,79,1181,541,-1,-1
00037717.jpg,740,79,1181,541,-1,-1
00037718.jpg,742,80,1183,542,-1,-1
00037719.jpg,744,82,1185,544,-1,-1
00037720.jpg,747,82,1188,544,-1,-1
00037721.jpg,750,82,1191,544,-1,-1
00037722.jpg,750,82,1191,544,-1,-1
00037723.jpg,753,82,1194,544,-1,-1
00037724.jpg,756,82,1197,544,-1,-1
00037725.jpg,758,81,1199,543,-1,-1
00037726.jpg,761,81,1202,543,-1,-1
00037727.jpg,762,81,1203,543,-1,-1
00037728.jpg,764,81,1205,543,-1,-1
00037729.jpg,767,81,1208,543,-1,-1
00037730.jpg,770,81,1211,543,-1,-1
00037731.jpg,773,81,1214,543,-1,-1
00037732.jpg,773,81,1214,543,-1,-1
00037733.jpg,775,81,1216,543,-1,-1
00037734.jpg,777,81,1218,543,-1,-1
00037735.jpg,779,80,1220,542,-1,-1
00037736.jpg,781,80,1222,542,-1,-1
00037737.jpg,781,80,1222,542,-1,-1
00037738.jpg,783,80,1224,542,-1,-1
00037739.jpg,785,80,1226,542,-1,-1
00037740.jpg,787,80,1228,542,-1,-1
00037741.jpg,788,80,1229,542,-1,-1
00037742.jpg,788,80,1229,542,-1,-1
00037743.jpg,790,79,1231,541,-1,-1
00037744.jpg,791,78,1232,540,-1,-1
00037745.jpg,792,77,1233,539,-1,-1
00037746.jpg,793,76,1234,538,-1,-1
00037747.jpg,793,76,1234,538,-1,-1
00037748.jpg,791,73,1232,535,-1,-1
00037749.jpg,787,69,1228,531,-1,-1
00037750.jpg,776,63,1217,525,-1,-1
00037751.jpg,763,58,1204,520,-1,-1
00037752.jpg,763,58,1204,520,-1,-1
00037753.jpg,768,49,1216,528,-1,-1
00037754.jpg,768,49,1216,528,-1,-1
00037755.jpg,760,47,1208,526,-1,-1
00037756.jpg,751,44,1199,523,-1,-1
00037757.jpg,751,44,1199,523,-1,-1
00037758.jpg,743,42,1191,521,-1,-1
00037759.jpg,733,40,1181,519,-1,-1
00037760.jpg,722,37,1170,516,-1,-1
00037761.jpg,713,35,1161,514,-1,-1
00037762.jpg,713,35,1161,514,-1,-1
00037763.jpg,713,35,1161,514,-1,-1
