00037654.jpg,62,145,680,783,-1,-1
00037655.jpg,62,145,680,783,-1,-1
00037656.jpg,62,145,680,783,-1,-1
00037657.jpg,62,145,680,783,-1,-1
00037658.jpg,60,145,678,783,-1,-1
00037659.jpg,59,145,677,783,-1,-1
00037660.jpg,58,146,676,784,-1,-1
00037661.jpg,57,147,675,785,-1,-1
00037662.jpg,57,147,675,785,-1,-1
00037663.jpg,56,147,674,785,-1,-1
00037664.jpg,55,148,673,786,-1,-1
00037665.jpg,54,149,672,787,-1,-1
00037666.jpg,51,150,669,788,-1,-1
00037667.jpg,51,150,669,788,-1,-1
00037668.jpg,49,151,667,789,-1,-1
00037669.jpg,50,151,668,789,-1,-1
00037670.jpg,49,151,667,789,-1,-1
00037671.jpg,46,152,664,790,-1,-1
00037672.jpg,46,152,664,790,-1,-1
00037673.jpg,44,152,662,790,-1,-1
00037674.jpg,42,152,660,790,-1,-1
00037675.jpg,40,152,658,790,-1,-1
00037676.jpg,38,152,656,790,-1,-1
00037677.jpg,33,152,651,790,-1,-1
00037678.jpg,32,152,650,790,-1,-1
00037679.jpg,31,153,649,791,-1,-1
00037680.jpg,30,153,648,791,-1,-1
00037681.jpg,30,153,648,791,-1,-1
00037682.jpg,30,153,648,791,-1,-1
00037683.jpg,29,154,647,792,-1,-1
00037684.jpg,28,154,646,792,-1,-1
00037685.jpg,27,154,645,792,-1,-1
00037686.jpg,25,155,643,793,-1,-1
00037687.jpg,25,155,643,793,-1,-1
00037688.jpg,24,155,642,793,-1,-1
00037689.jpg,23,155,641,793,-1,-1
00037690.jpg,22,155,640,793,-1,-1
00037691.jpg,22,154,640,792,-1,-1
00037692.jpg,22,154,640,792,-1,-1
00037693.jpg,22,154,640,792,-1,-1
00037694.jpg,22,153,640,791,-1,-1
00037695.jpg,22,153,640,791,-1,-1
00037696.jpg,22,153,640,791,-1,-1
00037697.jpg,22,153,640,791,-1,-1
00037698.jpg,22,153,640,791,-1,-1
00037699.jpg,23,153,641,791,-1,-1
00037700.jpg,25,152,643,790,-1,-1
00037701.jpg,27,150,645,788,-1,-1
00037702.jpg,27,150,645,788,-1,-1
00037703.jpg,28,148,646,786,-1,-1
00037704.jpg,28,146,646,784,-1,-1
00037705.jpg,30,139,648,777,893,296
00037706.jpg,29,136,647,774,893,293
00037707.jpg,29,136,647,774,894,293
00037708.jpg,29,132,647,770,896,293
00037709.jpg,29,128,647,766,896,293
00037710.jpg,13,126,621,778,896,293
00037711.jpg,13,126,621,778,896,293
00037712.jpg,13,126,621,778,897,293
00037713.jpg,14,125,622,777,898,293
00037714.jpg,16,124,624,776,901,296
00037715.jpg,18,123,626,775,901,297
00037716.jpg,20,123,628,775,901,297
00037717.jpg,20,123,628,775,902,298
00037718.jpg,23,122,631,774,905,300
00037719.jpg,25,122,633,774,909,301
00037720.jpg,28,121,636,773,913,304
00037721.jpg,32,120,640,772,916,304
00037722.jpg,32,120,640,772,918,304
00037723.jpg,36,119,644,771,918,305
00037724.jpg,41,117,649,769,920,305
00037725.jpg,45,116,653,768,928,306
00037726.jpg,50,115,658,767,928,304
00037727.jpg,50,115,658,767,930,304
00037728.jpg,54,116,662,768,932,304
00037729.jpg,59,115,667,767,932,304
00037730.jpg,63,115,671,767,932,304
00037731.jpg,68,115,676,767,933,304
00037732.jpg,68,115,676,767,937,304
00037733.jpg,72,115,680,767,941,304
00037734.jpg,77,114,685,766,944,304
00037735.jpg,80,114,688,766,945,304
00037736.jpg,84,114,692,766,948,305
00037737.jpg,83,115,691,767,953,305
00037738.jpg,86,115,694,767,953,305
00037739.jpg,88,115,696,767,956,304
00037740.jpg,91,114,699,766,956,304
00037741.jpg,92,114,700,766,956,304
00037742.jpg,92,114,700,766,956,304
00037743.jpg,93,114,701,766,956,304
00037744.jpg,94,113,702,765,961,304
00037745.jpg,93,113,701,765,961,304
00037746.jpg,93,113,701,765,961,304
00037747.jpg,93,113,701,765,962,302
00037748.jpg,91,112,699,764,961,298
00037749.jpg,90,112,698,764,953,298
00037750.jpg,89,111,697,763,929,292
00037751.jpg,87,110,695,762,913,289
00037752.jpg,87,110,695,762,913,289
00037753.jpg,86,109,694,761,894,284
00037754.jpg,84,108,692,760,886,281
00037755.jpg,83,108,691,760,877,280
00037756.jpg,82,107,690,759,865,277
00037757.jpg,82,107,690,759,860,273
00037758.jpg,81,107,689,759,849,274
00037759.jpg,80,107,688,759,846,273
00037760.jpg,80,106,688,758,834,270
00037761.jpg,80,106,688,758,828,269
00037762.jpg,80,105,688,757,825,269
00037763.jpg,80,105,688,757,818,269
