00001448.jpg,545,209,787,474,521,688
00001449.jpg,548,213,781,468,537,688
00001450.jpg,553,216,780,464,547,696
00001451.jpg,553,218,780,464,556,696
00001452.jpg,553,216,783,466,564,698
00001453.jpg,553,216,783,466,566,703
00001454.jpg,545,219,775,469,567,701
00001455.jpg,540,221,770,471,560,705
00001456.jpg,534,223,764,473,560,705
00001457.jpg,528,226,758,476,560,705
00001458.jpg,522,228,752,478,560,705
00001459.jpg,507,231,737,481,560,705
00001460.jpg,499,233,729,483,536,709
00001461.jpg,490,235,720,485,526,709
00001462.jpg,481,237,711,487,507,711
00001463.jpg,472,239,702,489,502,709
00001464.jpg,450,244,680,494,487,708
00001465.jpg,439,247,669,497,467,708
00001466.jpg,428,249,658,499,449,708
00001467.jpg,417,251,647,501,444,708
00001468.jpg,405,253,635,503,425,705
00001469.jpg,377,257,607,507,419,705
00001470.jpg,364,258,594,508,397,704
00001471.jpg,354,258,584,508,382,704
00001472.jpg,341,258,571,508,359,704
00001473.jpg,327,258,557,508,346,704
00001474.jpg,302,260,542,510,335,699
00001475.jpg,309,269,537,505,307,696
00001476.jpg,294,270,525,499,296,698
00001477.jpg,279,270,510,499,272,694
00001478.jpg,264,271,495,500,254,693
00001479.jpg,252,272,483,501,239,691
00001480.jpg,222,273,453,502,221,691
00001481.jpg,208,273,439,502,189,690
00001482.jpg,195,274,426,503,176,690
00001483.jpg,181,274,412,503,169,690
00001484.jpg,169,274,400,503,151,690
00001485.jpg,136,274,367,503,136,688
00001486.jpg,120,273,351,502,114,684
00001487.jpg,104,273,335,502,109,683
00001488.jpg,87,274,318,503,100,681
00001489.jpg,74,274,305,503,86,681
00001490.jpg,44,275,275,504,59,679
00001491.jpg,23,275,254,504,45,675
00001492.jpg,12,282,234,500,24,674
00001493.jpg,4,296,215,498,10,673
00001494.jpg,5,290,160,494,15,668
00001495.jpg,5,290,160,494,24,669
