00001575.jpg,300,408,484,609,-1,-1
00001576.jpg,283,408,467,609,-1,-1
00001577.jpg,268,408,452,609,-1,-1
00001578.jpg,253,408,437,609,-1,-1
00001579.jpg,225,408,409,609,-1,-1
00001580.jpg,213,408,397,609,-1,-1
00001581.jpg,200,408,384,609,-1,-1
00001582.jpg,190,405,374,606,-1,-1
00001583.jpg,179,404,363,605,-1,-1
00001584.jpg,162,397,346,598,-1,-1
00001585.jpg,155,394,339,595,-1,-1
00001586.jpg,149,390,333,591,-1,-1
00001587.jpg,143,386,327,587,-1,-1
00001588.jpg,138,383,322,584,-1,-1
00001589.jpg,130,375,314,576,-1,-1
00001590.jpg,128,368,312,569,-1,-1
00001591.jpg,127,361,311,562,-1,-1
00001592.jpg,125,354,309,555,-1,-1
00001593.jpg,124,347,308,548,-1,-1
00001594.jpg,126,325,310,526,232,708
00001595.jpg,126,314,310,515,245,699
00001596.jpg,127,301,311,502,246,686
00001597.jpg,126,290,310,491,244,675
00001598.jpg,125,279,309,480,250,661
00001599.jpg,125,257,309,458,250,651
00001600.jpg,125,247,309,448,254,631
00001601.jpg,123,239,307,440,257,621
00001602.jpg,123,228,307,429,255,618
00001603.jpg,123,217,307,418,255,608
00001604.jpg,122,196,306,397,255,600
00001605.jpg,122,185,306,386,255,581
00001606.jpg,123,174,307,375,255,571
00001607.jpg,123,163,307,364,256,564
00001608.jpg,122,153,306,354,259,548
00001609.jpg,113,132,311,338,264,540
00001610.jpg,113,132,311,338,-1,-1
00001611.jpg,114,124,312,330,-1,-1
00001612.jpg,114,117,312,323,-1,-1
00001613.jpg,115,110,313,316,-1,-1
00001614.jpg,113,102,311,308,-1,-1
00001615.jpg,113,99,311,305,791,200
00001616.jpg,112,98,310,304,791,198
00001617.jpg,110,97,308,303,791,198
00001618.jpg,109,97,307,303,791,198
00001619.jpg,106,97,304,303,791,198
00001620.jpg,104,98,302,304,784,194
00001621.jpg,103,98,301,304,779,193
00001622.jpg,102,97,300,303,772,191
00001623.jpg,102,97,300,303,772,191
00001624.jpg,103,95,301,301,765,191
00001625.jpg,105,94,303,300,760,196
00001626.jpg,107,93,305,299,821,375
00001627.jpg,111,93,309,299,815,398
00001628.jpg,114,93,312,299,307,489
00001629.jpg,117,95,315,301,305,490
00001630.jpg,117,96,315,302,305,488
00001631.jpg,117,96,315,302,284,486
00001632.jpg,117,97,315,303,280,485
00001633.jpg,117,97,315,303,280,485
00001634.jpg,118,98,316,304,280,485
00001635.jpg,119,99,317,305,280,485
00001636.jpg,120,99,318,305,280,485
00001637.jpg,121,100,319,306,280,485
00001638.jpg,123,100,321,306,280,485
00001639.jpg,126,101,324,307,280,485
00001640.jpg,129,101,327,307,280,485
00001641.jpg,131,101,329,307,280,485
00001642.jpg,133,102,331,308,280,485
00001643.jpg,135,103,333,309,280,485
00001644.jpg,135,103,333,309,280,485
00001645.jpg,135,103,333,309,280,485
00001646.jpg,135,103,333,309,280,485
00001647.jpg,135,103,333,309,280,485
00001648.jpg,135,103,333,309,280,485
00001649.jpg,135,103,333,309,280,485
