00005874.jpg,936,515,1136,731,523,379
00005875.jpg,936,515,1136,731,522,375
00005876.jpg,936,515,1136,731,522,375
00005877.jpg,936,515,1136,731,522,375
00005878.jpg,936,515,1136,731,525,375
00005879.jpg,936,515,1136,731,525,375
00005880.jpg,935,515,1135,731,525,375
00005881.jpg,935,515,1135,731,527,374
00005882.jpg,936,515,1136,731,526,374
00005883.jpg,936,515,1136,731,523,374
00005884.jpg,937,515,1137,731,523,374
00005885.jpg,937,515,1137,731,523,374
00005886.jpg,938,515,1138,731,523,374
00005887.jpg,939,515,1139,731,523,374
00005888.jpg,940,515,1140,731,523,374
00005889.jpg,941,515,1141,731,522,373
00005890.jpg,942,515,1142,731,522,373
00005891.jpg,942,515,1142,731,522,375
00005892.jpg,943,515,1143,731,520,376
00005893.jpg,944,515,1144,731,522,378
00005894.jpg,944,515,1144,731,517,378
00005895.jpg,945,515,1145,731,516,379
00005896.jpg,945,515,1145,731,513,379
00005897.jpg,945,514,1145,730,513,379
00005898.jpg,945,514,1145,730,511,379
00005899.jpg,945,514,1145,730,511,375
00005900.jpg,945,513,1145,729,511,375
00005901.jpg,945,513,1145,729,511,374
00005902.jpg,945,513,1145,729,511,374
00005903.jpg,945,512,1145,728,511,374
00005904.jpg,945,512,1145,728,512,374
00005905.jpg,945,512,1145,728,511,376
00005906.jpg,947,512,1147,728,512,378
00005907.jpg,947,512,1147,728,512,378
00005908.jpg,947,513,1147,729,512,381
00005909.jpg,947,513,1147,729,510,383
00005910.jpg,947,512,1147,728,508,383
00005911.jpg,947,513,1147,729,508,383
00005912.jpg,948,513,1148,729,508,383
00005913.jpg,948,513,1148,729,516,381
00005914.jpg,949,514,1149,730,527,386
00005915.jpg,949,514,1149,730,545,388
00005916.jpg,948,514,1148,730,562,395
00005917.jpg,948,514,1148,730,580,400
00005918.jpg,949,515,1149,731,586,401
00005919.jpg,949,515,1149,731,590,410
00005920.jpg,948,515,1148,731,591,413
00005921.jpg,948,516,1148,732,587,415
00005922.jpg,947,516,1147,732,583,418
00005923.jpg,946,517,1146,733,582,424
00005924.jpg,946,518,1146,734,580,425
00005925.jpg,945,518,1145,734,580,425
00005926.jpg,944,518,1144,734,580,425
00005927.jpg,942,519,1142,735,576,425
00005928.jpg,941,519,1141,735,576,421
00005929.jpg,939,519,1139,735,571,416
00005930.jpg,938,519,1138,735,561,415
00005931.jpg,937,518,1137,734,546,414
00005932.jpg,935,518,1135,734,536,405
00005933.jpg,934,519,1134,735,526,401
00005934.jpg,933,519,1133,735,517,395
00005935.jpg,931,518,1131,734,508,390
00005936.jpg,930,518,1130,734,508,390
00005937.jpg,929,517,1129,733,508,390
00005938.jpg,928,516,1128,732,508,390
00005939.jpg,927,515,1127,731,508,390
00005940.jpg,926,516,1126,732,505,390
00005941.jpg,926,516,1126,732,505,390
00005942.jpg,924,517,1124,733,505,390
00005943.jpg,923,517,1123,733,503,381
00005944.jpg,923,514,1123,730,505,379
00005945.jpg,922,514,1122,730,505,379
00005946.jpg,921,514,1121,730,505,379
00005947.jpg,920,515,1120,731,505,379
00005948.jpg,919,515,1119,731,505,386
00005949.jpg,918,515,1118,731,506,394
00005950.jpg,918,514,1118,730,507,398
00005951.jpg,918,513,1118,729,-1,-1
00005952.jpg,919,512,1119,728,-1,-1
00005953.jpg,919,516,1119,732,-1,-1
00005954.jpg,921,516,1121,732,-1,-1
00005955.jpg,923,518,1123,734,-1,-1
00005956.jpg,924,518,1124,734,-1,-1
00005957.jpg,926,520,1126,736,-1,-1
00005958.jpg,926,520,1126,736,-1,-1
00005959.jpg,925,510,1125,726,-1,-1
00005960.jpg,925,512,1125,728,-1,-1
00005961.jpg,927,511,1127,727,-1,-1
00005962.jpg,928,510,1128,726,-1,-1
00005963.jpg,930,509,1130,725,-1,-1
00005964.jpg,933,511,1133,727,-1,-1
00005965.jpg,933,511,1133,727,-1,-1
