00050409.jpg,879,297,1004,427,802,955
00050410.jpg,879,297,1004,427,795,956
00050411.jpg,846,293,970,418,772,960
00050412.jpg,846,293,970,418,750,962
00050413.jpg,835,290,959,415,732,963
00050414.jpg,825,288,949,413,700,964
00050415.jpg,814,286,938,411,706,971
00050416.jpg,803,284,927,409,705,973
00050417.jpg,793,284,917,409,703,975
00050418.jpg,783,283,907,408,701,974
00050419.jpg,774,283,898,408,705,971
00050420.jpg,766,283,890,408,706,969
00050421.jpg,759,282,883,407,704,969
00050422.jpg,752,282,876,407,704,969
00050423.jpg,744,282,868,407,704,969
00050424.jpg,736,281,860,406,704,969
00050425.jpg,727,279,851,404,704,970
00050426.jpg,718,278,842,403,704,970
00050427.jpg,707,278,831,403,705,971
00050428.jpg,704,289,829,418,706,972
00050429.jpg,694,291,819,420,706,973
00050430.jpg,683,292,808,421,701,973
00050431.jpg,673,293,798,422,666,984
00050432.jpg,663,294,788,423,635,989
00050433.jpg,652,294,777,423,628,991
00050434.jpg,641,295,766,424,626,994
00050435.jpg,631,296,756,425,617,1000
00050436.jpg,620,296,745,425,610,1003
00050437.jpg,609,294,734,423,608,1003
00050438.jpg,597,292,722,421,591,1001
00050439.jpg,586,291,711,420,588,1000
00050440.jpg,576,291,701,420,578,1001
