00050409.jpg,1299,421,1393,522,1168,648
00050410.jpg,1299,421,1393,522,1168,648
00050411.jpg,1299,421,1393,522,1168,648
00050412.jpg,1299,421,1393,522,1168,648
00050413.jpg,1299,421,1393,522,1168,648
00050414.jpg,1299,421,1393,522,1168,648
00050415.jpg,1299,421,1393,522,1168,648
00050416.jpg,1299,421,1393,522,1168,648
00050417.jpg,1300,421,1394,522,1168,648
00050418.jpg,1300,421,1394,522,1143,854
00050419.jpg,1301,421,1395,522,1178,936
00050420.jpg,1301,421,1395,522,1210,991
00050421.jpg,1301,421,1395,522,1258,1026
00050422.jpg,1301,421,1395,522,1355,1039
00050423.jpg,1301,421,1395,522,-1,-1
00050424.jpg,1301,421,1395,522,-1,-1
00050425.jpg,1301,421,1395,522,-1,-1
00050426.jpg,1301,422,1395,523,-1,-1
00050427.jpg,1301,422,1395,523,-1,-1
00050428.jpg,1300,422,1394,523,-1,-1
00050429.jpg,1300,422,1394,523,-1,-1
00050430.jpg,1300,422,1394,523,-1,-1
00050431.jpg,1300,422,1394,523,-1,-1
00050432.jpg,1300,422,1394,523,733,385
00050433.jpg,1300,422,1394,523,725,380
00050434.jpg,1300,422,1394,523,710,384
00050435.jpg,1300,422,1394,523,698,384
00050436.jpg,1300,422,1394,523,687,385
00050437.jpg,1300,422,1394,523,678,385
00050438.jpg,1300,422,1394,523,661,379
00050439.jpg,1300,422,1394,523,646,378
00050440.jpg,1300,422,1394,523,631,374
