00017574.jpg,311,319,609,595,-1,-1
00017575.jpg,311,319,609,595,-1,-1
00017576.jpg,300,319,590,595,-1,-1
00017577.jpg,290,319,570,595,-1,-1
00017578.jpg,282,321,551,598,-1,-1
00017579.jpg,282,321,551,598,-1,-1
00017580.jpg,272,319,541,596,-1,-1
00017581.jpg,261,318,530,595,-1,-1
00017582.jpg,251,316,520,593,-1,-1
00017583.jpg,239,315,508,592,-1,-1
00017584.jpg,230,315,499,592,-1,-1
00017585.jpg,221,312,490,589,-1,-1
00017586.jpg,212,306,481,583,-1,-1
00017587.jpg,205,306,474,583,-1,-1
00017588.jpg,198,308,467,585,-1,-1
00017589.jpg,192,308,461,585,-1,-1
00017590.jpg,186,310,455,587,-1,-1
00017591.jpg,182,312,451,589,-1,-1
00017592.jpg,178,315,447,592,-1,-1
00017593.jpg,177,324,446,601,-1,-1
00017594.jpg,175,327,444,604,-1,-1
00017595.jpg,175,332,444,609,-1,-1
00017596.jpg,174,335,443,612,-1,-1
00017597.jpg,171,334,440,611,-1,-1
00017598.jpg,168,335,437,612,-1,-1
00017599.jpg,164,336,433,613,-1,-1
00017600.jpg,163,338,432,622,-1,-1
00017601.jpg,163,338,432,622,-1,-1
00017602.jpg,161,343,430,627,-1,-1
00017603.jpg,159,347,428,631,-1,-1
00017604.jpg,156,349,425,633,-1,-1
00017605.jpg,153,352,422,636,-1,-1
00017606.jpg,150,357,419,641,-1,-1
00017607.jpg,146,366,415,650,-1,-1
00017608.jpg,144,376,413,660,-1,-1
00017609.jpg,137,380,406,664,-1,-1
00017610.jpg,125,381,394,665,-1,-1
00017611.jpg,111,382,380,666,-1,-1
00017612.jpg,95,379,364,663,-1,-1
00017613.jpg,78,378,347,662,-1,-1
00017614.jpg,60,375,329,659,-1,-1
00017615.jpg,40,369,309,653,-1,-1
00017616.jpg,30,367,290,646,-1,-1
00017617.jpg,30,367,290,646,-1,-1
00017618.jpg,12,355,272,634,-1,-1
00017619.jpg,0,347,260,626,-1,-1
00017620.jpg,0,341,248,620,-1,-1
00017621.jpg,0,341,248,620,-1,-1
00017622.jpg,0,336,245,615,-1,-1
00017623.jpg,0,336,245,615,-1,-1
