00002787.jpg,382,137,939,762,-1,-1
00002788.jpg,382,137,939,762,-1,-1
00002789.jpg,382,137,939,762,-1,-1
00002790.jpg,382,137,939,762,-1,-1
00002791.jpg,382,137,939,762,-1,-1
00002792.jpg,368,137,925,762,-1,-1
00002793.jpg,357,135,914,760,-1,-1
00002794.jpg,348,132,905,757,-1,-1
00002795.jpg,338,120,895,745,-1,-1
00002796.jpg,338,120,895,745,-1,-1
00002797.jpg,324,92,881,717,-1,-1
00002798.jpg,309,71,866,696,-1,-1
00002799.jpg,331,34,878,651,-1,-1
00002800.jpg,331,34,878,651,-1,-1
00002801.jpg,331,34,878,651,-1,-1
00002802.jpg,314,19,861,636,-1,-1
00002803.jpg,300,4,847,621,-1,-1
00002804.jpg,297,0,844,617,-1,-1
00002805.jpg,293,0,840,617,-1,-1
00002806.jpg,293,0,840,617,-1,-1
00002807.jpg,260,2,810,557,-1,-1
00002808.jpg,260,2,810,557,-1,-1
00002809.jpg,259,0,809,555,-1,-1
00002810.jpg,258,0,808,555,-1,-1
00002811.jpg,258,0,808,555,-1,-1
00002812.jpg,254,0,804,555,-1,-1
00002813.jpg,250,0,800,555,-1,-1
00002814.jpg,233,0,783,555,-1,-1
00002815.jpg,223,0,773,555,-1,-1
00002816.jpg,223,0,773,555,-1,-1
00002817.jpg,219,0,769,555,-1,-1
00002818.jpg,217,0,767,555,-1,-1
00002819.jpg,218,0,768,555,-1,-1
00002820.jpg,221,0,771,555,-1,-1
00002821.jpg,221,0,771,555,-1,-1
00002822.jpg,168,2,746,552,-1,-1
00002823.jpg,168,2,746,552,-1,-1
00002824.jpg,171,6,749,556,-1,-1
00002825.jpg,177,12,755,562,-1,-1
00002826.jpg,177,12,755,562,-1,-1
00002827.jpg,187,18,765,568,-1,-1
00002828.jpg,220,29,798,579,-1,-1
00002829.jpg,234,35,812,585,-1,-1
00002830.jpg,245,36,823,586,-1,-1
00002831.jpg,245,36,823,586,-1,-1
00002832.jpg,287,51,865,601,-1,-1
00002833.jpg,300,55,878,605,-1,-1
00002834.jpg,309,51,887,601,-1,-1
00002835.jpg,378,60,956,610,-1,-1
00002836.jpg,378,60,956,610,-1,-1
00002837.jpg,417,54,995,604,-1,-1
00002838.jpg,428,61,1006,611,-1,-1
00002839.jpg,441,58,1019,608,-1,-1
00002840.jpg,450,56,1028,606,-1,-1
00002841.jpg,450,56,1028,606,-1,-1
00002842.jpg,451,60,1029,610,-1,-1
00002843.jpg,453,61,1031,611,-1,-1
00002844.jpg,540,22,1062,575,-1,-1
00002845.jpg,540,22,1062,575,-1,-1
00002846.jpg,540,22,1062,575,-1,-1
00002847.jpg,555,24,1077,577,-1,-1
00002848.jpg,560,28,1082,581,-1,-1
00002849.jpg,614,21,1124,578,-1,-1
00002850.jpg,614,21,1124,578,-1,-1
00002851.jpg,614,21,1124,578,-1,-1
00002852.jpg,627,25,1137,582,-1,-1
00002853.jpg,647,34,1157,591,-1,-1
00002854.jpg,628,58,1148,611,-1,-1
00002855.jpg,628,58,1148,611,-1,-1
00002856.jpg,628,58,1148,611,-1,-1
00002857.jpg,631,64,1151,617,-1,-1
00002858.jpg,648,66,1148,613,-1,-1
00002859.jpg,629,72,1149,625,-1,-1
00002860.jpg,623,77,1157,635,-1,-1
00002861.jpg,623,77,1157,635,-1,-1
00002862.jpg,620,78,1158,641,-1,-1
00002863.jpg,622,74,1161,645,-1,-1
00002864.jpg,620,75,1170,641,-1,-1
00002865.jpg,624,77,1174,641,-1,-1
00002866.jpg,625,77,1174,641,-1,-1
00002867.jpg,630,72,1183,635,-1,-1
00002868.jpg,630,67,1186,642,-1,-1
00002869.jpg,637,65,1197,644,-1,-1
00002870.jpg,631,59,1205,650,-1,-1
00002871.jpg,632,60,1205,649,-1,-1
00002872.jpg,636,60,1208,650,-1,-1
00002873.jpg,643,61,1204,649,-1,-1
00002874.jpg,654,61,1199,650,-1,-1
00002875.jpg,660,62,1197,646,-1,-1
00002876.jpg,659,62,1197,646,-1,-1
00002877.jpg,663,62,1192,634,-1,-1
00002878.jpg,653,57,1187,631,-1,-1
00002879.jpg,658,53,1173,626,-1,-1
00002880.jpg,667,62,1159,617,-1,-1
00002881.jpg,666,62,1159,617,-1,-1
00002882.jpg,632,72,1152,625,1636,376
00002883.jpg,619,66,1139,619,1636,376
00002884.jpg,612,64,1132,617,1636,376
00002885.jpg,606,64,1126,617,1636,376
00002886.jpg,606,64,1126,617,1636,376
00002887.jpg,600,64,1120,617,1636,376
00002888.jpg,593,65,1113,618,1636,376
00002889.jpg,590,64,1110,617,1636,376
00002890.jpg,583,64,1103,617,1636,376
00002891.jpg,583,64,1103,617,1636,376
00002892.jpg,575,64,1095,617,1636,376
00002893.jpg,563,67,1083,620,1636,376
00002894.jpg,549,73,1069,626,1636,376
00002895.jpg,528,78,1048,631,1636,376
00002896.jpg,528,78,1048,631,1636,376
00002897.jpg,506,81,1026,634,1636,376
00002898.jpg,494,82,1014,635,1636,376
00002899.jpg,480,84,1000,637,1636,376
00002900.jpg,457,85,977,638,1636,376
00002901.jpg,457,85,977,638,1636,376
00002902.jpg,446,87,966,640,1636,376
00002903.jpg,439,87,959,640,1636,376
00002904.jpg,434,87,954,640,1636,376
00002905.jpg,437,87,957,640,1636,376
00002906.jpg,437,87,957,640,1636,376
00002907.jpg,446,84,966,637,1636,376
00002908.jpg,446,84,966,637,1636,376
