00001858.jpg,83,120,183,231,254,266
00001859.jpg,83,120,183,231,255,266
00001860.jpg,83,120,183,231,255,266
00001861.jpg,83,120,183,231,260,267
00001862.jpg,83,120,183,231,260,267
00001863.jpg,86,120,186,231,264,268
00001864.jpg,89,120,189,231,266,268
00001865.jpg,92,120,192,231,272,269
00001866.jpg,96,120,196,231,275,270
00001867.jpg,96,120,196,231,277,270
00001868.jpg,99,120,199,231,278,270
00001869.jpg,103,120,203,231,281,269
00001870.jpg,107,120,207,231,283,269
00001871.jpg,110,121,210,232,285,267
00001872.jpg,110,121,210,232,284,267
00001873.jpg,112,121,212,232,285,268
00001874.jpg,114,122,214,233,288,269
00001875.jpg,116,123,216,234,290,271
00001876.jpg,117,123,217,234,292,271
00001877.jpg,117,124,217,235,292,271
00001878.jpg,118,125,218,236,292,271
00001879.jpg,119,126,219,237,293,273
00001880.jpg,119,127,219,238,295,275
00001881.jpg,118,128,218,239,294,276
00001882.jpg,118,128,218,239,294,276
00001883.jpg,117,130,217,241,295,277
00001884.jpg,116,131,216,242,295,279
00001885.jpg,114,132,214,243,295,281
00001886.jpg,113,133,213,244,294,281
00001887.jpg,113,133,213,244,293,282
00001888.jpg,111,133,211,244,293,283
00001889.jpg,110,134,210,245,293,284
00001890.jpg,108,135,208,246,292,285
00001891.jpg,108,136,208,247,292,286
00001892.jpg,107,136,207,247,292,285
00001893.jpg,105,137,205,248,291,286
00001894.jpg,104,138,204,249,290,288
00001895.jpg,102,140,202,251,245,316
00001896.jpg,101,142,201,253,235,323
00001897.jpg,101,142,201,253,235,323
00001898.jpg,100,143,200,254,229,326
00001899.jpg,100,144,200,255,222,331
00001900.jpg,101,145,201,256,214,334
00001901.jpg,102,146,202,257,213,333
00001902.jpg,102,146,202,257,213,333
00001903.jpg,98,146,198,257,210,336
00001904.jpg,95,146,195,257,204,337
00001905.jpg,93,146,193,257,202,337
00001906.jpg,90,145,190,256,197,339
00001907.jpg,90,145,190,256,197,339
00001908.jpg,86,145,186,256,193,340
00001909.jpg,78,143,178,254,188,339
00001910.jpg,72,141,172,252,182,339
00001911.jpg,66,138,166,249,179,339
00001912.jpg,66,138,166,249,179,338
00001913.jpg,59,135,159,246,175,338
00001914.jpg,52,132,152,243,172,339
00001915.jpg,43,127,143,238,168,341
00001916.jpg,37,122,137,233,162,342
00001917.jpg,37,122,137,233,162,342
00001918.jpg,29,115,129,226,161,342
00001919.jpg,21,110,121,221,292,289
00001920.jpg,16,105,116,216,292,289
00001921.jpg,21,98,115,225,478,271
00001922.jpg,21,98,115,225,477,273
00001923.jpg,21,95,115,222,519,131
00001924.jpg,21,92,115,219,521,133
00001925.jpg,19,88,113,215,523,131
00001926.jpg,23,86,117,213,525,134
00001927.jpg,22,85,116,212,527,134
00001928.jpg,31,85,125,212,526,134
00001929.jpg,36,84,130,211,528,135
00001930.jpg,41,82,135,209,530,138
00001931.jpg,49,81,143,208,530,138
00001932.jpg,49,81,143,208,532,139
00001933.jpg,52,76,155,198,532,137
00001934.jpg,58,78,164,196,534,136
00001935.jpg,63,76,169,188,534,137
00001936.jpg,72,78,173,183,534,137
00001937.jpg,72,78,173,183,534,137
00001938.jpg,77,76,178,181,534,137
00001939.jpg,82,75,183,180,534,135
00001940.jpg,86,74,187,179,534,136
00001941.jpg,90,73,191,178,532,135
00001942.jpg,90,73,191,178,532,135
00001943.jpg,93,73,194,178,532,135
00001944.jpg,96,73,197,178,532,135
00001945.jpg,98,72,199,177,532,135
00001946.jpg,100,72,201,177,531,136
00001947.jpg,100,72,201,177,530,137
00001948.jpg,101,73,202,178,530,139
00001949.jpg,101,73,202,178,531,138
