00013277.jpg,164,115,402,366,-1,-1
00013278.jpg,164,115,402,366,-1,-1
00013279.jpg,164,115,402,366,-1,-1
00013280.jpg,164,115,402,366,-1,-1
00013281.jpg,164,115,402,366,-1,-1
00013282.jpg,164,115,402,366,1111,270
00013283.jpg,165,115,403,366,1122,270
00013284.jpg,166,115,404,366,1135,274
00013285.jpg,167,115,405,366,1118,266
00013286.jpg,168,115,406,366,1127,265
00013287.jpg,169,114,407,365,1133,266
00013288.jpg,169,113,407,364,1143,264
00013289.jpg,170,112,408,363,1151,263
00013290.jpg,169,111,407,362,987,598
00013291.jpg,168,110,406,361,-1,-1
00013292.jpg,166,109,404,360,-1,-1
00013293.jpg,164,108,402,359,-1,-1
00013294.jpg,161,107,399,358,-1,-1
00013295.jpg,159,107,397,358,-1,-1
00013296.jpg,156,105,394,356,-1,-1
00013297.jpg,154,104,392,355,-1,-1
00013298.jpg,151,102,389,353,-1,-1
00013299.jpg,148,101,386,352,-1,-1
00013300.jpg,145,100,383,351,-1,-1
00013301.jpg,142,99,380,350,285,625
00013302.jpg,139,98,377,349,285,624
00013303.jpg,136,96,374,347,285,624
00013304.jpg,133,95,371,346,285,622
00013305.jpg,130,94,368,345,285,620
00013306.jpg,127,93,365,344,282,619
00013307.jpg,127,93,365,344,279,619
