00071238.jpg,598,179,854,456,1168,392
00071239.jpg,598,179,854,456,1169,392
00071240.jpg,598,179,854,456,1169,392
00071241.jpg,598,179,854,456,1169,392
00071242.jpg,597,179,853,456,1169,392
00071243.jpg,597,180,853,457,1169,392
00071244.jpg,598,179,854,456,1169,392
00071245.jpg,596,179,852,456,1169,392
00071246.jpg,597,179,853,456,1169,393
00071247.jpg,598,179,854,456,1169,392
00071248.jpg,596,179,852,456,1169,392
00071249.jpg,597,179,853,456,-1,-1
00071250.jpg,598,179,854,456,-1,-1
00071251.jpg,597,178,853,455,-1,-1
00071252.jpg,597,179,853,456,-1,-1
00071253.jpg,598,178,854,455,-1,-1
00071254.jpg,597,178,853,455,-1,-1
00071255.jpg,597,178,853,455,-1,-1
00071256.jpg,598,178,854,455,-1,-1
00071257.jpg,597,177,853,454,-1,-1
00071258.jpg,597,177,853,454,-1,-1
00071259.jpg,597,177,853,454,1170,397
00071260.jpg,597,178,853,455,1173,396
00071261.jpg,597,178,853,455,1170,396
00071262.jpg,598,178,854,455,1170,396
00071263.jpg,597,178,853,455,1170,396
00071264.jpg,598,178,854,455,1170,396
00071265.jpg,598,178,854,455,1170,398
00071266.jpg,597,178,853,455,1170,400
00071267.jpg,598,178,854,455,1170,400
00071268.jpg,597,177,853,454,1170,400
00071269.jpg,597,178,853,455,1170,400
00071270.jpg,597,178,853,455,1170,400
00071271.jpg,597,177,853,454,1170,400
00071272.jpg,596,177,852,454,1170,400
00071273.jpg,597,178,853,455,1170,400
00071274.jpg,597,177,853,454,1170,400
00071275.jpg,597,178,853,455,1170,400
00071276.jpg,597,178,853,455,1170,400
00071277.jpg,597,177,853,454,1170,400
00071278.jpg,597,177,853,454,1170,400
00071279.jpg,597,178,853,455,1169,400
00071280.jpg,596,177,852,454,1169,400
00071281.jpg,596,177,852,454,1168,400
00071282.jpg,596,178,852,455,1165,400
00071283.jpg,596,177,852,454,1169,400
00071284.jpg,596,177,852,454,1168,400
00071285.jpg,596,177,852,454,1168,400
00071286.jpg,596,177,852,454,1168,400
00071287.jpg,597,177,853,454,1168,400
00071288.jpg,596,177,852,454,1168,400
00071289.jpg,596,177,852,454,1168,400
00071290.jpg,597,177,853,454,1168,400
00071291.jpg,597,177,853,454,1166,400
00071292.jpg,597,177,853,454,1166,400
00071293.jpg,597,177,853,454,1166,400
00071294.jpg,597,178,853,455,1166,400
00071295.jpg,598,178,854,455,1165,400
00071296.jpg,598,178,854,455,1165,400
00071297.jpg,598,179,854,456,1165,400
00071298.jpg,598,179,854,456,1165,400
00071299.jpg,598,179,854,456,1165,400
