00002120.jpg,329,31,393,103,186,46
00002121.jpg,329,31,393,103,182,46
00002122.jpg,325,32,389,104,388,37
00002123.jpg,322,32,386,104,389,38
00002124.jpg,318,32,382,104,389,38
00002125.jpg,318,32,382,104,389,38
00002126.jpg,316,31,380,103,389,38
00002127.jpg,311,32,379,108,389,38
00002128.jpg,311,32,379,108,389,38
00002129.jpg,309,31,377,107,265,275
00002130.jpg,306,30,374,106,265,275
00002131.jpg,306,30,374,106,264,278
00002132.jpg,304,30,372,106,261,280
00002133.jpg,301,33,369,109,263,280
00002134.jpg,298,37,366,113,261,279
00002135.jpg,295,42,363,118,259,280
00002136.jpg,295,42,363,118,257,280
00002137.jpg,292,46,360,122,256,282
00002138.jpg,288,48,356,124,254,282
00002139.jpg,285,49,353,125,252,283
00002140.jpg,276,48,356,130,249,283
00002141.jpg,276,48,356,130,249,283
00002142.jpg,275,48,355,130,249,283
00002143.jpg,275,47,355,129,249,281
00002144.jpg,276,38,359,127,249,281
00002145.jpg,278,37,361,126,249,281
00002146.jpg,278,37,361,126,250,280
00002147.jpg,280,37,363,126,251,280
00002148.jpg,281,37,364,126,252,280
00002149.jpg,282,40,365,129,252,280
00002150.jpg,283,43,366,132,252,280
00002151.jpg,283,43,366,132,252,280
00002152.jpg,285,47,368,136,252,280
00002153.jpg,288,51,371,140,252,280
00002154.jpg,291,54,374,143,255,279
00002155.jpg,290,49,378,151,256,278
00002156.jpg,290,49,378,151,257,277
00002157.jpg,290,50,378,152,258,275
00002158.jpg,289,49,377,151,258,275
00002159.jpg,286,49,374,151,258,275
00002160.jpg,283,48,371,150,259,273
00002161.jpg,283,48,371,150,259,273
00002162.jpg,279,47,367,149,257,273
00002163.jpg,273,45,361,147,257,273
00002164.jpg,268,45,356,147,258,272
00002165.jpg,264,44,352,146,258,272
00002166.jpg,264,45,352,147,258,272
00002167.jpg,260,45,348,147,258,272
00002168.jpg,256,46,344,148,258,272
00002169.jpg,253,47,341,149,258,272
00002170.jpg,251,48,339,150,258,272
00002171.jpg,251,48,339,150,258,270
00002172.jpg,250,48,338,150,259,269
00002173.jpg,250,49,338,151,264,260
00002174.jpg,251,49,339,151,268,256
00002175.jpg,253,49,341,151,272,252
00002176.jpg,253,49,341,151,272,252
00002177.jpg,255,50,343,152,276,250
00002178.jpg,257,50,345,152,279,245
00002179.jpg,258,51,346,153,281,243
00002180.jpg,259,52,347,154,283,241
00002181.jpg,259,52,347,154,284,239
00002182.jpg,259,53,347,155,284,238
00002183.jpg,260,54,348,156,288,237
00002184.jpg,261,55,349,157,295,231
00002185.jpg,262,55,350,157,300,230
00002186.jpg,262,55,350,157,300,230
00002187.jpg,263,55,351,157,302,228
00002188.jpg,264,56,352,158,304,228
00002189.jpg,264,56,352,158,304,228
00002190.jpg,264,57,352,159,307,232
00002191.jpg,265,57,353,159,307,234
00002192.jpg,266,58,354,160,307,240
00002193.jpg,266,57,354,159,309,246
00002194.jpg,266,57,354,159,309,244
00002195.jpg,262,63,357,161,310,249
00002196.jpg,263,62,358,160,310,254
00002197.jpg,264,61,359,159,311,256
00002198.jpg,265,58,360,156,310,263
00002199.jpg,265,58,360,156,310,263
00002200.jpg,266,55,361,153,-1,-1
00002201.jpg,268,51,363,149,311,266
00002202.jpg,269,48,364,146,-1,-1
00002203.jpg,269,48,364,146,-1,-1
00002204.jpg,272,45,367,143,-1,-1
00002205.jpg,275,43,370,141,449,59
00002206.jpg,280,41,375,139,449,59
00002207.jpg,285,39,380,137,449,60
00002208.jpg,285,40,380,138,449,60
00002209.jpg,289,39,384,137,451,60
00002210.jpg,293,38,388,136,449,60
00002211.jpg,297,37,392,135,449,60
00002212.jpg,300,36,395,134,449,60
00002213.jpg,300,36,395,134,449,57
00002214.jpg,301,35,396,133,449,57
00002215.jpg,301,33,396,131,449,57
00002216.jpg,301,32,396,130,449,57
00002217.jpg,301,32,396,130,449,57
00002218.jpg,300,32,395,130,-1,-1
00002219.jpg,299,31,394,129,-1,-1
00002220.jpg,298,31,393,129,-1,-1
00002221.jpg,296,31,391,129,163,73
00002222.jpg,296,31,391,129,163,73
00002223.jpg,294,31,389,129,163,72
00002224.jpg,293,30,388,128,163,69
00002225.jpg,290,29,385,127,163,69
00002226.jpg,289,29,384,127,163,68
00002227.jpg,289,29,384,127,162,66
00002228.jpg,288,29,383,127,162,66
00002229.jpg,288,29,383,127,162,66
00002230.jpg,293,29,383,127,161,66
00002231.jpg,293,29,383,127,161,66
00002232.jpg,293,29,383,127,161,65
00002233.jpg,293,29,383,127,158,152
