00035614.jpg,496,131,661,307,440,246
00035615.jpg,510,117,675,293,394,230
00035616.jpg,520,110,685,286,367,226
00035617.jpg,530,106,695,282,342,219
00035618.jpg,539,102,704,278,330,215
00035619.jpg,548,102,713,278,316,209
00035620.jpg,564,102,729,278,296,195
00035621.jpg,570,102,735,278,295,189
00035622.jpg,592,95,765,269,294,178
00035623.jpg,592,95,765,269,-1,-1
00035624.jpg,595,91,768,265,-1,-1
00035625.jpg,599,81,772,255,867,300
00035626.jpg,601,80,774,254,869,236
00035627.jpg,602,80,775,254,879,240
00035628.jpg,603,77,776,251,879,243
00035629.jpg,602,74,775,248,874,239
00035630.jpg,601,72,774,246,872,238
00035631.jpg,599,72,772,246,870,238
00035632.jpg,598,72,771,246,-1,-1
00035633.jpg,596,72,769,246,-1,-1
00035634.jpg,593,72,766,246,-1,-1
00035635.jpg,589,69,762,243,297,273
00035636.jpg,589,67,762,241,297,273
00035637.jpg,589,65,762,239,296,270
00035638.jpg,590,63,763,237,296,270
00035639.jpg,591,62,764,236,297,270
00035640.jpg,594,60,767,234,297,269
00035641.jpg,596,60,769,234,297,269
00035642.jpg,599,60,772,234,297,269
00035643.jpg,602,60,775,234,297,265
00035644.jpg,606,60,779,234,297,264
00035645.jpg,612,61,785,235,301,270
00035646.jpg,616,61,789,235,301,273
00035647.jpg,619,62,792,236,302,273
00035648.jpg,621,62,794,236,302,273
00035649.jpg,650,63,812,226,302,273
00035650.jpg,645,63,801,225,302,273
00035651.jpg,645,63,801,225,302,273
00035652.jpg,644,63,800,225,302,273
00035653.jpg,644,63,800,225,306,273
00035654.jpg,643,64,799,226,311,275
00035655.jpg,642,66,798,228,311,275
00035656.jpg,643,69,799,231,311,275
00035657.jpg,643,70,799,232,311,275
00035658.jpg,644,70,800,232,311,275
00035659.jpg,644,70,800,232,311,275
00035660.jpg,646,72,802,234,311,275
00035661.jpg,648,74,804,236,311,275
00035662.jpg,649,75,805,237,311,275
00035663.jpg,651,76,807,238,311,275
00035664.jpg,651,76,807,238,316,276
00035665.jpg,652,76,808,238,319,276
00035666.jpg,651,73,807,235,-1,-1
00035667.jpg,648,72,804,234,-1,-1
00035668.jpg,645,72,801,234,824,149
00035669.jpg,644,72,800,234,824,149
00035670.jpg,643,73,799,235,824,149
00035671.jpg,641,70,797,232,826,143
00035672.jpg,641,69,797,231,826,143
00035673.jpg,641,68,797,230,-1,-1
00035674.jpg,641,67,797,229,-1,-1
00035675.jpg,641,66,797,228,-1,-1
00035676.jpg,641,65,797,227,386,350
00035677.jpg,640,64,796,226,386,350
00035678.jpg,639,65,795,227,386,350
00035679.jpg,638,66,794,228,386,350
00035680.jpg,636,67,792,229,386,350
00035681.jpg,633,66,789,228,386,350
00035682.jpg,632,65,788,227,387,350
00035683.jpg,632,64,788,226,387,350
00035684.jpg,631,64,787,226,385,351
00035685.jpg,631,63,787,225,379,351
00035686.jpg,630,59,786,221,376,350
00035687.jpg,631,58,787,220,372,348
00035688.jpg,631,58,787,220,371,344
00035689.jpg,632,58,788,220,361,339
00035690.jpg,633,58,789,220,357,329
00035691.jpg,634,60,790,222,354,318
00035692.jpg,635,60,791,222,341,305
00035693.jpg,635,60,791,222,341,301
00035694.jpg,634,60,790,222,339,298
00035695.jpg,634,60,790,222,334,299
00035696.jpg,634,59,790,221,334,303
00035697.jpg,634,57,790,219,335,308
00035698.jpg,634,56,790,218,335,308
00035699.jpg,634,55,790,217,340,319
00035700.jpg,634,55,790,217,342,321
00035701.jpg,635,54,791,216,342,330
00035702.jpg,635,54,791,216,349,340
00035703.jpg,635,53,791,215,350,343
00035704.jpg,635,52,791,214,355,348
00035705.jpg,636,52,792,214,356,349
00035706.jpg,636,52,792,214,356,349
00035707.jpg,636,52,792,214,356,349
00035708.jpg,635,50,791,212,356,349
00035709.jpg,635,48,791,210,356,349
00035710.jpg,634,45,790,207,356,349
00035711.jpg,633,41,789,203,359,348
00035712.jpg,632,40,788,202,356,336
00035713.jpg,632,40,788,202,355,333
00035714.jpg,632,40,788,202,356,323
00035715.jpg,632,40,788,202,356,315
00035716.jpg,633,44,789,206,350,303
00035717.jpg,634,48,790,210,350,290
00035718.jpg,634,52,790,214,347,280
00035719.jpg,634,56,790,218,346,263
00035720.jpg,633,59,789,221,341,255
00035721.jpg,633,64,789,226,341,251
00035722.jpg,633,65,789,227,341,251
00035723.jpg,633,66,789,228,341,251
00035724.jpg,633,66,789,228,341,251
00035725.jpg,633,66,789,228,341,251
00035726.jpg,633,65,789,227,341,251
00035727.jpg,634,64,790,226,341,251
00035728.jpg,633,61,789,223,341,251
00035729.jpg,633,58,789,220,341,251
00035730.jpg,633,54,789,216,341,249
00035731.jpg,633,48,789,210,341,246
00035732.jpg,634,46,790,208,341,246
00035733.jpg,634,45,790,207,341,245
00035734.jpg,635,44,791,206,340,245
00035735.jpg,635,45,791,207,340,245
00035736.jpg,637,48,793,210,340,245
00035737.jpg,638,51,794,213,340,245
00035738.jpg,639,55,795,217,340,245
00035739.jpg,640,58,796,220,342,245
00035740.jpg,640,58,796,220,344,253
