00017952.jpg,744,77,960,304,808,177
00017953.jpg,744,77,960,304,808,177
00017954.jpg,744,77,960,304,808,179
00017955.jpg,744,77,960,304,808,183
00017956.jpg,744,77,960,304,804,187
00017957.jpg,742,79,958,306,804,187
00017958.jpg,742,78,958,305,795,203
00017959.jpg,742,78,958,305,784,205
00017960.jpg,735,76,951,303,783,205
00017961.jpg,733,117,935,315,790,204
00017962.jpg,733,117,935,315,758,199
00017963.jpg,747,118,939,317,751,199
00017964.jpg,747,118,939,317,708,199
00017965.jpg,746,117,938,316,686,199
00017966.jpg,746,117,938,316,656,199
00017967.jpg,742,115,934,314,626,199
00017968.jpg,738,114,930,313,614,196
00017969.jpg,733,104,923,295,600,193
00017970.jpg,733,104,923,295,600,193
00017971.jpg,733,104,923,295,600,193
00017972.jpg,728,103,918,294,599,193
00017973.jpg,724,102,914,293,590,192
00017974.jpg,719,102,909,293,586,192
00017975.jpg,714,103,904,294,584,192
00017976.jpg,714,103,904,294,584,192
00017977.jpg,709,103,899,294,582,192
00017978.jpg,705,125,895,316,580,192
00017979.jpg,697,127,887,318,580,192
00017980.jpg,690,128,880,319,580,192
00017981.jpg,690,128,880,319,579,192
00017982.jpg,685,127,875,318,579,192
00017983.jpg,685,127,875,318,575,192
