00003154.jpg,418,140,882,663,918,1045
00003155.jpg,418,140,882,663,918,1045
00003156.jpg,418,140,882,663,918,1045
00003157.jpg,418,140,882,663,918,1044
00003158.jpg,421,138,885,661,918,1038
00003159.jpg,425,138,889,661,926,1038
00003160.jpg,428,138,892,661,928,1034
00003161.jpg,429,137,893,660,928,1034
00003162.jpg,429,136,893,659,927,1032
00003163.jpg,428,134,892,657,926,1030
00003164.jpg,428,132,892,655,-1,-1
00003165.jpg,428,130,892,653,-1,-1
00003166.jpg,428,130,892,653,-1,-1
00003167.jpg,429,130,893,653,-1,-1
00003168.jpg,429,130,893,653,-1,-1
00003169.jpg,427,128,891,651,-1,-1
00003170.jpg,425,125,889,648,-1,-1
00003171.jpg,422,121,886,644,-1,-1
00003172.jpg,420,118,884,641,-1,-1
00003173.jpg,418,114,882,637,-1,-1
00003174.jpg,416,109,880,632,-1,-1
00003175.jpg,415,106,879,629,-1,-1
00003176.jpg,413,104,877,627,-1,-1
00003177.jpg,412,104,876,627,-1,-1
00003178.jpg,412,104,876,627,-1,-1
00003179.jpg,411,105,875,628,-1,-1
00003180.jpg,410,107,874,630,-1,-1
00003181.jpg,411,110,875,633,-1,-1
00003182.jpg,412,114,876,637,-1,-1
00003183.jpg,415,118,879,641,-1,-1
00003184.jpg,418,122,882,645,-1,-1
00003185.jpg,421,125,885,648,-1,-1
00003186.jpg,425,130,889,653,-1,-1
00003187.jpg,429,134,893,657,-1,-1
00003188.jpg,431,137,895,660,-1,-1
00003189.jpg,431,137,895,660,-1,-1
