00013520.jpg,1556,285,1643,419,842,316
00013521.jpg,1542,283,1639,430,831,316
00013522.jpg,1526,291,1637,447,814,316
00013523.jpg,1511,297,1632,437,803,312
00013524.jpg,1489,307,1625,454,788,312
00013525.jpg,1474,310,1621,459,776,308
00013526.jpg,1460,317,1603,464,767,298
00013527.jpg,1444,331,1583,470,762,300
00013528.jpg,1432,333,1573,470,762,300
00013529.jpg,1423,343,1559,483,752,318
00013530.jpg,1408,342,1554,485,747,321
00013531.jpg,1393,342,1541,494,739,320
00013532.jpg,1393,342,1541,494,728,320
00013533.jpg,1385,340,1533,492,722,312
00013534.jpg,1367,337,1514,482,717,572
00013535.jpg,1367,337,1514,482,636,749
00013536.jpg,1346,328,1503,482,1003,754
00013537.jpg,1346,328,1503,482,1001,755
00013538.jpg,1345,323,1502,477,1002,755
00013539.jpg,1342,318,1499,472,1002,755
00013540.jpg,1326,310,1473,459,1002,755
00013541.jpg,1326,310,1473,459,1002,755
00013542.jpg,1326,308,1473,457,1002,755
00013543.jpg,1325,307,1472,456,1002,755
00013544.jpg,1318,305,1465,454,1002,755
00013545.jpg,1310,304,1457,453,1002,755
00013546.jpg,1306,303,1453,452,1002,755
00013547.jpg,1290,302,1435,450,1002,754
00013548.jpg,1290,302,1435,450,1002,753
00013549.jpg,1283,301,1428,449,1002,755
00013550.jpg,1275,299,1420,447,1000,752
00013551.jpg,1263,292,1400,437,1002,755
00013552.jpg,1259,292,1389,438,999,752
00013553.jpg,1243,288,1387,437,1002,755
00013554.jpg,1234,288,1368,433,998,752
00013555.jpg,1226,283,1361,432,999,753
00013556.jpg,1214,278,1349,427,998,752
00013557.jpg,1212,276,1340,416,997,752
00013558.jpg,1191,271,1330,414,996,752
00013559.jpg,1185,271,1325,420,996,752
00013560.jpg,1181,265,1315,414,996,752
00013561.jpg,1155,260,1302,415,996,752
00013562.jpg,1155,260,1302,415,996,752
00013563.jpg,1155,261,1302,416,996,752
00013564.jpg,1136,265,1283,420,996,752
00013565.jpg,1135,268,1282,423,996,752
00013566.jpg,1116,270,1263,425,996,752
00013567.jpg,1097,269,1244,424,996,752
00013568.jpg,1096,271,1243,426,996,752
00013569.jpg,1080,270,1227,425,996,752
00013570.jpg,1077,269,1224,424,996,752
00013571.jpg,1070,276,1209,428,996,752
00013572.jpg,1070,276,1209,428,996,752
00013573.jpg,1050,273,1193,422,996,752
00013574.jpg,1050,273,1193,422,996,752
00013575.jpg,1049,276,1192,425,996,752
00013576.jpg,1050,280,1193,429,996,752
00013577.jpg,1050,284,1193,433,996,752
00013578.jpg,1050,287,1193,436,996,752
00013579.jpg,1051,289,1194,438,996,752
00013580.jpg,1039,293,1192,446,1008,701
00013581.jpg,1039,293,1192,446,1008,700
00013582.jpg,1038,293,1191,446,1008,698
00013583.jpg,1050,290,1187,439,1007,698
00013584.jpg,1050,290,1187,439,1007,698
00013585.jpg,1050,291,1187,440,1007,698
00013586.jpg,1050,292,1187,441,1007,700
00013587.jpg,1049,294,1186,443,887,748
00013588.jpg,1048,297,1185,446,882,748
00013589.jpg,1042,300,1179,449,879,747
00013590.jpg,1039,303,1176,452,874,742
00013591.jpg,1032,307,1169,456,871,741
00013592.jpg,1027,310,1164,459,870,738
00013593.jpg,1025,312,1162,461,867,735
00013594.jpg,1023,313,1160,462,867,729
00013595.jpg,1016,311,1161,466,867,726
00013596.jpg,1016,311,1161,466,866,723
00013597.jpg,1015,310,1160,465,863,722
00013598.jpg,1015,309,1160,464,864,719
00013599.jpg,1017,308,1162,463,868,718
00013600.jpg,1018,309,1163,464,869,718
00013601.jpg,1018,309,1163,464,867,718
00013602.jpg,1019,309,1164,464,868,718
00013603.jpg,1018,308,1163,463,871,717
00013604.jpg,1018,307,1163,462,873,717
00013605.jpg,1019,306,1164,461,874,717
00013606.jpg,1023,298,1169,459,875,717
00013607.jpg,1023,298,1169,459,876,717
00013608.jpg,1024,297,1170,458,877,717
00013609.jpg,1025,296,1171,457,877,717
00013610.jpg,1026,295,1172,456,879,717
00013611.jpg,1026,294,1172,455,882,717
00013612.jpg,1025,293,1171,454,884,717
00013613.jpg,1025,290,1171,451,885,717
00013614.jpg,1025,289,1171,450,886,717
00013615.jpg,1031,292,1181,452,887,716
00013616.jpg,1031,292,1181,452,889,716
00013617.jpg,1032,291,1182,451,889,716
00013618.jpg,1033,289,1183,449,887,715
00013619.jpg,1035,289,1185,449,888,714
00013620.jpg,1040,289,1190,449,886,715
00013621.jpg,1044,288,1194,448,882,716
00013622.jpg,1045,288,1195,448,882,716
00013623.jpg,1052,289,1202,449,885,716
00013624.jpg,1054,289,1204,449,886,717
00013625.jpg,1057,289,1207,449,887,717
00013626.jpg,1066,289,1216,449,887,717
00013627.jpg,1075,289,1225,449,887,717
00013628.jpg,1085,288,1235,448,888,718
00013629.jpg,1090,288,1240,448,888,718
00013630.jpg,1100,287,1250,447,888,718
00013631.jpg,1107,284,1257,444,888,718
00013632.jpg,1116,279,1266,439,1016,716
00013633.jpg,1125,274,1275,434,1135,647
00013634.jpg,1125,266,1275,426,1138,647
00013635.jpg,1132,257,1282,417,1138,647
00013636.jpg,1133,249,1283,409,1138,647
00013637.jpg,1133,249,1283,409,1138,647
