00013563.jpg,207,240,312,400,383,328
00013564.jpg,207,240,323,402,525,368
00013565.jpg,217,242,337,407,526,368
00013566.jpg,209,246,348,410,530,369
00013567.jpg,221,243,362,415,521,366
00013568.jpg,231,242,376,415,527,371
00013569.jpg,238,244,378,413,520,368
00013570.jpg,251,244,397,419,521,368
00013571.jpg,261,247,403,414,517,369
00013572.jpg,269,249,417,420,523,371
00013573.jpg,269,249,417,420,519,375
00013574.jpg,277,249,425,420,519,372
00013575.jpg,283,248,431,419,520,372
00013576.jpg,289,248,437,419,523,372
00013577.jpg,294,247,442,418,521,372
00013578.jpg,297,246,445,417,521,373
00013579.jpg,303,246,451,417,517,371
00013580.jpg,307,246,455,417,517,372
00013581.jpg,313,246,461,417,733,588
00013582.jpg,315,247,463,418,936,670
00013583.jpg,317,244,465,419,1077,686
00013584.jpg,337,249,480,428,1005,720
00013585.jpg,339,257,488,432,940,746
00013586.jpg,356,261,499,440,856,752
00013587.jpg,376,278,510,441,854,752
00013588.jpg,376,278,510,441,856,753
00013589.jpg,389,279,523,442,856,751
00013590.jpg,404,277,538,440,854,748
00013591.jpg,418,271,552,434,851,744
00013592.jpg,432,261,566,424,850,741
00013593.jpg,446,249,580,412,847,740
00013594.jpg,453,238,593,406,843,738
00013595.jpg,463,226,613,400,843,734
00013596.jpg,474,221,628,405,843,731
00013597.jpg,474,221,628,405,841,728
00013598.jpg,491,218,653,401,843,721
00013599.jpg,506,219,669,395,845,720
00013600.jpg,506,219,669,395,905,721
00013601.jpg,526,210,689,392,1034,659
00013602.jpg,526,210,689,392,1030,659
00013603.jpg,534,206,697,388,1030,662
00013604.jpg,542,200,705,382,1030,663
00013605.jpg,552,195,715,377,1029,662
00013606.jpg,559,192,722,374,1034,668
00013607.jpg,566,189,729,371,1043,665
00013608.jpg,573,189,736,371,1046,665
00013609.jpg,579,189,742,371,1050,665
00013610.jpg,583,188,746,370,1055,665
00013611.jpg,586,187,749,369,1064,665
00013612.jpg,587,184,750,366,1075,665
00013613.jpg,588,180,751,362,1079,665
00013614.jpg,589,177,752,359,1010,719
00013615.jpg,589,173,752,355,895,716
00013616.jpg,589,170,752,352,868,718
00013617.jpg,589,166,752,348,866,718
00013618.jpg,594,156,754,344,861,718
00013619.jpg,594,156,754,344,866,718
00013620.jpg,595,154,755,342,863,718
00013621.jpg,593,151,753,339,858,720
00013622.jpg,592,150,752,338,1133,653
00013623.jpg,591,150,751,338,1131,655
00013624.jpg,591,150,751,338,1129,656
00013625.jpg,591,148,751,336,1133,656
00013626.jpg,593,147,753,335,1134,656
00013627.jpg,592,146,752,334,1134,656
00013628.jpg,604,145,761,332,1134,655
00013629.jpg,604,145,761,332,1135,659
00013630.jpg,608,145,765,332,1135,656
00013631.jpg,611,144,768,331,1135,658
00013632.jpg,616,143,773,330,1134,658
00013633.jpg,623,141,780,328,1138,659
00013634.jpg,628,137,785,324,1136,659
00013635.jpg,633,134,790,321,1135,658
00013636.jpg,639,133,796,320,1135,659
00013637.jpg,639,133,796,320,1134,656
