00017209.jpg,666,131,750,211,665,450
00017210.jpg,666,131,750,211,665,446
00017211.jpg,666,131,750,211,582,449
00017212.jpg,666,131,750,211,580,450
00017213.jpg,662,132,746,212,580,448
00017214.jpg,658,134,742,214,540,449
00017215.jpg,653,136,737,216,541,446
00017216.jpg,648,138,732,218,482,449
00017217.jpg,648,138,732,218,484,448
00017218.jpg,643,139,727,219,384,441
00017219.jpg,637,138,721,218,385,440
00017220.jpg,632,137,716,217,384,440
00017221.jpg,627,136,711,216,385,440
00017222.jpg,627,136,711,216,385,441
00017223.jpg,621,136,705,216,386,440
00017224.jpg,616,134,700,214,384,442
00017225.jpg,605,129,690,213,385,442
00017226.jpg,605,129,690,213,382,441
00017227.jpg,605,129,690,213,385,441
00017228.jpg,601,129,686,213,384,442
00017229.jpg,596,130,681,214,385,440
00017230.jpg,592,131,677,215,384,441
00017231.jpg,589,133,674,217,385,441
00017232.jpg,589,133,674,217,385,441
00017233.jpg,586,135,671,219,385,441
00017234.jpg,582,136,667,220,384,441
00017235.jpg,578,135,663,219,385,440
00017236.jpg,563,132,655,223,386,440
00017237.jpg,563,132,655,223,388,440
00017238.jpg,559,131,651,222,389,440
00017239.jpg,554,131,646,222,393,440
00017240.jpg,550,131,642,222,394,440
00017241.jpg,546,130,638,221,392,440
00017242.jpg,546,130,638,221,393,440
00017243.jpg,542,128,634,219,394,440
00017244.jpg,539,126,631,217,394,440
00017245.jpg,535,124,627,215,394,440
00017246.jpg,532,123,624,214,394,440
00017247.jpg,532,123,624,214,393,441
00017248.jpg,529,124,621,215,394,441
00017249.jpg,526,127,618,218,393,440
00017250.jpg,522,129,614,220,393,440
00017251.jpg,520,131,612,222,393,440
00017252.jpg,520,131,612,222,392,441
00017253.jpg,518,133,610,224,392,441
00017254.jpg,515,132,607,223,392,440
00017255.jpg,512,131,604,222,393,440
00017256.jpg,510,131,602,222,393,438
00017257.jpg,499,119,610,226,394,441
00017258.jpg,499,119,610,226,396,441
00017259.jpg,496,120,607,227,397,441
00017260.jpg,492,121,603,228,404,441
00017261.jpg,488,123,599,230,406,440
00017262.jpg,488,123,599,230,410,440
00017263.jpg,484,124,595,231,410,440
00017264.jpg,482,125,593,232,410,440
00017265.jpg,480,125,591,232,410,440
00017266.jpg,479,125,590,232,410,440
00017267.jpg,479,125,590,232,410,440
00017268.jpg,479,125,590,232,406,422
00017269.jpg,479,124,590,231,424,348
00017270.jpg,479,123,590,230,406,316
00017271.jpg,478,122,589,229,406,316
00017272.jpg,478,122,589,229,404,316
00017273.jpg,477,121,588,228,405,316
00017274.jpg,474,120,585,227,404,316
00017275.jpg,472,118,583,225,405,314
00017276.jpg,468,116,579,223,404,317
00017277.jpg,468,116,579,223,404,317
00017278.jpg,464,114,575,221,400,317
00017279.jpg,460,113,571,220,402,316
00017280.jpg,457,112,568,219,400,316
00017281.jpg,454,111,565,218,398,316
00017282.jpg,454,111,565,218,394,316
00017283.jpg,449,110,560,217,392,314
00017284.jpg,446,109,557,216,390,314
00017285.jpg,444,109,555,216,388,314
00017286.jpg,440,108,551,215,385,314
00017287.jpg,440,108,551,215,384,314
00017288.jpg,438,107,549,214,384,314
00017289.jpg,437,107,548,214,384,314
00017290.jpg,431,108,542,215,386,313
00017291.jpg,431,108,542,215,401,397
00017292.jpg,431,108,542,215,398,396
00017293.jpg,436,104,549,220,416,436
00017294.jpg,436,104,549,220,417,436
00017295.jpg,437,104,550,220,444,473
00017296.jpg,437,104,550,220,494,448
00017297.jpg,437,104,550,220,489,452
00017298.jpg,438,104,551,220,544,448
00017299.jpg,439,104,552,220,594,442
00017300.jpg,440,103,553,219,674,438
00017301.jpg,441,103,554,219,674,438
00017302.jpg,441,103,554,219,672,438
00017303.jpg,444,103,557,219,676,438
00017304.jpg,450,104,563,220,676,437
00017305.jpg,454,104,567,220,676,438
00017306.jpg,458,103,571,219,678,437
00017307.jpg,458,103,571,219,680,437
00017308.jpg,461,102,574,218,682,436
00017309.jpg,464,101,577,217,684,434
00017310.jpg,472,102,585,218,686,433
00017311.jpg,474,101,587,217,689,433
00017312.jpg,474,101,587,217,685,430
00017313.jpg,477,101,590,217,684,433
00017314.jpg,481,101,594,217,685,432
00017315.jpg,488,101,601,217,684,434
00017316.jpg,492,103,605,219,684,433
00017317.jpg,492,103,605,219,685,433
00017318.jpg,495,103,608,219,686,434
00017319.jpg,498,104,611,220,664,493
00017320.jpg,500,105,613,221,664,493
00017321.jpg,501,106,614,222,664,493
00017322.jpg,505,107,618,223,-1,-1
00017323.jpg,505,107,618,223,-1,-1
