00008610.jpg,699,165,999,496,688,215
00008611.jpg,699,166,999,497,690,217
00008612.jpg,700,166,1000,497,690,217
00008613.jpg,700,167,1000,498,690,217
00008614.jpg,700,168,1000,499,690,216
00008615.jpg,701,168,1001,499,690,216
00008616.jpg,701,169,1001,500,690,217
00008617.jpg,702,169,1002,500,690,217
00008618.jpg,702,170,1002,501,692,218
00008619.jpg,702,170,1002,501,692,218
00008620.jpg,702,171,1002,502,689,218
00008621.jpg,702,171,1002,502,689,218
00008622.jpg,702,172,1002,503,689,218
00008623.jpg,702,172,1002,503,689,218
00008624.jpg,702,172,1002,503,689,218
00008625.jpg,702,173,1002,504,688,218
00008626.jpg,702,174,1002,505,688,218
00008627.jpg,702,175,1002,506,688,218
00008628.jpg,701,176,1001,507,688,218
00008629.jpg,701,177,1001,508,688,218
00008630.jpg,701,178,1001,509,686,217
00008631.jpg,699,180,999,511,686,217
00008632.jpg,699,181,999,512,684,221
00008633.jpg,698,183,998,514,685,220
00008634.jpg,697,184,997,515,685,220
00008635.jpg,696,185,996,516,683,220
00008636.jpg,695,187,995,518,680,222
00008637.jpg,695,188,995,519,680,222
00008638.jpg,694,189,994,520,676,224
00008639.jpg,694,190,994,521,676,224
00008640.jpg,694,190,994,521,676,224
00008641.jpg,695,190,995,521,675,225
00008642.jpg,695,190,995,521,675,225
00008643.jpg,696,190,996,521,675,225
00008644.jpg,696,190,996,521,675,225
00008645.jpg,698,189,998,520,675,225
00008646.jpg,698,189,998,520,494,248
00008647.jpg,699,189,999,520,488,415
00008648.jpg,699,189,999,520,543,641
00008649.jpg,701,188,1001,519,543,641
00008650.jpg,700,189,1000,520,543,641
00008651.jpg,701,189,1001,520,543,641
00008652.jpg,702,188,1002,519,543,641
00008653.jpg,703,187,1003,518,543,641
00008654.jpg,704,186,1004,517,543,641
00008655.jpg,704,185,993,514,543,646
00008656.jpg,704,185,993,514,543,646
00008657.jpg,704,184,993,513,543,646
00008658.jpg,704,184,993,513,544,644
00008659.jpg,704,183,993,512,545,641
00008660.jpg,702,183,991,512,545,641
00008661.jpg,701,182,990,511,545,641
00008662.jpg,698,182,987,511,545,641
00008663.jpg,695,182,984,511,543,639
00008664.jpg,694,181,983,510,542,638
00008665.jpg,692,181,981,510,542,637
00008666.jpg,690,180,979,509,542,634
00008667.jpg,689,179,978,508,545,631
00008668.jpg,687,179,976,508,545,631
00008669.jpg,685,178,974,507,545,631
00008670.jpg,682,179,971,508,545,631
00008671.jpg,682,178,971,507,545,626
00008672.jpg,679,178,968,507,545,626
00008673.jpg,678,178,967,507,552,626
00008674.jpg,677,178,966,507,554,622
00008675.jpg,675,178,964,507,554,622
00008676.jpg,672,187,956,518,554,624
00008677.jpg,672,187,956,518,552,626
00008678.jpg,671,187,955,518,552,626
00008679.jpg,670,186,954,517,552,626
00008680.jpg,667,186,951,517,552,626
00008681.jpg,665,186,949,517,552,626
00008682.jpg,663,186,947,517,551,626
00008683.jpg,661,186,945,517,548,626
00008684.jpg,659,186,943,517,552,627
00008685.jpg,657,186,941,517,552,627
00008686.jpg,655,186,939,517,550,626
00008687.jpg,653,186,937,517,546,625
00008688.jpg,651,187,935,518,546,625
00008689.jpg,649,187,933,518,546,625
00008690.jpg,648,187,932,518,546,625
00008691.jpg,647,186,931,517,546,625
00008692.jpg,646,186,930,517,546,625
00008693.jpg,645,186,929,517,546,625
00008694.jpg,645,185,929,516,546,625
00008695.jpg,644,185,928,516,546,625
00008696.jpg,644,184,928,515,546,625
00008697.jpg,644,184,928,515,546,625
00008698.jpg,643,184,927,515,545,624
00008699.jpg,644,183,928,514,545,624
00008700.jpg,644,183,928,514,545,624
00008701.jpg,644,183,928,514,545,624
00008702.jpg,644,183,928,514,545,624
00008703.jpg,645,182,929,513,544,624
00008704.jpg,646,189,937,522,544,623
00008705.jpg,646,189,937,522,545,624
00008706.jpg,646,189,937,522,541,624
00008707.jpg,646,189,937,522,541,624
00008708.jpg,646,189,937,522,541,626
00008709.jpg,645,190,936,523,541,626
00008710.jpg,645,190,936,523,541,626
00008711.jpg,645,190,936,523,540,626
00008712.jpg,645,190,936,523,540,626
00008713.jpg,645,191,936,524,538,624
00008714.jpg,645,191,936,524,537,623
00008715.jpg,646,191,937,524,537,623
00008716.jpg,652,188,943,521,537,623
00008717.jpg,653,189,944,522,537,623
00008718.jpg,653,190,944,523,537,623
00008719.jpg,654,192,945,525,535,624
00008720.jpg,655,193,946,526,534,624
00008721.jpg,658,192,949,525,534,627
00008722.jpg,659,194,950,527,534,631
00008723.jpg,662,193,953,526,535,631
00008724.jpg,663,195,954,528,535,631
00008725.jpg,667,195,958,528,534,635
00008726.jpg,668,197,959,530,534,637
00008727.jpg,671,197,962,530,534,639
00008728.jpg,675,197,966,530,534,639
00008729.jpg,678,197,969,530,534,639
00008730.jpg,683,196,974,529,534,639
00008731.jpg,686,196,977,529,534,639
00008732.jpg,689,196,980,529,534,639
00008733.jpg,694,193,987,528,534,640
00008734.jpg,694,193,987,528,534,641
00008735.jpg,700,192,994,521,534,642
00008736.jpg,700,192,994,521,534,642
00008737.jpg,707,195,1007,511,535,643
00008738.jpg,707,195,1007,511,535,643
00008739.jpg,708,195,1008,511,451,402
00008740.jpg,709,195,1009,511,507,240
00008741.jpg,710,195,1010,511,509,238
00008742.jpg,712,194,1012,510,535,644
00008743.jpg,720,190,1020,506,509,235
00008744.jpg,724,189,1024,505,509,234
00008745.jpg,726,189,1026,505,509,234
00008746.jpg,731,188,1031,504,509,234
00008747.jpg,737,188,1046,507,509,231
00008748.jpg,737,188,1046,507,509,230
00008749.jpg,738,188,1047,507,513,229
00008750.jpg,739,188,1048,507,513,229
00008751.jpg,742,189,1051,508,516,224
00008752.jpg,744,190,1053,509,516,223
00008753.jpg,747,190,1056,509,517,220
00008754.jpg,748,191,1057,510,517,220
00008755.jpg,750,192,1059,511,519,220
00008756.jpg,751,194,1060,513,521,220
00008757.jpg,753,195,1062,514,522,221
00008758.jpg,754,196,1063,515,522,221
00008759.jpg,757,192,1073,508,524,221
00008760.jpg,757,192,1073,508,524,221
00008761.jpg,758,192,1074,508,524,221
00008762.jpg,759,193,1075,509,523,221
00008763.jpg,761,193,1077,509,523,221
00008764.jpg,763,194,1079,510,523,221
00008765.jpg,764,195,1080,511,523,221
00008766.jpg,766,196,1082,512,523,221
00008767.jpg,767,197,1083,513,523,219
00008768.jpg,769,197,1085,513,523,218
00008769.jpg,770,198,1086,514,527,219
00008770.jpg,771,199,1087,515,527,219
00008771.jpg,773,199,1089,515,527,223
00008772.jpg,774,199,1090,515,527,223
00008773.jpg,775,200,1091,516,527,223
00008774.jpg,777,200,1093,516,526,223
00008775.jpg,778,200,1094,516,528,222
00008776.jpg,779,201,1095,517,526,222
00008777.jpg,779,201,1095,517,526,222
00008778.jpg,780,201,1096,517,526,221
00008779.jpg,781,202,1097,518,526,220
00008780.jpg,781,202,1097,518,526,220
00008781.jpg,782,202,1098,518,523,217
00008782.jpg,782,202,1098,518,518,212
00008783.jpg,782,203,1098,519,517,212
00008784.jpg,782,203,1098,519,513,209
00008785.jpg,782,203,1098,519,510,206
00008786.jpg,777,191,1103,520,506,204
00008787.jpg,777,191,1103,520,497,205
00008788.jpg,777,191,1103,520,495,205
00008789.jpg,777,191,1103,520,488,205
00008790.jpg,776,191,1102,520,486,206
00008791.jpg,776,191,1102,520,482,206
00008792.jpg,776,191,1102,520,462,212
00008793.jpg,776,191,1102,520,451,217
00008794.jpg,776,192,1102,521,448,218
00008795.jpg,776,192,1102,521,438,223
00008796.jpg,776,192,1102,521,432,234
00008797.jpg,775,193,1101,522,432,238
00008798.jpg,775,193,1101,522,426,244
00008799.jpg,775,194,1101,523,423,255
00008800.jpg,775,194,1101,523,417,263
00008801.jpg,775,195,1101,524,417,263
00008802.jpg,770,190,1101,526,412,269
00008803.jpg,770,190,1101,526,410,274
00008804.jpg,770,190,1101,526,409,278
00008805.jpg,769,190,1100,526,405,286
00008806.jpg,769,190,1100,526,402,290
00008807.jpg,762,187,1098,522,399,298
00008808.jpg,762,187,1098,522,397,304
00008809.jpg,762,187,1098,522,387,455
00008810.jpg,756,185,1092,524,480,701
00008811.jpg,756,185,1092,524,482,708
00008812.jpg,756,185,1092,524,482,704
00008813.jpg,747,185,1079,528,484,703
00008814.jpg,747,185,1079,528,485,703
00008815.jpg,740,185,1071,530,486,703
00008816.jpg,740,185,1071,530,483,703
00008817.jpg,733,186,1058,539,481,704
00008818.jpg,733,186,1058,539,481,708
00008819.jpg,732,186,1057,539,-1,-1
00008820.jpg,726,188,1050,553,-1,-1
00008821.jpg,726,188,1050,553,-1,-1
00008822.jpg,725,188,1049,553,-1,-1
00008823.jpg,724,187,1048,552,-1,-1
00008824.jpg,723,186,1047,551,-1,-1
00008825.jpg,721,186,1045,551,-1,-1
00008826.jpg,720,185,1044,550,-1,-1
00008827.jpg,714,188,1038,553,-1,-1
00008828.jpg,710,189,1034,554,-1,-1
00008829.jpg,708,189,1032,554,-1,-1
00008830.jpg,706,189,1030,554,-1,-1
00008831.jpg,703,190,1027,555,-1,-1
00008832.jpg,701,190,1025,555,-1,-1
00008833.jpg,698,191,1022,556,-1,-1
00008834.jpg,696,192,1020,557,-1,-1
00008835.jpg,694,192,1018,557,-1,-1
00008836.jpg,693,192,1017,557,-1,-1
00008837.jpg,691,192,1015,557,-1,-1
00008838.jpg,689,192,1013,557,-1,-1
00008839.jpg,687,193,1011,558,-1,-1
00008840.jpg,685,193,1009,558,-1,-1
00008841.jpg,681,195,1005,560,-1,-1
00008842.jpg,679,195,1003,560,-1,-1
00008843.jpg,677,195,1001,560,-1,-1
00008844.jpg,675,195,999,560,-1,-1
00008845.jpg,673,195,997,560,-1,-1
00008846.jpg,671,195,995,560,-1,-1
00008847.jpg,670,194,994,559,-1,-1
00008848.jpg,668,194,992,559,-1,-1
00008849.jpg,666,194,990,559,-1,-1
00008850.jpg,665,193,989,558,-1,-1
00008851.jpg,664,193,988,558,-1,-1
00008852.jpg,662,193,986,558,-1,-1
00008853.jpg,662,192,986,557,-1,-1
00008854.jpg,660,192,984,557,-1,-1
00008855.jpg,659,192,983,557,-1,-1
00008856.jpg,657,192,981,557,-1,-1
00008857.jpg,656,192,980,557,-1,-1
00008858.jpg,655,192,979,557,-1,-1
00008859.jpg,654,192,978,557,-1,-1
00008860.jpg,654,191,978,556,-1,-1
00008861.jpg,653,191,977,556,-1,-1
00008862.jpg,652,191,976,556,-1,-1
00008863.jpg,652,190,976,555,-1,-1
00008864.jpg,653,189,977,554,-1,-1
00008865.jpg,653,189,977,554,-1,-1
00008866.jpg,652,189,976,554,-1,-1
00008867.jpg,653,188,977,553,-1,-1
00008868.jpg,653,188,977,553,-1,-1
00008869.jpg,653,187,977,552,-1,-1
00008870.jpg,653,187,977,552,-1,-1
00008871.jpg,654,186,978,551,-1,-1
00008872.jpg,654,186,978,551,-1,-1
00008873.jpg,654,186,978,551,-1,-1
00008874.jpg,655,185,979,550,-1,-1
00008875.jpg,655,184,979,549,-1,-1
00008876.jpg,655,184,979,549,-1,-1
00008877.jpg,655,183,979,548,-1,-1
00008878.jpg,655,182,979,547,473,708
00008879.jpg,655,182,979,547,472,707
00008880.jpg,655,181,979,546,469,707
00008881.jpg,658,178,982,543,468,708
00008882.jpg,658,177,982,542,464,708
00008883.jpg,659,175,983,540,484,644
00008884.jpg,663,171,987,536,446,426
00008885.jpg,665,168,989,533,456,211
00008886.jpg,665,166,989,531,454,213
00008887.jpg,664,164,988,529,452,213
00008888.jpg,668,168,998,524,448,211
00008889.jpg,668,168,998,524,448,211
00008890.jpg,675,166,1001,521,441,211
00008891.jpg,675,166,1001,521,437,210
00008892.jpg,680,163,1004,504,436,210
00008893.jpg,680,163,1004,504,436,210
00008894.jpg,680,162,1004,503,436,210
00008895.jpg,679,162,1003,503,436,210
00008896.jpg,679,161,1003,502,436,210
00008897.jpg,679,160,1003,501,437,209
00008898.jpg,680,157,1004,498,439,205
00008899.jpg,681,155,1005,496,439,203
00008900.jpg,682,154,1006,495,439,200
00008901.jpg,685,151,1009,492,438,196
00008902.jpg,684,151,1008,492,439,194
00008903.jpg,691,149,1009,484,440,190
00008904.jpg,691,149,1009,484,440,190
00008905.jpg,691,149,1009,484,440,185
00008906.jpg,690,149,1008,484,440,185
00008907.jpg,690,149,1008,484,440,185
00008908.jpg,690,149,1008,484,440,186
00008909.jpg,690,149,1008,484,440,187
00008910.jpg,690,149,1008,484,444,190
00008911.jpg,690,148,1008,483,445,191
00008912.jpg,690,147,1008,482,445,193
00008913.jpg,691,146,1009,481,449,195
00008914.jpg,691,145,1009,480,449,195
00008915.jpg,692,144,1010,479,455,192
00008916.jpg,692,144,1010,479,461,192
00008917.jpg,692,144,1010,479,467,189
00008918.jpg,693,143,1011,478,472,187
00008919.jpg,693,143,1011,478,474,185
00008920.jpg,694,143,1012,478,478,182
00008921.jpg,695,142,1013,477,480,180
00008922.jpg,696,142,1014,477,485,179
00008923.jpg,697,142,1015,477,488,179
00008924.jpg,698,142,1016,477,489,178
00008925.jpg,699,142,1017,477,491,176
00008926.jpg,699,142,1017,477,491,176
00008927.jpg,700,142,1018,477,491,176
00008928.jpg,700,142,1018,477,492,176
00008929.jpg,701,142,1019,477,495,177
00008930.jpg,701,142,1019,477,495,177
00008931.jpg,701,142,1019,477,495,177
00008932.jpg,701,142,1019,477,498,178
00008933.jpg,702,142,1020,477,499,179
00008934.jpg,702,142,1020,477,501,180
00008935.jpg,702,142,1020,477,504,180
00008936.jpg,702,142,1020,477,502,178
00008937.jpg,702,138,1020,473,505,177
00008938.jpg,703,138,1021,473,507,177
00008939.jpg,704,139,1022,474,507,177
00008940.jpg,705,138,1023,473,508,177
00008941.jpg,704,141,1022,476,510,176
00008942.jpg,705,142,1023,477,510,176
00008943.jpg,706,142,1024,477,511,176
00008944.jpg,706,143,1024,478,512,174
00008945.jpg,706,143,1024,478,513,174
00008946.jpg,706,143,1024,478,513,174
00008947.jpg,706,143,1024,478,514,174
00008948.jpg,706,144,1024,479,514,174
00008949.jpg,706,144,1024,479,514,174
00008950.jpg,706,144,1024,479,514,174
00008951.jpg,706,145,1024,480,514,176
00008952.jpg,707,149,1025,484,514,174
00008953.jpg,707,149,1025,484,514,174
00008954.jpg,707,150,1025,485,514,174
00008955.jpg,710,151,1028,486,512,174
00008956.jpg,711,152,1029,487,510,174
00008957.jpg,712,152,1030,487,510,173
00008958.jpg,714,152,1032,487,509,172
00008959.jpg,715,153,1033,488,508,173
00008960.jpg,716,153,1034,488,508,173
00008961.jpg,716,154,1034,489,508,173
00008962.jpg,718,155,1036,490,507,173
00008963.jpg,719,156,1037,491,508,173
00008964.jpg,720,156,1038,491,508,173
00008965.jpg,721,156,1039,491,507,175
00008966.jpg,721,157,1039,492,507,175
00008967.jpg,722,157,1040,492,506,177
00008968.jpg,722,157,1040,492,506,177
00008969.jpg,722,157,1040,492,506,177
00008970.jpg,722,155,1040,490,506,177
00008971.jpg,723,156,1041,491,506,177
00008972.jpg,723,155,1041,490,506,177
00008973.jpg,724,155,1042,490,506,177
00008974.jpg,724,156,1042,491,508,178
00008975.jpg,725,156,1043,491,508,178
00008976.jpg,725,156,1043,491,508,178
00008977.jpg,726,156,1044,491,508,178
00008978.jpg,726,156,1044,491,508,178
00008979.jpg,726,157,1044,492,508,178
00008980.jpg,726,157,1044,492,508,178
00008981.jpg,727,157,1045,492,508,178
00008982.jpg,726,158,1044,493,508,178
00008983.jpg,726,159,1044,494,508,177
00008984.jpg,725,160,1043,495,508,177
00008985.jpg,724,162,1042,497,508,176
00008986.jpg,724,163,1042,498,508,176
00008987.jpg,724,164,1042,499,506,176
00008988.jpg,725,164,1043,499,506,176
00008989.jpg,722,167,1040,502,505,176
00008990.jpg,723,167,1041,502,503,176
00008991.jpg,723,168,1041,503,503,176
00008992.jpg,723,169,1041,504,503,176
00008993.jpg,723,170,1041,505,503,176
00008994.jpg,723,170,1041,505,503,176
00008995.jpg,723,171,1041,506,503,176
00008996.jpg,723,171,1041,506,503,172
00008997.jpg,722,172,1040,507,503,172
00008998.jpg,721,173,1039,508,502,172
00008999.jpg,720,173,1038,508,500,171
00009000.jpg,720,173,1038,508,500,171
00009001.jpg,721,171,1057,513,500,171
00009002.jpg,721,171,1057,513,500,171
00009003.jpg,721,171,1057,513,501,171
00009004.jpg,721,171,1057,513,501,168
00009005.jpg,720,172,1056,514,500,168
00009006.jpg,720,173,1056,515,500,168
00009007.jpg,720,174,1056,516,500,168
00009008.jpg,720,175,1056,517,500,168
00009009.jpg,720,176,1056,518,499,168
00009010.jpg,719,177,1055,519,494,166
00009011.jpg,719,178,1055,520,490,167
00009012.jpg,720,178,1056,520,490,168
00009013.jpg,720,173,1065,521,484,166
00009014.jpg,720,173,1065,521,482,165
00009015.jpg,720,173,1065,521,473,166
00009016.jpg,720,172,1065,520,478,168
00009017.jpg,720,171,1065,519,479,169
00009018.jpg,723,170,1068,518,483,168
00009019.jpg,724,169,1069,517,486,168
00009020.jpg,724,168,1069,516,488,168
00009021.jpg,726,166,1071,514,493,168
00009022.jpg,726,165,1071,513,494,168
00009023.jpg,727,164,1072,512,499,164
00009024.jpg,727,163,1072,511,499,164
00009025.jpg,726,163,1071,511,494,163
00009026.jpg,721,156,1076,517,493,161
00009027.jpg,720,156,1075,517,486,159
00009028.jpg,719,155,1074,516,482,156
00009029.jpg,718,155,1073,516,477,156
00009030.jpg,711,145,1081,517,478,157
00009031.jpg,711,145,1081,517,478,159
00009032.jpg,710,145,1080,517,478,157
00009033.jpg,708,145,1078,517,474,156
00009034.jpg,707,145,1077,517,472,160
00009035.jpg,706,145,1076,517,476,158
00009036.jpg,705,145,1075,517,475,160
00009037.jpg,704,146,1074,518,470,161
00009038.jpg,703,147,1073,519,470,162
00009039.jpg,702,148,1072,520,423,502
00009040.jpg,701,150,1071,522,462,166
00009041.jpg,699,152,1069,524,458,167
00009042.jpg,698,154,1068,526,455,167
00009043.jpg,698,155,1068,527,455,168
00009044.jpg,700,156,1070,528,451,168
00009045.jpg,702,157,1072,529,450,168
00009046.jpg,702,158,1072,530,451,168
00009047.jpg,703,158,1073,530,453,168
00009048.jpg,702,159,1072,531,453,168
00009049.jpg,701,159,1071,531,453,168
00009050.jpg,701,160,1071,532,454,169
00009051.jpg,700,161,1070,533,454,170
00009052.jpg,700,161,1070,533,448,174
00009053.jpg,693,152,1084,537,451,173
00009054.jpg,693,152,1084,537,451,173
00009055.jpg,692,153,1083,538,450,173
00009056.jpg,692,153,1083,538,447,174
00009057.jpg,691,153,1082,538,442,178
00009058.jpg,690,154,1081,539,438,177
00009059.jpg,690,154,1081,539,436,177
00009060.jpg,690,156,1081,541,435,177
00009061.jpg,690,157,1081,542,433,176
00009062.jpg,689,158,1080,543,431,175
00009063.jpg,688,159,1079,544,431,175
00009064.jpg,688,160,1079,545,429,177
00009065.jpg,688,161,1079,546,429,177
00009066.jpg,690,161,1081,546,427,178
00009067.jpg,691,162,1082,547,424,181
00009068.jpg,691,163,1082,548,424,181
00009069.jpg,692,163,1083,548,424,181
00009070.jpg,693,164,1084,549,427,181
00009071.jpg,693,164,1084,549,427,181
00009072.jpg,694,165,1085,550,428,181
00009073.jpg,694,166,1085,551,424,180
00009074.jpg,695,166,1086,551,423,178
00009075.jpg,695,166,1086,551,423,178
00009076.jpg,696,167,1087,552,423,175
00009077.jpg,696,167,1087,552,423,174
00009078.jpg,696,167,1087,552,423,174
00009079.jpg,697,166,1088,551,420,170
00009080.jpg,697,166,1088,551,420,170
00009081.jpg,697,165,1088,550,419,170
00009082.jpg,697,165,1088,550,419,170
00009083.jpg,697,164,1088,549,418,170
00009084.jpg,697,163,1088,548,418,169
00009085.jpg,697,162,1088,547,418,165
00009086.jpg,697,161,1088,546,418,165
00009087.jpg,696,161,1087,546,418,162
00009088.jpg,696,160,1087,545,418,158
00009089.jpg,696,159,1087,544,415,153
00009090.jpg,695,159,1086,544,415,146
00009091.jpg,696,158,1087,543,418,137
00009092.jpg,696,158,1087,543,417,129
00009093.jpg,694,159,1085,544,417,126
00009094.jpg,693,159,1084,544,419,126
00009095.jpg,692,160,1083,545,420,124
00009096.jpg,692,160,1083,545,421,123
00009097.jpg,691,161,1082,546,421,123
00009098.jpg,690,162,1081,547,423,120
00009099.jpg,690,162,1081,547,423,120
00009100.jpg,689,163,1080,548,425,120
00009101.jpg,689,163,1080,548,425,120
00009102.jpg,688,163,1079,548,425,120
00009103.jpg,687,163,1078,548,425,120
00009104.jpg,686,163,1077,548,423,126
00009105.jpg,685,163,1076,548,422,127
00009106.jpg,684,163,1075,548,421,129
00009107.jpg,682,163,1073,548,420,135
00009108.jpg,681,163,1072,548,420,135
00009109.jpg,679,163,1070,548,420,138
00009110.jpg,676,164,1067,549,420,141
00009111.jpg,676,164,1067,549,421,145
