00000001.jpg,391,59,603,271,1256,104
00000002.jpg,391,59,604,271,1253,104
00000003.jpg,392,59,604,271,1253,104
00000004.jpg,393,60,604,271,1253,104
00000005.jpg,393,59,604,271,1253,104
00000006.jpg,392,60,603,271,1253,104
00000007.jpg,392,58,603,268,1253,104
00000008.jpg,389,56,600,266,1253,104
00000009.jpg,388,53,596,262,1253,104
00000010.jpg,388,53,596,262,1253,104
00000011.jpg,378,45,586,254,1253,104
00000012.jpg,369,39,577,248,1251,104
00000013.jpg,363,36,571,245,-1,-1
00000014.jpg,359,36,567,245,-1,-1
00000015.jpg,358,37,566,246,-1,-1
00000016.jpg,361,40,569,249,-1,-1
00000017.jpg,364,43,572,252,-1,-1
00000018.jpg,368,47,576,256,-1,-1
00000019.jpg,373,52,581,261,-1,-1
00000020.jpg,377,55,585,264,-1,-1
00000021.jpg,386,60,594,269,-1,-1
00000022.jpg,393,65,601,274,-1,-1
00000023.jpg,397,67,605,276,-1,-1
00000024.jpg,394,65,602,274,-1,-1
00000025.jpg,388,62,596,271,-1,-1
00000026.jpg,377,56,585,265,-1,-1
00000027.jpg,371,53,579,262,1194,122
00000028.jpg,364,49,572,258,1190,122
00000029.jpg,358,47,566,256,1185,128
00000030.jpg,355,47,563,256,1179,133
00000031.jpg,355,47,563,256,1179,136
00000032.jpg,358,49,566,258,1176,138
00000033.jpg,363,52,571,261,1175,139
00000034.jpg,367,56,575,265,1175,139
00000035.jpg,371,58,579,267,1175,140
00000036.jpg,378,63,586,272,1174,142
00000037.jpg,382,66,590,275,1173,141
00000038.jpg,385,69,593,278,1170,143
00000039.jpg,385,69,593,278,1170,144
00000040.jpg,384,69,592,278,1170,144
00000041.jpg,381,67,589,276,1170,144
00000042.jpg,376,64,584,273,1171,441
00000043.jpg,369,59,577,268,1172,441
00000044.jpg,366,57,574,266,1171,441
00000045.jpg,359,54,567,263,1173,439
00000046.jpg,359,54,567,263,1173,441
