00000001.jpg,725,78,921,268,-1,-1
00000002.jpg,726,79,916,264,-1,-1
00000003.jpg,725,78,913,262,-1,-1
00000004.jpg,724,76,907,261,348,298
00000005.jpg,724,76,907,261,548,169
00000006.jpg,724,76,907,261,546,169
00000007.jpg,724,76,907,261,547,164
00000008.jpg,725,75,908,260,545,156
00000009.jpg,727,74,910,259,539,147
00000010.jpg,727,72,910,257,530,134
00000011.jpg,728,70,911,255,517,125
00000012.jpg,729,69,912,254,503,112
00000013.jpg,730,69,913,254,497,108
00000014.jpg,730,68,913,253,496,108
00000015.jpg,730,68,913,253,494,108
00000016.jpg,730,68,913,253,499,115
00000017.jpg,730,68,913,253,505,118
00000018.jpg,730,68,913,253,507,123
00000019.jpg,729,68,912,253,516,139
00000020.jpg,729,68,912,253,524,143
00000021.jpg,728,68,911,253,529,154
00000022.jpg,727,68,910,253,535,162
00000023.jpg,727,68,910,253,-1,-1
00000024.jpg,727,68,910,253,-1,-1
00000025.jpg,729,68,912,253,-1,-1
00000026.jpg,742,50,932,250,-1,-1
00000027.jpg,742,50,932,250,-1,-1
00000028.jpg,741,51,931,251,-1,-1
00000029.jpg,740,51,930,251,1182,131
00000030.jpg,735,51,925,251,1177,134
00000031.jpg,732,51,922,251,1176,135
00000032.jpg,728,52,918,252,1176,139
00000033.jpg,728,52,918,252,1175,139
00000034.jpg,718,64,919,271,1175,140
00000035.jpg,718,64,919,271,1173,141
00000036.jpg,717,71,918,278,1170,143
00000037.jpg,718,81,919,288,1170,143
00000038.jpg,719,95,920,302,1170,143
00000039.jpg,719,110,920,317,1169,144
00000040.jpg,720,126,921,333,1169,145
00000041.jpg,719,138,920,345,1169,145
00000042.jpg,718,146,919,353,1169,145
00000043.jpg,718,148,919,355,1169,148
00000044.jpg,718,149,919,356,1169,148
00000045.jpg,716,143,917,350,1175,149
00000046.jpg,716,143,917,350,1176,152
