00025942.jpg,114,3,556,482,-1,-1
00025943.jpg,114,3,556,482,-1,-1
00025944.jpg,114,3,556,482,-1,-1
00025945.jpg,114,3,556,482,-1,-1
00025946.jpg,115,4,557,483,-1,-1
00025947.jpg,118,4,560,483,-1,-1
00025948.jpg,120,4,562,483,-1,-1
00025949.jpg,122,5,564,484,-1,-1
00025950.jpg,124,6,566,485,-1,-1
00025951.jpg,125,6,567,485,-1,-1
00025952.jpg,126,6,568,485,-1,-1
00025953.jpg,127,7,569,486,-1,-1
00025954.jpg,127,8,569,487,-1,-1
00025955.jpg,129,8,571,487,-1,-1
00025956.jpg,132,8,574,487,-1,-1
00025957.jpg,135,8,577,487,-1,-1
00025958.jpg,137,8,579,487,958,227
00025959.jpg,116,3,551,435,958,227
00025960.jpg,116,3,551,435,958,227
00025961.jpg,119,3,554,435,958,227
00025962.jpg,121,3,556,435,958,227
00025963.jpg,123,3,558,435,959,229
00025964.jpg,126,3,561,435,953,233
00025965.jpg,128,4,563,436,952,231
00025966.jpg,131,4,566,436,944,231
00025967.jpg,133,4,568,436,938,233
00025968.jpg,134,5,569,437,936,233
00025969.jpg,136,6,571,438,936,233
00025970.jpg,138,6,573,438,936,233
00025971.jpg,139,6,574,438,942,233
00025972.jpg,140,7,575,439,950,231
00025973.jpg,141,7,576,439,958,231
00025974.jpg,142,7,577,439,961,234
00025975.jpg,143,7,578,439,964,234
00025976.jpg,143,7,578,439,967,234
00025977.jpg,144,7,579,439,967,234
00025978.jpg,144,8,579,440,965,234
00025979.jpg,145,8,580,440,963,231
00025980.jpg,146,8,581,440,961,227
00025981.jpg,146,9,581,441,956,227
00025982.jpg,146,9,581,441,954,227
00025983.jpg,145,11,580,443,-1,-1
00025984.jpg,143,11,578,443,-1,-1
00025985.jpg,140,11,575,443,-1,-1
00025986.jpg,136,10,571,442,-1,-1
00025987.jpg,133,9,568,441,-1,-1
00025988.jpg,130,7,565,439,-1,-1
00025989.jpg,128,8,563,440,-1,-1
00025990.jpg,127,9,562,441,-1,-1
00025991.jpg,126,9,561,441,-1,-1
00025992.jpg,125,9,560,441,-1,-1
00025993.jpg,124,8,559,440,-1,-1
00025994.jpg,123,8,558,440,-1,-1
00025995.jpg,123,9,558,441,-1,-1
00025996.jpg,122,9,557,441,-1,-1
00025997.jpg,122,9,557,441,-1,-1
00025998.jpg,121,9,556,441,-1,-1
00025999.jpg,120,9,555,441,-1,-1
00026000.jpg,119,9,554,441,-1,-1
00026001.jpg,118,9,553,441,-1,-1
00026002.jpg,118,7,553,439,-1,-1
00026003.jpg,117,7,552,439,-1,-1
00026004.jpg,117,7,552,439,-1,-1
00026005.jpg,116,7,551,439,-1,-1
00026006.jpg,116,7,551,439,-1,-1
00026007.jpg,116,8,551,440,-1,-1
00026008.jpg,116,10,551,442,-1,-1
00026009.jpg,116,11,551,443,-1,-1
00026010.jpg,117,11,552,443,-1,-1
00026011.jpg,118,11,553,443,-1,-1
00026012.jpg,118,11,553,443,-1,-1
00026013.jpg,119,10,554,442,-1,-1
00026014.jpg,119,10,554,442,-1,-1
