00025942.jpg,670,56,1022,428,-1,-1
00025943.jpg,670,56,1022,428,-1,-1
00025944.jpg,670,56,1022,428,-1,-1
00025945.jpg,670,56,1022,428,-1,-1
00025946.jpg,671,56,1023,428,-1,-1
00025947.jpg,673,56,1025,428,-1,-1
00025948.jpg,674,56,1026,428,-1,-1
00025949.jpg,675,55,1027,427,-1,-1
00025950.jpg,676,55,1028,427,-1,-1
00025951.jpg,677,55,1029,427,-1,-1
00025952.jpg,678,54,1030,426,-1,-1
00025953.jpg,680,54,1032,426,-1,-1
00025954.jpg,681,55,1033,427,-1,-1
00025955.jpg,681,56,1033,428,-1,-1
00025956.jpg,682,56,1034,428,-1,-1
00025957.jpg,682,57,1034,429,-1,-1
00025958.jpg,681,57,1033,429,-1,-1
00025959.jpg,680,57,1032,429,-1,-1
00025960.jpg,679,57,1031,429,-1,-1
00025961.jpg,679,58,1031,430,-1,-1
00025962.jpg,678,60,1030,432,-1,-1
00025963.jpg,676,63,1028,435,-1,-1
00025964.jpg,671,66,1023,438,-1,-1
00025965.jpg,665,68,1017,440,-1,-1
00025966.jpg,659,66,1011,438,-1,-1
00025967.jpg,654,64,1006,436,-1,-1
00025968.jpg,651,63,1003,435,-1,-1
00025969.jpg,652,66,1004,438,-1,-1
00025970.jpg,656,67,1008,439,-1,-1
00025971.jpg,662,68,1014,440,-1,-1
00025972.jpg,669,69,1021,441,-1,-1
00025973.jpg,675,70,1027,442,-1,-1
00025974.jpg,678,69,1030,441,-1,-1
00025975.jpg,680,68,1032,440,-1,-1
00025976.jpg,681,68,1033,440,-1,-1
00025977.jpg,682,67,1034,439,-1,-1
00025978.jpg,681,67,1033,439,-1,-1
00025979.jpg,679,66,1031,438,-1,-1
00025980.jpg,677,66,1029,438,-1,-1
00025981.jpg,675,66,1027,438,-1,-1
00025982.jpg,673,65,1025,437,-1,-1
00025983.jpg,671,66,1023,438,-1,-1
00025984.jpg,669,65,1021,437,-1,-1
00025985.jpg,668,65,1020,437,-1,-1
00025986.jpg,667,65,1019,437,-1,-1
00025987.jpg,666,65,1018,437,-1,-1
00025988.jpg,665,64,1017,436,-1,-1
00025989.jpg,666,64,1018,436,-1,-1
00025990.jpg,667,62,1019,434,-1,-1
00025991.jpg,668,64,1020,436,-1,-1
00025992.jpg,668,68,1020,440,-1,-1
00025993.jpg,667,70,1019,442,-1,-1
00025994.jpg,667,70,1019,442,-1,-1
00025995.jpg,665,69,1017,441,-1,-1
00025996.jpg,664,70,1016,442,-1,-1
00025997.jpg,662,71,1014,443,-1,-1
00025998.jpg,660,73,1012,445,-1,-1
00025999.jpg,659,76,1011,448,-1,-1
00026000.jpg,657,77,1009,449,-1,-1
00026001.jpg,655,75,1007,447,-1,-1
00026002.jpg,653,76,1005,448,-1,-1
00026003.jpg,650,77,1002,449,-1,-1
00026004.jpg,647,78,999,450,-1,-1
00026005.jpg,644,79,996,451,-1,-1
00026006.jpg,640,80,992,452,-1,-1
00026007.jpg,635,84,987,456,-1,-1
00026008.jpg,656,88,976,457,-1,-1
00026009.jpg,656,88,976,457,459,177
00026010.jpg,648,90,968,459,459,177
00026011.jpg,644,91,964,460,459,177
00026012.jpg,642,94,962,463,459,177
00026013.jpg,643,96,963,465,459,177
00026014.jpg,643,96,963,465,-1,-1
