00000609.jpg,629,569,843,789,-1,-1
00000610.jpg,629,569,843,789,-1,-1
00000611.jpg,629,569,843,789,-1,-1
00000612.jpg,629,569,843,789,-1,-1
00000613.jpg,631,570,845,790,-1,-1
00000614.jpg,634,571,848,791,-1,-1
00000615.jpg,636,571,850,791,-1,-1
00000616.jpg,639,572,853,792,-1,-1
00000617.jpg,641,572,855,792,-1,-1
00000618.jpg,642,572,856,792,-1,-1
00000619.jpg,643,572,857,792,-1,-1
00000620.jpg,644,572,858,792,-1,-1
00000621.jpg,644,573,858,793,-1,-1
00000622.jpg,644,573,858,793,-1,-1
00000623.jpg,645,574,859,794,-1,-1
00000624.jpg,645,574,859,794,-1,-1
00000625.jpg,645,575,859,795,-1,-1
00000626.jpg,645,575,859,795,-1,-1
00000627.jpg,645,575,859,795,-1,-1
00000628.jpg,644,574,858,794,-1,-1
00000629.jpg,644,574,858,794,-1,-1
00000630.jpg,643,574,857,794,-1,-1
00000631.jpg,644,574,858,794,-1,-1
00000632.jpg,644,574,858,794,-1,-1
00000633.jpg,645,575,859,795,-1,-1
00000634.jpg,646,575,860,795,-1,-1
00000635.jpg,647,575,861,795,-1,-1
00000636.jpg,648,575,862,795,-1,-1
00000637.jpg,648,575,862,795,-1,-1
00000638.jpg,648,575,862,795,-1,-1
00000639.jpg,649,575,863,795,-1,-1
00000640.jpg,650,576,864,796,-1,-1
00000641.jpg,651,576,865,796,-1,-1
00000642.jpg,652,577,866,797,-1,-1
00000643.jpg,653,577,867,797,-1,-1
00000644.jpg,655,578,869,798,-1,-1
00000645.jpg,656,578,870,798,-1,-1
00000646.jpg,656,578,870,798,-1,-1
00000647.jpg,657,578,871,798,-1,-1
00000648.jpg,658,578,872,798,-1,-1
00000649.jpg,659,578,873,798,-1,-1
00000650.jpg,661,578,875,798,-1,-1
00000651.jpg,664,578,878,798,-1,-1
00000652.jpg,666,578,880,798,-1,-1
00000653.jpg,669,579,883,799,-1,-1
00000654.jpg,672,579,886,799,-1,-1
00000655.jpg,677,579,891,799,357,1022
00000656.jpg,681,578,895,798,569,1041
00000657.jpg,686,579,900,799,620,1064
00000658.jpg,691,584,905,804,941,1056
00000659.jpg,696,589,910,809,1052,912
00000660.jpg,696,589,910,809,1034,766
