00010145.jpg,873,198,955,275,386,226
00010146.jpg,873,198,955,275,386,226
00010147.jpg,873,198,955,275,386,226
00010148.jpg,873,198,955,275,386,226
00010149.jpg,873,198,955,275,378,226
00010150.jpg,872,198,954,275,376,226
00010151.jpg,872,198,954,275,376,226
00010152.jpg,872,198,954,275,374,224
00010153.jpg,872,198,954,275,373,223
00010154.jpg,871,198,953,275,373,223
00010155.jpg,871,198,953,275,372,223
00010156.jpg,871,198,953,275,362,223
00010157.jpg,871,198,953,275,358,223
00010158.jpg,872,198,954,275,357,223
00010159.jpg,872,198,954,275,355,223
00010160.jpg,872,198,954,275,349,223
00010161.jpg,872,198,954,275,345,223
00010162.jpg,872,198,954,275,345,223
00010163.jpg,873,198,955,275,343,223
00010164.jpg,873,198,955,275,343,223
00010165.jpg,874,198,956,275,343,223
00010166.jpg,874,198,956,275,339,223
00010167.jpg,874,198,956,275,339,223
00010168.jpg,875,198,957,275,339,223
00010169.jpg,876,198,958,275,339,223
00010170.jpg,876,198,958,275,339,223
00010171.jpg,877,198,959,275,339,223
00010172.jpg,877,198,959,275,339,223
00010173.jpg,878,198,960,275,-1,-1
00010174.jpg,879,198,961,275,-1,-1
00010175.jpg,880,198,962,275,-1,-1
00010176.jpg,880,198,962,275,-1,-1
00010177.jpg,881,198,963,275,-1,-1
00010178.jpg,881,198,963,275,636,124
00010179.jpg,882,198,964,275,636,124
00010180.jpg,882,198,964,275,636,124
00010181.jpg,883,198,965,275,636,124
00010182.jpg,883,198,965,275,636,124
00010183.jpg,884,198,966,275,637,124
00010184.jpg,884,198,966,275,638,124
00010185.jpg,884,198,966,275,638,124
00010186.jpg,885,198,967,275,638,124
00010187.jpg,885,198,967,275,642,124
00010188.jpg,886,198,968,275,643,124
00010189.jpg,886,198,968,275,643,124
00010190.jpg,886,198,968,275,643,124
00010191.jpg,887,198,969,275,644,124
00010192.jpg,887,198,969,275,645,124
00010193.jpg,887,198,969,275,645,124
00010194.jpg,887,198,969,275,645,124
00010195.jpg,888,198,970,275,645,124
00010196.jpg,888,198,970,275,646,124
00010197.jpg,888,198,970,275,647,124
00010198.jpg,888,198,970,275,649,124
00010199.jpg,888,198,970,275,649,124
00010200.jpg,888,198,970,275,649,124
00010201.jpg,888,198,970,275,649,124
00010202.jpg,888,198,970,275,649,124
00010203.jpg,888,198,970,275,650,124
00010204.jpg,888,198,970,275,651,124
00010205.jpg,888,198,970,275,654,123
00010206.jpg,888,198,970,275,654,123
00010207.jpg,888,198,970,275,654,123
00010208.jpg,887,198,969,275,655,123
00010209.jpg,887,198,969,275,655,123
00010210.jpg,887,198,969,275,655,123
00010211.jpg,887,198,969,275,655,123
00010212.jpg,888,198,970,275,656,123
00010213.jpg,888,198,970,275,656,123
00010214.jpg,888,198,970,275,657,123
00010215.jpg,888,198,970,275,657,123
00010216.jpg,888,198,970,275,657,123
00010217.jpg,888,198,970,275,660,123
00010218.jpg,889,198,971,275,660,123
00010219.jpg,889,199,971,276,660,123
00010220.jpg,889,199,971,276,660,123
00010221.jpg,889,199,971,276,661,123
00010222.jpg,889,199,971,276,662,123
00010223.jpg,890,199,972,276,664,123
00010224.jpg,890,199,972,276,664,123
00010225.jpg,890,199,972,276,665,123
00010226.jpg,890,199,972,276,665,123
00010227.jpg,891,199,973,276,665,123
00010228.jpg,891,199,973,276,665,123
00010229.jpg,891,199,973,276,665,123
00010230.jpg,892,199,974,276,665,123
00010231.jpg,892,199,974,276,665,123
00010232.jpg,893,199,975,276,665,123
00010233.jpg,893,199,975,276,666,123
00010234.jpg,894,199,976,276,668,123
00010235.jpg,894,199,976,276,668,123
00010236.jpg,895,199,977,276,668,123
00010237.jpg,895,199,977,276,668,123
00010238.jpg,896,199,978,276,668,123
00010239.jpg,896,199,978,276,668,123
00010240.jpg,896,199,978,276,670,123
00010241.jpg,897,199,979,276,671,123
00010242.jpg,897,199,979,276,671,123
00010243.jpg,896,198,978,275,-1,-1
00010244.jpg,897,198,979,275,-1,-1
00010245.jpg,897,198,979,275,-1,-1
00010246.jpg,896,198,978,275,-1,-1
00010247.jpg,896,198,978,275,-1,-1
00010248.jpg,897,198,979,275,-1,-1
00010249.jpg,897,199,979,276,-1,-1
00010250.jpg,898,199,980,276,395,223
00010251.jpg,898,199,980,276,395,223
00010252.jpg,898,199,980,276,395,223
00010253.jpg,899,199,981,276,395,223
00010254.jpg,899,199,981,276,395,223
00010255.jpg,899,199,981,276,395,223
00010256.jpg,899,199,981,276,395,223
00010257.jpg,900,199,982,276,395,223
00010258.jpg,900,199,982,276,395,223
00010259.jpg,900,199,982,276,395,223
00010260.jpg,900,199,982,276,395,223
00010261.jpg,900,199,982,276,395,223
00010262.jpg,900,199,982,276,395,223
00010263.jpg,900,199,982,276,395,223
00010264.jpg,900,199,982,276,394,223
00010265.jpg,900,199,982,276,392,223
00010266.jpg,900,199,982,276,391,223
00010267.jpg,899,199,981,276,390,223
00010268.jpg,899,199,981,276,390,223
00010269.jpg,899,199,981,276,380,222
00010270.jpg,899,199,981,276,380,222
00010271.jpg,899,199,981,276,380,222
00010272.jpg,898,199,980,276,381,221
00010273.jpg,898,199,980,276,381,221
00010274.jpg,898,199,980,276,381,221
00010275.jpg,898,199,980,276,381,220
00010276.jpg,897,199,979,276,380,220
00010277.jpg,897,199,979,276,380,220
00010278.jpg,897,199,979,276,380,220
00010279.jpg,897,199,979,276,379,220
00010280.jpg,897,199,979,276,379,220
00010281.jpg,896,198,978,275,379,220
00010282.jpg,896,198,978,275,379,220
00010283.jpg,896,198,978,275,379,220
00010284.jpg,896,198,978,275,379,220
00010285.jpg,896,198,978,275,379,220
00010286.jpg,896,198,978,275,379,220
00010287.jpg,896,198,978,275,379,220
00010288.jpg,896,198,978,275,379,220
00010289.jpg,896,198,978,275,379,220
00010290.jpg,896,198,978,275,379,220
00010291.jpg,896,198,978,275,379,220
00010292.jpg,896,198,978,275,379,220
00010293.jpg,896,198,978,275,379,220
00010294.jpg,896,198,978,275,379,220
00010295.jpg,896,198,978,275,379,220
00010296.jpg,896,198,978,275,379,220
00010297.jpg,896,198,978,275,379,220
00010298.jpg,896,198,978,275,374,220
00010299.jpg,896,198,978,275,374,220
00010300.jpg,896,198,978,275,374,221
00010301.jpg,896,198,978,275,370,222
00010302.jpg,896,198,978,275,369,223
00010303.jpg,896,198,978,275,369,223
00010304.jpg,896,198,978,275,369,223
00010305.jpg,896,198,978,275,369,223
00010306.jpg,896,198,978,275,369,223
00010307.jpg,896,198,978,275,369,223
00010308.jpg,896,198,978,275,369,223
00010309.jpg,896,198,978,275,369,223
00010310.jpg,897,198,979,275,369,223
00010311.jpg,897,198,979,275,369,223
00010312.jpg,897,197,979,274,369,223
00010313.jpg,898,198,980,275,369,223
00010314.jpg,898,198,980,275,369,223
00010315.jpg,898,197,980,274,369,223
00010316.jpg,898,197,980,274,369,223
00010317.jpg,899,197,981,274,369,223
00010318.jpg,899,197,981,274,369,223
00010319.jpg,899,197,981,274,369,223
00010320.jpg,900,197,982,274,369,223
00010321.jpg,900,197,982,274,369,223
00010322.jpg,900,197,982,274,369,223
00010323.jpg,901,197,983,274,374,223
00010324.jpg,901,197,983,274,377,223
00010325.jpg,901,197,983,274,382,221
00010326.jpg,901,197,983,274,383,219
00010327.jpg,901,197,983,274,388,218
00010328.jpg,901,197,983,274,389,217
00010329.jpg,901,197,983,274,389,215
00010330.jpg,901,197,983,274,389,215
00010331.jpg,901,197,983,274,389,215
00010332.jpg,901,197,983,274,389,215
00010333.jpg,901,197,983,274,389,215
00010334.jpg,901,197,983,274,388,215
00010335.jpg,901,197,983,274,388,215
00010336.jpg,900,196,982,273,385,217
00010337.jpg,900,196,982,273,385,217
00010338.jpg,899,196,981,273,-1,-1
00010339.jpg,899,196,981,273,-1,-1
00010340.jpg,898,195,980,272,-1,-1
00010341.jpg,897,195,979,272,823,376
00010342.jpg,895,196,977,273,823,376
00010343.jpg,893,196,975,273,823,376
00010344.jpg,892,196,974,273,823,376
00010345.jpg,889,196,971,273,823,376
00010346.jpg,888,196,970,273,823,376
00010347.jpg,887,195,969,272,823,376
00010348.jpg,885,195,967,272,823,376
00010349.jpg,884,195,966,272,823,376
00010350.jpg,883,194,965,271,823,376
00010351.jpg,882,194,964,271,823,376
00010352.jpg,881,193,963,270,823,376
00010353.jpg,880,193,962,270,-1,-1
00010354.jpg,880,193,962,270,-1,-1
00010355.jpg,880,190,965,279,-1,-1
00010356.jpg,880,190,965,279,-1,-1
00010357.jpg,880,190,965,279,-1,-1
00010358.jpg,879,190,964,279,-1,-1
00010359.jpg,879,189,964,278,-1,-1
00010360.jpg,879,189,964,278,-1,-1
00010361.jpg,879,189,964,278,-1,-1
00010362.jpg,879,189,964,278,-1,-1
00010363.jpg,878,189,963,278,-1,-1
00010364.jpg,878,189,963,278,-1,-1
00010365.jpg,879,189,964,278,-1,-1
00010366.jpg,879,189,964,278,-1,-1
00010367.jpg,880,189,965,278,-1,-1
00010368.jpg,880,189,965,278,-1,-1
00010369.jpg,881,189,966,278,-1,-1
00010370.jpg,881,190,966,279,-1,-1
00010371.jpg,882,190,967,279,-1,-1
00010372.jpg,883,190,968,279,-1,-1
00010373.jpg,885,191,970,280,-1,-1
00010374.jpg,887,192,972,281,-1,-1
00010375.jpg,888,192,973,281,-1,-1
00010376.jpg,888,181,969,276,-1,-1
00010377.jpg,888,181,969,276,-1,-1
00010378.jpg,889,181,970,276,-1,-1
00010379.jpg,890,181,971,276,-1,-1
00010380.jpg,892,181,973,276,-1,-1
00010381.jpg,893,181,974,276,-1,-1
00010382.jpg,894,180,975,275,-1,-1
00010383.jpg,895,180,976,275,-1,-1
00010384.jpg,896,180,977,275,-1,-1
00010385.jpg,896,181,977,276,-1,-1
00010386.jpg,896,181,977,276,-1,-1
00010387.jpg,896,181,977,276,-1,-1
00010388.jpg,896,181,977,276,-1,-1
00010389.jpg,896,181,977,276,-1,-1
00010390.jpg,896,181,977,276,1074,232
00010391.jpg,896,180,977,275,1074,232
00010392.jpg,896,180,977,275,1074,232
00010393.jpg,895,180,976,275,1074,232
00010394.jpg,895,180,976,275,1074,232
00010395.jpg,895,180,976,275,1074,232
00010396.jpg,894,180,975,275,1074,232
00010397.jpg,894,180,975,275,1074,232
00010398.jpg,894,180,975,275,1074,232
00010399.jpg,894,180,975,275,1074,232
00010400.jpg,894,180,975,275,1074,232
00010401.jpg,894,180,975,275,1071,232
00010402.jpg,893,180,974,275,1070,232
00010403.jpg,893,180,974,275,1070,232
00010404.jpg,893,180,974,275,1070,232
00010405.jpg,893,180,974,275,1070,232
00010406.jpg,893,180,974,275,1070,232
00010407.jpg,893,180,974,275,1070,232
00010408.jpg,893,180,974,275,1070,232
00010409.jpg,894,180,975,275,1070,232
00010410.jpg,894,180,975,275,1070,232
00010411.jpg,894,180,975,275,1070,232
00010412.jpg,894,180,975,275,1070,232
00010413.jpg,894,180,975,275,1070,232
00010414.jpg,893,179,974,274,1070,232
00010415.jpg,893,179,974,274,1070,232
00010416.jpg,892,178,973,273,1070,232
00010417.jpg,891,178,972,273,1070,232
00010418.jpg,891,178,972,273,1070,232
00010419.jpg,891,178,972,273,1070,232
00010420.jpg,891,178,972,273,1070,232
00010421.jpg,892,178,973,273,1070,232
00010422.jpg,892,178,973,273,1070,232
00010423.jpg,893,177,974,272,1070,232
00010424.jpg,894,176,975,271,1070,232
00010425.jpg,894,177,975,272,1070,232
00010426.jpg,895,176,976,271,-1,-1
00010427.jpg,896,176,977,271,-1,-1
00010428.jpg,896,177,977,272,-1,-1
00010429.jpg,896,177,977,272,-1,-1
00010430.jpg,896,177,977,272,-1,-1
