00010145.jpg,1064,193,1162,292,385,225
00010146.jpg,1065,193,1163,292,385,225
00010147.jpg,1065,193,1163,292,382,225
00010148.jpg,1065,193,1163,292,379,224
00010149.jpg,1065,193,1163,292,379,224
00010150.jpg,1065,193,1163,292,377,224
00010151.jpg,1065,193,1163,292,377,224
00010152.jpg,1066,193,1164,292,373,223
00010153.jpg,1066,193,1164,292,371,222
00010154.jpg,1066,193,1164,292,367,223
00010155.jpg,1066,194,1164,293,367,222
00010156.jpg,1065,194,1163,293,240,238
00010157.jpg,1065,195,1163,294,239,238
00010158.jpg,1058,194,1159,290,239,236
00010159.jpg,1058,194,1159,290,239,236
00010160.jpg,1058,194,1159,290,239,236
00010161.jpg,1058,194,1159,290,239,236
00010162.jpg,1059,194,1160,290,239,236
00010163.jpg,1059,194,1160,290,239,236
00010164.jpg,1059,194,1160,290,239,236
00010165.jpg,1059,194,1160,290,239,236
00010166.jpg,1059,194,1160,290,239,236
00010167.jpg,1060,194,1161,290,239,236
00010168.jpg,1060,194,1161,290,239,236
00010169.jpg,1060,194,1161,290,239,236
00010170.jpg,1060,194,1161,290,239,236
00010171.jpg,1060,194,1161,290,239,236
00010172.jpg,1061,194,1162,290,239,236
00010173.jpg,1061,194,1162,290,239,236
00010174.jpg,1061,194,1162,290,239,236
00010175.jpg,1061,194,1162,290,239,236
00010176.jpg,1061,194,1162,290,240,236
00010177.jpg,1061,194,1162,290,241,237
00010178.jpg,1061,194,1162,290,241,237
00010179.jpg,1061,194,1162,290,241,237
00010180.jpg,1062,194,1163,290,241,237
00010181.jpg,1061,194,1162,290,241,237
00010182.jpg,1059,195,1160,291,241,237
00010183.jpg,1059,195,1160,291,241,237
00010184.jpg,1059,196,1160,292,241,237
00010185.jpg,1059,196,1160,292,241,237
00010186.jpg,1059,196,1160,292,241,237
00010187.jpg,1059,196,1160,292,241,237
00010188.jpg,1060,195,1161,291,241,237
00010189.jpg,1061,195,1162,291,241,237
00010190.jpg,1061,195,1162,291,241,237
00010191.jpg,1061,195,1162,291,241,237
00010192.jpg,1062,195,1163,291,241,237
00010193.jpg,1062,196,1163,292,241,237
00010194.jpg,1063,196,1164,292,241,237
00010195.jpg,1063,196,1164,292,241,237
00010196.jpg,1064,196,1165,292,241,237
00010197.jpg,1064,196,1165,292,241,237
00010198.jpg,1065,196,1166,292,241,237
00010199.jpg,1065,196,1166,292,241,237
00010200.jpg,1065,197,1166,293,237,237
00010201.jpg,1066,196,1167,292,237,237
00010202.jpg,1067,196,1168,292,237,237
00010203.jpg,1067,196,1168,292,237,237
00010204.jpg,1068,196,1169,292,237,237
00010205.jpg,1068,196,1169,292,237,237
00010206.jpg,1069,196,1170,292,237,237
00010207.jpg,1069,196,1170,292,237,237
00010208.jpg,1069,197,1170,293,237,237
00010209.jpg,1070,196,1171,292,237,237
00010210.jpg,1070,197,1171,293,237,237
00010211.jpg,1071,196,1172,292,237,237
00010212.jpg,1071,197,1172,293,237,237
00010213.jpg,1072,197,1173,293,237,237
00010214.jpg,1072,197,1173,293,237,237
00010215.jpg,1073,197,1174,293,237,237
00010216.jpg,1073,197,1174,293,237,237
00010217.jpg,1074,197,1175,293,237,237
00010218.jpg,1074,197,1175,293,237,237
00010219.jpg,1075,197,1176,293,237,237
00010220.jpg,1075,197,1176,293,719,216
00010221.jpg,1076,197,1177,293,719,216
00010222.jpg,1077,196,1178,292,719,216
00010223.jpg,1078,196,1179,292,719,216
00010224.jpg,1079,196,1180,292,719,216
00010225.jpg,1079,196,1180,292,719,216
00010226.jpg,1081,196,1182,292,719,216
00010227.jpg,1082,195,1183,291,719,216
00010228.jpg,1083,195,1184,291,719,216
00010229.jpg,1084,195,1185,291,721,216
00010230.jpg,1085,195,1186,291,721,216
00010231.jpg,1085,195,1186,291,725,214
00010232.jpg,1086,195,1187,291,728,212
00010233.jpg,1087,195,1188,291,728,212
00010234.jpg,1088,195,1189,291,728,212
00010235.jpg,1089,195,1190,291,728,212
00010236.jpg,1090,195,1191,291,728,212
00010237.jpg,1091,191,1186,287,728,212
00010238.jpg,1091,191,1186,287,729,213
00010239.jpg,1092,191,1187,287,729,215
00010240.jpg,1093,191,1188,287,729,215
00010241.jpg,1093,191,1188,287,729,215
00010242.jpg,1094,191,1189,287,729,215
00010243.jpg,1094,191,1189,287,729,215
00010244.jpg,1095,191,1190,287,729,215
00010245.jpg,1095,191,1190,287,727,215
00010246.jpg,1095,191,1190,287,727,215
00010247.jpg,1096,191,1191,287,727,215
00010248.jpg,1096,191,1191,287,727,215
00010249.jpg,1096,191,1191,287,727,215
00010250.jpg,1095,191,1190,287,727,215
00010251.jpg,1095,191,1190,287,727,215
00010252.jpg,1095,191,1190,287,727,215
00010253.jpg,1098,191,1193,287,727,215
00010254.jpg,1099,190,1194,286,727,215
00010255.jpg,1099,190,1194,286,727,215
00010256.jpg,1100,190,1195,286,727,215
00010257.jpg,1100,190,1195,286,727,215
00010258.jpg,1090,191,1187,286,727,215
00010259.jpg,1090,191,1187,286,727,215
00010260.jpg,1090,191,1187,286,727,215
00010261.jpg,1090,191,1187,286,727,215
00010262.jpg,1090,191,1187,286,727,215
00010263.jpg,1090,191,1187,286,727,215
00010264.jpg,1090,191,1187,286,727,215
00010265.jpg,1091,191,1188,286,727,215
00010266.jpg,1091,191,1188,286,727,215
00010267.jpg,1090,191,1187,286,727,215
00010268.jpg,1088,191,1185,286,727,215
00010269.jpg,1088,191,1185,286,727,215
00010270.jpg,1087,191,1184,286,727,215
00010271.jpg,1086,191,1183,286,727,215
00010272.jpg,1086,191,1183,286,727,215
00010273.jpg,1085,191,1182,286,727,215
00010274.jpg,1085,191,1182,286,727,215
00010275.jpg,1085,191,1182,286,727,215
00010276.jpg,1084,191,1181,286,727,215
00010277.jpg,1084,191,1181,286,727,215
00010278.jpg,1084,191,1181,286,727,215
00010279.jpg,1083,191,1180,286,727,215
00010280.jpg,1083,191,1180,286,727,215
00010281.jpg,1082,191,1179,286,727,215
00010282.jpg,1081,191,1178,286,727,215
00010283.jpg,1081,191,1178,286,727,215
00010284.jpg,1081,191,1178,286,727,215
00010285.jpg,1081,191,1178,286,727,215
00010286.jpg,1081,191,1178,286,725,219
00010287.jpg,1082,191,1179,286,727,219
00010288.jpg,1082,191,1179,286,721,218
00010289.jpg,1082,191,1179,286,718,218
00010290.jpg,1083,191,1180,286,726,219
00010291.jpg,1083,191,1180,286,712,217
00010292.jpg,1084,190,1181,285,519,227
00010293.jpg,1084,190,1181,285,520,227
00010294.jpg,1077,190,1174,285,523,227
00010295.jpg,1077,190,1174,285,525,226
00010296.jpg,1077,190,1174,285,525,226
00010297.jpg,1077,190,1174,285,525,226
00010298.jpg,1077,190,1174,285,525,226
00010299.jpg,1078,190,1175,285,525,226
00010300.jpg,1078,190,1175,285,525,226
00010301.jpg,1074,190,1171,285,525,226
00010302.jpg,1073,190,1170,285,525,226
00010303.jpg,1073,190,1170,285,525,226
00010304.jpg,1073,190,1170,285,250,245
00010305.jpg,1073,190,1170,285,251,247
00010306.jpg,1074,190,1171,285,251,247
00010307.jpg,1074,191,1171,286,251,247
00010308.jpg,1074,191,1171,286,251,247
00010309.jpg,1074,191,1171,286,251,246
00010310.jpg,1075,191,1172,286,251,246
00010311.jpg,1076,193,1168,285,251,246
00010312.jpg,1076,193,1168,285,251,246
00010313.jpg,1076,193,1168,285,251,246
00010314.jpg,1077,193,1169,285,251,246
00010315.jpg,1077,193,1169,285,251,246
00010316.jpg,1077,193,1169,285,251,246
00010317.jpg,1077,193,1169,285,251,246
00010318.jpg,1077,193,1169,285,251,246
00010319.jpg,1078,193,1170,285,251,246
00010320.jpg,1078,193,1170,285,251,246
00010321.jpg,1078,193,1170,285,251,246
00010322.jpg,1078,193,1170,285,251,246
00010323.jpg,1078,193,1170,285,251,246
00010324.jpg,1078,193,1170,285,251,246
00010325.jpg,1078,193,1170,285,251,245
00010326.jpg,1078,193,1170,285,252,245
00010327.jpg,1078,193,1170,285,252,245
00010328.jpg,1078,193,1170,285,254,244
00010329.jpg,1077,193,1169,285,255,244
00010330.jpg,1077,193,1169,285,255,244
00010331.jpg,1077,193,1169,285,255,244
00010332.jpg,1077,193,1169,285,255,244
00010333.jpg,1076,193,1168,285,255,244
00010334.jpg,1076,193,1168,285,930,401
00010335.jpg,1076,193,1168,285,930,401
00010336.jpg,1076,193,1168,285,939,403
00010337.jpg,1074,193,1166,285,939,403
00010338.jpg,1073,193,1165,285,939,403
00010339.jpg,1072,193,1164,285,940,403
00010340.jpg,1071,193,1163,285,943,403
00010341.jpg,1071,193,1163,285,944,403
00010342.jpg,1070,193,1162,285,944,403
00010343.jpg,1070,193,1162,285,944,403
00010344.jpg,1069,193,1161,285,944,403
00010345.jpg,1069,193,1161,285,944,403
00010346.jpg,1069,192,1161,284,944,403
00010347.jpg,1068,192,1160,284,947,403
00010348.jpg,1068,192,1160,284,948,403
00010349.jpg,1067,192,1159,284,948,403
00010350.jpg,1067,192,1159,284,948,403
00010351.jpg,1066,192,1158,284,948,403
00010352.jpg,1066,191,1158,283,948,403
00010353.jpg,1065,192,1157,284,948,403
00010354.jpg,1065,192,1157,284,948,403
00010355.jpg,1065,192,1157,284,948,403
00010356.jpg,1065,191,1157,283,830,371
00010357.jpg,1065,191,1157,283,780,371
00010358.jpg,1065,191,1157,283,507,221
00010359.jpg,1065,191,1157,283,507,221
00010360.jpg,1064,191,1156,283,507,221
00010361.jpg,1064,190,1156,282,507,221
00010362.jpg,1063,191,1155,283,507,221
00010363.jpg,1063,191,1155,283,507,221
00010364.jpg,1063,191,1155,283,504,222
00010365.jpg,1063,191,1155,283,504,222
00010366.jpg,1062,191,1154,283,504,222
00010367.jpg,1062,190,1154,282,504,222
00010368.jpg,1062,190,1154,282,504,222
00010369.jpg,1062,190,1154,282,504,222
00010370.jpg,1062,190,1154,282,504,222
00010371.jpg,1062,190,1154,282,504,222
00010372.jpg,1062,190,1154,282,504,222
00010373.jpg,1062,189,1154,281,504,222
00010374.jpg,1062,189,1154,281,504,222
00010375.jpg,1062,189,1154,281,504,222
00010376.jpg,1062,189,1154,281,504,222
00010377.jpg,1062,189,1154,281,504,222
00010378.jpg,1061,189,1153,281,504,222
00010379.jpg,1061,189,1153,281,504,222
00010380.jpg,1061,189,1153,281,504,222
00010381.jpg,1060,189,1152,281,504,222
00010382.jpg,1060,189,1152,281,504,222
00010383.jpg,1060,189,1152,281,504,222
00010384.jpg,1059,188,1151,280,504,222
00010385.jpg,1059,188,1151,280,504,222
00010386.jpg,1059,188,1151,280,504,222
00010387.jpg,1058,188,1150,280,505,224
00010388.jpg,1058,188,1150,280,505,225
00010389.jpg,1057,188,1149,280,505,225
00010390.jpg,1056,188,1148,280,505,225
00010391.jpg,1056,188,1148,280,505,225
00010392.jpg,1055,189,1147,281,504,224
00010393.jpg,1055,189,1147,281,504,224
00010394.jpg,1054,189,1146,281,504,224
00010395.jpg,1054,188,1146,280,504,224
00010396.jpg,1054,188,1146,280,504,224
00010397.jpg,1054,188,1146,280,504,224
00010398.jpg,1054,188,1146,280,504,224
00010399.jpg,1053,188,1145,280,504,224
00010400.jpg,1053,188,1145,280,504,224
00010401.jpg,1053,188,1145,280,504,224
00010402.jpg,1053,188,1145,280,504,224
00010403.jpg,1052,188,1144,280,506,222
00010404.jpg,1052,187,1144,279,506,222
00010405.jpg,1052,187,1144,279,506,222
00010406.jpg,1052,187,1144,279,508,222
00010407.jpg,1052,187,1144,279,508,222
00010408.jpg,1052,187,1144,279,508,222
00010409.jpg,1052,187,1144,279,508,222
00010410.jpg,1052,187,1144,279,508,222
00010411.jpg,1052,187,1144,279,509,223
00010412.jpg,1052,187,1144,279,509,228
00010413.jpg,1052,187,1144,279,508,226
00010414.jpg,1052,187,1144,279,509,228
00010415.jpg,1052,187,1144,279,510,228
00010416.jpg,1052,187,1144,279,510,225
00010417.jpg,1052,187,1144,279,510,225
00010418.jpg,1053,187,1145,279,510,224
00010419.jpg,1052,187,1144,279,510,224
00010420.jpg,1052,187,1144,279,510,223
00010421.jpg,1052,186,1144,278,768,374
00010422.jpg,1052,186,1144,278,768,374
00010423.jpg,1052,186,1144,278,768,374
00010424.jpg,1052,186,1144,278,768,374
00010425.jpg,1052,187,1144,279,768,374
00010426.jpg,1052,187,1144,279,768,374
00010427.jpg,1052,187,1144,279,768,374
00010428.jpg,1051,187,1143,279,768,374
00010429.jpg,1051,187,1143,279,768,374
00010430.jpg,1051,187,1143,279,768,374
