00012237.jpg,182,27,473,349,765,90
00012238.jpg,182,27,473,349,756,93
00012239.jpg,182,27,473,349,735,91
00012240.jpg,185,27,476,349,722,96
00012241.jpg,188,27,479,349,711,96
00012242.jpg,190,26,481,348,711,96
00012243.jpg,193,25,484,347,697,98
00012244.jpg,194,25,485,347,697,98
00012245.jpg,193,25,484,347,684,99
00012246.jpg,192,25,483,347,680,99
00012247.jpg,190,25,481,347,677,91
00012248.jpg,186,25,477,347,672,86
00012249.jpg,183,25,474,347,665,88
00012250.jpg,180,24,471,346,655,88
00012251.jpg,177,24,468,346,655,88
00012252.jpg,174,24,465,346,654,88
00012253.jpg,169,23,460,345,647,89
00012254.jpg,166,22,457,344,641,84
00012255.jpg,163,21,454,343,636,84
00012256.jpg,160,20,451,342,629,81
00012257.jpg,156,18,447,340,624,83
00012258.jpg,151,16,442,338,624,83
00012259.jpg,148,15,439,337,619,84
00012260.jpg,146,14,437,336,620,84
00012261.jpg,144,12,435,334,616,88
00012262.jpg,143,11,434,333,616,89
00012263.jpg,142,10,433,332,611,89
00012264.jpg,140,8,431,330,611,91
00012265.jpg,139,7,430,329,609,89
00012266.jpg,139,7,430,329,609,89
00012267.jpg,139,6,430,328,609,89
00012268.jpg,139,6,430,328,609,89
00012269.jpg,139,6,430,328,609,89
00012270.jpg,140,6,431,328,609,89
00012271.jpg,140,6,431,328,609,89
00012272.jpg,141,5,432,327,609,89
00012273.jpg,142,6,433,328,609,89
00012274.jpg,143,6,434,328,609,89
00012275.jpg,144,6,435,328,609,89
00012276.jpg,145,8,436,330,611,90
00012277.jpg,145,7,436,329,617,91
00012278.jpg,146,7,437,329,619,91
00012279.jpg,146,7,437,329,620,88
00012280.jpg,146,7,437,329,617,86
00012281.jpg,146,7,437,329,617,86
00012282.jpg,146,7,437,329,617,86
00012283.jpg,147,7,438,329,617,86
00012284.jpg,147,7,438,329,617,86
00012285.jpg,147,7,438,329,617,86
00012286.jpg,147,7,438,329,617,86
00012287.jpg,148,8,439,330,617,86
00012288.jpg,147,7,438,329,617,86
00012289.jpg,147,7,438,329,614,89
00012290.jpg,147,6,438,328,614,89
00012291.jpg,146,6,437,328,614,89
00012292.jpg,146,7,437,329,612,86
00012293.jpg,146,7,437,329,612,86
00012294.jpg,147,7,438,329,612,86
00012295.jpg,147,7,438,329,612,86
00012296.jpg,147,8,438,330,-1,-1
00012297.jpg,146,8,437,330,-1,-1
00012298.jpg,143,8,434,330,-1,-1
00012299.jpg,142,7,433,329,-1,-1
00012300.jpg,141,6,432,325,-1,-1
00012301.jpg,139,5,430,320,-1,-1
00012302.jpg,137,4,428,316,-1,-1
00012303.jpg,133,1,424,313,-1,-1
00012304.jpg,133,1,424,313,607,86
00012305.jpg,132,0,423,312,607,86
00012306.jpg,132,0,423,312,607,86
00012307.jpg,132,0,423,312,607,86
00012308.jpg,132,0,423,312,607,86
00012309.jpg,132,0,423,312,607,86
00012310.jpg,132,0,423,312,607,86
00012311.jpg,133,0,424,312,607,86
00012312.jpg,134,0,425,312,607,86
00012313.jpg,138,0,429,312,607,86
00012314.jpg,140,0,431,312,607,86
00012315.jpg,142,0,433,312,607,86
00012316.jpg,142,0,433,312,607,86
00012317.jpg,142,0,433,312,607,86
00012318.jpg,142,0,433,312,607,86
00012319.jpg,143,0,434,312,607,86
00012320.jpg,146,0,437,312,607,86
00012321.jpg,146,0,437,312,607,86
00012322.jpg,146,0,437,312,607,86
00012323.jpg,146,0,437,312,607,86
00012324.jpg,146,0,437,312,607,80
00012325.jpg,147,0,438,312,607,78
00012326.jpg,147,0,438,312,605,78
00012327.jpg,147,0,438,312,605,78
00012328.jpg,145,0,436,312,605,78
00012329.jpg,144,0,435,312,605,78
00012330.jpg,144,0,435,312,605,76
00012331.jpg,144,0,435,312,607,66
00012332.jpg,146,0,437,312,607,65
00012333.jpg,147,0,438,312,607,64
00012334.jpg,146,0,437,312,609,63
00012335.jpg,146,0,437,312,609,63
00012336.jpg,147,0,438,312,609,63
00012337.jpg,147,0,438,312,609,63
00012338.jpg,147,0,438,312,610,63
