00000989.jpg,404,171,532,312,785,239
00000990.jpg,404,171,532,312,787,239
00000991.jpg,404,171,532,312,790,243
00000992.jpg,404,171,532,312,790,241
00000993.jpg,404,171,532,312,792,244
00000994.jpg,404,171,532,312,796,245
00000995.jpg,404,171,532,312,794,246
00000996.jpg,405,172,533,313,795,246
00000997.jpg,405,172,533,313,797,247
00000998.jpg,405,172,533,313,797,248
00000999.jpg,406,172,534,313,800,247
00001000.jpg,406,172,534,313,800,247
00001001.jpg,407,173,535,314,801,247
00001002.jpg,407,173,535,314,801,247
00001003.jpg,408,173,536,314,801,247
00001004.jpg,408,174,536,315,801,250
00001005.jpg,408,174,536,315,801,250
00001006.jpg,409,174,537,315,801,252
00001007.jpg,409,174,537,315,801,252
00001008.jpg,410,174,538,315,801,252
00001009.jpg,410,174,538,315,801,252
00001010.jpg,410,174,538,315,802,253
00001011.jpg,410,174,538,315,803,252
00001012.jpg,410,174,538,315,801,252
00001013.jpg,410,174,538,315,803,252
00001014.jpg,410,174,538,315,801,253
00001015.jpg,410,174,538,315,802,253
00001016.jpg,410,174,538,315,802,253
00001017.jpg,410,174,538,315,802,253
00001018.jpg,410,174,538,315,802,253
00001019.jpg,410,174,538,315,802,253
00001020.jpg,410,174,538,315,802,253
00001021.jpg,410,174,538,315,802,253
00001022.jpg,410,174,538,315,802,253
00001023.jpg,410,174,538,315,802,253
00001024.jpg,410,174,538,315,800,252
00001025.jpg,410,174,538,315,800,252
00001026.jpg,409,174,537,315,800,252
00001027.jpg,409,174,537,315,799,252
00001028.jpg,409,174,537,315,799,252
00001029.jpg,409,174,537,315,798,250
00001030.jpg,409,174,537,315,796,250
00001031.jpg,409,174,537,315,794,248
00001032.jpg,408,174,536,315,788,245
00001033.jpg,408,174,536,315,784,243
00001034.jpg,408,174,536,315,783,243
00001035.jpg,408,174,536,315,782,243
00001036.jpg,408,174,536,315,782,242
00001037.jpg,407,174,535,315,780,240
00001038.jpg,407,174,535,315,780,241
00001039.jpg,407,174,535,315,780,241
00001040.jpg,407,174,535,315,780,241
00001041.jpg,407,174,535,315,781,241
00001042.jpg,406,174,534,315,781,241
00001043.jpg,406,174,534,315,781,241
00001044.jpg,406,174,534,315,781,241
00001045.jpg,405,174,533,315,781,241
00001046.jpg,405,174,533,315,781,241
00001047.jpg,404,174,532,315,781,241
00001048.jpg,404,174,532,315,781,241
00001049.jpg,404,174,532,315,781,241
