00000989.jpg,753,155,876,295,559,496
00000990.jpg,753,155,876,295,559,496
00000991.jpg,753,155,876,295,622,591
00000992.jpg,753,155,876,295,623,591
00000993.jpg,753,155,876,295,-1,-1
00000994.jpg,753,155,876,295,-1,-1
00000995.jpg,753,155,876,295,-1,-1
00000996.jpg,753,155,876,295,-1,-1
00000997.jpg,753,155,876,295,-1,-1
00000998.jpg,753,155,876,295,-1,-1
00000999.jpg,753,155,876,295,-1,-1
00001000.jpg,753,155,876,295,-1,-1
00001001.jpg,753,156,876,296,-1,-1
00001002.jpg,753,156,876,296,-1,-1
00001003.jpg,753,156,876,296,-1,-1
00001004.jpg,753,156,876,296,-1,-1
00001005.jpg,753,156,876,296,-1,-1
00001006.jpg,753,156,876,296,-1,-1
00001007.jpg,753,156,876,296,-1,-1
00001008.jpg,753,156,876,296,-1,-1
00001009.jpg,753,156,876,296,-1,-1
00001010.jpg,753,156,876,296,-1,-1
00001011.jpg,753,156,876,296,-1,-1
00001012.jpg,753,156,876,296,-1,-1
00001013.jpg,753,156,876,296,-1,-1
00001014.jpg,753,156,876,296,-1,-1
00001015.jpg,753,156,876,296,-1,-1
00001016.jpg,753,156,876,296,-1,-1
00001017.jpg,753,156,876,296,-1,-1
00001018.jpg,753,157,876,297,-1,-1
00001019.jpg,753,157,876,297,-1,-1
00001020.jpg,753,157,876,297,-1,-1
00001021.jpg,753,157,876,297,-1,-1
00001022.jpg,753,157,876,297,-1,-1
00001023.jpg,753,157,876,297,-1,-1
00001024.jpg,753,157,876,297,-1,-1
00001025.jpg,753,157,876,297,-1,-1
00001026.jpg,753,157,876,297,-1,-1
00001027.jpg,753,157,876,297,-1,-1
00001028.jpg,753,157,876,297,688,595
00001029.jpg,753,157,876,297,619,591
00001030.jpg,752,157,875,297,619,591
00001031.jpg,752,157,875,297,554,500
00001032.jpg,752,157,875,297,481,444
00001033.jpg,752,157,875,297,478,443
00001034.jpg,752,157,875,297,480,443
00001035.jpg,752,157,875,297,480,446
00001036.jpg,752,157,875,297,480,444
00001037.jpg,752,157,875,297,479,443
00001038.jpg,753,157,876,297,481,445
00001039.jpg,753,156,876,296,478,443
00001040.jpg,753,156,876,296,481,444
00001041.jpg,753,156,876,296,479,443
00001042.jpg,753,156,876,296,480,444
00001043.jpg,753,156,876,296,479,444
00001044.jpg,753,156,876,296,479,443
00001045.jpg,753,156,876,296,480,443
00001046.jpg,753,156,876,296,480,444
00001047.jpg,753,156,876,296,478,443
00001048.jpg,753,156,876,296,480,445
00001049.jpg,753,156,876,296,478,445
