00009833.jpg,477,196,568,283,727,234
00009834.jpg,477,196,568,283,727,234
00009835.jpg,477,196,568,283,727,234
00009836.jpg,477,196,568,283,727,234
00009837.jpg,476,196,567,283,727,234
00009838.jpg,476,196,567,283,727,234
00009839.jpg,475,196,566,283,727,234
00009840.jpg,475,195,566,282,727,234
00009841.jpg,474,195,565,282,727,234
00009842.jpg,474,195,565,282,727,234
00009843.jpg,473,195,564,282,727,234
00009844.jpg,473,195,564,282,727,234
00009845.jpg,472,195,563,282,727,234
00009846.jpg,471,195,562,282,727,234
00009847.jpg,471,194,562,281,727,234
00009848.jpg,470,194,561,281,727,234
00009849.jpg,469,194,560,281,727,234
00009850.jpg,469,194,560,281,727,234
00009851.jpg,468,194,559,281,727,234
00009852.jpg,467,194,558,281,727,234
00009853.jpg,467,194,558,281,727,234
00009854.jpg,466,194,557,281,727,234
00009855.jpg,465,194,556,281,727,234
00009856.jpg,465,194,556,281,727,234
00009857.jpg,464,194,555,281,727,234
00009858.jpg,464,194,555,281,727,234
00009859.jpg,474,194,559,279,672,187
00009860.jpg,474,194,559,279,670,189
00009861.jpg,474,194,559,279,670,186
00009862.jpg,474,194,559,279,668,187
00009863.jpg,473,194,558,279,668,183
00009864.jpg,473,194,558,279,668,185
00009865.jpg,473,194,558,279,663,186
00009866.jpg,472,194,557,279,666,186
00009867.jpg,475,191,561,279,668,185
00009868.jpg,475,191,561,279,670,186
00009869.jpg,475,191,561,279,670,186
00009870.jpg,475,191,561,279,670,186
00009871.jpg,474,191,560,279,670,186
00009872.jpg,474,191,560,279,670,186
00009873.jpg,473,191,559,279,670,186
00009874.jpg,473,191,559,279,670,186
00009875.jpg,472,191,558,279,670,186
00009876.jpg,472,191,558,279,670,186
00009877.jpg,472,191,558,279,670,186
00009878.jpg,471,191,557,279,670,186
00009879.jpg,471,191,557,279,670,186
00009880.jpg,471,191,557,279,670,186
00009881.jpg,475,190,561,278,670,186
00009882.jpg,475,190,561,278,670,186
00009883.jpg,475,190,561,278,670,186
00009884.jpg,475,190,561,278,670,186
00009885.jpg,474,190,560,278,670,186
00009886.jpg,474,190,560,278,670,186
00009887.jpg,473,190,559,278,670,186
00009888.jpg,473,190,559,278,670,186
00009889.jpg,473,190,559,278,670,186
00009890.jpg,472,190,558,278,670,186
00009891.jpg,472,190,558,278,670,186
00009892.jpg,472,190,558,278,670,186
00009893.jpg,474,197,563,281,670,186
00009894.jpg,474,197,563,281,670,186
00009895.jpg,474,197,563,281,669,186
00009896.jpg,474,197,563,281,669,186
00009897.jpg,473,197,562,281,669,186
00009898.jpg,473,197,562,281,669,186
00009899.jpg,473,197,562,281,669,186
00009900.jpg,473,197,562,281,669,186
00009901.jpg,473,197,562,281,669,186
00009902.jpg,472,197,561,281,669,186
00009903.jpg,472,197,561,281,669,186
00009904.jpg,472,197,561,281,669,186
00009905.jpg,471,197,560,281,669,186
00009906.jpg,471,197,560,281,668,186
00009907.jpg,470,197,559,281,668,186
00009908.jpg,470,197,559,281,668,186
00009909.jpg,470,197,559,281,668,186
00009910.jpg,470,196,559,280,666,185
00009911.jpg,470,196,559,280,666,185
00009912.jpg,482,195,566,280,666,185
00009913.jpg,482,195,566,280,666,185
00009914.jpg,482,195,566,280,663,185
00009915.jpg,482,195,566,280,663,185
00009916.jpg,482,195,566,280,663,185
00009917.jpg,483,195,567,280,663,185
00009918.jpg,483,195,567,280,663,185
00009919.jpg,483,195,567,280,663,185
00009920.jpg,482,195,566,280,663,185
00009921.jpg,482,195,566,280,663,185
00009922.jpg,482,195,566,280,663,185
00009923.jpg,481,194,565,279,663,185
00009924.jpg,486,193,570,278,663,185
00009925.jpg,486,193,570,278,663,185
00009926.jpg,486,193,570,278,663,185
00009927.jpg,486,193,570,278,663,185
00009928.jpg,487,192,571,277,663,185
00009929.jpg,487,192,571,277,663,185
00009930.jpg,487,192,571,277,663,185
00009931.jpg,487,192,571,277,663,185
00009932.jpg,487,192,571,277,663,185
00009933.jpg,487,192,571,277,663,185
00009934.jpg,487,192,571,277,663,185
00009935.jpg,487,192,571,277,663,185
00009936.jpg,487,192,571,277,663,185
00009937.jpg,490,189,575,275,663,185
00009938.jpg,490,189,575,275,663,185
00009939.jpg,490,189,575,275,663,185
00009940.jpg,490,189,575,275,663,185
00009941.jpg,489,189,574,275,663,185
00009942.jpg,489,189,574,275,663,185
00009943.jpg,488,189,573,275,663,185
00009944.jpg,488,189,573,275,663,185
00009945.jpg,488,189,573,275,663,185
00009946.jpg,487,188,572,274,663,185
00009947.jpg,486,188,571,274,663,185
00009948.jpg,486,188,571,274,663,185
00009949.jpg,489,188,574,274,663,185
00009950.jpg,489,188,574,274,663,185
00009951.jpg,489,188,574,274,662,184
00009952.jpg,489,187,574,273,662,184
00009953.jpg,489,187,574,273,661,184
00009954.jpg,489,187,574,273,660,184
00009955.jpg,489,187,574,273,659,184
00009956.jpg,489,187,574,273,659,184
00009957.jpg,490,187,575,273,657,184
00009958.jpg,490,187,575,273,657,184
00009959.jpg,490,187,575,273,657,184
00009960.jpg,490,187,575,273,657,184
00009961.jpg,490,187,575,273,657,184
00009962.jpg,489,187,574,273,657,184
00009963.jpg,490,187,575,273,656,184
00009964.jpg,489,187,574,273,655,184
00009965.jpg,490,187,575,273,653,184
00009966.jpg,490,187,575,273,653,184
00009967.jpg,490,186,575,272,652,184
00009968.jpg,490,186,575,272,650,184
00009969.jpg,490,186,575,272,650,184
00009970.jpg,490,186,575,272,650,184
00009971.jpg,491,186,576,272,650,184
00009972.jpg,491,186,576,272,650,184
00009973.jpg,491,186,576,272,648,184
00009974.jpg,491,186,576,272,646,183
00009975.jpg,491,186,576,272,646,183
00009976.jpg,492,186,577,272,646,183
00009977.jpg,492,186,577,272,646,183
00009978.jpg,492,186,577,272,646,183
00009979.jpg,492,186,577,272,646,183
00009980.jpg,492,186,577,272,646,183
00009981.jpg,492,186,577,272,646,183
00009982.jpg,492,186,577,272,646,183
00009983.jpg,491,186,576,272,646,183
00009984.jpg,491,186,576,272,643,183
00009985.jpg,491,186,576,272,641,183
00009986.jpg,491,186,576,272,641,183
00009987.jpg,491,186,576,272,640,183
00009988.jpg,491,186,576,272,640,183
00009989.jpg,491,186,576,272,639,183
00009990.jpg,491,186,576,272,639,183
00009991.jpg,491,186,576,272,639,183
00009992.jpg,491,185,576,271,639,183
00009993.jpg,491,185,576,271,639,183
00009994.jpg,491,185,576,271,637,183
00009995.jpg,491,186,576,272,635,183
00009996.jpg,491,185,576,271,632,183
00009997.jpg,491,185,576,271,632,183
00009998.jpg,491,185,576,271,631,183
00009999.jpg,491,185,576,271,630,183
00010000.jpg,491,185,576,271,630,183
00010001.jpg,490,185,575,271,630,183
00010002.jpg,490,185,575,271,630,183
00010003.jpg,489,185,574,271,630,183
00010004.jpg,489,185,574,271,628,183
00010005.jpg,488,185,573,271,626,183
00010006.jpg,487,185,572,271,626,183
00010007.jpg,487,185,572,271,626,183
00010008.jpg,486,185,571,271,626,183
00010009.jpg,486,185,571,271,626,183
00010010.jpg,485,185,570,271,626,183
00010011.jpg,485,185,570,271,626,183
00010012.jpg,485,186,570,272,626,183
00010013.jpg,485,186,570,272,625,183
00010014.jpg,484,186,569,272,621,183
00010015.jpg,489,187,569,269,743,214
00010016.jpg,489,187,569,269,743,213
00010017.jpg,488,187,568,269,741,213
00010018.jpg,488,187,568,269,743,213
00010019.jpg,487,186,567,268,-1,-1
00010020.jpg,487,187,567,269,-1,-1
00010021.jpg,487,187,567,269,-1,-1
00010022.jpg,486,187,566,269,-1,-1
00010023.jpg,486,187,566,269,-1,-1
00010024.jpg,485,187,565,269,-1,-1
00010025.jpg,484,187,564,269,-1,-1
00010026.jpg,484,186,564,268,-1,-1
00010027.jpg,483,187,563,269,-1,-1
00010028.jpg,483,186,563,268,-1,-1
00010029.jpg,482,186,562,268,-1,-1
00010030.jpg,482,186,562,268,-1,-1
00010031.jpg,481,186,561,268,-1,-1
00010032.jpg,480,187,560,269,-1,-1
00010033.jpg,480,187,560,269,-1,-1
00010034.jpg,479,187,559,269,-1,-1
00010035.jpg,479,187,559,269,-1,-1
00010036.jpg,478,187,558,269,-1,-1
00010037.jpg,477,187,557,269,-1,-1
00010038.jpg,477,187,557,269,-1,-1
00010039.jpg,476,187,556,269,-1,-1
00010040.jpg,476,187,556,269,-1,-1
