00009920.jpg,840,126,994,290,502,149
00009921.jpg,840,126,994,290,501,149
00009922.jpg,840,126,994,290,501,149
00009923.jpg,840,126,994,290,501,149
00009924.jpg,841,126,995,290,501,149
00009925.jpg,841,126,995,290,501,149
00009926.jpg,843,126,997,290,501,149
00009927.jpg,844,126,998,290,501,149
00009928.jpg,846,126,1000,290,501,149
00009929.jpg,847,126,1001,290,501,149
00009930.jpg,849,126,1003,290,501,149
00009931.jpg,849,126,1003,290,501,149
00009932.jpg,850,127,1004,291,501,149
00009933.jpg,851,126,1005,290,501,149
00009934.jpg,853,126,1007,290,501,149
00009935.jpg,854,127,1008,291,501,149
00009936.jpg,856,126,1010,290,501,149
00009937.jpg,856,126,1010,290,501,149
00009938.jpg,857,126,1011,290,501,149
00009939.jpg,859,126,1013,290,503,148
00009940.jpg,861,126,1015,290,501,149
00009941.jpg,862,126,1016,290,504,148
00009942.jpg,864,125,1018,289,501,149
00009943.jpg,864,125,1018,289,505,147
00009944.jpg,865,125,1019,289,502,146
00009945.jpg,866,125,1020,289,505,147
00009946.jpg,868,125,1022,289,507,147
00009947.jpg,868,125,1022,289,511,148
00009948.jpg,869,125,1023,289,515,148
00009949.jpg,869,125,1023,289,515,148
00009950.jpg,870,125,1024,289,518,150
00009951.jpg,871,125,1025,289,521,151
00009952.jpg,872,124,1026,288,523,151
00009953.jpg,873,124,1027,288,526,152
00009954.jpg,874,125,1028,289,526,154
00009955.jpg,874,125,1028,289,527,155
00009956.jpg,874,125,1028,289,527,156
00009957.jpg,875,125,1029,289,528,156
00009958.jpg,875,125,1029,289,527,157
00009959.jpg,876,124,1030,288,528,156
00009960.jpg,877,124,1031,288,527,156
00009961.jpg,877,124,1031,288,527,156
00009962.jpg,877,125,1031,289,527,156
00009963.jpg,877,125,1031,289,529,156
00009964.jpg,877,125,1031,289,529,158
00009965.jpg,878,125,1032,289,529,156
00009966.jpg,878,125,1032,289,527,156
00009967.jpg,878,125,1032,289,526,158
00009968.jpg,878,125,1032,289,528,159
00009969.jpg,878,125,1032,289,528,159
00009970.jpg,879,125,1033,289,529,160
00009971.jpg,879,126,1033,290,530,159
00009972.jpg,879,126,1033,290,528,158
00009973.jpg,879,126,1033,290,527,157
00009974.jpg,879,126,1033,290,527,156
00009975.jpg,879,126,1033,290,528,156
00009976.jpg,880,127,1034,291,523,156
00009977.jpg,880,127,1034,291,521,156
00009978.jpg,880,127,1034,291,519,156
00009979.jpg,880,127,1034,291,520,155
00009980.jpg,880,127,1034,291,521,156
00009981.jpg,881,128,1035,292,519,156
00009982.jpg,882,128,1036,292,519,155
00009983.jpg,886,121,1058,302,519,158
00009984.jpg,886,121,1058,302,517,159
00009985.jpg,886,121,1058,302,518,158
00009986.jpg,887,121,1059,302,518,158
00009987.jpg,887,121,1059,302,516,158
00009988.jpg,888,122,1060,303,515,160
00009989.jpg,888,123,1060,304,515,161
00009990.jpg,889,123,1061,304,516,161
00009991.jpg,889,124,1061,305,514,160
00009992.jpg,890,124,1062,305,515,161
00009993.jpg,890,124,1062,305,514,162
00009994.jpg,890,125,1062,306,513,164
00009995.jpg,891,125,1063,306,513,164
00009996.jpg,892,126,1064,307,513,164
00009997.jpg,893,126,1065,307,512,164
00009998.jpg,893,126,1065,307,512,164
00009999.jpg,893,127,1065,308,511,166
00010000.jpg,894,128,1066,309,512,165
00010001.jpg,895,128,1067,309,511,166
00010002.jpg,895,129,1067,310,510,166
00010003.jpg,896,130,1068,311,510,167
00010004.jpg,896,130,1068,311,511,165
00010005.jpg,896,130,1068,311,510,167
00010006.jpg,897,130,1069,311,510,168
00010007.jpg,898,131,1070,312,510,167
00010008.jpg,898,132,1070,313,510,168
00010009.jpg,899,132,1071,313,510,169
00010010.jpg,899,132,1071,313,510,170
