00007762.jpg,652,402,834,611,976,640
00007763.jpg,652,402,834,611,976,640
00007764.jpg,652,402,834,611,976,640
00007765.jpg,652,402,834,611,976,640
00007766.jpg,652,401,834,610,976,640
00007767.jpg,653,399,835,608,976,640
00007768.jpg,659,396,841,605,976,640
00007769.jpg,662,393,844,602,976,639
00007770.jpg,663,394,845,603,976,636
00007771.jpg,665,395,847,604,977,634
00007772.jpg,669,393,851,602,977,634
00007773.jpg,669,389,851,598,977,629
00007774.jpg,671,385,853,594,976,626
00007775.jpg,673,380,855,589,976,624
00007776.jpg,674,376,856,585,972,631
00007777.jpg,678,376,860,585,971,624
00007778.jpg,681,377,863,586,972,623
00007779.jpg,682,377,864,586,969,620
00007780.jpg,682,377,864,586,956,610
00007781.jpg,682,376,864,585,953,602
00007782.jpg,682,375,864,584,939,600
00007783.jpg,682,375,864,584,931,595
00007784.jpg,704,372,874,569,916,582
00007785.jpg,704,372,874,569,901,579
00007786.jpg,704,372,874,569,876,579
00007787.jpg,703,372,873,569,866,574
00007788.jpg,703,372,873,569,855,571
00007789.jpg,703,371,873,568,-1,-1
00007790.jpg,691,367,861,564,525,504
00007791.jpg,688,364,858,561,525,504
00007792.jpg,687,364,857,561,524,504
00007793.jpg,686,364,856,561,518,505
00007794.jpg,685,365,855,562,518,505
00007795.jpg,685,366,855,563,518,505
00007796.jpg,684,367,854,564,518,505
00007797.jpg,684,370,854,567,518,505
00007798.jpg,683,371,853,568,518,505
00007799.jpg,683,372,853,569,518,505
00007800.jpg,682,373,852,570,514,505
00007801.jpg,682,373,852,570,514,505
00007802.jpg,682,374,852,571,513,505
00007803.jpg,683,374,853,571,513,505
00007804.jpg,684,375,854,572,513,505
00007805.jpg,684,378,854,575,511,505
00007806.jpg,686,379,856,576,509,505
00007807.jpg,686,378,856,575,508,505
00007808.jpg,687,377,857,574,508,504
00007809.jpg,689,375,859,572,506,502
00007810.jpg,703,372,873,569,506,501
00007811.jpg,704,372,874,569,506,501
00007812.jpg,704,372,874,569,505,500
00007813.jpg,704,372,874,569,505,500
00007814.jpg,704,372,874,569,505,500
00007815.jpg,720,375,886,573,505,500
00007816.jpg,720,375,886,573,505,500
00007817.jpg,720,375,886,573,504,500
00007818.jpg,720,375,886,573,503,498
00007819.jpg,720,375,886,573,502,496
00007820.jpg,720,375,886,573,502,496
00007821.jpg,720,375,886,573,502,496
00007822.jpg,736,374,900,564,502,496
00007823.jpg,736,374,900,564,502,496
00007824.jpg,736,374,900,564,502,496
00007825.jpg,737,374,901,564,502,496
00007826.jpg,737,374,901,564,502,496
00007827.jpg,737,374,901,564,502,496
00007828.jpg,737,374,901,564,502,496
00007829.jpg,737,374,901,564,503,495
00007830.jpg,737,374,901,564,503,495
00007831.jpg,737,374,901,564,505,494
00007832.jpg,737,374,901,564,508,494
00007833.jpg,737,374,901,564,512,494
00007834.jpg,737,373,901,563,515,492
00007835.jpg,737,374,901,564,515,492
00007836.jpg,736,374,900,564,677,680
00007837.jpg,736,374,900,564,682,688
00007838.jpg,747,380,911,570,678,693
00007839.jpg,748,385,912,575,678,698
00007840.jpg,749,386,913,576,674,695
00007841.jpg,749,386,913,576,667,698
