00007762.jpg,1276,214,1393,332,957,384
00007763.jpg,1276,214,1393,332,958,388
00007764.jpg,1276,212,1382,335,988,384
00007765.jpg,1276,212,1382,335,975,386
00007766.jpg,1275,212,1381,335,1167,396
00007767.jpg,1272,213,1378,336,1190,390
00007768.jpg,1266,220,1372,343,1205,389
00007769.jpg,1264,221,1370,344,1215,390
00007770.jpg,1262,221,1368,344,1219,393
00007771.jpg,1258,224,1364,347,1220,394
00007772.jpg,1256,227,1362,350,1220,394
00007773.jpg,1253,227,1359,350,1220,398
00007774.jpg,1253,227,1359,350,1220,398
00007775.jpg,1252,227,1358,350,1220,398
00007776.jpg,1252,227,1358,350,1220,399
00007777.jpg,1252,227,1358,350,1220,399
00007778.jpg,1252,227,1358,350,1219,399
00007779.jpg,1251,227,1357,350,1212,399
00007780.jpg,1251,227,1357,350,1212,399
00007781.jpg,1251,227,1357,350,1212,399
00007782.jpg,1251,227,1357,350,1212,399
00007783.jpg,1251,227,1357,350,1212,399
00007784.jpg,1251,226,1357,349,1210,399
00007785.jpg,1252,224,1358,347,1210,399
00007786.jpg,1252,223,1358,346,1213,396
00007787.jpg,1252,223,1358,346,1214,396
00007788.jpg,1252,223,1358,346,1215,396
00007789.jpg,1253,222,1359,345,1219,396
00007790.jpg,1253,222,1359,345,1212,402
00007791.jpg,1253,222,1359,345,1212,402
00007792.jpg,1254,223,1360,346,1212,402
00007793.jpg,1254,223,1360,346,1212,402
00007794.jpg,1249,216,1363,344,1212,402
00007795.jpg,1249,216,1363,344,1212,402
00007796.jpg,1249,216,1363,344,1212,402
00007797.jpg,1249,216,1363,344,1212,402
00007798.jpg,1249,216,1363,344,1212,402
00007799.jpg,1249,216,1363,344,1212,402
00007800.jpg,1249,216,1363,344,1212,402
00007801.jpg,1249,216,1363,344,1212,402
00007802.jpg,1249,216,1363,344,1212,402
00007803.jpg,1249,216,1363,344,1211,413
00007804.jpg,1249,216,1363,344,1212,402
00007805.jpg,1249,216,1363,344,1211,402
00007806.jpg,1249,216,1363,344,1209,409
00007807.jpg,1249,216,1363,344,1211,409
00007808.jpg,1249,216,1363,344,1212,409
00007809.jpg,1249,216,1363,344,1215,406
00007810.jpg,1249,216,1363,344,1216,402
00007811.jpg,1249,216,1363,344,1216,401
00007812.jpg,1249,216,1363,344,1214,400
00007813.jpg,1249,216,1363,344,1217,391
00007814.jpg,1249,216,1363,344,1217,393
00007815.jpg,1249,216,1363,344,1217,385
00007816.jpg,1249,216,1363,344,1219,383
00007817.jpg,1249,216,1363,344,1219,376
00007818.jpg,1249,216,1363,344,1224,372
00007819.jpg,1249,216,1363,344,1229,363
00007820.jpg,1249,216,1363,344,1236,355
00007821.jpg,1249,216,1363,344,1236,355
00007822.jpg,1249,216,1363,344,1242,352
00007823.jpg,1249,216,1363,344,1244,349
00007824.jpg,1249,216,1363,344,1247,343
00007825.jpg,1249,216,1363,344,1254,339
00007826.jpg,1249,216,1363,344,1255,336
00007827.jpg,1249,216,1363,344,1257,331
00007828.jpg,1249,216,1363,344,1257,331
00007829.jpg,1249,216,1363,344,1257,329
00007830.jpg,1249,216,1363,344,1257,329
00007831.jpg,1249,216,1363,344,-1,-1
00007832.jpg,1249,216,1363,344,-1,-1
00007833.jpg,1249,216,1363,344,822,286
00007834.jpg,1249,216,1363,344,822,286
00007835.jpg,1249,216,1363,344,822,286
00007836.jpg,1249,216,1363,344,822,286
00007837.jpg,1249,216,1363,344,822,286
00007838.jpg,1249,216,1363,344,822,286
00007839.jpg,1249,216,1363,344,822,286
00007840.jpg,1249,216,1363,344,822,286
00007841.jpg,1249,216,1363,344,822,286
