00033600.jpg,171,1,248,86,338,145
00033601.jpg,174,1,258,86,349,145
00033602.jpg,179,1,267,87,359,148
00033603.jpg,188,1,277,87,368,150
00033604.jpg,198,1,286,88,378,152
00033605.jpg,207,4,295,89,389,154
00033606.jpg,216,5,304,90,400,155
00033607.jpg,225,6,313,91,411,155
00033608.jpg,234,7,322,92,418,156
00033609.jpg,243,7,331,92,430,159
00033610.jpg,252,8,340,93,440,160
00033611.jpg,261,9,349,94,450,163
00033612.jpg,270,10,358,95,461,164
00033613.jpg,279,11,367,96,472,165
00033614.jpg,288,12,377,97,482,166
00033615.jpg,298,14,386,99,494,168
00033616.jpg,307,15,395,100,504,170
00033617.jpg,316,16,404,101,514,172
00033618.jpg,325,18,414,103,524,175
00033619.jpg,335,19,423,104,532,178
00033620.jpg,344,21,433,106,542,181
00033621.jpg,354,23,442,108,553,184
00033622.jpg,363,25,451,110,403,244
00033623.jpg,375,23,468,117,407,244
00033624.jpg,383,21,481,124,414,247
00033625.jpg,390,24,488,127,423,249
00033626.jpg,397,27,495,130,424,250
00033627.jpg,403,30,501,133,429,253
00033628.jpg,409,35,507,138,438,256
00033629.jpg,415,39,513,142,441,258
00033630.jpg,420,41,518,144,451,262
00033631.jpg,426,44,524,147,451,262
00033632.jpg,431,48,529,151,458,264
00033633.jpg,437,51,535,154,462,266
00033634.jpg,447,54,545,155,469,268
00033635.jpg,458,56,555,155,476,274
00033636.jpg,464,59,562,158,486,277
00033637.jpg,470,62,569,161,492,278
00033638.jpg,476,64,576,163,494,278
00033639.jpg,482,66,583,165,498,278
00033640.jpg,488,67,590,167,502,279
00033641.jpg,493,68,596,169,507,282
00033642.jpg,498,69,602,171,516,284
00033643.jpg,503,69,608,172,520,286
00033644.jpg,508,69,614,173,523,288
00033645.jpg,512,70,619,174,528,289
00033646.jpg,516,71,623,175,529,290
00033647.jpg,519,72,626,176,532,292
00033648.jpg,522,74,629,178,537,295
00033649.jpg,523,74,630,178,540,298
00033650.jpg,524,76,631,180,540,298
00033651.jpg,525,73,633,181,542,300
00033652.jpg,526,70,636,183,542,304
00033653.jpg,526,70,636,183,540,307
00033654.jpg,526,70,636,183,540,310
00033655.jpg,525,71,635,184,540,312
00033656.jpg,526,66,630,184,538,313
00033657.jpg,526,66,630,184,537,314
00033658.jpg,519,62,630,188,-1,-1
00033659.jpg,519,62,630,188,-1,-1
00033660.jpg,518,60,629,186,-1,-1
00033661.jpg,514,57,618,182,-1,-1
00033662.jpg,514,57,618,182,-1,-1
00033663.jpg,512,56,616,181,-1,-1
00033664.jpg,510,55,614,180,-1,-1
00033665.jpg,508,54,612,179,-1,-1
00033666.jpg,506,53,610,178,-1,-1
00033667.jpg,504,52,608,177,-1,-1
00033668.jpg,502,51,606,176,709,278
00033669.jpg,501,50,605,175,709,278
00033670.jpg,498,54,598,174,709,278
00033671.jpg,498,54,598,174,706,274
00033672.jpg,498,53,598,173,706,274
00033673.jpg,498,52,598,172,706,274
00033674.jpg,498,51,598,171,705,270
00033675.jpg,498,49,598,169,705,270
00033676.jpg,498,48,598,168,705,270
00033677.jpg,497,47,597,167,706,266
00033678.jpg,499,50,596,163,707,264
00033679.jpg,499,50,596,163,-1,-1
00033680.jpg,496,49,593,162,-1,-1
00033681.jpg,494,49,588,163,-1,-1
00033682.jpg,494,49,588,163,-1,-1
00033683.jpg,489,48,583,162,286,330
00033684.jpg,484,47,578,161,292,338
00033685.jpg,478,46,572,160,301,340
00033686.jpg,472,46,566,160,316,348
00033687.jpg,466,46,560,160,334,352
00033688.jpg,460,46,554,160,341,359
00033689.jpg,455,47,549,161,360,370
00033690.jpg,450,47,544,161,376,373
00033691.jpg,447,48,541,162,388,379
00033692.jpg,444,49,538,163,405,387
00033693.jpg,442,49,536,163,419,391
00033694.jpg,440,50,534,164,425,392
00033695.jpg,438,52,532,166,430,387
00033696.jpg,435,53,529,167,436,383
00033697.jpg,432,55,526,169,436,383
00033698.jpg,429,57,523,171,436,383
00033699.jpg,426,59,520,173,436,383
00033700.jpg,422,61,516,175,439,377
00033701.jpg,414,60,514,179,445,370
00033702.jpg,414,60,514,179,447,365
00033703.jpg,408,60,508,179,448,360
00033704.jpg,404,61,504,180,448,358
00033705.jpg,399,62,499,181,447,359
00033706.jpg,398,67,498,186,447,359
00033707.jpg,394,67,494,186,446,358
00033708.jpg,388,66,486,183,446,358
00033709.jpg,388,66,486,183,444,360
00033710.jpg,383,65,481,182,444,360
00033711.jpg,378,66,476,183,444,360
00033712.jpg,373,65,471,182,442,360
00033713.jpg,367,64,465,181,442,360
00033714.jpg,361,63,459,180,436,363
00033715.jpg,355,62,453,179,434,362
00033716.jpg,348,62,446,179,434,362
00033717.jpg,342,61,440,178,431,362
00033718.jpg,335,60,433,177,424,360
00033719.jpg,328,60,426,177,420,360
00033720.jpg,320,60,418,177,415,363
00033721.jpg,312,60,410,177,406,359
00033722.jpg,302,59,400,176,404,350
00033723.jpg,302,59,400,176,398,340
