00125125.jpg,862,40,1177,383,639,364
00125126.jpg,862,40,1177,383,639,364
00125127.jpg,862,40,1177,383,644,364
00125128.jpg,862,40,1177,383,646,361
00125129.jpg,862,36,1177,379,649,361
00125130.jpg,863,33,1178,376,652,366
00125131.jpg,866,30,1181,373,651,376
00125132.jpg,870,26,1185,369,653,388
00125133.jpg,874,20,1189,363,647,393
00125134.jpg,875,12,1190,355,638,386
00125135.jpg,875,4,1190,347,634,378
00125136.jpg,872,0,1187,343,631,372
00125137.jpg,865,0,1180,343,629,364
00125138.jpg,894,5,1186,273,634,361
00125139.jpg,894,5,1186,273,634,362
00125140.jpg,899,0,1191,268,638,366
00125141.jpg,904,0,1196,268,641,366
00125142.jpg,913,0,1205,268,641,360
00125143.jpg,914,0,1206,268,641,354
00125144.jpg,908,0,1200,268,641,353
00125145.jpg,905,0,1197,268,641,353
00125146.jpg,905,0,1197,268,632,363
00125147.jpg,901,0,1193,268,624,378
00125148.jpg,894,4,1186,272,617,384
00125149.jpg,885,9,1177,277,609,389
00125150.jpg,891,3,1183,267,609,391
00125151.jpg,891,3,1183,267,614,393
00125152.jpg,884,4,1176,268,619,400
00125153.jpg,879,6,1171,270,624,405
00125154.jpg,871,9,1163,273,624,414
00125155.jpg,871,9,1163,273,626,418
