00008541.jpg,58,98,163,216,57,177
00008542.jpg,58,98,163,216,56,178
00008543.jpg,58,98,163,216,53,178
00008544.jpg,58,98,163,216,53,178
00008545.jpg,58,99,163,217,53,179
00008546.jpg,57,101,162,219,51,179
00008547.jpg,58,102,163,220,47,181
00008548.jpg,58,103,163,221,44,182
00008549.jpg,58,103,163,221,44,182
00008550.jpg,58,103,163,221,41,182
00008551.jpg,57,104,162,222,41,182
00008552.jpg,57,105,162,223,40,183
00008553.jpg,57,106,162,224,40,182
00008554.jpg,57,106,162,224,40,182
00008555.jpg,57,107,162,225,40,183
00008556.jpg,57,107,162,225,39,184
00008557.jpg,57,107,162,225,39,184
00008558.jpg,57,107,162,225,39,184
00008559.jpg,57,107,162,225,39,184
00008560.jpg,57,106,162,224,39,184
00008561.jpg,57,106,162,224,39,184
00008562.jpg,57,106,162,224,39,184
00008563.jpg,57,106,162,224,39,184
00008564.jpg,57,106,162,224,39,184
00008565.jpg,58,105,163,223,39,184
00008566.jpg,60,105,165,223,45,287
00008567.jpg,61,105,166,223,45,287
00008568.jpg,62,104,167,222,-1,-1
00008569.jpg,62,104,167,222,-1,-1
00008570.jpg,63,104,168,222,-1,-1
00008571.jpg,65,103,170,221,-1,-1
00008572.jpg,65,103,170,221,-1,-1
