00008541.jpg,227,107,310,204,-1,-1
00008542.jpg,227,107,310,204,-1,-1
00008543.jpg,227,107,310,204,-1,-1
00008544.jpg,227,107,310,204,-1,-1
00008545.jpg,227,107,310,204,-1,-1
00008546.jpg,227,108,310,205,-1,-1
00008547.jpg,226,108,309,205,-1,-1
00008548.jpg,226,108,309,205,-1,-1
00008549.jpg,225,108,308,205,-1,-1
00008550.jpg,224,109,307,206,-1,-1
00008551.jpg,223,109,306,206,-1,-1
00008552.jpg,221,109,304,206,-1,-1
00008553.jpg,220,109,303,206,-1,-1
00008554.jpg,220,109,303,206,-1,-1
00008555.jpg,218,109,301,206,-1,-1
00008556.jpg,216,109,299,206,-1,-1
00008557.jpg,214,108,297,205,-1,-1
00008558.jpg,212,108,295,205,-1,-1
00008559.jpg,212,108,295,205,-1,-1
00008560.jpg,209,107,292,204,-1,-1
00008561.jpg,207,107,290,204,-1,-1
00008562.jpg,206,107,289,204,-1,-1
00008563.jpg,205,106,288,203,-1,-1
00008564.jpg,204,106,287,203,-1,-1
00008565.jpg,204,106,287,203,-1,-1
00008566.jpg,203,105,286,202,-1,-1
00008567.jpg,201,104,284,201,-1,-1
00008568.jpg,201,104,284,201,-1,-1
00008569.jpg,200,104,283,201,-1,-1
00008570.jpg,199,104,282,201,-1,-1
00008571.jpg,199,103,282,200,-1,-1
00008572.jpg,199,103,282,200,-1,-1
