00005244.jpg,498,88,871,468,-1,-1
00005245.jpg,498,88,871,468,-1,-1
00005246.jpg,498,88,871,468,-1,-1
00005247.jpg,498,88,871,468,-1,-1
00005248.jpg,501,88,874,468,-1,-1
00005249.jpg,505,89,878,469,-1,-1
00005250.jpg,505,89,878,469,-1,-1
00005251.jpg,510,89,883,469,-1,-1
00005252.jpg,516,89,889,469,-1,-1
00005253.jpg,521,88,894,468,-1,-1
00005254.jpg,527,86,900,466,-1,-1
00005255.jpg,527,86,900,466,-1,-1
00005256.jpg,533,85,906,465,-1,-1
00005257.jpg,538,82,911,462,-1,-1
00005258.jpg,544,80,917,460,-1,-1
00005259.jpg,550,79,923,459,-1,-1
00005260.jpg,550,79,923,459,-1,-1
00005261.jpg,556,78,929,458,-1,-1
00005262.jpg,561,77,934,457,-1,-1
00005263.jpg,565,76,938,456,-1,-1
00005264.jpg,568,75,941,455,-1,-1
00005265.jpg,569,75,942,455,-1,-1
00005266.jpg,572,73,945,453,-1,-1
00005267.jpg,574,73,947,453,-1,-1
00005268.jpg,578,72,951,452,-1,-1
00005269.jpg,581,71,954,451,-1,-1
00005270.jpg,581,71,954,451,-1,-1
00005271.jpg,585,71,958,451,-1,-1
00005272.jpg,589,71,962,451,-1,-1
00005273.jpg,593,71,966,451,-1,-1
00005274.jpg,598,71,971,451,-1,-1
00005275.jpg,598,71,971,451,-1,-1
00005276.jpg,602,72,975,452,-1,-1
00005277.jpg,606,72,979,452,-1,-1
00005278.jpg,610,72,983,452,-1,-1
00005279.jpg,611,72,984,452,-1,-1
00005280.jpg,612,72,985,452,-1,-1
00005281.jpg,614,72,987,452,-1,-1
00005282.jpg,616,72,989,452,-1,-1
00005283.jpg,618,72,991,452,-1,-1
00005284.jpg,620,71,993,451,-1,-1
00005285.jpg,620,71,993,451,-1,-1
00005286.jpg,623,70,996,450,-1,-1
00005287.jpg,625,69,998,449,-1,-1
00005288.jpg,626,69,999,449,-1,-1
00005289.jpg,628,68,1001,448,-1,-1
00005290.jpg,628,67,1001,447,-1,-1
00005291.jpg,628,67,1001,447,-1,-1
00005292.jpg,627,68,1000,448,-1,-1
00005293.jpg,626,69,999,449,-1,-1
00005294.jpg,626,70,999,450,-1,-1
00005295.jpg,625,70,998,450,-1,-1
00005296.jpg,625,72,998,452,-1,-1
00005297.jpg,624,73,997,453,-1,-1
00005298.jpg,623,73,996,453,-1,-1
00005299.jpg,622,74,995,454,-1,-1
00005300.jpg,622,74,995,454,-1,-1
00005301.jpg,619,74,992,454,-1,-1
00005302.jpg,616,73,989,453,-1,-1
00005303.jpg,613,73,986,453,-1,-1
00005304.jpg,610,72,983,452,-1,-1
00005305.jpg,610,72,983,452,-1,-1
00005306.jpg,609,72,982,452,-1,-1
00005307.jpg,608,72,981,452,-1,-1
00005308.jpg,608,72,981,452,-1,-1
00005309.jpg,607,72,980,452,-1,-1
00005310.jpg,607,72,980,452,-1,-1
00005311.jpg,606,73,979,453,-1,-1
00005312.jpg,603,73,976,453,-1,-1
00005313.jpg,601,73,974,453,-1,-1
00005314.jpg,597,72,970,452,-1,-1
00005315.jpg,597,72,970,452,-1,-1
00005316.jpg,593,72,966,452,-1,-1
00005317.jpg,589,71,962,451,-1,-1
00005318.jpg,585,72,958,452,-1,-1
00005319.jpg,581,74,954,454,-1,-1
00005320.jpg,581,74,954,454,-1,-1
00005321.jpg,579,75,952,455,-1,-1
00005322.jpg,577,75,950,455,-1,-1
00005323.jpg,576,75,949,455,-1,-1
00005324.jpg,575,74,948,454,-1,-1
00005325.jpg,575,74,948,454,-1,-1
00005326.jpg,573,73,946,453,-1,-1
00005327.jpg,571,73,944,453,-1,-1
00005328.jpg,569,72,942,452,-1,-1
00005329.jpg,568,71,941,451,-1,-1
00005330.jpg,568,71,941,451,-1,-1
00005331.jpg,567,71,940,451,-1,-1
00005332.jpg,567,71,940,451,-1,-1
00005333.jpg,568,71,941,451,-1,-1
00005334.jpg,567,72,940,452,-1,-1
00005335.jpg,567,72,940,452,-1,-1
