00148891.jpg,682,249,792,367,502,516
00148892.jpg,682,249,792,367,497,519
00148893.jpg,682,249,792,367,497,519
00148894.jpg,682,249,792,367,497,519
00148895.jpg,683,250,793,368,497,519
00148896.jpg,683,250,793,368,502,889
00148897.jpg,682,251,792,369,502,889
00148898.jpg,680,252,790,370,505,889
00148899.jpg,680,253,790,371,505,889
00148900.jpg,680,254,790,372,505,889
00148901.jpg,679,255,789,373,499,523
00148902.jpg,677,256,787,374,501,519
00148903.jpg,676,257,786,375,500,522
00148904.jpg,675,257,785,375,499,521
00148905.jpg,675,256,785,374,500,521
00148906.jpg,675,256,785,374,499,521
00148907.jpg,674,256,784,374,499,521
00148908.jpg,674,256,784,374,499,521
00148909.jpg,674,256,784,374,499,521
00148910.jpg,673,257,783,375,499,521
00148911.jpg,673,257,783,375,499,521
00148912.jpg,673,257,783,375,481,331
00148913.jpg,673,257,783,375,479,334
00148914.jpg,673,257,783,375,480,334
00148915.jpg,673,257,783,375,480,333
00148916.jpg,673,256,783,374,483,335
00148917.jpg,673,256,783,374,482,335
00148918.jpg,673,256,783,374,481,335
00148919.jpg,673,256,783,374,480,335
00148920.jpg,673,256,783,374,481,336
00148921.jpg,673,256,783,374,482,336
00148922.jpg,673,256,783,374,481,336
00148923.jpg,673,256,783,374,480,336
00148924.jpg,673,256,783,374,480,336
00148925.jpg,673,256,783,374,482,336
00148926.jpg,673,256,783,374,481,336
00148927.jpg,673,257,783,375,481,336
00148928.jpg,673,257,783,375,481,336
00148929.jpg,673,257,783,375,478,336
00148930.jpg,673,256,783,374,478,336
00148931.jpg,673,256,783,374,478,336
00148932.jpg,673,256,783,374,478,336
00148933.jpg,673,255,783,373,478,336
00148934.jpg,673,254,783,372,478,336
00148935.jpg,673,253,783,371,478,336
00148936.jpg,674,252,784,370,478,336
00148937.jpg,674,252,784,370,478,336
00148938.jpg,675,250,785,368,478,336
00148939.jpg,676,249,786,367,478,336
00148940.jpg,676,248,786,366,479,337
00148941.jpg,676,247,786,365,479,337
00148942.jpg,676,247,786,365,479,335
00148943.jpg,676,246,786,364,479,335
00148944.jpg,677,246,787,364,477,335
00148945.jpg,677,246,787,364,477,335
00148946.jpg,677,246,787,364,477,335
00148947.jpg,677,246,787,364,477,335
00148948.jpg,677,246,787,364,476,335
00148949.jpg,678,246,788,364,476,335
00148950.jpg,678,247,788,365,476,335
00148951.jpg,678,247,788,365,476,335
00148952.jpg,678,248,788,366,476,335
00148953.jpg,679,248,789,366,476,335
00148954.jpg,679,248,789,366,476,335
00148955.jpg,679,248,789,366,476,335
00148956.jpg,679,249,789,367,476,335
00148957.jpg,679,249,789,367,476,335
00148958.jpg,679,249,789,367,476,335
00148959.jpg,679,249,789,367,476,335
00148960.jpg,679,249,789,367,476,335
00148961.jpg,679,249,789,367,476,335
00148962.jpg,679,250,789,368,476,335
00148963.jpg,679,251,789,369,476,335
00148964.jpg,679,251,789,369,476,335
00148965.jpg,679,252,789,370,476,335
00148966.jpg,678,252,788,370,476,335
00148967.jpg,677,252,787,370,476,335
00148968.jpg,676,253,786,371,476,335
00148969.jpg,676,252,786,370,476,335
00148970.jpg,676,252,786,370,476,335
00148971.jpg,676,252,786,370,476,335
00148972.jpg,676,252,786,370,476,335
00148973.jpg,676,252,786,370,476,335
00148974.jpg,676,252,786,370,476,335
00148975.jpg,676,252,786,370,476,335
00148976.jpg,676,252,786,370,476,335
00148977.jpg,676,252,786,370,476,335
00148978.jpg,676,252,786,370,476,335
00148979.jpg,676,252,786,370,478,334
00148980.jpg,676,252,786,370,480,335
00148981.jpg,676,252,786,370,476,334
00148982.jpg,676,252,786,370,476,334
00148983.jpg,676,252,786,370,481,335
00148984.jpg,676,252,786,370,476,334
00148985.jpg,677,251,787,369,480,335
00148986.jpg,677,251,787,369,479,335
00148987.jpg,677,251,787,369,479,335
00148988.jpg,678,250,788,368,476,334
00148989.jpg,678,250,788,368,474,330
00148990.jpg,678,251,788,369,472,330
00148991.jpg,679,250,789,368,472,330
00148992.jpg,679,251,789,369,473,331
00148993.jpg,679,251,789,369,475,331
00148994.jpg,678,251,788,369,468,331
00148995.jpg,676,252,786,370,467,331
00148996.jpg,675,252,785,370,466,330
00148997.jpg,675,252,785,370,463,330
00148998.jpg,675,251,785,369,467,330
00148999.jpg,675,251,785,369,466,329
00149000.jpg,675,251,785,369,466,329
00149001.jpg,675,251,785,369,466,329
00149002.jpg,675,252,785,370,466,329
00149003.jpg,675,252,785,370,466,329
00149004.jpg,675,252,785,370,464,330
00149005.jpg,675,252,785,370,464,330
00149006.jpg,675,252,785,370,464,332
00149007.jpg,675,252,785,370,464,338
00149008.jpg,675,252,785,370,464,338
00149009.jpg,675,252,785,370,464,338
00149010.jpg,675,252,785,370,462,339
00149011.jpg,675,252,785,370,464,339
00149012.jpg,675,252,785,370,464,339
00149013.jpg,675,252,785,370,464,339
00149014.jpg,675,252,785,370,464,336
00149015.jpg,675,252,785,370,464,335
00149016.jpg,675,252,785,370,465,332
00149017.jpg,674,253,784,371,465,333
00149018.jpg,674,253,784,371,467,332
00149019.jpg,674,253,784,371,464,333
00149020.jpg,674,253,784,371,464,334
00149021.jpg,674,253,784,371,464,336
00149022.jpg,674,253,784,371,464,336
00149023.jpg,674,253,784,371,464,336
00149024.jpg,674,253,784,371,466,334
00149025.jpg,674,253,784,371,466,334
00149026.jpg,674,253,784,371,466,334
00149027.jpg,674,253,784,371,466,334
00149028.jpg,674,253,784,371,466,334
00149029.jpg,674,253,784,371,466,334
00149030.jpg,674,253,784,371,466,334
00149031.jpg,674,253,784,371,468,334
00149032.jpg,674,253,784,371,468,334
00149033.jpg,674,253,784,371,468,337
00149034.jpg,674,253,784,371,470,337
00149035.jpg,674,253,784,371,470,337
00149036.jpg,674,253,784,371,470,337
00149037.jpg,674,253,784,371,470,337
00149038.jpg,674,253,784,371,471,337
00149039.jpg,674,253,784,371,471,337
00149040.jpg,674,253,784,371,471,337
00149041.jpg,674,253,784,371,471,337
00149042.jpg,674,253,784,371,472,337
00149043.jpg,674,253,784,371,472,337
00149044.jpg,674,253,784,371,474,337
00149045.jpg,674,253,784,371,474,337
00149046.jpg,674,253,784,371,474,337
00149047.jpg,673,254,783,372,473,337
00149048.jpg,673,254,783,372,472,337
00149049.jpg,673,254,783,372,472,337
00149050.jpg,673,254,783,372,472,336
00149051.jpg,673,254,783,372,472,336
00149052.jpg,674,253,784,371,472,336
00149053.jpg,673,253,783,371,472,336
00149054.jpg,673,253,783,371,472,336
00149055.jpg,673,253,783,371,472,336
00149056.jpg,674,252,784,370,472,336
00149057.jpg,674,252,784,370,472,336
00149058.jpg,674,252,784,370,472,336
00149059.jpg,674,252,784,370,472,336
00149060.jpg,675,251,785,369,472,336
00149061.jpg,675,251,785,369,472,336
00149062.jpg,675,252,785,370,472,336
00149063.jpg,675,252,785,370,472,336
00149064.jpg,675,252,785,370,472,336
00149065.jpg,675,252,785,370,472,336
00149066.jpg,675,252,785,370,472,336
00149067.jpg,675,252,785,370,472,336
00149068.jpg,676,252,786,370,472,336
00149069.jpg,675,253,785,371,472,336
00149070.jpg,675,253,785,371,472,336
00149071.jpg,675,254,785,372,472,336
00149072.jpg,674,254,784,372,472,336
00149073.jpg,674,255,784,373,472,336
00149074.jpg,674,254,784,372,472,336
00149075.jpg,673,255,783,373,472,336
00149076.jpg,673,255,783,373,472,336
00149077.jpg,673,255,783,373,472,336
00149078.jpg,673,255,783,373,472,336
00149079.jpg,673,255,783,373,472,336
00149080.jpg,673,255,783,373,472,336
00149081.jpg,673,255,783,373,472,336
00149082.jpg,673,255,783,373,472,336
00149083.jpg,673,255,783,373,472,336
00149084.jpg,673,255,783,373,472,336
00149085.jpg,672,255,782,373,472,336
00149086.jpg,672,255,782,373,472,336
00149087.jpg,672,255,782,373,472,336
00149088.jpg,673,254,783,372,472,336
00149089.jpg,672,255,782,373,472,336
00149090.jpg,673,255,783,373,472,336
00149091.jpg,673,255,783,373,472,336
00149092.jpg,673,255,783,373,472,336
00149093.jpg,673,254,783,372,472,336
00149094.jpg,673,254,783,372,472,336
00149095.jpg,673,254,783,372,472,336
00149096.jpg,673,254,783,372,472,336
00149097.jpg,673,254,783,372,472,336
00149098.jpg,673,254,783,372,472,336
00149099.jpg,673,254,783,372,472,336
00149100.jpg,673,254,783,372,472,336
00149101.jpg,673,254,783,372,472,336
00149102.jpg,673,254,783,372,472,336
00149103.jpg,673,254,783,372,472,336
00149104.jpg,673,254,783,372,472,336
00149105.jpg,673,254,783,372,472,336
00149106.jpg,673,254,783,372,472,336
00149107.jpg,673,254,783,372,472,336
00149108.jpg,673,254,783,372,472,336
00149109.jpg,673,254,783,372,472,336
00149110.jpg,673,254,783,372,472,336
00149111.jpg,673,254,783,372,472,336
00149112.jpg,673,254,783,372,472,336
00149113.jpg,672,254,782,372,472,336
00149114.jpg,672,254,782,372,472,336
00149115.jpg,672,254,782,372,472,336
00149116.jpg,672,254,782,372,472,336
00149117.jpg,672,254,782,372,472,336
00149118.jpg,672,253,782,371,472,336
00149119.jpg,671,253,781,371,472,336
00149120.jpg,671,253,781,371,472,336
00149121.jpg,672,253,782,371,472,336
00149122.jpg,672,253,782,371,461,404
00149123.jpg,673,252,783,370,461,404
00149124.jpg,674,252,784,370,460,403
00149125.jpg,674,252,784,370,462,402
00149126.jpg,674,252,784,370,460,404
00149127.jpg,674,252,784,370,460,404
00149128.jpg,674,252,784,370,460,404
00149129.jpg,675,252,785,370,460,404
00149130.jpg,676,252,786,370,460,404
00149131.jpg,676,252,786,370,488,517
