00148891.jpg,1315,283,1403,385,1254,332
00148892.jpg,1315,283,1403,385,1254,332
00148893.jpg,1315,283,1403,385,1254,332
00148894.jpg,1315,283,1403,385,1254,330
00148895.jpg,1315,283,1403,385,1257,330
00148896.jpg,1315,283,1403,385,1255,330
00148897.jpg,1315,283,1403,385,1255,330
00148898.jpg,1315,283,1403,385,1256,330
00148899.jpg,1315,283,1403,385,1256,330
00148900.jpg,1315,283,1403,385,1256,330
00148901.jpg,1315,283,1403,385,1284,432
00148902.jpg,1315,283,1403,385,1369,449
00148903.jpg,1315,283,1403,385,1370,450
00148904.jpg,1315,283,1403,385,1370,450
00148905.jpg,1315,283,1403,385,1555,872
00148906.jpg,1316,283,1404,385,1756,880
00148907.jpg,1316,283,1404,385,1763,550
00148908.jpg,1317,282,1405,384,1773,446
00148909.jpg,1317,282,1405,384,1768,330
00148910.jpg,1317,282,1405,384,1769,329
00148911.jpg,1316,282,1404,384,1768,328
00148912.jpg,1316,282,1404,384,1768,330
00148913.jpg,1316,282,1404,384,1768,330
00148914.jpg,1315,282,1403,384,1769,330
00148915.jpg,1315,282,1403,384,1768,328
00148916.jpg,1315,282,1403,384,1768,328
00148917.jpg,1315,282,1403,384,1768,328
00148918.jpg,1315,282,1403,384,1768,328
00148919.jpg,1316,282,1404,384,1768,328
00148920.jpg,1316,282,1404,384,1768,328
00148921.jpg,1316,282,1404,384,1770,326
00148922.jpg,1316,282,1404,384,1770,326
00148923.jpg,1316,282,1404,384,1770,326
00148924.jpg,1316,282,1404,384,1770,326
00148925.jpg,1316,282,1404,384,1770,325
00148926.jpg,1315,282,1403,384,1773,324
00148927.jpg,1315,282,1403,384,1774,323
00148928.jpg,1315,282,1403,384,1775,323
00148929.jpg,1315,282,1403,384,1775,321
00148930.jpg,1314,282,1402,384,1776,322
00148931.jpg,1314,282,1402,384,1776,321
00148932.jpg,1314,282,1402,384,1776,322
00148933.jpg,1314,282,1402,384,1777,321
00148934.jpg,1314,282,1402,384,1776,320
00148935.jpg,1314,282,1402,384,1778,321
00148936.jpg,1314,282,1402,384,1776,320
00148937.jpg,1314,282,1402,384,1779,321
00148938.jpg,1315,282,1403,384,1777,320
00148939.jpg,1315,282,1403,384,1779,320
00148940.jpg,1315,282,1403,384,1777,321
00148941.jpg,1315,282,1403,384,1778,321
00148942.jpg,1315,282,1403,384,1776,320
00148943.jpg,1316,282,1404,384,1778,320
00148944.jpg,1316,282,1404,384,1781,319
00148945.jpg,1317,282,1405,384,1781,319
00148946.jpg,1318,282,1406,384,1783,319
00148947.jpg,1319,282,1407,384,1781,319
00148948.jpg,1320,282,1408,384,1785,318
00148949.jpg,1321,282,1409,384,1786,319
00148950.jpg,1322,282,1410,384,1786,319
00148951.jpg,1324,282,1412,384,1786,318
00148952.jpg,1326,283,1414,385,1786,318
00148953.jpg,1328,283,1416,385,1786,318
00148954.jpg,1330,283,1418,385,1786,318
00148955.jpg,1332,283,1420,385,1787,318
00148956.jpg,1333,283,1421,385,1787,318
00148957.jpg,1334,286,1423,379,1787,318
00148958.jpg,1334,286,1423,379,1787,318
00148959.jpg,1336,286,1425,379,1787,318
00148960.jpg,1338,286,1427,379,1787,318
00148961.jpg,1340,287,1429,380,1787,318
00148962.jpg,1342,287,1431,380,1787,318
00148963.jpg,1344,288,1433,381,1787,318
00148964.jpg,1347,288,1436,381,1787,318
00148965.jpg,1350,288,1439,381,1787,318
00148966.jpg,1353,289,1442,382,1787,318
00148967.jpg,1356,289,1445,382,1787,318
00148968.jpg,1360,290,1449,383,1787,318
00148969.jpg,1364,290,1453,383,1787,318
00148970.jpg,1367,291,1456,384,1787,318
00148971.jpg,1371,291,1460,384,1787,318
00148972.jpg,1375,292,1464,385,1787,318
00148973.jpg,1379,292,1468,385,1787,318
00148974.jpg,1383,292,1472,385,1787,318
00148975.jpg,1386,293,1475,386,1787,318
00148976.jpg,1389,294,1478,387,1787,318
00148977.jpg,1392,295,1481,388,1787,318
00148978.jpg,1395,297,1484,390,1787,318
00148979.jpg,1398,298,1487,391,1787,318
00148980.jpg,1401,298,1490,391,1787,318
00148981.jpg,1404,299,1493,392,1787,318
00148982.jpg,1406,299,1495,392,1787,318
00148983.jpg,1409,299,1498,392,1787,318
00148984.jpg,1412,300,1501,393,1787,318
00148985.jpg,1415,300,1504,393,1787,318
00148986.jpg,1417,301,1506,394,1787,318
00148987.jpg,1420,301,1509,394,1786,318
00148988.jpg,1423,301,1512,394,1787,318
00148989.jpg,1426,301,1515,394,1785,319
00148990.jpg,1428,302,1517,395,1783,320
00148991.jpg,1431,301,1520,394,1780,320
00148992.jpg,1434,301,1523,394,1779,320
00148993.jpg,1437,301,1526,394,1777,320
00148994.jpg,1440,300,1529,393,1774,320
00148995.jpg,1442,300,1531,393,1773,320
00148996.jpg,1445,299,1534,392,1770,321
00148997.jpg,1449,298,1538,391,1769,321
00148998.jpg,1451,298,1540,391,1768,321
00148999.jpg,1453,299,1542,392,1766,322
00149000.jpg,1457,297,1545,384,1761,323
00149001.jpg,1457,297,1545,384,1756,323
00149002.jpg,1465,298,1555,391,1750,323
00149003.jpg,1465,298,1555,391,1748,323
00149004.jpg,1466,298,1556,391,1737,324
00149005.jpg,1468,298,1558,391,1728,325
00149006.jpg,1470,298,1560,391,1723,324
00149007.jpg,1472,298,1562,391,1720,325
00149008.jpg,1473,298,1563,391,1717,326
00149009.jpg,1475,298,1565,391,1713,326
00149010.jpg,1476,298,1566,391,1710,326
00149011.jpg,1478,298,1568,391,1707,324
00149012.jpg,1479,298,1569,391,1705,324
00149013.jpg,1481,298,1571,391,1703,324
00149014.jpg,1482,297,1572,390,1701,324
00149015.jpg,1483,297,1573,390,1698,323
00149016.jpg,1484,297,1574,390,1698,323
00149017.jpg,1485,297,1575,390,1698,323
00149018.jpg,1485,297,1575,390,1697,323
00149019.jpg,1486,297,1576,390,1697,323
00149020.jpg,1486,297,1576,390,1697,323
00149021.jpg,1487,297,1577,390,1697,323
00149022.jpg,1487,297,1577,390,1697,323
00149023.jpg,1487,297,1577,390,1697,323
00149024.jpg,1488,296,1578,389,1697,323
00149025.jpg,1488,296,1578,389,1697,323
00149026.jpg,1488,296,1578,389,1697,323
00149027.jpg,1487,297,1577,390,1697,323
00149028.jpg,1487,297,1577,390,1699,324
00149029.jpg,1488,298,1578,391,1698,323
00149030.jpg,1489,299,1579,392,1698,323
00149031.jpg,1490,301,1580,394,1698,323
00149032.jpg,1490,304,1580,397,1698,323
00149033.jpg,1489,306,1579,399,1698,323
00149034.jpg,1487,306,1577,399,1698,323
00149035.jpg,1481,306,1571,399,1699,323
00149036.jpg,1476,307,1566,400,1699,323
00149037.jpg,1470,308,1560,401,1700,323
00149038.jpg,1462,308,1552,401,1704,323
00149039.jpg,1451,309,1541,402,1705,323
00149040.jpg,1441,307,1530,399,1601,424
00149041.jpg,1433,306,1519,398,-1,-1
00149042.jpg,1421,304,1506,397,-1,-1
00149043.jpg,1412,303,1499,393,-1,-1
00149044.jpg,1403,299,1491,387,1351,346
00149045.jpg,1391,291,1480,392,1350,346
00149046.jpg,1387,298,1476,389,1350,346
00149047.jpg,1379,291,1469,386,1350,346
00149048.jpg,1379,291,1469,386,-1,-1
00149049.jpg,1374,290,1464,385,-1,-1
00149050.jpg,1370,290,1460,385,-1,-1
00149051.jpg,1366,290,1456,385,-1,-1
00149052.jpg,1362,289,1452,384,-1,-1
00149053.jpg,1359,289,1449,384,-1,-1
00149054.jpg,1351,290,1434,381,-1,-1
00149055.jpg,1351,290,1434,381,-1,-1
00149056.jpg,1349,290,1432,381,-1,-1
00149057.jpg,1347,290,1430,381,-1,-1
00149058.jpg,1346,290,1429,381,-1,-1
00149059.jpg,1344,290,1427,381,-1,-1
00149060.jpg,1343,290,1426,381,-1,-1
00149061.jpg,1341,290,1424,381,-1,-1
00149062.jpg,1340,290,1423,381,1320,349
00149063.jpg,1339,289,1422,380,1319,334
00149064.jpg,1338,289,1421,380,-1,-1
00149065.jpg,1337,289,1420,380,-1,-1
00149066.jpg,1336,289,1419,380,-1,-1
00149067.jpg,1335,289,1418,380,-1,-1
00149068.jpg,1334,288,1417,379,740,284
00149069.jpg,1333,288,1416,379,740,284
00149070.jpg,1333,288,1416,379,740,284
00149071.jpg,1333,288,1416,379,740,284
00149072.jpg,1332,287,1415,378,740,284
00149073.jpg,1332,287,1415,378,740,284
00149074.jpg,1332,287,1415,378,740,285
00149075.jpg,1332,287,1415,378,740,286
00149076.jpg,1332,287,1415,378,740,286
00149077.jpg,1332,287,1415,378,740,286
00149078.jpg,1332,287,1415,378,739,290
00149079.jpg,1332,287,1415,378,739,290
00149080.jpg,1332,287,1415,378,739,290
00149081.jpg,1332,288,1415,379,739,290
00149082.jpg,1331,288,1414,379,739,290
00149083.jpg,1331,288,1414,379,739,290
00149084.jpg,1331,288,1414,379,739,290
00149085.jpg,1330,289,1413,380,739,290
00149086.jpg,1330,289,1413,380,739,290
00149087.jpg,1328,284,1421,376,739,290
00149088.jpg,1328,284,1421,376,739,290
00149089.jpg,1327,284,1420,376,739,290
00149090.jpg,1327,284,1420,376,739,290
00149091.jpg,1327,284,1420,376,739,290
00149092.jpg,1326,284,1419,376,739,290
00149093.jpg,1326,284,1419,376,739,290
00149094.jpg,1325,284,1418,376,739,290
00149095.jpg,1325,284,1418,376,739,290
00149096.jpg,1324,284,1417,376,739,290
00149097.jpg,1324,284,1417,376,738,293
00149098.jpg,1323,284,1416,376,738,293
00149099.jpg,1323,284,1416,376,738,293
00149100.jpg,1322,284,1415,376,738,293
00149101.jpg,1322,284,1415,376,738,293
00149102.jpg,1322,284,1415,376,738,293
00149103.jpg,1322,284,1415,376,738,293
00149104.jpg,1321,284,1414,376,738,296
00149105.jpg,1320,283,1413,375,738,296
00149106.jpg,1321,284,1414,376,738,298
00149107.jpg,1320,284,1413,376,738,298
00149108.jpg,1320,284,1413,376,738,298
00149109.jpg,1320,284,1413,376,738,298
00149110.jpg,1319,284,1412,376,738,298
00149111.jpg,1319,284,1412,376,738,298
00149112.jpg,1318,284,1411,376,737,302
00149113.jpg,1318,284,1411,376,737,302
00149114.jpg,1317,284,1410,376,737,302
00149115.jpg,1317,284,1410,376,737,302
00149116.jpg,1317,284,1410,376,-1,-1
00149117.jpg,1316,284,1409,376,-1,-1
00149118.jpg,1317,284,1410,376,-1,-1
00149119.jpg,1317,284,1410,376,-1,-1
00149120.jpg,1318,284,1411,376,-1,-1
00149121.jpg,1318,284,1411,376,-1,-1
00149122.jpg,1319,283,1412,375,-1,-1
00149123.jpg,1319,283,1412,375,-1,-1
00149124.jpg,1319,283,1412,375,-1,-1
00149125.jpg,1319,283,1412,375,-1,-1
00149126.jpg,1319,283,1412,375,-1,-1
00149127.jpg,1319,283,1412,375,-1,-1
00149128.jpg,1319,283,1412,375,-1,-1
00149129.jpg,1319,283,1412,375,-1,-1
00149130.jpg,1319,283,1412,375,-1,-1
00149131.jpg,1319,283,1412,375,-1,-1
