00148891.jpg,1767,261,1875,372,1597,329
00148892.jpg,1767,261,1875,372,1597,328
00148893.jpg,1767,261,1875,372,1597,327
00148894.jpg,1767,261,1875,372,1596,328
00148895.jpg,1765,261,1873,372,1596,327
00148896.jpg,1764,261,1872,372,1597,326
00148897.jpg,1762,261,1870,372,1597,326
00148898.jpg,1760,260,1868,371,1597,326
00148899.jpg,1759,260,1867,371,1594,326
00148900.jpg,1758,260,1866,371,1594,326
00148901.jpg,1756,260,1864,371,1594,326
00148902.jpg,1754,260,1862,371,1594,326
00148903.jpg,1752,260,1860,371,1592,328
00148904.jpg,1751,259,1859,370,1589,327
00148905.jpg,1750,259,1858,370,1586,325
00148906.jpg,1748,259,1856,370,1582,324
00148907.jpg,1747,259,1855,370,1577,322
00148908.jpg,1747,259,1855,370,1571,323
00148909.jpg,1746,259,1854,370,1569,323
00148910.jpg,1745,259,1853,370,1563,323
00148911.jpg,1745,260,1853,371,1557,321
00148912.jpg,1745,260,1853,371,1553,320
00148913.jpg,1745,260,1853,371,1550,320
00148914.jpg,1744,260,1852,371,1546,320
00148915.jpg,1744,260,1852,371,1548,320
00148916.jpg,1744,260,1852,371,1547,320
00148917.jpg,1744,260,1852,371,1547,319
00148918.jpg,1745,260,1853,371,1545,319
00148919.jpg,1745,260,1853,371,1546,320
00148920.jpg,1745,260,1853,371,1546,320
00148921.jpg,1746,261,1854,372,1546,320
00148922.jpg,1746,260,1854,371,1546,320
00148923.jpg,1747,261,1855,372,1546,320
00148924.jpg,1742,257,1857,366,1549,322
00148925.jpg,1742,257,1857,366,1549,322
00148926.jpg,1742,257,1857,366,1548,321
00148927.jpg,1743,257,1858,366,1549,321
00148928.jpg,1743,257,1858,366,1550,323
00148929.jpg,1743,257,1858,366,1550,323
00148930.jpg,1744,257,1859,366,1550,323
00148931.jpg,1744,257,1859,366,1550,323
00148932.jpg,1745,257,1860,366,1550,323
00148933.jpg,1745,257,1860,366,1552,323
00148934.jpg,1746,257,1861,366,1553,323
00148935.jpg,1747,257,1862,366,1553,323
00148936.jpg,1747,257,1862,366,1553,323
00148937.jpg,1748,257,1863,366,1553,323
00148938.jpg,1749,257,1864,366,1553,323
00148939.jpg,1750,257,1865,366,1553,323
00148940.jpg,1750,257,1865,366,1553,323
00148941.jpg,1751,257,1866,366,1553,323
00148942.jpg,1752,257,1867,366,1553,323
00148943.jpg,1753,258,1868,367,1553,323
00148944.jpg,1753,258,1868,367,1553,323
00148945.jpg,1754,258,1869,367,1553,323
00148946.jpg,1755,258,1870,367,1553,323
00148947.jpg,1755,258,1870,367,1553,323
00148948.jpg,1756,258,1871,367,1553,323
00148949.jpg,1757,258,1872,367,1553,323
00148950.jpg,1757,258,1872,367,1553,323
00148951.jpg,1758,258,1873,367,1553,323
00148952.jpg,1758,258,1873,367,1553,323
00148953.jpg,1758,258,1873,367,1553,323
00148954.jpg,1759,259,1874,368,1553,323
00148955.jpg,1759,258,1874,367,1553,323
00148956.jpg,1759,258,1874,367,1553,323
00148957.jpg,1760,259,1875,368,1553,323
00148958.jpg,1760,259,1875,368,1553,323
00148959.jpg,1760,259,1875,368,1553,323
00148960.jpg,1760,259,1875,368,1553,323
00148961.jpg,1760,258,1875,367,1553,323
00148962.jpg,1760,258,1875,367,1553,323
00148963.jpg,1760,258,1875,367,1554,323
00148964.jpg,1760,258,1875,367,1557,321
00148965.jpg,1760,258,1875,367,1556,323
00148966.jpg,1760,258,1875,367,1557,323
00148967.jpg,1760,258,1875,367,1558,323
00148968.jpg,1760,258,1875,367,1560,321
00148969.jpg,1759,258,1874,367,1559,323
00148970.jpg,1759,258,1874,367,1560,321
00148971.jpg,1759,258,1874,367,1560,321
00148972.jpg,1759,258,1874,367,1560,321
00148973.jpg,1759,258,1874,367,1449,334
00148974.jpg,1758,258,1873,367,1452,337
00148975.jpg,1758,258,1873,367,1455,337
00148976.jpg,1758,258,1873,367,1457,338
00148977.jpg,1758,258,1873,367,1459,338
00148978.jpg,1758,258,1873,367,1464,338
00148979.jpg,1757,258,1872,367,1467,339
00148980.jpg,1757,258,1872,367,1470,339
00148981.jpg,1757,258,1872,367,1471,340
00148982.jpg,1757,258,1872,367,1473,342
00148983.jpg,1757,258,1872,367,1477,344
00148984.jpg,1756,258,1871,367,1480,344
00148985.jpg,1756,258,1871,367,1481,344
00148986.jpg,1756,259,1871,368,1484,345
00148987.jpg,1755,259,1870,368,1489,346
00148988.jpg,1755,260,1870,369,1489,345
00148989.jpg,1754,260,1869,369,1492,345
00148990.jpg,1753,261,1868,370,1495,345
00148991.jpg,1752,262,1867,371,1499,345
00148992.jpg,1750,262,1865,371,1501,345
00148993.jpg,1747,263,1862,372,1504,345
00148994.jpg,1745,263,1860,372,1506,346
00148995.jpg,1742,263,1857,372,1507,346
00148996.jpg,1739,263,1854,372,1511,346
00148997.jpg,1735,264,1850,373,1515,346
00148998.jpg,1732,264,1847,373,1518,346
00148999.jpg,1728,264,1843,373,1519,346
00149000.jpg,1724,264,1839,373,1520,346
00149001.jpg,1719,265,1834,374,1523,346
00149002.jpg,1715,265,1830,374,1526,346
00149003.jpg,1710,265,1825,374,1529,346
00149004.jpg,1705,265,1820,374,1530,346
00149005.jpg,1700,265,1815,374,1533,346
00149006.jpg,1694,265,1809,374,1533,346
00149007.jpg,1688,265,1803,374,1535,345
00149008.jpg,1683,264,1798,373,1535,345
00149009.jpg,1679,264,1794,373,1535,344
00149010.jpg,1676,264,1791,373,1536,342
00149011.jpg,1673,263,1788,372,1539,342
00149012.jpg,1671,263,1786,372,1539,342
00149013.jpg,1669,262,1784,371,1540,342
00149014.jpg,1667,262,1782,371,1541,342
00149015.jpg,1666,262,1781,371,1541,342
00149016.jpg,1666,262,1781,371,1543,340
00149017.jpg,1666,263,1781,372,1545,340
00149018.jpg,1666,263,1781,372,1546,340
00149019.jpg,1666,263,1781,372,1547,340
00149020.jpg,1666,262,1781,371,1549,340
00149021.jpg,1666,262,1781,371,1549,340
00149022.jpg,1667,263,1782,372,1549,340
00149023.jpg,1667,262,1782,371,1549,340
00149024.jpg,1667,262,1782,371,1549,340
00149025.jpg,1668,263,1783,372,1549,340
00149026.jpg,1668,262,1783,371,1549,340
00149027.jpg,1668,262,1783,371,1549,340
00149028.jpg,1669,262,1784,371,1549,341
00149029.jpg,1669,262,1784,371,1550,340
00149030.jpg,1669,262,1784,371,1550,334
00149031.jpg,1670,262,1785,371,1550,334
00149032.jpg,1670,262,1785,371,1550,334
00149033.jpg,1671,262,1786,371,1550,339
00149034.jpg,1671,262,1786,371,1551,340
00149035.jpg,1672,262,1787,371,1547,341
00149036.jpg,1672,261,1787,370,1541,344
00149037.jpg,1673,260,1788,369,1533,344
00149038.jpg,1675,259,1790,368,1529,348
00149039.jpg,1677,258,1792,367,1518,347
00149040.jpg,1680,258,1795,367,1505,345
00149041.jpg,1684,258,1799,367,1493,345
00149042.jpg,1688,258,1803,367,1475,345
00149043.jpg,1694,259,1809,368,1455,340
00149044.jpg,1700,260,1815,369,1438,336
00149045.jpg,1705,260,1820,369,1423,335
00149046.jpg,1710,260,1825,369,1410,333
00149047.jpg,1716,259,1831,368,1404,332
00149048.jpg,1720,259,1835,368,1403,332
00149049.jpg,1724,259,1839,368,1396,331
00149050.jpg,1729,259,1844,368,1393,331
00149051.jpg,1733,258,1848,367,1389,330
00149052.jpg,1736,258,1851,367,1388,330
00149053.jpg,1739,258,1854,367,1386,331
00149054.jpg,1742,257,1857,366,1385,332
00149055.jpg,1745,257,1860,366,1383,332
00149056.jpg,1747,257,1862,366,1381,332
00149057.jpg,1749,257,1864,366,1376,332
00149058.jpg,1751,257,1866,366,1375,332
00149059.jpg,1752,257,1867,366,1375,332
00149060.jpg,1754,257,1869,366,1374,332
00149061.jpg,1755,258,1870,367,1373,332
00149062.jpg,1755,258,1870,367,1373,332
00149063.jpg,1756,257,1871,366,1372,332
00149064.jpg,1756,257,1871,366,1371,332
00149065.jpg,1756,257,1871,366,1371,332
00149066.jpg,1756,257,1871,366,1369,332
00149067.jpg,1756,256,1871,365,1369,332
00149068.jpg,1756,256,1871,365,1364,331
00149069.jpg,1755,256,1870,365,1364,331
00149070.jpg,1755,256,1870,365,1363,331
00149071.jpg,1754,256,1869,365,1362,331
00149072.jpg,1754,256,1869,365,1361,329
00149073.jpg,1754,256,1869,365,1362,331
00149074.jpg,1754,256,1869,365,1361,331
00149075.jpg,1754,256,1869,365,1358,332
00149076.jpg,1754,256,1869,365,1358,332
00149077.jpg,1754,256,1869,365,1358,332
00149078.jpg,1754,257,1869,366,1358,332
00149079.jpg,1754,257,1869,366,1357,332
00149080.jpg,1755,257,1870,366,1357,332
00149081.jpg,1755,257,1870,366,1357,332
00149082.jpg,1755,257,1870,366,1357,332
00149083.jpg,1756,257,1871,366,1357,332
00149084.jpg,1756,257,1871,366,1610,320
00149085.jpg,1756,257,1871,366,1610,319
00149086.jpg,1757,257,1872,366,1613,318
00149087.jpg,1757,257,1872,366,1612,318
00149088.jpg,1758,257,1873,366,1612,319
00149089.jpg,1758,257,1873,366,1613,318
00149090.jpg,1758,257,1873,366,1613,317
00149091.jpg,1759,257,1874,366,1610,317
00149092.jpg,1759,257,1874,366,1609,317
00149093.jpg,1759,257,1874,366,1612,317
00149094.jpg,1758,256,1873,365,1609,318
00149095.jpg,1758,256,1873,365,1610,318
00149096.jpg,1758,256,1873,365,1609,319
00149097.jpg,1757,256,1872,365,1610,318
00149098.jpg,1756,255,1871,364,1683,343
00149099.jpg,1756,254,1871,363,1693,336
00149100.jpg,1755,253,1870,362,1698,328
00149101.jpg,1755,253,1870,362,1705,328
00149102.jpg,1755,252,1870,361,1713,323
00149103.jpg,1754,251,1869,360,1721,321
00149104.jpg,1754,251,1869,360,1725,320
00149105.jpg,1754,250,1869,359,1725,314
00149106.jpg,1754,250,1869,359,1725,316
00149107.jpg,1754,249,1869,358,1727,316
00149108.jpg,1755,249,1870,358,1731,316
00149109.jpg,1755,248,1870,357,1728,316
00149110.jpg,1755,248,1870,357,1726,316
00149111.jpg,1755,249,1870,358,1725,316
00149112.jpg,1755,249,1870,358,1726,316
00149113.jpg,1755,250,1870,359,1620,320
00149114.jpg,1755,251,1870,360,1617,320
00149115.jpg,1756,253,1871,362,1617,319
00149116.jpg,1756,254,1871,363,1617,318
00149117.jpg,1757,254,1872,363,1620,316
00149118.jpg,1757,255,1872,364,1617,316
00149119.jpg,1758,255,1873,364,1617,315
00149120.jpg,1758,255,1873,364,1617,316
00149121.jpg,1758,254,1873,363,1617,316
00149122.jpg,1758,254,1873,363,1617,316
00149123.jpg,1758,254,1873,363,1616,315
00149124.jpg,1758,254,1873,363,1615,315
00149125.jpg,1757,254,1872,363,1614,315
00149126.jpg,1757,254,1872,363,1613,315
00149127.jpg,1756,254,1871,363,1609,315
00149128.jpg,1755,254,1870,363,1608,315
00149129.jpg,1754,254,1869,363,1608,315
00149130.jpg,1753,254,1868,363,1607,315
00149131.jpg,1753,254,1868,363,1606,316
