00002517.jpg,315,27,661,424,693,234
00002518.jpg,315,27,661,424,693,234
00002519.jpg,315,27,661,424,693,234
00002520.jpg,315,27,661,424,693,234
00002521.jpg,317,27,663,424,693,234
00002522.jpg,317,27,663,424,693,234
00002523.jpg,320,27,666,424,693,234
00002524.jpg,320,27,666,424,693,234
00002525.jpg,324,31,670,428,693,234
00002526.jpg,327,34,673,431,693,234
00002527.jpg,327,34,673,431,693,234
00002528.jpg,327,34,673,431,693,235
00002529.jpg,329,35,675,432,694,234
00002530.jpg,330,36,676,433,694,234
00002531.jpg,330,36,676,433,696,234
00002532.jpg,332,39,678,436,696,234
00002533.jpg,332,39,678,436,696,234
00002534.jpg,333,39,679,436,697,234
00002535.jpg,336,39,682,436,697,234
00002536.jpg,336,39,682,436,701,234
00002537.jpg,336,39,682,436,704,234
00002538.jpg,338,39,684,436,707,234
00002539.jpg,345,36,691,433,716,236
00002540.jpg,345,36,691,433,716,236
00002541.jpg,345,36,691,433,716,236
00002542.jpg,352,29,698,426,716,236
00002543.jpg,352,29,698,426,716,236
00002544.jpg,352,29,698,426,717,236
