00007947.jpg,31,64,199,263,-1,-1
00007948.jpg,31,64,199,263,-1,-1
00007949.jpg,31,64,199,263,-1,-1
00007950.jpg,31,64,199,263,-1,-1
00007951.jpg,33,63,201,262,-1,-1
00007952.jpg,34,63,202,262,-1,-1
00007953.jpg,34,64,202,263,-1,-1
00007954.jpg,34,64,202,263,-1,-1
00007955.jpg,33,65,201,264,-1,-1
00007956.jpg,32,65,200,264,-1,-1
00007957.jpg,30,65,198,264,-1,-1
00007958.jpg,28,63,196,262,-1,-1
00007959.jpg,28,63,196,262,-1,-1
00007960.jpg,23,62,191,261,-1,-1
00007961.jpg,15,60,183,259,-1,-1
00007962.jpg,4,60,172,259,-1,-1
00007963.jpg,0,60,168,259,-1,-1
00007964.jpg,0,60,168,259,-1,-1
00007965.jpg,0,60,168,259,-1,-1
00007966.jpg,0,60,168,259,-1,-1
00007967.jpg,0,60,168,259,-1,-1
00007968.jpg,0,60,168,259,-1,-1
00007969.jpg,0,60,168,259,-1,-1
00007970.jpg,0,60,168,259,-1,-1
00007971.jpg,0,60,170,259,-1,-1
00007972.jpg,0,59,171,258,-1,-1
00007973.jpg,0,59,171,258,-1,-1
00007974.jpg,0,59,171,258,-1,-1
00007975.jpg,0,60,169,259,-1,-1
00007976.jpg,0,60,168,259,-1,-1
00007977.jpg,0,59,168,258,-1,-1
00007978.jpg,0,57,149,257,-1,-1
00007979.jpg,0,57,149,257,-1,-1
00007980.jpg,0,57,147,257,-1,-1
00007981.jpg,0,57,147,257,-1,-1
00007982.jpg,0,57,147,257,476,314
00007983.jpg,0,57,147,257,319,187
00007984.jpg,0,57,147,257,319,187
00007985.jpg,0,57,149,257,319,187
00007986.jpg,0,57,152,257,320,189
00007987.jpg,0,57,156,259,321,189
00007988.jpg,0,57,158,256,321,189
00007989.jpg,0,57,158,255,321,188
00007990.jpg,0,57,159,252,321,188
00007991.jpg,0,57,159,248,326,190
00007992.jpg,0,57,159,246,329,191
00007993.jpg,0,57,159,246,333,190
00007994.jpg,0,57,159,246,333,190
00007995.jpg,0,57,160,246,340,189
00007996.jpg,0,57,161,246,347,187
00007997.jpg,0,57,163,246,351,187
00007998.jpg,0,57,165,248,358,187
00007999.jpg,0,57,165,248,358,187
00008000.jpg,0,57,166,250,362,189
00008001.jpg,0,57,166,252,365,192
00008002.jpg,0,57,164,254,368,194
00008003.jpg,0,57,161,254,371,195
00008004.jpg,0,57,161,254,371,195
00008005.jpg,0,57,159,253,372,195
00008006.jpg,0,57,156,252,374,196
00008007.jpg,0,57,153,251,376,197
00008008.jpg,0,57,151,251,378,197
00008009.jpg,0,57,151,251,379,196
00008010.jpg,0,57,149,250,382,199
00008011.jpg,0,57,146,250,382,199
00008012.jpg,0,57,142,249,384,200
00008013.jpg,0,57,138,249,384,202
00008014.jpg,0,57,138,249,384,202
00008015.jpg,0,57,135,249,384,205
00008016.jpg,0,57,132,249,381,206
00008017.jpg,0,57,129,249,381,209
00008018.jpg,0,57,127,249,382,207
00008019.jpg,0,57,127,249,381,207
00008020.jpg,0,57,124,249,379,208
00008021.jpg,0,57,120,249,379,208
00008022.jpg,0,57,117,248,376,205
00008023.jpg,0,57,115,248,373,204
00008024.jpg,0,57,115,248,373,204
00008025.jpg,0,57,114,246,372,203
00008026.jpg,0,57,112,246,368,198
00008027.jpg,0,57,111,245,366,198
00008028.jpg,0,57,112,245,364,197
00008029.jpg,0,57,112,245,364,197
00008030.jpg,0,57,114,245,364,197
00008031.jpg,0,57,116,245,364,197
00008032.jpg,0,57,116,245,364,197
