00010039.jpg,65,36,137,110,356,227
00010040.jpg,81,39,146,106,362,230
00010041.jpg,81,39,146,106,360,232
00010042.jpg,105,40,170,107,364,242
00010043.jpg,105,40,170,107,365,246
00010044.jpg,105,40,170,107,366,249
00010045.jpg,116,42,183,107,381,298
00010046.jpg,127,43,186,105,390,321
00010047.jpg,132,39,193,104,-1,-1
00010048.jpg,132,39,193,104,-1,-1
00010049.jpg,132,39,193,104,-1,-1
00010050.jpg,133,38,194,103,-1,-1
00010051.jpg,132,37,193,102,-1,-1
00010052.jpg,132,37,193,102,-1,-1
00010053.jpg,132,35,193,100,-1,-1
00010054.jpg,132,35,193,100,-1,-1
00010055.jpg,132,35,193,100,-1,-1
00010056.jpg,127,31,188,96,373,337
00010057.jpg,127,31,188,96,373,337
00010058.jpg,121,27,182,92,364,330
00010059.jpg,115,24,176,89,356,325
00010060.jpg,115,24,176,89,356,325
00010061.jpg,113,23,174,88,355,321
00010062.jpg,114,26,175,91,353,321
00010063.jpg,114,26,175,91,354,321
00010064.jpg,114,28,175,93,353,324
00010065.jpg,114,28,175,93,352,324
00010066.jpg,113,28,174,93,351,324
00010067.jpg,111,27,172,92,350,324
00010068.jpg,111,27,172,92,348,324
00010069.jpg,111,28,172,93,345,324
00010070.jpg,111,28,172,93,344,322
