00010039.jpg,312,14,392,110,361,217
00010040.jpg,324,15,407,106,360,217
00010041.jpg,324,15,407,106,361,216
00010042.jpg,344,15,427,106,364,248
00010043.jpg,344,15,427,106,364,248
00010044.jpg,344,15,427,106,365,248
00010045.jpg,353,13,436,104,373,285
00010046.jpg,362,13,436,103,388,321
00010047.jpg,362,13,436,103,-1,-1
00010048.jpg,362,13,436,103,-1,-1
00010049.jpg,362,13,436,103,-1,-1
00010050.jpg,353,12,424,95,397,90
00010051.jpg,353,12,424,95,394,90
00010052.jpg,353,12,424,95,396,89
00010053.jpg,338,10,409,93,394,98
00010054.jpg,338,10,409,93,394,98
00010055.jpg,338,10,409,93,394,98
00010056.jpg,318,5,389,88,391,98
00010057.jpg,318,5,389,88,391,98
00010058.jpg,305,0,376,83,388,95
00010059.jpg,294,8,365,78,384,92
00010060.jpg,294,8,365,78,384,92
00010061.jpg,283,7,354,77,388,94
00010062.jpg,280,8,351,78,396,98
00010063.jpg,280,8,351,78,396,98
00010064.jpg,276,10,347,80,400,113
00010065.jpg,276,10,347,80,399,115
00010066.jpg,274,11,345,81,401,132
00010067.jpg,268,12,339,82,404,184
00010068.jpg,268,12,339,82,404,184
00010069.jpg,266,13,337,83,407,217
00010070.jpg,266,13,337,83,408,243
