00046273.jpg,846,124,964,238,323,146
00046274.jpg,846,124,964,238,323,146
00046275.jpg,833,118,943,237,323,146
00046276.jpg,833,118,943,237,323,146
00046277.jpg,822,115,932,225,323,146
00046278.jpg,817,112,924,222,323,146
00046279.jpg,817,112,924,222,323,146
00046280.jpg,812,111,919,221,323,146
00046281.jpg,808,110,915,220,323,146
00046282.jpg,804,108,911,218,323,146
00046283.jpg,800,107,907,217,323,146
00046284.jpg,798,106,905,216,323,146
00046285.jpg,796,105,903,215,323,146
00046286.jpg,794,104,901,214,323,146
00046287.jpg,793,104,900,214,323,146
00046288.jpg,792,105,899,215,323,146
00046289.jpg,791,105,898,215,323,146
00046290.jpg,789,104,896,214,323,146
00046291.jpg,787,102,894,212,323,146
00046292.jpg,785,101,892,211,323,146
00046293.jpg,783,101,890,211,323,146
00046294.jpg,780,100,887,210,323,146
00046295.jpg,777,100,884,210,323,146
00046296.jpg,774,100,881,210,321,146
00046297.jpg,771,100,878,210,321,146
00046298.jpg,767,100,874,210,319,146
00046299.jpg,764,99,871,209,319,146
00046300.jpg,761,98,868,208,316,148
00046301.jpg,758,98,865,208,316,148
00046302.jpg,756,97,863,207,316,148
00046303.jpg,754,97,861,207,316,148
00046304.jpg,753,98,860,208,316,148
00046305.jpg,751,99,858,209,309,148
00046306.jpg,750,99,857,209,309,148
00046307.jpg,748,99,855,209,304,148
00046308.jpg,747,98,854,208,304,148
00046309.jpg,745,97,852,207,304,148
00046310.jpg,745,96,852,206,297,148
00046311.jpg,744,96,851,206,297,148
00046312.jpg,744,97,851,207,297,148
00046313.jpg,743,98,850,208,297,148
00046314.jpg,743,98,850,208,293,148
00046315.jpg,742,98,849,208,293,148
00046316.jpg,742,98,849,208,288,148
00046317.jpg,742,98,849,208,269,146
00046318.jpg,743,98,850,208,269,146
00046319.jpg,743,98,850,208,269,146
00046320.jpg,744,99,851,209,266,145
00046321.jpg,745,99,852,209,257,144
00046322.jpg,746,100,853,210,255,143
00046323.jpg,742,97,852,214,255,143
00046324.jpg,742,97,852,214,255,143
00046325.jpg,743,97,853,214,255,143
00046326.jpg,745,97,855,214,255,143
00046327.jpg,747,97,857,214,255,143
00046328.jpg,749,98,859,215,255,143
00046329.jpg,750,98,860,215,255,143
00046330.jpg,751,98,861,215,255,143
00046331.jpg,753,98,863,215,255,143
00046332.jpg,755,98,865,215,255,143
00046333.jpg,757,98,867,215,255,143
00046334.jpg,759,98,869,215,255,143
00046335.jpg,760,97,870,214,255,143
00046336.jpg,761,97,871,214,255,143
00046337.jpg,762,97,872,214,255,143
00046338.jpg,763,97,873,214,255,143
00046339.jpg,764,96,874,213,255,143
00046340.jpg,765,96,875,213,255,143
00046341.jpg,766,96,876,213,255,143
00046342.jpg,766,96,876,213,-1,-1
00046343.jpg,767,97,877,214,-1,-1
00046344.jpg,767,97,877,214,-1,-1
00046345.jpg,767,97,877,214,-1,-1
00046346.jpg,767,97,877,214,-1,-1
