00001678.jpg,288,68,700,523,1145,284
00001679.jpg,288,68,700,523,1145,284
00001680.jpg,288,68,700,523,1145,284
00001681.jpg,288,68,700,523,1145,284
00001682.jpg,292,70,704,525,1144,289
00001683.jpg,298,71,710,526,1142,294
00001684.jpg,305,70,717,525,1150,300
00001685.jpg,310,68,722,523,1154,302
00001686.jpg,316,67,728,522,1160,304
00001687.jpg,321,67,733,522,1169,310
00001688.jpg,325,69,737,524,1166,312
00001689.jpg,330,71,742,526,1166,312
00001690.jpg,335,74,747,529,1168,313
00001691.jpg,340,79,752,534,1172,316
00001692.jpg,347,84,759,539,1173,320
00001693.jpg,350,85,762,540,1174,320
00001694.jpg,351,83,763,538,1177,320
00001695.jpg,352,81,764,536,1177,320
00001696.jpg,354,78,766,533,1184,321
00001697.jpg,356,77,768,532,1184,321
00001698.jpg,360,77,772,532,1185,321
00001699.jpg,362,77,774,532,1185,321
00001700.jpg,365,78,777,533,1177,318
00001701.jpg,366,77,778,532,1177,318
00001702.jpg,370,78,782,533,1177,318
00001703.jpg,373,79,785,534,1177,317
00001704.jpg,376,80,788,535,1177,317
00001705.jpg,375,80,787,535,1174,317
00001706.jpg,367,77,779,532,1172,313
00001707.jpg,365,76,777,531,1170,313
00001708.jpg,362,75,774,530,1170,313
00001709.jpg,360,75,772,530,1170,313
00001710.jpg,358,76,770,531,1164,313
00001711.jpg,357,76,769,531,1161,313
00001712.jpg,355,76,767,531,1154,317
00001713.jpg,354,75,766,530,1154,317
00001714.jpg,353,74,765,529,1154,321
00001715.jpg,352,72,764,527,1154,330
00001716.jpg,352,71,764,526,1154,334
00001717.jpg,352,70,764,525,1158,330
00001718.jpg,352,68,764,523,1164,329
00001719.jpg,351,68,763,523,1177,318
00001720.jpg,353,67,765,522,1182,316
00001721.jpg,354,67,766,522,1182,316
00001722.jpg,358,69,770,524,1182,305
00001723.jpg,360,69,772,524,1192,302
00001724.jpg,358,67,770,522,1192,302
00001725.jpg,356,65,768,520,1197,305
00001726.jpg,351,63,763,518,1197,305
00001727.jpg,347,63,759,518,1197,310
00001728.jpg,344,63,756,518,1201,312
00001729.jpg,355,83,764,543,1210,321
00001730.jpg,355,83,764,543,1210,321
00001731.jpg,351,82,760,542,1210,324
00001732.jpg,347,81,756,541,1210,329
00001733.jpg,344,81,753,541,1213,329
00001734.jpg,343,83,752,543,1213,330
00001735.jpg,341,84,750,544,1213,333
00001736.jpg,340,86,749,546,1213,333
00001737.jpg,339,87,748,547,1213,333
00001738.jpg,339,88,748,548,1213,333
00001739.jpg,340,88,749,548,1213,333
00001740.jpg,341,88,750,548,1213,318
00001741.jpg,342,87,751,547,1210,313
00001742.jpg,342,85,751,545,1210,312
00001743.jpg,342,82,751,542,1209,309
00001744.jpg,342,81,751,541,1204,309
00001745.jpg,342,81,751,541,1204,309
00001746.jpg,342,81,751,541,1198,310
00001747.jpg,342,82,751,542,1198,310
00001748.jpg,342,82,751,542,1198,310
00001749.jpg,341,82,750,542,1198,310
00001750.jpg,341,81,750,541,1197,308
00001751.jpg,340,81,749,541,1196,306
00001752.jpg,340,81,749,541,1196,301
00001753.jpg,334,76,744,557,1194,297
00001754.jpg,334,76,744,557,1194,297
00001755.jpg,335,77,745,558,1194,297
00001756.jpg,335,78,745,559,1194,297
00001757.jpg,334,78,744,559,1194,297
00001758.jpg,333,78,743,559,1190,301
00001759.jpg,333,78,743,559,1190,301
00001760.jpg,332,79,742,560,1190,302
00001761.jpg,332,79,742,560,1190,302
00001762.jpg,332,80,742,561,1190,302
00001763.jpg,333,81,743,562,1190,302
00001764.jpg,332,82,742,563,918,293
00001765.jpg,330,82,740,563,916,293
00001766.jpg,328,82,738,563,914,293
00001767.jpg,321,81,729,514,914,293
00001768.jpg,314,79,722,512,914,293
00001769.jpg,307,78,715,511,914,293
00001770.jpg,301,77,709,510,914,290
00001771.jpg,295,77,703,510,914,290
00001772.jpg,292,77,700,510,914,290
00001773.jpg,289,78,697,511,914,290
00001774.jpg,287,79,695,512,914,290
00001775.jpg,285,81,693,514,914,290
00001776.jpg,284,82,692,515,914,290
00001777.jpg,283,82,691,515,913,286
00001778.jpg,282,82,690,515,916,285
00001779.jpg,281,82,689,515,-1,-1
00001780.jpg,279,83,687,516,-1,-1
00001781.jpg,278,85,686,518,-1,-1
00001782.jpg,277,86,685,519,1177,332
00001783.jpg,276,88,684,521,1174,337
00001784.jpg,274,90,682,523,1169,338
00001785.jpg,271,91,679,524,1169,338
00001786.jpg,269,91,677,524,1166,340
00001787.jpg,269,92,677,525,1165,340
00001788.jpg,269,92,677,525,1165,340
00001789.jpg,269,92,677,525,1165,340
00001790.jpg,270,92,678,525,1165,340
00001791.jpg,272,93,680,526,1162,340
00001792.jpg,274,93,682,526,1157,340
00001793.jpg,276,93,684,526,1157,340
00001794.jpg,277,93,685,526,1154,345
00001795.jpg,278,94,686,527,1153,345
00001796.jpg,279,94,687,527,1150,345
00001797.jpg,280,94,688,527,1148,345
00001798.jpg,281,94,689,527,1144,345
00001799.jpg,282,94,690,527,1144,345
00001800.jpg,283,95,691,528,1144,345
00001801.jpg,284,95,692,528,1148,344
00001802.jpg,285,96,693,529,1148,344
00001803.jpg,285,96,693,529,1148,344
00001804.jpg,286,96,694,529,1153,345
00001805.jpg,286,96,694,529,1153,344
00001806.jpg,286,96,694,529,1153,346
00001807.jpg,286,96,694,529,1153,348
00001808.jpg,286,95,694,528,1153,346
00001809.jpg,286,95,694,528,1154,340
00001810.jpg,285,94,693,527,1158,340
00001811.jpg,284,92,692,525,1162,340
00001812.jpg,283,91,691,524,1165,340
00001813.jpg,282,90,690,523,1165,340
00001814.jpg,281,89,689,522,1165,340
00001815.jpg,279,89,687,522,1165,340
00001816.jpg,278,89,686,522,1165,340
00001817.jpg,276,89,684,522,1166,338
00001818.jpg,273,88,681,521,1168,338
00001819.jpg,270,88,678,521,1168,338
00001820.jpg,268,88,676,521,1165,337
00001821.jpg,264,87,672,520,1165,337
00001822.jpg,262,86,670,519,1162,337
00001823.jpg,260,86,668,519,1162,337
00001824.jpg,259,86,667,519,1162,337
00001825.jpg,258,87,666,520,1162,337
00001826.jpg,257,87,665,520,1161,337
00001827.jpg,255,87,663,520,1160,337
00001828.jpg,254,87,662,520,1160,337
00001829.jpg,253,85,661,518,1160,337
00001830.jpg,253,84,661,517,1160,337
00001831.jpg,252,83,660,516,1160,337
00001832.jpg,252,82,660,515,1160,337
00001833.jpg,251,81,659,514,1160,337
00001834.jpg,250,80,658,513,1160,337
00001835.jpg,249,79,657,512,1160,337
00001836.jpg,249,78,657,511,1161,337
00001837.jpg,248,76,656,509,1161,337
00001838.jpg,248,75,656,508,1161,337
00001839.jpg,250,74,658,507,896,293
00001840.jpg,251,74,659,507,898,293
00001841.jpg,251,73,659,506,898,293
00001842.jpg,250,72,658,505,898,293
00001843.jpg,250,71,658,504,898,293
00001844.jpg,250,71,658,504,900,293
00001845.jpg,249,69,657,502,904,293
00001846.jpg,249,69,657,502,906,293
00001847.jpg,248,69,656,502,909,292
00001848.jpg,248,70,656,503,909,292
00001849.jpg,247,70,655,503,909,288
00001850.jpg,247,71,655,504,909,288
00001851.jpg,246,71,654,504,910,288
00001852.jpg,246,71,654,504,910,288
00001853.jpg,244,69,652,502,910,288
00001854.jpg,243,67,651,500,910,288
00001855.jpg,242,65,650,498,910,288
00001856.jpg,242,63,650,496,912,288
00001857.jpg,242,62,650,495,912,288
00001858.jpg,242,60,650,493,918,286
00001859.jpg,242,60,650,493,918,286
