00000001.jpg,468,68,686,274,-1,-1
00000002.jpg,468,68,686,274,-1,-1
00000003.jpg,482,62,667,253,-1,-1
00000004.jpg,482,62,667,253,-1,-1
00000005.jpg,474,58,659,249,-1,-1
00000006.jpg,467,56,652,247,-1,-1
00000007.jpg,459,57,644,248,-1,-1
00000008.jpg,451,59,636,250,-1,-1
00000009.jpg,444,62,629,253,-1,-1
00000010.jpg,438,65,623,256,-1,-1
00000011.jpg,432,67,617,258,-1,-1
00000012.jpg,429,66,614,257,-1,-1
00000013.jpg,426,60,611,251,-1,-1
00000014.jpg,422,56,607,247,-1,-1
00000015.jpg,416,56,601,247,-1,-1
00000016.jpg,409,54,594,245,-1,-1
00000017.jpg,401,49,586,240,-1,-1
00000018.jpg,394,44,579,235,-1,-1
00000019.jpg,388,41,573,232,-1,-1
00000020.jpg,383,37,568,228,-1,-1
00000021.jpg,381,33,566,224,-1,-1
00000022.jpg,379,28,564,219,-1,-1
00000023.jpg,381,21,566,212,-1,-1
00000024.jpg,386,18,571,209,-1,-1
00000025.jpg,389,16,574,207,-1,-1
00000026.jpg,412,38,577,204,-1,-1
00000027.jpg,412,38,577,204,-1,-1
00000028.jpg,411,40,576,206,-1,-1
00000029.jpg,408,41,573,207,-1,-1
00000030.jpg,404,48,569,214,-1,-1
00000031.jpg,400,49,565,215,-1,-1
00000032.jpg,397,56,562,222,-1,-1
00000033.jpg,394,61,559,227,-1,-1
00000034.jpg,413,64,550,213,-1,-1
00000035.jpg,413,64,550,213,-1,-1
00000036.jpg,420,66,557,215,-1,-1
00000037.jpg,424,67,561,216,660,318
00000038.jpg,430,69,567,218,658,326
00000039.jpg,452,74,581,218,660,335
00000040.jpg,452,74,581,218,788,479
00000041.jpg,457,75,586,219,774,451
00000042.jpg,462,76,591,220,754,423
00000043.jpg,467,76,596,220,675,346
00000044.jpg,471,75,600,219,678,354
00000045.jpg,475,75,604,219,683,356
00000046.jpg,479,75,608,219,699,360
00000047.jpg,484,74,613,218,708,361
00000048.jpg,489,73,618,217,719,361
00000049.jpg,491,69,620,213,726,363
00000050.jpg,496,67,625,211,-1,-1
00000051.jpg,503,65,632,209,-1,-1
00000052.jpg,510,65,639,209,119,348
00000053.jpg,511,68,636,209,146,113
00000054.jpg,511,68,636,209,158,114
00000055.jpg,513,69,638,210,175,110
00000056.jpg,514,69,639,210,190,110
00000057.jpg,514,70,639,211,201,114
00000058.jpg,514,70,639,211,220,118
00000059.jpg,513,70,638,211,236,117
00000060.jpg,511,70,636,211,252,117
00000061.jpg,507,70,632,211,264,116
00000062.jpg,505,69,630,210,281,118
00000063.jpg,504,69,629,210,289,121
00000064.jpg,501,68,626,209,308,125
00000065.jpg,500,68,625,209,314,125
00000066.jpg,501,68,626,209,330,127
00000067.jpg,503,67,628,208,343,127
00000068.jpg,503,67,628,208,356,129
