00000001.jpg,671,141,922,394,-1,-1
00000002.jpg,715,159,937,430,-1,-1
00000003.jpg,729,191,962,454,-1,-1
00000004.jpg,744,204,986,478,-1,-1
00000005.jpg,751,223,986,494,-1,-1
00000006.jpg,769,239,984,502,-1,-1
00000007.jpg,769,239,984,502,-1,-1
00000008.jpg,775,243,990,506,-1,-1
00000009.jpg,781,245,996,508,-1,-1
00000010.jpg,789,247,1004,510,-1,-1
00000011.jpg,796,247,1011,510,-1,-1
00000012.jpg,805,245,1020,508,-1,-1
00000013.jpg,812,241,1027,504,-1,-1
00000014.jpg,819,238,1034,501,-1,-1
00000015.jpg,826,235,1041,498,-1,-1
00000016.jpg,843,258,1030,482,-1,-1
00000017.jpg,843,258,1030,482,-1,-1
00000018.jpg,846,256,1033,480,-1,-1
00000019.jpg,849,256,1036,480,-1,-1
00000020.jpg,851,255,1038,479,-1,-1
00000021.jpg,840,252,1030,450,-1,-1
00000022.jpg,840,252,1030,450,-1,-1
00000023.jpg,840,247,1030,445,-1,-1
00000024.jpg,841,240,1031,438,-1,-1
00000025.jpg,841,230,1031,428,-1,-1
00000026.jpg,829,194,1029,404,-1,-1
00000027.jpg,824,180,1014,383,-1,-1
00000028.jpg,819,166,1003,360,-1,-1
00000029.jpg,807,129,989,326,652,271
00000030.jpg,807,129,989,326,657,273
00000031.jpg,800,113,982,310,662,273
00000032.jpg,793,98,975,295,655,274
00000033.jpg,797,74,976,267,656,279
00000034.jpg,799,64,972,238,653,296
00000035.jpg,799,64,972,238,656,308
00000036.jpg,804,58,977,232,659,322
00000037.jpg,810,53,983,227,656,330
00000038.jpg,819,53,992,227,656,330
00000039.jpg,824,54,997,228,656,331
00000040.jpg,828,51,1001,225,662,336
00000041.jpg,831,47,1004,221,662,348
00000042.jpg,834,45,1007,219,662,348
00000043.jpg,835,43,1008,217,670,348
00000044.jpg,835,41,1008,215,676,352
00000045.jpg,834,41,1007,215,682,358
00000046.jpg,834,42,1007,216,694,362
00000047.jpg,835,42,1008,216,706,362
00000048.jpg,835,41,1008,215,722,362
00000049.jpg,835,42,1008,216,726,364
00000050.jpg,835,43,1008,217,730,365
00000051.jpg,831,44,1004,218,733,365
00000052.jpg,828,46,1001,220,743,365
00000053.jpg,829,62,986,221,745,363
00000054.jpg,829,62,986,221,748,358
00000055.jpg,827,60,984,219,755,348
00000056.jpg,825,59,982,218,755,348
00000057.jpg,823,59,980,218,756,353
00000058.jpg,823,60,980,219,766,368
00000059.jpg,821,63,978,222,769,376
00000060.jpg,820,66,977,225,778,390
00000061.jpg,821,66,978,225,777,399
00000062.jpg,822,64,979,223,786,404
00000063.jpg,823,63,980,222,790,405
00000064.jpg,825,62,982,221,800,400
00000065.jpg,828,62,985,221,804,399
00000066.jpg,832,62,989,221,814,387
00000067.jpg,837,61,994,220,818,379
00000068.jpg,837,61,994,220,827,377
