00148891.jpg,410,290,511,389,714,318
00148892.jpg,410,290,511,389,714,318
00148893.jpg,410,290,511,389,714,318
00148894.jpg,410,290,511,389,711,315
00148895.jpg,410,290,511,389,711,315
00148896.jpg,410,290,511,389,713,315
00148897.jpg,410,290,511,389,715,315
00148898.jpg,410,290,511,389,711,315
00148899.jpg,410,290,511,389,711,318
00148900.jpg,410,289,511,388,710,318
00148901.jpg,410,289,511,388,706,321
00148902.jpg,409,289,510,388,707,321
00148903.jpg,409,289,510,388,704,323
00148904.jpg,409,289,510,388,701,322
00148905.jpg,409,289,510,388,701,322
00148906.jpg,409,289,510,388,700,322
00148907.jpg,409,289,510,388,699,323
00148908.jpg,409,289,510,388,700,324
00148909.jpg,409,289,510,388,700,324
00148910.jpg,409,289,510,388,700,324
00148911.jpg,409,289,510,388,700,324
00148912.jpg,409,289,510,388,700,324
00148913.jpg,409,289,510,388,700,324
00148914.jpg,409,289,510,388,700,324
00148915.jpg,409,289,510,388,700,324
00148916.jpg,409,289,510,388,700,324
00148917.jpg,409,289,510,388,700,324
00148918.jpg,409,289,510,388,700,324
00148919.jpg,409,289,510,388,700,324
00148920.jpg,409,289,510,388,700,324
00148921.jpg,409,289,510,388,700,324
00148922.jpg,409,289,510,388,700,324
00148923.jpg,409,289,510,388,700,324
00148924.jpg,409,289,510,388,700,324
00148925.jpg,409,289,510,388,700,324
00148926.jpg,409,289,510,388,700,324
00148927.jpg,409,289,510,388,700,324
00148928.jpg,409,289,510,388,700,324
00148929.jpg,409,289,510,388,700,324
00148930.jpg,409,289,510,388,700,324
00148931.jpg,409,289,510,388,700,324
00148932.jpg,409,289,510,388,701,322
00148933.jpg,409,289,510,388,700,321
00148934.jpg,409,289,510,388,700,320
00148935.jpg,409,289,510,388,700,320
00148936.jpg,409,289,510,388,700,318
00148937.jpg,409,289,510,388,701,318
00148938.jpg,409,289,510,388,704,312
00148939.jpg,409,289,510,388,705,312
00148940.jpg,409,289,510,388,706,311
00148941.jpg,408,289,509,388,706,311
00148942.jpg,408,289,509,388,708,311
00148943.jpg,408,289,509,388,708,311
00148944.jpg,408,289,509,388,709,310
00148945.jpg,408,289,509,388,708,309
00148946.jpg,408,289,509,388,708,309
00148947.jpg,408,288,509,387,708,309
00148948.jpg,408,288,509,387,708,309
00148949.jpg,408,288,509,387,708,309
00148950.jpg,408,288,509,387,708,313
00148951.jpg,408,288,509,387,710,314
00148952.jpg,408,288,509,387,711,315
00148953.jpg,408,288,509,387,711,316
00148954.jpg,408,288,509,387,713,316
00148955.jpg,408,288,509,387,713,316
00148956.jpg,408,288,509,387,713,316
00148957.jpg,409,288,510,387,713,316
00148958.jpg,409,288,510,387,713,316
00148959.jpg,409,288,510,387,713,316
00148960.jpg,409,288,510,387,713,316
00148961.jpg,409,288,510,387,713,316
00148962.jpg,409,288,510,387,713,316
00148963.jpg,409,288,510,387,713,316
00148964.jpg,409,288,510,387,713,316
00148965.jpg,409,288,510,387,713,316
00148966.jpg,409,288,510,387,711,316
00148967.jpg,409,289,510,388,711,316
00148968.jpg,409,288,510,387,710,316
00148969.jpg,409,288,510,387,710,316
00148970.jpg,409,288,510,387,710,316
00148971.jpg,409,289,510,388,710,316
00148972.jpg,409,289,510,388,710,316
00148973.jpg,409,289,510,388,709,316
00148974.jpg,409,289,510,388,709,316
00148975.jpg,409,289,510,388,709,316
00148976.jpg,402,287,502,381,709,316
00148977.jpg,402,287,502,381,709,316
00148978.jpg,402,287,502,381,709,316
00148979.jpg,402,287,502,381,709,316
00148980.jpg,402,287,502,381,709,316
00148981.jpg,402,287,502,381,708,315
00148982.jpg,402,287,502,381,709,316
00148983.jpg,402,287,502,381,-1,-1
00148984.jpg,402,287,502,381,-1,-1
00148985.jpg,402,286,502,380,-1,-1
00148986.jpg,401,286,501,380,-1,-1
00148987.jpg,401,286,501,380,-1,-1
00148988.jpg,401,285,501,379,-1,-1
00148989.jpg,401,285,501,379,-1,-1
00148990.jpg,401,284,501,378,-1,-1
00148991.jpg,401,284,501,378,-1,-1
00148992.jpg,401,284,501,378,-1,-1
00148993.jpg,401,283,501,377,-1,-1
00148994.jpg,410,288,500,376,-1,-1
00148995.jpg,410,288,500,376,-1,-1
00148996.jpg,410,288,500,376,-1,-1
00148997.jpg,409,288,499,376,-1,-1
00148998.jpg,409,288,499,376,-1,-1
00148999.jpg,409,288,499,376,-1,-1
00149000.jpg,409,288,499,376,-1,-1
00149001.jpg,409,289,499,377,-1,-1
00149002.jpg,409,289,499,377,-1,-1
00149003.jpg,409,289,499,377,-1,-1
00149004.jpg,409,290,499,378,-1,-1
00149005.jpg,409,290,499,378,-1,-1
00149006.jpg,409,290,499,378,-1,-1
00149007.jpg,410,290,500,378,-1,-1
00149008.jpg,410,291,500,379,-1,-1
00149009.jpg,410,291,500,379,-1,-1
00149010.jpg,410,291,500,379,-1,-1
00149011.jpg,410,291,500,379,-1,-1
00149012.jpg,410,290,500,378,-1,-1
00149013.jpg,410,290,500,378,-1,-1
00149014.jpg,410,290,500,378,-1,-1
00149015.jpg,410,290,500,378,-1,-1
00149016.jpg,410,290,500,378,-1,-1
00149017.jpg,410,290,500,378,-1,-1
00149018.jpg,410,290,500,378,-1,-1
00149019.jpg,410,290,500,378,-1,-1
00149020.jpg,410,290,500,378,654,890
00149021.jpg,410,290,500,378,654,890
00149022.jpg,410,291,500,379,654,890
00149023.jpg,410,291,500,379,654,890
00149024.jpg,410,291,500,379,654,890
00149025.jpg,410,291,500,379,654,890
00149026.jpg,410,292,500,380,654,890
00149027.jpg,411,292,501,380,654,890
00149028.jpg,411,292,501,380,654,890
00149029.jpg,411,292,501,380,654,890
00149030.jpg,411,292,501,380,654,890
00149031.jpg,411,292,501,380,654,890
00149032.jpg,411,292,501,380,654,890
00149033.jpg,411,292,501,380,654,890
00149034.jpg,411,292,501,380,698,834
00149035.jpg,411,292,501,380,704,488
00149036.jpg,411,292,501,380,721,402
00149037.jpg,411,292,501,380,705,320
00149038.jpg,411,292,501,380,705,320
00149039.jpg,411,292,501,380,705,320
00149040.jpg,412,292,502,380,705,320
00149041.jpg,412,292,502,380,705,320
00149042.jpg,412,292,502,380,705,320
00149043.jpg,412,292,502,380,705,320
00149044.jpg,412,292,502,380,705,320
00149045.jpg,412,292,502,380,705,320
00149046.jpg,412,292,502,380,705,320
00149047.jpg,412,292,502,380,705,320
00149048.jpg,412,292,502,380,705,320
00149049.jpg,412,292,502,380,705,320
00149050.jpg,412,292,502,380,705,320
00149051.jpg,412,293,502,381,705,320
00149052.jpg,411,292,501,380,705,320
00149053.jpg,411,292,501,380,705,320
00149054.jpg,411,292,501,380,705,320
00149055.jpg,411,292,501,380,705,320
00149056.jpg,411,292,501,380,705,320
00149057.jpg,411,292,501,380,705,320
00149058.jpg,411,292,501,380,705,319
00149059.jpg,411,292,501,380,705,318
00149060.jpg,411,292,501,380,705,316
00149061.jpg,411,292,501,380,705,316
00149062.jpg,411,292,501,380,705,316
00149063.jpg,411,292,501,380,705,316
00149064.jpg,411,292,501,380,707,316
00149065.jpg,411,292,501,380,706,319
00149066.jpg,411,292,501,380,708,319
00149067.jpg,411,292,501,380,707,319
00149068.jpg,411,292,501,380,707,320
00149069.jpg,411,292,501,380,707,320
00149070.jpg,411,292,501,380,707,320
00149071.jpg,411,292,501,380,706,320
00149072.jpg,411,293,501,381,706,320
00149073.jpg,410,292,500,380,704,320
00149074.jpg,410,292,500,380,704,320
00149075.jpg,410,292,500,380,703,320
00149076.jpg,410,292,500,380,703,320
00149077.jpg,410,292,500,380,703,320
00149078.jpg,410,292,500,380,703,320
00149079.jpg,410,292,500,380,703,320
00149080.jpg,410,292,500,380,701,321
00149081.jpg,410,292,500,380,701,321
00149082.jpg,410,292,500,380,701,321
00149083.jpg,410,292,500,380,701,321
00149084.jpg,410,292,500,380,701,321
00149085.jpg,410,292,500,380,701,321
00149086.jpg,410,292,500,380,701,321
00149087.jpg,410,292,500,380,701,321
00149088.jpg,410,292,500,380,701,321
00149089.jpg,410,292,500,380,701,321
00149090.jpg,410,292,500,380,701,321
00149091.jpg,410,292,500,380,701,321
00149092.jpg,410,292,500,380,703,321
00149093.jpg,410,292,500,380,703,321
00149094.jpg,410,292,500,380,704,321
00149095.jpg,410,292,500,380,704,320
00149096.jpg,410,292,500,380,703,321
00149097.jpg,410,292,500,380,704,323
00149098.jpg,410,292,500,380,704,323
00149099.jpg,410,292,500,380,705,323
00149100.jpg,410,292,500,380,705,323
00149101.jpg,410,292,500,380,705,323
00149102.jpg,410,293,500,381,705,323
00149103.jpg,410,293,500,381,705,323
00149104.jpg,410,293,500,381,705,323
00149105.jpg,410,293,500,381,705,323
00149106.jpg,410,293,500,381,705,323
00149107.jpg,410,293,500,381,704,321
00149108.jpg,410,293,500,381,704,321
00149109.jpg,410,293,500,381,704,321
00149110.jpg,410,292,500,380,704,321
00149111.jpg,410,292,500,380,704,321
00149112.jpg,410,292,500,380,704,321
00149113.jpg,410,292,500,380,704,321
00149114.jpg,410,292,500,380,704,321
00149115.jpg,410,292,500,380,704,321
00149116.jpg,410,292,500,380,704,321
00149117.jpg,411,293,501,381,710,414
00149118.jpg,410,292,500,380,709,526
00149119.jpg,410,292,500,380,707,526
00149120.jpg,410,292,500,380,708,528
00149121.jpg,410,292,500,380,710,528
00149122.jpg,410,292,500,380,708,529
00149123.jpg,410,292,500,380,709,525
00149124.jpg,411,293,501,381,708,528
00149125.jpg,411,293,501,381,708,526
00149126.jpg,411,293,501,381,708,528
00149127.jpg,411,292,501,380,709,528
00149128.jpg,411,292,501,380,707,529
00149129.jpg,411,292,501,380,708,529
00149130.jpg,411,292,501,380,709,529
00149131.jpg,411,292,501,380,708,530
