00148891.jpg,1173,261,1282,374,1790,319
00148892.jpg,1173,261,1282,374,1789,318
00148893.jpg,1173,261,1282,374,1788,315
00148894.jpg,1173,261,1282,374,1786,314
00148895.jpg,1173,261,1282,374,1786,314
00148896.jpg,1173,261,1282,374,1783,312
00148897.jpg,1172,261,1281,374,1783,312
00148898.jpg,1172,261,1281,374,1783,312
00148899.jpg,1172,261,1281,374,1783,312
00148900.jpg,1172,261,1281,374,1783,312
00148901.jpg,1172,261,1281,374,1783,312
00148902.jpg,1172,261,1281,374,1778,314
00148903.jpg,1171,261,1280,374,1778,314
00148904.jpg,1171,261,1280,374,1774,314
00148905.jpg,1170,261,1279,374,1771,315
00148906.jpg,1169,261,1278,374,1771,315
00148907.jpg,1168,261,1277,374,1771,315
00148908.jpg,1168,261,1277,374,1769,315
00148909.jpg,1167,261,1276,374,1768,315
00148910.jpg,1167,261,1276,374,1768,315
00148911.jpg,1166,261,1275,374,1767,314
00148912.jpg,1166,261,1275,374,1767,314
00148913.jpg,1165,261,1274,374,1767,314
00148914.jpg,1164,261,1273,374,1767,314
00148915.jpg,1163,261,1272,374,1767,314
00148916.jpg,1163,260,1272,373,1767,314
00148917.jpg,1163,260,1272,373,1767,314
00148918.jpg,1162,260,1271,373,1767,314
00148919.jpg,1162,260,1271,373,1767,314
00148920.jpg,1162,260,1271,373,1767,314
00148921.jpg,1162,260,1271,373,1767,314
00148922.jpg,1162,259,1271,372,1548,321
00148923.jpg,1162,259,1271,372,1548,320
00148924.jpg,1162,259,1271,372,1546,322
00148925.jpg,1162,259,1271,372,1547,324
00148926.jpg,1162,259,1271,372,1547,325
00148927.jpg,1163,259,1272,372,1548,326
00148928.jpg,1163,259,1272,372,1549,326
00148929.jpg,1164,259,1273,372,1549,326
00148930.jpg,1165,259,1274,372,1549,326
00148931.jpg,1165,259,1274,372,1550,326
00148932.jpg,1165,259,1274,372,1550,326
00148933.jpg,1166,260,1275,373,1551,328
00148934.jpg,1166,260,1275,373,1551,328
00148935.jpg,1166,260,1275,373,1551,328
00148936.jpg,1166,260,1275,373,1551,328
00148937.jpg,1166,260,1275,373,1551,328
00148938.jpg,1166,260,1275,373,1551,328
00148939.jpg,1166,260,1275,373,1551,328
00148940.jpg,1166,260,1275,373,1551,328
00148941.jpg,1166,260,1275,373,1551,328
00148942.jpg,1166,260,1275,373,1551,328
00148943.jpg,1166,260,1275,373,1551,328
00148944.jpg,1166,260,1275,373,1781,321
00148945.jpg,1166,260,1275,373,1780,319
00148946.jpg,1166,260,1275,373,1781,321
00148947.jpg,1166,260,1275,373,1781,322
00148948.jpg,1166,260,1275,373,1783,321
00148949.jpg,1166,260,1275,373,1784,321
00148950.jpg,1166,260,1275,373,1783,322
00148951.jpg,1165,260,1274,373,1785,323
00148952.jpg,1165,260,1274,373,1783,322
00148953.jpg,1165,260,1274,373,1783,322
00148954.jpg,1164,260,1273,373,1783,322
00148955.jpg,1164,260,1273,373,1783,322
00148956.jpg,1163,261,1272,374,1783,322
00148957.jpg,1163,261,1272,374,1784,322
00148958.jpg,1162,262,1271,375,1784,322
00148959.jpg,1162,263,1271,376,1784,322
00148960.jpg,1162,264,1271,377,1784,322
00148961.jpg,1162,265,1271,378,1784,322
00148962.jpg,1162,265,1271,378,1784,322
00148963.jpg,1163,266,1272,379,1784,322
00148964.jpg,1164,266,1273,379,1784,322
00148965.jpg,1165,266,1274,379,1784,322
00148966.jpg,1165,266,1274,379,1784,320
00148967.jpg,1165,266,1274,379,1784,322
00148968.jpg,1165,266,1274,379,1784,319
00148969.jpg,1166,266,1275,379,1784,322
00148970.jpg,1166,266,1275,379,1784,322
00148971.jpg,1166,266,1275,379,1784,322
00148972.jpg,1166,266,1275,379,1784,322
00148973.jpg,1166,266,1275,379,1784,322
00148974.jpg,1166,266,1275,379,1784,322
00148975.jpg,1166,266,1275,379,1784,318
00148976.jpg,1166,266,1275,379,1784,322
00148977.jpg,1166,266,1275,379,1784,322
00148978.jpg,1166,266,1275,379,1784,322
00148979.jpg,1166,266,1275,379,1784,322
00148980.jpg,1167,265,1276,378,1784,322
00148981.jpg,1167,265,1276,378,1784,322
00148982.jpg,1168,265,1277,378,1784,322
00148983.jpg,1171,262,1280,375,1784,322
00148984.jpg,1171,262,1280,375,1784,322
00148985.jpg,1171,262,1280,375,1784,322
00148986.jpg,1171,262,1280,375,1784,322
00148987.jpg,1172,262,1281,375,1784,322
00148988.jpg,1172,262,1281,375,1781,322
00148989.jpg,1172,269,1285,380,1780,322
00148990.jpg,1172,269,1285,380,1779,322
00148991.jpg,1172,269,1285,380,1779,321
00148992.jpg,1173,270,1286,381,1778,319
00148993.jpg,1173,274,1286,378,1777,320
00148994.jpg,1173,274,1286,378,1775,320
00148995.jpg,1174,276,1287,380,1774,319
00148996.jpg,1175,277,1288,381,1768,321
00148997.jpg,1177,280,1290,384,1764,321
00148998.jpg,1179,282,1292,386,1759,322
00148999.jpg,1182,285,1295,389,1759,323
00149000.jpg,1185,287,1298,391,1756,323
00149001.jpg,1188,289,1301,393,1751,324
00149002.jpg,1191,291,1304,395,1744,325
00149003.jpg,1194,292,1307,396,1741,325
00149004.jpg,1197,293,1310,397,1737,325
00149005.jpg,1199,294,1312,398,1734,326
00149006.jpg,1208,298,1315,395,1728,328
00149007.jpg,1208,298,1315,395,1723,328
00149008.jpg,1209,298,1316,395,1717,326
00149009.jpg,1210,297,1317,394,1710,325
00149010.jpg,1210,297,1317,394,1706,325
00149011.jpg,1211,297,1318,394,1706,325
00149012.jpg,1212,296,1319,393,1700,325
00149013.jpg,1213,296,1320,393,1700,323
00149014.jpg,1214,296,1321,393,1700,323
00149015.jpg,1215,296,1322,393,1698,325
00149016.jpg,1216,296,1323,393,1531,348
00149017.jpg,1217,296,1324,393,1531,349
00149018.jpg,1217,295,1324,392,1530,349
00149019.jpg,1218,294,1325,391,1529,349
00149020.jpg,1219,293,1326,390,1530,349
00149021.jpg,1220,292,1327,389,1529,349
00149022.jpg,1220,292,1327,389,1529,350
00149023.jpg,1221,292,1328,389,1529,350
00149024.jpg,1221,284,1325,380,1530,351
00149025.jpg,1221,284,1325,380,1529,351
00149026.jpg,1222,284,1326,380,1530,351
00149027.jpg,1223,283,1327,379,1530,351
00149028.jpg,1225,283,1329,379,1530,351
00149029.jpg,1226,284,1330,380,1530,351
00149030.jpg,1228,284,1332,380,1530,351
00149031.jpg,1230,285,1334,381,1529,354
00149032.jpg,1233,287,1337,383,1531,355
00149033.jpg,1236,289,1340,385,1535,359
00149034.jpg,1240,290,1344,386,1529,359
00149035.jpg,1247,295,1351,389,1699,326
00149036.jpg,1247,295,1351,389,1526,355
00149037.jpg,1251,295,1355,389,1519,354
00149038.jpg,1255,296,1359,390,1516,354
00149039.jpg,1260,296,1364,390,1510,355
00149040.jpg,1265,296,1369,390,1505,355
00149041.jpg,1267,295,1371,389,1490,353
00149042.jpg,1272,295,1376,389,1476,353
00149043.jpg,1279,290,1370,388,1455,345
00149044.jpg,1279,290,1370,388,1441,340
00149045.jpg,1281,289,1372,387,1426,332
00149046.jpg,1283,288,1374,386,1417,332
00149047.jpg,1283,288,1374,386,1408,330
00149048.jpg,1284,286,1375,384,1401,330
00149049.jpg,1283,285,1374,383,1396,329
00149050.jpg,1279,288,1363,380,1391,329
00149051.jpg,1279,288,1363,380,1391,329
00149052.jpg,1277,287,1361,379,1389,331
00149053.jpg,1275,285,1359,377,1384,329
00149054.jpg,1273,284,1357,376,1379,333
00149055.jpg,1272,283,1356,375,1374,334
00149056.jpg,1269,282,1353,374,1374,334
00149057.jpg,1268,281,1352,373,1371,334
00149058.jpg,1267,281,1351,373,1370,334
00149059.jpg,1266,282,1350,374,1370,334
00149060.jpg,1266,281,1350,373,1370,334
00149061.jpg,1261,275,1347,371,1370,334
00149062.jpg,1261,275,1347,371,1369,334
00149063.jpg,1261,275,1347,371,1366,334
00149064.jpg,1261,275,1347,371,1366,334
00149065.jpg,1261,275,1347,371,1361,333
00149066.jpg,1260,275,1346,371,1361,333
00149067.jpg,1260,275,1346,371,1359,330
00149068.jpg,1261,275,1347,371,1361,330
00149069.jpg,1261,275,1347,371,1358,329
00149070.jpg,1261,275,1347,371,1356,328
00149071.jpg,1261,275,1347,371,1357,330
00149072.jpg,1261,275,1347,371,1355,329
00149073.jpg,1261,275,1347,371,1357,328
00149074.jpg,1260,275,1346,371,1357,329
00149075.jpg,1260,275,1346,371,1356,330
00149076.jpg,1258,276,1344,372,1359,330
00149077.jpg,1258,276,1344,372,1355,331
00149078.jpg,1257,276,1343,372,1358,332
00149079.jpg,1256,275,1342,371,1357,332
00149080.jpg,1254,275,1340,371,1354,331
00149081.jpg,1252,274,1338,370,1354,332
00149082.jpg,1251,274,1337,370,1353,332
00149083.jpg,1251,274,1337,370,1355,332
00149084.jpg,1250,274,1336,370,1355,332
00149085.jpg,1249,274,1335,370,1354,332
00149086.jpg,1248,274,1334,370,1353,332
00149087.jpg,1247,274,1333,370,1354,331
00149088.jpg,1246,274,1332,370,1354,333
00149089.jpg,1244,274,1330,370,1353,333
00149090.jpg,1244,274,1330,370,1353,333
00149091.jpg,1243,274,1329,370,1350,333
00149092.jpg,1242,273,1328,369,1350,333
00149093.jpg,1242,273,1328,369,1350,333
00149094.jpg,1241,273,1327,369,1350,333
00149095.jpg,1241,273,1327,369,1350,333
00149096.jpg,1240,273,1326,369,1350,333
00149097.jpg,1240,273,1326,369,1350,333
00149098.jpg,1240,273,1326,369,1350,333
00149099.jpg,1239,273,1325,369,1350,333
00149100.jpg,1239,273,1325,369,1350,333
00149101.jpg,1238,274,1324,370,1349,333
00149102.jpg,1230,276,1326,368,1608,320
00149103.jpg,1230,276,1326,368,1611,320
00149104.jpg,1228,276,1324,368,1610,320
00149105.jpg,1226,276,1322,368,1787,311
00149106.jpg,1221,271,1327,369,1788,313
00149107.jpg,1221,271,1327,369,1787,312
00149108.jpg,1220,271,1326,369,1789,311
00149109.jpg,1219,271,1325,369,1785,312
00149110.jpg,1219,269,1326,372,1791,312
00149111.jpg,1219,269,1326,372,1784,312
00149112.jpg,1218,269,1325,372,1786,312
00149113.jpg,1218,269,1325,372,1787,312
00149114.jpg,1217,269,1324,372,1785,312
00149115.jpg,1217,269,1324,372,1783,312
00149116.jpg,1217,269,1324,372,1785,312
00149117.jpg,1216,269,1323,372,1781,312
00149118.jpg,1216,269,1323,372,1783,312
00149119.jpg,1216,264,1325,370,1784,313
00149120.jpg,1216,264,1325,370,1783,313
00149121.jpg,1216,264,1325,370,1785,314
00149122.jpg,1215,264,1324,370,1783,313
00149123.jpg,1215,264,1324,370,1784,315
00149124.jpg,1215,264,1324,370,1783,314
00149125.jpg,1215,264,1324,370,1783,314
00149126.jpg,1214,264,1323,370,1785,314
00149127.jpg,1214,264,1323,370,1784,314
00149128.jpg,1214,264,1323,370,1785,314
00149129.jpg,1214,264,1323,370,1783,314
00149130.jpg,1214,264,1323,370,1783,315
00149131.jpg,1214,264,1323,370,1784,314
