00148891.jpg,1523,269,1618,369,1789,315
00148892.jpg,1523,269,1618,369,1789,314
00148893.jpg,1523,269,1618,369,1789,316
00148894.jpg,1523,269,1618,369,1789,314
00148895.jpg,1523,269,1618,369,1788,313
00148896.jpg,1523,269,1618,369,1787,313
00148897.jpg,1522,269,1617,369,1785,313
00148898.jpg,1522,269,1617,369,1784,312
00148899.jpg,1522,269,1617,369,1785,313
00148900.jpg,1521,269,1616,369,1785,313
00148901.jpg,1521,269,1616,369,1783,313
00148902.jpg,1519,269,1614,369,1783,313
00148903.jpg,1518,269,1613,369,1781,313
00148904.jpg,1516,268,1611,368,1778,313
00148905.jpg,1513,268,1608,368,1777,313
00148906.jpg,1509,267,1604,367,1776,313
00148907.jpg,1505,266,1600,366,1776,313
00148908.jpg,1500,266,1595,366,1773,313
00148909.jpg,1496,266,1591,366,1773,313
00148910.jpg,1492,265,1587,365,1772,312
00148911.jpg,1488,265,1583,365,1772,312
00148912.jpg,1485,265,1580,365,1772,312
00148913.jpg,1483,265,1578,365,1769,311
00148914.jpg,1481,266,1576,366,1769,311
00148915.jpg,1479,266,1574,366,1769,311
00148916.jpg,1478,266,1573,366,1769,311
00148917.jpg,1477,267,1572,367,1769,311
00148918.jpg,1477,267,1572,367,1769,311
00148919.jpg,1477,267,1572,367,1769,311
00148920.jpg,1477,267,1572,367,1768,311
00148921.jpg,1477,267,1572,367,1768,311
00148922.jpg,1477,267,1572,367,1771,312
00148923.jpg,1478,267,1573,367,1770,312
00148924.jpg,1479,267,1574,367,1770,312
00148925.jpg,1480,267,1575,367,1770,312
00148926.jpg,1480,267,1575,367,1770,312
00148927.jpg,1481,267,1576,367,1771,312
00148928.jpg,1481,268,1576,368,1772,312
00148929.jpg,1482,267,1577,367,1772,312
00148930.jpg,1482,268,1577,368,1772,312
00148931.jpg,1483,267,1578,367,1772,312
00148932.jpg,1483,268,1578,368,1772,312
00148933.jpg,1483,268,1578,368,1773,312
00148934.jpg,1484,268,1579,368,1773,312
00148935.jpg,1484,268,1579,368,1775,312
00148936.jpg,1484,268,1579,368,1776,312
00148937.jpg,1485,267,1580,367,1776,312
00148938.jpg,1485,267,1580,367,1776,312
00148939.jpg,1485,267,1580,367,1777,312
00148940.jpg,1485,267,1580,367,1778,312
00148941.jpg,1485,267,1580,367,1778,312
00148942.jpg,1485,267,1580,367,1778,312
00148943.jpg,1485,267,1580,367,1779,312
00148944.jpg,1485,267,1580,367,1780,313
00148945.jpg,1485,267,1580,367,1780,313
00148946.jpg,1485,267,1580,367,1782,313
00148947.jpg,1485,267,1580,367,1782,313
00148948.jpg,1485,267,1580,367,1782,313
00148949.jpg,1485,267,1580,367,1783,313
00148950.jpg,1485,267,1580,367,1783,313
00148951.jpg,1485,267,1580,367,1783,313
00148952.jpg,1485,267,1580,367,1785,313
00148953.jpg,1485,267,1580,367,1785,313
00148954.jpg,1485,267,1580,367,1785,313
00148955.jpg,1486,267,1581,367,1786,313
00148956.jpg,1486,267,1581,367,1786,313
00148957.jpg,1487,267,1582,367,1786,313
00148958.jpg,1487,267,1582,367,1786,313
00148959.jpg,1488,267,1583,367,1786,313
00148960.jpg,1488,267,1583,367,1786,313
00148961.jpg,1489,267,1584,367,1785,314
00148962.jpg,1490,267,1585,367,1785,314
00148963.jpg,1491,267,1586,367,1785,314
00148964.jpg,1491,267,1586,367,1785,314
00148965.jpg,1492,267,1587,367,1785,314
00148966.jpg,1493,267,1588,367,1785,314
00148967.jpg,1494,267,1589,367,1785,314
00148968.jpg,1495,267,1590,367,1785,314
00148969.jpg,1496,267,1591,367,1785,314
00148970.jpg,1498,267,1593,367,1785,314
00148971.jpg,1500,268,1595,368,1785,314
00148972.jpg,1502,268,1597,368,1785,314
00148973.jpg,1503,268,1598,368,-1,-1
00148974.jpg,1505,268,1600,368,-1,-1
00148975.jpg,1505,268,1600,368,-1,-1
00148976.jpg,1502,268,1591,370,-1,-1
00148977.jpg,1502,268,1591,370,-1,-1
00148978.jpg,1502,268,1591,370,-1,-1
00148979.jpg,1502,268,1591,370,-1,-1
00148980.jpg,1502,268,1591,370,-1,-1
00148981.jpg,1511,271,1597,367,1474,339
00148982.jpg,1511,271,1597,367,1477,339
00148983.jpg,1511,271,1597,367,1480,339
00148984.jpg,1511,271,1597,367,1482,342
00148985.jpg,1512,271,1598,367,1487,343
00148986.jpg,1513,271,1599,367,1488,343
00148987.jpg,1514,272,1600,368,1490,343
00148988.jpg,1515,272,1601,368,1492,343
00148989.jpg,1516,272,1602,368,1495,344
00148990.jpg,1523,270,1611,368,1499,343
00148991.jpg,1523,270,1611,368,1502,343
00148992.jpg,1524,270,1612,368,1502,342
00148993.jpg,1526,270,1614,368,1504,343
00148994.jpg,1528,270,1616,368,1506,343
00148995.jpg,1529,270,1617,368,1509,343
00148996.jpg,1531,270,1619,368,1509,343
00148997.jpg,1533,270,1621,368,1514,343
00148998.jpg,1534,270,1622,368,1518,343
00148999.jpg,1536,270,1624,368,1520,343
00149000.jpg,1536,270,1624,368,1524,345
00149001.jpg,1537,270,1625,368,1525,345
00149002.jpg,1539,269,1627,367,1528,346
00149003.jpg,1539,269,1627,367,1530,346
00149004.jpg,1540,269,1628,367,1530,346
00149005.jpg,1540,269,1628,367,1529,347
00149006.jpg,1541,269,1629,367,-1,-1
00149007.jpg,1542,269,1630,367,-1,-1
00149008.jpg,1543,269,1631,367,-1,-1
00149009.jpg,1543,269,1631,367,-1,-1
00149010.jpg,1544,269,1632,367,-1,-1
00149011.jpg,1544,269,1632,367,-1,-1
00149012.jpg,1530,270,1626,369,-1,-1
00149013.jpg,1530,270,1626,369,1701,330
00149014.jpg,1531,270,1627,369,1701,325
00149015.jpg,1532,269,1628,368,1700,323
00149016.jpg,1533,269,1629,368,1696,324
00149017.jpg,1534,269,1630,368,1696,324
00149018.jpg,1535,269,1631,368,1696,323
00149019.jpg,1536,269,1632,368,1696,323
00149020.jpg,1537,269,1633,368,1696,323
00149021.jpg,1539,269,1635,368,1696,323
00149022.jpg,1540,269,1636,368,1696,323
00149023.jpg,1543,268,1639,367,1696,323
00149024.jpg,1544,268,1640,367,1696,321
00149025.jpg,1545,268,1641,367,1696,321
00149026.jpg,1546,269,1642,368,1696,321
00149027.jpg,1547,269,1643,368,1696,321
00149028.jpg,1548,269,1644,368,-1,-1
00149029.jpg,1548,269,1644,368,-1,-1
00149030.jpg,1549,269,1645,368,-1,-1
00149031.jpg,1550,269,1646,368,-1,-1
00149032.jpg,1550,269,1646,368,-1,-1
00149033.jpg,1551,269,1647,368,-1,-1
00149034.jpg,1551,269,1647,368,-1,-1
00149035.jpg,1552,269,1648,368,-1,-1
00149036.jpg,1553,269,1649,368,-1,-1
00149037.jpg,1565,273,1647,366,1536,339
00149038.jpg,1565,273,1647,366,1529,343
00149039.jpg,1565,273,1647,366,1519,343
00149040.jpg,1565,274,1647,367,1505,346
00149041.jpg,1564,274,1646,367,1491,344
00149042.jpg,1564,275,1646,368,1477,343
00149043.jpg,1564,277,1646,370,1464,342
00149044.jpg,1566,276,1658,373,1450,338
00149045.jpg,1566,276,1658,373,1430,333
00149046.jpg,1566,276,1658,373,1419,332
00149047.jpg,1566,277,1658,374,1406,330
00149048.jpg,1566,276,1658,373,1405,330
00149049.jpg,1568,276,1660,373,1395,332
00149050.jpg,1569,275,1661,372,1395,332
00149051.jpg,1570,274,1662,371,1391,334
00149052.jpg,1571,273,1663,370,1391,334
00149053.jpg,1572,272,1664,369,1389,334
00149054.jpg,1573,271,1665,368,1389,334
00149055.jpg,1574,271,1666,368,1387,334
00149056.jpg,1574,271,1666,368,1385,334
00149057.jpg,1575,271,1667,368,1385,334
00149058.jpg,1575,270,1667,367,1381,334
00149059.jpg,1576,270,1668,367,1379,333
00149060.jpg,1576,270,1668,367,1378,333
00149061.jpg,1576,269,1668,366,1378,333
00149062.jpg,1576,269,1668,366,1378,333
00149063.jpg,1576,269,1668,366,1377,333
00149064.jpg,1576,269,1668,366,1377,333
00149065.jpg,1577,269,1669,366,1376,333
00149066.jpg,1577,269,1669,366,1372,333
00149067.jpg,1577,269,1669,366,1370,333
00149068.jpg,1577,269,1669,366,1369,333
00149069.jpg,1577,269,1669,366,1369,333
00149070.jpg,1577,269,1669,366,1369,333
00149071.jpg,1577,269,1669,366,1324,326
00149072.jpg,1578,270,1670,367,-1,-1
00149073.jpg,1578,270,1670,367,-1,-1
00149074.jpg,1577,270,1669,367,-1,-1
00149075.jpg,1577,270,1669,367,-1,-1
00149076.jpg,1576,270,1668,367,-1,-1
00149077.jpg,1575,270,1667,367,-1,-1
00149078.jpg,1574,270,1666,367,-1,-1
00149079.jpg,1574,270,1666,367,-1,-1
00149080.jpg,1573,270,1665,367,1682,415
00149081.jpg,1564,272,1652,367,1780,313
00149082.jpg,1561,270,1648,368,1777,312
00149083.jpg,1561,270,1648,368,1777,313
00149084.jpg,1561,270,1648,368,1785,315
00149085.jpg,1547,272,1639,364,1785,314
00149086.jpg,1547,272,1639,364,1785,314
00149087.jpg,1546,272,1638,364,1785,314
00149088.jpg,1544,272,1636,364,1785,314
00149089.jpg,1543,272,1635,364,1785,314
00149090.jpg,1541,272,1633,364,1785,314
00149091.jpg,1541,272,1633,364,1785,314
00149092.jpg,1541,272,1633,364,1785,314
00149093.jpg,1539,273,1631,365,1786,313
00149094.jpg,1537,265,1634,365,1788,313
00149095.jpg,1537,265,1634,365,1788,313
00149096.jpg,1537,265,1634,365,1788,313
00149097.jpg,1538,265,1635,365,1788,313
00149098.jpg,1538,265,1635,365,1789,313
00149099.jpg,1539,265,1636,365,1789,313
00149100.jpg,1539,265,1636,365,1791,313
00149101.jpg,1540,265,1637,365,1791,313
00149102.jpg,1540,265,1637,365,1791,313
00149103.jpg,1541,265,1638,365,1791,313
00149104.jpg,1542,265,1639,365,1791,313
00149105.jpg,1542,265,1639,365,1791,313
00149106.jpg,1543,265,1640,365,1791,313
00149107.jpg,1544,265,1641,365,1791,313
00149108.jpg,1544,265,1641,365,1791,313
00149109.jpg,1545,265,1642,365,1791,313
00149110.jpg,1546,265,1643,365,1791,313
00149111.jpg,1547,265,1644,365,1791,313
00149112.jpg,1547,265,1644,365,1791,313
00149113.jpg,1548,264,1645,364,1791,313
00149114.jpg,1548,264,1645,364,1791,313
00149115.jpg,1549,264,1646,364,1791,313
00149116.jpg,1549,264,1646,364,1791,313
00149117.jpg,1549,264,1646,364,1791,313
00149118.jpg,1549,264,1646,364,1791,313
00149119.jpg,1549,264,1646,364,1791,313
00149120.jpg,1549,264,1646,364,1791,313
00149121.jpg,1548,264,1645,364,1791,313
00149122.jpg,1547,264,1644,364,1791,313
00149123.jpg,1546,264,1643,364,1791,313
00149124.jpg,1544,264,1641,364,1791,313
00149125.jpg,1543,264,1640,364,1791,313
00149126.jpg,1541,264,1638,364,1791,313
00149127.jpg,1539,264,1636,364,1791,313
00149128.jpg,1538,264,1635,364,1791,313
00149129.jpg,1536,264,1633,364,1791,313
00149130.jpg,1535,264,1632,364,1791,313
00149131.jpg,1535,264,1632,364,1791,313
