00004712.jpg,518,49,769,344,809,379
00004713.jpg,518,49,769,344,811,378
00004714.jpg,518,49,769,344,811,383
00004715.jpg,518,49,769,344,824,385
00004716.jpg,517,49,768,344,824,386
00004717.jpg,515,49,766,344,829,388
00004718.jpg,514,49,765,344,831,389
00004719.jpg,513,49,764,344,832,389
00004720.jpg,512,50,763,345,832,389
00004721.jpg,511,50,762,345,838,391
00004722.jpg,510,50,761,345,842,392
00004723.jpg,509,50,760,345,843,394
00004724.jpg,508,50,759,345,846,396
00004725.jpg,506,50,757,345,847,395
00004726.jpg,505,50,756,345,846,395
00004727.jpg,504,50,755,345,842,395
00004728.jpg,503,50,754,345,842,395
00004729.jpg,501,50,752,345,842,395
00004730.jpg,500,50,751,345,842,395
00004731.jpg,498,49,749,344,842,395
00004732.jpg,495,50,746,345,842,395
00004733.jpg,494,50,745,345,842,395
00004734.jpg,493,50,744,345,847,395
00004735.jpg,494,48,748,337,842,395
00004736.jpg,494,48,748,337,850,395
00004737.jpg,493,48,747,337,848,395
00004738.jpg,493,48,747,337,848,395
00004739.jpg,493,48,747,337,848,394
00004740.jpg,493,48,747,337,848,394
00004741.jpg,493,48,747,337,848,394
00004742.jpg,493,48,747,337,848,394
00004743.jpg,493,48,747,337,847,391
00004744.jpg,493,47,747,336,845,390
00004745.jpg,493,47,747,336,845,389
00004746.jpg,491,44,739,322,845,389
00004747.jpg,491,44,739,322,843,388
00004748.jpg,491,43,739,321,840,384
00004749.jpg,490,43,738,321,839,386
00004750.jpg,490,43,738,321,839,382
00004751.jpg,489,43,737,321,833,378
00004752.jpg,489,43,737,321,833,378
00004753.jpg,489,43,737,321,832,375
00004754.jpg,489,44,737,322,827,372
00004755.jpg,489,44,737,322,827,372
00004756.jpg,489,45,737,323,828,369
00004757.jpg,490,46,738,324,824,368
00004758.jpg,490,47,738,325,825,363
00004759.jpg,491,49,739,327,825,363
00004760.jpg,491,50,739,328,827,360
00004761.jpg,492,52,740,330,825,359
00004762.jpg,492,53,740,331,822,358
00004763.jpg,493,55,741,333,822,358
00004764.jpg,493,57,741,335,822,358
00004765.jpg,493,58,741,336,822,358
00004766.jpg,493,59,741,337,819,358
00004767.jpg,493,61,741,339,819,358
00004768.jpg,492,62,740,340,820,356
00004769.jpg,489,63,737,341,818,356
00004770.jpg,488,64,736,342,819,356
00004771.jpg,488,65,736,343,817,356
00004772.jpg,487,64,735,342,815,356
00004773.jpg,486,64,734,342,815,356
00004774.jpg,487,65,735,343,812,356
00004775.jpg,487,66,735,344,711,660
00004776.jpg,488,68,736,346,590,446
00004777.jpg,488,69,736,347,587,446
00004778.jpg,488,68,731,346,585,445
00004779.jpg,488,68,731,346,585,445
00004780.jpg,488,70,731,348,584,448
00004781.jpg,489,72,732,350,584,448
00004782.jpg,490,74,733,352,584,448
00004783.jpg,490,75,733,353,-1,-1
00004784.jpg,491,76,734,354,-1,-1
00004785.jpg,491,77,734,355,-1,-1
00004786.jpg,492,78,735,356,-1,-1
00004787.jpg,492,78,735,356,-1,-1
00004788.jpg,493,78,736,356,-1,-1
00004789.jpg,494,78,737,356,-1,-1
00004790.jpg,494,79,737,357,-1,-1
00004791.jpg,495,79,738,357,-1,-1
00004792.jpg,495,79,738,357,-1,-1
00004793.jpg,496,79,739,357,-1,-1
00004794.jpg,497,80,740,358,-1,-1
00004795.jpg,502,80,747,364,-1,-1
00004796.jpg,502,80,747,364,-1,-1
00004797.jpg,502,80,747,364,-1,-1
00004798.jpg,502,80,747,364,-1,-1
00004799.jpg,503,79,748,363,-1,-1
00004800.jpg,503,78,748,362,-1,-1
00004801.jpg,503,77,748,361,-1,-1
00004802.jpg,503,76,748,360,-1,-1
00004803.jpg,502,79,749,364,-1,-1
00004804.jpg,502,79,749,364,-1,-1
00004805.jpg,501,79,748,364,-1,-1
00004806.jpg,501,78,748,363,-1,-1
00004807.jpg,500,77,747,362,-1,-1
00004808.jpg,500,77,747,362,-1,-1
00004809.jpg,500,79,752,371,-1,-1
00004810.jpg,500,79,752,371,-1,-1
00004811.jpg,500,79,752,371,-1,-1
00004812.jpg,499,79,751,371,-1,-1
00004813.jpg,499,79,751,371,-1,-1
00004814.jpg,499,79,751,371,-1,-1
00004815.jpg,499,79,751,371,-1,-1
00004816.jpg,499,79,751,371,-1,-1
00004817.jpg,499,78,751,370,-1,-1
00004818.jpg,499,78,751,370,-1,-1
00004819.jpg,499,78,751,370,-1,-1
00004820.jpg,499,77,751,369,-1,-1
00004821.jpg,500,76,752,368,-1,-1
00004822.jpg,500,76,752,368,-1,-1
00004823.jpg,500,75,752,367,-1,-1
00004824.jpg,500,74,752,366,-1,-1
00004825.jpg,500,73,752,365,-1,-1
00004826.jpg,499,72,751,364,-1,-1
00004827.jpg,499,71,751,363,-1,-1
00004828.jpg,500,70,752,362,-1,-1
00004829.jpg,500,70,752,362,-1,-1
00004830.jpg,500,70,752,362,-1,-1
00004831.jpg,500,70,752,362,-1,-1
00004832.jpg,501,70,753,362,-1,-1
00004833.jpg,501,70,753,362,-1,-1
00004834.jpg,502,70,754,362,-1,-1
00004835.jpg,502,70,754,362,-1,-1
00004836.jpg,503,70,755,362,-1,-1
00004837.jpg,503,70,755,362,-1,-1
00004838.jpg,504,70,756,362,-1,-1
00004839.jpg,505,70,757,362,-1,-1
00004840.jpg,506,69,758,361,-1,-1
00004841.jpg,506,69,758,361,-1,-1
00004842.jpg,507,69,759,361,-1,-1
00004843.jpg,508,69,760,361,-1,-1
00004844.jpg,510,68,762,360,-1,-1
00004845.jpg,511,68,763,360,-1,-1
00004846.jpg,512,68,764,360,-1,-1
00004847.jpg,513,68,765,360,-1,-1
00004848.jpg,516,68,768,360,-1,-1
00004849.jpg,517,68,769,360,-1,-1
00004850.jpg,518,68,770,360,-1,-1
00004851.jpg,518,67,770,359,-1,-1
00004852.jpg,519,67,771,359,-1,-1
00004853.jpg,519,67,771,359,-1,-1
00004854.jpg,520,66,772,358,-1,-1
00004855.jpg,520,66,772,358,-1,-1
00004856.jpg,520,66,772,358,-1,-1
00004857.jpg,517,66,769,358,-1,-1
00004858.jpg,516,66,768,358,-1,-1
00004859.jpg,515,67,767,359,-1,-1
00004860.jpg,514,67,766,359,-1,-1
00004861.jpg,513,67,765,359,-1,-1
00004862.jpg,512,67,764,359,-1,-1
00004863.jpg,511,67,763,359,-1,-1
00004864.jpg,510,67,762,359,-1,-1
00004865.jpg,509,67,761,359,-1,-1
00004866.jpg,508,67,760,359,-1,-1
00004867.jpg,506,67,758,359,-1,-1
00004868.jpg,505,67,757,359,-1,-1
00004869.jpg,504,67,756,359,-1,-1
00004870.jpg,503,67,755,359,-1,-1
00004871.jpg,502,66,754,358,-1,-1
00004872.jpg,501,66,753,358,-1,-1
00004873.jpg,500,66,752,358,-1,-1
00004874.jpg,499,66,751,358,-1,-1
00004875.jpg,498,66,750,358,-1,-1
00004876.jpg,498,65,750,357,-1,-1
00004877.jpg,497,65,749,357,-1,-1
00004878.jpg,496,65,748,357,-1,-1
00004879.jpg,495,65,747,357,-1,-1
00004880.jpg,495,64,747,356,-1,-1
00004881.jpg,494,64,746,356,-1,-1
00004882.jpg,494,63,746,355,-1,-1
00004883.jpg,493,63,745,355,-1,-1
00004884.jpg,493,62,745,354,-1,-1
00004885.jpg,492,62,744,354,-1,-1
00004886.jpg,492,61,744,353,-1,-1
00004887.jpg,491,61,743,353,-1,-1
00004888.jpg,491,61,743,353,-1,-1
00004889.jpg,490,61,742,353,-1,-1
00004890.jpg,490,60,742,352,-1,-1
00004891.jpg,489,60,741,352,-1,-1
00004892.jpg,487,60,739,352,-1,-1
00004893.jpg,486,60,738,352,-1,-1
00004894.jpg,485,60,737,352,-1,-1
00004895.jpg,484,60,736,352,-1,-1
00004896.jpg,482,60,734,352,-1,-1
00004897.jpg,480,60,732,352,-1,-1
00004898.jpg,478,60,730,352,-1,-1
00004899.jpg,476,60,728,352,-1,-1
00004900.jpg,474,60,726,352,-1,-1
00004901.jpg,472,60,724,352,-1,-1
00004902.jpg,470,60,722,352,-1,-1
00004903.jpg,467,60,719,352,-1,-1
00004904.jpg,465,59,717,351,-1,-1
00004905.jpg,462,59,714,351,-1,-1
00004906.jpg,460,59,712,351,-1,-1
00004907.jpg,457,59,709,351,-1,-1
00004908.jpg,454,56,710,360,-1,-1
00004909.jpg,454,56,710,360,-1,-1
00004910.jpg,452,56,708,360,-1,-1
00004911.jpg,450,56,706,360,-1,-1
00004912.jpg,448,56,704,360,-1,-1
00004913.jpg,447,56,703,360,-1,-1
00004914.jpg,445,56,701,360,-1,-1
00004915.jpg,444,56,700,360,-1,-1
00004916.jpg,442,56,698,360,-1,-1
00004917.jpg,441,56,697,360,-1,-1
00004918.jpg,440,56,696,360,-1,-1
00004919.jpg,439,56,695,360,-1,-1
00004920.jpg,438,56,694,360,-1,-1
00004921.jpg,437,56,693,360,-1,-1
00004922.jpg,436,56,692,360,-1,-1
00004923.jpg,435,56,691,360,-1,-1
00004924.jpg,435,56,691,360,-1,-1
00004925.jpg,434,56,690,360,-1,-1
00004926.jpg,434,57,690,361,-1,-1
00004927.jpg,434,57,690,361,-1,-1
00004928.jpg,434,57,690,361,-1,-1
00004929.jpg,434,58,690,362,-1,-1
00004930.jpg,435,58,691,362,-1,-1
00004931.jpg,435,58,691,362,-1,-1
00004932.jpg,436,58,692,362,-1,-1
00004933.jpg,436,59,692,363,-1,-1
00004934.jpg,437,59,693,363,-1,-1
00004935.jpg,437,59,693,363,-1,-1
00004936.jpg,438,59,694,363,-1,-1
00004937.jpg,438,59,694,363,-1,-1
00004938.jpg,439,58,695,362,-1,-1
00004939.jpg,440,58,696,362,-1,-1
00004940.jpg,440,57,696,361,-1,-1
00004941.jpg,441,57,697,361,-1,-1
00004942.jpg,441,56,697,360,-1,-1
00004943.jpg,441,56,697,360,-1,-1
00004944.jpg,442,56,698,360,-1,-1
00004945.jpg,442,56,698,360,-1,-1
00004946.jpg,442,56,698,360,-1,-1
00004947.jpg,442,56,698,360,-1,-1
00004948.jpg,442,56,698,360,-1,-1
00004949.jpg,443,55,699,359,-1,-1
00004950.jpg,443,55,699,359,-1,-1
00004951.jpg,444,55,700,359,-1,-1
00004952.jpg,444,55,700,359,-1,-1
00004953.jpg,445,55,701,359,-1,-1
00004954.jpg,446,54,702,358,-1,-1
00004955.jpg,446,54,702,358,-1,-1
00004956.jpg,447,54,703,358,-1,-1
00004957.jpg,447,53,703,357,-1,-1
00004958.jpg,448,53,704,357,-1,-1
00004959.jpg,448,53,704,357,-1,-1
00004960.jpg,448,52,704,356,-1,-1
00004961.jpg,449,52,705,356,-1,-1
00004962.jpg,449,52,705,356,-1,-1
00004963.jpg,450,52,706,356,-1,-1
00004964.jpg,451,52,707,356,-1,-1
00004965.jpg,451,52,707,356,-1,-1
00004966.jpg,452,52,708,356,-1,-1
00004967.jpg,453,52,709,356,-1,-1
00004968.jpg,454,52,710,356,-1,-1
00004969.jpg,455,52,711,356,-1,-1
00004970.jpg,456,53,712,357,-1,-1
00004971.jpg,457,53,713,357,-1,-1
00004972.jpg,458,53,714,357,-1,-1
00004973.jpg,459,53,715,357,-1,-1
00004974.jpg,460,53,716,357,-1,-1
00004975.jpg,461,53,717,357,-1,-1
00004976.jpg,462,52,718,356,-1,-1
00004977.jpg,462,52,718,356,-1,-1
00004978.jpg,463,51,719,355,-1,-1
00004979.jpg,464,51,720,355,-1,-1
00004980.jpg,464,50,720,354,-1,-1
00004981.jpg,464,49,720,353,-1,-1
00004982.jpg,465,48,721,352,-1,-1
00004983.jpg,465,47,721,351,-1,-1
00004984.jpg,466,46,722,350,-1,-1
00004985.jpg,467,45,723,349,-1,-1
00004986.jpg,468,44,724,348,-1,-1
00004987.jpg,468,44,724,348,-1,-1
00004988.jpg,468,43,724,347,-1,-1
00004989.jpg,469,43,725,347,-1,-1
00004990.jpg,469,43,725,347,-1,-1
00004991.jpg,469,43,725,347,-1,-1
00004992.jpg,469,44,725,348,-1,-1
00004993.jpg,470,45,726,349,-1,-1
00004994.jpg,473,46,729,350,-1,-1
00004995.jpg,475,47,731,351,-1,-1
00004996.jpg,477,48,733,352,-1,-1
00004997.jpg,477,48,733,352,-1,-1
00004998.jpg,477,48,733,352,-1,-1
00004999.jpg,477,49,733,353,-1,-1
00005000.jpg,477,49,733,353,-1,-1
00005001.jpg,476,49,732,353,-1,-1
00005002.jpg,475,50,731,354,-1,-1
00005003.jpg,475,50,731,354,-1,-1
00005004.jpg,474,50,730,354,-1,-1
00005005.jpg,473,50,729,354,-1,-1
00005006.jpg,472,50,728,354,-1,-1
00005007.jpg,471,53,728,339,-1,-1
00005008.jpg,471,53,728,339,-1,-1
00005009.jpg,470,53,727,339,-1,-1
00005010.jpg,469,52,726,338,-1,-1
00005011.jpg,468,52,725,338,-1,-1
00005012.jpg,467,53,724,339,-1,-1
00005013.jpg,471,53,716,323,-1,-1
00005014.jpg,471,53,716,323,-1,-1
00005015.jpg,471,53,716,323,-1,-1
00005016.jpg,470,52,715,322,-1,-1
00005017.jpg,470,51,715,321,-1,-1
00005018.jpg,469,51,714,321,-1,-1
00005019.jpg,469,50,714,320,-1,-1
00005020.jpg,468,50,713,320,-1,-1
00005021.jpg,468,49,713,319,-1,-1
00005022.jpg,467,49,712,319,-1,-1
00005023.jpg,467,49,712,319,-1,-1
00005024.jpg,466,49,711,319,-1,-1
00005025.jpg,466,49,711,319,-1,-1
00005026.jpg,465,50,710,320,-1,-1
00005027.jpg,473,47,705,305,-1,-1
00005028.jpg,473,47,705,305,-1,-1
00005029.jpg,473,47,705,305,-1,-1
00005030.jpg,472,47,704,305,-1,-1
00005031.jpg,471,48,703,306,-1,-1
00005032.jpg,471,48,703,306,-1,-1
00005033.jpg,470,48,702,306,-1,-1
00005034.jpg,469,49,701,307,-1,-1
00005035.jpg,469,49,701,307,-1,-1
