00002367.jpg,182,86,489,449,-1,-1
00002368.jpg,182,86,489,449,-1,-1
00002369.jpg,182,86,489,449,-1,-1
00002370.jpg,182,86,489,449,-1,-1
00002371.jpg,182,86,489,449,-1,-1
00002372.jpg,182,86,489,449,-1,-1
00002373.jpg,181,86,488,449,-1,-1
00002374.jpg,181,86,488,449,-1,-1
00002375.jpg,181,86,488,449,-1,-1
00002376.jpg,180,86,487,449,-1,-1
00002377.jpg,180,86,487,449,-1,-1
00002378.jpg,180,86,487,449,-1,-1
00002379.jpg,179,86,486,449,-1,-1
00002380.jpg,179,86,486,449,-1,-1
00002381.jpg,179,86,486,449,-1,-1
00002382.jpg,179,86,486,449,-1,-1
00002383.jpg,179,86,486,449,-1,-1
00002384.jpg,179,86,486,449,-1,-1
00002385.jpg,179,86,486,449,-1,-1
00002386.jpg,179,86,486,449,-1,-1
00002387.jpg,179,86,486,449,-1,-1
00002388.jpg,179,86,486,449,-1,-1
00002389.jpg,179,86,486,449,-1,-1
00002390.jpg,179,86,486,449,-1,-1
00002391.jpg,179,86,486,449,-1,-1
00002392.jpg,179,86,486,449,-1,-1
00002393.jpg,179,86,486,449,-1,-1
00002394.jpg,179,86,486,449,-1,-1
00002395.jpg,179,86,486,449,-1,-1
00002396.jpg,179,86,486,449,-1,-1
00002397.jpg,179,86,486,449,-1,-1
00002398.jpg,179,86,486,449,-1,-1
00002399.jpg,179,86,486,449,-1,-1
00002400.jpg,179,86,486,449,-1,-1
00002401.jpg,179,86,486,449,-1,-1
00002402.jpg,179,86,486,449,-1,-1
00002403.jpg,179,86,486,449,-1,-1
00002404.jpg,180,86,487,449,-1,-1
00002405.jpg,180,86,487,449,-1,-1
00002406.jpg,180,86,487,449,-1,-1
00002407.jpg,180,86,487,449,-1,-1
00002408.jpg,180,86,487,449,-1,-1
00002409.jpg,180,86,487,449,-1,-1
00002410.jpg,180,86,487,449,-1,-1
00002411.jpg,181,86,488,449,-1,-1
00002412.jpg,181,86,488,449,-1,-1
00002413.jpg,181,86,488,449,-1,-1
00002414.jpg,181,86,488,449,-1,-1
00002415.jpg,181,86,488,449,-1,-1
00002416.jpg,181,86,488,449,-1,-1
00002417.jpg,181,86,488,449,-1,-1
00002418.jpg,181,86,488,449,-1,-1
00002419.jpg,181,86,488,449,-1,-1
00002420.jpg,181,86,488,449,-1,-1
00002421.jpg,181,86,488,449,-1,-1
00002422.jpg,181,86,488,449,-1,-1
00002423.jpg,181,86,488,449,-1,-1
00002424.jpg,181,86,488,449,-1,-1
00002425.jpg,181,86,488,449,-1,-1
00002426.jpg,181,86,488,449,-1,-1
00002427.jpg,181,86,488,449,-1,-1
00002428.jpg,181,86,488,449,-1,-1
00002429.jpg,181,86,488,449,-1,-1
00002430.jpg,181,86,488,449,-1,-1
00002431.jpg,181,86,488,449,-1,-1
00002432.jpg,181,86,488,449,-1,-1
00002433.jpg,181,86,488,449,-1,-1
00002434.jpg,181,86,488,449,-1,-1
00002435.jpg,181,86,488,449,-1,-1
00002436.jpg,181,86,488,449,-1,-1
00002437.jpg,181,86,488,449,-1,-1
00002438.jpg,181,86,488,449,-1,-1
00002439.jpg,181,86,488,449,-1,-1
00002440.jpg,181,86,488,449,-1,-1
00002441.jpg,181,86,488,449,-1,-1
00002442.jpg,181,86,488,449,-1,-1
00002443.jpg,181,86,488,449,-1,-1
00002444.jpg,181,86,488,449,-1,-1
00002445.jpg,181,86,488,449,-1,-1
00002446.jpg,181,86,488,449,-1,-1
00002447.jpg,181,86,488,449,-1,-1
00002448.jpg,181,86,488,449,-1,-1
00002449.jpg,181,86,488,449,-1,-1
00002450.jpg,181,86,488,449,-1,-1
00002451.jpg,181,86,488,449,-1,-1
00002452.jpg,181,86,488,449,-1,-1
00002453.jpg,181,86,488,449,-1,-1
00002454.jpg,181,86,488,449,-1,-1
00002455.jpg,181,86,488,449,-1,-1
00002456.jpg,182,86,489,449,-1,-1
00002457.jpg,181,86,488,449,-1,-1
00002458.jpg,181,86,488,449,-1,-1
