00002367.jpg,961,322,1062,426,1160,352
00002368.jpg,961,322,1062,426,1160,352
00002369.jpg,961,322,1062,426,1160,352
00002370.jpg,961,322,1062,426,1160,352
00002371.jpg,962,322,1063,426,1160,352
00002372.jpg,963,322,1064,426,1160,352
00002373.jpg,964,322,1065,426,1160,352
00002374.jpg,965,323,1066,427,1160,352
00002375.jpg,966,323,1067,427,1160,352
00002376.jpg,967,324,1068,428,1160,352
00002377.jpg,968,324,1069,428,1160,352
00002378.jpg,969,325,1070,429,1160,352
00002379.jpg,969,325,1070,429,1160,350
00002380.jpg,970,326,1071,430,1160,350
00002381.jpg,971,326,1072,430,1160,352
00002382.jpg,971,326,1072,430,1160,352
00002383.jpg,972,327,1073,431,1160,352
00002384.jpg,973,327,1074,431,1160,352
00002385.jpg,973,327,1074,431,1160,352
00002386.jpg,974,327,1075,431,1161,354
00002387.jpg,974,327,1075,431,1161,354
00002388.jpg,975,327,1076,431,1161,354
00002389.jpg,975,327,1076,431,1161,354
00002390.jpg,976,327,1077,431,1161,354
00002391.jpg,976,327,1077,431,1161,354
00002392.jpg,977,327,1078,431,1161,354
00002393.jpg,977,327,1078,431,1161,354
00002394.jpg,977,326,1078,430,1161,354
00002395.jpg,977,326,1078,430,1161,356
00002396.jpg,977,326,1078,430,1161,356
00002397.jpg,978,326,1079,430,1161,356
00002398.jpg,978,326,1079,430,1161,356
00002399.jpg,978,326,1079,430,1161,356
00002400.jpg,978,326,1079,430,1161,356
00002401.jpg,979,326,1080,430,1161,359
00002402.jpg,979,326,1080,430,1161,359
00002403.jpg,979,326,1080,430,1161,359
00002404.jpg,979,326,1080,430,1161,359
00002405.jpg,979,326,1080,430,1161,359
00002406.jpg,979,326,1080,430,1161,359
00002407.jpg,979,326,1080,430,1161,359
00002408.jpg,979,326,1080,430,1161,359
00002409.jpg,980,327,1081,431,1161,359
00002410.jpg,980,327,1081,431,1161,359
00002411.jpg,980,327,1081,431,1161,359
00002412.jpg,980,327,1081,431,1162,359
00002413.jpg,980,327,1081,431,1162,360
00002414.jpg,980,327,1081,431,1160,360
00002415.jpg,980,327,1081,431,1161,360
00002416.jpg,980,327,1081,431,1161,360
00002417.jpg,980,328,1081,432,1160,362
00002418.jpg,980,328,1081,432,1160,363
00002419.jpg,980,328,1081,432,1160,363
00002420.jpg,979,328,1080,432,1160,363
00002421.jpg,979,328,1080,432,1160,363
00002422.jpg,979,329,1080,433,1157,363
00002423.jpg,979,329,1080,433,1157,363
00002424.jpg,979,329,1080,433,1160,363
00002425.jpg,978,329,1079,433,1160,363
00002426.jpg,978,329,1079,433,1160,362
00002427.jpg,978,329,1079,433,1160,361
00002428.jpg,978,329,1079,433,1160,361
00002429.jpg,977,330,1078,434,1158,361
00002430.jpg,977,330,1078,434,1158,361
00002431.jpg,977,330,1078,434,1159,361
00002432.jpg,977,330,1078,434,1159,361
00002433.jpg,976,330,1077,434,1159,361
00002434.jpg,976,330,1077,434,1162,361
00002435.jpg,976,331,1077,435,1162,361
00002436.jpg,976,331,1077,435,1165,361
00002437.jpg,976,331,1077,435,1161,361
00002438.jpg,976,331,1077,435,1196,413
00002439.jpg,976,331,1077,435,1087,466
00002440.jpg,984,332,1080,434,1088,466
00002441.jpg,984,332,1080,434,1090,465
00002442.jpg,984,332,1080,434,1090,466
00002443.jpg,984,333,1080,435,1088,465
00002444.jpg,984,333,1080,435,1090,465
00002445.jpg,985,333,1081,435,1090,466
00002446.jpg,985,333,1081,435,1088,465
00002447.jpg,985,333,1081,435,1088,465
00002448.jpg,986,333,1082,435,1090,466
00002449.jpg,986,333,1082,435,1089,468
00002450.jpg,986,332,1082,434,1088,468
00002451.jpg,986,331,1082,433,1091,467
00002452.jpg,987,331,1083,433,1091,466
00002453.jpg,987,331,1083,433,1159,366
00002454.jpg,987,331,1083,433,1159,366
00002455.jpg,988,331,1084,433,1159,366
00002456.jpg,988,332,1084,434,1159,366
00002457.jpg,988,331,1084,433,1159,366
00002458.jpg,988,331,1084,433,1159,366
