00002367.jpg,1137,295,1255,417,1038,362
00002368.jpg,1137,295,1255,417,1038,362
00002369.jpg,1137,295,1255,417,1038,362
00002370.jpg,1137,295,1255,417,1038,362
00002371.jpg,1137,295,1255,417,1039,362
00002372.jpg,1138,295,1256,417,1040,362
00002373.jpg,1138,295,1256,417,1043,363
00002374.jpg,1138,295,1256,417,1044,364
00002375.jpg,1138,295,1256,417,1044,364
00002376.jpg,1138,295,1256,417,1046,364
00002377.jpg,1138,295,1256,417,1048,364
00002378.jpg,1138,296,1256,418,1049,364
00002379.jpg,1138,296,1256,418,1049,364
00002380.jpg,1138,296,1256,418,1050,363
00002381.jpg,1138,296,1256,418,1050,363
00002382.jpg,1137,296,1255,418,1050,363
00002383.jpg,1137,296,1255,418,1051,364
00002384.jpg,1137,296,1255,418,1051,366
00002385.jpg,1137,296,1255,418,1051,366
00002386.jpg,1137,297,1255,419,1053,366
00002387.jpg,1137,297,1255,419,1053,366
00002388.jpg,1137,297,1255,419,1055,367
00002389.jpg,1137,297,1255,419,1055,367
00002390.jpg,1137,297,1255,419,1055,367
00002391.jpg,1138,297,1256,419,1054,369
00002392.jpg,1138,297,1256,419,1056,368
00002393.jpg,1138,297,1256,419,1056,368
00002394.jpg,1138,297,1256,419,1056,368
00002395.jpg,1138,297,1256,419,1056,368
00002396.jpg,1138,297,1256,419,1056,368
00002397.jpg,1138,297,1256,419,1056,368
00002398.jpg,1138,297,1256,419,1056,368
00002399.jpg,1138,297,1256,419,1056,368
00002400.jpg,1138,297,1256,419,1056,368
00002401.jpg,1138,297,1256,419,1056,368
00002402.jpg,1138,297,1256,419,1056,369
00002403.jpg,1137,297,1255,419,1059,370
00002404.jpg,1137,297,1255,419,1057,370
00002405.jpg,1137,297,1255,419,1058,370
00002406.jpg,1137,297,1255,419,1058,370
00002407.jpg,1137,297,1255,419,1061,370
00002408.jpg,1137,298,1255,420,1060,370
00002409.jpg,1137,298,1255,420,1061,369
00002410.jpg,1137,298,1255,420,1060,370
00002411.jpg,1137,298,1255,420,1060,370
00002412.jpg,1137,298,1255,420,1060,370
00002413.jpg,1137,298,1255,420,1060,370
00002414.jpg,1137,298,1255,420,1060,370
00002415.jpg,1137,298,1255,420,1060,370
00002416.jpg,1140,299,1245,418,1060,370
00002417.jpg,1140,299,1245,418,1059,369
00002418.jpg,1140,299,1245,418,1059,371
00002419.jpg,1140,299,1245,418,1059,371
00002420.jpg,1140,299,1245,418,1059,371
00002421.jpg,1140,299,1245,418,1059,373
00002422.jpg,1140,299,1245,418,1059,373
00002423.jpg,1140,299,1245,418,1057,375
00002424.jpg,1140,299,1245,418,1057,374
00002425.jpg,1140,299,1245,418,1057,374
00002426.jpg,1140,299,1245,418,1057,374
00002427.jpg,1140,299,1245,418,1057,374
00002428.jpg,1140,299,1245,418,1057,374
00002429.jpg,1140,299,1245,418,1057,374
00002430.jpg,1140,299,1245,418,1057,374
00002431.jpg,1140,299,1245,418,1056,375
00002432.jpg,1140,299,1245,418,1056,375
00002433.jpg,1140,299,1245,418,1056,375
00002434.jpg,1140,299,1245,418,1056,375
00002435.jpg,1140,299,1245,418,1055,375
00002436.jpg,1140,299,1245,418,1055,375
00002437.jpg,1140,299,1245,418,1054,375
00002438.jpg,1140,299,1245,418,1054,375
00002439.jpg,1139,300,1244,419,882,347
00002440.jpg,1138,299,1243,418,884,347
00002441.jpg,1139,297,1244,416,886,347
00002442.jpg,1142,299,1246,416,884,349
00002443.jpg,1142,299,1246,416,884,349
00002444.jpg,1142,299,1246,416,884,348
00002445.jpg,1142,299,1246,416,884,348
00002446.jpg,1141,298,1245,415,885,347
00002447.jpg,1143,298,1249,414,885,347
00002448.jpg,1143,298,1249,414,885,347
00002449.jpg,1143,298,1249,414,885,347
00002450.jpg,1142,298,1248,414,888,347
00002451.jpg,1140,298,1246,414,888,347
00002452.jpg,1141,297,1247,413,888,348
00002453.jpg,1141,297,1247,413,888,348
00002454.jpg,1141,297,1247,413,888,350
00002455.jpg,1141,297,1247,413,888,350
00002456.jpg,1142,296,1248,412,888,350
00002457.jpg,1142,296,1248,412,889,351
00002458.jpg,1142,296,1248,412,889,351
