00000001.jpg,201,39,453,282,268,308
00000002.jpg,202,39,458,282,278,308
00000003.jpg,201,41,459,281,284,308
00000004.jpg,199,42,459,281,292,310
00000005.jpg,198,41,462,283,296,310
00000006.jpg,198,47,460,278,300,311
00000007.jpg,200,48,461,280,309,312
00000008.jpg,204,49,461,278,315,313
00000009.jpg,207,50,460,274,315,313
00000010.jpg,208,52,457,272,320,314
00000011.jpg,209,53,457,268,327,315
00000012.jpg,213,55,455,266,331,319
00000013.jpg,209,52,460,273,335,320
00000014.jpg,216,53,454,270,335,320
00000015.jpg,216,53,454,270,337,320
00000016.jpg,214,49,454,279,339,320
00000017.jpg,214,49,454,279,340,320
00000018.jpg,214,49,454,279,342,321
00000019.jpg,209,49,462,286,346,321
00000020.jpg,204,47,463,291,350,321
00000021.jpg,204,47,463,291,355,324
00000022.jpg,204,52,458,281,355,324
00000023.jpg,200,52,453,280,356,328
00000024.jpg,200,52,453,280,357,328
00000025.jpg,200,52,453,280,357,330
00000026.jpg,200,52,453,280,358,327
00000027.jpg,202,51,440,279,358,327
00000028.jpg,204,51,445,282,358,327
00000029.jpg,205,51,450,286,358,328
00000030.jpg,208,55,447,285,358,327
00000031.jpg,207,56,448,285,358,322
00000032.jpg,206,55,450,284,358,320
00000033.jpg,206,55,450,285,358,318
00000034.jpg,208,56,448,286,358,313
00000035.jpg,209,57,448,287,359,312
00000036.jpg,211,54,451,286,360,311
00000037.jpg,196,53,449,281,356,311
00000038.jpg,196,53,449,281,356,311
00000039.jpg,196,53,449,281,356,311
00000040.jpg,196,53,449,281,355,311
00000041.jpg,195,52,448,280,355,311
00000042.jpg,196,52,449,280,355,311
00000043.jpg,196,52,449,280,355,311
00000044.jpg,194,45,447,274,355,311
00000045.jpg,194,45,447,274,355,311
00000046.jpg,192,47,469,274,355,311
00000047.jpg,192,47,469,274,355,311
00000048.jpg,213,40,495,284,355,311
00000049.jpg,213,40,495,284,364,312
00000050.jpg,213,34,458,279,372,312
00000051.jpg,213,34,458,279,918,404
00000052.jpg,215,33,460,278,874,176
00000053.jpg,226,33,471,278,878,176
00000054.jpg,214,33,459,278,878,176
00000055.jpg,214,33,459,278,878,176
00000056.jpg,214,32,459,277,879,176
00000057.jpg,217,32,489,298,879,174
00000058.jpg,217,32,489,298,879,174
00000059.jpg,218,32,490,298,879,174
00000060.jpg,218,33,490,299,879,174
00000061.jpg,218,33,490,299,879,171
00000062.jpg,218,33,490,299,882,171
00000063.jpg,218,33,490,299,882,171
00000064.jpg,218,34,490,300,882,171
00000065.jpg,218,34,490,300,492,321
00000066.jpg,218,35,490,301,493,321
00000067.jpg,217,35,489,301,499,321
00000068.jpg,217,34,489,300,500,320
00000069.jpg,217,34,489,300,500,320
00000070.jpg,217,33,489,299,498,319
00000071.jpg,216,33,488,299,495,316
00000072.jpg,216,33,488,299,491,313
00000073.jpg,216,33,488,299,486,313
00000074.jpg,216,33,488,299,484,313
00000075.jpg,216,34,488,300,483,313
00000076.jpg,199,34,471,300,476,313
00000077.jpg,196,34,468,300,472,313
00000078.jpg,194,33,466,299,469,317
00000079.jpg,191,34,463,300,467,320
00000080.jpg,191,34,463,300,464,324
