00047682.jpg,1364,208,1656,483,-1,-1
00047683.jpg,1364,208,1656,483,-1,-1
00047684.jpg,1364,208,1656,483,308,580
00047685.jpg,1364,208,1656,483,371,476
00047686.jpg,1365,207,1657,482,380,410
00047687.jpg,1366,207,1658,482,377,390
00047688.jpg,1367,206,1659,481,376,391
00047689.jpg,1367,206,1659,481,374,393
00047690.jpg,1368,205,1660,480,374,395
00047691.jpg,1368,205,1660,480,368,396
00047692.jpg,1368,205,1660,480,367,397
00047693.jpg,1368,204,1660,479,367,396
00047694.jpg,1368,205,1660,480,366,397
00047695.jpg,1368,204,1660,479,364,397
00047696.jpg,1369,204,1661,479,364,397
00047697.jpg,1369,204,1661,479,361,397
00047698.jpg,1369,204,1661,479,355,397
00047699.jpg,1369,205,1661,480,316,569
00047700.jpg,1369,205,1661,480,288,748
00047701.jpg,1369,205,1661,480,-1,-1
00047702.jpg,1369,205,1661,480,-1,-1
00047703.jpg,1369,203,1661,478,-1,-1
00047704.jpg,1369,201,1661,476,-1,-1
00047705.jpg,1369,199,1661,474,-1,-1
00047706.jpg,1370,198,1662,473,-1,-1
00047707.jpg,1370,197,1662,472,-1,-1
00047708.jpg,1370,194,1662,469,-1,-1
00047709.jpg,1371,191,1663,466,-1,-1
00047710.jpg,1372,188,1664,463,-1,-1
00047711.jpg,1372,185,1664,460,-1,-1
00047712.jpg,1374,182,1666,457,-1,-1
00047713.jpg,1376,178,1668,453,-1,-1
00047714.jpg,1379,174,1671,449,-1,-1
00047715.jpg,1381,171,1673,446,-1,-1
00047716.jpg,1384,168,1676,443,-1,-1
00047717.jpg,1385,165,1677,440,-1,-1
00047718.jpg,1387,162,1679,437,-1,-1
00047719.jpg,1390,160,1682,435,-1,-1
00047720.jpg,1393,157,1685,432,-1,-1
00047721.jpg,1395,155,1687,430,-1,-1
00047722.jpg,1398,153,1690,428,-1,-1
00047723.jpg,1400,151,1692,426,-1,-1
00047724.jpg,1403,149,1695,424,-1,-1
00047725.jpg,1406,147,1698,422,-1,-1
00047726.jpg,1409,145,1701,420,-1,-1
00047727.jpg,1413,144,1705,419,-1,-1
00047728.jpg,1415,142,1707,417,-1,-1
00047729.jpg,1418,140,1710,415,-1,-1
00047730.jpg,1420,139,1712,414,-1,-1
00047731.jpg,1422,137,1714,412,-1,-1
00047732.jpg,1424,136,1716,411,-1,-1
00047733.jpg,1427,135,1719,410,-1,-1
00047734.jpg,1430,134,1722,409,-1,-1
00047735.jpg,1432,133,1724,408,-1,-1
00047736.jpg,1435,132,1727,407,-1,-1
00047737.jpg,1438,131,1730,406,-1,-1
00047738.jpg,1441,130,1733,405,-1,-1
00047739.jpg,1445,129,1737,404,-1,-1
00047740.jpg,1449,127,1741,402,405,406
00047741.jpg,1453,126,1745,401,400,409
00047742.jpg,1458,126,1750,401,400,418
00047743.jpg,1462,125,1754,400,400,418
00047744.jpg,1465,124,1757,399,400,418
00047745.jpg,1469,124,1761,399,397,419
00047746.jpg,1472,124,1764,399,398,419
00047747.jpg,1474,124,1766,399,397,421
00047748.jpg,1478,123,1770,398,397,421
00047749.jpg,1481,123,1773,398,395,420
00047750.jpg,1484,122,1776,397,387,424
00047751.jpg,1487,122,1779,397,380,425
00047752.jpg,1490,122,1782,397,380,425
00047753.jpg,1492,122,1784,397,371,428
00047754.jpg,1493,123,1785,398,371,428
00047755.jpg,1495,122,1787,397,367,431
00047756.jpg,1496,123,1788,398,353,436
00047757.jpg,1498,123,1790,398,347,436
00047758.jpg,1499,123,1791,398,342,436
00047759.jpg,1501,123,1793,398,336,438
00047760.jpg,1501,123,1793,398,331,440
00047761.jpg,1502,123,1794,398,328,440
00047762.jpg,1503,123,1795,398,322,440
00047763.jpg,1503,123,1795,398,317,445
00047764.jpg,1504,123,1796,398,317,445
00047765.jpg,1505,123,1797,398,312,445
00047766.jpg,1505,123,1797,398,307,433
00047767.jpg,1504,123,1796,398,307,433
00047768.jpg,1504,123,1796,398,311,428
00047769.jpg,1504,123,1796,398,322,424
00047770.jpg,1504,124,1796,399,332,425
00047771.jpg,1504,124,1796,399,-1,-1
00047772.jpg,1503,124,1795,399,-1,-1
00047773.jpg,1502,124,1794,399,-1,-1
00047774.jpg,1500,125,1792,400,-1,-1
00047775.jpg,1498,125,1790,400,-1,-1
00047776.jpg,1495,125,1787,400,-1,-1
00047777.jpg,1492,126,1784,401,-1,-1
00047778.jpg,1488,126,1780,401,-1,-1
00047779.jpg,1484,128,1776,403,-1,-1
00047780.jpg,1480,129,1772,404,-1,-1
00047781.jpg,1477,132,1769,407,-1,-1
00047782.jpg,1475,134,1767,409,-1,-1
00047783.jpg,1473,136,1765,411,-1,-1
00047784.jpg,1472,136,1764,411,-1,-1
00047785.jpg,1470,138,1762,413,-1,-1
00047786.jpg,1469,140,1761,415,-1,-1
00047787.jpg,1469,142,1761,417,-1,-1
00047788.jpg,1470,143,1762,418,-1,-1
00047789.jpg,1470,144,1762,419,-1,-1
00047790.jpg,1471,144,1763,419,-1,-1
00047791.jpg,1471,144,1763,419,-1,-1
00047792.jpg,1471,145,1763,420,-1,-1
00047793.jpg,1472,146,1764,421,-1,-1
00047794.jpg,1472,145,1764,420,-1,-1
00047795.jpg,1473,145,1765,420,-1,-1
00047796.jpg,1473,145,1765,420,-1,-1
00047797.jpg,1471,144,1763,419,-1,-1
00047798.jpg,1471,145,1763,420,-1,-1
00047799.jpg,1466,144,1758,419,-1,-1
00047800.jpg,1451,144,1743,419,-1,-1
00047801.jpg,1433,144,1725,419,-1,-1
00047802.jpg,1418,145,1710,420,-1,-1
00047803.jpg,1418,145,1710,420,-1,-1
