00016513.jpg,630,47,868,298,545,91
00016514.jpg,629,47,870,300,547,91
00016515.jpg,631,48,866,304,550,90
00016516.jpg,631,48,866,304,551,93
00016517.jpg,637,50,864,302,552,93
00016518.jpg,643,52,862,299,556,94
00016519.jpg,643,52,862,299,560,95
00016520.jpg,646,53,865,300,563,98
00016521.jpg,650,54,863,290,563,98
00016522.jpg,651,52,864,290,563,98
00016523.jpg,650,55,866,291,563,98
00016524.jpg,652,54,867,289,563,98
00016525.jpg,653,54,866,293,563,98
00016526.jpg,654,54,865,292,563,98
00016527.jpg,654,55,865,292,563,98
00016528.jpg,648,52,870,295,563,98
00016529.jpg,649,54,869,296,563,98
00016530.jpg,650,54,867,297,563,98
00016531.jpg,649,54,867,297,563,98
00016532.jpg,650,56,867,298,563,101
00016533.jpg,648,59,868,301,563,103
00016534.jpg,645,58,867,302,562,104
00016535.jpg,641,57,867,304,561,99
00016536.jpg,641,57,867,304,562,99
00016537.jpg,642,57,866,303,562,99
00016538.jpg,642,58,865,304,562,95
00016539.jpg,643,59,863,307,562,95
00016540.jpg,642,59,863,308,565,96
00016541.jpg,643,60,864,308,566,95
00016542.jpg,644,61,862,307,565,91
00016543.jpg,644,62,863,305,567,91
00016544.jpg,643,60,864,308,571,91
00016545.jpg,643,61,864,306,572,94
00016546.jpg,643,61,865,305,573,94
00016547.jpg,644,62,866,303,578,95
00016548.jpg,647,66,865,300,581,95
00016549.jpg,651,69,862,294,585,98
00016550.jpg,649,70,863,296,590,99
00016551.jpg,649,70,863,296,592,99
00016552.jpg,649,68,863,296,596,101
00016553.jpg,649,62,862,299,598,103
00016554.jpg,658,67,877,314,607,103
00016555.jpg,661,67,880,314,616,104
00016556.jpg,661,67,880,314,608,101
00016557.jpg,663,68,882,315,606,101
00016558.jpg,664,69,883,316,586,196
00016559.jpg,665,71,884,318,708,559
00016560.jpg,664,74,883,321,833,499
00016561.jpg,664,74,883,321,836,490
00016562.jpg,664,74,883,321,-1,-1
00016563.jpg,664,74,883,321,-1,-1
00016564.jpg,664,74,883,321,-1,-1
00016565.jpg,663,73,882,320,-1,-1
00016566.jpg,663,73,882,320,-1,-1
00016567.jpg,662,73,881,320,-1,-1
00016568.jpg,661,74,880,321,-1,-1
00016569.jpg,662,74,881,321,-1,-1
00016570.jpg,662,75,881,322,-1,-1
00016571.jpg,662,75,881,322,-1,-1
00016572.jpg,662,77,881,324,-1,-1
00016573.jpg,662,82,881,329,-1,-1
00016574.jpg,662,83,881,330,-1,-1
00016575.jpg,662,86,881,333,-1,-1
00016576.jpg,662,86,881,333,-1,-1
00016577.jpg,664,90,883,337,-1,-1
00016578.jpg,665,92,884,339,-1,-1
00016579.jpg,665,94,884,341,-1,-1
00016580.jpg,667,98,886,345,-1,-1
00016581.jpg,667,98,886,345,-1,-1
00016582.jpg,667,101,886,348,-1,-1
00016583.jpg,668,103,887,350,-1,-1
00016584.jpg,670,105,889,352,-1,-1
00016585.jpg,683,76,885,336,-1,-1
00016586.jpg,683,76,885,336,-1,-1
00016587.jpg,684,77,886,337,-1,-1
00016588.jpg,685,79,887,339,-1,-1
00016589.jpg,685,81,887,341,-1,-1
00016590.jpg,686,83,888,343,-1,-1
00016591.jpg,686,83,888,343,-1,-1
00016592.jpg,688,84,890,344,-1,-1
00016593.jpg,689,85,891,345,-1,-1
00016594.jpg,689,85,891,345,-1,-1
00016595.jpg,690,87,892,347,-1,-1
00016596.jpg,690,87,892,347,-1,-1
00016597.jpg,689,87,891,347,-1,-1
00016598.jpg,689,88,891,348,-1,-1
00016599.jpg,687,89,889,349,-1,-1
00016600.jpg,685,90,887,350,-1,-1
00016601.jpg,685,90,887,350,-1,-1
00016602.jpg,683,91,885,351,-1,-1
00016603.jpg,682,92,884,352,-1,-1
00016604.jpg,680,93,882,353,-1,-1
00016605.jpg,679,94,881,354,-1,-1
00016606.jpg,679,94,881,354,-1,-1
00016607.jpg,678,94,880,354,623,243
00016608.jpg,677,93,879,353,588,114
00016609.jpg,676,94,878,354,595,44
00016610.jpg,673,94,875,354,595,46
00016611.jpg,673,94,875,354,591,45
00016612.jpg,672,96,874,356,593,45
00016613.jpg,671,99,873,359,591,46
00016614.jpg,671,99,873,359,587,45
00016615.jpg,672,94,874,354,583,45
00016616.jpg,672,94,874,354,582,45
00016617.jpg,677,97,879,357,583,43
00016618.jpg,678,96,880,356,581,41
00016619.jpg,680,94,882,354,585,41
00016620.jpg,684,91,886,351,581,41
00016621.jpg,684,91,886,351,581,41
00016622.jpg,690,90,892,350,581,41
00016623.jpg,694,88,896,348,595,103
00016624.jpg,699,87,901,347,597,103
00016625.jpg,704,86,906,346,600,104
00016626.jpg,704,86,906,346,602,104
00016627.jpg,708,85,910,345,608,108
00016628.jpg,712,83,914,343,613,109
00016629.jpg,716,82,918,342,628,146
00016630.jpg,720,80,922,340,628,154
00016631.jpg,720,80,922,340,627,154
00016632.jpg,723,78,925,338,631,154
00016633.jpg,725,76,927,336,633,154
00016634.jpg,725,76,927,336,632,114
