00007374.jpg,1152,27,1651,579,254,533
00007375.jpg,1152,27,1651,579,254,533
00007376.jpg,1152,27,1651,579,254,533
00007377.jpg,1152,27,1651,579,254,533
00007378.jpg,1154,31,1653,583,254,533
00007379.jpg,1155,34,1654,586,254,533
00007380.jpg,1154,36,1653,588,254,533
00007381.jpg,1154,36,1653,588,254,533
00007382.jpg,1152,38,1651,590,254,533
00007383.jpg,1149,39,1648,591,254,533
00007384.jpg,1145,39,1644,591,254,533
00007385.jpg,1142,40,1641,592,254,533
00007386.jpg,1142,40,1641,592,254,533
00007387.jpg,1138,42,1637,594,254,533
00007388.jpg,1133,43,1632,595,252,533
00007389.jpg,1129,44,1628,596,252,533
00007390.jpg,1126,46,1625,598,252,533
00007391.jpg,1126,46,1625,598,251,532
00007392.jpg,1126,46,1625,598,251,532
00007393.jpg,1126,47,1625,599,251,532
00007394.jpg,1127,48,1626,600,251,532
00007395.jpg,1127,49,1626,601,251,532
00007396.jpg,1127,49,1626,601,251,532
00007397.jpg,1127,51,1626,603,251,532
00007398.jpg,1125,54,1624,606,251,532
00007399.jpg,1123,56,1622,608,251,531
00007400.jpg,1123,56,1622,608,251,531
00007401.jpg,1123,56,1622,608,251,531
00007402.jpg,1124,56,1623,608,251,531
00007403.jpg,1125,56,1624,608,251,531
00007404.jpg,1125,59,1624,611,251,531
00007405.jpg,1123,60,1622,612,251,531
00007406.jpg,1123,60,1622,612,251,531
00007407.jpg,1121,61,1620,613,251,531
00007408.jpg,1120,61,1619,613,251,531
00007409.jpg,1120,62,1619,614,251,531
00007410.jpg,1119,62,1618,614,251,531
00007411.jpg,1119,62,1618,614,251,531
00007412.jpg,1120,62,1619,614,251,531
00007413.jpg,1121,62,1620,614,251,531
00007414.jpg,1121,63,1620,615,251,531
00007415.jpg,1121,64,1620,616,251,531
00007416.jpg,1121,64,1620,616,251,531
00007417.jpg,1121,65,1620,617,251,531
00007418.jpg,1121,67,1620,619,251,531
00007419.jpg,1120,69,1619,621,251,531
00007420.jpg,1119,70,1618,622,-1,-1
00007421.jpg,1119,70,1618,622,-1,-1
00007422.jpg,1119,69,1618,621,-1,-1
00007423.jpg,1119,68,1618,620,-1,-1
00007424.jpg,1119,67,1618,619,-1,-1
00007425.jpg,1119,69,1618,621,-1,-1
00007426.jpg,1119,69,1618,621,-1,-1
00007427.jpg,1118,70,1617,622,-1,-1
00007428.jpg,1118,70,1617,622,-1,-1
00007429.jpg,1118,70,1617,622,-1,-1
00007430.jpg,1118,70,1617,622,-1,-1
00007431.jpg,1118,70,1617,622,-1,-1
00007432.jpg,1117,70,1616,622,-1,-1
00007433.jpg,1117,70,1616,622,-1,-1
