00014386.jpg,1087,72,1406,422,-1,-1
00014387.jpg,1087,72,1406,422,-1,-1
00014388.jpg,1087,72,1406,422,-1,-1
00014389.jpg,1087,72,1406,422,-1,-1
00014390.jpg,1084,73,1403,423,-1,-1
00014391.jpg,1081,74,1400,424,-1,-1
00014392.jpg,1081,74,1400,424,-1,-1
00014393.jpg,1078,73,1397,423,-1,-1
00014394.jpg,1074,72,1393,422,-1,-1
00014395.jpg,1071,70,1390,420,-1,-1
00014396.jpg,1068,69,1387,419,-1,-1
00014397.jpg,1068,69,1387,419,-1,-1
00014398.jpg,1066,68,1385,418,-1,-1
00014399.jpg,1066,68,1385,418,-1,-1
00014400.jpg,1068,69,1387,419,-1,-1
00014401.jpg,1070,69,1389,419,-1,-1
00014402.jpg,1070,69,1389,419,-1,-1
00014403.jpg,1073,67,1392,417,-1,-1
00014404.jpg,1077,65,1396,415,-1,-1
00014405.jpg,1081,63,1400,413,-1,-1
00014406.jpg,1087,62,1406,412,-1,-1
00014407.jpg,1087,62,1406,412,-1,-1
00014408.jpg,1093,61,1412,411,-1,-1
00014409.jpg,1097,61,1416,411,-1,-1
00014410.jpg,1100,62,1419,412,-1,-1
00014411.jpg,1102,60,1421,410,-1,-1
00014412.jpg,1102,60,1421,410,-1,-1
00014413.jpg,1106,74,1406,401,-1,-1
00014414.jpg,1106,74,1406,401,-1,-1
00014415.jpg,1107,72,1407,399,-1,-1
00014416.jpg,1107,71,1407,398,-1,-1
00014417.jpg,1107,71,1407,398,-1,-1
00014418.jpg,1107,71,1407,398,-1,-1
00014419.jpg,1110,77,1410,404,-1,-1
00014420.jpg,1114,88,1414,415,-1,-1
00014421.jpg,1116,101,1416,428,-1,-1
00014422.jpg,1116,101,1416,428,-1,-1
00014423.jpg,1113,105,1413,432,-1,-1
00014424.jpg,1117,105,1415,441,-1,-1
00014425.jpg,1117,105,1415,441,-1,-1
00014426.jpg,1108,107,1406,443,-1,-1
00014427.jpg,1108,107,1406,443,-1,-1
00014428.jpg,1091,112,1389,448,-1,-1
00014429.jpg,1058,95,1375,434,-1,-1
00014430.jpg,1038,92,1356,445,-1,-1
00014431.jpg,1038,92,1356,445,-1,-1
00014432.jpg,1019,103,1337,456,-1,-1
00014433.jpg,997,118,1315,471,-1,-1
00014434.jpg,981,126,1299,479,-1,-1
00014435.jpg,967,125,1285,478,-1,-1
00014436.jpg,967,125,1285,478,-1,-1
00014437.jpg,960,115,1278,468,-1,-1
00014438.jpg,948,108,1300,472,-1,-1
00014439.jpg,948,108,1300,472,-1,-1
00014440.jpg,955,115,1307,479,-1,-1
00014441.jpg,955,115,1307,479,-1,-1
00014442.jpg,959,123,1336,521,-1,-1
00014443.jpg,959,123,1336,521,-1,-1
00014444.jpg,946,103,1323,501,-1,-1
00014445.jpg,925,71,1302,469,-1,-1
00014446.jpg,925,71,1302,469,-1,-1
