00016551.jpg,189,72,364,265,-1,-1
00016552.jpg,189,72,364,265,-1,-1
00016553.jpg,189,72,364,265,-1,-1
00016554.jpg,189,72,364,265,-1,-1
00016555.jpg,188,70,363,263,-1,-1
00016556.jpg,186,68,361,261,-1,-1
00016557.jpg,185,65,360,258,-1,-1
00016558.jpg,185,64,360,257,615,221
00016559.jpg,184,63,359,256,616,222
00016560.jpg,182,62,357,255,1080,172
00016561.jpg,180,62,355,255,1099,169
00016562.jpg,178,62,353,255,1125,158
00016563.jpg,175,61,350,254,736,214
00016564.jpg,174,60,349,253,739,215
00016565.jpg,171,48,347,250,751,213
00016566.jpg,171,48,347,250,780,217
00016567.jpg,175,48,351,250,808,220
00016568.jpg,181,46,357,248,830,221
00016569.jpg,189,43,365,245,860,215
00016570.jpg,200,41,376,243,877,212
00016571.jpg,211,40,387,242,896,204
00016572.jpg,224,39,400,243,913,201
00016573.jpg,238,41,420,246,936,194
00016574.jpg,251,43,435,250,962,193
00016575.jpg,271,43,450,250,988,192
