00016551.jpg,243,275,405,456,-1,-1
00016552.jpg,243,275,405,456,-1,-1
00016553.jpg,243,275,405,456,-1,-1
00016554.jpg,243,275,405,456,-1,-1
00016555.jpg,243,273,405,454,-1,-1
00016556.jpg,242,270,404,451,-1,-1
00016557.jpg,242,266,404,447,-1,-1
00016558.jpg,241,263,403,444,-1,-1
00016559.jpg,241,261,403,442,-1,-1
00016560.jpg,241,258,403,439,-1,-1
00016561.jpg,242,255,404,436,-1,-1
00016562.jpg,244,253,406,434,-1,-1
00016563.jpg,248,251,410,432,-1,-1
00016564.jpg,252,250,414,431,-1,-1
00016565.jpg,256,250,418,431,-1,-1
00016566.jpg,258,252,423,430,-1,-1
00016567.jpg,258,252,423,430,-1,-1
00016568.jpg,258,253,423,431,574,707
00016569.jpg,260,253,425,431,468,703
00016570.jpg,266,252,431,430,464,703
00016571.jpg,271,252,436,430,461,704
00016572.jpg,287,252,449,432,460,704
00016573.jpg,287,252,449,432,460,704
00016574.jpg,293,253,455,433,459,704
00016575.jpg,293,253,455,433,455,704
