00016551.jpg,529,216,694,401,-1,-1
00016552.jpg,529,216,694,401,-1,-1
00016553.jpg,529,216,694,401,-1,-1
00016554.jpg,529,216,694,401,-1,-1
00016555.jpg,533,216,698,401,-1,-1
00016556.jpg,537,216,702,401,-1,-1
00016557.jpg,547,206,713,399,-1,-1
00016558.jpg,547,206,713,399,-1,-1
00016559.jpg,552,206,718,399,-1,-1
00016560.jpg,558,205,724,398,-1,-1
00016561.jpg,563,203,729,396,-1,-1
00016562.jpg,570,200,736,393,-1,-1
00016563.jpg,577,198,743,391,-1,-1
00016564.jpg,585,196,751,389,-1,-1
00016565.jpg,597,193,763,386,-1,-1
00016566.jpg,608,186,774,379,-1,-1
00016567.jpg,621,179,787,372,-1,-1
00016568.jpg,638,155,804,348,-1,-1
00016569.jpg,652,145,818,338,-1,-1
00016570.jpg,675,155,844,336,-1,-1
00016571.jpg,695,156,862,330,-1,-1
00016572.jpg,711,153,886,330,-1,-1
00016573.jpg,738,157,911,330,-1,-1
00016574.jpg,765,149,935,329,-1,-1
00016575.jpg,785,149,955,329,-1,-1
