00017760.jpg,450,73,591,218,109,462
00017761.jpg,450,73,591,218,109,462
00017762.jpg,450,73,591,218,109,462
00017763.jpg,450,73,591,218,109,462
00017764.jpg,448,73,589,218,109,462
00017765.jpg,447,74,588,219,109,462
00017766.jpg,447,74,588,219,109,462
00017767.jpg,445,74,586,219,109,462
00017768.jpg,444,74,585,219,109,462
00017769.jpg,443,74,584,219,109,462
00017770.jpg,442,74,583,219,109,462
00017771.jpg,442,74,583,219,109,462
00017772.jpg,441,75,582,220,109,462
00017773.jpg,440,75,581,220,109,462
00017774.jpg,440,76,581,221,102,461
00017775.jpg,440,76,581,221,102,461
00017776.jpg,440,76,581,221,102,461
00017777.jpg,441,77,582,222,102,461
00017778.jpg,442,78,583,223,101,461
00017779.jpg,443,79,584,224,101,461
00017780.jpg,444,80,585,225,101,461
00017781.jpg,444,80,585,225,100,461
00017782.jpg,445,81,586,226,98,461
00017783.jpg,447,82,588,227,98,461
00017784.jpg,448,82,589,227,98,461
00017785.jpg,447,82,587,246,98,461
00017786.jpg,447,82,587,246,98,461
00017787.jpg,448,83,588,247,98,461
00017788.jpg,448,83,588,247,98,461
00017789.jpg,450,84,590,248,98,461
00017790.jpg,453,87,593,251,98,461
00017791.jpg,453,87,593,251,98,461
00017792.jpg,454,89,594,253,98,461
00017793.jpg,455,91,595,255,95,461
00017794.jpg,455,92,595,256,95,461
00017795.jpg,456,94,596,258,92,461
00017796.jpg,456,94,596,258,91,461
00017797.jpg,456,95,596,259,89,461
00017798.jpg,456,94,596,258,89,461
00017799.jpg,456,93,596,257,89,461
00017800.jpg,455,91,595,255,89,461
00017801.jpg,455,91,595,255,89,461
00017802.jpg,454,89,594,253,89,461
00017803.jpg,452,87,592,251,89,461
00017804.jpg,451,85,591,249,89,461
00017805.jpg,449,85,589,249,89,461
00017806.jpg,449,85,589,249,89,461
00017807.jpg,447,87,587,251,89,461
00017808.jpg,445,88,585,252,89,461
00017809.jpg,443,89,583,253,89,461
00017810.jpg,441,90,581,254,89,461
00017811.jpg,441,90,581,254,89,461
00017812.jpg,440,91,580,255,89,461
00017813.jpg,438,91,578,255,89,461
00017814.jpg,437,90,577,254,89,461
00017815.jpg,435,90,575,254,89,461
00017816.jpg,435,90,575,254,89,461
00017817.jpg,434,89,574,253,89,461
00017818.jpg,434,89,574,253,89,461
00017819.jpg,433,89,573,253,89,461
00017820.jpg,430,90,570,254,89,461
00017821.jpg,430,90,570,254,89,461
00017822.jpg,430,92,570,256,89,461
00017823.jpg,429,94,569,258,89,461
00017824.jpg,429,94,569,258,89,461
00017825.jpg,429,94,569,258,89,461
00017826.jpg,429,94,569,258,89,461
00017827.jpg,429,94,569,258,89,461
00017828.jpg,429,95,569,259,89,461
00017829.jpg,429,96,569,260,89,461
00017830.jpg,429,99,569,263,89,461
00017831.jpg,429,99,569,263,89,461
00017832.jpg,430,100,570,264,89,461
00017833.jpg,430,101,570,265,89,461
00017834.jpg,430,101,570,265,89,461
00017835.jpg,430,101,570,265,89,461
00017836.jpg,430,101,570,265,89,461
00017837.jpg,431,101,571,265,89,461
00017838.jpg,431,101,571,265,89,461
00017839.jpg,431,102,571,266,89,461
00017840.jpg,431,104,571,268,89,461
00017841.jpg,431,104,571,268,89,461
00017842.jpg,432,106,572,270,89,461
00017843.jpg,432,108,572,272,89,461
00017844.jpg,434,110,574,274,-1,-1
00017845.jpg,432,107,577,271,-1,-1
00017846.jpg,432,107,577,271,-1,-1
00017847.jpg,433,107,578,271,703,397
00017848.jpg,433,107,578,271,703,398
00017849.jpg,433,107,578,271,703,398
00017850.jpg,433,106,578,270,703,398
00017851.jpg,433,106,578,270,703,398
00017852.jpg,433,106,578,270,697,394
00017853.jpg,433,105,578,269,696,396
00017854.jpg,432,105,577,269,694,396
00017855.jpg,431,104,576,268,691,396
00017856.jpg,431,104,576,268,691,407
00017857.jpg,430,103,575,267,691,407
00017858.jpg,429,103,574,267,687,407
00017859.jpg,428,102,573,266,679,408
00017860.jpg,427,101,572,265,679,414
00017861.jpg,427,101,572,265,679,414
00017862.jpg,426,99,571,263,672,414
00017863.jpg,424,97,569,261,654,404
00017864.jpg,422,95,567,259,645,385
00017865.jpg,420,93,565,257,642,379
00017866.jpg,420,93,565,257,642,378
00017867.jpg,418,92,563,256,642,378
00017868.jpg,421,89,568,260,642,378
00017869.jpg,421,89,568,260,642,378
00017870.jpg,420,89,567,260,647,377
00017871.jpg,420,89,567,260,647,377
00017872.jpg,419,88,566,259,647,377
00017873.jpg,418,88,565,259,654,373
00017874.jpg,417,88,564,259,656,373
00017875.jpg,417,87,564,258,658,380
00017876.jpg,417,87,564,258,662,376
00017877.jpg,417,87,564,258,662,375
00017878.jpg,417,87,564,258,664,373
00017879.jpg,416,87,563,258,665,376
00017880.jpg,416,87,563,258,668,378
00017881.jpg,416,88,563,259,676,375
00017882.jpg,416,88,563,259,678,376
00017883.jpg,416,89,563,260,681,374
00017884.jpg,416,90,563,261,686,371
00017885.jpg,416,90,563,261,689,370
00017886.jpg,416,90,563,261,687,370
00017887.jpg,417,90,564,261,688,368
00017888.jpg,417,91,564,262,689,365
00017889.jpg,417,91,564,262,688,363
00017890.jpg,417,92,564,263,692,360
00017891.jpg,417,92,564,263,689,360
00017892.jpg,417,92,564,263,693,359
00017893.jpg,417,92,564,263,693,357
00017894.jpg,417,92,564,263,693,359
00017895.jpg,417,92,564,263,693,358
00017896.jpg,417,92,564,263,694,357
00017897.jpg,417,92,564,263,694,356
00017898.jpg,417,92,564,263,695,359
00017899.jpg,418,92,565,263,696,357
00017900.jpg,418,92,565,263,697,357
00017901.jpg,418,92,565,263,697,357
00017902.jpg,418,91,565,262,697,357
00017903.jpg,418,91,565,262,697,357
00017904.jpg,419,90,566,261,697,357
00017905.jpg,420,89,567,260,159,460
00017906.jpg,420,89,567,260,158,461
00017907.jpg,421,89,568,260,158,461
00017908.jpg,421,89,568,260,158,461
00017909.jpg,421,88,568,259,158,461
00017910.jpg,421,88,568,259,158,461
