00002607.jpg,177,39,273,145,114,111
00002608.jpg,177,39,273,145,112,110
00002609.jpg,177,39,273,145,109,105
00002610.jpg,177,39,273,145,105,102
00002611.jpg,177,39,273,145,106,102
00002612.jpg,180,35,276,141,-1,-1
00002613.jpg,182,33,278,139,-1,-1
00002614.jpg,184,32,280,138,-1,-1
00002615.jpg,184,32,280,138,-1,-1
00002616.jpg,183,33,279,139,580,96
00002617.jpg,181,35,277,141,579,97
00002618.jpg,179,36,275,142,578,99
00002619.jpg,177,36,273,142,575,99
00002620.jpg,177,36,273,142,575,99
00002621.jpg,175,35,271,141,572,98
00002622.jpg,172,35,268,141,571,95
00002623.jpg,171,35,267,141,571,94
00002624.jpg,171,35,267,141,568,91
00002625.jpg,171,35,267,141,568,90
00002626.jpg,169,36,265,142,568,90
00002627.jpg,168,38,264,144,568,90
00002628.jpg,165,41,261,147,567,91
00002629.jpg,162,44,258,150,566,91
00002630.jpg,162,44,258,150,564,94
00002631.jpg,161,44,257,150,562,96
00002632.jpg,165,44,261,150,561,100
00002633.jpg,169,43,265,149,567,104
00002634.jpg,173,41,269,147,570,111
00002635.jpg,173,41,269,147,570,111
00002636.jpg,174,40,270,146,570,116
00002637.jpg,173,40,269,146,-1,-1
00002638.jpg,173,40,269,146,-1,-1
00002639.jpg,173,40,269,146,-1,-1
00002640.jpg,175,40,271,146,-1,-1
00002641.jpg,176,40,272,146,119,116
00002642.jpg,178,40,274,146,121,113
00002643.jpg,179,39,275,145,122,109
00002644.jpg,179,39,275,145,122,109
00002645.jpg,178,37,274,143,123,105
00002646.jpg,177,36,273,142,122,99
00002647.jpg,174,34,270,140,119,93
00002648.jpg,174,34,270,140,117,93
00002649.jpg,166,36,262,142,105,89
00002650.jpg,164,39,260,145,103,89
00002651.jpg,164,39,260,145,102,89
00002652.jpg,161,42,257,148,99,90
00002653.jpg,159,44,255,150,97,91
00002654.jpg,158,44,254,150,-1,-1
00002655.jpg,159,43,255,149,-1,-1
00002656.jpg,159,43,255,149,-1,-1
00002657.jpg,158,41,254,147,-1,-1
00002658.jpg,157,39,253,145,-1,-1
00002659.jpg,155,39,251,145,568,107
00002660.jpg,154,39,250,145,568,107
00002661.jpg,154,39,250,145,569,106
00002662.jpg,152,40,248,146,569,105
00002663.jpg,150,41,246,147,569,105
00002664.jpg,149,42,245,148,567,107
00002665.jpg,148,41,244,147,566,108
00002666.jpg,148,41,244,147,565,109
00002667.jpg,147,42,243,148,565,110
00002668.jpg,147,42,243,148,565,110
