00002800.jpg,92,3,595,497,754,577
00002801.jpg,93,5,595,498,760,556
00002802.jpg,89,0,595,500,758,558
00002803.jpg,89,0,595,500,760,560
00002804.jpg,86,0,601,499,758,556
00002805.jpg,87,0,600,499,756,557
00002806.jpg,90,0,602,496,756,561
00002807.jpg,91,0,606,498,749,568
00002808.jpg,91,0,606,498,749,568
00002809.jpg,92,0,608,499,746,565
00002810.jpg,94,0,607,497,749,558
00002811.jpg,91,0,602,502,745,556
00002812.jpg,92,0,598,509,741,554
00002813.jpg,92,0,598,509,742,545
00002814.jpg,80,0,602,518,742,552
00002815.jpg,77,0,597,520,744,553
00002816.jpg,75,0,594,522,742,548
00002817.jpg,68,0,594,526,748,546
00002818.jpg,68,0,594,526,748,548
