00017442.jpg,66,25,408,416,-1,-1
00017443.jpg,66,25,408,416,-1,-1
00017444.jpg,66,25,408,416,-1,-1
00017445.jpg,66,25,408,416,-1,-1
00017446.jpg,63,24,405,415,-1,-1
00017447.jpg,66,25,408,416,-1,-1
00017448.jpg,69,25,411,416,-1,-1
00017449.jpg,69,29,411,420,-1,-1
00017450.jpg,74,32,416,423,-1,-1
00017451.jpg,74,32,416,423,-1,-1
00017452.jpg,77,32,419,423,-1,-1
00017453.jpg,82,35,424,426,-1,-1
00017454.jpg,84,36,426,427,-1,-1
00017455.jpg,84,35,426,426,-1,-1
00017456.jpg,83,37,425,428,-1,-1
00017457.jpg,83,37,425,428,-1,-1
00017458.jpg,80,37,422,428,-1,-1
00017459.jpg,79,36,421,427,-1,-1
00017460.jpg,57,13,426,408,-1,-1
00017461.jpg,52,13,421,408,-1,-1
00017462.jpg,51,10,420,405,-1,-1
00017463.jpg,51,10,420,405,-1,-1
00017464.jpg,48,7,417,402,-1,-1
00017465.jpg,50,17,379,367,-1,-1
00017466.jpg,50,17,379,367,-1,-1
00017467.jpg,49,14,378,364,-1,-1
00017468.jpg,51,16,380,366,-1,-1
00017469.jpg,51,16,380,366,-1,-1
00017470.jpg,55,14,384,364,-1,-1
00017471.jpg,54,15,383,365,-1,-1
00017472.jpg,60,14,389,364,-1,-1
00017473.jpg,58,11,387,361,-1,-1
00017474.jpg,55,12,384,362,-1,-1
00017475.jpg,55,12,384,362,-1,-1
00017476.jpg,54,10,383,360,-1,-1
00017477.jpg,47,11,376,361,-1,-1
00017478.jpg,43,12,372,362,-1,-1
00017479.jpg,45,13,360,344,-1,-1
00017480.jpg,45,13,360,344,-1,-1
00017481.jpg,45,13,360,344,-1,-1
00017482.jpg,43,14,358,345,-1,-1
00017483.jpg,44,18,359,349,-1,-1
00017484.jpg,45,19,360,348,-1,-1
00017485.jpg,45,19,360,348,-1,-1
00017486.jpg,49,18,364,347,-1,-1
00017487.jpg,49,18,364,347,-1,-1
00017488.jpg,60,16,364,330,-1,-1
00017489.jpg,60,16,364,330,-1,-1
00017490.jpg,55,14,366,321,-1,-1
00017491.jpg,49,17,356,339,-1,-1
00017492.jpg,49,28,358,354,-1,-1
00017493.jpg,49,28,358,354,-1,-1
00017494.jpg,46,40,356,361,-1,-1
00017495.jpg,44,41,354,384,-1,-1
00017496.jpg,44,41,354,384,-1,-1
00017497.jpg,43,43,353,386,-1,-1
00017498.jpg,39,48,352,389,-1,-1
00017499.jpg,39,48,352,389,-1,-1
00017500.jpg,39,46,349,390,-1,-1
00017501.jpg,39,46,349,390,-1,-1
00017502.jpg,51,44,354,375,-1,-1
00017503.jpg,51,44,354,375,-1,-1
00017504.jpg,56,43,359,374,-1,-1
00017505.jpg,56,43,359,374,-1,-1
00017506.jpg,63,40,366,371,-1,-1
00017507.jpg,67,43,370,374,-1,-1
00017508.jpg,69,50,372,381,-1,-1
00017509.jpg,65,51,368,382,-1,-1
00017510.jpg,62,48,365,379,-1,-1
00017511.jpg,62,48,365,379,-1,-1
00017512.jpg,60,46,363,377,-1,-1
00017513.jpg,57,46,360,377,-1,-1
00017514.jpg,58,49,361,380,-1,-1
00017515.jpg,59,50,362,381,-1,-1
00017516.jpg,61,52,364,383,-1,-1
00017517.jpg,61,52,364,383,-1,-1
00017518.jpg,71,53,374,384,-1,-1
00017519.jpg,82,56,385,387,-1,-1
00017520.jpg,93,58,396,389,-1,-1
00017521.jpg,110,46,417,391,-1,-1
00017522.jpg,119,46,426,391,-1,-1
00017523.jpg,119,46,426,391,-1,-1
00017524.jpg,126,47,433,392,-1,-1
00017525.jpg,132,47,439,392,-1,-1
00017526.jpg,131,43,438,388,-1,-1
00017527.jpg,127,39,434,384,-1,-1
00017528.jpg,123,32,430,377,-1,-1
00017529.jpg,123,32,430,377,-1,-1
00017530.jpg,115,29,422,374,-1,-1
00017531.jpg,113,29,420,374,-1,-1
00017532.jpg,108,33,415,378,-1,-1
00017533.jpg,108,39,415,384,-1,-1
00017534.jpg,109,43,416,388,-1,-1
00017535.jpg,109,43,416,388,-1,-1
00017536.jpg,110,45,417,390,-1,-1
00017537.jpg,111,49,418,394,-1,-1
00017538.jpg,112,52,419,397,-1,-1
00017539.jpg,114,55,421,400,-1,-1
00017540.jpg,119,56,426,401,-1,-1
00017541.jpg,119,56,426,401,-1,-1
00017542.jpg,123,54,430,399,-1,-1
00017543.jpg,129,52,436,397,-1,-1
00017544.jpg,134,51,441,396,-1,-1
00017545.jpg,134,51,441,396,-1,-1
00017546.jpg,133,54,440,399,-1,-1
00017547.jpg,133,54,440,399,-1,-1
00017548.jpg,120,56,444,398,-1,-1
00017549.jpg,120,56,444,398,-1,-1
00017550.jpg,117,53,441,395,-1,-1
00017551.jpg,114,51,438,393,-1,-1
00017552.jpg,114,48,438,390,-1,-1
00017553.jpg,114,48,438,390,-1,-1
00017554.jpg,103,57,435,393,-1,-1
00017555.jpg,106,56,438,392,-1,-1
00017556.jpg,108,53,440,389,-1,-1
00017557.jpg,109,55,441,391,-1,-1
00017558.jpg,113,54,445,390,-1,-1
00017559.jpg,113,54,445,390,-1,-1
00017560.jpg,111,54,443,390,-1,-1
00017561.jpg,108,57,440,393,-1,-1
00017562.jpg,105,55,437,391,-1,-1
00017563.jpg,100,51,432,387,-1,-1
00017564.jpg,100,48,432,384,-1,-1
00017565.jpg,100,48,432,384,-1,-1
00017566.jpg,96,45,428,381,-1,-1
00017567.jpg,95,42,427,378,-1,-1
00017568.jpg,93,36,425,372,-1,-1
00017569.jpg,91,36,423,372,-1,-1
00017570.jpg,92,35,424,371,-1,-1
00017571.jpg,92,35,424,371,-1,-1
00017572.jpg,93,37,425,373,-1,-1
00017573.jpg,97,42,429,378,-1,-1
00017574.jpg,104,44,436,380,-1,-1
00017575.jpg,110,48,442,384,-1,-1
00017576.jpg,114,51,446,387,-1,-1
00017577.jpg,114,51,446,387,-1,-1
00017578.jpg,117,55,449,391,-1,-1
00017579.jpg,116,59,448,395,-1,-1
00017580.jpg,116,61,448,397,-1,-1
00017581.jpg,119,63,451,399,-1,-1
00017582.jpg,119,63,451,399,-1,-1
00017583.jpg,120,65,452,401,-1,-1
00017584.jpg,120,65,452,401,-1,-1
00017585.jpg,120,67,452,403,-1,-1
00017586.jpg,123,67,455,403,-1,-1
00017587.jpg,125,70,457,406,-1,-1
00017588.jpg,125,70,457,406,-1,-1
00017589.jpg,123,70,455,406,-1,-1
00017590.jpg,123,70,455,406,-1,-1
00017591.jpg,122,68,454,404,-1,-1
00017592.jpg,122,65,454,401,-1,-1
00017593.jpg,119,63,451,399,-1,-1
00017594.jpg,120,58,452,394,-1,-1
00017595.jpg,119,55,451,391,-1,-1
00017596.jpg,119,55,451,391,-1,-1
00017597.jpg,116,53,448,389,-1,-1
00017598.jpg,114,54,446,390,-1,-1
00017599.jpg,111,55,443,391,-1,-1
00017600.jpg,108,57,440,393,-1,-1
00017601.jpg,121,64,438,388,-1,-1
00017602.jpg,121,64,438,388,-1,-1
00017603.jpg,111,60,422,378,-1,-1
00017604.jpg,111,60,422,378,-1,-1
00017605.jpg,114,60,427,394,-1,-1
00017606.jpg,114,60,427,394,-1,-1
00017607.jpg,106,45,426,402,-1,-1
00017608.jpg,106,45,426,402,-1,-1
00017609.jpg,105,45,425,402,-1,-1
00017610.jpg,105,45,425,402,-1,-1
00017611.jpg,104,47,424,404,-1,-1
00017612.jpg,105,49,425,406,-1,-1
00017613.jpg,104,49,424,406,-1,-1
00017614.jpg,104,49,424,406,-1,-1
00017615.jpg,100,47,420,404,-1,-1
00017616.jpg,96,45,416,402,-1,-1
00017617.jpg,92,42,412,399,-1,-1
00017618.jpg,89,39,409,396,-1,-1
00017619.jpg,81,31,401,388,-1,-1
00017620.jpg,81,31,401,388,-1,-1
00017621.jpg,81,31,401,388,-1,-1
00017622.jpg,78,31,398,388,-1,-1
00017623.jpg,78,31,398,388,-1,-1
