00000551.jpg,1,1,378,740,1173,295
00000552.jpg,1,1,378,740,1173,295
00000553.jpg,1,1,378,740,1173,295
00000554.jpg,1,1,378,740,1177,295
00000555.jpg,1,1,378,740,1177,295
00000556.jpg,1,1,380,740,1178,296
00000557.jpg,1,1,382,742,1178,296
00000558.jpg,1,1,383,743,1180,296
00000559.jpg,1,1,383,744,1182,298
00000560.jpg,1,1,384,745,1181,298
00000561.jpg,1,1,384,746,1181,298
00000562.jpg,1,1,385,747,1180,296
00000563.jpg,1,1,385,748,1180,296
00000564.jpg,1,1,386,748,1180,296
00000565.jpg,1,1,387,749,1181,296
00000566.jpg,1,1,388,749,1181,296
00000567.jpg,1,1,390,749,1181,299
00000568.jpg,1,1,392,750,1181,300
00000569.jpg,1,1,394,750,1181,300
00000570.jpg,1,1,395,751,1181,301
00000571.jpg,1,1,397,751,1183,301
00000572.jpg,1,1,399,752,1181,301
00000573.jpg,1,1,401,752,1181,301
00000574.jpg,1,1,403,753,1181,301
00000575.jpg,1,1,403,753,1181,303
00000576.jpg,1,1,404,754,1182,303
00000577.jpg,1,1,404,754,1180,303
00000578.jpg,1,1,405,754,1170,304
00000579.jpg,1,1,405,754,1135,310
00000580.jpg,1,1,406,755,1137,310
00000581.jpg,1,1,406,755,1107,323
00000582.jpg,1,1,407,755,1070,338
00000583.jpg,1,1,407,755,1035,351
00000584.jpg,1,1,408,756,1017,374
00000585.jpg,1,1,409,756,1016,373
00000586.jpg,1,1,409,756,996,391
00000587.jpg,1,1,411,757,980,404
00000588.jpg,1,1,412,757,1007,418
00000589.jpg,1,1,413,758,1003,425
00000590.jpg,1,1,413,758,1000,431
00000591.jpg,1,1,414,758,997,436
00000592.jpg,1,1,416,759,990,434
00000593.jpg,1,1,417,759,986,433
00000594.jpg,1,1,418,759,982,434
00000595.jpg,1,1,419,759,977,433
00000596.jpg,1,1,419,759,973,431
00000597.jpg,1,1,420,758,968,433
00000598.jpg,1,1,422,758,972,433
00000599.jpg,1,1,423,758,965,433
00000600.jpg,1,1,423,758,967,434
