00000551.jpg,1030,4,1602,657,255,325
00000552.jpg,1030,4,1602,657,253,325
00000553.jpg,1030,4,1602,657,256,325
00000554.jpg,1030,4,1602,657,256,325
00000555.jpg,1030,4,1602,657,258,325
00000556.jpg,1030,4,1602,657,258,325
00000557.jpg,1031,5,1603,658,261,325
00000558.jpg,1031,6,1603,659,261,325
00000559.jpg,1031,7,1603,660,258,325
00000560.jpg,1031,7,1603,660,258,325
00000561.jpg,1031,8,1603,661,257,328
00000562.jpg,1031,8,1603,661,257,328
00000563.jpg,1031,9,1603,662,257,328
00000564.jpg,1031,9,1603,662,257,328
00000565.jpg,1031,10,1603,663,257,328
00000566.jpg,1031,10,1603,663,257,328
00000567.jpg,1031,10,1603,663,257,328
00000568.jpg,1031,10,1603,663,257,328
00000569.jpg,1031,11,1603,664,257,328
00000570.jpg,1031,11,1603,664,257,328
00000571.jpg,1031,11,1603,664,258,328
00000572.jpg,1032,11,1604,664,258,328
00000573.jpg,1032,11,1604,664,260,328
00000574.jpg,1032,12,1604,665,260,328
00000575.jpg,1032,12,1604,665,263,329
00000576.jpg,1033,12,1605,665,266,330
00000577.jpg,1032,12,1604,665,268,330
00000578.jpg,1025,13,1597,666,-1,-1
00000579.jpg,1012,15,1584,668,-1,-1
00000580.jpg,1012,15,1584,668,-1,-1
00000581.jpg,994,17,1566,670,-1,-1
00000582.jpg,971,15,1583,678,-1,-1
00000583.jpg,945,21,1548,698,-1,-1
00000584.jpg,945,21,1548,698,-1,-1
00000585.jpg,945,21,1548,698,-1,-1
00000586.jpg,931,28,1534,705,-1,-1
00000587.jpg,918,34,1521,711,-1,-1
00000588.jpg,907,38,1510,715,-1,-1
00000589.jpg,896,41,1499,718,-1,-1
00000590.jpg,896,41,1499,718,-1,-1
00000591.jpg,888,43,1491,720,-1,-1
00000592.jpg,881,44,1484,721,-1,-1
00000593.jpg,876,44,1479,721,-1,-1
00000594.jpg,871,44,1474,721,-1,-1
00000595.jpg,866,44,1469,721,-1,-1
00000596.jpg,866,44,1469,721,-1,-1
00000597.jpg,862,45,1465,722,-1,-1
00000598.jpg,858,45,1461,722,-1,-1
00000599.jpg,856,45,1459,722,-1,-1
00000600.jpg,856,45,1459,722,-1,-1
