00008610.jpg,314,55,576,369,552,596
00008611.jpg,314,55,576,369,551,601
00008612.jpg,314,55,576,369,550,604
00008613.jpg,314,55,576,369,549,609
00008614.jpg,314,55,576,369,547,612
00008615.jpg,314,56,576,370,547,612
00008616.jpg,315,56,577,370,550,611
00008617.jpg,315,56,577,370,550,610
00008618.jpg,315,55,577,369,550,610
00008619.jpg,316,55,578,369,548,610
00008620.jpg,316,55,578,369,548,609
00008621.jpg,316,55,578,369,548,609
00008622.jpg,316,55,578,369,547,611
00008623.jpg,316,55,578,369,547,611
00008624.jpg,316,55,578,369,547,611
00008625.jpg,316,55,578,369,548,610
00008626.jpg,316,56,578,370,544,616
00008627.jpg,316,57,578,371,546,616
00008628.jpg,316,58,578,372,548,616
00008629.jpg,316,59,578,373,546,621
00008630.jpg,315,60,577,374,547,621
00008631.jpg,315,61,577,375,548,625
00008632.jpg,314,62,576,376,548,626
00008633.jpg,314,64,576,378,546,630
00008634.jpg,313,65,575,379,546,630
00008635.jpg,313,66,575,380,546,633
00008636.jpg,312,67,574,381,544,640
00008637.jpg,312,68,574,382,544,643
00008638.jpg,312,68,574,382,543,648
00008639.jpg,312,69,574,383,542,649
00008640.jpg,312,69,574,383,541,649
00008641.jpg,313,69,575,383,540,651
00008642.jpg,314,68,576,382,538,653
00008643.jpg,315,68,577,382,538,653
00008644.jpg,317,68,579,382,537,654
00008645.jpg,318,67,580,381,536,656
00008646.jpg,319,66,581,380,536,657
00008647.jpg,320,66,582,380,536,657
00008648.jpg,321,65,583,379,536,657
00008649.jpg,322,64,584,378,536,657
00008650.jpg,323,64,585,378,536,657
00008651.jpg,324,63,586,377,536,657
00008652.jpg,325,62,587,376,536,657
00008653.jpg,326,62,588,376,536,657
00008654.jpg,327,62,589,376,536,657
00008655.jpg,328,61,590,375,536,657
00008656.jpg,329,60,591,374,536,657
00008657.jpg,330,60,592,374,536,657
00008658.jpg,330,59,592,373,536,657
00008659.jpg,330,58,592,372,536,657
00008660.jpg,331,58,593,372,534,659
00008661.jpg,331,57,593,371,533,659
00008662.jpg,331,57,593,371,530,659
00008663.jpg,330,56,592,370,529,659
00008664.jpg,330,56,592,370,530,657
00008665.jpg,329,56,591,370,532,655
00008666.jpg,329,56,591,370,532,652
00008667.jpg,329,56,591,370,534,651
00008668.jpg,330,56,592,370,534,649
00008669.jpg,330,55,592,369,534,648
00008670.jpg,331,55,593,369,531,648
00008671.jpg,331,54,593,368,531,648
00008672.jpg,332,54,594,368,533,648
00008673.jpg,332,53,594,367,532,646
00008674.jpg,333,53,595,367,532,646
00008675.jpg,333,52,595,366,532,646
00008676.jpg,333,52,595,366,532,646
00008677.jpg,333,52,595,366,532,646
00008678.jpg,332,52,594,366,532,646
00008679.jpg,332,52,594,366,532,646
00008680.jpg,332,51,594,365,532,646
00008681.jpg,331,51,593,365,533,645
00008682.jpg,331,51,593,365,534,644
00008683.jpg,330,51,592,365,533,643
00008684.jpg,330,51,592,365,533,641
00008685.jpg,329,51,591,365,533,641
00008686.jpg,329,51,591,365,533,641
00008687.jpg,328,51,590,365,531,640
00008688.jpg,328,51,590,365,531,640
00008689.jpg,327,52,589,366,530,640
00008690.jpg,327,52,589,366,530,639
00008691.jpg,326,52,588,366,530,639
00008692.jpg,326,52,588,366,530,639
00008693.jpg,326,52,588,366,530,639
00008694.jpg,325,53,587,367,530,639
00008695.jpg,334,52,583,358,530,639
00008696.jpg,334,52,583,358,530,639
00008697.jpg,334,52,583,358,530,639
00008698.jpg,334,52,583,358,530,639
00008699.jpg,334,52,583,358,686,375
00008700.jpg,333,52,582,358,686,375
00008701.jpg,333,52,582,358,686,375
00008702.jpg,333,52,582,358,686,375
00008703.jpg,332,52,581,358,687,376
00008704.jpg,331,53,580,359,688,376
00008705.jpg,330,53,579,359,690,376
00008706.jpg,328,53,577,359,690,376
00008707.jpg,327,54,576,360,691,375
00008708.jpg,325,54,574,360,692,373
00008709.jpg,323,54,572,360,694,373
00008710.jpg,322,54,571,360,694,373
00008711.jpg,321,54,570,360,697,371
00008712.jpg,320,54,569,360,698,370
00008713.jpg,319,54,568,360,699,367
00008714.jpg,318,54,567,360,700,365
00008715.jpg,318,54,567,360,702,365
00008716.jpg,317,54,566,360,703,365
00008717.jpg,317,54,566,360,706,363
00008718.jpg,316,54,565,360,708,362
00008719.jpg,316,55,565,361,709,361
00008720.jpg,316,55,565,361,710,361
00008721.jpg,316,56,565,362,710,360
00008722.jpg,316,56,565,362,712,360
00008723.jpg,316,57,565,363,712,360
00008724.jpg,316,57,565,363,714,358
00008725.jpg,316,57,565,363,717,358
00008726.jpg,316,57,565,363,718,358
00008727.jpg,316,57,565,363,721,357
00008728.jpg,316,57,565,363,724,357
00008729.jpg,317,57,566,363,725,355
00008730.jpg,317,56,566,362,730,354
00008731.jpg,317,56,566,362,730,354
00008732.jpg,317,56,566,362,733,352
00008733.jpg,317,56,566,362,737,352
00008734.jpg,318,56,567,362,738,352
00008735.jpg,318,56,567,362,738,352
00008736.jpg,318,56,567,362,740,349
00008737.jpg,318,56,567,362,746,345
00008738.jpg,318,55,567,361,749,341
00008739.jpg,318,55,567,361,753,340
00008740.jpg,318,55,567,361,759,336
00008741.jpg,319,55,568,361,768,328
00008742.jpg,319,54,568,360,772,323
00008743.jpg,319,54,568,360,775,321
00008744.jpg,319,54,568,360,776,321
00008745.jpg,320,54,569,360,783,316
00008746.jpg,320,54,569,360,786,313
00008747.jpg,320,53,569,359,794,313
00008748.jpg,321,53,570,359,797,310
00008749.jpg,321,53,570,359,798,309
00008750.jpg,321,52,570,358,798,310
00008751.jpg,322,52,571,358,804,309
00008752.jpg,322,52,571,358,804,312
00008753.jpg,323,53,572,359,807,312
00008754.jpg,323,53,572,359,808,312
00008755.jpg,324,53,573,359,810,313
00008756.jpg,324,53,573,359,813,314
00008757.jpg,324,53,573,359,813,314
00008758.jpg,325,53,574,359,814,314
00008759.jpg,325,53,574,359,815,314
00008760.jpg,326,53,575,359,816,314
00008761.jpg,326,53,575,359,818,314
00008762.jpg,326,53,575,359,818,314
00008763.jpg,327,53,576,359,819,315
00008764.jpg,328,53,577,359,820,315
00008765.jpg,328,53,577,359,822,315
00008766.jpg,329,53,578,359,825,315
00008767.jpg,329,53,578,359,827,314
00008768.jpg,330,53,579,359,829,314
00008769.jpg,330,53,579,359,830,313
00008770.jpg,330,52,579,358,832,313
00008771.jpg,331,51,580,357,834,312
00008772.jpg,331,49,580,355,834,312
00008773.jpg,331,48,580,354,835,312
00008774.jpg,331,47,580,353,835,312
00008775.jpg,331,46,580,352,838,313
00008776.jpg,331,44,580,350,838,313
00008777.jpg,331,42,580,348,841,314
00008778.jpg,331,40,580,346,841,314
00008779.jpg,330,36,579,342,842,314
00008780.jpg,329,33,578,339,842,314
00008781.jpg,329,29,578,335,842,314
00008782.jpg,328,27,577,333,843,314
00008783.jpg,327,26,576,332,571,438
00008784.jpg,326,24,575,330,571,441
00008785.jpg,325,23,574,329,572,442
00008786.jpg,324,22,573,328,552,689
00008787.jpg,322,21,571,327,551,691
00008788.jpg,316,17,581,333,-1,-1
00008789.jpg,316,17,581,333,-1,-1
00008790.jpg,315,17,580,333,-1,-1
00008791.jpg,307,16,569,345,-1,-1
00008792.jpg,307,16,569,345,-1,-1
00008793.jpg,305,17,567,346,-1,-1
00008794.jpg,302,20,564,349,-1,-1
00008795.jpg,299,23,561,352,-1,-1
00008796.jpg,288,25,567,363,-1,-1
00008797.jpg,284,28,567,374,-1,-1
00008798.jpg,284,28,567,374,-1,-1
00008799.jpg,277,29,558,386,-1,-1
00008800.jpg,276,29,557,386,-1,-1
00008801.jpg,275,30,556,387,-1,-1
00008802.jpg,274,31,555,388,-1,-1
00008803.jpg,265,34,553,396,-1,-1
00008804.jpg,264,35,552,397,-1,-1
00008805.jpg,262,43,552,401,-1,-1
00008806.jpg,262,43,552,401,-1,-1
00008807.jpg,261,43,551,401,-1,-1
00008808.jpg,260,43,550,401,-1,-1
00008809.jpg,259,43,549,401,-1,-1
00008810.jpg,259,46,549,407,-1,-1
00008811.jpg,258,46,548,407,-1,-1
00008812.jpg,258,56,542,410,-1,-1
00008813.jpg,258,56,542,410,-1,-1
00008814.jpg,257,57,541,411,-1,-1
00008815.jpg,257,57,541,411,-1,-1
00008816.jpg,257,57,541,411,-1,-1
00008817.jpg,260,70,542,416,-1,-1
00008818.jpg,260,70,542,416,-1,-1
00008819.jpg,260,71,542,417,-1,-1
00008820.jpg,260,72,542,418,-1,-1
00008821.jpg,260,74,542,420,-1,-1
00008822.jpg,260,77,542,423,-1,-1
00008823.jpg,260,80,542,426,-1,-1
00008824.jpg,260,82,542,428,-1,-1
00008825.jpg,260,85,542,431,-1,-1
00008826.jpg,259,86,541,432,-1,-1
00008827.jpg,259,84,541,430,-1,-1
00008828.jpg,259,81,541,427,-1,-1
00008829.jpg,260,79,542,425,-1,-1
00008830.jpg,260,78,542,424,-1,-1
00008831.jpg,260,76,542,422,-1,-1
00008832.jpg,260,72,542,418,-1,-1
00008833.jpg,260,71,542,417,-1,-1
00008834.jpg,261,70,543,416,-1,-1
00008835.jpg,261,70,543,416,-1,-1
00008836.jpg,261,69,543,415,-1,-1
00008837.jpg,261,69,543,415,-1,-1
00008838.jpg,262,68,544,414,-1,-1
00008839.jpg,262,67,544,413,-1,-1
00008840.jpg,262,66,544,412,-1,-1
00008841.jpg,262,65,544,411,-1,-1
00008842.jpg,262,62,544,408,-1,-1
00008843.jpg,270,58,539,395,-1,-1
00008844.jpg,270,58,539,395,-1,-1
00008845.jpg,270,56,539,393,-1,-1
00008846.jpg,274,53,541,374,-1,-1
00008847.jpg,274,53,541,374,-1,-1
00008848.jpg,274,52,541,373,-1,-1
00008849.jpg,274,51,541,372,-1,-1
00008850.jpg,274,51,541,372,-1,-1
00008851.jpg,273,51,540,372,-1,-1
00008852.jpg,273,51,540,372,-1,-1
00008853.jpg,273,50,540,371,-1,-1
00008854.jpg,279,41,541,366,-1,-1
00008855.jpg,279,41,541,366,-1,-1
00008856.jpg,279,40,541,365,-1,-1
00008857.jpg,284,29,550,354,-1,-1
00008858.jpg,284,29,550,354,709,621
00008859.jpg,284,28,550,353,699,428
00008860.jpg,284,27,550,352,694,421
00008861.jpg,284,27,550,352,692,425
00008862.jpg,291,19,549,339,692,421
00008863.jpg,291,19,549,339,692,421
00008864.jpg,291,19,549,339,692,421
00008865.jpg,291,19,549,339,692,421
00008866.jpg,291,18,549,338,692,421
00008867.jpg,291,18,549,338,692,421
00008868.jpg,291,18,549,338,692,421
00008869.jpg,291,18,549,338,692,421
00008870.jpg,291,18,549,338,692,421
00008871.jpg,291,17,549,337,692,421
00008872.jpg,290,17,548,337,692,421
00008873.jpg,291,16,549,336,693,421
00008874.jpg,291,14,549,334,693,416
00008875.jpg,291,13,549,333,693,416
00008876.jpg,291,13,549,333,693,415
00008877.jpg,291,12,549,332,694,414
00008878.jpg,290,12,548,332,693,412
00008879.jpg,290,12,548,332,693,412
00008880.jpg,289,12,547,332,693,410
00008881.jpg,289,12,547,332,693,409
00008882.jpg,289,12,547,332,695,407
00008883.jpg,289,11,547,331,696,403
00008884.jpg,289,10,547,330,696,396
00008885.jpg,288,10,546,330,488,702
00008886.jpg,287,9,545,329,481,705
00008887.jpg,286,9,544,329,479,704
00008888.jpg,284,10,542,330,476,705
00008889.jpg,283,9,541,329,476,705
00008890.jpg,282,9,540,329,476,705
00008891.jpg,282,9,540,329,476,705
00008892.jpg,281,8,539,328,475,706
00008893.jpg,281,8,539,328,475,706
00008894.jpg,280,8,538,328,472,706
00008895.jpg,280,8,538,328,472,706
00008896.jpg,279,7,537,327,472,706
00008897.jpg,279,6,537,326,472,706
00008898.jpg,279,4,537,324,472,706
00008899.jpg,280,2,538,322,477,707
00008900.jpg,280,1,538,321,477,707
00008901.jpg,280,0,538,320,477,707
00008902.jpg,280,0,538,320,475,705
00008903.jpg,280,0,538,320,475,705
00008904.jpg,280,0,538,320,475,705
00008905.jpg,280,0,538,320,475,705
00008906.jpg,280,0,538,320,477,706
00008907.jpg,280,0,538,320,478,706
00008908.jpg,280,0,538,320,478,706
00008909.jpg,280,0,538,320,478,706
00008910.jpg,280,0,538,320,477,706
00008911.jpg,280,0,538,320,478,709
00008912.jpg,280,0,538,320,482,708
00008913.jpg,280,0,538,320,665,657
00008914.jpg,281,0,539,320,736,559
00008915.jpg,282,0,540,320,746,293
00008916.jpg,283,0,541,320,747,299
00008917.jpg,283,0,541,320,747,296
00008918.jpg,284,0,542,320,747,295
00008919.jpg,284,0,542,320,748,295
00008920.jpg,285,0,543,320,749,295
00008921.jpg,286,0,544,320,751,295
00008922.jpg,287,6,537,308,751,295
00008923.jpg,287,6,537,308,757,292
00008924.jpg,288,6,538,308,758,290
00008925.jpg,288,7,538,309,759,290
00008926.jpg,289,7,539,309,759,290
00008927.jpg,303,8,548,308,759,290
00008928.jpg,303,8,548,308,759,290
00008929.jpg,304,8,549,308,762,289
00008930.jpg,304,8,549,308,762,289
00008931.jpg,305,8,550,308,762,289
00008932.jpg,305,8,550,308,760,291
00008933.jpg,305,8,550,308,760,292
00008934.jpg,305,9,550,309,760,292
00008935.jpg,305,8,550,308,760,292
00008936.jpg,305,8,550,308,760,292
00008937.jpg,304,8,549,308,760,292
00008938.jpg,304,8,549,308,761,292
00008939.jpg,304,8,549,308,763,289
00008940.jpg,304,8,549,308,763,289
00008941.jpg,304,7,549,307,763,289
00008942.jpg,304,7,549,307,764,289
00008943.jpg,304,7,549,307,762,286
00008944.jpg,304,7,549,307,762,286
00008945.jpg,304,7,549,307,764,287
00008946.jpg,304,7,549,307,764,287
00008947.jpg,304,7,549,307,764,287
00008948.jpg,305,7,550,307,764,288
00008949.jpg,305,7,550,307,764,288
00008950.jpg,305,7,550,307,764,290
00008951.jpg,305,7,550,307,764,290
00008952.jpg,305,7,550,307,762,296
00008953.jpg,305,7,550,307,762,296
00008954.jpg,305,7,550,307,762,296
00008955.jpg,305,8,550,308,763,297
00008956.jpg,305,8,550,308,764,298
00008957.jpg,305,8,550,308,764,299
00008958.jpg,305,9,550,309,764,300
00008959.jpg,305,9,550,309,766,300
00008960.jpg,305,10,550,310,766,300
00008961.jpg,305,10,550,310,769,301
00008962.jpg,306,11,551,311,769,302
00008963.jpg,306,12,551,312,769,305
00008964.jpg,306,12,551,312,769,305
00008965.jpg,306,13,551,313,769,305
00008966.jpg,307,14,552,314,769,306
00008967.jpg,307,14,552,314,769,306
00008968.jpg,307,15,552,315,769,306
00008969.jpg,308,15,553,315,769,306
00008970.jpg,308,16,553,316,770,308
00008971.jpg,308,16,553,316,772,308
00008972.jpg,309,17,554,317,775,308
00008973.jpg,309,17,554,317,776,308
00008974.jpg,309,17,554,317,776,308
00008975.jpg,309,17,554,317,778,307
00008976.jpg,309,17,554,317,778,307
00008977.jpg,309,16,554,316,780,306
00008978.jpg,308,16,553,316,782,303
00008979.jpg,307,15,552,315,782,303
00008980.jpg,307,15,552,315,782,303
00008981.jpg,306,14,551,314,783,303
00008982.jpg,306,14,551,314,783,303
00008983.jpg,306,14,551,314,783,303
00008984.jpg,306,14,551,314,783,305
00008985.jpg,306,14,551,314,783,305
00008986.jpg,305,14,550,314,784,306
00008987.jpg,305,14,550,314,784,306
00008988.jpg,305,14,550,314,784,306
00008989.jpg,305,14,550,314,784,306
00008990.jpg,305,14,550,314,784,306
00008991.jpg,305,14,550,314,784,306
00008992.jpg,305,14,550,314,783,306
00008993.jpg,305,14,550,314,780,308
00008994.jpg,305,13,550,313,780,308
00008995.jpg,305,13,550,313,780,308
00008996.jpg,304,12,549,312,779,308
00008997.jpg,304,12,549,312,777,308
00008998.jpg,304,12,549,312,777,308
00008999.jpg,303,11,548,311,777,308
00009000.jpg,303,11,548,311,777,308
00009001.jpg,302,11,547,311,774,309
00009002.jpg,302,11,547,311,775,309
00009003.jpg,301,10,546,310,779,308
00009004.jpg,301,10,546,310,775,309
00009005.jpg,301,10,546,310,775,309
00009006.jpg,300,10,545,310,775,309
00009007.jpg,300,10,545,310,775,309
00009008.jpg,300,10,545,310,773,309
00009009.jpg,299,10,544,310,771,309
00009010.jpg,298,9,543,309,771,309
00009011.jpg,297,8,542,308,771,309
00009012.jpg,296,7,541,307,771,309
00009013.jpg,295,7,540,307,771,309
00009014.jpg,294,7,539,307,771,309
00009015.jpg,293,8,538,308,772,311
00009016.jpg,293,9,538,309,772,311
00009017.jpg,293,9,538,309,773,311
00009018.jpg,293,9,538,309,773,311
00009019.jpg,294,9,539,309,776,307
00009020.jpg,294,8,539,308,776,306
00009021.jpg,294,7,539,307,776,303
00009022.jpg,293,5,538,305,778,299
00009023.jpg,293,3,538,303,780,298
00009024.jpg,292,1,537,301,780,295
00009025.jpg,291,0,536,300,779,297
00009026.jpg,289,0,534,300,779,296
00009027.jpg,287,0,532,300,780,295
00009028.jpg,285,0,530,300,776,294
00009029.jpg,283,0,528,300,778,294
00009030.jpg,280,0,525,300,775,294
00009031.jpg,277,0,522,300,777,294
00009032.jpg,273,0,518,300,774,294
00009033.jpg,271,0,516,300,773,291
00009034.jpg,269,0,514,300,770,290
00009035.jpg,268,0,513,300,769,289
00009036.jpg,266,0,511,300,767,288
00009037.jpg,265,0,510,300,766,288
00009038.jpg,263,0,508,300,765,287
00009039.jpg,256,0,510,316,761,287
00009040.jpg,256,0,510,316,760,287
00009041.jpg,255,1,509,317,762,288
00009042.jpg,254,1,508,317,762,288
00009043.jpg,253,2,507,318,762,288
00009044.jpg,252,2,506,318,765,290
00009045.jpg,252,3,506,319,765,291
00009046.jpg,252,3,506,319,765,292
00009047.jpg,251,4,505,320,765,292
00009048.jpg,251,4,505,320,765,292
00009049.jpg,250,5,504,321,764,294
00009050.jpg,249,5,503,321,764,295
00009051.jpg,248,6,502,322,763,297
00009052.jpg,246,7,500,323,763,297
00009053.jpg,244,8,498,324,763,298
00009054.jpg,243,8,497,324,763,299
00009055.jpg,241,9,495,325,764,301
00009056.jpg,239,9,493,325,765,302
00009057.jpg,237,9,491,325,765,302
00009058.jpg,235,10,489,326,763,301
00009059.jpg,233,10,487,326,763,301
00009060.jpg,231,10,485,326,762,300
00009061.jpg,229,10,483,326,762,300
00009062.jpg,228,10,482,326,761,300
00009063.jpg,226,10,480,326,759,299
00009064.jpg,225,11,479,327,759,299
00009065.jpg,224,11,478,327,759,299
00009066.jpg,223,11,477,327,759,299
00009067.jpg,223,11,477,327,759,301
00009068.jpg,223,11,477,327,759,303
00009069.jpg,223,11,477,327,759,306
00009070.jpg,223,11,477,327,759,304
00009071.jpg,223,10,477,326,759,304
00009072.jpg,223,9,477,325,759,304
00009073.jpg,222,8,476,324,762,304
00009074.jpg,222,7,476,323,763,304
00009075.jpg,221,6,475,322,766,305
00009076.jpg,220,5,474,321,766,305
00009077.jpg,220,4,474,320,767,307
00009078.jpg,219,3,473,319,765,309
00009079.jpg,219,3,473,319,765,309
00009080.jpg,218,2,472,318,765,309
00009081.jpg,218,1,472,317,765,309
00009082.jpg,218,1,472,317,769,309
00009083.jpg,218,0,472,316,767,309
00009084.jpg,218,0,472,316,767,309
00009085.jpg,218,0,472,316,767,309
00009086.jpg,219,0,473,316,766,306
00009087.jpg,219,0,473,316,768,306
00009088.jpg,219,0,473,316,768,306
00009089.jpg,217,0,472,307,-1,-1
00009090.jpg,217,0,472,307,-1,-1
00009091.jpg,217,0,472,307,-1,-1
00009092.jpg,216,1,470,295,-1,-1
00009093.jpg,216,1,470,295,-1,-1
00009094.jpg,216,0,470,294,-1,-1
00009095.jpg,216,0,470,294,-1,-1
00009096.jpg,217,0,470,278,-1,-1
00009097.jpg,217,0,470,278,-1,-1
00009098.jpg,217,0,470,278,-1,-1
00009099.jpg,218,0,471,278,-1,-1
00009100.jpg,218,0,471,278,-1,-1
00009101.jpg,217,0,470,278,-1,-1
00009102.jpg,217,0,470,278,762,306
00009103.jpg,217,0,470,278,763,306
00009104.jpg,216,0,469,278,763,306
00009105.jpg,216,2,469,280,763,306
00009106.jpg,215,3,468,281,763,306
00009107.jpg,215,5,468,283,762,306
00009108.jpg,215,7,468,285,758,307
00009109.jpg,213,5,466,283,755,309
00009110.jpg,213,5,466,283,753,309
00009111.jpg,213,5,466,283,754,309
