00044150.jpg,66,51,206,199,462,61
00044151.jpg,66,51,206,199,462,61
00044152.jpg,66,51,206,199,462,61
00044153.jpg,66,51,206,199,462,61
00044154.jpg,66,51,206,199,462,61
00044155.jpg,66,51,206,199,462,61
00044156.jpg,66,51,206,199,462,61
00044157.jpg,66,51,206,199,462,61
00044158.jpg,66,51,206,199,462,61
00044159.jpg,67,51,207,199,462,64
00044160.jpg,67,51,207,199,462,65
00044161.jpg,67,51,207,199,462,65
00044162.jpg,67,51,207,199,462,65
00044163.jpg,67,51,207,199,462,65
00044164.jpg,72,52,212,200,464,65
00044165.jpg,73,52,213,200,466,66
00044166.jpg,73,52,213,200,468,66
00044167.jpg,73,52,213,200,468,68
00044168.jpg,73,52,213,200,472,69
00044169.jpg,72,52,212,200,474,70
00044170.jpg,72,52,212,200,474,72
00044171.jpg,72,52,212,200,475,72
00044172.jpg,68,51,208,199,475,72
00044173.jpg,68,51,208,199,477,71
00044174.jpg,67,51,207,199,478,71
00044175.jpg,67,51,207,199,478,71
00044176.jpg,67,51,207,199,477,71
00044177.jpg,67,51,207,199,475,70
00044178.jpg,67,51,207,199,470,70
00044179.jpg,67,51,207,199,465,67
