00044150.jpg,419,23,497,105,178,127
00044151.jpg,419,23,497,105,178,127
00044152.jpg,419,23,497,105,178,127
00044153.jpg,419,23,497,105,178,127
00044154.jpg,419,23,497,105,178,127
00044155.jpg,419,23,497,105,178,127
00044156.jpg,418,24,496,106,178,127
00044157.jpg,418,24,496,106,178,127
00044158.jpg,417,25,495,107,-1,-1
00044159.jpg,416,27,494,109,-1,-1
00044160.jpg,415,28,493,110,-1,-1
00044161.jpg,415,27,493,109,565,98
00044162.jpg,415,27,493,109,566,98
00044163.jpg,416,25,494,107,569,98
00044164.jpg,417,25,495,107,573,98
00044165.jpg,417,25,495,107,574,98
00044166.jpg,419,25,497,107,576,98
00044167.jpg,420,25,498,107,577,98
00044168.jpg,422,25,500,107,575,101
00044169.jpg,422,26,500,108,576,101
00044170.jpg,423,26,501,108,578,102
00044171.jpg,424,26,502,108,579,100
00044172.jpg,425,26,503,108,579,100
00044173.jpg,425,26,503,108,580,100
00044174.jpg,426,26,504,108,580,100
00044175.jpg,426,26,504,108,583,100
00044176.jpg,427,26,505,108,-1,-1
00044177.jpg,427,25,505,107,181,128
00044178.jpg,426,25,504,107,181,128
00044179.jpg,426,25,504,107,181,128
