00010429.jpg,384,18,657,288,-1,-1
00010430.jpg,386,18,655,286,-1,-1
00010431.jpg,386,18,655,286,-1,-1
00010432.jpg,384,17,658,287,-1,-1
00010433.jpg,386,17,660,288,-1,-1
00010434.jpg,386,15,661,290,-1,-1
00010435.jpg,387,14,661,290,-1,-1
00010436.jpg,387,14,661,290,-1,-1
00010437.jpg,387,16,660,289,-1,-1
00010438.jpg,385,17,660,288,-1,-1
00010439.jpg,383,18,661,288,-1,-1
00010440.jpg,380,17,664,289,-1,-1
00010441.jpg,380,17,664,289,-1,-1
00010442.jpg,376,18,668,290,-1,-1
00010443.jpg,374,17,671,293,-1,-1
00010444.jpg,375,17,672,293,-1,-1
00010445.jpg,376,18,670,292,-1,-1
00010446.jpg,376,18,670,292,-1,-1
00010447.jpg,375,18,671,293,-1,-1
00010448.jpg,375,17,671,293,-1,-1
00010449.jpg,375,16,672,295,-1,-1
00010450.jpg,375,13,676,298,-1,-1
00010451.jpg,375,13,676,298,-1,-1
00010452.jpg,375,10,678,299,-1,-1
00010453.jpg,378,9,677,298,-1,-1
00010454.jpg,381,7,674,297,-1,-1
00010455.jpg,381,10,671,295,-1,-1
00010456.jpg,381,10,671,295,-1,-1
00010457.jpg,381,11,669,294,-1,-1
00010458.jpg,381,12,668,292,-1,-1
00010459.jpg,382,13,664,290,-1,-1
00010460.jpg,383,12,663,290,-1,-1
00010461.jpg,383,12,663,290,-1,-1
00010462.jpg,383,12,663,290,-1,-1
00010463.jpg,383,11,663,289,-1,-1
00010464.jpg,383,13,663,291,-1,-1
00010465.jpg,381,14,664,289,-1,-1
00010466.jpg,381,14,664,289,-1,-1
00010467.jpg,377,14,668,292,-1,-1
00010468.jpg,376,15,669,294,-1,-1
00010469.jpg,378,16,668,293,1230,589
00010470.jpg,377,15,671,294,1231,591
00010471.jpg,377,15,670,294,1231,593
00010472.jpg,377,14,672,296,1231,593
00010473.jpg,378,11,675,299,1231,593
00010474.jpg,378,11,678,300,1231,593
00010475.jpg,380,12,678,298,1231,593
00010476.jpg,380,12,678,298,1233,589
00010477.jpg,383,12,676,294,1236,588
00010478.jpg,384,14,674,291,-1,-1
00010479.jpg,380,10,683,296,-1,-1
00010480.jpg,383,11,682,293,-1,-1
00010481.jpg,383,11,682,293,-1,-1
00010482.jpg,385,13,678,291,-1,-1
00010483.jpg,382,15,677,294,-1,-1
00010484.jpg,384,16,676,294,-1,-1
00010485.jpg,387,19,676,294,-1,-1
00010486.jpg,387,19,676,294,-1,-1
00010487.jpg,387,18,678,295,-1,-1
00010488.jpg,387,17,679,297,-1,-1
00010489.jpg,386,14,680,298,-1,-1
00010490.jpg,387,14,680,296,-1,-1
00010491.jpg,387,14,680,296,-1,-1
00010492.jpg,388,15,681,294,-1,-1
00010493.jpg,387,15,685,295,-1,-1
00010494.jpg,386,14,686,296,-1,-1
00010495.jpg,386,14,686,296,-1,-1
00010496.jpg,386,14,686,296,-1,-1
00010497.jpg,388,14,687,296,-1,-1
00010498.jpg,386,14,689,297,-1,-1
00010499.jpg,388,19,692,297,-1,-1
00010500.jpg,395,21,691,296,-1,-1
00010501.jpg,395,21,691,296,-1,-1
00010502.jpg,394,24,693,298,-1,-1
00010503.jpg,391,22,698,301,-1,-1
00010504.jpg,392,20,700,303,-1,-1
00010505.jpg,394,23,701,306,-1,-1
00010506.jpg,394,23,701,306,-1,-1
00010507.jpg,394,23,702,306,-1,-1
00010508.jpg,393,23,705,309,-1,-1
00010509.jpg,392,20,705,309,-1,-1
00010510.jpg,392,20,703,307,-1,-1
00010511.jpg,392,20,703,307,-1,-1
00010512.jpg,394,20,698,304,-1,-1
00010513.jpg,394,18,698,303,-1,-1
00010514.jpg,395,17,698,303,-1,-1
00010515.jpg,392,18,699,303,-1,-1
00010516.jpg,392,18,699,303,-1,-1
00010517.jpg,391,20,701,305,-1,-1
00010518.jpg,393,21,702,305,-1,-1
00010519.jpg,395,23,704,307,-1,-1
00010520.jpg,396,23,709,306,-1,-1
00010521.jpg,396,23,709,306,-1,-1
00010522.jpg,395,24,714,313,-1,-1
00010523.jpg,394,29,715,320,-1,-1
00010524.jpg,416,61,696,339,-1,-1
00010525.jpg,417,63,697,341,-1,-1
00010526.jpg,417,63,697,341,-1,-1
00010527.jpg,421,65,701,343,-1,-1
00010528.jpg,423,63,703,341,-1,-1
00010529.jpg,424,61,704,339,-1,-1
00010530.jpg,426,61,706,339,-1,-1
00010531.jpg,426,61,706,339,-1,-1
00010532.jpg,427,61,707,339,1120,693
00010533.jpg,427,60,707,338,1118,693
00010534.jpg,427,61,707,339,1117,693
00010535.jpg,414,44,695,349,1117,693
00010536.jpg,414,44,695,349,1117,693
00010537.jpg,414,44,695,349,1117,693
00010538.jpg,414,43,695,348,1117,693
00010539.jpg,416,42,697,347,1117,693
00010540.jpg,418,41,699,346,1117,693
00010541.jpg,418,41,699,346,1117,694
00010542.jpg,420,41,701,346,1117,694
00010543.jpg,423,40,704,345,1117,694
00010544.jpg,427,39,708,344,-1,-1
00010545.jpg,431,39,712,344,-1,-1
00010546.jpg,431,39,712,344,-1,-1
00010547.jpg,436,39,717,344,-1,-1
00010548.jpg,439,40,720,345,-1,-1
00010549.jpg,442,41,723,346,-1,-1
00010550.jpg,442,41,723,346,-1,-1
