00011993.jpg,822,106,1228,544,522,699
00011994.jpg,822,106,1228,544,522,699
00011995.jpg,822,106,1228,544,522,699
00011996.jpg,822,106,1228,544,522,699
00011997.jpg,821,106,1227,544,528,700
00011998.jpg,820,107,1226,545,527,700
00011999.jpg,819,107,1225,545,527,700
00012000.jpg,818,107,1224,545,522,699
00012001.jpg,817,107,1223,545,522,699
00012002.jpg,817,107,1223,545,522,699
00012003.jpg,816,107,1222,545,522,699
00012004.jpg,816,108,1222,546,522,699
00012005.jpg,815,108,1221,546,521,698
00012006.jpg,815,108,1221,546,520,695
00012007.jpg,814,108,1220,546,520,695
00012008.jpg,814,108,1220,546,520,695
00012009.jpg,813,108,1219,546,521,695
00012010.jpg,812,108,1218,546,521,695
00012011.jpg,812,109,1218,547,521,695
00012012.jpg,811,109,1217,547,521,695
00012013.jpg,810,109,1216,547,521,695
00012014.jpg,809,109,1215,547,521,698
00012015.jpg,808,108,1214,546,521,698
00012016.jpg,807,108,1213,546,521,701
00012017.jpg,807,108,1213,546,520,701
00012018.jpg,806,108,1212,546,520,701
00012019.jpg,805,108,1211,546,520,699
00012020.jpg,804,108,1210,546,520,699
00012021.jpg,803,108,1209,546,517,696
00012022.jpg,802,108,1208,546,520,699
00012023.jpg,801,112,1207,550,-1,-1
00012024.jpg,799,112,1205,550,-1,-1
00012025.jpg,797,112,1203,550,-1,-1
00012026.jpg,795,113,1201,551,-1,-1
00012027.jpg,793,113,1199,551,-1,-1
00012028.jpg,795,113,1197,550,-1,-1
00012029.jpg,795,113,1197,550,-1,-1
00012030.jpg,792,112,1194,549,-1,-1
00012031.jpg,789,112,1191,549,-1,-1
00012032.jpg,787,112,1189,549,-1,-1
00012033.jpg,785,111,1187,548,-1,-1
00012034.jpg,784,111,1186,548,-1,-1
00012035.jpg,782,111,1184,548,-1,-1
00012036.jpg,781,110,1183,547,-1,-1
00012037.jpg,780,110,1182,547,-1,-1
00012038.jpg,779,109,1181,546,-1,-1
00012039.jpg,778,109,1180,546,-1,-1
00012040.jpg,777,109,1179,546,-1,-1
00012041.jpg,776,109,1178,546,-1,-1
00012042.jpg,775,109,1177,546,-1,-1
00012043.jpg,774,109,1176,546,-1,-1
00012044.jpg,772,109,1174,546,-1,-1
00012045.jpg,770,108,1172,545,-1,-1
00012046.jpg,768,108,1170,545,343,498
00012047.jpg,766,108,1168,545,515,394
00012048.jpg,764,107,1166,544,515,394
00012049.jpg,762,107,1164,544,515,394
00012050.jpg,761,107,1163,544,512,393
00012051.jpg,759,107,1161,544,512,393
00012052.jpg,758,107,1160,544,512,393
00012053.jpg,758,107,1160,544,510,393
00012054.jpg,758,108,1160,545,510,393
00012055.jpg,758,108,1160,545,510,393
00012056.jpg,767,112,1152,520,510,393
00012057.jpg,767,112,1152,520,510,393
00012058.jpg,769,112,1154,520,512,393
00012059.jpg,770,113,1155,521,515,393
00012060.jpg,772,113,1157,521,518,393
00012061.jpg,779,114,1164,522,522,394
00012062.jpg,782,114,1167,522,527,394
00012063.jpg,784,115,1169,523,527,394
00012064.jpg,786,115,1171,523,533,394
00012065.jpg,791,116,1176,524,536,394
00012066.jpg,793,117,1178,525,540,394
00012067.jpg,794,117,1179,525,546,398
00012068.jpg,796,118,1181,526,546,398
00012069.jpg,797,120,1182,528,546,398
00012070.jpg,805,120,1190,528,547,398
00012071.jpg,805,123,1190,531,548,399
00012072.jpg,806,124,1191,532,550,400
00012073.jpg,807,125,1192,533,553,409
00012074.jpg,808,127,1193,535,553,409
00012075.jpg,809,128,1194,536,553,415
00012076.jpg,811,129,1196,537,555,419
00012077.jpg,811,129,1196,537,556,420
00012078.jpg,811,129,1196,537,558,426
00012079.jpg,812,129,1197,537,562,436
00012080.jpg,812,129,1197,537,563,438
00012081.jpg,812,129,1197,537,570,444
00012082.jpg,819,129,1204,537,587,449
00012083.jpg,819,129,1204,537,591,450
00012084.jpg,820,128,1205,536,591,450
00012085.jpg,822,128,1207,536,591,456
00012086.jpg,822,128,1207,536,593,464
00012087.jpg,822,128,1207,536,593,464
00012088.jpg,821,128,1206,536,602,466
00012089.jpg,821,128,1206,536,600,474
00012090.jpg,820,128,1205,536,603,481
00012091.jpg,820,128,1205,536,603,481
00012092.jpg,819,128,1204,536,608,483
00012093.jpg,819,128,1204,536,608,483
00012094.jpg,819,129,1204,537,612,484
00012095.jpg,819,129,1204,537,612,485
00012096.jpg,818,129,1203,537,617,489
00012097.jpg,819,130,1204,538,618,489
00012098.jpg,819,130,1204,538,621,493
00012099.jpg,819,130,1204,538,622,493
00012100.jpg,819,131,1204,539,626,501
00012101.jpg,819,131,1204,539,627,504
00012102.jpg,814,129,1199,537,628,508
00012103.jpg,815,129,1200,537,552,705
00012104.jpg,811,129,1202,544,-1,-1
00012105.jpg,811,129,1202,544,-1,-1
00012106.jpg,812,129,1203,544,-1,-1
00012107.jpg,813,129,1204,544,-1,-1
00012108.jpg,814,129,1205,544,-1,-1
00012109.jpg,813,132,1191,550,-1,-1
00012110.jpg,813,132,1191,550,-1,-1
00012111.jpg,814,132,1192,550,-1,-1
00012112.jpg,815,132,1193,550,-1,-1
00012113.jpg,816,133,1194,551,-1,-1
00012114.jpg,818,133,1196,551,-1,-1
00012115.jpg,820,133,1198,551,-1,-1
00012116.jpg,822,133,1200,551,-1,-1
00012117.jpg,823,133,1201,551,-1,-1
00012118.jpg,825,133,1203,551,-1,-1
00012119.jpg,827,133,1205,551,-1,-1
00012120.jpg,829,132,1207,550,-1,-1
00012121.jpg,832,132,1210,550,-1,-1
00012122.jpg,835,131,1213,549,401,528
00012123.jpg,839,131,1217,549,657,533
00012124.jpg,842,130,1220,548,656,529
00012125.jpg,845,128,1223,546,656,529
00012126.jpg,848,127,1226,545,653,535
00012127.jpg,849,125,1227,543,653,535
00012128.jpg,855,124,1233,542,653,535
00012129.jpg,856,122,1234,540,653,535
00012130.jpg,859,121,1237,539,658,535
00012131.jpg,861,120,1239,538,663,535
00012132.jpg,863,118,1241,536,668,535
00012133.jpg,865,117,1243,535,673,536
00012134.jpg,867,116,1245,534,677,538
00012135.jpg,868,115,1246,533,682,535
00012136.jpg,869,114,1247,532,682,535
00012137.jpg,870,114,1248,532,688,534
00012138.jpg,871,113,1249,531,692,533
00012139.jpg,877,113,1255,531,696,533
00012140.jpg,882,114,1260,532,697,533
00012141.jpg,883,113,1261,531,702,534
00012142.jpg,884,113,1262,531,703,534
00012143.jpg,885,113,1263,531,707,533
00012144.jpg,885,113,1263,531,708,530
00012145.jpg,886,113,1264,531,708,530
00012146.jpg,887,113,1265,531,711,526
00012147.jpg,888,113,1266,531,711,528
00012148.jpg,889,113,1267,531,711,528
00012149.jpg,895,114,1273,532,712,528
00012150.jpg,895,115,1273,533,712,528
00012151.jpg,894,115,1272,533,712,528
00012152.jpg,894,115,1272,533,712,528
00012153.jpg,894,116,1272,534,712,528
00012154.jpg,893,116,1271,534,712,528
00012155.jpg,894,113,1276,553,712,528
00012156.jpg,894,113,1276,553,712,528
00012157.jpg,893,113,1275,553,712,528
00012158.jpg,893,114,1275,554,712,528
00012159.jpg,892,115,1274,555,712,528
00012160.jpg,891,115,1273,555,712,528
00012161.jpg,890,115,1272,555,711,528
00012162.jpg,890,116,1272,556,710,528
00012163.jpg,888,116,1270,556,706,534
00012164.jpg,887,116,1269,556,706,534
00012165.jpg,886,116,1268,556,698,536
00012166.jpg,886,116,1268,556,698,536
00012167.jpg,885,116,1267,556,697,536
00012168.jpg,884,116,1266,556,693,536
00012169.jpg,883,116,1265,556,692,536
00012170.jpg,882,116,1264,556,692,536
00012171.jpg,881,116,1263,556,692,536
00012172.jpg,873,114,1272,553,692,536
00012173.jpg,873,114,1272,553,692,536
00012174.jpg,872,114,1271,553,692,536
00012175.jpg,871,114,1270,553,692,536
00012176.jpg,870,114,1269,553,687,543
00012177.jpg,869,114,1268,553,687,543
00012178.jpg,869,114,1268,553,687,543
00012179.jpg,868,113,1267,552,687,543
00012180.jpg,867,113,1266,552,687,543
00012181.jpg,866,113,1265,552,687,543
00012182.jpg,865,112,1264,551,687,543
00012183.jpg,865,112,1264,551,687,543
00012184.jpg,864,111,1263,550,688,541
00012185.jpg,863,111,1262,550,688,541
00012186.jpg,862,110,1261,549,688,541
00012187.jpg,861,110,1260,549,688,541
00012188.jpg,861,109,1260,548,688,541
00012189.jpg,859,109,1258,548,690,541
00012190.jpg,859,108,1258,547,690,541
00012191.jpg,858,108,1257,547,690,541
00012192.jpg,857,107,1256,546,690,541
00012193.jpg,856,107,1255,546,690,541
00012194.jpg,855,106,1254,545,690,541
00012195.jpg,854,105,1253,544,690,541
00012196.jpg,853,105,1252,544,690,541
00012197.jpg,852,104,1251,543,690,541
00012198.jpg,851,103,1250,542,690,541
00012199.jpg,850,103,1249,542,690,541
00012200.jpg,849,102,1248,541,690,541
00012201.jpg,848,102,1247,541,690,541
00012202.jpg,846,101,1245,540,688,541
00012203.jpg,845,101,1244,540,688,541
00012204.jpg,844,100,1243,539,687,541
00012205.jpg,843,100,1242,539,687,541
00012206.jpg,842,100,1241,539,686,541
00012207.jpg,841,100,1240,539,685,539
00012208.jpg,839,100,1238,539,683,539
00012209.jpg,838,100,1237,539,681,539
00012210.jpg,837,100,1236,539,678,538
00012211.jpg,836,100,1235,539,678,538
00012212.jpg,835,100,1234,539,678,538
00012213.jpg,834,101,1233,540,678,538
00012214.jpg,833,101,1232,540,678,538
00012215.jpg,832,101,1231,540,678,538
00012216.jpg,831,101,1230,540,678,538
00012217.jpg,830,100,1229,539,680,539
00012218.jpg,829,100,1228,539,681,538
00012219.jpg,828,99,1227,538,680,538
00012220.jpg,827,99,1226,538,680,538
00012221.jpg,826,98,1225,537,680,538
00012222.jpg,826,98,1225,537,680,538
00012223.jpg,825,97,1224,536,680,538
00012224.jpg,832,98,1231,537,680,538
00012225.jpg,831,98,1230,537,682,536
00012226.jpg,831,98,1230,537,682,536
00012227.jpg,829,97,1228,536,682,536
00012228.jpg,835,99,1226,531,682,536
00012229.jpg,835,99,1226,531,680,534
00012230.jpg,833,99,1224,531,680,534
00012231.jpg,831,99,1222,531,680,534
00012232.jpg,829,99,1220,531,680,533
00012233.jpg,828,99,1219,531,680,531
00012234.jpg,827,99,1218,531,680,529
00012235.jpg,826,98,1217,530,680,529
00012236.jpg,824,98,1215,530,680,529
00012237.jpg,823,97,1214,529,680,529
00012238.jpg,822,97,1213,529,680,529
00012239.jpg,820,96,1211,528,678,525
00012240.jpg,819,95,1210,527,677,525
00012241.jpg,818,95,1209,527,677,525
00012242.jpg,817,94,1208,526,677,524
00012243.jpg,816,94,1207,526,677,520
00012244.jpg,814,93,1205,525,677,520
00012245.jpg,813,92,1204,524,676,519
00012246.jpg,812,92,1203,524,675,518
00012247.jpg,810,91,1201,523,675,518
00012248.jpg,809,90,1200,522,673,518
00012249.jpg,807,90,1198,522,670,516
00012250.jpg,806,90,1197,522,670,516
00012251.jpg,805,90,1196,522,672,516
00012252.jpg,813,102,1201,524,677,519
00012253.jpg,813,102,1201,524,678,519
00012254.jpg,812,102,1200,524,681,518
00012255.jpg,811,102,1199,524,676,516
00012256.jpg,809,103,1197,525,677,516
00012257.jpg,808,103,1196,525,677,516
00012258.jpg,807,103,1195,525,678,514
00012259.jpg,806,103,1194,525,678,513
00012260.jpg,805,104,1193,526,680,506
00012261.jpg,804,103,1192,525,678,501
00012262.jpg,802,103,1190,525,671,493
00012263.jpg,804,103,1192,525,665,484
00012264.jpg,804,103,1192,525,665,476
00012265.jpg,804,103,1192,525,657,474
00012266.jpg,803,102,1191,524,650,470
00012267.jpg,803,102,1191,524,656,481
00012268.jpg,802,101,1190,523,655,486
00012269.jpg,801,100,1189,522,650,490
00012270.jpg,801,100,1189,522,647,485
00012271.jpg,801,100,1189,522,650,485
00012272.jpg,800,99,1188,521,643,489
00012273.jpg,799,99,1187,521,647,489
00012274.jpg,799,99,1187,521,647,489
00012275.jpg,798,99,1186,521,642,489
00012276.jpg,798,99,1186,521,642,489
00012277.jpg,797,99,1185,521,642,489
00012278.jpg,797,98,1185,520,642,489
00012279.jpg,797,98,1185,520,642,489
00012280.jpg,797,98,1185,520,642,489
00012281.jpg,796,98,1184,520,642,489
00012282.jpg,796,97,1184,519,642,489
00012283.jpg,797,96,1185,518,642,490
00012284.jpg,797,96,1185,518,642,490
00012285.jpg,797,95,1185,517,642,490
00012286.jpg,797,95,1185,517,642,490
00012287.jpg,796,95,1184,517,643,490
00012288.jpg,796,95,1184,517,645,490
00012289.jpg,795,95,1183,517,647,488
00012290.jpg,794,95,1182,517,647,488
00012291.jpg,794,95,1182,517,647,488
00012292.jpg,794,95,1182,517,647,488
00012293.jpg,793,95,1181,517,646,488
00012294.jpg,794,95,1182,517,646,488
00012295.jpg,798,95,1186,517,646,488
00012296.jpg,798,95,1186,517,646,488
00012297.jpg,798,95,1186,517,647,486
00012298.jpg,798,95,1186,517,647,486
00012299.jpg,797,95,1185,517,650,480
00012300.jpg,796,95,1184,517,651,479
00012301.jpg,796,94,1184,516,651,479
00012302.jpg,795,93,1183,515,651,479
00012303.jpg,795,93,1183,515,651,479
00012304.jpg,796,93,1184,515,651,493
00012305.jpg,797,92,1185,514,651,491
00012306.jpg,798,92,1186,514,651,494
00012307.jpg,799,92,1187,514,647,494
00012308.jpg,798,91,1186,513,645,495
00012309.jpg,798,91,1186,513,643,495
00012310.jpg,798,91,1186,513,638,496
00012311.jpg,798,90,1186,512,638,499
00012312.jpg,798,90,1186,512,631,501
00012313.jpg,798,90,1186,512,628,506
00012314.jpg,798,90,1186,512,626,506
00012315.jpg,797,90,1185,512,623,506
00012316.jpg,797,89,1185,511,617,506
00012317.jpg,796,89,1184,511,615,509
00012318.jpg,796,89,1184,511,610,506
00012319.jpg,795,89,1183,511,606,499
00012320.jpg,794,88,1182,510,600,499
00012321.jpg,793,88,1181,510,593,496
00012322.jpg,792,88,1180,510,586,488
00012323.jpg,792,88,1180,510,583,486
00012324.jpg,791,88,1179,510,581,493
00012325.jpg,791,88,1179,510,582,498
00012326.jpg,791,88,1179,510,588,504
00012327.jpg,790,88,1178,510,597,509
00012328.jpg,790,88,1178,510,605,519
00012329.jpg,789,88,1177,510,618,536
00012330.jpg,789,89,1177,511,628,555
00012331.jpg,786,83,1178,512,642,580
00012332.jpg,786,83,1178,512,642,603
00012333.jpg,785,83,1177,512,650,608
00012334.jpg,785,84,1177,513,647,616
00012335.jpg,784,85,1176,514,651,643
00012336.jpg,783,85,1175,514,656,658
00012337.jpg,782,86,1174,515,-1,-1
00012338.jpg,781,86,1173,515,-1,-1
00012339.jpg,779,86,1171,515,-1,-1
00012340.jpg,778,86,1170,515,-1,-1
00012341.jpg,778,86,1170,515,-1,-1
00012342.jpg,776,85,1168,514,-1,-1
00012343.jpg,776,84,1168,513,-1,-1
00012344.jpg,774,83,1166,512,576,705
00012345.jpg,773,82,1165,511,575,703
00012346.jpg,772,81,1164,510,575,703
00012347.jpg,770,80,1162,509,575,703
00012348.jpg,770,80,1162,509,575,703
