00047832.jpg,526,128,746,382,-1,-1
00047833.jpg,526,128,746,382,-1,-1
00047834.jpg,526,128,746,382,-1,-1
00047835.jpg,526,128,746,382,1564,276
00047836.jpg,528,128,748,382,1217,154
00047837.jpg,529,128,749,382,1217,154
00047838.jpg,531,128,751,382,1217,154
00047839.jpg,533,129,753,383,1217,154
00047840.jpg,534,132,754,386,1216,153
00047841.jpg,545,142,759,381,1217,154
00047842.jpg,545,142,759,381,1212,154
00047843.jpg,545,147,759,386,-1,-1
00047844.jpg,544,153,758,392,-1,-1
00047845.jpg,544,157,758,396,-1,-1
00047846.jpg,544,161,758,400,612,928
00047847.jpg,544,161,758,400,612,922
00047848.jpg,544,163,758,402,613,921
00047849.jpg,542,167,756,406,621,920
00047850.jpg,542,172,756,411,636,918
00047851.jpg,541,177,755,416,636,918
00047852.jpg,541,177,755,416,636,918
00047853.jpg,539,184,753,423,637,918
00047854.jpg,542,178,756,417,638,918
00047855.jpg,540,183,754,422,649,917
00047856.jpg,539,186,753,425,656,913
00047857.jpg,539,185,753,424,660,913
00047858.jpg,538,184,752,423,662,913
00047859.jpg,536,183,750,422,665,913
00047860.jpg,535,183,749,422,665,913
00047861.jpg,534,180,748,419,665,913
00047862.jpg,534,180,748,419,665,913
00047863.jpg,534,175,748,414,665,913
00047864.jpg,534,171,748,410,-1,-1
00047865.jpg,541,187,752,418,-1,-1
00047866.jpg,541,187,752,418,-1,-1
00047867.jpg,541,187,752,418,-1,-1
00047868.jpg,540,183,751,414,-1,-1
00047869.jpg,539,179,750,410,-1,-1
00047870.jpg,539,175,750,406,-1,-1
00047871.jpg,539,173,750,404,-1,-1
00047872.jpg,539,172,750,403,-1,-1
00047873.jpg,540,170,751,401,-1,-1
00047874.jpg,542,168,753,399,-1,-1
00047875.jpg,543,171,751,409,1550,568
00047876.jpg,543,171,751,409,1200,133
00047877.jpg,543,171,751,409,1197,133
00047878.jpg,546,169,754,407,1197,133
00047879.jpg,549,166,757,404,1197,133
00047880.jpg,550,163,758,401,1197,133
00047881.jpg,552,159,760,397,1197,133
00047882.jpg,552,159,760,397,1197,133
00047883.jpg,551,157,759,395,1197,133
00047884.jpg,552,155,760,393,1197,133
00047885.jpg,551,155,759,393,1197,133
00047886.jpg,550,155,758,393,1197,133
00047887.jpg,549,156,757,394,1197,133
00047888.jpg,549,157,757,395,1197,133
00047889.jpg,549,157,757,395,-1,-1
00047890.jpg,550,157,758,395,-1,-1
00047891.jpg,549,158,757,396,-1,-1
00047892.jpg,549,158,757,396,-1,-1
00047893.jpg,549,158,757,396,-1,-1
00047894.jpg,548,158,756,396,-1,-1
00047895.jpg,546,157,754,395,-1,-1
00047896.jpg,545,156,753,394,-1,-1
00047897.jpg,545,156,753,394,-1,-1
00047898.jpg,543,155,751,393,-1,-1
00047899.jpg,542,153,750,391,-1,-1
00047900.jpg,540,152,748,390,-1,-1
00047901.jpg,539,150,747,388,-1,-1
00047902.jpg,538,151,746,389,-1,-1
00047903.jpg,537,149,745,387,-1,-1
00047904.jpg,535,149,743,387,-1,-1
00047905.jpg,532,148,740,386,-1,-1
00047906.jpg,529,148,737,386,-1,-1
00047907.jpg,529,148,737,386,-1,-1
00047908.jpg,525,148,733,386,-1,-1
00047909.jpg,523,146,731,384,-1,-1
00047910.jpg,520,146,728,384,-1,-1
00047911.jpg,516,145,724,383,-1,-1
00047912.jpg,516,146,724,384,-1,-1
00047913.jpg,512,145,720,383,-1,-1
00047914.jpg,507,145,715,383,-1,-1
00047915.jpg,503,145,711,383,-1,-1
00047916.jpg,499,144,707,382,-1,-1
00047917.jpg,499,144,707,382,-1,-1
00047918.jpg,494,144,702,382,-1,-1
00047919.jpg,491,145,699,383,-1,-1
00047920.jpg,488,146,696,384,-1,-1
00047921.jpg,486,146,694,384,-1,-1
00047922.jpg,485,146,693,384,-1,-1
00047923.jpg,483,147,691,385,-1,-1
00047924.jpg,482,147,690,385,-1,-1
00047925.jpg,480,148,688,386,-1,-1
00047926.jpg,480,148,688,386,-1,-1
00047927.jpg,480,148,688,386,-1,-1
00047928.jpg,480,148,688,386,-1,-1
00047929.jpg,480,148,688,386,-1,-1
00047930.jpg,481,148,689,386,-1,-1
00047931.jpg,481,148,689,386,-1,-1
00047932.jpg,482,148,690,386,-1,-1
00047933.jpg,484,147,692,385,-1,-1
00047934.jpg,486,147,694,385,-1,-1
00047935.jpg,489,147,697,385,-1,-1
00047936.jpg,493,146,701,384,-1,-1
00047937.jpg,493,146,701,384,-1,-1
00047938.jpg,496,145,704,383,-1,-1
00047939.jpg,499,145,707,383,-1,-1
00047940.jpg,502,145,710,383,-1,-1
00047941.jpg,506,144,714,382,-1,-1
00047942.jpg,506,143,714,381,-1,-1
00047943.jpg,509,143,717,381,-1,-1
00047944.jpg,513,142,721,380,-1,-1
00047945.jpg,516,142,724,380,-1,-1
00047946.jpg,520,141,728,379,-1,-1
00047947.jpg,520,141,728,379,-1,-1
00047948.jpg,524,142,732,380,-1,-1
00047949.jpg,527,142,735,380,-1,-1
00047950.jpg,530,142,738,380,-1,-1
00047951.jpg,533,143,741,381,-1,-1
00047952.jpg,533,143,741,381,-1,-1
00047953.jpg,536,143,744,381,-1,-1
00047954.jpg,538,144,746,382,-1,-1
00047955.jpg,540,144,748,382,-1,-1
00047956.jpg,542,144,750,382,-1,-1
00047957.jpg,542,144,750,382,-1,-1
00047958.jpg,544,143,752,381,-1,-1
00047959.jpg,545,144,753,382,-1,-1
00047960.jpg,547,143,755,381,-1,-1
00047961.jpg,548,143,756,381,-1,-1
00047962.jpg,549,142,757,380,-1,-1
00047963.jpg,550,142,758,380,-1,-1
00047964.jpg,551,142,759,380,-1,-1
00047965.jpg,551,142,759,380,-1,-1
00047966.jpg,551,142,759,380,-1,-1
00047967.jpg,552,141,760,379,-1,-1
00047968.jpg,552,141,760,379,1006,693
00047969.jpg,552,141,760,379,1006,693
00047970.jpg,552,141,760,379,1005,693
00047971.jpg,552,141,760,379,1002,693
00047972.jpg,552,141,760,379,1000,693
00047973.jpg,552,141,760,379,1000,693
00047974.jpg,553,141,761,379,1000,693
00047975.jpg,552,142,760,380,1000,693
00047976.jpg,552,142,760,380,1000,693
00047977.jpg,552,143,760,381,1001,693
00047978.jpg,552,143,760,381,1005,693
00047979.jpg,551,144,759,382,1005,693
00047980.jpg,551,144,759,382,1005,693
00047981.jpg,550,144,758,382,1008,693
00047982.jpg,550,144,758,382,1009,693
00047983.jpg,549,144,757,382,1012,693
00047984.jpg,548,145,756,383,1014,693
00047985.jpg,547,145,755,383,1016,693
00047986.jpg,547,145,755,383,1017,693
00047987.jpg,547,144,755,382,1018,693
00047988.jpg,547,144,755,382,1018,693
00047989.jpg,546,144,754,382,1020,694
00047990.jpg,546,144,754,382,1020,694
00047991.jpg,546,144,754,382,1020,694
00047992.jpg,545,144,753,382,1020,694
00047993.jpg,545,144,753,382,1020,694
00047994.jpg,545,143,753,381,1020,694
00047995.jpg,545,143,753,381,1020,694
00047996.jpg,545,143,753,381,1020,694
00047997.jpg,545,143,753,381,1020,694
00047998.jpg,544,143,752,381,1020,694
00047999.jpg,544,142,752,380,1020,694
00048000.jpg,543,141,751,379,1020,694
00048001.jpg,542,141,750,379,1020,694
00048002.jpg,542,140,750,378,1020,694
00048003.jpg,542,140,750,378,1020,694
00048004.jpg,541,140,749,378,1020,694
00048005.jpg,541,140,749,378,1020,694
00048006.jpg,541,140,749,378,1020,694
00048007.jpg,541,140,749,378,1020,694
00048008.jpg,541,140,749,378,1020,694
00048009.jpg,541,140,749,378,1020,694
00048010.jpg,541,140,749,378,1020,694
00048011.jpg,541,141,749,379,1020,694
00048012.jpg,541,141,749,379,1020,694
