00017566.jpg,683,34,1000,353,255,239
00017567.jpg,682,33,999,352,254,239
00017568.jpg,680,31,1000,353,254,239
00017569.jpg,679,32,1000,353,254,239
00017570.jpg,678,32,998,353,254,239
00017571.jpg,678,31,997,352,254,239
00017572.jpg,678,31,996,350,254,239
00017573.jpg,679,31,998,352,254,239
00017574.jpg,676,31,999,354,254,239
00017575.jpg,676,31,1000,354,254,239
00017576.jpg,677,31,999,354,254,239
00017577.jpg,676,31,1000,355,254,239
00017578.jpg,676,31,1000,354,254,239
00017579.jpg,676,30,1001,354,254,239
00017580.jpg,678,31,1000,355,254,239
00017581.jpg,679,30,1001,356,254,239
00017582.jpg,680,31,1002,356,254,239
00017583.jpg,680,31,1003,356,254,239
00017584.jpg,682,30,1003,355,254,239
00017585.jpg,682,31,1002,355,254,239
00017586.jpg,681,30,1004,356,254,239
00017587.jpg,680,31,1002,354,254,239
00017588.jpg,679,31,1002,353,254,239
00017589.jpg,679,31,1002,354,254,239
00017590.jpg,679,31,1002,355,254,239
00017591.jpg,678,31,1001,354,254,239
00017592.jpg,679,31,999,354,254,239
00017593.jpg,679,31,1000,354,254,239
00017594.jpg,677,30,999,354,254,239
00017595.jpg,677,30,1000,355,254,239
00017596.jpg,677,31,1000,355,254,239
00017597.jpg,678,31,999,354,254,239
00017598.jpg,679,31,999,355,254,239
00017599.jpg,678,31,1000,354,254,239
00017600.jpg,678,31,1000,354,254,239
00017601.jpg,678,31,1000,354,254,239
00017602.jpg,678,31,1000,355,254,239
00017603.jpg,678,31,1001,355,254,239
00017604.jpg,678,31,1001,355,254,239
00017605.jpg,677,30,1001,356,254,239
00017606.jpg,680,31,1000,353,254,239
00017607.jpg,680,31,1000,353,254,239
00017608.jpg,680,30,998,353,254,239
00017609.jpg,678,32,995,351,254,239
00017610.jpg,678,31,994,351,254,239
00017611.jpg,674,27,996,353,254,239
00017612.jpg,671,26,998,352,254,239
00017613.jpg,668,27,1000,351,254,239
00017614.jpg,666,25,999,350,254,239
00017615.jpg,667,27,994,347,254,239
00017616.jpg,668,28,994,347,254,239
00017617.jpg,669,27,998,349,254,239
00017618.jpg,668,27,1000,351,254,239
00017619.jpg,668,27,1000,350,254,239
00017620.jpg,669,27,1002,352,254,239
00017621.jpg,669,26,1003,353,254,239
00017622.jpg,670,27,1003,354,254,239
00017623.jpg,671,28,1001,353,254,239
00017624.jpg,671,27,1000,354,254,239
00017625.jpg,670,28,999,353,254,239
00017626.jpg,671,29,998,352,254,239
00017627.jpg,673,30,997,351,254,239
00017628.jpg,674,29,998,353,254,239
00017629.jpg,673,29,997,352,254,239
00017630.jpg,674,29,998,353,254,239
00017631.jpg,675,29,998,353,254,239
00017632.jpg,675,29,997,351,254,239
00017633.jpg,676,29,998,354,254,239
00017634.jpg,675,29,1000,354,254,239
00017635.jpg,675,29,1000,354,254,239
00017636.jpg,674,28,1001,355,254,239
00017637.jpg,674,28,1001,355,254,239
00017638.jpg,674,28,1001,355,254,239
00017639.jpg,675,28,1001,355,254,239
00017640.jpg,676,29,1001,356,254,239
00017641.jpg,676,31,1001,357,254,239
00017642.jpg,677,31,1002,354,254,239
00017643.jpg,677,31,1001,354,254,239
00017644.jpg,679,30,1001,355,254,239
00017645.jpg,678,30,1002,355,254,239
00017646.jpg,680,31,1003,356,254,239
00017647.jpg,680,30,1004,357,254,239
00017648.jpg,679,30,1003,355,254,239
00017649.jpg,680,28,1004,355,254,239
00017650.jpg,680,29,1003,355,254,239
00017651.jpg,682,29,1003,353,254,239
00017652.jpg,683,30,1002,354,254,239
00017653.jpg,683,29,1003,355,254,239
00017654.jpg,682,30,1004,355,254,239
00017655.jpg,682,31,1002,354,254,239
00017656.jpg,682,31,1003,355,254,239
00017657.jpg,683,30,1002,355,254,239
00017658.jpg,682,30,1002,355,254,239
00017659.jpg,683,31,1001,356,254,239
00017660.jpg,684,31,1003,354,254,239
00017661.jpg,685,31,1002,354,254,239
00017662.jpg,684,32,1003,354,254,239
00017663.jpg,684,32,1003,355,254,239
00017664.jpg,684,33,1000,353,254,239
00017665.jpg,683,33,1000,355,254,239
00017666.jpg,684,33,1001,355,254,239
00017667.jpg,684,33,1001,354,254,239
00017668.jpg,684,32,1002,354,254,239
00017669.jpg,683,32,1001,356,254,239
00017670.jpg,679,31,1002,355,254,239
00017671.jpg,679,32,1002,355,254,239
00017672.jpg,679,32,1003,355,254,239
00017673.jpg,680,32,1002,354,254,239
00017674.jpg,680,32,1004,355,254,239
00017675.jpg,680,31,1002,354,254,239
00017676.jpg,679,31,1002,354,254,239
00017677.jpg,679,31,1003,355,254,239
00017678.jpg,678,31,1005,356,254,239
00017679.jpg,678,31,1005,355,254,239
00017680.jpg,678,31,1005,356,254,239
00017681.jpg,678,30,1004,355,254,239
00017682.jpg,678,31,1005,354,254,239
00017683.jpg,678,31,1003,354,254,239
00017684.jpg,679,31,1004,355,254,239
00017685.jpg,678,31,1005,356,254,239
00017686.jpg,680,31,1004,357,254,239
00017687.jpg,680,31,1005,357,254,239
00017688.jpg,680,30,1006,358,254,239
00017689.jpg,679,32,1005,357,254,239
00017690.jpg,680,33,1004,356,254,239
00017691.jpg,681,33,1003,356,254,239
00017692.jpg,680,32,1003,356,254,239
00017693.jpg,686,37,1002,354,254,239
00017694.jpg,688,38,1004,353,254,239
00017695.jpg,691,41,1002,352,254,239
00017696.jpg,691,42,1004,352,254,239
00017697.jpg,692,43,1003,351,254,239
00017698.jpg,691,44,1003,350,254,239
00017699.jpg,692,43,1004,351,254,239
00017700.jpg,691,44,1004,353,254,239
00017701.jpg,691,44,1003,351,254,239
00017702.jpg,691,43,1003,352,254,239
00017703.jpg,692,43,1004,353,254,239
00017704.jpg,691,44,1005,355,254,239
00017705.jpg,692,46,1002,355,254,239
00017706.jpg,692,46,1002,355,254,239
00017707.jpg,692,46,1002,355,254,239
00017708.jpg,692,46,1002,355,254,239
00017709.jpg,692,46,1002,355,254,239
00017710.jpg,692,47,1002,356,254,239
00017711.jpg,692,47,1002,356,254,239
00017712.jpg,692,47,1002,356,254,239
00017713.jpg,692,48,1002,357,254,239
00017714.jpg,692,48,1002,357,254,239
00017715.jpg,692,49,1002,358,254,239
00017716.jpg,692,49,1002,358,254,239
00017717.jpg,692,49,1002,358,254,239
00017718.jpg,692,50,1002,359,254,239
00017719.jpg,692,50,1002,359,254,239
00017720.jpg,692,50,1002,359,254,239
00017721.jpg,692,50,1002,359,254,239
00017722.jpg,692,50,1002,359,254,239
00017723.jpg,692,50,1002,359,254,239
00017724.jpg,692,50,1002,359,254,239
00017725.jpg,692,50,1002,359,254,239
00017726.jpg,692,50,1002,359,254,239
00017727.jpg,692,50,1002,359,254,239
00017728.jpg,692,50,1002,359,254,239
00017729.jpg,687,60,996,386,254,239
00017730.jpg,688,66,1003,385,254,239
00017731.jpg,687,67,1003,385,254,239
00017732.jpg,688,67,1002,385,254,239
00017733.jpg,688,67,1002,385,254,239
00017734.jpg,684,66,1002,386,-1,-1
00017735.jpg,685,66,1001,384,-1,-1
00017736.jpg,689,68,998,384,-1,-1
00017737.jpg,690,67,997,385,-1,-1
00017738.jpg,694,65,999,387,-1,-1
00017739.jpg,694,62,1002,387,-1,-1
00017740.jpg,693,62,1004,385,-1,-1
00017741.jpg,695,61,1005,386,-1,-1
00017742.jpg,694,59,1007,389,-1,-1
00017743.jpg,695,60,1010,386,-1,-1
00017744.jpg,695,61,1011,385,-1,-1
00017745.jpg,699,61,1012,387,-1,-1
00017746.jpg,700,62,1012,388,-1,-1
00017747.jpg,697,62,1009,387,-1,-1
00017748.jpg,697,63,1008,387,-1,-1
00017749.jpg,699,64,1004,390,-1,-1
00017750.jpg,697,63,1008,392,-1,-1
00017751.jpg,700,63,1009,391,-1,-1
00017752.jpg,702,63,1011,395,-1,-1
00017753.jpg,703,62,1013,395,-1,-1
00017754.jpg,709,65,1011,392,-1,-1
00017755.jpg,708,66,1013,392,-1,-1
00017756.jpg,708,67,1012,390,-1,-1
00017757.jpg,708,69,1012,390,-1,-1
00017758.jpg,707,68,1013,390,-1,-1
00017759.jpg,707,68,1014,391,-1,-1
00017760.jpg,708,69,1011,389,-1,-1
00017761.jpg,708,69,1011,390,-1,-1
00017762.jpg,709,69,1011,391,-1,-1
00017763.jpg,709,68,1011,393,-1,-1
00017764.jpg,708,68,1012,393,-1,-1
00017765.jpg,709,67,1012,394,-1,-1
00017766.jpg,707,67,1014,395,-1,-1
00017767.jpg,707,68,1012,396,-1,-1
00017768.jpg,707,67,1013,396,-1,-1
00017769.jpg,707,67,1012,395,-1,-1
00017770.jpg,709,69,1013,392,-1,-1
00017771.jpg,709,68,1012,391,-1,-1
00017772.jpg,710,69,1010,389,-1,-1
00017773.jpg,711,71,1010,386,-1,-1
00017774.jpg,710,72,1008,387,-1,-1
00017775.jpg,711,71,1007,386,-1,-1
00017776.jpg,708,70,1010,389,-1,-1
00017777.jpg,708,71,1010,390,-1,-1
00017778.jpg,710,72,1008,387,-1,-1
00017779.jpg,711,72,1009,386,-1,-1
00017780.jpg,710,72,1009,385,-1,-1
00017781.jpg,710,71,1009,387,-1,-1
00017782.jpg,710,71,1007,389,-1,-1
00017783.jpg,709,69,1008,390,-1,-1
00017784.jpg,708,69,1007,391,-1,-1
00017785.jpg,709,70,1006,387,-1,-1
00017786.jpg,707,69,1007,388,-1,-1
00017787.jpg,706,69,1009,389,-1,-1
00017788.jpg,708,69,1008,389,-1,-1
00017789.jpg,711,70,1007,390,-1,-1
00017790.jpg,713,70,1006,390,-1,-1
00017791.jpg,711,68,1007,391,-1,-1
00017792.jpg,714,71,1004,390,-1,-1
00017793.jpg,714,69,1005,390,-1,-1
00017794.jpg,715,72,1002,387,-1,-1
00017795.jpg,714,71,1002,387,-1,-1
00017796.jpg,712,72,1002,387,-1,-1
00017797.jpg,711,72,1002,387,-1,-1
00017798.jpg,711,71,1001,387,-1,-1
00017799.jpg,710,70,1001,386,-1,-1
00017800.jpg,712,71,999,384,-1,-1
00017801.jpg,713,70,999,384,-1,-1
00017802.jpg,714,72,998,383,-1,-1
00017803.jpg,713,71,999,384,-1,-1
00017804.jpg,713,71,1002,386,-1,-1
00017805.jpg,714,72,1000,386,-1,-1
00017806.jpg,713,72,999,386,-1,-1
00017807.jpg,712,71,999,386,-1,-1
00017808.jpg,710,72,998,387,-1,-1
00017809.jpg,712,72,996,385,-1,-1
00017810.jpg,710,71,997,387,-1,-1
00017811.jpg,709,71,998,388,-1,-1
00017812.jpg,706,69,997,388,-1,-1
00017813.jpg,705,68,995,391,-1,-1
00017814.jpg,704,67,998,391,-1,-1
00017815.jpg,702,64,1000,394,-1,-1
00017816.jpg,702,64,1000,392,-1,-1
00017817.jpg,703,65,1000,393,-1,-1
00017818.jpg,703,65,1000,392,-1,-1
00017819.jpg,703,66,1000,392,-1,-1
00017820.jpg,705,68,1000,389,-1,-1
00017821.jpg,705,68,1001,389,-1,-1
00017822.jpg,704,67,999,389,-1,-1
00017823.jpg,704,67,1000,390,-1,-1
00017824.jpg,705,68,999,389,-1,-1
00017825.jpg,703,68,1000,390,-1,-1
00017826.jpg,704,69,1000,390,-1,-1
00017827.jpg,703,67,1001,391,-1,-1
00017828.jpg,703,67,1001,389,-1,-1
00017829.jpg,704,68,1000,391,-1,-1
00017830.jpg,704,69,1000,388,-1,-1
00017831.jpg,703,67,1000,389,-1,-1
00017832.jpg,703,67,1000,389,-1,-1
00017833.jpg,703,66,1000,388,-1,-1
00017834.jpg,703,66,1000,388,-1,-1
00017835.jpg,704,64,996,391,-1,-1
00017836.jpg,704,63,996,393,-1,-1
00017837.jpg,703,64,1000,386,-1,-1
00017838.jpg,703,64,1000,386,-1,-1
00017839.jpg,703,64,993,394,-1,-1
00017840.jpg,701,63,993,395,-1,-1
00017841.jpg,700,64,991,395,-1,-1
00017842.jpg,699,65,990,395,-1,-1
00017843.jpg,698,65,991,396,-1,-1
00017844.jpg,697,64,992,394,-1,-1
00017845.jpg,701,60,998,382,-1,-1
00017846.jpg,700,59,997,381,-1,-1
00017847.jpg,700,58,997,380,-1,-1
00017848.jpg,699,56,996,378,-1,-1
00017849.jpg,699,55,996,377,-1,-1
00017850.jpg,698,53,995,375,-1,-1
00017851.jpg,698,52,995,374,-1,-1
00017852.jpg,697,50,994,372,-1,-1
00017853.jpg,697,49,994,371,-1,-1
00017854.jpg,696,47,993,369,-1,-1
00017855.jpg,696,46,993,368,-1,-1
00017856.jpg,696,44,993,366,-1,-1
00017857.jpg,702,53,1003,394,-1,-1
00017858.jpg,702,53,1003,394,-1,-1
00017859.jpg,702,52,1003,393,-1,-1
00017860.jpg,702,50,1003,391,-1,-1
00017861.jpg,702,49,1003,390,-1,-1
00017862.jpg,701,47,1002,388,-1,-1
00017863.jpg,701,46,1002,387,-1,-1
00017864.jpg,701,45,1002,386,-1,-1
00017865.jpg,700,43,1001,384,-1,-1
00017866.jpg,700,42,1001,383,-1,-1
00017867.jpg,700,41,1001,382,-1,-1
00017868.jpg,700,40,1001,381,-1,-1
00017869.jpg,700,39,1001,380,-1,-1
00017870.jpg,700,38,1001,379,-1,-1
00017871.jpg,700,37,1001,378,-1,-1
00017872.jpg,700,37,1001,378,-1,-1
00017873.jpg,700,36,1001,377,-1,-1
00017874.jpg,700,36,1001,377,-1,-1
00017875.jpg,700,35,1001,376,-1,-1
00017876.jpg,700,35,1001,376,-1,-1
00017877.jpg,701,35,1002,376,-1,-1
00017878.jpg,701,34,1002,375,-1,-1
00017879.jpg,701,34,1002,375,-1,-1
00017880.jpg,702,34,1003,375,-1,-1
00017881.jpg,702,34,1003,375,-1,-1
00017882.jpg,702,34,1003,375,-1,-1
00017883.jpg,702,34,1003,375,-1,-1
00017884.jpg,702,34,1003,375,-1,-1
00017885.jpg,703,33,1004,374,-1,-1
00017886.jpg,703,33,1004,374,-1,-1
00017887.jpg,704,33,1005,374,-1,-1
00017888.jpg,704,32,1005,373,-1,-1
00017889.jpg,704,32,1005,373,-1,-1
00017890.jpg,704,32,1005,373,-1,-1
00017891.jpg,704,31,1005,372,-1,-1
00017892.jpg,704,31,1005,372,-1,-1
00017893.jpg,705,31,1006,372,-1,-1
00017894.jpg,705,31,1006,372,-1,-1
00017895.jpg,704,30,1005,371,-1,-1
00017896.jpg,704,30,1005,371,-1,-1
00017897.jpg,704,30,1005,371,-1,-1
00017898.jpg,704,30,1005,371,-1,-1
00017899.jpg,704,30,1005,371,-1,-1
00017900.jpg,704,30,1005,371,-1,-1
00017901.jpg,704,30,1005,371,-1,-1
00017902.jpg,704,30,1005,371,336,306
00017903.jpg,703,30,1004,371,242,264
00017904.jpg,703,30,1004,371,242,264
00017905.jpg,703,30,1004,371,242,264
00017906.jpg,703,30,1004,371,242,264
00017907.jpg,703,30,1004,371,242,264
00017908.jpg,703,30,1004,371,242,264
00017909.jpg,703,30,1004,371,242,264
00017910.jpg,703,28,1004,369,242,264
00017911.jpg,703,28,1004,369,242,264
