00082243.jpg,451,26,563,141,260,104
00082244.jpg,439,23,551,138,257,104
00082245.jpg,427,23,539,138,250,104
00082246.jpg,419,25,531,140,245,102
00082247.jpg,414,28,526,143,234,100
00082248.jpg,408,30,520,145,230,99
00082249.jpg,401,29,513,144,226,98
00082250.jpg,394,28,506,143,222,100
00082251.jpg,389,25,501,140,219,100
00082252.jpg,385,23,497,138,-1,-1
00082253.jpg,382,21,494,136,-1,-1
00082254.jpg,378,21,490,136,-1,-1
00082255.jpg,374,21,486,136,523,110
00082256.jpg,371,19,481,136,526,109
00082257.jpg,371,19,481,136,529,109
00082258.jpg,367,19,477,136,533,108
00082259.jpg,362,19,472,136,537,110
00082260.jpg,357,19,467,136,538,110
00082261.jpg,353,18,463,135,500,272
00082262.jpg,348,18,458,135,506,272
00082263.jpg,344,18,454,135,514,274
00082264.jpg,341,18,451,135,518,270
00082265.jpg,338,18,448,135,520,270
00082266.jpg,336,18,446,135,524,268
00082267.jpg,334,18,444,135,529,268
00082268.jpg,333,18,443,135,534,268
00082269.jpg,332,17,442,134,564,126
00082270.jpg,333,17,443,134,569,126
00082271.jpg,334,17,444,134,573,127
00082272.jpg,336,17,446,134,578,126
00082273.jpg,337,17,447,134,584,128
00082274.jpg,339,18,449,135,577,276
00082275.jpg,339,18,449,135,-1,-1
