00002850.jpg,677,223,812,360,726,572
00002851.jpg,677,223,812,360,726,572
00002852.jpg,668,228,801,363,716,571
00002853.jpg,668,228,801,363,707,574
00002854.jpg,661,232,794,367,701,567
00002855.jpg,661,232,794,367,694,567
00002856.jpg,633,230,782,373,693,566
00002857.jpg,633,230,782,373,682,562
00002858.jpg,626,229,775,372,665,513
00002859.jpg,594,226,748,366,660,510
00002860.jpg,594,226,748,366,660,510
00002861.jpg,592,224,746,364,657,509
00002862.jpg,590,225,744,365,648,509
00002863.jpg,584,208,743,368,647,505
00002864.jpg,584,208,743,368,639,504
00002865.jpg,584,208,743,368,639,504
00002866.jpg,586,211,745,371,632,497
00002867.jpg,588,211,747,371,636,492
00002868.jpg,592,210,751,370,648,465
00002869.jpg,596,207,755,367,645,461
00002870.jpg,596,207,755,367,644,458
00002871.jpg,602,203,761,363,644,452
00002872.jpg,604,198,763,358,640,442
00002873.jpg,609,188,780,356,628,429
00002874.jpg,609,188,780,356,663,394
00002875.jpg,609,188,780,356,663,392
00002876.jpg,632,184,808,352,656,392
00002877.jpg,652,185,820,349,659,392
00002878.jpg,652,185,820,349,659,393
00002879.jpg,666,180,835,349,659,393
00002880.jpg,666,180,835,349,659,393
00002881.jpg,668,177,837,346,656,401
00002882.jpg,669,172,838,341,647,392
00002883.jpg,667,170,836,339,636,394
00002884.jpg,664,166,833,335,623,388
00002885.jpg,664,166,833,335,623,388
00002886.jpg,660,162,829,331,619,388
00002887.jpg,658,159,827,328,613,390
00002888.jpg,656,157,825,326,613,390
00002889.jpg,645,149,824,328,600,378
00002890.jpg,645,149,824,328,597,378
00002891.jpg,640,146,819,325,597,378
00002892.jpg,637,144,816,323,597,378
00002893.jpg,633,141,812,320,584,378
00002894.jpg,620,135,796,302,580,366
00002895.jpg,620,135,796,302,577,368
00002896.jpg,617,132,793,299,569,372
00002897.jpg,617,130,793,297,569,372
00002898.jpg,610,126,785,292,577,372
00002899.jpg,610,126,785,292,581,372
00002900.jpg,610,126,785,292,585,372
00002901.jpg,609,123,784,289,589,372
00002902.jpg,609,120,784,286,600,370
00002903.jpg,603,117,778,283,604,368
00002904.jpg,579,122,765,281,616,354
00002905.jpg,579,122,765,281,613,356
00002906.jpg,578,120,764,279,605,356
00002907.jpg,570,120,756,279,612,360
00002908.jpg,575,124,744,283,479,557
00002909.jpg,575,124,744,283,483,557
00002910.jpg,575,124,744,283,481,560
00002911.jpg,572,122,741,281,480,550
00002912.jpg,568,121,737,280,483,550
00002913.jpg,567,121,736,280,483,553
00002914.jpg,566,122,735,281,483,549
00002915.jpg,566,122,735,281,483,550
00002916.jpg,565,123,733,278,481,554
00002917.jpg,565,123,733,278,484,552
00002918.jpg,569,123,737,278,489,549
00002919.jpg,571,123,739,278,495,546
00002920.jpg,571,123,739,278,492,554
00002921.jpg,571,122,739,277,503,549
00002922.jpg,570,119,738,274,508,546
00002923.jpg,567,116,735,271,508,541
00002924.jpg,564,113,732,268,508,541
00002925.jpg,564,113,732,268,507,541
00002926.jpg,573,119,732,277,507,541
00002927.jpg,573,119,732,277,507,541
00002928.jpg,570,120,729,278,507,540
00002929.jpg,565,122,724,280,507,537
00002930.jpg,565,122,724,280,507,537
00002931.jpg,558,127,717,285,507,537
00002932.jpg,551,130,710,288,507,537
00002933.jpg,544,132,703,290,507,537
00002934.jpg,545,147,691,286,507,537
00002935.jpg,545,147,691,286,507,537
00002936.jpg,540,146,686,285,511,532
00002937.jpg,531,146,677,285,519,518
00002938.jpg,527,145,673,284,512,509
00002939.jpg,522,151,665,295,500,502
00002940.jpg,522,151,665,295,500,502
00002941.jpg,519,152,662,296,500,502
00002942.jpg,517,152,660,296,500,494
00002943.jpg,514,153,657,297,500,494
00002944.jpg,514,153,657,297,500,494
00002945.jpg,512,154,655,298,496,494
00002946.jpg,508,155,651,299,496,494
00002947.jpg,504,158,647,302,497,493
00002948.jpg,500,161,664,318,497,493
00002949.jpg,500,161,664,318,497,493
00002950.jpg,500,160,664,317,497,493
00002951.jpg,502,158,666,315,497,493
00002952.jpg,504,156,668,313,496,508
00002953.jpg,496,142,664,296,496,508
00002954.jpg,496,142,664,296,496,508
00002955.jpg,500,141,668,295,507,536
00002956.jpg,506,141,674,295,513,528
00002957.jpg,495,134,663,288,476,660
00002958.jpg,515,130,691,311,476,660
00002959.jpg,515,130,691,311,479,658
00002960.jpg,519,130,695,311,480,658
00002961.jpg,516,125,692,306,480,658
00002962.jpg,524,122,700,303,480,658
00002963.jpg,525,120,701,301,480,658
00002964.jpg,525,120,701,301,480,658
00002965.jpg,548,118,721,291,480,658
00002966.jpg,548,118,721,291,480,658
00002967.jpg,552,118,725,291,480,658
00002968.jpg,554,118,727,291,480,658
00002969.jpg,554,118,727,291,481,658
00002970.jpg,555,118,728,291,483,658
00002971.jpg,557,118,730,291,483,658
00002972.jpg,558,119,731,292,483,658
00002973.jpg,560,120,733,293,483,658
00002974.jpg,560,120,733,293,483,658
00002975.jpg,562,120,735,293,483,658
00002976.jpg,564,120,737,293,483,658
00002977.jpg,566,118,739,291,516,654
00002978.jpg,566,117,739,290,519,654
00002979.jpg,566,117,739,290,519,654
00002980.jpg,565,117,738,290,540,645
00002981.jpg,564,117,737,290,540,645
00002982.jpg,560,118,733,291,540,645
00002983.jpg,556,119,729,292,540,645
00002984.jpg,556,119,729,292,540,629
00002985.jpg,554,120,727,293,540,629
00002986.jpg,553,121,726,294,531,625
00002987.jpg,551,120,724,293,532,626
00002988.jpg,550,119,723,292,532,625
00002989.jpg,550,119,723,292,533,626
00002990.jpg,550,117,723,290,535,622
00002991.jpg,552,115,725,288,676,602
00002992.jpg,553,114,726,287,677,601
00002993.jpg,569,108,744,300,681,602
00002994.jpg,569,108,744,300,687,602
00002995.jpg,568,108,743,300,688,602
00002996.jpg,566,108,741,300,687,598
00002997.jpg,564,106,739,298,684,600
00002998.jpg,562,106,737,298,684,598
00002999.jpg,562,106,737,298,684,598
00003000.jpg,559,105,734,297,684,598
00003001.jpg,575,106,751,281,684,598
00003002.jpg,575,106,751,281,683,593
00003003.jpg,572,107,748,282,683,593
00003004.jpg,572,107,748,282,681,592
00003005.jpg,569,107,745,282,681,592
00003006.jpg,568,105,744,280,681,592
00003007.jpg,567,105,743,280,680,590
00003008.jpg,567,104,743,279,679,590
00003009.jpg,567,104,743,279,677,590
00003010.jpg,581,113,737,282,677,590
00003011.jpg,581,113,737,282,677,590
00003012.jpg,581,113,737,282,677,590
00003013.jpg,580,112,736,281,677,590
00003014.jpg,580,112,736,281,677,590
00003015.jpg,578,111,734,280,677,590
00003016.jpg,563,112,744,300,677,589
00003017.jpg,563,112,744,300,677,589
00003018.jpg,563,112,744,300,677,589
00003019.jpg,563,112,744,300,677,589
00003020.jpg,562,114,743,302,677,589
00003021.jpg,562,116,743,304,679,592
00003022.jpg,561,117,742,305,679,592
00003023.jpg,560,110,741,298,687,264
00003024.jpg,560,110,741,298,687,262
00003025.jpg,559,108,740,296,692,262
00003026.jpg,558,105,735,279,696,261
00003027.jpg,558,105,735,279,701,258
00003028.jpg,557,104,734,278,708,258
00003029.jpg,557,104,734,278,711,258
00003030.jpg,559,104,736,278,-1,-1
00003031.jpg,559,104,736,278,-1,-1
00003032.jpg,560,105,737,279,-1,-1
00003033.jpg,540,100,704,271,-1,-1
00003034.jpg,540,100,704,271,-1,-1
00003035.jpg,538,99,702,270,480,473
00003036.jpg,537,99,701,270,480,473
00003037.jpg,534,99,698,270,480,473
00003038.jpg,511,98,695,267,480,473
00003039.jpg,511,98,695,267,480,473
00003040.jpg,509,98,693,267,480,473
00003041.jpg,509,98,693,267,477,473
00003042.jpg,501,101,685,270,477,473
00003043.jpg,498,102,682,271,477,473
00003044.jpg,498,102,682,271,477,473
00003045.jpg,494,100,678,269,477,473
00003046.jpg,489,103,673,272,477,473
00003047.jpg,507,95,691,264,477,473
00003048.jpg,487,104,671,273,475,473
00003049.jpg,486,104,670,273,473,473
00003050.jpg,487,101,662,265,473,473
00003051.jpg,487,101,662,265,473,473
00003052.jpg,487,101,662,265,473,473
00003053.jpg,489,99,664,263,473,473
00003054.jpg,489,99,664,263,473,473
00003055.jpg,492,97,667,261,473,473
00003056.jpg,499,109,653,253,473,473
00003057.jpg,499,109,653,253,473,473
00003058.jpg,501,107,655,251,473,473
00003059.jpg,501,107,655,251,473,473
00003060.jpg,504,106,658,250,473,473
00003061.jpg,507,105,661,249,480,470
00003062.jpg,508,104,662,248,480,470
00003063.jpg,509,103,663,247,485,464
00003064.jpg,509,103,663,247,485,464
00003065.jpg,508,105,662,249,485,464
00003066.jpg,506,106,660,250,485,464
00003067.jpg,505,107,659,251,485,464
00003068.jpg,505,109,659,253,485,464
00003069.jpg,505,109,659,253,485,464
00003070.jpg,504,109,658,253,485,464
00003071.jpg,501,106,655,250,485,464
00003072.jpg,499,107,653,251,485,464
00003073.jpg,500,107,654,251,485,464
00003074.jpg,500,107,654,251,485,464
00003075.jpg,504,112,658,256,485,464
00003076.jpg,502,109,656,253,485,461
00003077.jpg,502,108,656,252,485,461
00003078.jpg,501,107,655,251,485,460
00003079.jpg,501,107,655,251,485,460
00003080.jpg,502,108,656,252,485,460
00003081.jpg,502,107,656,251,485,458
00003082.jpg,503,107,657,251,489,458
00003083.jpg,507,107,661,251,497,458
00003084.jpg,507,107,661,251,497,458
00003085.jpg,512,105,666,249,497,458
00003086.jpg,516,103,670,247,497,458
00003087.jpg,518,102,672,246,488,456
00003088.jpg,523,100,677,244,487,456
00003089.jpg,523,100,677,244,487,456
00003090.jpg,526,99,680,243,487,456
00003091.jpg,527,95,681,239,487,456
00003092.jpg,528,94,686,230,487,456
00003093.jpg,528,94,686,230,487,456
00003094.jpg,528,94,686,230,485,456
00003095.jpg,528,93,686,229,484,454
00003096.jpg,527,91,685,227,484,454
00003097.jpg,526,89,684,225,481,450
00003098.jpg,526,89,684,225,481,450
00003099.jpg,526,89,684,225,481,450
00003100.jpg,529,88,687,224,481,441
00003101.jpg,527,89,685,225,481,441
00003102.jpg,529,89,687,225,481,441
00003103.jpg,537,88,695,224,481,441
00003104.jpg,537,88,695,224,481,441
00003105.jpg,541,87,699,223,481,441
00003106.jpg,544,86,702,222,481,441
00003107.jpg,544,87,702,223,481,441
00003108.jpg,545,88,703,224,481,441
00003109.jpg,545,88,703,224,481,441
00003110.jpg,541,70,706,240,481,441
00003111.jpg,541,70,706,240,481,441
00003112.jpg,542,71,707,241,481,441
00003113.jpg,542,71,707,241,481,441
00003114.jpg,542,71,707,241,481,441
00003115.jpg,549,71,714,241,481,441
00003116.jpg,549,71,714,241,481,441
00003117.jpg,551,70,716,240,481,441
00003118.jpg,553,70,718,240,481,441
00003119.jpg,553,70,718,240,481,441
00003120.jpg,553,70,718,240,481,441
