00002850.jpg,553,173,669,279,623,401
00002851.jpg,553,173,669,279,623,401
00002852.jpg,551,177,655,287,623,401
00002853.jpg,551,177,655,287,623,401
00002854.jpg,543,182,647,292,601,412
00002855.jpg,543,182,647,292,601,412
00002856.jpg,533,186,637,296,591,412
00002857.jpg,523,189,627,299,589,414
00002858.jpg,513,189,617,299,575,417
00002859.jpg,505,188,609,298,561,418
00002860.jpg,496,192,600,299,561,418
00002861.jpg,496,192,600,299,553,418
00002862.jpg,488,193,592,300,551,418
00002863.jpg,482,194,586,301,533,420
00002864.jpg,474,197,578,304,536,418
00002865.jpg,474,197,578,304,536,421
00002866.jpg,468,201,572,308,528,424
00002867.jpg,463,205,567,312,528,424
00002868.jpg,459,209,563,316,521,433
00002869.jpg,453,211,557,318,516,434
00002870.jpg,453,211,557,318,512,437
00002871.jpg,448,210,552,317,505,437
00002872.jpg,441,207,545,314,500,430
00002873.jpg,437,205,541,312,500,430
00002874.jpg,434,203,538,310,497,430
00002875.jpg,434,203,538,310,497,430
00002876.jpg,433,205,537,312,493,430
00002877.jpg,433,207,537,314,493,430
00002878.jpg,432,207,536,314,493,430
00002879.jpg,431,206,535,313,493,430
00002880.jpg,431,205,535,312,493,430
00002881.jpg,429,204,533,311,493,430
00002882.jpg,424,201,528,308,493,430
00002883.jpg,418,198,522,305,476,421
00002884.jpg,412,194,516,301,477,418
00002885.jpg,412,194,516,301,471,418
00002886.jpg,406,189,510,296,471,409
00002887.jpg,403,187,507,294,465,409
00002888.jpg,400,184,504,291,464,410
00002889.jpg,397,182,501,289,464,410
00002890.jpg,397,182,501,289,459,412
00002891.jpg,392,179,496,286,457,406
00002892.jpg,389,176,493,283,455,401
00002893.jpg,385,174,489,281,449,400
00002894.jpg,382,173,486,280,449,396
00002895.jpg,382,173,486,280,445,398
00002896.jpg,380,172,484,279,445,398
00002897.jpg,380,170,484,277,445,398
00002898.jpg,380,167,484,274,449,394
00002899.jpg,382,165,486,272,449,393
00002900.jpg,382,165,486,272,447,386
00002901.jpg,383,163,487,270,447,386
00002902.jpg,385,160,489,267,447,386
00002903.jpg,388,159,492,266,447,386
00002904.jpg,389,157,493,264,447,385
00002905.jpg,389,157,493,264,447,385
00002906.jpg,390,157,494,264,447,385
00002907.jpg,390,157,494,264,447,385
00002908.jpg,390,155,494,262,451,380
00002909.jpg,389,152,493,259,452,376
00002910.jpg,389,152,493,259,452,376
00002911.jpg,389,150,493,257,452,376
00002912.jpg,390,149,494,256,453,374
00002913.jpg,393,147,497,254,453,372
00002914.jpg,395,147,499,254,453,372
00002915.jpg,395,147,499,254,459,370
00002916.jpg,399,147,503,254,459,370
00002917.jpg,404,148,508,255,459,368
00002918.jpg,410,147,514,254,459,368
00002919.jpg,413,142,517,249,472,366
00002920.jpg,413,142,517,249,472,366
00002921.jpg,416,134,520,241,472,366
00002922.jpg,418,131,522,238,475,366
00002923.jpg,418,127,522,234,477,364
00002924.jpg,410,116,523,230,480,362
00002925.jpg,410,116,523,230,480,361
00002926.jpg,409,112,522,226,480,361
00002927.jpg,409,107,522,221,480,361
00002928.jpg,409,105,522,219,480,361
00002929.jpg,410,105,523,219,481,358
00002930.jpg,410,105,523,219,481,358
00002931.jpg,410,106,523,220,481,358
00002932.jpg,410,108,523,222,481,358
00002933.jpg,410,110,523,224,481,358
00002934.jpg,409,110,522,224,481,358
00002935.jpg,409,110,522,224,481,358
00002936.jpg,407,112,520,226,481,358
00002937.jpg,404,112,517,226,481,358
00002938.jpg,401,112,514,226,481,358
00002939.jpg,399,112,512,226,481,356
00002940.jpg,399,112,512,226,481,356
00002941.jpg,397,113,510,227,475,354
00002942.jpg,394,114,507,228,472,354
00002943.jpg,390,115,503,229,461,356
00002944.jpg,390,115,503,229,461,356
00002945.jpg,387,117,500,231,461,356
00002946.jpg,383,118,496,232,461,356
00002947.jpg,380,120,493,234,457,358
00002948.jpg,377,121,490,235,457,358
00002949.jpg,370,132,478,245,452,360
00002950.jpg,370,132,478,245,448,362
00002951.jpg,367,131,475,244,448,362
00002952.jpg,365,130,473,243,448,362
00002953.jpg,362,129,470,242,448,362
00002954.jpg,362,129,470,242,448,362
00002955.jpg,361,128,469,241,448,362
00002956.jpg,360,127,468,240,445,362
00002957.jpg,361,127,469,240,445,362
00002958.jpg,361,126,469,239,437,361
00002959.jpg,361,126,469,239,437,358
00002960.jpg,361,124,469,237,437,358
00002961.jpg,361,122,469,235,439,357
00002962.jpg,363,121,471,234,439,353
00002963.jpg,364,120,472,233,440,350
00002964.jpg,364,120,472,233,440,350
00002965.jpg,366,121,474,234,440,350
00002966.jpg,368,123,476,236,440,350
00002967.jpg,371,123,479,236,440,350
00002968.jpg,373,123,481,236,441,350
00002969.jpg,373,123,481,236,453,352
00002970.jpg,372,123,480,236,453,352
00002971.jpg,370,123,478,236,453,352
00002972.jpg,375,112,484,246,453,352
00002973.jpg,375,112,484,246,453,352
00002974.jpg,375,112,484,246,453,352
00002975.jpg,376,112,485,246,453,352
00002976.jpg,379,111,488,245,453,352
00002977.jpg,381,109,490,243,457,352
00002978.jpg,375,106,495,232,457,352
00002979.jpg,375,106,495,232,457,352
00002980.jpg,373,106,493,232,457,352
00002981.jpg,371,106,491,232,459,352
00002982.jpg,368,106,488,232,459,349
00002983.jpg,366,107,486,233,455,345
00002984.jpg,366,107,486,233,455,345
00002985.jpg,364,107,484,233,455,345
00002986.jpg,361,113,481,237,455,345
00002987.jpg,361,113,481,237,453,345
00002988.jpg,359,113,479,237,451,345
00002989.jpg,359,113,479,237,451,345
00002990.jpg,358,111,478,235,447,346
00002991.jpg,358,109,478,233,447,346
00002992.jpg,359,108,479,232,447,346
00002993.jpg,359,107,479,231,447,346
00002994.jpg,359,107,479,231,447,346
00002995.jpg,357,106,477,230,447,346
00002996.jpg,355,105,475,229,447,346
00002997.jpg,352,104,472,228,447,346
00002998.jpg,349,103,469,227,447,346
00002999.jpg,349,103,469,227,440,348
00003000.jpg,346,103,466,227,440,348
00003001.jpg,342,103,462,227,440,348
00003002.jpg,337,103,457,227,420,345
00003003.jpg,334,103,454,227,419,344
00003004.jpg,334,103,454,227,416,338
00003005.jpg,331,102,451,226,409,344
00003006.jpg,335,102,451,236,409,344
00003007.jpg,335,102,451,236,409,344
00003008.jpg,336,101,452,235,409,344
00003009.jpg,336,101,452,235,409,344
00003010.jpg,335,99,451,233,409,344
00003011.jpg,334,98,450,232,409,344
00003012.jpg,334,98,450,232,409,344
00003013.jpg,333,97,449,231,409,344
00003014.jpg,335,99,434,213,409,344
00003015.jpg,335,99,434,213,409,344
00003016.jpg,333,99,432,213,409,344
00003017.jpg,333,100,432,214,409,344
00003018.jpg,333,101,432,215,407,342
00003019.jpg,333,101,432,215,404,342
00003020.jpg,332,103,431,217,404,342
00003021.jpg,332,105,431,219,404,342
00003022.jpg,331,106,430,220,404,342
00003023.jpg,330,107,429,221,404,342
00003024.jpg,330,107,429,221,404,342
00003025.jpg,328,106,427,220,404,342
00003026.jpg,327,105,426,219,404,342
00003027.jpg,327,104,426,218,404,342
00003028.jpg,327,103,426,217,401,338
00003029.jpg,327,103,426,217,401,338
00003030.jpg,328,102,427,216,401,338
00003031.jpg,328,103,427,217,401,338
00003032.jpg,329,103,428,217,401,338
00003033.jpg,322,110,433,223,401,338
00003034.jpg,322,110,433,223,401,338
00003035.jpg,321,110,432,223,401,338
00003036.jpg,318,109,429,222,401,338
00003037.jpg,316,109,427,222,401,338
00003038.jpg,314,109,425,222,401,338
00003039.jpg,314,109,425,222,401,338
00003040.jpg,309,109,420,222,401,338
00003041.jpg,309,108,420,221,399,334
00003042.jpg,312,109,423,222,399,334
00003043.jpg,312,109,423,222,399,334
00003044.jpg,312,109,423,222,392,332
00003045.jpg,311,109,422,222,392,332
00003046.jpg,311,109,422,222,392,332
00003047.jpg,310,108,421,221,391,330
00003048.jpg,311,107,422,220,391,330
00003049.jpg,311,107,422,220,391,330
00003050.jpg,311,107,422,220,391,330
00003051.jpg,312,107,423,220,391,330
00003052.jpg,313,105,424,218,391,330
00003053.jpg,311,96,434,218,391,330
00003054.jpg,311,96,434,218,391,330
00003055.jpg,313,93,436,215,393,326
00003056.jpg,316,91,439,213,393,326
00003057.jpg,319,90,442,212,393,326
00003058.jpg,321,88,444,210,401,325
00003059.jpg,321,88,444,210,401,325
00003060.jpg,324,87,447,209,401,325
00003061.jpg,328,87,451,209,408,322
00003062.jpg,329,87,452,209,408,322
00003063.jpg,330,86,453,208,408,322
00003064.jpg,330,86,453,208,408,322
00003065.jpg,329,86,452,208,408,322
00003066.jpg,327,86,450,208,411,322
00003067.jpg,326,86,449,208,411,322
00003068.jpg,324,88,447,210,411,322
00003069.jpg,324,88,447,210,411,320
00003070.jpg,322,89,445,211,411,320
00003071.jpg,322,91,445,213,404,321
00003072.jpg,320,92,443,214,404,321
00003073.jpg,325,101,438,219,404,322
00003074.jpg,325,101,438,219,400,328
00003075.jpg,325,102,438,220,400,328
00003076.jpg,325,103,438,221,400,328
00003077.jpg,325,102,438,220,400,328
00003078.jpg,324,102,437,220,400,328
00003079.jpg,324,102,437,220,400,328
00003080.jpg,322,102,435,220,400,328
00003081.jpg,322,102,435,220,400,328
00003082.jpg,322,102,435,220,400,328
00003083.jpg,322,103,435,221,400,328
00003084.jpg,322,103,435,221,400,328
00003085.jpg,325,103,438,221,400,328
00003086.jpg,327,102,440,220,400,328
00003087.jpg,327,101,440,219,400,328
00003088.jpg,329,100,442,218,400,328
00003089.jpg,329,100,442,218,400,328
00003090.jpg,330,99,443,217,403,326
00003091.jpg,331,99,444,217,403,326
00003092.jpg,334,98,447,216,403,326
00003093.jpg,334,97,447,215,403,326
00003094.jpg,334,97,447,215,408,324
00003095.jpg,334,96,447,214,408,324
00003096.jpg,333,101,446,219,408,324
00003097.jpg,331,100,444,218,408,324
00003098.jpg,331,100,444,218,408,324
00003099.jpg,331,100,444,218,408,324
00003100.jpg,331,100,444,218,408,324
00003101.jpg,333,100,446,218,409,321
00003102.jpg,335,101,448,219,409,320
00003103.jpg,337,101,450,219,411,321
00003104.jpg,337,101,450,219,411,321
00003105.jpg,340,102,453,220,411,321
00003106.jpg,340,101,453,219,411,321
00003107.jpg,339,101,452,219,411,321
00003108.jpg,339,102,452,220,411,321
00003109.jpg,339,102,452,220,411,321
00003110.jpg,337,103,450,221,413,322
00003111.jpg,335,102,448,220,413,322
00003112.jpg,334,101,447,219,413,322
00003113.jpg,334,101,447,219,413,322
00003114.jpg,334,101,447,219,413,324
00003115.jpg,333,101,446,219,413,324
00003116.jpg,332,101,445,219,413,324
00003117.jpg,333,101,446,219,412,325
00003118.jpg,334,101,447,219,412,325
00003119.jpg,334,101,447,219,412,325
00003120.jpg,334,101,447,219,412,325
