00078065.jpg,410,528,570,694,1118,514
00078066.jpg,410,528,570,694,1118,514
00078067.jpg,410,528,570,694,1118,514
00078068.jpg,410,528,570,694,1121,519
00078069.jpg,410,528,570,694,1121,519
00078070.jpg,410,528,570,694,1121,519
00078071.jpg,410,528,570,694,1125,516
00078072.jpg,410,528,570,694,1125,516
00078073.jpg,411,528,571,694,766,825
00078074.jpg,411,528,571,694,766,825
00078075.jpg,411,528,571,694,768,825
00078076.jpg,412,528,572,694,769,826
00078077.jpg,413,529,573,695,769,824
00078078.jpg,413,529,573,695,770,825
00078079.jpg,414,529,574,695,768,820
00078080.jpg,414,529,574,695,767,821
00078081.jpg,415,529,575,695,764,821
00078082.jpg,415,528,575,694,764,822
00078083.jpg,417,529,577,695,765,822
00078084.jpg,417,529,577,695,764,821
00078085.jpg,417,529,577,695,763,819
00078086.jpg,418,529,578,695,762,821
00078087.jpg,418,529,578,695,760,821
00078088.jpg,418,529,578,695,760,820
00078089.jpg,418,529,578,695,759,822
00078090.jpg,417,529,577,695,765,822
00078091.jpg,417,530,577,696,766,826
00078092.jpg,418,530,578,696,770,825
00078093.jpg,417,530,577,696,778,825
00078094.jpg,417,530,577,696,782,826
00078095.jpg,417,530,577,696,731,593
00078096.jpg,417,531,577,697,733,594
00078097.jpg,417,531,577,697,739,593
00078098.jpg,417,531,577,697,744,591
00078099.jpg,417,531,577,697,746,590
00078100.jpg,417,531,577,697,746,590
00078101.jpg,416,531,576,697,746,590
00078102.jpg,416,531,576,697,743,588
00078103.jpg,417,531,577,697,735,588
00078104.jpg,416,531,576,697,730,588
00078105.jpg,416,531,576,697,724,584
00078106.jpg,416,531,576,697,718,586
00078107.jpg,416,530,576,696,718,586
00078108.jpg,415,530,575,696,718,586
00078109.jpg,415,530,575,696,718,586
00078110.jpg,415,530,575,696,718,586
00078111.jpg,415,530,575,696,718,586
00078112.jpg,415,530,575,696,718,586
00078113.jpg,415,530,575,696,718,586
00078114.jpg,414,530,574,696,718,586
00078115.jpg,415,531,575,697,718,586
00078116.jpg,416,531,576,697,718,586
00078117.jpg,416,531,576,697,718,586
00078118.jpg,416,531,576,697,718,586
00078119.jpg,417,531,577,697,718,586
00078120.jpg,418,532,578,698,718,586
00078121.jpg,419,532,579,698,718,586
00078122.jpg,419,532,579,698,718,586
00078123.jpg,420,532,580,698,718,586
00078124.jpg,421,532,581,698,718,586
00078125.jpg,421,532,581,698,718,586
00078126.jpg,421,533,581,699,718,586
00078127.jpg,421,533,581,699,718,586
00078128.jpg,421,533,581,699,718,586
00078129.jpg,421,533,581,699,718,586
00078130.jpg,422,533,582,699,718,586
00078131.jpg,422,533,582,699,718,586
00078132.jpg,422,533,582,699,718,586
00078133.jpg,421,532,581,698,718,586
00078134.jpg,421,532,581,698,715,589
00078135.jpg,422,533,582,699,715,589
00078136.jpg,422,533,582,699,719,591
00078137.jpg,422,533,582,699,724,590
00078138.jpg,422,533,582,699,725,591
00078139.jpg,423,533,583,699,724,591
00078140.jpg,423,533,583,699,729,590
00078141.jpg,423,533,583,699,735,590
00078142.jpg,422,532,582,698,743,591
00078143.jpg,423,533,583,699,749,590
00078144.jpg,423,533,583,699,753,589
00078145.jpg,423,533,583,699,756,588
00078146.jpg,423,533,583,699,760,588
00078147.jpg,423,532,583,698,1158,481
00078148.jpg,423,532,583,698,1162,481
00078149.jpg,422,532,582,698,1166,481
00078150.jpg,422,532,582,698,1164,480
00078151.jpg,422,531,582,697,1167,481
00078152.jpg,422,531,582,697,1168,480
00078153.jpg,421,531,581,697,1169,480
00078154.jpg,421,531,581,697,1173,481
00078155.jpg,421,531,581,697,1173,479
00078156.jpg,421,530,581,696,1173,479
00078157.jpg,420,530,580,696,1173,479
00078158.jpg,420,530,580,696,1173,479
00078159.jpg,420,530,580,696,1173,479
00078160.jpg,420,530,580,696,1173,479
00078161.jpg,420,530,580,696,1173,479
00078162.jpg,420,530,580,696,1173,479
