00078065.jpg,672,499,817,657,1003,641
00078066.jpg,672,499,817,657,1001,643
00078067.jpg,672,499,817,657,1169,935
00078068.jpg,672,499,817,657,1131,933
00078069.jpg,672,499,817,657,1118,936
00078070.jpg,671,499,816,657,887,873
00078071.jpg,671,499,816,657,856,846
00078072.jpg,671,500,816,658,863,844
00078073.jpg,672,500,817,658,858,845
00078074.jpg,672,500,817,658,860,850
00078075.jpg,672,500,817,658,861,848
00078076.jpg,672,500,817,658,860,846
00078077.jpg,672,500,817,658,861,849
00078078.jpg,672,500,817,658,861,845
00078079.jpg,672,500,817,658,863,844
00078080.jpg,672,500,817,658,865,848
00078081.jpg,671,500,816,658,865,846
00078082.jpg,670,500,815,658,861,848
00078083.jpg,671,500,816,658,860,848
00078084.jpg,671,500,816,658,736,795
00078085.jpg,671,500,816,658,750,791
00078086.jpg,671,500,816,658,756,790
00078087.jpg,671,500,816,658,769,794
00078088.jpg,671,500,816,658,766,798
00078089.jpg,671,500,816,658,773,801
00078090.jpg,671,500,816,658,773,801
00078091.jpg,671,500,816,658,773,804
00078092.jpg,671,500,816,658,778,811
00078093.jpg,671,500,816,658,780,815
00078094.jpg,670,499,815,657,783,818
00078095.jpg,670,500,815,658,783,821
00078096.jpg,670,500,815,658,783,821
00078097.jpg,670,500,815,658,783,823
00078098.jpg,670,500,815,658,801,879
00078099.jpg,670,500,815,658,846,874
00078100.jpg,670,500,815,658,1082,868
00078101.jpg,670,500,815,658,1041,909
00078102.jpg,669,500,814,658,-1,-1
00078103.jpg,669,500,814,658,-1,-1
00078104.jpg,669,500,814,658,540,611
00078105.jpg,670,499,815,657,540,611
00078106.jpg,669,499,814,657,540,611
00078107.jpg,669,499,814,657,540,611
00078108.jpg,669,499,814,657,540,611
00078109.jpg,669,499,814,657,540,611
00078110.jpg,669,499,814,657,540,611
00078111.jpg,669,499,814,657,540,611
00078112.jpg,669,499,814,657,540,611
00078113.jpg,669,499,814,657,540,611
00078114.jpg,668,499,813,657,540,611
00078115.jpg,669,499,814,657,540,611
00078116.jpg,669,499,814,657,540,611
00078117.jpg,668,499,813,657,540,611
00078118.jpg,668,499,813,657,540,611
00078119.jpg,669,499,814,657,540,611
00078120.jpg,669,500,814,658,540,611
00078121.jpg,669,500,814,658,540,611
00078122.jpg,669,499,814,657,540,611
00078123.jpg,669,500,814,658,540,611
00078124.jpg,669,499,814,657,540,611
00078125.jpg,669,500,814,658,540,611
00078126.jpg,669,500,814,658,540,611
00078127.jpg,669,500,814,658,540,611
00078128.jpg,669,500,814,658,540,611
00078129.jpg,669,500,814,658,540,611
00078130.jpg,669,500,814,658,540,611
00078131.jpg,669,500,814,658,540,611
00078132.jpg,669,499,814,657,540,611
00078133.jpg,668,499,813,657,540,611
00078134.jpg,669,500,814,658,540,611
00078135.jpg,669,500,814,658,540,611
00078136.jpg,669,500,814,658,739,908
00078137.jpg,669,500,814,658,765,905
00078138.jpg,669,500,814,658,768,905
00078139.jpg,669,500,814,658,774,906
00078140.jpg,669,500,814,658,843,903
00078141.jpg,669,500,814,658,912,888
00078142.jpg,668,500,813,658,912,888
00078143.jpg,669,501,814,659,1078,861
00078144.jpg,669,501,814,659,1296,867
00078145.jpg,670,501,815,659,1158,478
00078146.jpg,670,500,815,658,1161,481
00078147.jpg,670,500,815,658,1161,481
00078148.jpg,670,500,815,658,1161,481
00078149.jpg,670,500,815,658,1161,481
00078150.jpg,670,500,815,658,1164,481
00078151.jpg,670,500,815,658,1168,480
00078152.jpg,670,500,815,658,1168,480
00078153.jpg,670,500,815,658,1168,480
00078154.jpg,671,501,816,659,1169,480
00078155.jpg,671,501,816,659,1170,479
00078156.jpg,670,500,815,658,1170,479
00078157.jpg,671,501,816,659,1170,479
00078158.jpg,671,501,816,659,1170,479
00078159.jpg,671,501,816,659,1170,479
00078160.jpg,671,501,816,659,1173,478
00078161.jpg,671,501,816,659,1173,478
00078162.jpg,671,501,816,659,1176,479
