00078065.jpg,1043,393,1202,566,1046,718
00078066.jpg,1043,393,1202,566,1050,720
00078067.jpg,1043,393,1202,566,1053,725
00078068.jpg,1043,393,1202,566,1058,726
00078069.jpg,1044,393,1203,566,1054,728
00078070.jpg,1045,392,1204,565,1054,734
00078071.jpg,1047,391,1206,564,1055,734
00078072.jpg,1049,389,1208,562,1056,739
00078073.jpg,1051,388,1210,561,1056,739
00078074.jpg,1052,388,1211,561,1056,743
00078075.jpg,1053,387,1212,560,1058,744
00078076.jpg,1054,386,1213,559,1058,745
00078077.jpg,1056,385,1215,558,1058,745
00078078.jpg,1056,385,1215,558,1059,746
00078079.jpg,1057,384,1216,557,1059,749
00078080.jpg,1057,384,1216,557,1061,753
00078081.jpg,1058,384,1217,557,1063,755
00078082.jpg,1058,384,1217,557,1064,755
00078083.jpg,1059,384,1218,557,1064,755
00078084.jpg,1060,384,1219,557,1064,756
00078085.jpg,1066,385,1223,556,1063,763
00078086.jpg,1066,385,1223,556,1366,634
00078087.jpg,1068,381,1225,552,1366,633
00078088.jpg,1074,375,1231,546,1368,633
00078089.jpg,1081,371,1238,537,1366,633
00078090.jpg,1081,371,1238,537,1366,633
00078091.jpg,1082,370,1239,536,1366,633
00078092.jpg,1082,369,1239,535,1366,633
00078093.jpg,1082,369,1239,535,1366,633
00078094.jpg,1081,368,1238,534,1366,633
00078095.jpg,1081,369,1238,535,1366,633
00078096.jpg,1082,369,1239,535,1366,633
00078097.jpg,1082,369,1239,535,1366,633
00078098.jpg,1090,370,1246,530,1366,633
00078099.jpg,1090,370,1246,530,1366,633
00078100.jpg,1090,370,1246,530,1366,633
00078101.jpg,1090,371,1246,531,1366,633
00078102.jpg,1090,371,1246,531,1366,633
00078103.jpg,1091,370,1247,530,1366,633
00078104.jpg,1091,370,1247,530,1366,633
00078105.jpg,1091,370,1247,530,1366,633
00078106.jpg,1091,369,1247,529,1366,633
00078107.jpg,1091,369,1247,529,1366,633
00078108.jpg,1091,368,1247,528,1366,633
00078109.jpg,1092,367,1248,527,1366,633
00078110.jpg,1092,366,1248,526,1366,633
00078111.jpg,1092,365,1248,525,1366,633
00078112.jpg,1092,364,1248,524,1366,633
00078113.jpg,1092,362,1248,522,1366,633
00078114.jpg,1092,360,1248,520,1366,633
00078115.jpg,1093,360,1249,520,1366,633
00078116.jpg,1093,360,1249,520,1366,633
00078117.jpg,1091,361,1247,521,1366,633
00078118.jpg,1094,360,1247,523,1366,633
00078119.jpg,1094,360,1247,523,-1,-1
00078120.jpg,1093,359,1246,522,-1,-1
00078121.jpg,1095,359,1248,522,-1,-1
00078122.jpg,1086,358,1236,517,544,613
00078123.jpg,1086,358,1236,517,544,613
00078124.jpg,1080,360,1230,519,754,586
00078125.jpg,1077,360,1227,519,754,586
00078126.jpg,1074,361,1224,520,755,588
00078127.jpg,1068,362,1218,521,750,588
00078128.jpg,1065,363,1215,522,755,588
00078129.jpg,1064,364,1214,523,1066,758
00078130.jpg,1065,364,1215,523,1066,759
00078131.jpg,1059,368,1209,527,1068,759
00078132.jpg,1060,368,1210,527,1068,759
00078133.jpg,1061,368,1211,527,1068,759
00078134.jpg,1063,369,1213,528,1068,759
00078135.jpg,1066,369,1216,528,1068,759
00078136.jpg,1070,368,1221,532,1068,759
00078137.jpg,1070,368,1221,532,1068,759
00078138.jpg,1071,368,1222,532,1068,759
00078139.jpg,1073,368,1224,532,1068,759
00078140.jpg,1075,368,1226,532,1068,759
00078141.jpg,1078,368,1229,532,1068,759
00078142.jpg,1080,369,1231,533,1068,759
00078143.jpg,1084,369,1235,533,1068,759
00078144.jpg,1086,370,1237,534,1068,759
00078145.jpg,1089,371,1240,535,1068,759
00078146.jpg,1091,372,1242,536,1068,759
00078147.jpg,1094,373,1245,537,1068,759
00078148.jpg,1096,373,1247,537,1068,759
00078149.jpg,1097,374,1248,538,1068,759
00078150.jpg,1098,374,1249,538,1068,759
00078151.jpg,1100,373,1251,537,1064,759
00078152.jpg,1101,372,1252,536,1064,759
00078153.jpg,1102,372,1253,536,1064,759
00078154.jpg,1103,372,1254,536,1064,759
00078155.jpg,1104,371,1255,535,1064,759
00078156.jpg,1105,371,1256,535,1063,761
00078157.jpg,1105,371,1256,535,1063,761
00078158.jpg,1106,371,1257,535,1060,763
00078159.jpg,1107,371,1258,535,1060,763
00078160.jpg,1107,371,1258,535,1060,763
00078161.jpg,1108,371,1259,535,1060,763
00078162.jpg,1108,371,1259,535,1060,763
