00078065.jpg,1323,534,1495,709,785,570
00078066.jpg,1323,534,1495,709,786,570
00078067.jpg,1323,534,1495,709,786,571
00078068.jpg,1323,534,1495,709,783,574
00078069.jpg,1323,534,1495,709,781,573
00078070.jpg,1323,534,1495,709,779,575
00078071.jpg,1323,534,1495,709,779,579
00078072.jpg,1322,534,1494,709,776,580
00078073.jpg,1323,534,1495,709,776,583
00078074.jpg,1323,534,1495,709,776,585
00078075.jpg,1323,534,1495,709,776,585
00078076.jpg,1323,534,1495,709,776,585
00078077.jpg,1323,535,1495,710,776,589
00078078.jpg,1323,535,1495,710,776,589
00078079.jpg,1323,535,1495,710,776,589
00078080.jpg,1323,535,1495,710,776,589
00078081.jpg,1322,535,1494,710,774,590
00078082.jpg,1322,535,1494,710,774,590
00078083.jpg,1323,534,1495,709,774,590
00078084.jpg,1323,534,1495,709,774,590
00078085.jpg,1323,534,1495,709,769,593
00078086.jpg,1323,534,1495,709,769,593
00078087.jpg,1324,534,1496,709,769,593
00078088.jpg,1324,534,1496,709,769,593
00078089.jpg,1324,534,1496,709,769,593
00078090.jpg,1323,534,1495,709,1183,455
00078091.jpg,1324,534,1496,709,1185,458
00078092.jpg,1324,533,1496,708,1188,456
00078093.jpg,1323,533,1495,708,1188,458
00078094.jpg,1323,533,1495,708,1184,461
00078095.jpg,1323,533,1495,708,1184,461
00078096.jpg,1324,532,1496,707,1185,460
00078097.jpg,1324,532,1496,707,1185,464
00078098.jpg,1324,532,1496,707,1184,463
00078099.jpg,1324,532,1496,707,1184,464
00078100.jpg,1324,532,1496,707,1183,465
00078101.jpg,1324,532,1496,707,1183,465
00078102.jpg,1324,532,1496,707,1184,464
00078103.jpg,1324,532,1496,707,1183,464
00078104.jpg,1324,532,1496,707,1181,461
00078105.jpg,1325,532,1497,707,1183,459
00078106.jpg,1324,532,1496,707,1186,454
00078107.jpg,1325,532,1497,707,1189,454
00078108.jpg,1325,532,1497,707,1184,450
00078109.jpg,1325,532,1497,707,1193,450
00078110.jpg,1325,532,1497,707,1193,449
00078111.jpg,1325,532,1497,707,1193,449
00078112.jpg,1325,532,1497,707,1193,449
00078113.jpg,1325,531,1497,706,1193,449
00078114.jpg,1325,532,1497,707,1097,823
00078115.jpg,1326,532,1498,707,1097,826
00078116.jpg,1326,531,1498,706,1097,827
00078117.jpg,1325,531,1497,706,1097,828
00078118.jpg,1326,532,1498,707,1097,828
00078119.jpg,1326,531,1498,706,1096,829
00078120.jpg,1327,531,1499,706,-1,-1
00078121.jpg,1327,531,1499,706,-1,-1
00078122.jpg,1327,531,1499,706,-1,-1
00078123.jpg,1328,531,1500,706,-1,-1
00078124.jpg,1328,531,1500,706,-1,-1
00078125.jpg,1328,531,1500,706,-1,-1
00078126.jpg,1328,531,1500,706,-1,-1
00078127.jpg,1328,531,1500,706,-1,-1
00078128.jpg,1328,531,1500,706,-1,-1
00078129.jpg,1329,529,1501,704,-1,-1
00078130.jpg,1329,529,1501,704,-1,-1
00078131.jpg,1329,529,1501,704,-1,-1
00078132.jpg,1329,529,1501,704,-1,-1
00078133.jpg,1328,529,1500,704,-1,-1
00078134.jpg,1329,529,1501,704,-1,-1
00078135.jpg,1329,529,1501,704,-1,-1
00078136.jpg,1329,529,1501,704,-1,-1
00078137.jpg,1330,529,1502,704,-1,-1
00078138.jpg,1330,529,1502,704,-1,-1
00078139.jpg,1330,529,1502,704,-1,-1
00078140.jpg,1330,529,1502,704,-1,-1
00078141.jpg,1330,529,1502,704,-1,-1
00078142.jpg,1329,530,1501,705,-1,-1
00078143.jpg,1330,530,1502,705,-1,-1
00078144.jpg,1330,530,1502,705,-1,-1
00078145.jpg,1330,530,1502,705,-1,-1
00078146.jpg,1330,530,1502,705,-1,-1
00078147.jpg,1331,530,1503,705,-1,-1
00078148.jpg,1331,530,1503,705,-1,-1
00078149.jpg,1330,531,1502,706,-1,-1
00078150.jpg,1331,530,1503,705,-1,-1
00078151.jpg,1331,532,1503,707,-1,-1
00078152.jpg,1331,532,1503,707,-1,-1
00078153.jpg,1332,530,1504,705,-1,-1
00078154.jpg,1332,532,1504,707,-1,-1
00078155.jpg,1332,532,1504,707,-1,-1
00078156.jpg,1332,532,1504,707,-1,-1
00078157.jpg,1333,530,1505,705,-1,-1
00078158.jpg,1333,530,1505,705,-1,-1
00078159.jpg,1333,530,1505,705,-1,-1
00078160.jpg,1333,530,1505,705,-1,-1
00078161.jpg,1334,530,1506,705,765,584
00078162.jpg,1334,530,1506,705,765,584
