00018431.jpg,243,157,728,703,-1,-1
00018432.jpg,243,157,728,703,-1,-1
00018433.jpg,243,157,728,703,-1,-1
00018434.jpg,243,157,728,703,-1,-1
00018435.jpg,243,158,728,704,1768,284
00018436.jpg,243,158,728,704,1768,287
00018437.jpg,243,160,728,706,1770,287
00018438.jpg,243,161,728,707,1776,284
00018439.jpg,244,161,729,707,1782,284
00018440.jpg,243,162,728,708,1783,284
00018441.jpg,243,162,728,708,1782,283
00018442.jpg,241,163,726,709,1782,287
00018443.jpg,240,165,725,711,1776,292
00018444.jpg,237,167,722,713,1775,295
00018445.jpg,234,169,719,715,1771,297
00018446.jpg,234,169,719,715,1767,301
00018447.jpg,231,171,716,717,1756,308
00018448.jpg,228,172,713,718,1748,313
00018449.jpg,224,173,709,719,1742,316
00018450.jpg,220,174,705,720,1731,320
00018451.jpg,221,173,706,719,1730,323
00018452.jpg,217,174,702,720,1722,325
00018453.jpg,213,174,698,720,1707,335
00018454.jpg,209,176,694,722,-1,-1
00018455.jpg,205,175,690,721,-1,-1
00018456.jpg,205,175,690,721,-1,-1
00018457.jpg,200,175,685,721,-1,-1
00018458.jpg,196,176,681,722,-1,-1
00018459.jpg,192,176,677,722,-1,-1
00018460.jpg,189,175,674,721,-1,-1
00018461.jpg,189,175,674,721,-1,-1
00018462.jpg,185,174,670,720,-1,-1
00018463.jpg,182,174,667,720,-1,-1
00018464.jpg,178,173,663,719,-1,-1
00018465.jpg,175,172,660,718,-1,-1
00018466.jpg,175,172,660,718,-1,-1
00018467.jpg,173,170,658,716,-1,-1
00018468.jpg,171,169,656,715,-1,-1
00018469.jpg,171,167,656,713,-1,-1
00018470.jpg,170,165,655,711,-1,-1
00018471.jpg,170,165,655,711,-1,-1
00018472.jpg,171,163,656,709,-1,-1
00018473.jpg,171,161,656,707,-1,-1
00018474.jpg,173,160,658,706,-1,-1
00018475.jpg,175,158,660,704,-1,-1
00018476.jpg,175,158,660,704,-1,-1
00018477.jpg,176,156,661,702,-1,-1
00018478.jpg,178,154,663,700,-1,-1
00018479.jpg,180,154,665,700,-1,-1
00018480.jpg,182,152,667,698,-1,-1
00018481.jpg,182,152,667,698,-1,-1
00018482.jpg,183,150,668,696,-1,-1
00018483.jpg,184,149,669,695,-1,-1
00018484.jpg,185,148,670,694,1420,433
00018485.jpg,187,148,672,694,1422,436
00018486.jpg,187,148,672,694,1420,439
00018487.jpg,189,148,674,694,1420,428
00018488.jpg,191,148,676,694,1420,429
00018489.jpg,192,147,677,693,1419,424
00018490.jpg,193,147,678,693,1419,415
00018491.jpg,193,147,678,693,1416,413
00018492.jpg,194,147,679,693,1416,409
00018493.jpg,195,147,680,693,1423,385
00018494.jpg,196,147,681,693,1423,384
00018495.jpg,197,147,682,693,1422,391
00018496.jpg,197,147,682,693,1420,393
00018497.jpg,197,147,682,693,-1,-1
00018498.jpg,197,148,682,694,-1,-1
00018499.jpg,198,150,683,696,-1,-1
00018500.jpg,199,151,684,697,-1,-1
00018501.jpg,199,151,684,697,-1,-1
00018502.jpg,201,152,686,698,-1,-1
00018503.jpg,202,152,687,698,-1,-1
00018504.jpg,204,153,689,699,-1,-1
00018505.jpg,206,153,691,699,-1,-1
00018506.jpg,206,153,691,699,-1,-1
00018507.jpg,208,154,693,700,-1,-1
00018508.jpg,210,154,695,700,-1,-1
00018509.jpg,213,154,698,700,991,545
00018510.jpg,212,174,614,656,971,543
00018511.jpg,212,174,614,656,967,541
00018512.jpg,215,175,617,657,950,539
00018513.jpg,216,175,618,657,926,535
00018514.jpg,218,176,620,658,908,531
00018515.jpg,219,177,621,659,884,529
00018516.jpg,219,177,621,659,884,529
00018517.jpg,221,178,623,660,866,527
00018518.jpg,222,179,624,661,848,528
00018519.jpg,223,180,625,662,838,533
00018520.jpg,224,182,626,664,819,533
00018521.jpg,224,182,626,664,816,535
00018522.jpg,225,184,627,666,799,541
00018523.jpg,226,187,628,669,787,548
00018524.jpg,226,189,628,671,764,549
00018525.jpg,227,191,629,673,747,549
00018526.jpg,227,191,629,673,748,549
00018527.jpg,228,193,630,675,732,548
00018528.jpg,211,196,595,673,714,545
00018529.jpg,211,196,595,673,696,541
00018530.jpg,213,197,597,674,675,539
00018531.jpg,213,197,597,674,676,541
00018532.jpg,215,196,599,673,655,539
00018533.jpg,217,196,601,673,628,536
00018534.jpg,219,196,603,673,607,543
00018535.jpg,222,196,606,673,583,547
00018536.jpg,222,196,606,673,576,547
00018537.jpg,224,196,608,673,556,549
00018538.jpg,227,196,611,673,535,552
00018539.jpg,231,196,615,673,520,552
00018540.jpg,233,195,617,672,506,555
00018541.jpg,233,195,617,672,499,539
00018542.jpg,236,194,620,671,-1,-1
00018543.jpg,251,218,668,684,-1,-1
00018544.jpg,254,218,671,684,-1,-1
00018545.jpg,257,218,674,684,-1,-1
00018546.jpg,257,218,674,684,-1,-1
00018547.jpg,260,216,677,682,-1,-1
00018548.jpg,263,216,680,682,1626,433
00018549.jpg,266,215,683,681,1636,431
00018550.jpg,269,214,686,680,1648,425
00018551.jpg,269,214,686,680,1648,425
00018552.jpg,269,214,686,680,1666,417
