00004705.jpg,592,36,944,391,-1,-1
00004706.jpg,592,36,944,391,-1,-1
00004707.jpg,592,36,944,391,-1,-1
00004708.jpg,592,36,944,391,-1,-1
00004709.jpg,592,35,944,390,-1,-1
00004710.jpg,592,35,944,390,-1,-1
00004711.jpg,591,35,943,390,-1,-1
00004712.jpg,592,35,944,390,-1,-1
00004713.jpg,592,35,944,390,-1,-1
00004714.jpg,592,35,944,390,-1,-1
00004715.jpg,592,34,944,389,-1,-1
00004716.jpg,593,34,945,389,-1,-1
00004717.jpg,593,33,945,388,-1,-1
00004718.jpg,594,32,946,387,-1,-1
00004719.jpg,595,31,947,386,-1,-1
00004720.jpg,596,30,948,385,-1,-1
00004721.jpg,596,28,948,383,-1,-1
00004722.jpg,597,27,949,382,-1,-1
00004723.jpg,598,25,950,380,-1,-1
00004724.jpg,599,25,951,380,-1,-1
00004725.jpg,602,25,954,380,-1,-1
00004726.jpg,603,24,955,379,-1,-1
00004727.jpg,604,24,956,379,-1,-1
00004728.jpg,605,23,957,378,-1,-1
00004729.jpg,605,23,957,378,-1,-1
00004730.jpg,605,22,957,377,-1,-1
00004731.jpg,606,23,958,378,-1,-1
00004732.jpg,606,23,958,378,1370,336
00004733.jpg,606,23,958,378,1370,336
00004734.jpg,606,23,958,378,1370,336
00004735.jpg,605,22,957,377,1370,336
00004736.jpg,604,22,956,377,1369,336
00004737.jpg,604,22,956,377,1366,336
00004738.jpg,605,23,957,378,1366,336
00004739.jpg,607,23,959,378,1366,336
00004740.jpg,609,24,961,379,1366,336
00004741.jpg,610,24,962,379,1366,336
00004742.jpg,612,25,964,380,1366,336
00004743.jpg,612,26,964,381,1366,336
00004744.jpg,612,26,964,381,1369,334
00004745.jpg,612,26,964,381,1369,334
00004746.jpg,612,26,964,381,1370,334
00004747.jpg,612,26,964,381,1372,334
00004748.jpg,613,26,965,381,1372,334
00004749.jpg,615,27,967,382,1373,334
00004750.jpg,616,28,968,383,1373,334
00004751.jpg,616,28,968,383,1373,334
00004752.jpg,616,28,968,383,1369,337
00004753.jpg,616,28,968,383,1369,337
00004754.jpg,617,28,969,383,1369,338
00004755.jpg,617,28,969,383,1368,342
00004756.jpg,618,28,970,383,1368,342
00004757.jpg,618,28,970,383,1369,341
00004758.jpg,618,28,970,383,1369,341
00004759.jpg,618,29,970,384,1369,341
00004760.jpg,617,29,969,384,1372,340
00004761.jpg,617,29,969,384,1372,340
00004762.jpg,616,29,968,384,-1,-1
00004763.jpg,616,30,968,385,-1,-1
00004764.jpg,615,30,967,385,-1,-1
00004765.jpg,614,30,966,385,-1,-1
00004766.jpg,614,31,966,386,-1,-1
00004767.jpg,612,31,964,386,-1,-1
00004768.jpg,611,32,963,387,-1,-1
00004769.jpg,611,32,963,387,-1,-1
00004770.jpg,610,32,962,387,-1,-1
00004771.jpg,610,32,962,387,-1,-1
00004772.jpg,609,32,961,387,-1,-1
00004773.jpg,607,32,959,387,-1,-1
00004774.jpg,607,33,959,388,-1,-1
00004775.jpg,606,33,958,388,-1,-1
00004776.jpg,605,34,957,389,-1,-1
00004777.jpg,604,34,956,389,-1,-1
00004778.jpg,604,35,956,390,-1,-1
00004779.jpg,604,36,956,391,-1,-1
00004780.jpg,604,37,956,392,-1,-1
00004781.jpg,604,37,956,392,-1,-1
00004782.jpg,603,37,955,392,-1,-1
00004783.jpg,603,37,955,392,-1,-1
00004784.jpg,603,38,955,393,-1,-1
00004785.jpg,603,38,955,393,-1,-1
00004786.jpg,603,38,955,393,-1,-1
00004787.jpg,603,39,955,394,-1,-1
00004788.jpg,602,39,954,394,-1,-1
00004789.jpg,602,39,954,394,-1,-1
00004790.jpg,600,38,952,393,-1,-1
00004791.jpg,599,37,951,392,-1,-1
00004792.jpg,597,37,949,392,-1,-1
00004793.jpg,596,37,948,392,-1,-1
00004794.jpg,595,38,947,393,-1,-1
00004795.jpg,594,38,946,393,-1,-1
00004796.jpg,594,38,946,393,-1,-1
00004797.jpg,594,37,946,392,-1,-1
00004798.jpg,594,36,946,391,-1,-1
00004799.jpg,595,36,947,391,-1,-1
00004800.jpg,596,36,948,391,-1,-1
00004801.jpg,599,37,951,392,-1,-1
00004802.jpg,600,36,952,391,-1,-1
00004803.jpg,601,35,953,390,-1,-1
00004804.jpg,602,34,954,389,-1,-1
00004805.jpg,603,33,955,388,-1,-1
00004806.jpg,605,33,957,388,-1,-1
00004807.jpg,606,33,958,388,-1,-1
00004808.jpg,607,32,959,387,-1,-1
00004809.jpg,607,31,959,386,-1,-1
00004810.jpg,607,30,959,385,-1,-1
00004811.jpg,606,29,958,384,-1,-1
00004812.jpg,605,28,957,383,-1,-1
00004813.jpg,604,27,956,382,-1,-1
00004814.jpg,603,26,955,381,-1,-1
00004815.jpg,603,27,955,382,-1,-1
00004816.jpg,603,26,955,381,-1,-1
00004817.jpg,603,26,955,381,-1,-1
00004818.jpg,603,26,955,381,-1,-1
00004819.jpg,603,25,955,380,-1,-1
00004820.jpg,603,25,955,380,-1,-1
00004821.jpg,603,25,955,380,-1,-1
00004822.jpg,604,25,956,380,-1,-1
00004823.jpg,604,25,956,380,-1,-1
00004824.jpg,605,25,957,380,-1,-1
00004825.jpg,606,25,958,380,-1,-1
00004826.jpg,606,24,958,379,-1,-1
00004827.jpg,608,24,960,379,-1,-1
00004828.jpg,609,23,961,378,934,358
00004829.jpg,611,24,963,379,1378,464
00004830.jpg,614,26,966,381,1376,464
00004831.jpg,614,26,966,381,1372,464
00004832.jpg,615,28,967,383,1377,464
00004833.jpg,615,28,967,383,1385,330
00004834.jpg,616,29,968,384,1382,333
00004835.jpg,617,29,969,384,1381,340
00004836.jpg,618,29,970,384,1381,337
00004837.jpg,619,30,971,385,1380,336
00004838.jpg,619,30,971,385,1380,336
00004839.jpg,619,30,971,385,1376,337
00004840.jpg,620,30,972,385,1373,338
00004841.jpg,621,31,973,386,1374,344
00004842.jpg,622,32,974,387,1374,344
00004843.jpg,623,33,975,388,1374,346
00004844.jpg,624,34,976,389,1373,349
00004845.jpg,624,34,976,389,1369,346
00004846.jpg,625,35,977,390,1368,348
00004847.jpg,626,36,978,391,1370,346
00004848.jpg,626,36,978,391,1370,345
00004849.jpg,627,37,979,392,1372,345
00004850.jpg,627,37,979,392,1373,345
00004851.jpg,627,38,979,393,1376,345
00004852.jpg,627,38,979,393,1376,345
00004853.jpg,627,39,979,394,1378,345
00004854.jpg,626,40,978,395,1378,345
00004855.jpg,626,41,978,396,1378,345
00004856.jpg,626,42,978,397,1378,345
00004857.jpg,627,43,979,398,1378,345
00004858.jpg,628,43,980,398,1378,345
00004859.jpg,629,44,981,399,1378,345
00004860.jpg,628,44,980,399,1378,345
00004861.jpg,629,45,981,400,1378,345
00004862.jpg,629,45,981,400,1378,345
00004863.jpg,629,46,981,401,1378,345
00004864.jpg,629,46,981,401,1378,345
00004865.jpg,629,45,981,400,1378,345
00004866.jpg,630,45,982,400,1378,345
00004867.jpg,630,45,982,400,1378,345
00004868.jpg,631,45,983,400,1378,345
00004869.jpg,631,45,983,400,1378,345
00004870.jpg,630,44,982,399,1378,345
00004871.jpg,629,44,981,399,1378,345
00004872.jpg,627,43,979,398,1378,345
00004873.jpg,627,42,979,397,-1,-1
00004874.jpg,626,41,978,396,-1,-1
00004875.jpg,626,41,978,396,-1,-1
00004876.jpg,625,41,977,396,-1,-1
00004877.jpg,625,42,977,397,-1,-1
00004878.jpg,625,42,977,397,-1,-1
00004879.jpg,625,41,977,396,-1,-1
00004880.jpg,625,40,977,395,-1,-1
00004881.jpg,625,40,977,395,-1,-1
00004882.jpg,626,39,978,394,-1,-1
00004883.jpg,628,39,980,394,-1,-1
00004884.jpg,630,39,982,394,-1,-1
00004885.jpg,632,39,984,394,-1,-1
00004886.jpg,633,39,985,394,-1,-1
00004887.jpg,633,38,985,393,-1,-1
00004888.jpg,633,38,985,393,-1,-1
