00004705.jpg,1291,163,1710,585,868,176
00004706.jpg,1291,163,1710,585,868,176
00004707.jpg,1291,163,1710,585,868,174
00004708.jpg,1291,163,1710,585,868,174
00004709.jpg,1291,162,1710,584,868,173
00004710.jpg,1291,162,1710,584,868,173
00004711.jpg,1291,161,1710,583,868,173
00004712.jpg,1291,161,1710,583,868,173
00004713.jpg,1291,161,1710,583,868,173
00004714.jpg,1292,161,1711,583,868,173
00004715.jpg,1293,161,1712,583,869,174
00004716.jpg,1294,160,1713,582,869,174
00004717.jpg,1295,159,1714,581,869,174
00004718.jpg,1295,159,1714,581,870,174
00004719.jpg,1296,158,1715,580,872,177
00004720.jpg,1297,157,1716,579,876,177
00004721.jpg,1298,156,1717,578,876,177
00004722.jpg,1298,156,1717,578,876,177
00004723.jpg,1299,156,1718,578,876,177
00004724.jpg,1299,156,1718,578,880,177
00004725.jpg,1299,156,1718,578,881,180
00004726.jpg,1299,156,1718,578,884,180
00004727.jpg,1299,156,1718,578,886,185
00004728.jpg,1299,156,1718,578,889,185
00004729.jpg,1300,155,1719,577,889,185
00004730.jpg,1299,155,1718,577,886,182
00004731.jpg,1299,156,1718,578,886,182
00004732.jpg,1299,157,1718,579,888,182
00004733.jpg,1300,157,1719,579,888,184
00004734.jpg,1300,157,1719,579,888,182
00004735.jpg,1300,157,1719,579,888,180
00004736.jpg,1300,157,1719,579,888,174
00004737.jpg,1300,157,1719,579,888,176
00004738.jpg,1301,158,1720,580,886,182
00004739.jpg,1302,158,1721,580,890,181
00004740.jpg,1302,159,1721,581,890,181
00004741.jpg,1303,159,1722,581,890,182
00004742.jpg,1304,159,1723,581,894,185
00004743.jpg,1305,158,1724,580,896,188
00004744.jpg,1306,158,1725,580,898,190
00004745.jpg,1307,159,1726,581,898,190
00004746.jpg,1308,159,1727,581,900,186
00004747.jpg,1308,159,1727,581,900,186
00004748.jpg,1307,160,1726,582,900,186
00004749.jpg,1306,160,1725,582,900,186
00004750.jpg,1305,161,1724,583,900,186
00004751.jpg,1303,162,1722,584,900,188
00004752.jpg,1302,162,1721,584,900,190
00004753.jpg,1302,162,1721,584,900,190
00004754.jpg,1302,162,1721,584,900,185
00004755.jpg,1302,162,1721,584,900,185
00004756.jpg,1303,161,1722,583,900,192
00004757.jpg,1303,161,1722,583,900,192
00004758.jpg,1303,161,1722,583,900,192
00004759.jpg,1304,161,1723,583,900,190
00004760.jpg,1304,161,1723,583,900,190
00004761.jpg,1304,161,1723,583,900,189
00004762.jpg,1304,161,1723,583,898,190
00004763.jpg,1304,161,1723,583,898,190
00004764.jpg,1303,161,1722,583,896,190
00004765.jpg,1302,162,1721,584,896,190
00004766.jpg,1301,162,1720,584,896,190
00004767.jpg,1301,162,1720,584,893,190
00004768.jpg,1300,163,1719,585,893,190
00004769.jpg,1300,163,1719,585,889,190
00004770.jpg,1300,162,1719,584,889,190
00004771.jpg,1300,162,1719,584,888,189
00004772.jpg,1299,162,1718,584,888,189
00004773.jpg,1298,162,1717,584,886,189
00004774.jpg,1298,162,1717,584,884,189
00004775.jpg,1297,162,1716,584,884,189
00004776.jpg,1297,162,1716,584,881,189
00004777.jpg,1296,163,1715,585,878,189
00004778.jpg,1296,163,1715,585,878,189
00004779.jpg,1296,163,1715,585,878,189
00004780.jpg,1296,163,1715,585,878,189
00004781.jpg,1296,164,1715,586,878,189
00004782.jpg,1295,164,1714,586,878,189
00004783.jpg,1294,164,1713,586,878,189
00004784.jpg,1294,164,1713,586,878,189
00004785.jpg,1293,165,1712,587,878,189
00004786.jpg,1293,165,1712,587,878,189
00004787.jpg,1293,166,1712,588,878,189
00004788.jpg,1293,165,1712,587,878,189
00004789.jpg,1292,165,1711,587,878,189
00004790.jpg,1291,165,1710,587,878,189
00004791.jpg,1290,164,1709,586,873,185
00004792.jpg,1289,164,1708,586,870,185
00004793.jpg,1289,164,1708,586,873,182
00004794.jpg,1289,164,1708,586,870,182
00004795.jpg,1288,164,1707,586,866,180
00004796.jpg,1289,162,1708,584,866,180
00004797.jpg,1289,161,1708,583,864,180
00004798.jpg,1289,159,1708,581,864,180
00004799.jpg,1290,159,1709,581,864,180
00004800.jpg,1291,159,1710,581,865,186
00004801.jpg,1292,159,1711,581,868,189
00004802.jpg,1293,158,1712,580,870,190
00004803.jpg,1294,157,1713,579,870,190
00004804.jpg,1295,156,1714,578,872,190
00004805.jpg,1295,155,1714,577,872,190
00004806.jpg,1296,155,1715,577,872,190
00004807.jpg,1297,155,1716,577,873,190
00004808.jpg,1298,154,1717,576,873,190
00004809.jpg,1299,153,1718,575,873,190
00004810.jpg,1300,152,1719,574,873,190
00004811.jpg,1300,151,1719,573,874,190
00004812.jpg,1301,151,1720,573,874,186
00004813.jpg,1301,150,1720,572,874,186
00004814.jpg,1301,151,1720,573,874,186
00004815.jpg,1302,151,1721,573,874,186
00004816.jpg,1303,151,1722,573,874,186
00004817.jpg,1304,151,1723,573,874,186
00004818.jpg,1305,150,1724,572,874,186
00004819.jpg,1306,150,1725,572,874,186
00004820.jpg,1307,150,1726,572,874,186
00004821.jpg,1308,150,1727,572,874,186
00004822.jpg,1309,150,1728,572,874,185
00004823.jpg,1310,150,1729,572,874,185
00004824.jpg,1311,150,1730,572,877,185
00004825.jpg,1312,150,1731,572,877,185
00004826.jpg,1314,149,1733,571,877,185
00004827.jpg,1315,149,1734,571,877,184
00004828.jpg,1316,149,1735,571,877,184
00004829.jpg,1317,149,1736,571,877,182
00004830.jpg,1318,149,1737,571,884,186
00004831.jpg,1319,149,1738,571,886,186
00004832.jpg,1320,149,1739,571,892,186
00004833.jpg,1320,150,1739,572,896,186
00004834.jpg,1320,151,1739,573,896,186
00004835.jpg,1320,151,1739,573,896,186
00004836.jpg,1319,151,1738,573,896,186
00004837.jpg,1318,151,1737,573,897,188
00004838.jpg,1317,151,1736,573,896,192
00004839.jpg,1315,152,1734,574,896,192
00004840.jpg,1313,153,1732,575,896,192
00004841.jpg,1311,154,1730,576,896,192
00004842.jpg,1309,155,1728,577,896,192
00004843.jpg,1308,157,1727,579,898,188
00004844.jpg,1307,158,1726,580,898,188
00004845.jpg,1306,159,1725,581,900,188
00004846.jpg,1306,160,1725,582,901,189
00004847.jpg,1307,160,1726,582,901,189
00004848.jpg,1307,160,1726,582,901,190
00004849.jpg,1307,160,1726,582,902,190
00004850.jpg,1307,161,1726,583,902,190
00004851.jpg,1307,161,1726,583,902,190
00004852.jpg,1308,161,1727,583,902,192
00004853.jpg,1308,162,1727,584,904,193
00004854.jpg,1307,163,1726,585,904,193
00004855.jpg,1307,164,1726,586,904,193
00004856.jpg,1306,165,1725,587,904,193
00004857.jpg,1305,165,1724,587,905,193
00004858.jpg,1305,164,1724,586,905,193
00004859.jpg,1303,164,1722,586,905,197
00004860.jpg,1302,165,1721,587,905,197
00004861.jpg,1301,165,1720,587,908,198
00004862.jpg,1301,165,1720,587,908,198
00004863.jpg,1300,166,1719,588,908,198
00004864.jpg,1299,166,1718,588,908,198
00004865.jpg,1299,166,1718,588,908,198
00004866.jpg,1298,166,1717,588,908,198
00004867.jpg,1297,166,1716,588,908,198
00004868.jpg,1297,166,1716,588,908,198
00004869.jpg,1296,166,1715,588,908,198
00004870.jpg,1296,166,1715,588,914,194
00004871.jpg,1295,167,1714,589,913,193
00004872.jpg,1295,167,1714,589,913,192
00004873.jpg,1294,166,1713,588,913,192
00004874.jpg,1294,165,1713,587,913,189
00004875.jpg,1294,165,1713,587,912,185
00004876.jpg,1294,166,1713,588,910,185
00004877.jpg,1295,167,1714,589,908,185
00004878.jpg,1297,167,1716,589,908,185
00004879.jpg,1298,166,1717,588,906,182
00004880.jpg,1298,166,1717,588,906,182
00004881.jpg,1299,165,1718,587,906,182
00004882.jpg,1300,164,1719,586,906,182
00004883.jpg,1302,164,1721,586,906,182
00004884.jpg,1303,163,1722,585,906,188
00004885.jpg,1305,163,1724,585,909,188
00004886.jpg,1306,163,1725,585,909,188
00004887.jpg,1306,163,1725,585,909,188
00004888.jpg,1306,163,1725,585,910,192
