00005874.jpg,472,282,649,477,-1,-1
00005875.jpg,472,282,649,477,-1,-1
00005876.jpg,472,282,649,477,-1,-1
00005877.jpg,472,282,649,477,-1,-1
00005878.jpg,472,282,649,477,-1,-1
00005879.jpg,475,282,652,477,-1,-1
00005880.jpg,476,282,653,477,-1,-1
00005881.jpg,476,282,653,477,-1,-1
00005882.jpg,474,281,651,476,-1,-1
00005883.jpg,473,281,650,476,-1,-1
00005884.jpg,474,281,651,476,-1,-1
00005885.jpg,475,281,652,476,-1,-1
00005886.jpg,474,280,651,475,-1,-1
00005887.jpg,473,280,650,475,-1,-1
00005888.jpg,472,280,649,475,-1,-1
00005889.jpg,472,281,649,476,-1,-1
00005890.jpg,472,282,649,477,-1,-1
00005891.jpg,470,283,647,478,-1,-1
00005892.jpg,469,283,646,478,-1,-1
00005893.jpg,472,282,649,477,-1,-1
00005894.jpg,472,282,649,477,-1,-1
00005895.jpg,469,282,646,477,-1,-1
00005896.jpg,468,282,645,477,-1,-1
00005897.jpg,469,282,646,477,-1,-1
00005898.jpg,470,281,647,476,-1,-1
00005899.jpg,470,281,647,476,-1,-1
00005900.jpg,470,281,647,476,-1,-1
00005901.jpg,469,280,646,475,-1,-1
00005902.jpg,470,279,647,474,-1,-1
00005903.jpg,470,279,647,474,-1,-1
00005904.jpg,469,279,646,474,-1,-1
00005905.jpg,468,280,645,475,-1,-1
00005906.jpg,471,278,648,473,-1,-1
00005907.jpg,472,278,649,473,-1,-1
00005908.jpg,470,279,647,474,-1,-1
00005909.jpg,470,280,647,475,-1,-1
00005910.jpg,470,280,647,475,-1,-1
00005911.jpg,471,281,648,476,-1,-1
00005912.jpg,472,281,649,476,-1,-1
00005913.jpg,473,282,650,477,-1,-1
00005914.jpg,477,285,654,480,-1,-1
00005915.jpg,482,285,657,480,-1,-1
00005916.jpg,482,285,657,480,711,494
00005917.jpg,488,291,657,491,712,488
00005918.jpg,488,291,657,491,713,488
00005919.jpg,488,293,657,493,713,489
00005920.jpg,487,295,656,495,716,491
00005921.jpg,485,297,654,497,712,494
00005922.jpg,484,299,653,499,712,495
00005923.jpg,482,302,651,502,713,491
00005924.jpg,480,301,649,501,713,491
00005925.jpg,478,301,647,501,713,491
00005926.jpg,476,300,645,500,713,491
00005927.jpg,474,298,643,498,713,491
00005928.jpg,472,297,641,497,713,491
00005929.jpg,467,296,636,496,713,491
00005930.jpg,461,295,630,495,-1,-1
00005931.jpg,462,295,625,493,-1,-1
00005932.jpg,462,295,625,493,-1,-1
00005933.jpg,455,290,618,488,-1,-1
00005934.jpg,454,289,617,487,-1,-1
00005935.jpg,454,289,617,487,-1,-1
00005936.jpg,454,288,617,486,-1,-1
00005937.jpg,453,288,616,486,-1,-1
00005938.jpg,452,288,615,486,-1,-1
00005939.jpg,449,288,612,486,-1,-1
00005940.jpg,448,287,611,485,-1,-1
00005941.jpg,448,286,611,484,-1,-1
00005942.jpg,449,289,612,487,-1,-1
00005943.jpg,450,288,613,486,-1,-1
00005944.jpg,456,287,628,486,-1,-1
00005945.jpg,456,287,628,486,-1,-1
00005946.jpg,456,287,628,486,-1,-1
00005947.jpg,456,287,628,486,-1,-1
00005948.jpg,454,290,626,489,-1,-1
00005949.jpg,453,296,625,495,-1,-1
00005950.jpg,454,299,626,498,-1,-1
00005951.jpg,456,296,628,495,-1,-1
00005952.jpg,458,294,630,493,-1,-1
00005953.jpg,459,292,631,491,-1,-1
00005954.jpg,459,291,631,490,-1,-1
00005955.jpg,459,291,631,490,-1,-1
00005956.jpg,458,291,630,490,-1,-1
00005957.jpg,458,292,630,491,-1,-1
00005958.jpg,458,292,630,491,-1,-1
00005959.jpg,458,292,630,491,-1,-1
00005960.jpg,458,292,630,491,-1,-1
00005961.jpg,459,293,631,492,-1,-1
00005962.jpg,460,294,632,493,-1,-1
00005963.jpg,462,295,634,494,-1,-1
00005964.jpg,466,296,638,495,722,496
00005965.jpg,466,296,638,495,723,496
