00005874.jpg,667,393,850,588,-1,-1
00005875.jpg,667,393,850,588,-1,-1
00005876.jpg,667,393,850,588,-1,-1
00005877.jpg,667,393,850,588,-1,-1
00005878.jpg,667,393,850,588,-1,-1
00005879.jpg,667,393,850,588,-1,-1
00005880.jpg,667,393,850,588,-1,-1
00005881.jpg,667,393,850,588,-1,-1
00005882.jpg,667,393,850,588,-1,-1
00005883.jpg,667,393,850,588,-1,-1
00005884.jpg,667,394,850,589,-1,-1
00005885.jpg,667,393,850,588,-1,-1
00005886.jpg,667,393,850,588,-1,-1
00005887.jpg,667,393,850,588,-1,-1
00005888.jpg,668,393,851,588,-1,-1
00005889.jpg,668,393,851,588,-1,-1
00005890.jpg,668,393,851,588,-1,-1
00005891.jpg,667,393,850,588,-1,-1
00005892.jpg,667,393,850,588,-1,-1
00005893.jpg,667,392,850,587,-1,-1
00005894.jpg,666,393,849,588,-1,-1
00005895.jpg,666,393,849,588,-1,-1
00005896.jpg,666,393,849,588,-1,-1
00005897.jpg,666,393,849,588,-1,-1
00005898.jpg,666,392,849,587,-1,-1
00005899.jpg,667,391,850,586,-1,-1
00005900.jpg,667,391,850,586,-1,-1
00005901.jpg,667,390,850,585,-1,-1
00005902.jpg,668,390,851,585,-1,-1
00005903.jpg,668,390,851,585,-1,-1
00005904.jpg,668,390,851,585,-1,-1
00005905.jpg,668,390,851,585,-1,-1
00005906.jpg,670,390,853,585,-1,-1
00005907.jpg,670,390,853,585,-1,-1
00005908.jpg,669,391,852,586,-1,-1
00005909.jpg,669,391,852,586,-1,-1
00005910.jpg,670,391,853,586,-1,-1
00005911.jpg,670,392,853,587,-1,-1
00005912.jpg,670,392,853,587,-1,-1
00005913.jpg,670,392,853,587,-1,-1
00005914.jpg,670,393,853,588,-1,-1
00005915.jpg,670,392,853,587,-1,-1
00005916.jpg,670,393,853,588,-1,-1
00005917.jpg,670,392,853,587,-1,-1
00005918.jpg,670,392,853,587,-1,-1
00005919.jpg,670,393,853,588,-1,-1
00005920.jpg,670,393,853,588,-1,-1
00005921.jpg,670,393,853,588,-1,-1
00005922.jpg,670,393,853,588,-1,-1
00005923.jpg,669,393,852,588,-1,-1
00005924.jpg,669,393,852,588,-1,-1
00005925.jpg,669,393,852,588,-1,-1
00005926.jpg,669,393,852,588,-1,-1
00005927.jpg,669,394,852,589,-1,-1
00005928.jpg,670,395,853,590,-1,-1
00005929.jpg,669,395,852,590,-1,-1
00005930.jpg,669,396,852,591,-1,-1
00005931.jpg,669,396,852,591,-1,-1
00005932.jpg,668,396,851,591,-1,-1
00005933.jpg,668,397,851,592,-1,-1
00005934.jpg,668,397,851,592,-1,-1
00005935.jpg,667,397,850,592,-1,-1
00005936.jpg,666,397,849,592,-1,-1
00005937.jpg,666,397,849,592,-1,-1
00005938.jpg,665,397,848,592,-1,-1
00005939.jpg,665,397,848,592,-1,-1
00005940.jpg,664,397,847,592,-1,-1
00005941.jpg,664,397,847,592,-1,-1
00005942.jpg,663,398,846,593,-1,-1
00005943.jpg,663,398,846,593,-1,-1
00005944.jpg,662,398,845,593,-1,-1
00005945.jpg,662,398,845,593,-1,-1
00005946.jpg,662,398,845,593,-1,-1
00005947.jpg,661,399,844,594,-1,-1
00005948.jpg,661,399,844,594,-1,-1
00005949.jpg,661,398,844,593,-1,-1
00005950.jpg,661,398,844,593,-1,-1
00005951.jpg,661,398,844,593,-1,-1
00005952.jpg,660,398,843,593,-1,-1
00005953.jpg,658,398,841,593,-1,-1
00005954.jpg,655,399,838,594,-1,-1
00005955.jpg,654,401,837,596,-1,-1
00005956.jpg,654,402,837,597,-1,-1
00005957.jpg,655,406,838,601,-1,-1
00005958.jpg,661,410,844,605,363,581
00005959.jpg,664,411,847,606,473,513
00005960.jpg,671,410,854,605,527,396
00005961.jpg,678,412,861,607,516,390
00005962.jpg,685,415,868,610,513,380
00005963.jpg,683,412,866,607,526,390
00005964.jpg,684,413,867,608,536,394
00005965.jpg,684,413,867,608,541,400
