00005874.jpg,1002,248,1194,455,760,469
00005875.jpg,1002,248,1194,455,760,471
00005876.jpg,1010,245,1202,452,760,471
00005877.jpg,1018,243,1210,450,762,470
00005878.jpg,1026,241,1218,448,762,470
00005879.jpg,1034,240,1226,447,766,470
00005880.jpg,1042,239,1234,446,763,470
00005881.jpg,1049,239,1241,446,763,470
00005882.jpg,1055,241,1247,448,763,470
00005883.jpg,1060,242,1252,449,763,470
00005884.jpg,1065,247,1257,454,763,470
00005885.jpg,1068,248,1260,455,691,438
00005886.jpg,1069,240,1259,451,545,380
00005887.jpg,1070,241,1260,452,542,380
00005888.jpg,1071,240,1261,451,536,378
00005889.jpg,1071,240,1261,451,530,378
00005890.jpg,1071,240,1261,451,525,373
00005891.jpg,1070,239,1260,450,523,373
00005892.jpg,1069,239,1259,450,526,371
00005893.jpg,1069,239,1259,450,526,371
00005894.jpg,1068,239,1258,450,526,371
00005895.jpg,1068,240,1258,451,526,371
00005896.jpg,1068,240,1258,451,522,374
00005897.jpg,1068,239,1258,450,520,375
00005898.jpg,1068,239,1258,450,520,375
00005899.jpg,1068,239,1258,450,520,376
00005900.jpg,1068,239,1258,450,522,376
00005901.jpg,1069,238,1259,449,522,376
00005902.jpg,1070,238,1260,449,522,376
00005903.jpg,1071,237,1261,448,522,376
00005904.jpg,1072,237,1262,448,522,376
00005905.jpg,1073,237,1263,448,522,376
00005906.jpg,1076,237,1266,448,522,376
00005907.jpg,1078,236,1268,447,522,376
00005908.jpg,1079,238,1269,449,526,376
00005909.jpg,1079,239,1269,450,526,376
00005910.jpg,1082,238,1272,449,526,376
00005911.jpg,1083,236,1273,447,526,376
00005912.jpg,1086,236,1276,447,526,376
00005913.jpg,1089,237,1279,448,526,376
00005914.jpg,1091,238,1281,449,536,381
00005915.jpg,1093,236,1283,447,740,476
00005916.jpg,1095,235,1285,446,571,396
00005917.jpg,1097,234,1287,445,741,483
00005918.jpg,1100,234,1290,445,741,488
00005919.jpg,1102,233,1292,444,738,490
00005920.jpg,1105,233,1295,444,740,495
00005921.jpg,1108,235,1298,446,740,498
00005922.jpg,1110,239,1300,450,738,498
00005923.jpg,1108,240,1298,451,737,503
00005924.jpg,1108,241,1298,452,735,506
00005925.jpg,1109,242,1299,453,737,511
00005926.jpg,1109,241,1299,452,736,511
00005927.jpg,1109,240,1299,451,732,511
00005928.jpg,1109,240,1299,451,731,511
00005929.jpg,1109,240,1299,451,730,511
00005930.jpg,1110,239,1300,450,731,511
00005931.jpg,1108,237,1298,448,733,511
00005932.jpg,1109,239,1299,450,732,511
00005933.jpg,1108,238,1298,449,733,508
00005934.jpg,1107,237,1297,448,733,506
00005935.jpg,1105,236,1295,447,733,508
00005936.jpg,1103,236,1293,447,732,508
00005937.jpg,1102,236,1292,447,735,508
00005938.jpg,1101,236,1291,447,736,508
00005939.jpg,1101,237,1291,448,735,508
00005940.jpg,1100,238,1290,449,736,509
00005941.jpg,1097,235,1287,446,733,509
00005942.jpg,1096,235,1286,446,735,509
00005943.jpg,1095,236,1285,447,732,509
00005944.jpg,1095,236,1285,447,733,509
00005945.jpg,1094,236,1284,447,733,509
00005946.jpg,1093,235,1283,446,733,509
00005947.jpg,1093,236,1283,447,733,509
00005948.jpg,1094,238,1284,449,733,509
00005949.jpg,1091,237,1281,448,733,509
00005950.jpg,1090,236,1280,447,733,509
00005951.jpg,1088,235,1278,446,733,509
00005952.jpg,1088,235,1278,446,733,509
00005953.jpg,1088,235,1278,446,733,509
00005954.jpg,1088,234,1278,445,733,509
00005955.jpg,1089,236,1279,447,750,534
00005956.jpg,1091,236,1281,447,751,530
00005957.jpg,1092,229,1282,440,755,540
00005958.jpg,1092,228,1282,439,755,540
00005959.jpg,1092,229,1282,440,758,540
00005960.jpg,1093,230,1283,441,761,540
00005961.jpg,1095,230,1285,441,768,540
00005962.jpg,1095,238,1285,449,775,536
00005963.jpg,1092,238,1282,449,775,533
00005964.jpg,1090,237,1280,448,776,533
00005965.jpg,1090,237,1280,448,776,528
