00006759.jpg,399,76,844,544,-1,-1
00006760.jpg,399,76,844,544,-1,-1
00006761.jpg,399,76,844,544,-1,-1
00006762.jpg,399,76,844,544,-1,-1
00006763.jpg,399,76,844,544,-1,-1
00006764.jpg,400,74,845,542,-1,-1
00006765.jpg,400,73,845,541,-1,-1
00006766.jpg,400,73,845,541,-1,-1
00006767.jpg,400,74,845,542,-1,-1
00006768.jpg,400,74,845,542,-1,-1
00006769.jpg,400,75,845,543,-1,-1
00006770.jpg,400,75,845,543,-1,-1
00006771.jpg,400,75,845,543,-1,-1
00006772.jpg,400,74,845,542,-1,-1
00006773.jpg,401,72,846,540,-1,-1
00006774.jpg,401,72,846,540,-1,-1
