00000989.jpg,741,80,1160,546,-1,-1
00000990.jpg,741,80,1160,546,-1,-1
00000991.jpg,741,80,1160,546,-1,-1
00000992.jpg,741,80,1160,546,-1,-1
00000993.jpg,748,75,1167,541,-1,-1
00000994.jpg,754,71,1173,537,-1,-1
00000995.jpg,757,68,1176,534,-1,-1
00000996.jpg,759,66,1178,532,-1,-1
00000997.jpg,759,65,1178,531,-1,-1
00000998.jpg,759,65,1178,531,-1,-1
00000999.jpg,758,66,1177,532,-1,-1
00001000.jpg,757,66,1176,532,-1,-1
00001001.jpg,756,65,1175,531,-1,-1
00001002.jpg,755,64,1174,530,-1,-1
00001003.jpg,753,62,1172,528,-1,-1
00001004.jpg,752,60,1171,526,-1,-1
00001005.jpg,751,59,1170,525,-1,-1
00001006.jpg,751,57,1170,523,-1,-1
00001007.jpg,751,54,1170,520,-1,-1
00001008.jpg,752,53,1171,519,-1,-1
00001009.jpg,753,52,1172,518,-1,-1
00001010.jpg,754,51,1173,517,-1,-1
00001011.jpg,754,51,1173,517,-1,-1
00001012.jpg,755,52,1174,518,-1,-1
00001013.jpg,757,52,1176,518,-1,-1
00001014.jpg,757,53,1176,519,-1,-1
00001015.jpg,758,55,1177,521,-1,-1
00001016.jpg,758,58,1177,524,-1,-1
00001017.jpg,757,61,1176,527,-1,-1
00001018.jpg,754,65,1173,531,-1,-1
00001019.jpg,749,70,1168,536,-1,-1
00001020.jpg,743,76,1162,542,-1,-1
00001021.jpg,745,79,1156,542,-1,-1
00001022.jpg,745,79,1156,542,-1,-1
00001023.jpg,746,76,1147,539,-1,-1
00001024.jpg,746,76,1147,539,-1,-1
00001025.jpg,741,80,1142,543,-1,-1
00001026.jpg,737,83,1138,546,-1,-1
00001027.jpg,733,86,1134,549,-1,-1
00001028.jpg,730,90,1131,553,-1,-1
00001029.jpg,728,93,1129,556,-1,-1
00001030.jpg,727,95,1128,558,-1,-1
00001031.jpg,726,97,1127,560,-1,-1
00001032.jpg,725,99,1126,562,-1,-1
00001033.jpg,724,100,1125,563,-1,-1
00001034.jpg,723,102,1124,565,-1,-1
00001035.jpg,722,103,1123,566,-1,-1
00001036.jpg,722,105,1123,568,-1,-1
00001037.jpg,721,106,1122,569,-1,-1
00001038.jpg,721,108,1122,571,-1,-1
00001039.jpg,722,109,1123,572,-1,-1
00001040.jpg,722,110,1123,573,-1,-1
00001041.jpg,723,110,1124,573,-1,-1
00001042.jpg,723,111,1124,574,-1,-1
00001043.jpg,723,112,1124,575,-1,-1
00001044.jpg,723,113,1124,576,-1,-1
00001045.jpg,723,114,1124,577,-1,-1
00001046.jpg,723,114,1124,577,-1,-1
00001047.jpg,723,115,1124,578,-1,-1
00001048.jpg,722,115,1123,578,-1,-1
00001049.jpg,723,116,1124,579,-1,-1
00001050.jpg,723,116,1124,579,-1,-1
00001051.jpg,723,116,1124,579,-1,-1
00001052.jpg,723,116,1124,579,-1,-1
00001053.jpg,723,116,1124,579,-1,-1
00001054.jpg,723,116,1124,579,-1,-1
00001055.jpg,723,116,1124,579,-1,-1
00001056.jpg,723,115,1124,578,-1,-1
00001057.jpg,724,115,1125,578,-1,-1
00001058.jpg,724,115,1125,578,-1,-1
00001059.jpg,724,114,1125,577,-1,-1
00001060.jpg,725,113,1126,576,-1,-1
00001061.jpg,725,112,1126,575,-1,-1
00001062.jpg,726,111,1127,574,-1,-1
00001063.jpg,726,110,1127,573,-1,-1
00001064.jpg,727,109,1128,572,-1,-1
00001065.jpg,728,107,1129,570,-1,-1
00001066.jpg,729,106,1130,569,-1,-1
00001067.jpg,730,105,1131,568,-1,-1
00001068.jpg,730,104,1131,567,-1,-1
00001069.jpg,730,103,1131,566,-1,-1
00001070.jpg,730,102,1131,565,-1,-1
00001071.jpg,730,101,1131,564,-1,-1
00001072.jpg,731,101,1132,564,-1,-1
00001073.jpg,731,101,1132,564,-1,-1
00001074.jpg,732,101,1133,564,-1,-1
00001075.jpg,731,100,1132,563,-1,-1
00001076.jpg,731,99,1132,562,-1,-1
00001077.jpg,730,98,1131,561,-1,-1
00001078.jpg,730,96,1131,559,-1,-1
00001079.jpg,729,95,1130,558,-1,-1
00001080.jpg,729,93,1130,556,-1,-1
00001081.jpg,728,92,1129,555,-1,-1
00001082.jpg,727,91,1128,554,-1,-1
00001083.jpg,726,91,1127,554,-1,-1
00001084.jpg,726,91,1127,554,-1,-1
00001085.jpg,726,90,1127,553,-1,-1
00001086.jpg,725,90,1126,553,-1,-1
00001087.jpg,726,88,1127,551,-1,-1
00001088.jpg,729,85,1130,548,-1,-1
00001089.jpg,733,80,1134,543,-1,-1
00001090.jpg,740,75,1141,538,-1,-1
00001091.jpg,746,76,1147,539,-1,-1
00001092.jpg,746,76,1147,539,-1,-1
00001093.jpg,741,70,1137,531,-1,-1
00001094.jpg,741,70,1137,531,-1,-1
00001095.jpg,745,67,1141,528,-1,-1
00001096.jpg,748,65,1144,526,-1,-1
00001097.jpg,748,64,1144,525,-1,-1
00001098.jpg,748,63,1144,524,-1,-1
00001099.jpg,747,63,1143,524,-1,-1
00001100.jpg,745,63,1141,524,-1,-1
00001101.jpg,743,64,1139,525,-1,-1
00001102.jpg,736,67,1132,528,-1,-1
00001103.jpg,727,73,1123,534,-1,-1
00001104.jpg,741,70,1137,531,-1,-1
00001105.jpg,741,70,1137,531,-1,-1
00001106.jpg,730,78,1126,539,-1,-1
00001107.jpg,720,84,1116,545,-1,-1
00001108.jpg,711,89,1107,550,-1,-1
00001109.jpg,704,92,1100,553,-1,-1
00001110.jpg,701,94,1097,555,-1,-1
00001111.jpg,699,95,1095,556,-1,-1
00001112.jpg,699,94,1095,555,-1,-1
00001113.jpg,699,93,1095,554,-1,-1
00001114.jpg,700,91,1096,552,-1,-1
00001115.jpg,701,90,1097,551,-1,-1
00001116.jpg,702,90,1098,551,-1,-1
00001117.jpg,703,91,1099,552,-1,-1
00001118.jpg,704,93,1100,554,-1,-1
00001119.jpg,706,95,1102,556,-1,-1
00001120.jpg,707,95,1103,556,-1,-1
00001121.jpg,710,95,1106,556,-1,-1
00001122.jpg,711,95,1107,556,-1,-1
00001123.jpg,713,94,1109,555,-1,-1
00001124.jpg,715,94,1111,555,-1,-1
00001125.jpg,717,94,1113,555,-1,-1
00001126.jpg,719,94,1115,555,-1,-1
00001127.jpg,722,94,1118,555,-1,-1
00001128.jpg,724,93,1120,554,-1,-1
00001129.jpg,726,91,1122,552,-1,-1
00001130.jpg,728,87,1124,548,-1,-1
00001131.jpg,730,83,1126,544,-1,-1
00001132.jpg,732,78,1128,539,-1,-1
00001133.jpg,735,72,1131,533,-1,-1
00001134.jpg,737,66,1133,527,-1,-1
00001135.jpg,741,70,1137,531,-1,-1
00001136.jpg,741,70,1137,531,-1,-1
00001137.jpg,743,67,1139,528,-1,-1
00001138.jpg,745,64,1141,525,-1,-1
00001139.jpg,747,61,1143,522,-1,-1
00001140.jpg,748,58,1144,519,-1,-1
00001141.jpg,753,64,1147,515,-1,-1
00001142.jpg,753,64,1147,515,-1,-1
00001143.jpg,754,62,1148,513,-1,-1
00001144.jpg,755,60,1149,511,-1,-1
00001145.jpg,757,58,1151,509,-1,-1
00001146.jpg,758,57,1152,508,-1,-1
00001147.jpg,759,55,1153,506,-1,-1
00001148.jpg,761,53,1155,504,-1,-1
00001149.jpg,763,52,1157,503,-1,-1
00001150.jpg,765,51,1159,502,-1,-1
00001151.jpg,768,51,1162,502,-1,-1
00001152.jpg,770,50,1164,501,-1,-1
00001153.jpg,773,50,1167,501,-1,-1
00001154.jpg,777,50,1171,501,-1,-1
00001155.jpg,781,49,1175,500,-1,-1
00001156.jpg,785,49,1179,500,-1,-1
00001157.jpg,789,49,1183,500,-1,-1
00001158.jpg,793,49,1187,500,-1,-1
00001159.jpg,795,50,1189,501,-1,-1
00001160.jpg,797,49,1191,500,-1,-1
00001161.jpg,800,50,1194,501,-1,-1
00001162.jpg,801,49,1195,500,-1,-1
00001163.jpg,803,50,1197,501,-1,-1
00001164.jpg,804,52,1198,503,-1,-1
00001165.jpg,805,54,1199,505,-1,-1
00001166.jpg,806,56,1200,507,-1,-1
00001167.jpg,808,59,1202,510,-1,-1
00001168.jpg,809,61,1203,512,-1,-1
00001169.jpg,810,63,1204,514,-1,-1
00001170.jpg,810,64,1204,515,-1,-1
00001171.jpg,810,65,1204,516,-1,-1
00001172.jpg,810,65,1204,516,-1,-1
00001173.jpg,810,65,1204,516,-1,-1
00001174.jpg,810,65,1204,516,-1,-1
00001175.jpg,810,64,1204,515,-1,-1
00001176.jpg,810,64,1204,515,-1,-1
00001177.jpg,810,64,1204,515,-1,-1
00001178.jpg,810,64,1204,515,-1,-1
00001179.jpg,810,66,1204,517,-1,-1
00001180.jpg,811,68,1205,519,-1,-1
00001181.jpg,812,71,1206,522,-1,-1
00001182.jpg,812,74,1206,525,-1,-1
00001183.jpg,812,76,1206,527,-1,-1
00001184.jpg,811,78,1205,529,-1,-1
00001185.jpg,811,79,1205,530,-1,-1
00001186.jpg,811,80,1205,531,-1,-1
00001187.jpg,811,80,1205,531,-1,-1
00001188.jpg,812,82,1206,533,-1,-1
00001189.jpg,812,85,1206,536,-1,-1
00001190.jpg,810,89,1204,540,-1,-1
00001191.jpg,802,84,1199,537,-1,-1
00001192.jpg,802,84,1199,537,-1,-1
00001193.jpg,797,91,1194,544,-1,-1
00001194.jpg,791,85,1195,547,-1,-1
00001195.jpg,791,85,1195,547,-1,-1
00001196.jpg,787,88,1191,550,-1,-1
00001197.jpg,784,91,1188,553,-1,-1
00001198.jpg,781,94,1185,556,-1,-1
00001199.jpg,778,96,1182,558,-1,-1
00001200.jpg,776,98,1180,560,-1,-1
00001201.jpg,774,99,1178,561,-1,-1
00001202.jpg,772,101,1176,563,-1,-1
00001203.jpg,770,102,1174,564,-1,-1
00001204.jpg,769,103,1173,565,-1,-1
00001205.jpg,768,104,1172,566,-1,-1
00001206.jpg,768,105,1172,567,-1,-1
00001207.jpg,767,106,1171,568,-1,-1
00001208.jpg,767,106,1171,568,-1,-1
00001209.jpg,767,107,1171,569,-1,-1
00001210.jpg,767,107,1171,569,-1,-1
00001211.jpg,767,108,1171,570,-1,-1
00001212.jpg,767,109,1171,571,-1,-1
00001213.jpg,767,109,1171,571,-1,-1
00001214.jpg,767,109,1171,571,-1,-1
00001215.jpg,766,109,1170,571,-1,-1
00001216.jpg,766,109,1170,571,-1,-1
00001217.jpg,766,109,1170,571,-1,-1
00001218.jpg,765,109,1169,571,-1,-1
00001219.jpg,765,109,1169,571,-1,-1
00001220.jpg,765,108,1169,570,-1,-1
00001221.jpg,765,107,1169,569,-1,-1
00001222.jpg,765,107,1169,569,-1,-1
00001223.jpg,765,106,1169,568,-1,-1
00001224.jpg,765,105,1169,567,-1,-1
00001225.jpg,764,104,1168,566,-1,-1
00001226.jpg,764,103,1168,565,-1,-1
00001227.jpg,763,101,1167,563,-1,-1
00001228.jpg,763,100,1167,562,-1,-1
00001229.jpg,763,98,1167,560,-1,-1
00001230.jpg,764,97,1168,559,-1,-1
00001231.jpg,764,95,1168,557,-1,-1
00001232.jpg,763,93,1167,555,-1,-1
00001233.jpg,762,92,1166,554,-1,-1
00001234.jpg,762,91,1166,553,-1,-1
00001235.jpg,762,90,1166,552,-1,-1
00001236.jpg,762,89,1166,551,-1,-1
00001237.jpg,762,89,1166,551,-1,-1
00001238.jpg,761,89,1165,551,-1,-1
00001239.jpg,761,90,1165,552,-1,-1
00001240.jpg,760,90,1164,552,-1,-1
00001241.jpg,760,89,1164,551,-1,-1
00001242.jpg,759,87,1163,549,-1,-1
00001243.jpg,758,86,1162,548,-1,-1
00001244.jpg,757,85,1161,547,-1,-1
00001245.jpg,754,85,1158,547,-1,-1
00001246.jpg,752,85,1156,547,-1,-1
00001247.jpg,749,85,1153,547,-1,-1
00001248.jpg,747,85,1151,547,-1,-1
00001249.jpg,746,86,1150,548,-1,-1
00001250.jpg,745,86,1149,548,-1,-1
00001251.jpg,744,87,1148,549,-1,-1
00001252.jpg,743,87,1147,549,-1,-1
00001253.jpg,743,87,1147,549,-1,-1
00001254.jpg,744,86,1148,548,-1,-1
00001255.jpg,744,86,1148,548,-1,-1
00001256.jpg,743,86,1147,548,-1,-1
00001257.jpg,741,86,1145,548,-1,-1
00001258.jpg,740,85,1144,547,-1,-1
00001259.jpg,739,85,1143,547,-1,-1
00001260.jpg,738,85,1142,547,-1,-1
00001261.jpg,739,84,1143,546,-1,-1
00001262.jpg,740,83,1144,545,-1,-1
00001263.jpg,744,81,1148,543,-1,-1
00001264.jpg,743,77,1151,543,-1,-1
00001265.jpg,743,77,1151,543,-1,-1
00001266.jpg,741,73,1145,538,-1,-1
00001267.jpg,741,73,1145,538,-1,-1
00001268.jpg,747,70,1151,535,-1,-1
00001269.jpg,752,69,1156,534,-1,-1
00001270.jpg,757,70,1161,535,-1,-1
00001271.jpg,762,72,1166,537,-1,-1
00001272.jpg,767,75,1171,540,-1,-1
00001273.jpg,760,77,1157,543,-1,-1
00001274.jpg,760,77,1157,543,-1,-1
00001275.jpg,764,79,1161,545,-1,-1
00001276.jpg,769,82,1166,548,-1,-1
00001277.jpg,773,83,1170,549,-1,-1
00001278.jpg,778,85,1175,551,-1,-1
00001279.jpg,781,86,1178,552,-1,-1
00001280.jpg,784,87,1181,553,-1,-1
00001281.jpg,785,89,1182,555,-1,-1
00001282.jpg,783,93,1180,559,-1,-1
00001283.jpg,777,96,1174,562,-1,-1
00001284.jpg,770,100,1167,566,-1,-1
00001285.jpg,762,104,1159,570,-1,-1
00001286.jpg,754,106,1151,572,-1,-1
00001287.jpg,746,109,1143,575,-1,-1
00001288.jpg,739,110,1136,576,-1,-1
00001289.jpg,739,110,1136,576,-1,-1
