00035271.jpg,510,31,592,131,-1,-1
00035272.jpg,510,31,592,131,-1,-1
00035273.jpg,510,31,592,131,-1,-1
00035274.jpg,510,31,592,131,-1,-1
00035275.jpg,510,31,592,131,-1,-1
00035276.jpg,510,31,592,131,-1,-1
00035277.jpg,515,37,594,131,-1,-1
00035278.jpg,515,37,594,131,-1,-1
00035279.jpg,515,38,594,132,-1,-1
00035280.jpg,516,38,595,132,-1,-1
00035281.jpg,516,38,595,132,-1,-1
00035282.jpg,516,38,595,132,-1,-1
00035283.jpg,513,44,597,142,-1,-1
00035284.jpg,513,44,597,142,-1,-1
00035285.jpg,512,44,596,142,-1,-1
00035286.jpg,512,44,596,142,-1,-1
00035287.jpg,511,44,595,142,-1,-1
00035288.jpg,510,44,594,142,-1,-1
00035289.jpg,508,44,592,142,-1,-1
00035290.jpg,507,45,591,143,-1,-1
00035291.jpg,504,44,588,142,-1,-1
00035292.jpg,500,44,584,142,-1,-1
00035293.jpg,499,40,581,142,-1,-1
00035294.jpg,498,40,580,142,-1,-1
00035295.jpg,492,40,574,138,-1,-1
00035296.jpg,492,40,574,138,-1,-1
00035297.jpg,476,45,564,144,-1,-1
00035298.jpg,476,44,564,143,-1,-1
00035299.jpg,476,43,564,142,-1,-1
00035300.jpg,476,43,564,142,-1,-1
00035301.jpg,475,42,563,141,-1,-1
00035302.jpg,474,42,562,141,-1,-1
00035303.jpg,473,41,561,140,-1,-1
00035304.jpg,472,41,560,140,-1,-1
00035305.jpg,472,40,560,139,-1,-1
00035306.jpg,471,40,559,139,-1,-1
00035307.jpg,468,37,550,137,-1,-1
00035308.jpg,468,37,550,137,-1,-1
00035309.jpg,468,37,550,137,-1,-1
00035310.jpg,468,36,550,136,-1,-1
00035311.jpg,462,40,547,136,-1,-1
00035312.jpg,462,40,547,136,-1,-1
00035313.jpg,462,40,547,136,852,130
00035314.jpg,462,40,547,136,852,130
00035315.jpg,462,40,547,136,852,130
00035316.jpg,462,40,547,136,852,130
00035317.jpg,462,40,547,136,852,130
00035318.jpg,462,40,547,136,852,130
00035319.jpg,462,40,547,136,852,130
00035320.jpg,462,40,547,136,852,130
00035321.jpg,462,40,547,136,852,130
00035322.jpg,462,40,547,136,852,130
00035323.jpg,461,40,546,136,852,130
00035324.jpg,461,40,546,136,776,142
00035325.jpg,461,40,546,136,776,142
00035326.jpg,457,34,541,131,773,143
00035327.jpg,457,34,541,131,771,142
00035328.jpg,457,34,541,131,622,189
