00035271.jpg,91,143,198,271,-1,-1
00035272.jpg,91,143,198,271,-1,-1
00035273.jpg,91,143,198,271,-1,-1
00035274.jpg,91,143,198,271,-1,-1
00035275.jpg,91,143,198,271,-1,-1
00035276.jpg,91,143,198,271,-1,-1
00035277.jpg,91,143,198,271,739,144
00035278.jpg,86,143,193,272,736,144
00035279.jpg,86,143,193,272,733,146
00035280.jpg,87,143,194,272,736,146
00035281.jpg,88,143,195,272,735,146
00035282.jpg,90,150,199,269,735,146
00035283.jpg,90,150,199,269,732,146
00035284.jpg,90,150,199,269,732,146
00035285.jpg,91,150,200,269,732,146
00035286.jpg,91,150,200,269,732,146
00035287.jpg,91,151,200,270,732,146
00035288.jpg,92,152,201,271,732,146
00035289.jpg,93,152,202,271,732,146
00035290.jpg,94,153,203,272,732,146
00035291.jpg,95,154,204,273,732,146
00035292.jpg,95,154,204,273,732,146
00035293.jpg,96,155,205,274,732,146
00035294.jpg,96,155,205,274,732,148
00035295.jpg,96,155,205,274,732,148
00035296.jpg,96,155,205,274,732,148
00035297.jpg,97,156,206,275,732,148
00035298.jpg,97,156,206,275,732,148
00035299.jpg,97,156,206,275,732,148
00035300.jpg,97,156,206,275,732,150
00035301.jpg,97,156,206,275,738,154
00035302.jpg,97,156,206,275,740,155
00035303.jpg,97,156,206,275,740,155
00035304.jpg,97,156,206,275,736,155
00035305.jpg,96,156,205,275,736,155
00035306.jpg,94,155,203,274,-1,-1
00035307.jpg,92,153,201,272,-1,-1
00035308.jpg,95,151,199,276,-1,-1
00035309.jpg,95,151,199,276,-1,-1
00035310.jpg,94,151,198,276,-1,-1
00035311.jpg,94,151,198,276,-1,-1
00035312.jpg,93,150,197,275,-1,-1
00035313.jpg,92,150,196,275,-1,-1
00035314.jpg,91,149,195,274,-1,-1
00035315.jpg,91,149,195,274,-1,-1
00035316.jpg,90,148,194,273,-1,-1
00035317.jpg,89,148,193,273,-1,-1
00035318.jpg,89,148,193,273,-1,-1
00035319.jpg,88,147,192,272,-1,-1
00035320.jpg,87,147,191,272,-1,-1
00035321.jpg,87,147,191,272,-1,-1
00035322.jpg,87,147,191,272,-1,-1
00035323.jpg,87,147,191,272,-1,-1
00035324.jpg,87,147,191,272,-1,-1
00035325.jpg,87,146,191,271,-1,-1
00035326.jpg,87,146,191,271,-1,-1
00035327.jpg,87,146,191,271,-1,-1
00035328.jpg,87,146,191,271,-1,-1
