00035271.jpg,595,130,702,257,-1,-1
00035272.jpg,595,130,702,257,-1,-1
00035273.jpg,595,130,702,257,-1,-1
00035274.jpg,595,136,698,261,-1,-1
00035275.jpg,592,135,697,262,-1,-1
00035276.jpg,586,135,692,266,-1,-1
00035277.jpg,584,139,689,273,-1,-1
00035278.jpg,574,136,686,280,588,478
00035279.jpg,569,146,682,294,588,478
00035280.jpg,566,159,674,301,588,478
00035281.jpg,558,174,666,311,588,478
00035282.jpg,556,184,669,323,588,478
00035283.jpg,553,193,664,330,588,478
00035284.jpg,550,207,659,333,588,478
00035285.jpg,552,215,662,344,588,478
00035286.jpg,551,216,662,348,588,478
00035287.jpg,547,219,658,353,588,478
00035288.jpg,547,219,658,353,588,478
00035289.jpg,548,223,659,357,588,478
00035290.jpg,551,227,662,361,588,478
00035291.jpg,554,230,665,364,588,478
00035292.jpg,558,231,669,365,588,478
00035293.jpg,562,230,673,364,588,478
00035294.jpg,565,229,676,363,588,478
00035295.jpg,570,225,681,359,588,478
00035296.jpg,576,220,687,354,588,478
00035297.jpg,581,215,692,349,588,478
00035298.jpg,587,210,698,344,588,478
00035299.jpg,593,204,704,338,588,478
00035300.jpg,598,197,709,331,588,478
00035301.jpg,601,190,712,324,588,478
00035302.jpg,604,182,715,316,588,478
00035303.jpg,605,173,716,307,588,478
00035304.jpg,610,170,718,309,588,478
00035305.jpg,615,162,722,304,588,478
00035306.jpg,612,156,715,292,588,478
00035307.jpg,612,156,715,292,588,478
00035308.jpg,610,149,713,285,588,478
00035309.jpg,608,142,711,278,-1,-1
00035310.jpg,602,137,705,273,-1,-1
00035311.jpg,596,129,701,271,-1,-1
00035312.jpg,593,128,695,270,-1,-1
00035313.jpg,593,128,695,270,-1,-1
00035314.jpg,590,126,692,268,-1,-1
00035315.jpg,587,124,689,266,-1,-1
00035316.jpg,584,123,686,265,-1,-1
00035317.jpg,582,122,684,264,-1,-1
00035318.jpg,581,121,683,263,-1,-1
00035319.jpg,581,120,683,262,-1,-1
00035320.jpg,581,119,683,261,-1,-1
00035321.jpg,582,119,684,261,-1,-1
00035322.jpg,583,119,685,261,-1,-1
00035323.jpg,586,119,688,261,-1,-1
00035324.jpg,587,124,691,256,-1,-1
00035325.jpg,587,124,691,256,-1,-1
00035326.jpg,591,124,695,256,-1,-1
00035327.jpg,596,123,700,255,-1,-1
00035328.jpg,596,123,700,255,-1,-1
