00035271.jpg,1001,108,1095,227,-1,-1
00035272.jpg,1001,108,1095,227,-1,-1
00035273.jpg,1001,108,1095,227,-1,-1
00035274.jpg,1001,108,1095,227,-1,-1
00035275.jpg,1001,108,1095,227,-1,-1
00035276.jpg,1000,107,1094,226,-1,-1
00035277.jpg,1001,106,1095,225,-1,-1
00035278.jpg,1001,104,1095,223,-1,-1
00035279.jpg,1002,102,1096,221,-1,-1
00035280.jpg,1002,100,1096,219,-1,-1
00035281.jpg,1002,99,1096,218,-1,-1
00035282.jpg,1002,99,1096,218,-1,-1
00035283.jpg,1002,99,1096,218,-1,-1
00035284.jpg,1002,99,1096,218,-1,-1
00035285.jpg,1001,101,1095,220,-1,-1
00035286.jpg,1001,101,1095,220,-1,-1
00035287.jpg,1001,102,1095,221,-1,-1
00035288.jpg,1001,102,1095,221,-1,-1
00035289.jpg,1001,102,1095,221,-1,-1
00035290.jpg,1003,101,1097,220,-1,-1
00035291.jpg,1004,99,1098,218,-1,-1
00035292.jpg,1006,96,1100,215,-1,-1
00035293.jpg,1008,93,1102,212,-1,-1
00035294.jpg,1010,92,1104,211,-1,-1
00035295.jpg,1011,90,1105,209,-1,-1
00035296.jpg,1012,89,1106,208,-1,-1
00035297.jpg,1013,88,1107,207,-1,-1
00035298.jpg,1015,87,1109,206,-1,-1
00035299.jpg,1015,87,1109,206,-1,-1
00035300.jpg,1015,87,1109,206,-1,-1
00035301.jpg,1015,88,1109,207,-1,-1
00035302.jpg,1015,89,1109,208,-1,-1
00035303.jpg,1014,90,1108,209,-1,-1
00035304.jpg,1013,92,1107,211,-1,-1
00035305.jpg,1012,93,1106,212,-1,-1
00035306.jpg,1012,95,1106,214,-1,-1
00035307.jpg,1011,95,1105,214,-1,-1
00035308.jpg,1011,94,1105,213,-1,-1
00035309.jpg,1012,93,1106,212,-1,-1
00035310.jpg,1012,91,1106,210,-1,-1
00035311.jpg,1013,90,1107,209,-1,-1
00035312.jpg,1014,89,1108,208,-1,-1
00035313.jpg,1015,88,1109,207,-1,-1
00035314.jpg,1016,87,1110,206,-1,-1
00035315.jpg,1011,97,1103,206,-1,-1
00035316.jpg,1011,97,1103,206,-1,-1
00035317.jpg,1012,97,1104,206,-1,-1
00035318.jpg,1013,97,1105,206,-1,-1
00035319.jpg,1014,96,1106,205,-1,-1
00035320.jpg,1015,96,1107,205,-1,-1
00035321.jpg,1017,96,1109,205,-1,-1
00035322.jpg,1018,97,1110,206,-1,-1
00035323.jpg,1019,97,1111,206,-1,-1
00035324.jpg,1021,97,1113,206,-1,-1
00035325.jpg,1022,97,1114,206,-1,-1
00035326.jpg,1024,97,1116,206,-1,-1
00035327.jpg,1025,98,1117,207,-1,-1
00035328.jpg,1025,98,1117,207,-1,-1
