00035271.jpg,1179,81,1266,187,-1,-1
00035272.jpg,1179,81,1266,187,-1,-1
00035273.jpg,1179,81,1266,187,-1,-1
00035274.jpg,1179,81,1266,187,-1,-1
00035275.jpg,1180,80,1267,186,-1,-1
00035276.jpg,1181,80,1268,186,-1,-1
00035277.jpg,1181,79,1268,185,-1,-1
00035278.jpg,1183,80,1270,186,-1,-1
00035279.jpg,1184,81,1271,187,-1,-1
00035280.jpg,1184,80,1271,186,-1,-1
00035281.jpg,1185,80,1272,186,-1,-1
00035282.jpg,1186,79,1273,185,-1,-1
00035283.jpg,1187,79,1274,185,-1,-1
00035284.jpg,1188,80,1275,186,-1,-1
00035285.jpg,1189,80,1276,186,-1,-1
00035286.jpg,1190,79,1277,185,-1,-1
00035287.jpg,1191,78,1278,184,-1,-1
00035288.jpg,1192,78,1279,184,-1,-1
00035289.jpg,1193,79,1280,185,-1,-1
00035290.jpg,1193,79,1280,185,-1,-1
00035291.jpg,1193,78,1280,184,-1,-1
00035292.jpg,1193,78,1280,184,-1,-1
00035293.jpg,1193,77,1280,183,-1,-1
00035294.jpg,1202,84,1281,180,-1,-1
00035295.jpg,1202,84,1280,180,-1,-1
00035296.jpg,1202,84,1280,180,-1,-1
00035297.jpg,1202,84,1280,180,-1,-1
00035298.jpg,1202,84,1280,180,-1,-1
00035299.jpg,1202,84,1280,180,-1,-1
00035300.jpg,1202,85,1280,181,-1,-1
00035301.jpg,1202,85,1280,181,-1,-1
00035302.jpg,1202,85,1280,181,-1,-1
00035303.jpg,1202,85,1280,181,-1,-1
00035304.jpg,1202,85,1280,181,-1,-1
00035305.jpg,1202,85,1280,181,-1,-1
00035306.jpg,1202,85,1280,181,-1,-1
00035307.jpg,1201,85,1279,181,-1,-1
00035308.jpg,1200,85,1278,181,-1,-1
00035309.jpg,1199,85,1277,181,-1,-1
00035310.jpg,1198,86,1276,182,-1,-1
00035311.jpg,1200,87,1279,183,-1,-1
00035312.jpg,1200,87,1279,183,-1,-1
00035313.jpg,1199,87,1278,183,-1,-1
00035314.jpg,1199,87,1278,183,-1,-1
00035315.jpg,1199,87,1278,183,-1,-1
00035316.jpg,1198,87,1277,183,-1,-1
00035317.jpg,1198,87,1277,183,-1,-1
00035318.jpg,1198,87,1277,183,-1,-1
00035319.jpg,1198,87,1277,183,-1,-1
00035320.jpg,1198,87,1277,183,-1,-1
00035321.jpg,1198,87,1277,183,-1,-1
00035322.jpg,1197,88,1276,184,-1,-1
00035323.jpg,1197,88,1276,184,-1,-1
00035324.jpg,1197,88,1276,184,-1,-1
00035325.jpg,1197,87,1276,183,-1,-1
00035326.jpg,1197,87,1276,183,-1,-1
00035327.jpg,1197,87,1276,183,-1,-1
00035328.jpg,1197,87,1276,183,-1,-1
