00000001.jpg,590,64,738,211,-1,-1
00000002.jpg,590,64,738,211,-1,-1
00000003.jpg,590,64,738,211,-1,-1
00000004.jpg,580,62,731,211,-1,-1
00000005.jpg,580,62,731,211,-1,-1
00000006.jpg,574,62,725,211,-1,-1
00000007.jpg,567,61,718,210,-1,-1
00000008.jpg,558,62,709,211,-1,-1
00000009.jpg,549,62,700,211,-1,-1
00000010.jpg,540,63,691,212,-1,-1
00000011.jpg,531,64,682,213,-1,-1
00000012.jpg,519,65,670,214,-1,-1
00000013.jpg,507,60,658,209,-1,-1
00000014.jpg,497,65,648,214,-1,-1
00000015.jpg,485,65,636,214,-1,-1
00000016.jpg,473,67,624,216,-1,-1
00000017.jpg,461,68,612,217,-1,-1
00000018.jpg,450,69,601,218,-1,-1
00000019.jpg,439,70,590,219,-1,-1
00000020.jpg,429,71,580,220,-1,-1
00000021.jpg,420,71,571,220,-1,-1
00000022.jpg,411,72,562,221,-1,-1
00000023.jpg,403,72,554,221,-1,-1
00000024.jpg,395,71,546,220,-1,-1
00000025.jpg,388,70,539,219,-1,-1
00000026.jpg,382,69,533,218,-1,-1
00000027.jpg,380,66,531,215,-1,-1
00000028.jpg,377,65,528,214,-1,-1
00000029.jpg,374,64,525,213,-1,-1
00000030.jpg,369,64,520,213,-1,-1
00000031.jpg,367,62,518,211,-1,-1
00000032.jpg,367,61,518,210,-1,-1
00000033.jpg,367,60,518,209,-1,-1
00000034.jpg,367,58,518,207,-1,-1
00000035.jpg,368,58,519,207,-1,-1
00000036.jpg,368,58,519,207,-1,-1
00000037.jpg,369,57,520,206,-1,-1
00000038.jpg,366,62,511,204,-1,-1
00000039.jpg,366,62,511,204,-1,-1
00000040.jpg,368,61,513,203,-1,-1
00000041.jpg,371,59,516,201,-1,-1
00000042.jpg,373,57,518,199,-1,-1
00000043.jpg,376,56,521,198,-1,-1
00000044.jpg,379,53,524,195,-1,-1
00000045.jpg,380,53,525,195,-1,-1
00000046.jpg,381,53,526,195,-1,-1
00000047.jpg,381,53,526,195,-1,-1
00000048.jpg,380,54,525,196,-1,-1
00000049.jpg,379,53,524,195,-1,-1
00000050.jpg,376,53,521,195,-1,-1
00000051.jpg,376,53,521,195,-1,-1
00000052.jpg,375,54,520,196,-1,-1
00000053.jpg,372,54,517,196,-1,-1
00000054.jpg,369,54,514,196,-1,-1
00000055.jpg,366,55,511,197,-1,-1
00000056.jpg,364,55,509,197,-1,-1
00000057.jpg,359,53,504,195,-1,-1
00000058.jpg,355,53,500,195,-1,-1
00000059.jpg,351,52,496,194,-1,-1
00000060.jpg,347,51,492,193,-1,-1
00000061.jpg,343,51,488,193,857,196
00000062.jpg,339,50,484,192,859,196
00000063.jpg,335,50,480,192,860,196
00000064.jpg,332,50,477,192,867,195
00000065.jpg,329,51,474,193,867,195
00000066.jpg,326,51,471,193,869,195
00000067.jpg,325,53,470,195,870,195
00000068.jpg,328,58,473,200,871,195
00000069.jpg,326,59,471,201,872,195
00000070.jpg,315,58,465,209,872,199
00000071.jpg,315,58,465,209,872,199
00000072.jpg,314,59,464,210,871,202
00000073.jpg,312,59,462,210,870,204
00000074.jpg,311,59,461,210,869,208
00000075.jpg,310,59,460,210,870,210
00000076.jpg,310,59,460,210,870,212
00000077.jpg,311,58,461,209,870,214
00000078.jpg,312,58,462,209,871,215
00000079.jpg,313,58,463,209,873,215
00000080.jpg,314,58,464,209,877,213
00000081.jpg,316,57,466,208,881,213
00000082.jpg,318,56,468,207,881,213
00000083.jpg,320,55,470,206,884,213
00000084.jpg,322,55,472,206,886,213
00000085.jpg,327,55,477,206,888,215
00000086.jpg,334,55,484,206,892,214
00000087.jpg,336,54,486,205,894,214
00000088.jpg,339,53,489,204,897,211
00000089.jpg,346,53,496,204,898,209
00000090.jpg,351,53,501,204,900,207
00000091.jpg,357,54,507,205,904,207
00000092.jpg,363,54,513,205,907,204
00000093.jpg,369,55,519,206,910,204
00000094.jpg,374,55,524,206,910,204
00000095.jpg,379,55,529,206,911,203
00000096.jpg,384,55,534,206,913,203
00000097.jpg,389,55,539,206,913,203
00000098.jpg,394,55,544,206,913,203
00000099.jpg,399,56,549,207,913,203
00000100.jpg,403,57,553,208,913,203
00000101.jpg,406,57,556,208,913,203
00000102.jpg,410,57,560,208,913,203
00000103.jpg,413,57,563,208,913,203
00000104.jpg,416,57,566,208,913,203
00000105.jpg,418,57,568,208,913,203
00000106.jpg,420,58,570,209,913,203
00000107.jpg,422,58,572,209,913,203
00000108.jpg,423,58,573,209,913,203
00000109.jpg,425,58,575,209,913,203
00000110.jpg,426,58,576,209,913,203
00000111.jpg,427,58,577,209,913,203
00000112.jpg,428,58,578,209,913,203
00000113.jpg,429,58,579,209,913,203
00000114.jpg,431,58,581,209,913,201
00000115.jpg,432,58,582,209,917,199
00000116.jpg,433,58,583,209,919,198
00000117.jpg,434,58,584,209,921,196
00000118.jpg,435,58,585,209,924,196
00000119.jpg,437,58,587,209,926,192
00000120.jpg,438,57,588,208,926,195
00000121.jpg,440,57,590,208,926,195
00000122.jpg,441,58,591,209,928,195
00000123.jpg,444,57,594,208,928,195
00000124.jpg,445,57,595,208,-1,-1
00000125.jpg,444,58,594,209,-1,-1
00000126.jpg,441,60,591,211,-1,-1
00000127.jpg,437,61,587,212,-1,-1
00000128.jpg,432,62,582,213,-1,-1
00000129.jpg,427,63,577,214,-1,-1
00000130.jpg,423,65,573,216,-1,-1
00000131.jpg,417,67,567,218,-1,-1
00000132.jpg,412,68,562,219,128,538
00000133.jpg,408,70,558,221,128,538
00000134.jpg,404,72,554,223,128,538
00000135.jpg,399,72,549,223,128,538
00000136.jpg,395,73,545,224,128,538
00000137.jpg,391,73,541,224,128,538
00000138.jpg,387,73,537,224,128,538
00000139.jpg,384,74,534,225,128,538
00000140.jpg,379,74,529,225,128,538
00000141.jpg,376,75,526,226,128,538
00000142.jpg,371,75,521,226,128,538
00000143.jpg,366,76,516,227,128,538
00000144.jpg,358,74,508,225,128,538
00000145.jpg,353,76,503,227,128,538
00000146.jpg,344,75,494,226,128,538
00000147.jpg,338,79,488,230,128,538
00000148.jpg,329,80,479,231,128,538
00000149.jpg,320,82,470,233,128,538
00000150.jpg,310,84,460,235,128,538
00000151.jpg,300,86,450,237,128,538
00000152.jpg,290,88,440,239,128,538
00000153.jpg,280,91,430,242,128,538
00000154.jpg,271,93,421,244,128,538
00000155.jpg,264,95,414,246,128,538
00000156.jpg,257,97,407,248,128,538
00000157.jpg,252,99,402,250,128,538
00000158.jpg,246,100,396,251,128,538
00000159.jpg,244,101,394,252,128,538
00000160.jpg,240,101,390,252,134,538
00000161.jpg,240,101,390,252,134,538
00000162.jpg,239,101,389,252,134,538
00000163.jpg,239,101,389,252,134,538
00000164.jpg,238,100,388,251,134,538
00000165.jpg,238,100,388,251,138,526
00000166.jpg,239,99,389,250,136,519
00000167.jpg,239,98,389,249,136,502
00000168.jpg,240,97,390,248,136,477
00000169.jpg,241,96,391,247,137,459
00000170.jpg,241,95,391,246,135,439
00000171.jpg,243,94,392,245,132,430
00000172.jpg,243,94,392,245,132,416
00000173.jpg,244,93,393,244,132,406
00000174.jpg,245,91,394,242,131,395
00000175.jpg,246,90,395,241,127,393
00000176.jpg,247,89,396,240,127,382
00000177.jpg,248,88,397,239,127,376
00000178.jpg,255,83,401,232,124,370
00000179.jpg,255,83,401,232,127,371
00000180.jpg,257,82,403,231,128,367
00000181.jpg,259,81,405,230,-1,-1
00000182.jpg,262,72,410,225,-1,-1
00000183.jpg,262,72,410,225,-1,-1
00000184.jpg,265,71,413,224,-1,-1
00000185.jpg,268,71,416,224,-1,-1
00000186.jpg,270,71,418,224,-1,-1
00000187.jpg,273,70,421,223,-1,-1
00000188.jpg,276,69,424,222,1070,190
00000189.jpg,279,69,427,222,1070,190
00000190.jpg,281,68,429,221,1076,190
00000191.jpg,285,68,433,221,1084,192
00000192.jpg,287,67,435,220,1094,193
00000193.jpg,290,66,438,219,1099,192
00000194.jpg,293,66,441,219,1102,190
00000195.jpg,295,64,443,217,1108,190
00000196.jpg,297,64,445,217,1109,190
00000197.jpg,300,63,448,216,1111,190
00000198.jpg,304,63,452,216,1118,188
00000199.jpg,308,62,456,215,1126,186
00000200.jpg,312,62,460,215,1133,185
00000201.jpg,316,60,464,213,1139,185
00000202.jpg,321,59,469,212,1147,185
00000203.jpg,326,58,474,211,1153,185
00000204.jpg,331,57,479,210,1170,182
00000205.jpg,337,55,485,208,1181,179
00000206.jpg,342,54,490,207,1193,178
00000207.jpg,350,50,498,203,1198,178
00000208.jpg,354,49,502,202,1214,172
00000209.jpg,354,49,502,202,1234,171
