00003926.jpg,682,212,856,401,-1,-1
00003927.jpg,682,212,856,401,-1,-1
00003928.jpg,682,212,856,401,-1,-1
00003929.jpg,682,212,856,401,-1,-1
00003930.jpg,682,212,856,401,-1,-1
00003931.jpg,682,212,856,401,-1,-1
00003932.jpg,682,212,856,401,-1,-1
00003933.jpg,681,212,855,401,-1,-1
00003934.jpg,681,212,855,401,-1,-1
00003935.jpg,681,212,855,401,-1,-1
00003936.jpg,681,212,855,401,-1,-1
00003937.jpg,681,212,855,401,-1,-1
00003938.jpg,681,212,855,401,-1,-1
00003939.jpg,681,212,855,401,-1,-1
00003940.jpg,681,212,855,401,-1,-1
00003941.jpg,681,212,855,401,-1,-1
00003942.jpg,681,212,855,401,-1,-1
00003943.jpg,681,212,855,401,-1,-1
00003944.jpg,681,212,855,401,-1,-1
00003945.jpg,681,212,855,401,-1,-1
00003946.jpg,681,212,855,401,-1,-1
00003947.jpg,681,212,855,401,-1,-1
00003948.jpg,681,212,855,401,-1,-1
00003949.jpg,681,212,855,401,-1,-1
00003950.jpg,681,212,855,401,-1,-1
00003951.jpg,681,212,855,401,-1,-1
00003952.jpg,681,213,855,402,-1,-1
00003953.jpg,681,213,855,402,-1,-1
00003954.jpg,681,213,855,402,-1,-1
00003955.jpg,681,213,855,402,-1,-1
00003956.jpg,681,213,855,402,-1,-1
00003957.jpg,681,213,855,402,-1,-1
