00002654.jpg,418,39,629,258,796,305
00002655.jpg,418,39,629,258,797,306
00002656.jpg,418,39,629,258,798,306
00002657.jpg,418,39,629,258,796,304
00002658.jpg,418,39,629,258,801,304
00002659.jpg,417,38,628,257,802,305
00002660.jpg,416,38,627,257,808,312
00002661.jpg,414,39,625,258,814,310
00002662.jpg,411,40,622,259,809,310
00002663.jpg,411,40,622,259,810,306
00002664.jpg,408,41,619,260,808,305
00002665.jpg,404,42,615,261,806,305
00002666.jpg,400,41,611,260,804,305
00002667.jpg,397,40,608,259,801,305
00002668.jpg,397,40,608,259,796,305
00002669.jpg,395,40,606,259,793,305
00002670.jpg,393,40,604,259,789,308
00002671.jpg,392,42,603,261,785,316
00002672.jpg,391,44,602,263,782,321
00002673.jpg,391,44,602,263,778,324
00002674.jpg,390,46,601,265,776,326
00002675.jpg,388,48,599,267,772,328
00002676.jpg,386,49,597,268,770,330
00002677.jpg,385,51,596,270,772,329
00002678.jpg,385,51,596,270,770,329
00002679.jpg,384,52,595,271,769,328
00002680.jpg,383,53,594,272,770,326
00002681.jpg,382,53,593,272,772,322
00002682.jpg,382,53,593,272,773,321
00002683.jpg,382,53,593,272,774,318
00002684.jpg,382,52,593,271,777,313
00002685.jpg,382,52,593,271,780,313
00002686.jpg,381,51,592,270,781,312
00002687.jpg,381,51,592,270,781,308
00002688.jpg,381,51,592,270,777,305
00002689.jpg,380,50,591,269,774,304
00002690.jpg,380,51,591,270,773,302
00002691.jpg,379,52,590,271,769,305
00002692.jpg,379,53,590,272,774,312
00002693.jpg,379,54,590,273,772,318
00002694.jpg,379,55,590,274,768,317
00002695.jpg,379,55,590,274,766,317
00002696.jpg,380,57,591,276,765,320
00002697.jpg,380,57,591,276,764,320
00002698.jpg,380,57,591,276,765,320
