00002359.jpg,500,85,740,377,-1,-1
00002360.jpg,500,85,740,377,-1,-1
00002361.jpg,500,87,740,379,-1,-1
00002362.jpg,500,88,740,380,-1,-1
00002363.jpg,517,91,757,383,-1,-1
00002364.jpg,517,91,757,383,-1,-1
00002365.jpg,525,93,765,385,-1,-1
00002366.jpg,535,95,775,387,-1,-1
00002367.jpg,536,96,776,388,-1,-1
00002368.jpg,535,95,775,387,-1,-1
00002369.jpg,535,95,775,387,-1,-1
00002370.jpg,534,92,774,384,-1,-1
00002371.jpg,538,90,778,382,975,273
00002372.jpg,542,88,782,380,970,275
00002373.jpg,550,85,790,377,958,279
00002374.jpg,558,76,798,368,958,279
00002375.jpg,562,74,802,366,948,283
00002376.jpg,566,71,806,363,939,289
00002377.jpg,571,67,811,359,926,292
00002378.jpg,571,70,811,362,918,289
00002379.jpg,573,81,811,365,916,293
00002380.jpg,573,81,811,365,910,293
00002381.jpg,568,102,790,370,902,293
00002382.jpg,568,102,790,370,902,292
00002383.jpg,565,102,787,370,894,291
00002384.jpg,565,102,787,370,894,289
00002385.jpg,547,103,769,371,892,288
00002386.jpg,527,113,737,357,886,277
00002387.jpg,516,114,724,359,886,269
00002388.jpg,491,120,701,359,880,261
00002389.jpg,491,120,701,359,880,260
00002390.jpg,479,122,692,358,880,255
00002391.jpg,465,131,670,356,882,249
00002392.jpg,450,138,656,367,896,248
00002393.jpg,437,151,645,374,914,249
00002394.jpg,437,151,645,374,919,252
00002395.jpg,431,152,639,375,946,253
00002396.jpg,427,151,635,374,966,265
00002397.jpg,427,148,635,371,991,268
00002398.jpg,429,145,637,368,1015,265
00002399.jpg,429,145,637,368,1018,265
00002400.jpg,433,143,641,366,1035,257
00002401.jpg,438,141,646,364,1058,245
00002402.jpg,440,140,648,363,1071,227
00002403.jpg,441,139,649,362,1080,223
00002404.jpg,448,140,644,350,1076,229
00002405.jpg,448,140,644,350,1079,223
00002406.jpg,449,140,645,350,1088,217
00002407.jpg,449,139,645,349,1088,221
00002408.jpg,449,139,645,349,1088,225
00002409.jpg,448,138,644,348,1090,224
00002410.jpg,448,138,644,348,1091,224
00002411.jpg,448,138,644,348,1087,223
00002412.jpg,448,137,644,347,1087,223
00002413.jpg,448,136,644,346,1084,231
00002414.jpg,448,136,644,346,1084,225
00002415.jpg,449,136,645,346,1090,233
00002416.jpg,449,136,645,346,1099,235
00002417.jpg,450,137,646,347,1427,183
00002418.jpg,451,137,647,347,1430,184
00002419.jpg,451,137,647,347,1430,184
00002420.jpg,452,137,648,347,1431,184
00002421.jpg,454,137,650,347,1431,184
00002422.jpg,456,135,652,345,1431,184
00002423.jpg,458,133,654,343,1431,184
00002424.jpg,458,133,654,343,1435,184
00002425.jpg,459,130,655,340,1435,184
00002426.jpg,451,129,647,339,852,255
00002427.jpg,445,128,641,338,830,248
00002428.jpg,445,128,641,338,827,239
