00011517.jpg,255,273,686,664,1530,375
00011518.jpg,261,277,686,666,1526,375
00011519.jpg,247,276,694,669,1523,384
00011520.jpg,249,268,686,666,1509,379
00011521.jpg,250,269,686,666,1511,376
00011522.jpg,250,269,686,666,1491,380
00011523.jpg,250,269,686,666,1453,395
00011524.jpg,247,278,683,675,1423,401
00011525.jpg,246,276,682,673,1409,403
00011526.jpg,246,276,682,673,1403,407
00011527.jpg,244,270,680,667,1399,399
00011528.jpg,264,289,669,712,1397,395
00011529.jpg,264,289,669,712,1395,393
00011530.jpg,264,292,669,715,1395,393
00011531.jpg,264,292,669,715,1395,393
00011532.jpg,260,296,665,719,1395,393
00011533.jpg,256,292,661,715,1395,393
00011534.jpg,255,293,660,716,1401,395
00011535.jpg,252,298,657,721,1411,395
00011536.jpg,252,298,657,721,1413,395
00011537.jpg,248,298,653,721,1429,397
00011538.jpg,244,298,649,721,1442,399
00011539.jpg,242,300,647,723,1462,391
00011540.jpg,259,289,664,712,1463,389
00011541.jpg,259,289,664,712,1471,392
00011542.jpg,259,287,664,710,1477,384
00011543.jpg,259,293,664,716,1479,385
00011544.jpg,261,294,666,717,1479,385
00011545.jpg,264,290,669,713,1489,392
00011546.jpg,264,290,669,713,1485,387
00011547.jpg,268,290,673,713,1486,395
00011548.jpg,272,303,677,726,1491,404
00011549.jpg,276,304,681,727,1495,404
00011550.jpg,342,279,747,702,1501,395
00011551.jpg,342,279,747,702,1501,393
00011552.jpg,337,275,742,698,1513,391
00011553.jpg,333,290,738,713,1523,393
00011554.jpg,331,300,736,723,1526,404
00011555.jpg,327,289,732,712,1537,396
00011556.jpg,327,289,732,712,1537,395
00011557.jpg,320,284,725,707,1539,385
00011558.jpg,317,300,722,723,1538,400
00011559.jpg,314,308,719,731,1534,403
00011560.jpg,309,307,714,730,1534,403
00011561.jpg,309,307,714,730,1531,404
00011562.jpg,306,294,711,717,1539,392
00011563.jpg,336,295,741,718,1546,391
00011564.jpg,337,299,742,722,1549,391
00011565.jpg,336,307,741,730,1547,400
00011566.jpg,336,307,741,730,1549,395
00011567.jpg,336,292,741,715,1546,391
00011568.jpg,338,291,743,714,-1,-1
00011569.jpg,339,303,744,726,-1,-1
00011570.jpg,337,301,742,724,-1,-1
00011571.jpg,337,301,742,724,-1,-1
00011572.jpg,331,297,736,720,-1,-1
00011573.jpg,328,300,733,723,1542,393
00011574.jpg,326,302,731,725,1542,393
00011575.jpg,327,309,732,732,1542,400
00011576.jpg,327,309,732,732,1539,401
00011577.jpg,326,303,731,726,1539,401
00011578.jpg,328,287,733,710,1541,387
00011579.jpg,328,286,733,709,1543,384
00011580.jpg,330,295,735,718,1541,396
00011581.jpg,330,295,735,718,1543,395
00011582.jpg,332,294,737,717,1550,392
00011583.jpg,331,291,736,714,1550,392
00011584.jpg,329,292,734,715,1546,389
00011585.jpg,326,298,731,721,1542,393
00011586.jpg,326,298,731,721,1542,393
00011587.jpg,325,300,730,723,1534,399
00011588.jpg,324,296,729,719,1525,399
00011589.jpg,296,293,701,716,1525,399
00011590.jpg,298,299,703,722,1515,399
00011591.jpg,298,299,703,722,1513,396
00011592.jpg,300,306,705,729,1505,407
00011593.jpg,300,303,705,726,1493,408
00011594.jpg,300,289,705,712,1485,396
00011595.jpg,300,279,705,702,1483,388
00011596.jpg,300,279,705,702,1483,388
00011597.jpg,303,282,708,705,1487,392
00011598.jpg,304,283,709,706,1486,395
00011599.jpg,256,288,661,711,1486,395
00011600.jpg,245,280,650,703,1486,395
00011601.jpg,245,280,650,703,1486,392
00011602.jpg,211,284,616,707,1481,392
00011603.jpg,205,295,610,718,1471,405
00011604.jpg,155,278,594,710,1449,412
00011605.jpg,155,278,594,710,1433,412
00011606.jpg,155,278,594,710,1433,411
00011607.jpg,140,277,579,709,1413,409
00011608.jpg,127,281,566,713,1397,417
00011609.jpg,117,280,556,712,1391,417
00011610.jpg,110,272,549,704,1385,415
00011611.jpg,110,272,549,704,1385,413
00011612.jpg,108,269,547,701,1387,413
00011613.jpg,111,263,550,695,1389,407
00011614.jpg,114,269,553,701,1393,412
00011615.jpg,118,269,557,701,1398,412
00011616.jpg,118,269,557,701,1398,413
00011617.jpg,124,265,563,697,1406,413
00011618.jpg,128,262,567,694,1407,409
00011619.jpg,134,268,573,700,1411,413
00011620.jpg,141,279,580,711,1418,425
00011621.jpg,141,279,580,711,1415,428
00011622.jpg,146,269,585,701,1431,423
00011623.jpg,148,265,587,697,1451,407
00011624.jpg,152,264,591,696,1478,399
00011625.jpg,156,262,595,694,1510,392
00011626.jpg,156,262,595,694,1517,392
00011627.jpg,160,262,599,694,1531,393
00011628.jpg,164,263,603,695,1538,396
00011629.jpg,167,267,606,699,1539,396
00011630.jpg,169,271,608,703,1543,403
00011631.jpg,169,271,608,703,1543,405
00011632.jpg,172,266,611,698,1543,399
00011633.jpg,175,272,614,704,1539,399
00011634.jpg,177,274,616,706,1537,404
00011635.jpg,180,271,619,703,1537,404
00011636.jpg,180,271,619,703,1529,403
00011637.jpg,182,272,621,704,1523,403
00011638.jpg,185,273,624,705,1518,403
00011639.jpg,187,274,626,706,1517,404
00011640.jpg,190,271,629,703,1517,403
00011641.jpg,190,271,629,703,1522,401
00011642.jpg,191,271,630,703,1530,403
00011643.jpg,191,269,630,701,1530,403
00011644.jpg,190,264,629,696,1527,393
00011645.jpg,190,268,629,700,1529,395
00011646.jpg,190,268,629,700,1534,396
00011647.jpg,189,268,628,700,1534,404
00011648.jpg,188,269,627,701,1523,404
00011649.jpg,187,276,626,708,1511,408
00011650.jpg,187,279,626,711,1506,409
00011651.jpg,187,279,626,711,1506,409
00011652.jpg,186,276,625,708,1487,409
00011653.jpg,184,272,623,704,1466,407
00011654.jpg,183,272,622,704,1455,409
00011655.jpg,181,273,620,705,1442,411
00011656.jpg,181,273,620,705,1438,412
00011657.jpg,178,267,617,699,1438,403
00011658.jpg,175,263,614,695,1435,403
00011659.jpg,174,262,613,694,1435,407
00011660.jpg,174,263,613,695,1439,407
00011661.jpg,174,263,613,695,1439,407
00011662.jpg,174,272,613,704,1447,413
00011663.jpg,173,270,612,702,1462,412
00011664.jpg,170,267,609,699,1475,409
00011665.jpg,172,263,611,695,1506,400
00011666.jpg,172,263,611,695,1510,399
00011667.jpg,176,263,615,695,1523,399
00011668.jpg,177,273,616,705,1427,436
00011669.jpg,183,273,622,705,1423,437
00011670.jpg,188,270,627,702,1419,439
00011671.jpg,188,270,627,702,1415,439
00011672.jpg,196,252,635,684,1411,433
00011673.jpg,210,255,649,687,1413,431
00011674.jpg,228,270,667,702,1413,429
00011675.jpg,242,279,681,711,1411,432
00011676.jpg,242,279,681,711,1414,435
00011677.jpg,253,260,692,692,1421,413
00011678.jpg,261,259,700,691,1411,411
00011679.jpg,270,266,709,698,1414,415
00011680.jpg,277,270,716,702,1419,417
00011681.jpg,277,270,716,702,1419,416
00011682.jpg,280,276,719,708,1423,425
00011683.jpg,279,272,718,704,1426,425
00011684.jpg,278,268,717,700,1426,425
00011685.jpg,279,271,718,703,1429,435
00011686.jpg,279,271,718,703,1427,436
00011687.jpg,278,272,717,704,1427,437
00011688.jpg,278,268,717,700,1427,437
00011689.jpg,277,268,716,700,1399,419
00011690.jpg,275,267,714,699,1399,417
00011691.jpg,275,267,714,699,1401,411
00011692.jpg,276,262,715,694,1401,411
00011693.jpg,271,266,710,698,1401,411
00011694.jpg,268,268,707,700,1403,428
00011695.jpg,260,277,717,682,1399,429
00011696.jpg,260,276,717,682,1399,433
00011697.jpg,262,264,701,696,1401,424
00011698.jpg,260,266,703,680,1401,419
00011699.jpg,256,270,704,678,1402,424
00011700.jpg,252,268,699,687,1399,429
00011701.jpg,252,268,699,687,1395,428
00011702.jpg,256,265,691,680,1401,443
00011703.jpg,259,263,693,680,1409,463
00011704.jpg,256,261,697,686,1414,523
00011705.jpg,259,268,702,689,1435,544
00011706.jpg,259,268,702,689,1439,545
00011707.jpg,253,268,716,690,1441,536
00011708.jpg,256,275,713,684,1453,511
00011709.jpg,254,273,709,680,1458,515
00011710.jpg,251,281,703,678,1466,497
00011711.jpg,252,281,704,678,1466,496
00011712.jpg,255,273,707,684,1467,496
00011713.jpg,253,266,714,688,1474,500
00011714.jpg,276,271,715,703,1491,504
00011715.jpg,274,275,713,707,1497,512
00011716.jpg,274,275,713,707,1498,517
00011717.jpg,270,271,709,703,1498,519
00011718.jpg,264,268,703,700,1498,517
00011719.jpg,257,269,696,701,1495,512
00011720.jpg,249,275,688,707,1493,513
00011721.jpg,249,275,688,707,1486,513
00011722.jpg,240,276,679,708,1481,513
00011723.jpg,227,269,666,701,1475,503
00011724.jpg,213,262,652,694,1474,507
00011725.jpg,199,262,638,694,1481,503
00011726.jpg,199,262,638,694,1494,501
00011727.jpg,183,264,622,696,1497,497
00011728.jpg,164,263,603,695,-1,-1
00011729.jpg,141,260,580,692,-1,-1
00011730.jpg,115,261,554,693,-1,-1
00011731.jpg,115,261,554,693,-1,-1
00011732.jpg,98,259,537,691,-1,-1
00011733.jpg,85,247,524,679,-1,-1
00011734.jpg,59,261,498,693,-1,-1
00011735.jpg,53,258,492,690,-1,-1
00011736.jpg,53,258,492,690,-1,-1
00011737.jpg,47,259,486,691,-1,-1
00011738.jpg,47,254,486,686,-1,-1
00011739.jpg,56,259,495,691,1682,409
00011740.jpg,62,268,501,700,1685,405
00011741.jpg,62,268,501,700,1690,403
00011742.jpg,72,269,511,701,1690,403
00011743.jpg,87,249,526,681,1683,395
00011744.jpg,92,253,531,685,1671,401
00011745.jpg,98,257,537,689,1657,396
00011746.jpg,98,257,537,689,1655,396
00011747.jpg,102,264,541,696,1655,400
00011748.jpg,107,263,546,695,1655,400
00011749.jpg,109,270,548,702,1651,403
00011750.jpg,112,268,551,700,1646,401
00011751.jpg,112,268,551,700,1646,401
00011752.jpg,112,264,551,696,1646,400
00011753.jpg,114,265,553,697,1646,400
00011754.jpg,105,293,492,668,1646,400
00011755.jpg,105,293,492,668,1646,400
00011756.jpg,105,293,492,668,1646,400
00011757.jpg,110,288,497,663,1645,391
00011758.jpg,113,287,500,662,1642,384
00011759.jpg,119,282,506,657,1639,381
00011760.jpg,125,285,512,660,1638,384
00011761.jpg,125,285,512,660,1638,384
00011762.jpg,132,291,519,666,1633,384
00011763.jpg,141,285,528,660,1629,384
00011764.jpg,150,292,537,667,1627,385
00011765.jpg,163,292,550,667,1627,385
00011766.jpg,163,292,550,667,1619,387
00011767.jpg,174,295,561,670,1614,393
00011768.jpg,180,296,567,671,1605,396
00011769.jpg,183,291,570,666,1595,389
00011770.jpg,192,286,579,661,1593,388
00011771.jpg,192,286,579,661,1595,388
00011772.jpg,197,287,584,662,1593,388
00011773.jpg,204,298,591,673,1587,392
00011774.jpg,217,310,604,685,1582,404
00011775.jpg,228,305,615,680,1582,397
00011776.jpg,228,305,615,680,1579,399
00011777.jpg,240,287,627,662,1577,384
00011778.jpg,251,291,638,666,1578,379
00011779.jpg,251,291,638,666,1578,391
