00003644.jpg,186,33,271,126,275,248
00003645.jpg,186,33,271,126,279,250
00003646.jpg,189,31,274,124,282,250
00003647.jpg,191,29,276,122,285,251
00003648.jpg,191,29,276,122,286,252
00003649.jpg,193,27,278,120,288,253
00003650.jpg,195,25,280,118,289,253
00003651.jpg,195,25,280,118,290,256
00003652.jpg,199,24,284,117,290,258
00003653.jpg,199,24,284,117,290,258
00003654.jpg,203,23,286,116,292,260
00003655.jpg,203,23,286,116,294,260
00003656.jpg,204,23,287,116,-1,-1
00003657.jpg,204,23,287,116,-1,-1
00003658.jpg,203,22,286,115,-1,-1
00003659.jpg,201,22,290,111,-1,-1
00003660.jpg,201,22,290,111,-1,-1
00003661.jpg,202,21,291,110,-1,-1
00003662.jpg,202,21,291,110,-1,-1
00003663.jpg,203,21,292,110,-1,-1
00003664.jpg,204,20,293,109,-1,-1
00003665.jpg,205,20,294,109,-1,-1
00003666.jpg,207,20,296,109,-1,-1
00003667.jpg,211,15,301,107,-1,-1
00003668.jpg,211,15,301,107,-1,-1
00003669.jpg,214,15,304,107,-1,-1
00003670.jpg,216,16,306,108,-1,-1
00003671.jpg,216,16,306,108,-1,-1
00003672.jpg,219,17,309,109,-1,-1
00003673.jpg,222,18,312,110,-1,-1
00003674.jpg,225,19,315,111,-1,-1
00003675.jpg,228,21,318,113,-1,-1
00003676.jpg,229,21,319,113,-1,-1
00003677.jpg,228,19,317,113,-1,-1
00003678.jpg,228,19,317,113,-1,-1
00003679.jpg,228,19,317,113,-1,-1
00003680.jpg,228,20,317,114,-1,-1
00003681.jpg,227,20,316,114,-1,-1
00003682.jpg,227,20,316,114,-1,-1
00003683.jpg,227,20,316,114,-1,-1
00003684.jpg,226,20,315,114,-1,-1
00003685.jpg,226,20,315,114,-1,-1
00003686.jpg,226,20,315,114,-1,-1
00003687.jpg,223,20,320,121,-1,-1
00003688.jpg,223,20,320,121,-1,-1
00003689.jpg,223,21,320,122,-1,-1
00003690.jpg,222,21,319,122,-1,-1
00003691.jpg,222,22,319,123,-1,-1
00003692.jpg,222,22,319,123,-1,-1
00003693.jpg,222,24,319,125,-1,-1
00003694.jpg,220,20,321,127,-1,-1
00003695.jpg,220,20,321,127,-1,-1
00003696.jpg,220,20,321,127,-1,-1
00003697.jpg,220,20,321,127,-1,-1
00003698.jpg,220,20,321,127,-1,-1
00003699.jpg,219,20,320,127,-1,-1
00003700.jpg,219,20,320,127,-1,-1
00003701.jpg,219,20,320,127,-1,-1
00003702.jpg,219,20,320,127,-1,-1
00003703.jpg,219,20,320,127,-1,-1
00003704.jpg,219,20,320,127,-1,-1
00003705.jpg,219,20,320,127,-1,-1
00003706.jpg,219,20,320,127,-1,-1
00003707.jpg,220,20,321,127,-1,-1
00003708.jpg,220,20,321,127,-1,-1
00003709.jpg,220,20,321,127,-1,-1
00003710.jpg,220,20,321,127,-1,-1
00003711.jpg,220,20,321,127,-1,-1
00003712.jpg,220,21,321,128,-1,-1
00003713.jpg,220,21,321,128,-1,-1
00003714.jpg,220,21,321,128,-1,-1
00003715.jpg,221,21,322,128,-1,-1
00003716.jpg,221,21,322,128,-1,-1
00003717.jpg,221,21,322,128,-1,-1
