00014091.jpg,734,284,963,511,1087,512
00014092.jpg,734,284,963,511,1087,512
00014093.jpg,734,284,963,511,1087,508
00014094.jpg,734,284,963,511,1087,506
00014095.jpg,729,285,958,512,1083,506
00014096.jpg,724,287,953,514,1068,510
00014097.jpg,724,287,953,514,1068,516
00014098.jpg,718,289,947,516,1070,520
00014099.jpg,713,292,942,519,1070,520
00014100.jpg,708,294,937,521,1066,520
00014101.jpg,704,296,933,523,1059,525
00014102.jpg,704,296,933,523,1059,525
00014103.jpg,701,297,930,524,1056,525
00014104.jpg,698,298,927,525,1056,525
00014105.jpg,696,297,925,524,1051,530
00014106.jpg,693,296,922,523,1050,532
00014107.jpg,693,296,922,523,1039,532
00014108.jpg,690,294,919,521,1039,532
00014109.jpg,687,291,916,518,1039,532
00014110.jpg,683,287,912,514,1039,532
00014111.jpg,680,283,909,510,1036,529
00014112.jpg,680,283,909,510,1031,526
00014113.jpg,676,278,905,505,1031,526
00014114.jpg,671,274,900,501,1028,526
00014115.jpg,666,269,895,496,1024,522
00014116.jpg,660,265,897,496,1010,517
00014117.jpg,660,265,897,496,1014,517
00014118.jpg,652,259,889,490,-1,-1
00014119.jpg,646,254,883,485,-1,-1
00014120.jpg,645,254,881,487,-1,-1
00014121.jpg,645,254,881,487,-1,-1
00014122.jpg,645,254,881,487,-1,-1
00014123.jpg,640,250,876,483,-1,-1
00014124.jpg,636,247,872,480,-1,-1
00014125.jpg,632,244,868,477,-1,-1
00014126.jpg,629,242,865,475,-1,-1
00014127.jpg,629,242,865,475,-1,-1
00014128.jpg,627,241,863,474,-1,-1
00014129.jpg,627,240,863,473,-1,-1
00014130.jpg,630,239,866,472,-1,-1
00014131.jpg,631,239,867,472,-1,-1
00014132.jpg,631,239,867,472,-1,-1
00014133.jpg,639,228,882,483,-1,-1
00014134.jpg,639,228,882,483,-1,-1
00014135.jpg,641,232,884,487,-1,-1
00014136.jpg,643,239,886,494,-1,-1
00014137.jpg,643,239,886,494,-1,-1
00014138.jpg,645,248,888,503,-1,-1
00014139.jpg,647,259,890,514,-1,-1
00014140.jpg,649,270,892,525,-1,-1
00014141.jpg,644,266,899,542,-1,-1
00014142.jpg,644,266,899,542,-1,-1
00014143.jpg,647,271,902,547,-1,-1
00014144.jpg,650,272,905,548,-1,-1
00014145.jpg,649,270,909,552,-1,-1
00014146.jpg,649,270,909,552,-1,-1
00014147.jpg,649,270,909,552,-1,-1
00014148.jpg,651,270,911,552,-1,-1
00014149.jpg,652,270,912,552,-1,-1
00014150.jpg,655,271,915,553,-1,-1
00014151.jpg,656,268,916,550,-1,-1
00014152.jpg,656,268,916,550,-1,-1
00014153.jpg,655,261,915,543,-1,-1
00014154.jpg,653,254,913,536,-1,-1
00014155.jpg,649,245,909,527,-1,-1
00014156.jpg,645,235,905,517,-1,-1
00014157.jpg,645,234,905,516,-1,-1
00014158.jpg,640,222,900,504,-1,-1
00014159.jpg,635,213,895,495,-1,-1
00014160.jpg,628,207,888,489,-1,-1
00014161.jpg,619,203,879,485,-1,-1
00014162.jpg,619,203,879,485,-1,-1
00014163.jpg,611,202,871,484,-1,-1
00014164.jpg,604,203,864,485,-1,-1
00014165.jpg,596,200,856,482,-1,-1
00014166.jpg,585,190,863,490,-1,-1
00014167.jpg,585,190,863,490,-1,-1
00014168.jpg,582,193,860,493,-1,-1
00014169.jpg,582,197,860,497,-1,-1
00014170.jpg,578,188,850,492,-1,-1
00014171.jpg,578,188,850,492,1031,714
00014172.jpg,578,188,850,492,1031,714
00014173.jpg,577,191,849,495,1032,694
00014174.jpg,575,192,847,496,1044,664
00014175.jpg,571,192,843,496,1060,625
00014176.jpg,571,192,843,496,1071,572
