00000383.jpg,486,74,1007,674,-1,-1
00000384.jpg,486,74,1007,674,-1,-1
00000385.jpg,486,74,1007,674,-1,-1
00000386.jpg,486,74,1007,674,-1,-1
00000387.jpg,484,72,1005,672,-1,-1
00000388.jpg,482,69,1003,669,-1,-1
00000389.jpg,482,69,1003,669,-1,-1
00000390.jpg,478,64,999,664,-1,-1
00000391.jpg,473,55,994,655,-1,-1
00000392.jpg,466,47,987,647,-1,-1
00000393.jpg,459,37,980,637,-1,-1
00000394.jpg,459,37,980,637,-1,-1
00000395.jpg,454,30,975,630,-1,-1
00000396.jpg,447,23,968,623,-1,-1
00000397.jpg,442,16,963,616,-1,-1
00000398.jpg,437,12,958,612,-1,-1
00000399.jpg,437,12,958,612,-1,-1
00000400.jpg,432,9,953,609,-1,-1
00000401.jpg,427,8,948,608,-1,-1
00000402.jpg,422,7,943,607,-1,-1
00000403.jpg,415,4,936,604,-1,-1
00000404.jpg,415,4,936,604,-1,-1
00000405.jpg,408,2,929,602,-1,-1
00000406.jpg,400,1,921,601,-1,-1
00000407.jpg,393,0,914,600,-1,-1
00000408.jpg,385,0,906,600,-1,-1
00000409.jpg,385,0,906,600,-1,-1
00000410.jpg,377,0,898,600,-1,-1
00000411.jpg,368,0,889,600,-1,-1
00000412.jpg,362,0,883,600,-1,-1
00000413.jpg,355,0,876,600,-1,-1
00000414.jpg,355,0,876,600,-1,-1
00000415.jpg,351,0,872,600,-1,-1
00000416.jpg,350,8,871,608,-1,-1
00000417.jpg,346,10,867,610,-1,-1
00000418.jpg,341,11,862,611,-1,-1
00000419.jpg,341,11,862,611,-1,-1
00000420.jpg,341,11,862,611,-1,-1
