00014385.jpg,727,198,1027,490,405,153
00014386.jpg,727,198,1027,490,405,154
00014387.jpg,727,198,1027,490,405,155
00014388.jpg,727,198,1027,490,406,155
00014389.jpg,726,199,1026,491,405,158
00014390.jpg,726,200,1026,492,405,158
00014391.jpg,725,202,1025,494,405,160
00014392.jpg,725,203,1025,495,405,160
00014393.jpg,725,203,1025,495,405,160
00014394.jpg,724,204,1024,496,406,161
00014395.jpg,724,204,1024,496,406,161
00014396.jpg,724,205,1024,497,407,163
00014397.jpg,724,205,1024,497,407,165
00014398.jpg,724,206,1024,498,407,166
00014399.jpg,725,206,1025,498,410,169
00014400.jpg,725,206,1025,498,412,169
00014401.jpg,726,206,1026,498,417,175
00014402.jpg,726,206,1026,498,421,176
00014403.jpg,727,206,1027,498,425,178
00014404.jpg,727,206,1027,498,428,178
00014405.jpg,728,206,1028,498,428,179
00014406.jpg,729,206,1029,498,431,181
00014407.jpg,729,206,1029,498,433,183
00014408.jpg,730,206,1030,498,436,184
00014409.jpg,726,211,1023,513,440,186
00014410.jpg,726,211,1023,513,440,186
00014411.jpg,727,211,1024,513,440,186
00014412.jpg,727,212,1024,514,441,191
00014413.jpg,728,212,1025,514,445,194
00014414.jpg,729,212,1026,514,445,194
00014415.jpg,730,212,1027,514,448,195
00014416.jpg,731,212,1028,514,452,196
00014417.jpg,732,212,1029,514,456,199
00014418.jpg,733,212,1030,514,456,199
00014419.jpg,734,212,1031,514,457,200
00014420.jpg,735,211,1032,513,458,200
00014421.jpg,729,211,1016,523,460,201
00014422.jpg,729,211,1016,523,465,204
00014423.jpg,730,211,1017,523,465,205
00014424.jpg,731,211,1018,523,465,205
00014425.jpg,732,211,1019,523,465,205
00014426.jpg,733,211,1020,523,465,205
00014427.jpg,734,211,1021,523,463,205
00014428.jpg,735,211,1022,523,462,206
00014429.jpg,735,212,1022,524,461,206
00014430.jpg,736,212,1023,524,463,204
00014431.jpg,737,212,1024,524,466,205
00014432.jpg,737,212,1024,524,461,206
00014433.jpg,738,212,1025,524,461,201
00014434.jpg,738,212,1025,524,460,201
00014435.jpg,739,211,1026,523,458,201
00014436.jpg,739,211,1026,523,460,200
00014437.jpg,740,210,1027,522,460,200
00014438.jpg,740,210,1027,522,458,198
00014439.jpg,740,209,1027,521,458,198
00014440.jpg,741,209,1028,521,458,198
00014441.jpg,741,209,1028,521,457,195
00014442.jpg,741,209,1061,537,457,195
00014443.jpg,741,209,1061,537,456,194
00014444.jpg,741,209,1061,537,451,190
00014445.jpg,741,210,1061,538,445,188
00014446.jpg,742,211,1062,539,443,186
00014447.jpg,744,211,1071,543,443,185
00014448.jpg,744,211,1071,543,443,185
00014449.jpg,745,212,1072,544,442,183
00014450.jpg,746,214,1073,546,442,180
00014451.jpg,748,216,1075,548,438,175
00014452.jpg,750,217,1077,549,437,169
00014453.jpg,753,219,1080,551,435,164
00014454.jpg,758,221,1085,553,432,160
00014455.jpg,761,222,1088,554,428,158
00014456.jpg,766,223,1093,555,426,150
00014457.jpg,769,223,1096,555,423,145
00014458.jpg,772,224,1099,556,422,138
00014459.jpg,775,224,1102,556,417,136
00014460.jpg,776,224,1103,556,417,136
00014461.jpg,777,224,1104,556,416,136
00014462.jpg,780,225,1107,557,415,134
00014463.jpg,781,226,1108,558,413,133
00014464.jpg,783,227,1110,559,410,131
00014465.jpg,785,228,1112,560,410,131
00014466.jpg,786,230,1113,562,410,131
00014467.jpg,788,231,1115,563,410,131
00014468.jpg,792,233,1124,562,410,131
00014469.jpg,792,233,1124,562,411,131
00014470.jpg,792,234,1124,563,412,133
00014471.jpg,793,235,1125,564,413,138
00014472.jpg,793,237,1125,566,418,141
00014473.jpg,788,236,1117,594,420,144
00014474.jpg,788,237,1117,595,423,145
00014475.jpg,787,237,1116,595,425,148
00014476.jpg,787,237,1116,595,423,153
00014477.jpg,786,237,1115,595,428,155
00014478.jpg,785,237,1114,595,430,159
00014479.jpg,784,236,1113,594,432,161
00014480.jpg,770,239,1102,588,433,163
00014481.jpg,770,239,1102,588,433,163
00014482.jpg,768,239,1100,588,436,164
00014483.jpg,766,238,1098,587,436,164
00014484.jpg,764,238,1096,587,436,166
00014485.jpg,762,238,1094,587,436,166
00014486.jpg,758,238,1090,587,437,169
00014487.jpg,755,238,1087,587,437,169
00014488.jpg,752,239,1084,588,438,169
00014489.jpg,748,240,1080,589,438,170
00014490.jpg,745,241,1077,590,438,170
00014491.jpg,743,241,1075,590,438,170
00014492.jpg,742,241,1074,590,437,171
00014493.jpg,743,240,1075,589,436,173
00014494.jpg,743,240,1075,589,435,173
00014495.jpg,744,239,1076,588,431,174
00014496.jpg,745,239,1077,588,431,174
00014497.jpg,746,238,1078,587,430,174
00014498.jpg,747,237,1079,586,426,174
00014499.jpg,748,236,1080,585,425,174
00014500.jpg,750,235,1082,584,425,174
00014501.jpg,751,234,1083,583,422,171
00014502.jpg,752,234,1084,583,422,171
00014503.jpg,752,233,1084,582,422,170
00014504.jpg,753,233,1085,582,425,169
00014505.jpg,754,233,1086,582,426,168
00014506.jpg,755,233,1087,582,426,166
00014507.jpg,757,232,1089,581,423,166
00014508.jpg,758,232,1090,581,422,165
00014509.jpg,758,232,1090,581,422,164
00014510.jpg,759,231,1091,580,420,163
00014511.jpg,759,231,1091,580,420,163
00014512.jpg,759,230,1091,579,420,163
00014513.jpg,759,230,1091,579,418,160
00014514.jpg,758,229,1090,578,417,160
00014515.jpg,758,228,1090,577,413,159
00014516.jpg,757,227,1089,576,412,159
00014517.jpg,757,227,1089,576,411,159
00014518.jpg,757,227,1089,576,410,159
00014519.jpg,757,227,1089,576,407,158
00014520.jpg,757,227,1089,576,407,158
00014521.jpg,757,227,1089,576,411,158
00014522.jpg,758,227,1090,576,410,158
00014523.jpg,758,227,1090,576,410,158
00014524.jpg,758,227,1090,576,410,158
00014525.jpg,758,226,1090,575,410,158
00014526.jpg,757,225,1089,574,408,158
00014527.jpg,756,225,1088,574,407,158
00014528.jpg,755,225,1087,574,407,158
00014529.jpg,746,226,1066,579,407,158
00014530.jpg,746,226,1066,579,407,158
00014531.jpg,745,226,1065,579,407,158
00014532.jpg,744,227,1064,580,405,158
00014533.jpg,744,228,1064,581,405,158
00014534.jpg,743,229,1063,582,405,158
00014535.jpg,743,231,1063,584,402,156
00014536.jpg,743,232,1063,585,402,156
00014537.jpg,743,234,1063,587,402,160
00014538.jpg,743,236,1063,589,405,161
00014539.jpg,745,237,1065,590,403,163
00014540.jpg,746,239,1066,592,405,164
00014541.jpg,747,240,1067,593,407,165
00014542.jpg,749,241,1069,594,407,165
00014543.jpg,750,242,1070,595,408,164
00014544.jpg,752,243,1072,596,405,164
00014545.jpg,754,243,1074,596,408,164
00014546.jpg,755,243,1075,596,408,164
00014547.jpg,756,243,1076,596,408,164
00014548.jpg,757,243,1077,596,408,164
00014549.jpg,758,242,1078,595,408,164
00014550.jpg,759,242,1079,595,408,164
00014551.jpg,759,242,1079,595,408,164
00014552.jpg,759,242,1079,595,410,164
00014553.jpg,759,242,1079,595,410,164
00014554.jpg,759,242,1079,595,410,164
00014555.jpg,759,242,1079,595,410,164
00014556.jpg,759,242,1079,595,408,164
00014557.jpg,759,242,1079,595,408,164
00014558.jpg,759,241,1079,594,408,164
00014559.jpg,759,241,1079,594,408,164
00014560.jpg,759,240,1079,593,408,164
00014561.jpg,759,239,1079,592,408,164
00014562.jpg,759,239,1079,592,408,164
00014563.jpg,760,238,1080,591,408,164
00014564.jpg,760,237,1080,590,408,164
00014565.jpg,760,237,1080,590,408,164
00014566.jpg,761,236,1081,589,408,164
00014567.jpg,762,236,1082,589,408,164
00014568.jpg,762,236,1082,589,408,164
00014569.jpg,763,235,1083,588,408,163
00014570.jpg,764,235,1084,588,408,161
00014571.jpg,764,235,1084,588,408,160
00014572.jpg,765,235,1085,588,408,160
00014573.jpg,765,235,1085,588,408,160
00014574.jpg,765,236,1085,589,408,158
00014575.jpg,766,236,1086,589,407,158
00014576.jpg,766,236,1086,589,407,153
00014577.jpg,766,236,1086,589,407,153
00014578.jpg,766,236,1086,589,412,151
00014579.jpg,766,236,1086,589,410,150
00014580.jpg,766,237,1086,590,412,150
00014581.jpg,766,237,1086,590,412,150
00014582.jpg,766,238,1086,591,412,148
00014583.jpg,765,239,1085,592,412,146
00014584.jpg,765,240,1085,593,412,146
00014585.jpg,764,241,1084,594,412,146
00014586.jpg,763,242,1083,595,413,145
00014587.jpg,762,243,1082,596,413,145
00014588.jpg,762,244,1082,597,413,145
00014589.jpg,761,244,1081,597,413,145
00014590.jpg,761,245,1081,598,413,145
00014591.jpg,761,245,1081,598,413,145
00014592.jpg,761,246,1081,599,413,145
00014593.jpg,761,246,1081,599,413,145
00014594.jpg,761,247,1081,600,413,145
00014595.jpg,761,247,1081,600,413,145
00014596.jpg,760,248,1080,601,413,145
00014597.jpg,760,248,1080,601,413,145
00014598.jpg,760,248,1080,601,413,145
00014599.jpg,760,248,1080,601,413,145
00014600.jpg,760,248,1080,601,413,145
00014601.jpg,760,247,1080,600,413,145
00014602.jpg,760,247,1080,600,413,145
00014603.jpg,759,246,1079,599,413,145
00014604.jpg,759,246,1079,599,413,145
00014605.jpg,758,245,1078,598,415,145
00014606.jpg,757,245,1077,598,415,145
00014607.jpg,756,244,1076,597,415,145
00014608.jpg,755,244,1075,597,415,145
00014609.jpg,754,244,1074,597,412,149
00014610.jpg,752,244,1072,597,412,149
00014611.jpg,751,244,1071,597,412,154
00014612.jpg,749,245,1069,598,412,155
00014613.jpg,748,245,1068,598,412,155
00014614.jpg,746,245,1066,598,412,156
00014615.jpg,744,246,1064,599,412,156
00014616.jpg,743,246,1063,599,412,156
00014617.jpg,742,246,1062,599,412,161
00014618.jpg,741,246,1061,599,412,161
00014619.jpg,742,245,1062,598,411,169
00014620.jpg,742,245,1062,598,411,176
00014621.jpg,744,244,1064,597,411,178
00014622.jpg,747,243,1067,596,403,158
00014623.jpg,749,243,1069,596,405,158
00014624.jpg,749,243,1069,596,405,158
00014625.jpg,749,242,1069,595,405,158
00014626.jpg,749,242,1069,595,405,158
00014627.jpg,748,242,1068,595,405,158
00014628.jpg,748,242,1068,595,405,156
00014629.jpg,747,242,1067,595,405,155
00014630.jpg,746,242,1066,595,405,154
00014631.jpg,746,242,1066,595,405,154
00014632.jpg,746,242,1066,595,405,154
00014633.jpg,745,242,1065,595,405,155
00014634.jpg,745,241,1065,594,405,155
00014635.jpg,745,241,1065,594,407,155
00014636.jpg,746,240,1066,593,407,155
00014637.jpg,745,240,1065,593,407,155
00014638.jpg,746,239,1066,592,407,155
00014639.jpg,746,239,1066,592,408,155
00014640.jpg,745,239,1065,592,410,155
00014641.jpg,745,238,1065,591,413,156
00014642.jpg,745,238,1065,591,420,158
00014643.jpg,745,238,1065,591,426,161
00014644.jpg,745,238,1065,591,432,164
00014645.jpg,745,237,1065,590,435,165
00014646.jpg,744,237,1064,590,436,165
00014647.jpg,744,237,1064,590,437,166
00014648.jpg,743,237,1063,590,440,166
00014649.jpg,743,237,1063,590,441,166
00014650.jpg,742,237,1062,590,451,171
00014651.jpg,741,237,1061,590,457,174
00014652.jpg,741,237,1061,590,457,174
00014653.jpg,740,237,1060,590,458,174
00014654.jpg,739,237,1059,590,461,179
00014655.jpg,737,237,1057,590,463,179
00014656.jpg,736,237,1056,590,466,181
00014657.jpg,735,237,1055,590,467,184
00014658.jpg,734,237,1054,590,470,186
00014659.jpg,734,236,1054,589,472,190
00014660.jpg,733,236,1053,589,476,199
00014661.jpg,731,236,1051,589,478,201
00014662.jpg,728,236,1048,589,481,210
00014663.jpg,727,236,1047,589,482,213
00014664.jpg,725,236,1045,589,482,213
00014665.jpg,724,236,1044,589,482,213
00014666.jpg,724,235,1044,588,482,213
00014667.jpg,723,235,1043,588,486,219
00014668.jpg,723,235,1043,588,486,219
00014669.jpg,724,234,1044,587,486,221
00014670.jpg,723,234,1043,587,487,231
00014671.jpg,723,234,1043,587,487,231
00014672.jpg,723,233,1043,586,487,239
00014673.jpg,723,233,1043,586,487,241
00014674.jpg,723,232,1043,585,487,243
00014675.jpg,722,232,1042,585,486,246
00014676.jpg,722,231,1042,584,486,246
00014677.jpg,721,231,1041,584,486,246
00014678.jpg,721,230,1041,583,483,246
00014679.jpg,720,230,1040,583,483,246
00014680.jpg,720,229,1040,582,483,246
00014681.jpg,720,229,1040,582,483,246
00014682.jpg,720,228,1040,581,482,248
00014683.jpg,719,228,1039,581,477,246
00014684.jpg,720,227,1040,580,477,246
00014685.jpg,720,227,1040,580,476,246
00014686.jpg,720,227,1040,580,475,243
