00003930.jpg,190,1,341,160,-1,-1
00003931.jpg,190,1,341,160,-1,-1
00003932.jpg,190,1,341,160,-1,-1
00003933.jpg,190,1,341,160,-1,-1
00003934.jpg,190,1,341,160,-1,-1
00003935.jpg,190,1,341,160,-1,-1
00003936.jpg,190,1,341,160,-1,-1
00003937.jpg,190,1,341,160,-1,-1
00003938.jpg,190,1,341,160,-1,-1
00003939.jpg,190,1,341,160,-1,-1
00003940.jpg,190,1,341,160,-1,-1
00003941.jpg,190,1,341,160,-1,-1
00003942.jpg,190,1,341,160,-1,-1
00003943.jpg,190,1,341,160,-1,-1
00003944.jpg,190,1,341,160,-1,-1
00003945.jpg,190,1,341,160,-1,-1
00003946.jpg,190,1,341,160,-1,-1
00003947.jpg,190,1,341,160,-1,-1
00003948.jpg,190,1,341,160,-1,-1
00003949.jpg,190,1,341,160,-1,-1
00003950.jpg,190,1,341,160,-1,-1
00003951.jpg,190,1,341,160,-1,-1
00003952.jpg,190,1,341,160,-1,-1
00003953.jpg,190,1,341,160,-1,-1
00003954.jpg,190,1,341,160,-1,-1
00003955.jpg,190,1,341,160,-1,-1
00003956.jpg,190,1,341,160,-1,-1
00003957.jpg,190,1,341,160,-1,-1
00003958.jpg,190,1,341,160,-1,-1
00003959.jpg,190,1,341,160,-1,-1
00003960.jpg,190,1,341,160,-1,-1
00003961.jpg,190,1,341,160,-1,-1
00003962.jpg,190,1,341,160,-1,-1
00003963.jpg,190,1,341,160,-1,-1
00003964.jpg,190,0,341,159,-1,-1
00003965.jpg,190,0,341,159,-1,-1
00003966.jpg,190,0,341,159,-1,-1
00003967.jpg,190,0,341,159,-1,-1
00003968.jpg,190,0,341,159,-1,-1
00003969.jpg,190,0,341,159,-1,-1
00003970.jpg,190,0,341,159,-1,-1
00003971.jpg,190,0,341,159,-1,-1
00003972.jpg,190,0,341,159,-1,-1
00003973.jpg,190,0,341,159,-1,-1
00003974.jpg,190,0,341,159,-1,-1
00003975.jpg,190,0,341,159,-1,-1
00003976.jpg,190,0,341,159,-1,-1
00003977.jpg,190,0,341,159,-1,-1
00003978.jpg,190,0,341,159,-1,-1
00003979.jpg,190,0,341,159,-1,-1
00003980.jpg,190,0,341,159,-1,-1
00003981.jpg,190,0,341,159,-1,-1
00003982.jpg,190,0,341,159,-1,-1
00003983.jpg,190,0,341,159,-1,-1
00003984.jpg,189,0,340,159,-1,-1
00003985.jpg,189,0,340,159,-1,-1
00003986.jpg,189,0,340,159,-1,-1
00003987.jpg,188,0,339,159,-1,-1
00003988.jpg,189,0,340,159,-1,-1
00003989.jpg,189,0,340,159,-1,-1
00003990.jpg,189,0,340,159,-1,-1
00003991.jpg,189,0,340,159,-1,-1
00003992.jpg,188,0,339,159,-1,-1
00003993.jpg,188,0,339,159,-1,-1
00003994.jpg,189,0,340,159,-1,-1
00003995.jpg,189,0,340,159,-1,-1
00003996.jpg,190,0,341,159,-1,-1
00003997.jpg,191,0,342,159,-1,-1
00003998.jpg,191,0,342,159,-1,-1
00003999.jpg,191,0,342,159,-1,-1
00004000.jpg,192,0,343,159,-1,-1
00004001.jpg,193,0,344,159,-1,-1
00004002.jpg,193,0,344,159,-1,-1
00004003.jpg,193,0,344,159,-1,-1
