00002984.jpg,472,11,579,115,350,80
00002985.jpg,472,11,579,115,348,80
00002986.jpg,472,11,579,115,347,81
00002987.jpg,472,11,579,115,346,81
00002988.jpg,471,12,578,116,345,79
00002989.jpg,471,12,578,116,344,79
00002990.jpg,471,12,578,116,342,80
00002991.jpg,471,12,578,116,342,80
00002992.jpg,471,13,578,117,342,80
00002993.jpg,471,13,578,117,342,80
00002994.jpg,471,13,578,117,342,80
00002995.jpg,471,13,578,117,342,80
00002996.jpg,471,13,578,117,341,80
00002997.jpg,471,13,578,117,341,80
00002998.jpg,471,13,578,117,340,82
00002999.jpg,471,13,578,117,340,84
00003000.jpg,471,13,578,117,338,86
00003001.jpg,471,13,578,117,338,86
00003002.jpg,471,13,578,117,336,88
00003003.jpg,471,14,578,118,336,90
00003004.jpg,471,14,578,118,336,90
00003005.jpg,471,14,578,118,336,90
00003006.jpg,471,14,578,118,336,90
00003007.jpg,471,14,578,118,337,87
00003008.jpg,471,14,578,118,337,87
00003009.jpg,471,14,578,118,338,85
00003010.jpg,470,14,577,118,337,85
00003011.jpg,470,14,577,118,337,84
00003012.jpg,470,14,577,118,336,83
00003013.jpg,470,14,577,118,336,82
00003014.jpg,470,14,577,118,337,82
00003015.jpg,470,14,577,118,154,62
00003016.jpg,470,14,577,118,153,63
00003017.jpg,470,14,577,118,153,62
00003018.jpg,470,14,577,118,152,62
00003019.jpg,470,14,577,118,152,63
00003020.jpg,470,14,577,118,153,64
00003021.jpg,470,14,577,118,154,64
00003022.jpg,470,14,577,118,156,65
00003023.jpg,470,15,577,119,157,66
00003024.jpg,470,15,577,119,159,66
00003025.jpg,470,15,577,119,160,66
00003026.jpg,470,15,577,119,161,67
00003027.jpg,470,15,577,119,165,68
00003028.jpg,470,15,577,119,167,69
00003029.jpg,470,14,577,118,169,69
00003030.jpg,470,14,577,118,301,182
00003031.jpg,470,14,577,118,301,181
00003032.jpg,467,16,570,114,-1,-1
00003033.jpg,467,16,570,114,-1,-1
00003034.jpg,467,15,570,113,-1,-1
00003035.jpg,467,15,570,113,-1,-1
00003036.jpg,467,15,570,113,-1,-1
00003037.jpg,467,16,570,114,-1,-1
00003038.jpg,466,16,569,114,-1,-1
00003039.jpg,466,17,569,115,-1,-1
00003040.jpg,465,18,568,116,-1,-1
00003041.jpg,465,18,568,116,-1,-1
00003042.jpg,465,19,568,117,-1,-1
00003043.jpg,464,20,567,118,-1,-1
00003044.jpg,463,20,566,118,-1,-1
00003045.jpg,463,20,566,118,-1,-1
00003046.jpg,463,20,566,118,-1,-1
00003047.jpg,462,20,565,118,-1,-1
00003048.jpg,461,20,564,118,-1,-1
00003049.jpg,461,20,564,118,-1,-1
00003050.jpg,461,20,564,118,-1,-1
00003051.jpg,461,20,564,118,-1,-1
00003052.jpg,461,21,564,119,-1,-1
00003053.jpg,461,21,564,119,-1,-1
00003054.jpg,461,21,564,119,-1,-1
00003055.jpg,461,21,564,119,-1,-1
00003056.jpg,461,21,564,119,-1,-1
00003057.jpg,461,21,564,119,-1,-1
00003058.jpg,461,22,564,120,-1,-1
00003059.jpg,460,22,563,120,-1,-1
00003060.jpg,460,22,563,120,-1,-1
00003061.jpg,460,23,563,121,-1,-1
00003062.jpg,459,23,562,121,-1,-1
00003063.jpg,459,25,562,123,-1,-1
00003064.jpg,458,28,561,126,-1,-1
00003065.jpg,458,28,561,126,-1,-1
00003066.jpg,458,29,561,127,-1,-1
00003067.jpg,458,28,561,126,-1,-1
00003068.jpg,458,28,561,126,-1,-1
00003069.jpg,458,27,561,125,-1,-1
00003070.jpg,458,27,561,125,-1,-1
00003071.jpg,458,27,561,125,-1,-1
00003072.jpg,458,27,561,125,-1,-1
00003073.jpg,458,26,561,124,-1,-1
00003074.jpg,459,25,562,123,-1,-1
00003075.jpg,460,24,563,122,-1,-1
00003076.jpg,460,24,563,122,-1,-1
00003077.jpg,461,23,564,121,-1,-1
00003078.jpg,461,19,566,119,-1,-1
00003079.jpg,461,19,566,119,-1,-1
00003080.jpg,461,18,566,118,360,83
00003081.jpg,462,18,567,118,360,83
00003082.jpg,462,18,567,118,153,60
00003083.jpg,462,18,567,118,153,59
00003084.jpg,462,19,567,119,153,59
00003085.jpg,462,20,567,120,153,59
00003086.jpg,462,20,567,120,153,59
00003087.jpg,462,20,567,120,153,59
00003088.jpg,462,20,567,120,153,59
00003089.jpg,462,20,567,120,153,59
00003090.jpg,462,20,567,120,153,59
00003091.jpg,462,20,567,120,153,59
00003092.jpg,462,19,567,119,153,59
00003093.jpg,462,19,567,119,153,59
00003094.jpg,462,19,567,119,153,59
00003095.jpg,462,19,567,119,153,59
00003096.jpg,462,19,567,119,153,59
00003097.jpg,462,19,567,119,153,59
00003098.jpg,462,19,567,119,153,59
00003099.jpg,462,19,567,119,153,59
00003100.jpg,462,19,567,119,153,59
00003101.jpg,461,19,566,119,153,59
00003102.jpg,461,20,566,120,153,59
00003103.jpg,461,20,566,120,339,90
00003104.jpg,461,20,566,120,341,90
00003105.jpg,461,21,566,121,346,90
00003106.jpg,461,21,566,121,349,90
00003107.jpg,461,22,566,122,350,89
00003108.jpg,461,22,566,122,349,87
00003109.jpg,461,22,566,122,349,87
00003110.jpg,461,23,566,123,349,87
00003111.jpg,461,23,566,123,349,86
00003112.jpg,461,23,566,123,349,85
00003113.jpg,461,23,566,123,349,85
00003114.jpg,461,23,566,123,348,85
00003115.jpg,461,23,566,123,347,85
00003116.jpg,461,23,566,123,347,85
00003117.jpg,460,24,565,124,346,84
00003118.jpg,460,23,565,123,346,82
00003119.jpg,461,23,566,123,347,82
00003120.jpg,461,23,566,123,347,84
00003121.jpg,461,23,566,123,347,82
00003122.jpg,461,23,566,123,347,82
00003123.jpg,465,20,565,119,343,84
00003124.jpg,465,20,565,119,341,84
00003125.jpg,465,20,565,119,337,84
00003126.jpg,465,20,565,119,335,86
00003127.jpg,470,23,569,121,335,88
00003128.jpg,470,23,569,121,333,88
00003129.jpg,470,24,569,122,331,88
00003130.jpg,470,24,569,122,328,87
00003131.jpg,470,24,569,122,402,159
00003132.jpg,471,25,570,123,403,158
00003133.jpg,473,25,572,123,402,158
00003134.jpg,474,25,573,123,402,159
00003135.jpg,474,25,573,123,401,159
00003136.jpg,476,25,575,123,402,159
00003137.jpg,477,25,576,123,403,159
00003138.jpg,478,26,577,124,402,158
00003139.jpg,479,27,578,125,405,157
00003140.jpg,479,27,578,125,403,157
00003141.jpg,480,29,579,127,404,158
00003142.jpg,481,30,580,128,403,158
00003143.jpg,482,31,581,129,404,158
00003144.jpg,483,31,582,129,402,157
00003145.jpg,483,31,582,129,401,157
00003146.jpg,484,31,583,129,400,156
00003147.jpg,485,31,584,129,402,155
00003148.jpg,485,30,584,128,404,157
00003149.jpg,486,29,585,127,403,157
00003150.jpg,486,29,585,127,403,157
00003151.jpg,487,29,586,127,403,156
00003152.jpg,488,28,587,126,404,156
00003153.jpg,490,28,589,126,404,156
00003154.jpg,491,28,590,126,404,154
00003155.jpg,491,28,590,126,403,154
00003156.jpg,492,29,591,127,402,153
00003157.jpg,493,30,592,128,402,153
00003158.jpg,493,31,592,129,404,155
00003159.jpg,493,32,592,130,407,157
00003160.jpg,493,32,592,130,406,159
00003161.jpg,493,33,592,131,406,159
00003162.jpg,493,33,592,131,406,159
00003163.jpg,492,34,591,132,406,157
00003164.jpg,493,35,592,133,406,157
00003165.jpg,493,35,592,133,406,157
00003166.jpg,492,36,591,134,406,157
00003167.jpg,492,37,591,135,406,157
00003168.jpg,492,38,591,136,406,157
00003169.jpg,491,38,590,136,406,157
00003170.jpg,491,38,590,136,406,157
00003171.jpg,491,38,590,136,406,157
00003172.jpg,491,38,590,136,406,157
00003173.jpg,490,38,589,136,406,157
00003174.jpg,490,38,589,136,406,157
00003175.jpg,490,38,589,136,406,157
00003176.jpg,488,35,587,133,406,157
00003177.jpg,488,35,587,133,343,86
