00141397.jpg,511,0,654,142,698,269
00141398.jpg,511,0,654,142,701,270
00141399.jpg,511,0,654,142,701,270
00141400.jpg,511,0,654,142,701,270
00141401.jpg,510,0,653,142,700,270
00141402.jpg,510,0,653,142,700,270
00141403.jpg,508,1,651,143,700,270
00141404.jpg,508,1,651,143,700,270
00141405.jpg,506,1,649,143,698,270
00141406.jpg,506,1,649,143,692,270
00141407.jpg,505,0,648,142,692,270
00141408.jpg,505,0,648,142,691,270
00141409.jpg,503,0,646,142,-1,-1
00141410.jpg,503,0,646,142,-1,-1
00141411.jpg,502,1,645,143,-1,-1
00141412.jpg,502,1,645,143,-1,-1
00141413.jpg,500,1,643,143,-1,-1
00141414.jpg,500,2,643,144,-1,-1
00141415.jpg,499,2,642,144,-1,-1
00141416.jpg,499,2,642,144,-1,-1
00141417.jpg,497,3,640,145,-1,-1
00141418.jpg,497,3,640,145,-1,-1
00141419.jpg,495,4,638,146,-1,-1
00141420.jpg,495,4,638,146,-1,-1
00141421.jpg,493,4,636,146,-1,-1
00141422.jpg,493,4,636,146,-1,-1
00141423.jpg,491,5,634,147,-1,-1
00141424.jpg,491,6,634,148,-1,-1
00141425.jpg,489,6,632,148,-1,-1
00141426.jpg,489,6,632,148,-1,-1
00141427.jpg,487,7,630,149,-1,-1
00141428.jpg,487,7,630,149,-1,-1
00141429.jpg,486,9,629,151,-1,-1
00141430.jpg,486,9,629,151,-1,-1
00141431.jpg,484,10,627,152,-1,-1
00141432.jpg,484,10,627,152,-1,-1
00141433.jpg,483,11,626,153,-1,-1
00141434.jpg,483,11,626,153,-1,-1
00141435.jpg,481,12,624,154,-1,-1
00141436.jpg,481,11,624,153,-1,-1
00141437.jpg,480,13,623,155,-1,-1
00141438.jpg,480,13,623,155,-1,-1
00141439.jpg,479,13,622,155,-1,-1
00141440.jpg,479,13,622,155,-1,-1
00141441.jpg,478,14,621,156,-1,-1
00141442.jpg,479,16,622,158,-1,-1
00141443.jpg,478,17,621,159,-1,-1
00141444.jpg,477,15,620,157,-1,-1
00141445.jpg,476,16,619,158,-1,-1
00141446.jpg,477,18,620,160,-1,-1
00141447.jpg,476,18,619,160,-1,-1
00141448.jpg,476,19,619,161,-1,-1
00141449.jpg,475,19,618,161,-1,-1
00141450.jpg,474,17,617,159,-1,-1
00141451.jpg,474,19,617,161,-1,-1
00141452.jpg,473,18,616,160,-1,-1
00141453.jpg,473,20,616,162,-1,-1
00141454.jpg,473,20,616,162,-1,-1
00141455.jpg,472,21,615,163,-1,-1
00141456.jpg,472,21,615,163,-1,-1
00141457.jpg,472,22,615,164,-1,-1
00141458.jpg,472,22,615,164,-1,-1
00141459.jpg,472,22,615,164,-1,-1
