00039065.jpg,256,196,478,435,1215,284
00039066.jpg,256,196,491,435,1209,284
00039067.jpg,275,196,512,435,1199,290
00039068.jpg,295,196,525,435,1191,290
00039069.jpg,313,197,543,436,1180,291
00039070.jpg,327,197,556,436,1169,290
00039071.jpg,343,198,568,437,1153,283
00039072.jpg,358,199,580,438,1141,281
00039073.jpg,372,200,594,439,1126,276
00039074.jpg,382,199,604,438,1113,276
00039075.jpg,392,199,614,438,1103,275
00039076.jpg,399,198,621,437,1090,274
00039077.jpg,405,198,627,437,1075,274
00039078.jpg,409,198,631,437,1063,275
00039079.jpg,409,196,631,435,1056,275
00039080.jpg,408,194,630,433,1043,273
00039081.jpg,406,193,628,432,1034,273
00039082.jpg,404,192,626,431,1031,276
00039083.jpg,401,191,623,430,1019,274
00039084.jpg,398,190,620,429,1016,273
00039085.jpg,394,189,616,428,1014,273
00039086.jpg,389,188,611,427,1004,270
00039087.jpg,382,186,604,425,1006,270
00039088.jpg,376,184,598,423,1008,266
00039089.jpg,372,184,594,423,1008,266
00039090.jpg,369,184,591,423,1006,265
00039091.jpg,366,183,588,422,1006,265
00039092.jpg,363,183,585,422,1008,265
00039093.jpg,361,182,583,421,1011,265
00039094.jpg,360,182,582,421,1013,264
00039095.jpg,361,182,583,421,1013,264
00039096.jpg,363,182,585,421,1013,264
00039097.jpg,365,183,587,422,1009,260
00039098.jpg,368,183,590,422,1006,258
00039099.jpg,371,184,593,423,1001,256
00039100.jpg,373,184,595,423,998,255
00039101.jpg,375,184,597,423,994,254
00039102.jpg,378,185,600,424,989,254
00039103.jpg,382,186,604,425,989,254
00039104.jpg,387,188,609,427,985,254
00039105.jpg,387,188,609,427,978,254
