00000001.jpg,106,106,239,245,107,339
00000002.jpg,106,106,239,245,111,354
00000003.jpg,106,106,239,245,107,365
00000004.jpg,106,116,232,253,100,371
00000005.jpg,106,116,232,253,102,375
00000006.jpg,106,117,232,254,101,377
00000007.jpg,106,118,232,255,100,373
00000008.jpg,101,120,227,257,95,367
00000009.jpg,99,123,225,260,98,359
00000010.jpg,97,128,223,265,94,352
00000011.jpg,95,131,221,268,93,346
00000012.jpg,93,135,219,272,94,344
00000013.jpg,92,139,218,276,94,344
00000014.jpg,92,140,218,277,93,347
00000015.jpg,92,141,218,278,89,360
00000016.jpg,93,140,219,277,91,381
00000017.jpg,77,135,203,272,93,405
00000018.jpg,78,135,204,272,97,434
00000019.jpg,79,134,205,271,98,465
00000020.jpg,92,136,218,273,99,498
00000021.jpg,93,137,219,274,99,499
00000022.jpg,94,138,220,275,106,495
00000023.jpg,95,137,221,274,106,495
00000024.jpg,83,135,209,272,110,493
00000025.jpg,99,139,225,276,104,494
00000026.jpg,100,139,226,276,104,494
00000027.jpg,100,140,226,277,104,505
00000028.jpg,100,141,226,278,104,505
00000029.jpg,100,142,226,279,104,505
00000030.jpg,101,142,227,279,104,494
00000031.jpg,96,145,222,282,104,488
00000032.jpg,96,144,222,281,104,488
00000033.jpg,96,143,222,280,104,488
00000034.jpg,85,137,211,274,97,504
00000035.jpg,85,137,211,274,93,527
00000036.jpg,85,137,211,274,95,535
00000037.jpg,86,138,212,275,93,540
00000038.jpg,86,139,212,276,93,540
00000039.jpg,86,140,212,277,93,540
00000040.jpg,86,142,212,279,93,540
00000041.jpg,86,143,212,280,93,540
00000042.jpg,86,143,212,280,93,539
00000043.jpg,86,143,212,280,93,539
00000044.jpg,86,143,212,280,93,539
00000045.jpg,87,143,213,280,93,539
00000046.jpg,87,144,213,281,93,539
00000047.jpg,87,145,213,282,93,539
00000048.jpg,87,145,213,282,93,539
00000049.jpg,87,145,213,282,93,539
00000050.jpg,87,144,213,281,93,539
00000051.jpg,93,148,219,285,93,539
00000052.jpg,94,147,220,284,93,539
00000053.jpg,95,147,221,284,93,539
00000054.jpg,97,147,223,284,93,539
00000055.jpg,99,147,225,284,93,539
00000056.jpg,99,146,225,283,93,539
00000057.jpg,103,145,229,282,93,539
00000058.jpg,103,144,229,281,93,539
00000059.jpg,104,144,230,281,93,539
00000060.jpg,104,143,230,280,93,539
00000061.jpg,104,142,230,279,93,539
00000062.jpg,103,140,229,277,93,539
00000063.jpg,103,137,229,274,93,539
00000064.jpg,104,126,230,263,93,539
00000065.jpg,104,122,230,259,93,539
00000066.jpg,103,116,229,253,93,539
00000067.jpg,103,110,229,247,-1,-1
00000068.jpg,103,104,229,241,-1,-1
00000069.jpg,102,100,228,237,-1,-1
00000070.jpg,111,100,236,233,-1,-1
00000071.jpg,111,100,236,233,-1,-1
00000072.jpg,112,99,237,232,-1,-1
00000073.jpg,115,82,247,225,1066,189
00000074.jpg,115,82,247,225,1066,189
00000075.jpg,116,80,248,223,1065,189
00000076.jpg,116,78,248,221,1065,189
00000077.jpg,115,79,247,222,1065,189
00000078.jpg,120,75,255,218,1059,189
00000079.jpg,120,75,255,218,1055,197
00000080.jpg,120,74,255,217,1050,199
00000081.jpg,131,73,263,219,1050,199
00000082.jpg,131,73,263,219,1046,204
00000083.jpg,131,72,263,218,1044,204
00000084.jpg,131,72,263,218,1041,204
00000085.jpg,131,71,263,217,1041,204
00000086.jpg,131,70,263,216,1036,207
00000087.jpg,131,71,263,217,1036,207
00000088.jpg,131,72,263,218,1036,207
00000089.jpg,140,75,267,212,1036,207
00000090.jpg,140,75,267,212,1037,205
00000091.jpg,140,75,267,212,1037,203
00000092.jpg,140,74,267,211,1041,199
00000093.jpg,140,74,267,211,1041,199
00000094.jpg,139,73,266,210,1042,197
00000095.jpg,139,73,266,210,1042,195
