00004855.jpg,295,66,832,622,-1,-1
00004856.jpg,283,59,834,628,-1,-1
00004857.jpg,286,60,832,623,-1,-1
00004858.jpg,289,58,837,615,-1,-1
00004859.jpg,298,23,884,592,-1,-1
00004860.jpg,298,23,884,592,-1,-1
00004861.jpg,303,16,889,585,-1,-1
00004862.jpg,310,10,896,579,-1,-1
00004863.jpg,317,8,903,577,-1,-1
00004864.jpg,394,7,946,513,-1,-1
00004865.jpg,394,7,946,513,-1,-1
00004866.jpg,398,5,950,511,-1,-1
00004867.jpg,401,5,953,511,-1,-1
00004868.jpg,406,7,958,513,-1,-1
00004869.jpg,411,9,963,515,-1,-1
00004870.jpg,411,9,963,515,-1,-1
00004871.jpg,415,11,967,517,-1,-1
00004872.jpg,416,14,968,520,-1,-1
00004873.jpg,415,18,967,524,-1,-1
00004874.jpg,414,23,966,529,-1,-1
00004875.jpg,457,12,950,488,-1,-1
00004876.jpg,457,12,950,488,-1,-1
00004877.jpg,457,16,950,492,-1,-1
00004878.jpg,457,20,950,496,-1,-1
00004879.jpg,457,25,950,501,-1,-1
00004880.jpg,457,25,950,501,-1,-1
00004881.jpg,457,28,950,504,-1,-1
00004882.jpg,471,14,984,511,-1,-1
00004883.jpg,471,14,984,511,-1,-1
00004884.jpg,469,13,982,510,-1,-1
00004885.jpg,469,13,982,510,-1,-1
00004886.jpg,467,12,980,509,-1,-1
00004887.jpg,465,13,978,510,-1,-1
00004888.jpg,464,15,977,512,-1,-1
00004889.jpg,462,17,975,514,-1,-1
00004890.jpg,462,17,975,514,-1,-1
00004891.jpg,459,19,972,516,-1,-1
00004892.jpg,456,20,969,517,-1,-1
00004893.jpg,452,19,965,516,-1,-1
00004894.jpg,449,17,962,514,-1,-1
00004895.jpg,449,17,962,514,-1,-1
00004896.jpg,444,15,957,512,-1,-1
00004897.jpg,439,14,952,511,-1,-1
00004898.jpg,432,14,945,511,-1,-1
00004899.jpg,425,15,938,512,-1,-1
00004900.jpg,425,15,938,512,-1,-1
00004901.jpg,418,17,931,514,-1,-1
00004902.jpg,413,17,926,514,-1,-1
00004903.jpg,409,18,922,515,-1,-1
00004904.jpg,404,19,917,516,-1,-1
00004905.jpg,404,19,917,516,-1,-1
00004906.jpg,399,20,912,517,-1,-1
00004907.jpg,393,20,906,517,-1,-1
00004908.jpg,387,21,900,518,-1,-1
00004909.jpg,380,22,893,519,-1,-1
00004910.jpg,380,21,893,518,-1,-1
00004911.jpg,372,23,885,520,-1,-1
00004912.jpg,365,25,878,522,-1,-1
00004913.jpg,357,27,870,524,-1,-1
00004914.jpg,348,28,861,525,-1,-1
00004915.jpg,348,28,861,525,-1,-1
00004916.jpg,348,28,861,525,-1,-1
