00001678.jpg,1022,21,1531,579,-1,-1
00001679.jpg,1022,21,1531,579,-1,-1
00001680.jpg,1022,21,1531,579,-1,-1
00001681.jpg,1022,21,1531,579,-1,-1
00001682.jpg,1024,22,1533,580,-1,-1
00001683.jpg,1028,22,1537,580,-1,-1
00001684.jpg,1033,23,1542,581,-1,-1
00001685.jpg,1038,24,1547,582,-1,-1
00001686.jpg,1042,24,1551,582,-1,-1
00001687.jpg,1045,24,1554,582,-1,-1
00001688.jpg,1047,24,1556,582,-1,-1
00001689.jpg,1050,24,1559,582,-1,-1
00001690.jpg,1051,24,1560,582,-1,-1
00001691.jpg,1051,24,1560,582,-1,-1
00001692.jpg,1052,25,1561,583,-1,-1
00001693.jpg,1052,25,1561,583,-1,-1
00001694.jpg,1052,25,1561,583,-1,-1
00001695.jpg,1053,25,1562,583,-1,-1
00001696.jpg,1053,23,1562,581,-1,-1
00001697.jpg,1053,22,1562,580,-1,-1
00001698.jpg,1053,21,1562,579,-1,-1
00001699.jpg,1052,20,1561,578,-1,-1
00001700.jpg,1052,21,1561,579,-1,-1
00001701.jpg,1051,21,1560,579,-1,-1
00001702.jpg,1049,21,1558,579,-1,-1
00001703.jpg,1049,22,1558,580,-1,-1
00001704.jpg,1047,22,1556,580,-1,-1
00001705.jpg,1043,22,1552,580,-1,-1
00001706.jpg,1038,21,1547,579,-1,-1
00001707.jpg,1034,21,1543,579,-1,-1
00001708.jpg,1030,21,1539,579,-1,-1
00001709.jpg,1027,21,1536,579,-1,-1
00001710.jpg,1025,22,1534,580,-1,-1
00001711.jpg,1024,23,1533,581,-1,-1
00001712.jpg,1023,23,1532,581,-1,-1
00001713.jpg,1030,64,1496,581,-1,-1
00001714.jpg,1030,64,1496,581,-1,-1
00001715.jpg,1032,64,1498,581,-1,-1
00001716.jpg,1036,64,1502,581,-1,-1
00001717.jpg,1041,63,1507,580,-1,-1
00001718.jpg,1047,62,1513,579,-1,-1
00001719.jpg,1052,60,1518,577,-1,-1
00001720.jpg,1056,58,1522,575,-1,-1
00001721.jpg,1060,54,1526,571,-1,-1
00001722.jpg,1063,51,1529,568,-1,-1
00001723.jpg,1066,50,1532,567,-1,-1
00001724.jpg,1069,51,1535,568,-1,-1
00001725.jpg,1072,55,1538,572,-1,-1
00001726.jpg,1076,57,1542,574,-1,-1
00001727.jpg,1080,59,1546,576,-1,-1
00001728.jpg,1084,61,1550,578,-1,-1
00001729.jpg,1086,62,1552,579,-1,-1
00001730.jpg,1088,64,1554,581,-1,-1
00001731.jpg,1089,66,1555,583,-1,-1
00001732.jpg,1090,68,1556,585,-1,-1
00001733.jpg,1090,70,1556,587,-1,-1
00001734.jpg,1090,69,1556,586,-1,-1
00001735.jpg,1090,67,1556,584,-1,-1
00001736.jpg,1091,67,1557,584,-1,-1
00001737.jpg,1092,68,1558,585,-1,-1
00001738.jpg,1094,71,1560,588,-1,-1
00001739.jpg,1093,70,1559,587,-1,-1
00001740.jpg,1091,69,1557,586,-1,-1
00001741.jpg,1090,65,1556,582,-1,-1
00001742.jpg,1088,63,1554,580,-1,-1
00001743.jpg,1085,63,1551,580,-1,-1
00001744.jpg,1083,66,1549,583,-1,-1
00001745.jpg,1086,46,1556,570,-1,-1
00001746.jpg,1086,46,1556,570,-1,-1
00001747.jpg,1085,47,1555,571,-1,-1
00001748.jpg,1085,46,1555,570,-1,-1
00001749.jpg,1084,45,1554,569,-1,-1
00001750.jpg,1082,44,1552,568,-1,-1
00001751.jpg,1081,44,1551,568,-1,-1
00001752.jpg,1080,44,1550,568,-1,-1
00001753.jpg,1079,45,1549,569,-1,-1
00001754.jpg,1078,45,1548,569,-1,-1
00001755.jpg,1077,46,1547,570,-1,-1
00001756.jpg,1076,47,1546,571,-1,-1
00001757.jpg,1075,48,1545,572,-1,-1
00001758.jpg,1074,48,1544,572,-1,-1
00001759.jpg,1074,49,1544,573,-1,-1
00001760.jpg,1075,50,1545,574,-1,-1
00001761.jpg,1076,50,1546,574,-1,-1
00001762.jpg,1077,51,1547,575,-1,-1
00001763.jpg,1078,51,1548,575,-1,-1
00001764.jpg,1079,52,1549,576,-1,-1
00001765.jpg,1080,52,1550,576,-1,-1
00001766.jpg,1080,52,1550,576,-1,-1
00001767.jpg,1079,52,1549,576,-1,-1
00001768.jpg,1080,51,1550,575,-1,-1
00001769.jpg,1080,50,1550,574,-1,-1
00001770.jpg,1080,50,1550,574,-1,-1
00001771.jpg,1080,49,1550,573,-1,-1
00001772.jpg,1079,50,1549,574,-1,-1
00001773.jpg,1079,50,1549,574,-1,-1
00001774.jpg,1079,51,1549,575,-1,-1
00001775.jpg,1079,51,1549,575,-1,-1
00001776.jpg,1078,51,1548,575,-1,-1
00001777.jpg,1078,51,1548,575,-1,-1
00001778.jpg,1056,51,1563,599,-1,-1
00001779.jpg,1056,51,1563,599,-1,-1
00001780.jpg,1055,52,1562,600,-1,-1
00001781.jpg,1055,53,1562,601,-1,-1
00001782.jpg,1054,53,1561,601,-1,-1
00001783.jpg,1053,53,1560,601,-1,-1
00001784.jpg,1051,53,1558,601,-1,-1
00001785.jpg,1050,53,1557,601,-1,-1
00001786.jpg,1049,54,1556,602,-1,-1
00001787.jpg,1047,54,1554,602,-1,-1
00001788.jpg,1045,54,1552,602,-1,-1
00001789.jpg,1044,54,1551,602,-1,-1
00001790.jpg,1043,53,1550,601,-1,-1
00001791.jpg,1042,53,1549,601,-1,-1
00001792.jpg,1041,53,1548,601,-1,-1
00001793.jpg,1041,53,1548,601,-1,-1
00001794.jpg,1040,53,1547,601,-1,-1
00001795.jpg,1039,53,1546,601,-1,-1
00001796.jpg,1037,54,1544,602,-1,-1
00001797.jpg,1036,54,1543,602,-1,-1
00001798.jpg,1035,55,1542,603,-1,-1
00001799.jpg,1035,55,1542,603,-1,-1
00001800.jpg,1035,55,1542,603,-1,-1
00001801.jpg,1035,55,1542,603,-1,-1
00001802.jpg,1035,55,1542,603,-1,-1
00001803.jpg,1036,55,1543,603,-1,-1
00001804.jpg,1037,55,1544,603,-1,-1
00001805.jpg,1038,55,1545,603,-1,-1
00001806.jpg,1038,55,1545,603,-1,-1
00001807.jpg,1039,55,1546,603,-1,-1
00001808.jpg,1039,56,1546,604,-1,-1
00001809.jpg,1039,57,1546,605,-1,-1
00001810.jpg,1040,55,1547,603,-1,-1
00001811.jpg,1042,53,1549,601,-1,-1
00001812.jpg,1043,51,1550,599,-1,-1
00001813.jpg,1044,50,1551,598,-1,-1
00001814.jpg,1044,49,1551,597,-1,-1
00001815.jpg,1045,49,1552,597,-1,-1
00001816.jpg,1045,49,1552,597,-1,-1
00001817.jpg,1045,49,1552,597,-1,-1
00001818.jpg,1044,49,1551,597,-1,-1
00001819.jpg,1044,49,1551,597,-1,-1
00001820.jpg,1043,49,1550,597,-1,-1
00001821.jpg,1042,49,1549,597,-1,-1
00001822.jpg,1041,49,1548,597,-1,-1
00001823.jpg,1040,50,1547,598,-1,-1
00001824.jpg,1039,50,1546,598,-1,-1
00001825.jpg,1038,51,1545,599,-1,-1
00001826.jpg,1036,51,1543,599,-1,-1
00001827.jpg,1035,51,1542,599,-1,-1
00001828.jpg,1034,51,1541,599,-1,-1
00001829.jpg,1034,51,1541,599,-1,-1
00001830.jpg,1034,51,1541,599,-1,-1
00001831.jpg,1034,50,1541,598,-1,-1
00001832.jpg,1035,50,1542,598,-1,-1
00001833.jpg,1036,49,1543,597,-1,-1
00001834.jpg,1036,48,1543,596,-1,-1
00001835.jpg,1036,48,1543,596,-1,-1
00001836.jpg,1036,48,1543,596,-1,-1
00001837.jpg,1036,47,1543,595,-1,-1
00001838.jpg,1037,47,1544,595,-1,-1
00001839.jpg,1037,47,1544,595,-1,-1
00001840.jpg,1037,46,1544,594,-1,-1
00001841.jpg,1038,46,1545,594,-1,-1
00001842.jpg,1038,46,1545,594,-1,-1
00001843.jpg,1038,45,1545,593,-1,-1
00001844.jpg,1038,44,1545,592,-1,-1
00001845.jpg,1039,43,1546,591,-1,-1
00001846.jpg,1039,43,1546,591,-1,-1
00001847.jpg,1040,43,1547,591,-1,-1
00001848.jpg,1041,43,1548,591,-1,-1
00001849.jpg,1042,43,1549,591,-1,-1
00001850.jpg,1044,44,1551,592,-1,-1
00001851.jpg,1046,44,1553,592,-1,-1
00001852.jpg,1048,44,1555,592,-1,-1
00001853.jpg,1049,43,1556,591,-1,-1
00001854.jpg,1050,43,1557,591,-1,-1
00001855.jpg,1053,43,1560,591,-1,-1
00001856.jpg,1055,43,1562,591,-1,-1
00001857.jpg,1057,42,1564,590,-1,-1
00001858.jpg,1059,42,1566,590,-1,-1
00001859.jpg,1059,42,1566,590,-1,-1
