00006755.jpg,829,12,1360,537,-1,-1
00006756.jpg,829,12,1360,537,-1,-1
00006757.jpg,829,12,1360,537,-1,-1
00006758.jpg,829,12,1360,537,-1,-1
00006759.jpg,826,11,1357,536,-1,-1
00006760.jpg,823,11,1354,536,-1,-1
00006761.jpg,811,11,1342,536,-1,-1
00006762.jpg,789,8,1320,533,-1,-1
00006763.jpg,767,4,1298,529,-1,-1
00006764.jpg,751,0,1282,525,-1,-1
00006765.jpg,740,0,1271,525,-1,-1
00006766.jpg,733,0,1264,525,-1,-1
00006767.jpg,727,0,1258,525,-1,-1
00006768.jpg,726,2,1257,527,-1,-1
00006769.jpg,728,6,1259,531,-1,-1
00006770.jpg,734,9,1265,534,-1,-1
00006771.jpg,745,11,1276,536,-1,-1
00006772.jpg,757,14,1288,539,-1,-1
00006773.jpg,769,17,1300,542,-1,-1
00006774.jpg,784,22,1315,547,-1,-1
00006775.jpg,795,26,1326,551,-1,-1
00006776.jpg,803,29,1334,554,-1,-1
00006777.jpg,806,31,1337,556,-1,-1
00006778.jpg,823,40,1354,565,-1,-1
00006779.jpg,826,38,1357,563,-1,-1
00006780.jpg,825,34,1356,559,-1,-1
00006781.jpg,823,27,1354,552,-1,-1
00006782.jpg,824,19,1355,544,-1,-1
00006783.jpg,829,6,1360,531,-1,-1
00006784.jpg,835,0,1366,525,-1,-1
00006785.jpg,841,0,1372,525,-1,-1
00006786.jpg,853,0,1384,525,-1,-1
00006787.jpg,866,0,1397,525,-1,-1
00006788.jpg,873,0,1404,525,-1,-1
00006789.jpg,880,0,1411,525,-1,-1
00006790.jpg,890,0,1421,525,-1,-1
00006791.jpg,900,0,1431,525,-1,-1
00006792.jpg,904,0,1435,525,-1,-1
00006793.jpg,908,0,1439,525,-1,-1
00006794.jpg,912,0,1443,525,-1,-1
00006795.jpg,915,1,1446,526,-1,-1
00006796.jpg,913,12,1444,537,-1,-1
00006797.jpg,914,26,1445,551,-1,-1
00006798.jpg,914,42,1445,567,-1,-1
00006799.jpg,914,57,1445,582,-1,-1
00006800.jpg,914,73,1445,598,-1,-1
00006801.jpg,916,83,1447,608,-1,-1
00006802.jpg,918,86,1449,611,-1,-1
00006803.jpg,918,83,1449,608,-1,-1
00006804.jpg,917,81,1448,606,-1,-1
00006805.jpg,914,88,1445,613,-1,-1
00006806.jpg,908,89,1439,614,-1,-1
00006807.jpg,901,90,1432,615,-1,-1
00006808.jpg,896,85,1427,610,-1,-1
00006809.jpg,891,71,1422,596,-1,-1
00006810.jpg,878,45,1409,570,-1,-1
00006811.jpg,869,27,1400,552,-1,-1
00006812.jpg,856,15,1387,540,-1,-1
00006813.jpg,843,24,1374,549,-1,-1
00006814.jpg,838,2,1369,527,-1,-1
00006815.jpg,829,0,1360,525,-1,-1
00006816.jpg,813,23,1344,548,-1,-1
00006817.jpg,812,30,1343,555,-1,-1
00006818.jpg,772,11,1372,582,-1,-1
00006819.jpg,772,11,1372,582,-1,-1
00006820.jpg,773,14,1373,585,-1,-1
00006821.jpg,773,13,1373,584,-1,-1
00006822.jpg,775,12,1375,583,-1,-1
00006823.jpg,771,12,1371,583,-1,-1
00006824.jpg,764,21,1364,592,-1,-1
00006825.jpg,737,41,1337,612,-1,-1
00006826.jpg,725,52,1325,623,-1,-1
00006827.jpg,727,60,1327,631,-1,-1
00006828.jpg,728,62,1328,633,-1,-1
00006829.jpg,735,49,1335,620,-1,-1
00006830.jpg,745,32,1345,603,-1,-1
00006831.jpg,753,16,1353,587,-1,-1
00006832.jpg,762,14,1362,585,-1,-1
00006833.jpg,755,12,1312,578,-1,-1
00006834.jpg,755,12,1312,578,-1,-1
00006835.jpg,740,15,1297,581,-1,-1
00006836.jpg,727,9,1284,575,-1,-1
00006837.jpg,734,5,1291,571,-1,-1
00006838.jpg,734,5,1291,571,-1,-1
00006839.jpg,729,1,1286,567,-1,-1
00006840.jpg,735,0,1292,566,-1,-1
00006841.jpg,744,0,1301,566,-1,-1
00006842.jpg,750,0,1307,566,-1,-1
00006843.jpg,769,7,1362,590,-1,-1
00006844.jpg,769,7,1362,590,-1,-1
00006845.jpg,771,13,1364,596,-1,-1
00006846.jpg,772,16,1365,599,-1,-1
00006847.jpg,768,15,1361,598,-1,-1
00006848.jpg,757,8,1350,591,-1,-1
00006849.jpg,745,2,1338,585,-1,-1
00006850.jpg,733,0,1326,583,-1,-1
00006851.jpg,721,0,1314,583,-1,-1
00006852.jpg,707,0,1300,583,-1,-1
00006853.jpg,697,0,1290,583,-1,-1
00006854.jpg,681,0,1274,583,-1,-1
00006855.jpg,665,2,1237,569,-1,-1
00006856.jpg,665,2,1237,569,-1,-1
00006857.jpg,650,0,1222,567,-1,-1
00006858.jpg,639,0,1211,567,-1,-1
00006859.jpg,635,0,1207,567,-1,-1
00006860.jpg,594,4,1198,545,-1,-1
00006861.jpg,594,4,1198,545,-1,-1
00006862.jpg,593,1,1197,542,-1,-1
00006863.jpg,594,0,1198,541,-1,-1
00006864.jpg,568,4,1143,523,-1,-1
00006865.jpg,568,4,1143,523,-1,-1
00006866.jpg,567,0,1142,519,-1,-1
00006867.jpg,563,0,1138,519,-1,-1
00006868.jpg,559,0,1134,519,-1,-1
00006869.jpg,548,0,1123,519,-1,-1
00006870.jpg,530,0,1105,519,-1,-1
00006871.jpg,518,0,1093,519,-1,-1
00006872.jpg,475,4,1036,518,-1,-1
00006873.jpg,475,4,1036,518,-1,-1
00006874.jpg,465,13,1026,527,-1,-1
00006875.jpg,457,21,1018,535,-1,-1
00006876.jpg,451,24,1012,538,-1,-1
00006877.jpg,445,24,1006,538,-1,-1
00006878.jpg,433,23,994,537,-1,-1
00006879.jpg,417,26,978,540,-1,-1
00006880.jpg,394,28,955,542,-1,-1
00006881.jpg,361,33,922,547,-1,-1
00006882.jpg,361,33,922,547,-1,-1
