00033657.jpg,146,22,225,104,234,189
00033658.jpg,146,22,225,104,237,190
00033659.jpg,146,22,225,104,239,193
00033660.jpg,148,18,231,109,241,193
00033661.jpg,148,18,231,109,241,194
00033662.jpg,146,18,229,110,242,199
00033663.jpg,148,19,234,113,242,201
00033664.jpg,148,19,234,115,239,205
00033665.jpg,147,21,233,118,-1,-1
00033666.jpg,149,22,236,121,-1,-1
00033667.jpg,149,22,236,121,-1,-1
00033668.jpg,149,23,236,122,-1,-1
00033669.jpg,151,22,238,121,-1,-1
00033670.jpg,153,23,240,122,-1,-1
00033671.jpg,157,21,249,125,-1,-1
00033672.jpg,157,21,249,125,-1,-1
00033673.jpg,154,19,246,123,-1,-1
00033674.jpg,157,19,249,123,-1,-1
00033675.jpg,158,19,250,123,-1,-1
00033676.jpg,159,22,251,126,-1,-1
00033677.jpg,150,11,255,131,-1,-1
00033678.jpg,150,11,255,131,-1,-1
00033679.jpg,149,16,254,136,-1,-1
00033680.jpg,148,20,253,140,-1,-1
00033681.jpg,148,21,253,141,-1,-1
00033682.jpg,142,14,254,142,-1,-1
00033683.jpg,142,14,254,142,-1,-1
00033684.jpg,144,15,256,143,-1,-1
00033685.jpg,137,10,265,148,-1,-1
00033686.jpg,137,10,265,148,-1,-1
00033687.jpg,135,5,270,154,-1,-1
00033688.jpg,135,5,270,154,-1,-1
00033689.jpg,138,5,285,161,-1,-1
00033690.jpg,138,5,285,161,406,384
00033691.jpg,145,5,297,164,416,386
00033692.jpg,145,5,297,164,437,390
00033693.jpg,151,5,310,166,448,393
00033694.jpg,161,5,326,166,456,393
00033695.jpg,161,5,330,166,464,393
00033696.jpg,168,5,340,169,466,392
00033697.jpg,175,5,350,171,469,392
00033698.jpg,181,5,355,173,470,390
00033699.jpg,185,5,360,175,471,385
00033700.jpg,195,5,368,177,472,379
00033701.jpg,195,5,368,177,474,369
00033702.jpg,196,5,369,178,475,365
00033703.jpg,196,5,369,178,478,360
00033704.jpg,195,5,368,177,477,358
00033705.jpg,194,5,367,176,478,356
00033706.jpg,193,5,366,176,476,357
00033707.jpg,191,5,364,175,474,356
00033708.jpg,189,5,362,174,472,356
00033709.jpg,188,5,361,175,467,355
00033710.jpg,187,5,360,177,464,355
00033711.jpg,186,5,359,179,462,356
00033712.jpg,184,5,357,180,460,357
00033713.jpg,184,5,357,183,460,358
00033714.jpg,182,5,355,184,467,365
00033715.jpg,181,5,358,188,468,363
00033716.jpg,181,5,358,188,464,363
00033717.jpg,179,5,356,189,461,364
00033718.jpg,176,5,353,190,454,365
00033719.jpg,174,5,351,192,450,364
00033720.jpg,175,5,352,194,441,366
00033721.jpg,177,5,354,197,431,362
00033722.jpg,178,5,355,198,428,356
00033723.jpg,178,5,355,198,423,340
