00001448.jpg,287,0,441,117,402,256
00001449.jpg,320,6,467,86,406,265
00001450.jpg,320,6,467,86,436,288
00001451.jpg,326,4,473,84,440,296
00001452.jpg,333,4,480,84,447,306
00001453.jpg,337,7,484,87,462,290
00001454.jpg,354,2,513,111,462,306
00001455.jpg,354,2,513,111,501,320
00001456.jpg,356,10,515,119,517,339
00001457.jpg,355,1,530,136,529,346
00001458.jpg,355,1,530,136,537,351
00001459.jpg,355,0,530,135,551,344
00001460.jpg,357,0,532,135,572,331
00001461.jpg,357,0,532,135,617,328
00001462.jpg,358,0,533,135,634,323
00001463.jpg,361,0,536,135,640,319
00001464.jpg,370,0,545,135,621,315
00001465.jpg,375,0,550,135,617,311
00001466.jpg,380,0,555,135,615,316
00001467.jpg,389,0,564,135,616,324
00001468.jpg,398,0,573,135,615,326
00001469.jpg,418,7,593,142,627,335
00001470.jpg,425,1,590,163,630,351
00001471.jpg,425,1,590,163,637,359
00001472.jpg,435,0,600,162,637,360
00001473.jpg,461,2,622,147,637,368
00001474.jpg,461,2,622,147,639,369
00001475.jpg,463,0,624,145,627,369
00001476.jpg,464,0,625,145,626,363
00001477.jpg,475,5,664,133,626,365
00001478.jpg,475,5,664,133,636,361
00001479.jpg,477,16,666,144,637,361
00001480.jpg,473,2,645,142,640,361
00001481.jpg,473,2,645,142,649,363
00001482.jpg,472,11,644,151,656,364
00001483.jpg,471,19,643,159,661,356
00001484.jpg,470,10,634,174,671,369
00001485.jpg,470,10,634,174,680,371
00001486.jpg,467,7,631,171,677,356
00001487.jpg,463,2,627,166,681,373
00001488.jpg,461,0,625,164,680,374
00001489.jpg,453,0,617,164,719,359
00001490.jpg,450,0,614,164,711,355
00001491.jpg,446,0,610,164,711,360
00001492.jpg,441,0,605,164,705,365
00001493.jpg,437,0,601,164,699,370
00001494.jpg,433,14,597,178,699,375
00001495.jpg,431,20,595,184,686,388
00001496.jpg,429,25,593,189,676,395
00001497.jpg,428,27,592,191,661,403
00001498.jpg,426,27,590,191,647,411
00001499.jpg,422,25,586,189,602,411
00001500.jpg,392,10,556,174,592,411
00001501.jpg,381,6,545,170,540,406
00001502.jpg,376,5,540,170,526,411
00001503.jpg,376,5,540,170,504,411
00001504.jpg,356,12,520,177,485,413
00001505.jpg,346,18,510,183,426,418
00001506.jpg,334,26,498,191,421,424
00001507.jpg,323,33,487,198,417,431
00001508.jpg,311,37,475,202,416,436
00001509.jpg,287,40,451,205,411,445
00001510.jpg,276,37,440,202,409,448
00001511.jpg,266,30,430,195,407,450
00001512.jpg,258,28,422,193,429,435
00001513.jpg,251,19,415,184,405,449
00001514.jpg,242,12,406,177,409,434
00001515.jpg,239,11,403,176,399,451
00001516.jpg,237,11,401,176,389,454
00001517.jpg,236,13,400,178,367,470
00001518.jpg,235,18,399,183,366,456
00001519.jpg,237,29,401,194,359,474
00001520.jpg,240,35,404,200,351,475
00001521.jpg,243,41,407,206,330,490
00001522.jpg,247,45,411,210,341,486
00001523.jpg,250,44,414,209,321,496
00001524.jpg,252,37,416,202,341,486
00001525.jpg,253,30,417,195,332,501
00001526.jpg,250,22,414,187,339,489
00001527.jpg,246,15,410,180,344,489
00001528.jpg,231,4,418,188,357,478
00001529.jpg,231,4,418,188,357,475
00001530.jpg,227,5,414,189,350,475
00001531.jpg,223,8,410,192,352,471
00001532.jpg,219,13,406,197,366,461
00001533.jpg,214,20,401,204,366,460
00001534.jpg,205,36,392,220,375,455
00001535.jpg,202,42,389,226,335,485
00001536.jpg,198,45,385,229,342,484
00001537.jpg,195,44,382,228,347,484
00001538.jpg,156,7,367,227,361,501
00001539.jpg,156,7,367,227,375,503
00001540.jpg,157,0,368,220,397,506
00001541.jpg,157,0,368,210,421,505
00001542.jpg,164,0,375,220,431,524
00001543.jpg,167,0,378,220,450,523
00001544.jpg,180,0,391,220,464,529
00001545.jpg,190,0,401,220,502,529
00001546.jpg,202,4,413,224,442,509
00001547.jpg,215,11,426,231,477,523
00001548.jpg,228,14,439,234,489,535
00001549.jpg,263,17,474,237,491,538
00001550.jpg,279,12,490,232,527,554
00001551.jpg,324,6,535,226,556,569
00001552.jpg,320,5,551,216,566,576
00001553.jpg,320,5,551,216,585,583
00001554.jpg,341,0,572,211,606,585
00001555.jpg,347,0,578,211,635,586
00001556.jpg,371,0,602,211,669,590
00001557.jpg,380,0,611,211,707,590
00001558.jpg,396,3,659,187,751,588
00001559.jpg,396,3,659,187,785,586
00001560.jpg,407,10,670,194,814,586
00001561.jpg,439,3,724,215,814,589
00001562.jpg,439,3,724,215,830,589
00001563.jpg,450,7,735,219,841,589
00001564.jpg,474,10,759,222,881,553
00001565.jpg,483,4,768,216,899,561
00001566.jpg,496,0,781,212,905,561
00001567.jpg,507,0,792,212,909,561
00001568.jpg,520,0,805,212,910,561
00001569.jpg,531,0,816,212,911,561
00001570.jpg,549,0,834,212,920,548
00001571.jpg,549,0,834,212,926,543
00001572.jpg,587,0,872,212,927,543
00001573.jpg,578,0,863,212,941,543
00001574.jpg,598,15,883,227,955,543
00001575.jpg,615,23,900,235,967,543
00001576.jpg,649,6,892,247,979,548
00001577.jpg,649,6,892,247,982,573
00001578.jpg,684,5,935,263,987,580
00001579.jpg,684,5,935,263,989,584
00001580.jpg,687,1,938,259,997,598
00001581.jpg,705,3,983,254,1030,581
00001582.jpg,705,3,983,254,1005,593
00001583.jpg,705,0,983,251,1002,596
00001584.jpg,695,0,973,251,1021,588
00001585.jpg,680,0,958,251,1020,594
00001586.jpg,669,2,947,253,995,599
00001587.jpg,651,9,929,260,995,608
00001588.jpg,692,2,936,254,934,641
00001589.jpg,692,2,936,254,-1,-1
00001590.jpg,686,8,930,260,-1,-1
00001591.jpg,673,19,917,271,-1,-1
00001592.jpg,668,31,912,283,-1,-1
00001593.jpg,661,39,905,291,-1,-1
00001594.jpg,670,65,914,317,-1,-1
00001595.jpg,675,76,919,328,290,706
00001596.jpg,680,88,924,340,242,679
00001597.jpg,686,96,930,348,256,674
00001598.jpg,681,132,942,384,259,674
00001599.jpg,681,132,942,384,231,645
00001600.jpg,683,141,944,393,239,626
00001601.jpg,685,169,944,438,242,615
00001602.jpg,685,169,944,438,242,609
00001603.jpg,685,174,944,443,250,604
00001604.jpg,709,222,937,457,251,596
00001605.jpg,709,222,937,457,222,325
00001606.jpg,709,220,937,455,226,325
00001607.jpg,710,214,938,449,226,323
00001608.jpg,711,205,939,440,229,291
00001609.jpg,714,179,942,414,226,283
00001610.jpg,717,162,945,397,225,261
00001611.jpg,720,142,948,377,225,246
00001612.jpg,728,116,956,351,227,230
00001613.jpg,735,92,963,327,231,223
00001614.jpg,728,106,948,335,234,213
00001615.jpg,728,106,948,335,241,203
00001616.jpg,731,100,951,329,246,196
00001617.jpg,730,99,950,328,245,191
00001618.jpg,729,98,949,327,245,186
00001619.jpg,732,72,952,301,246,188
00001620.jpg,729,75,949,304,255,186
00001621.jpg,723,90,943,319,257,186
00001622.jpg,710,100,930,329,260,186
00001623.jpg,705,101,925,330,264,186
00001624.jpg,698,107,918,336,264,185
00001625.jpg,695,110,915,339,264,186
00001626.jpg,694,111,914,340,264,189
00001627.jpg,694,112,914,341,256,191
00001628.jpg,695,112,915,341,252,195
00001629.jpg,698,113,918,342,249,200
00001630.jpg,700,112,920,341,242,201
00001631.jpg,701,111,921,340,235,201
00001632.jpg,703,110,923,339,231,200
00001633.jpg,705,109,925,338,227,200
00001634.jpg,708,109,928,338,229,201
00001635.jpg,710,109,930,338,229,209
00001636.jpg,711,109,931,338,232,208
00001637.jpg,711,109,931,338,232,206
00001638.jpg,712,108,932,337,226,213
00001639.jpg,712,107,932,336,226,213
00001640.jpg,712,107,932,336,234,206
00001641.jpg,712,106,932,335,236,211
00001642.jpg,712,106,932,335,244,214
00001643.jpg,712,106,932,335,246,214
00001644.jpg,715,106,935,335,246,214
00001645.jpg,717,105,937,334,-1,-1
00001646.jpg,720,105,940,334,-1,-1
00001647.jpg,723,104,943,333,-1,-1
00001648.jpg,723,104,943,333,-1,-1
00001649.jpg,723,104,943,333,-1,-1
