00018347.jpg,395,73,758,393,-1,-1
00018348.jpg,395,73,758,393,-1,-1
00018349.jpg,395,73,758,393,-1,-1
00018350.jpg,395,73,758,393,-1,-1
00018351.jpg,404,71,767,391,-1,-1
00018352.jpg,415,69,778,389,-1,-1
00018353.jpg,425,66,788,386,-1,-1
00018354.jpg,434,63,797,383,-1,-1
00018355.jpg,434,63,797,383,-1,-1
00018356.jpg,437,63,800,383,-1,-1
00018357.jpg,440,64,803,384,-1,-1
00018358.jpg,441,65,804,385,-1,-1
00018359.jpg,441,67,804,387,-1,-1
00018360.jpg,441,67,804,387,-1,-1
00018361.jpg,441,69,804,389,-1,-1
00018362.jpg,440,70,803,390,-1,-1
00018363.jpg,437,72,800,392,-1,-1
00018364.jpg,435,74,798,394,-1,-1
00018365.jpg,435,74,798,394,834,614
00018366.jpg,434,74,797,394,640,637
00018367.jpg,431,76,794,396,533,640
00018368.jpg,427,80,790,400,452,629
00018369.jpg,423,85,786,405,437,614
00018370.jpg,423,85,786,405,430,608
00018371.jpg,419,87,782,407,409,598
00018372.jpg,416,86,779,406,397,601
00018373.jpg,411,84,774,404,388,600
00018374.jpg,407,84,770,404,377,596
00018375.jpg,407,84,770,404,370,593
00018376.jpg,415,81,753,409,370,593
00018377.jpg,414,82,751,409,370,593
00018378.jpg,419,82,753,411,370,593
00018379.jpg,423,81,754,413,369,601
00018380.jpg,423,81,755,413,369,605
00018381.jpg,428,84,752,412,456,629
00018382.jpg,424,80,787,400,645,610
00018383.jpg,428,81,791,401,-1,-1
00018384.jpg,431,84,794,404,-1,-1
00018385.jpg,431,84,794,404,-1,-1
00018386.jpg,433,86,796,406,-1,-1
00018387.jpg,432,87,795,407,-1,-1
00018388.jpg,430,88,793,408,-1,-1
00018389.jpg,428,89,791,409,-1,-1
00018390.jpg,428,89,791,409,-1,-1
00018391.jpg,425,90,788,410,-1,-1
00018392.jpg,423,91,786,411,-1,-1
00018393.jpg,421,91,784,411,-1,-1
00018394.jpg,420,91,783,411,-1,-1
00018395.jpg,420,91,783,411,-1,-1
00018396.jpg,419,90,782,410,-1,-1
00018397.jpg,419,89,782,409,-1,-1
00018398.jpg,418,88,781,408,-1,-1
00018399.jpg,418,88,781,408,-1,-1
00018400.jpg,418,87,781,407,-1,-1
00018401.jpg,417,87,780,407,-1,-1
00018402.jpg,417,86,780,406,-1,-1
00018403.jpg,416,86,779,406,-1,-1
00018404.jpg,415,85,778,405,-1,-1
00018405.jpg,415,85,778,405,-1,-1
00018406.jpg,414,85,777,405,-1,-1
00018407.jpg,414,84,777,404,-1,-1
00018408.jpg,414,84,777,404,-1,-1
00018409.jpg,419,76,782,396,-1,-1
00018410.jpg,419,76,782,396,-1,-1
00018411.jpg,413,83,776,403,-1,-1
00018412.jpg,412,80,775,400,-1,-1
00018413.jpg,413,83,776,403,-1,-1
00018414.jpg,422,80,785,400,-1,-1
00018415.jpg,422,80,785,400,-1,-1
00018416.jpg,421,79,784,399,-1,-1
00018417.jpg,418,80,781,400,-1,-1
00018418.jpg,415,80,778,400,-1,-1
00018419.jpg,415,77,778,397,-1,-1
00018420.jpg,415,77,778,397,-1,-1
00018421.jpg,414,76,777,396,-1,-1
00018422.jpg,411,75,774,395,-1,-1
00018423.jpg,409,75,772,395,-1,-1
00018424.jpg,411,75,774,395,-1,-1
00018425.jpg,411,75,774,395,-1,-1
00018426.jpg,412,76,775,396,-1,-1
00018427.jpg,411,78,774,398,-1,-1
00018428.jpg,412,78,775,398,-1,-1
00018429.jpg,412,78,775,398,-1,-1
00018430.jpg,412,78,775,398,-1,-1
00018431.jpg,411,77,774,397,-1,-1
00018432.jpg,411,77,774,397,-1,-1
