00008719.jpg,775,170,1042,439,801,296
00008720.jpg,775,170,1042,439,798,296
00008721.jpg,775,170,1042,439,798,296
00008722.jpg,773,171,1040,440,792,296
00008723.jpg,772,171,1039,440,788,296
00008724.jpg,771,171,1038,440,782,296
00008725.jpg,767,169,1034,438,781,296
00008726.jpg,762,169,1029,438,777,296
00008727.jpg,761,169,1028,438,777,296
00008728.jpg,759,170,1026,439,774,294
00008729.jpg,755,170,1022,439,772,294
00008730.jpg,754,171,1021,440,770,294
00008731.jpg,752,173,1019,442,768,294
00008732.jpg,745,172,1012,441,764,294
00008733.jpg,744,173,1011,442,762,294
00008734.jpg,749,184,1002,457,756,294
00008735.jpg,749,184,1002,457,748,294
00008736.jpg,748,185,1001,458,746,294
00008737.jpg,743,185,981,460,744,294
00008738.jpg,743,185,981,460,744,294
00008739.jpg,741,185,979,460,742,296
00008740.jpg,739,186,977,461,737,296
00008741.jpg,738,187,976,462,737,296
00008742.jpg,737,187,975,462,733,296
00008743.jpg,735,188,973,463,733,296
00008744.jpg,732,189,970,464,733,296
00008745.jpg,731,190,969,465,729,296
00008746.jpg,731,193,969,468,729,296
00008747.jpg,731,194,969,469,729,296
00008748.jpg,729,194,967,469,729,296
00008749.jpg,728,196,966,471,729,296
00008750.jpg,727,197,965,472,726,296
00008751.jpg,725,197,963,472,726,298
00008752.jpg,725,197,963,472,726,298
