00003642.jpg,1210,11,1583,312,-1,-1
00003643.jpg,1216,12,1576,315,-1,-1
00003644.jpg,1223,11,1582,317,-1,-1
00003645.jpg,1223,13,1580,318,-1,-1
00003646.jpg,1222,13,1581,319,-1,-1
00003647.jpg,1224,12,1582,320,-1,-1
00003648.jpg,1224,13,1586,323,-1,-1
00003649.jpg,1224,15,1585,327,-1,-1
00003650.jpg,1224,16,1590,331,-1,-1
00003651.jpg,1224,15,1591,331,-1,-1
00003652.jpg,1224,15,1591,331,-1,-1
00003653.jpg,1224,15,1591,331,-1,-1
00003654.jpg,1224,15,1591,331,-1,-1
00003655.jpg,1223,19,1590,335,-1,-1
00003656.jpg,1223,19,1590,335,-1,-1
00003657.jpg,1222,22,1589,338,-1,-1
00003658.jpg,1222,23,1589,339,-1,-1
00003659.jpg,1220,24,1587,340,-1,-1
00003660.jpg,1220,24,1587,340,-1,-1
00003661.jpg,1220,24,1587,340,-1,-1
00003662.jpg,1221,25,1588,341,-1,-1
00003663.jpg,1222,25,1589,341,-1,-1
00003664.jpg,1224,25,1591,341,-1,-1
00003665.jpg,1225,26,1592,342,-1,-1
00003666.jpg,1225,26,1592,342,-1,-1
00003667.jpg,1228,27,1595,343,-1,-1
00003668.jpg,1230,28,1597,344,-1,-1
00003669.jpg,1233,28,1600,344,-1,-1
00003670.jpg,1266,9,1558,332,-1,-1
00003671.jpg,1266,9,1558,332,-1,-1
00003672.jpg,1268,11,1560,334,-1,-1
00003673.jpg,1269,13,1561,336,-1,-1
00003674.jpg,1271,15,1563,338,-1,-1
00003675.jpg,1273,16,1565,339,-1,-1
00003676.jpg,1273,16,1565,339,-1,-1
00003677.jpg,1274,18,1566,341,-1,-1
00003678.jpg,1275,18,1567,341,-1,-1
00003679.jpg,1275,19,1567,342,-1,-1
00003680.jpg,1274,19,1566,342,-1,-1
00003681.jpg,1274,19,1566,342,-1,-1
00003682.jpg,1273,19,1565,342,-1,-1
00003683.jpg,1272,19,1564,342,-1,-1
00003684.jpg,1271,19,1563,342,-1,-1
00003685.jpg,1271,19,1563,342,-1,-1
00003686.jpg,1271,19,1563,342,-1,-1
00003687.jpg,1271,17,1563,340,-1,-1
00003688.jpg,1270,16,1562,339,-1,-1
00003689.jpg,1267,13,1559,336,-1,-1
00003690.jpg,1266,12,1558,335,-1,-1
00003691.jpg,1266,12,1558,335,-1,-1
00003692.jpg,1266,12,1558,335,-1,-1
00003693.jpg,1265,11,1557,334,-1,-1
00003694.jpg,1264,12,1556,335,-1,-1
00003695.jpg,1263,11,1555,334,-1,-1
00003696.jpg,1263,11,1555,334,-1,-1
00003697.jpg,1262,12,1554,335,-1,-1
00003698.jpg,1260,12,1552,335,-1,-1
00003699.jpg,1258,12,1550,335,-1,-1
00003700.jpg,1256,13,1548,336,-1,-1
00003701.jpg,1256,13,1548,336,-1,-1
00003702.jpg,1255,14,1547,337,-1,-1
00003703.jpg,1254,13,1546,336,-1,-1
00003704.jpg,1253,13,1545,336,-1,-1
00003705.jpg,1250,13,1542,336,-1,-1
00003706.jpg,1250,13,1542,336,-1,-1
00003707.jpg,1247,15,1539,338,-1,-1
00003708.jpg,1245,16,1537,339,-1,-1
00003709.jpg,1244,18,1536,341,-1,-1
00003710.jpg,1241,20,1533,343,-1,-1
00003711.jpg,1241,20,1533,343,-1,-1
00003712.jpg,1238,22,1530,345,-1,-1
00003713.jpg,1237,22,1529,345,-1,-1
00003714.jpg,1237,22,1529,345,-1,-1
00003715.jpg,1237,22,1529,345,-1,-1
00003716.jpg,1245,30,1569,344,-1,-1
00003717.jpg,1245,30,1569,344,-1,-1
