00004054.jpg,1098,110,1513,599,-1,-1
00004055.jpg,1098,110,1513,599,-1,-1
00004056.jpg,1098,110,1513,599,-1,-1
00004057.jpg,1098,110,1513,599,-1,-1
00004058.jpg,1100,111,1515,600,-1,-1
00004059.jpg,1103,112,1518,601,-1,-1
00004060.jpg,1105,112,1520,601,-1,-1
00004061.jpg,1108,112,1523,601,-1,-1
00004062.jpg,1112,112,1527,601,-1,-1
00004063.jpg,1115,111,1530,600,-1,-1
00004064.jpg,1117,110,1532,599,-1,-1
00004065.jpg,1120,109,1535,598,-1,-1
00004066.jpg,1124,108,1539,597,-1,-1
00004067.jpg,1128,108,1543,597,-1,-1
00004068.jpg,1136,109,1551,598,-1,-1
00004069.jpg,1139,110,1554,599,-1,-1
00004070.jpg,1142,112,1557,601,-1,-1
00004071.jpg,1143,113,1558,602,-1,-1
00004072.jpg,1143,113,1558,602,-1,-1
00004073.jpg,1143,113,1558,602,-1,-1
00004074.jpg,1142,113,1557,602,-1,-1
00004075.jpg,1142,113,1557,602,-1,-1
00004076.jpg,1142,112,1557,601,-1,-1
00004077.jpg,1141,112,1556,601,-1,-1
00004078.jpg,1141,112,1556,601,-1,-1
00004079.jpg,1140,113,1555,602,-1,-1
00004080.jpg,1138,114,1553,603,-1,-1
00004081.jpg,1136,115,1551,604,-1,-1
00004082.jpg,1134,116,1549,605,-1,-1
00004083.jpg,1132,117,1547,606,-1,-1
00004084.jpg,1131,118,1546,607,-1,-1
00004085.jpg,1130,118,1545,607,-1,-1
00004086.jpg,1128,119,1543,608,-1,-1
00004087.jpg,1126,119,1541,608,-1,-1
00004088.jpg,1124,118,1539,607,-1,-1
00004089.jpg,1123,117,1538,606,-1,-1
00004090.jpg,1122,116,1537,605,-1,-1
00004091.jpg,1121,115,1536,604,-1,-1
00004092.jpg,1120,114,1535,603,-1,-1
00004093.jpg,1119,113,1534,602,-1,-1
00004094.jpg,1118,112,1533,601,-1,-1
00004095.jpg,1117,111,1532,600,-1,-1
00004096.jpg,1117,110,1532,599,-1,-1
00004097.jpg,1117,109,1532,598,-1,-1
00004098.jpg,1117,108,1532,597,-1,-1
00004099.jpg,1118,106,1533,595,-1,-1
00004100.jpg,1120,105,1535,594,-1,-1
00004101.jpg,1121,104,1536,593,-1,-1
00004102.jpg,1123,104,1538,593,-1,-1
00004103.jpg,1122,103,1537,592,-1,-1
00004104.jpg,1122,103,1537,592,-1,-1
00004105.jpg,1123,103,1538,592,-1,-1
00004106.jpg,1122,103,1537,592,-1,-1
00004107.jpg,1121,103,1536,592,-1,-1
00004108.jpg,1120,104,1535,593,-1,-1
00004109.jpg,1118,104,1533,593,-1,-1
00004110.jpg,1117,104,1532,593,-1,-1
00004111.jpg,1116,103,1531,592,-1,-1
00004112.jpg,1115,103,1530,592,-1,-1
00004113.jpg,1114,102,1529,591,-1,-1
00004114.jpg,1113,102,1528,591,-1,-1
00004115.jpg,1111,101,1526,590,-1,-1
00004116.jpg,1109,101,1524,590,-1,-1
00004117.jpg,1108,101,1523,590,-1,-1
00004118.jpg,1106,102,1521,591,-1,-1
00004119.jpg,1105,102,1520,591,-1,-1
00004120.jpg,1105,102,1520,591,-1,-1
00004121.jpg,1105,102,1520,591,-1,-1
00004122.jpg,1104,101,1519,590,-1,-1
00004123.jpg,1103,101,1518,590,-1,-1
00004124.jpg,1102,100,1517,589,-1,-1
00004125.jpg,1101,100,1516,589,-1,-1
00004126.jpg,1101,100,1516,589,-1,-1
00004127.jpg,1102,100,1517,589,-1,-1
00004128.jpg,1103,99,1518,588,-1,-1
00004129.jpg,1104,98,1519,587,-1,-1
00004130.jpg,1104,96,1519,585,-1,-1
00004131.jpg,1104,94,1519,583,-1,-1
00004132.jpg,1104,93,1519,582,-1,-1
00004133.jpg,1104,92,1519,581,-1,-1
00004134.jpg,1104,91,1519,580,-1,-1
00004135.jpg,1105,89,1520,578,-1,-1
00004136.jpg,1106,88,1521,577,-1,-1
00004137.jpg,1108,87,1523,576,-1,-1
00004138.jpg,1110,87,1525,576,-1,-1
00004139.jpg,1113,87,1528,576,-1,-1
00004140.jpg,1116,87,1531,576,-1,-1
00004141.jpg,1120,88,1535,577,-1,-1
00004142.jpg,1123,89,1538,578,-1,-1
00004143.jpg,1127,90,1542,579,-1,-1
00004144.jpg,1132,91,1547,580,-1,-1
00004145.jpg,1137,92,1552,581,-1,-1
00004146.jpg,1141,93,1556,582,-1,-1
00004147.jpg,1145,94,1560,583,-1,-1
00004148.jpg,1149,94,1564,583,-1,-1
00004149.jpg,1153,94,1568,583,-1,-1
00004150.jpg,1156,95,1571,584,-1,-1
00004151.jpg,1167,88,1605,590,-1,-1
00004152.jpg,1167,88,1605,590,-1,-1
00004153.jpg,1169,89,1607,591,-1,-1
00004154.jpg,1170,90,1608,592,-1,-1
00004155.jpg,1171,90,1609,592,-1,-1
00004156.jpg,1172,90,1610,592,-1,-1
00004157.jpg,1171,90,1609,592,-1,-1
00004158.jpg,1169,91,1607,593,-1,-1
00004159.jpg,1165,91,1603,593,-1,-1
00004160.jpg,1162,92,1600,594,-1,-1
00004161.jpg,1159,93,1597,595,-1,-1
00004162.jpg,1157,94,1595,596,-1,-1
00004163.jpg,1155,94,1593,596,-1,-1
00004164.jpg,1153,93,1591,595,-1,-1
00004165.jpg,1151,93,1589,595,-1,-1
00004166.jpg,1149,93,1587,595,-1,-1
00004167.jpg,1148,93,1586,595,-1,-1
00004168.jpg,1146,93,1584,595,-1,-1
00004169.jpg,1145,93,1583,595,-1,-1
00004170.jpg,1143,93,1581,595,-1,-1
00004171.jpg,1143,77,1609,597,-1,-1
00004172.jpg,1143,77,1609,597,-1,-1
00004173.jpg,1144,77,1610,597,-1,-1
00004174.jpg,1147,77,1613,597,-1,-1
00004175.jpg,1150,77,1616,597,-1,-1
00004176.jpg,1153,77,1619,597,-1,-1
00004177.jpg,1156,77,1622,597,-1,-1
00004178.jpg,1159,78,1625,598,-1,-1
00004179.jpg,1161,78,1627,598,-1,-1
00004180.jpg,1162,77,1628,597,-1,-1
00004181.jpg,1163,77,1629,597,-1,-1
00004182.jpg,1164,77,1630,597,-1,-1
00004183.jpg,1165,77,1631,597,-1,-1
00004184.jpg,1166,77,1632,597,-1,-1
00004185.jpg,1168,76,1634,596,-1,-1
00004186.jpg,1168,76,1634,596,-1,-1
00004187.jpg,1168,76,1634,596,-1,-1
00004188.jpg,1167,76,1633,596,-1,-1
00004189.jpg,1166,75,1632,595,-1,-1
00004190.jpg,1164,75,1630,595,-1,-1
00004191.jpg,1160,75,1626,595,-1,-1
00004192.jpg,1157,74,1623,594,-1,-1
00004193.jpg,1157,72,1623,592,-1,-1
00004194.jpg,1152,71,1618,591,-1,-1
00004195.jpg,1149,70,1615,590,-1,-1
00004196.jpg,1147,69,1613,589,-1,-1
00004197.jpg,1144,68,1610,588,-1,-1
00004198.jpg,1141,66,1607,586,-1,-1
00004199.jpg,1138,66,1604,586,-1,-1
00004200.jpg,1136,65,1602,585,-1,-1
00004201.jpg,1134,65,1600,585,-1,-1
00004202.jpg,1132,66,1598,586,-1,-1
00004203.jpg,1132,66,1598,586,-1,-1
00004204.jpg,1132,66,1598,586,-1,-1
00004205.jpg,1131,66,1597,586,-1,-1
00004206.jpg,1129,66,1595,586,-1,-1
00004207.jpg,1127,67,1593,587,-1,-1
00004208.jpg,1124,67,1590,587,-1,-1
00004209.jpg,1121,67,1587,587,-1,-1
00004210.jpg,1120,67,1586,587,-1,-1
00004211.jpg,1120,67,1586,587,-1,-1
00004212.jpg,1118,67,1584,587,-1,-1
00004213.jpg,1117,66,1583,586,-1,-1
00004214.jpg,1117,65,1583,585,-1,-1
00004215.jpg,1117,65,1583,585,-1,-1
00004216.jpg,1116,65,1582,585,-1,-1
00004217.jpg,1116,66,1582,586,-1,-1
00004218.jpg,1116,66,1582,586,-1,-1
00004219.jpg,1118,67,1584,587,-1,-1
00004220.jpg,1119,67,1585,587,-1,-1
00004221.jpg,1121,68,1587,588,-1,-1
00004222.jpg,1125,68,1591,588,-1,-1
00004223.jpg,1128,68,1594,588,-1,-1
00004224.jpg,1131,69,1597,589,-1,-1
00004225.jpg,1134,71,1600,591,-1,-1
00004226.jpg,1137,72,1603,592,-1,-1
00004227.jpg,1139,73,1605,593,-1,-1
00004228.jpg,1141,75,1607,595,-1,-1
00004229.jpg,1142,76,1608,596,-1,-1
00004230.jpg,1142,77,1608,597,-1,-1
00004231.jpg,1143,77,1609,597,-1,-1
00004232.jpg,1143,77,1609,597,-1,-1
00004233.jpg,1142,77,1608,597,-1,-1
00004234.jpg,1141,77,1607,597,-1,-1
00004235.jpg,1138,77,1604,597,-1,-1
00004236.jpg,1136,77,1602,597,-1,-1
00004237.jpg,1135,77,1601,597,-1,-1
00004238.jpg,1132,78,1598,598,-1,-1
00004239.jpg,1132,78,1598,598,-1,-1
00004240.jpg,1132,78,1598,598,-1,-1
00004241.jpg,1132,78,1598,598,-1,-1
00004242.jpg,1133,79,1599,599,-1,-1
00004243.jpg,1134,80,1600,600,-1,-1
00004244.jpg,1138,78,1604,598,-1,-1
00004245.jpg,1142,80,1608,600,-1,-1
00004246.jpg,1144,80,1610,600,-1,-1
00004247.jpg,1145,80,1611,600,-1,-1
00004248.jpg,1145,81,1611,601,-1,-1
00004249.jpg,1145,83,1611,603,-1,-1
00004250.jpg,1146,84,1612,604,-1,-1
00004251.jpg,1144,86,1610,606,-1,-1
00004252.jpg,1142,87,1608,607,-1,-1
00004253.jpg,1141,87,1607,607,-1,-1
00004254.jpg,1140,88,1606,608,-1,-1
00004255.jpg,1139,87,1605,607,-1,-1
00004256.jpg,1139,86,1605,606,-1,-1
00004257.jpg,1139,86,1605,606,-1,-1
00004258.jpg,1138,86,1604,606,-1,-1
00004259.jpg,1138,86,1604,606,-1,-1
00004260.jpg,1139,87,1605,607,-1,-1
00004261.jpg,1140,88,1606,608,-1,-1
00004262.jpg,1141,89,1607,609,-1,-1
00004263.jpg,1141,90,1607,610,-1,-1
00004264.jpg,1142,91,1608,611,-1,-1
00004265.jpg,1141,91,1607,611,-1,-1
00004266.jpg,1141,91,1607,611,-1,-1
00004267.jpg,1141,91,1607,611,-1,-1
00004268.jpg,1141,91,1607,611,-1,-1
00004269.jpg,1141,91,1607,611,-1,-1
00004270.jpg,1141,91,1607,611,-1,-1
00004271.jpg,1141,91,1607,611,-1,-1
00004272.jpg,1140,91,1606,611,-1,-1
00004273.jpg,1140,92,1606,612,-1,-1
00004274.jpg,1139,92,1605,612,-1,-1
00004275.jpg,1139,92,1605,612,-1,-1
00004276.jpg,1137,92,1603,612,-1,-1
00004277.jpg,1135,92,1601,612,-1,-1
00004278.jpg,1133,91,1599,611,-1,-1
00004279.jpg,1131,91,1597,611,-1,-1
00004280.jpg,1128,90,1594,610,-1,-1
00004281.jpg,1125,88,1591,608,-1,-1
00004282.jpg,1122,86,1588,606,-1,-1
00004283.jpg,1120,85,1586,605,-1,-1
00004284.jpg,1115,85,1581,605,-1,-1
00004285.jpg,1107,84,1573,604,-1,-1
00004286.jpg,1104,83,1570,603,-1,-1
00004287.jpg,1101,83,1567,603,-1,-1
00004288.jpg,1100,82,1566,602,-1,-1
00004289.jpg,1099,82,1565,602,-1,-1
00004290.jpg,1098,82,1564,602,-1,-1
00004291.jpg,1104,80,1570,600,-1,-1
00004292.jpg,1111,79,1577,599,-1,-1
00004293.jpg,1112,77,1578,597,-1,-1
00004294.jpg,1114,77,1580,597,-1,-1
00004295.jpg,1116,77,1582,597,-1,-1
00004296.jpg,1117,77,1583,597,-1,-1
00004297.jpg,1118,77,1584,597,-1,-1
00004298.jpg,1118,77,1584,597,-1,-1
00004299.jpg,1119,77,1585,597,-1,-1
00004300.jpg,1120,77,1586,597,-1,-1
00004301.jpg,1120,77,1586,597,-1,-1
