00013246.jpg,649,100,976,456,510,237
00013247.jpg,649,100,976,456,511,237
00013248.jpg,649,100,976,456,511,236
00013249.jpg,649,100,976,456,511,235
00013250.jpg,649,100,976,456,511,235
00013251.jpg,649,100,976,456,511,235
00013252.jpg,649,100,976,456,510,235
00013253.jpg,649,100,976,456,512,235
00013254.jpg,650,100,977,456,514,235
00013255.jpg,651,100,978,456,515,233
00013256.jpg,651,100,978,456,515,233
00013257.jpg,651,100,978,456,516,233
00013258.jpg,651,101,978,457,517,234
00013259.jpg,651,101,978,457,516,233
00013260.jpg,651,101,978,457,515,233
00013261.jpg,651,101,978,457,515,233
00013262.jpg,651,102,978,458,515,233
00013263.jpg,651,102,978,458,515,233
00013264.jpg,651,102,978,458,517,233
00013265.jpg,651,102,978,458,515,233
00013266.jpg,652,102,979,458,516,233
00013267.jpg,652,102,979,458,516,233
00013268.jpg,652,102,979,458,519,233
00013269.jpg,652,103,979,459,519,233
00013270.jpg,652,103,979,459,519,233
00013271.jpg,652,103,979,459,518,233
00013272.jpg,652,103,979,459,518,233
00013273.jpg,651,103,978,459,518,233
00013274.jpg,651,103,978,459,518,233
00013275.jpg,651,103,978,459,518,234
00013276.jpg,652,103,979,459,518,234
00013277.jpg,652,103,979,459,519,234
00013278.jpg,652,102,979,458,519,234
00013279.jpg,655,103,982,459,519,234
00013280.jpg,656,103,983,459,519,234
00013281.jpg,656,103,983,459,520,234
00013282.jpg,657,103,984,459,520,234
00013283.jpg,657,103,984,459,520,234
00013284.jpg,658,103,985,459,520,234
00013285.jpg,658,104,985,460,520,234
00013286.jpg,658,104,985,460,519,234
00013287.jpg,659,104,986,460,518,234
00013288.jpg,660,104,987,460,518,233
00013289.jpg,661,104,988,460,519,233
00013290.jpg,661,105,988,461,519,233
00013291.jpg,662,104,989,460,519,233
00013292.jpg,662,105,989,461,521,233
00013293.jpg,663,105,990,461,519,233
00013294.jpg,663,106,990,462,519,233
00013295.jpg,663,106,990,462,521,233
00013296.jpg,663,106,990,462,521,233
00013297.jpg,663,106,990,462,521,233
00013298.jpg,663,107,990,463,520,233
00013299.jpg,664,107,991,463,519,233
00013300.jpg,664,107,991,463,519,233
00013301.jpg,665,107,992,463,520,233
00013302.jpg,665,108,992,464,520,233
00013303.jpg,666,108,993,464,520,233
00013304.jpg,667,108,994,464,520,233
00013305.jpg,668,108,995,464,519,233
00013306.jpg,668,108,995,464,518,233
00013307.jpg,669,108,996,464,518,233
00013308.jpg,669,109,996,465,518,233
00013309.jpg,669,109,996,465,518,233
00013310.jpg,670,109,997,465,518,233
00013311.jpg,670,109,997,465,518,233
00013312.jpg,671,108,998,464,518,233
00013313.jpg,672,108,999,464,518,233
00013314.jpg,672,108,999,464,518,233
00013315.jpg,672,108,999,464,518,233
00013316.jpg,673,108,1000,464,518,233
00013317.jpg,674,108,1001,464,518,233
00013318.jpg,674,108,1001,464,518,233
00013319.jpg,674,108,1001,464,518,233
00013320.jpg,674,108,1001,464,518,233
00013321.jpg,675,108,1002,464,518,233
00013322.jpg,675,108,1002,464,518,233
00013323.jpg,675,108,1002,464,518,233
00013324.jpg,679,106,1006,462,518,232
00013325.jpg,679,106,1006,462,518,232
00013326.jpg,679,107,1006,463,518,232
00013327.jpg,678,107,1005,463,517,231
00013328.jpg,678,107,1005,463,515,231
00013329.jpg,677,108,1004,464,513,231
00013330.jpg,677,108,1004,464,507,232
00013331.jpg,678,108,1005,464,501,234
00013332.jpg,678,108,1005,464,496,233
00013333.jpg,675,103,1004,464,493,233
00013334.jpg,675,103,1004,464,494,231
00013335.jpg,675,103,1004,464,494,231
00013336.jpg,675,103,1004,464,498,230
00013337.jpg,675,103,1004,464,500,230
00013338.jpg,675,103,1004,464,504,230
00013339.jpg,676,103,1005,464,505,230
00013340.jpg,676,103,1005,464,507,230
00013341.jpg,677,103,1006,464,509,230
00013342.jpg,677,103,1006,464,514,230
00013343.jpg,678,103,1007,464,514,230
00013344.jpg,678,103,1007,464,515,232
00013345.jpg,679,103,1008,464,518,231
00013346.jpg,679,103,1008,464,519,231
00013347.jpg,680,103,1009,464,519,231
00013348.jpg,680,103,1009,464,516,230
00013349.jpg,680,103,1009,464,514,231
00013350.jpg,681,103,1010,464,513,231
00013351.jpg,681,103,1010,464,512,233
00013352.jpg,681,103,1010,464,511,233
00013353.jpg,681,103,1010,464,509,233
00013354.jpg,682,103,1011,464,509,233
00013355.jpg,681,104,1010,465,510,233
00013356.jpg,681,104,1010,465,512,233
00013357.jpg,681,104,1010,465,512,233
00013358.jpg,681,104,1010,465,514,233
00013359.jpg,680,105,1009,466,516,233
00013360.jpg,679,106,1008,467,516,233
00013361.jpg,677,106,1006,467,524,418
00013362.jpg,671,108,1005,471,-1,-1
00013363.jpg,671,108,1005,471,-1,-1
00013364.jpg,665,108,998,471,-1,-1
00013365.jpg,658,106,993,474,-1,-1
00013366.jpg,649,104,979,470,-1,-1
00013367.jpg,649,104,979,470,-1,-1
