00001347.jpg,924,69,1334,523,-1,-1
00001348.jpg,924,69,1334,523,-1,-1
00001349.jpg,924,69,1334,523,-1,-1
00001350.jpg,924,69,1334,523,-1,-1
00001351.jpg,921,70,1331,524,-1,-1
00001352.jpg,918,71,1328,525,1660,801
00001353.jpg,921,71,1331,525,1048,1037
00001354.jpg,921,71,1331,525,1048,1037
00001355.jpg,925,72,1335,526,-1,-1
00001356.jpg,927,69,1337,523,-1,-1
00001357.jpg,924,69,1334,523,-1,-1
00001358.jpg,922,67,1332,521,-1,-1
00001359.jpg,922,67,1332,521,-1,-1
00001360.jpg,923,66,1333,520,-1,-1
00001361.jpg,923,66,1333,520,-1,-1
00001362.jpg,923,66,1333,520,-1,-1
00001363.jpg,923,66,1333,520,-1,-1
00001364.jpg,923,66,1333,520,-1,-1
00001365.jpg,923,66,1333,520,-1,-1
00001366.jpg,923,66,1333,520,-1,-1
00001367.jpg,923,66,1333,520,-1,-1
00001368.jpg,922,66,1332,520,-1,-1
00001369.jpg,922,65,1332,519,-1,-1
00001370.jpg,922,66,1332,520,-1,-1
00001371.jpg,923,66,1333,520,-1,-1
00001372.jpg,925,66,1335,520,-1,-1
00001373.jpg,925,66,1335,520,-1,-1
00001374.jpg,926,64,1336,518,-1,-1
00001375.jpg,924,65,1334,519,-1,-1
00001376.jpg,923,64,1333,518,-1,-1
00001377.jpg,923,63,1333,517,-1,-1
00001378.jpg,923,63,1333,517,-1,-1
00001379.jpg,923,63,1333,517,-1,-1
