00001347.jpg,5,5,430,807,1234,297
00001348.jpg,5,5,430,807,1232,297
00001349.jpg,5,5,430,807,1232,297
00001350.jpg,5,5,430,807,1232,297
00001351.jpg,5,5,430,807,1230,297
00001352.jpg,4,5,429,807,1228,298
00001353.jpg,4,5,429,807,1214,301
00001354.jpg,4,4,429,806,1214,301
00001355.jpg,4,4,429,806,1196,306
00001356.jpg,4,4,429,806,1166,318
00001357.jpg,4,4,429,806,1136,322
00001358.jpg,4,4,429,806,1121,325
00001359.jpg,4,4,429,806,1121,325
00001360.jpg,5,4,430,806,1117,325
00001361.jpg,5,4,430,806,1117,325
00001362.jpg,5,4,430,806,1117,325
00001363.jpg,5,4,430,806,1114,325
00001364.jpg,5,4,430,806,1114,325
00001365.jpg,5,4,430,806,1114,325
00001366.jpg,5,4,430,806,1114,325
00001367.jpg,5,4,430,806,1114,325
00001368.jpg,5,4,430,806,1117,324
00001369.jpg,5,4,430,806,1117,324
00001370.jpg,7,4,432,806,-1,-1
00001371.jpg,8,4,433,806,-1,-1
00001372.jpg,9,4,434,806,-1,-1
00001373.jpg,9,4,434,806,-1,-1
00001374.jpg,9,4,434,806,-1,-1
00001375.jpg,9,4,434,806,-1,-1
00001376.jpg,9,4,434,806,-1,-1
00001377.jpg,9,4,434,806,-1,-1
00001378.jpg,9,4,434,806,-1,-1
00001379.jpg,9,4,434,806,-1,-1
