00000301.jpg,505,206,662,357,486,226
00000302.jpg,505,206,662,357,486,221
00000303.jpg,506,206,663,357,472,214
00000304.jpg,509,206,666,357,462,204
00000305.jpg,509,206,666,357,462,204
00000306.jpg,510,206,667,357,457,197
00000307.jpg,511,206,668,357,446,188
00000308.jpg,512,206,669,357,445,185
00000309.jpg,512,206,669,357,442,181
00000310.jpg,512,206,669,357,444,185
00000311.jpg,512,206,669,357,444,180
00000312.jpg,511,206,668,357,444,180
00000313.jpg,511,206,668,357,444,179
00000314.jpg,511,206,668,357,443,178
00000315.jpg,511,206,668,357,443,178
00000316.jpg,511,206,668,357,442,178
00000317.jpg,511,206,668,357,442,178
00000318.jpg,511,206,668,357,441,177
00000319.jpg,511,206,668,357,440,177
00000320.jpg,511,206,668,357,440,177
00000321.jpg,511,206,668,357,438,178
00000322.jpg,511,206,668,357,438,178
00000323.jpg,511,206,668,357,438,178
00000324.jpg,511,206,668,357,439,178
00000325.jpg,511,206,668,357,439,178
00000326.jpg,511,206,668,357,438,178
00000327.jpg,511,206,668,357,437,178
00000328.jpg,511,206,668,357,436,177
00000329.jpg,511,206,668,357,436,177
00000330.jpg,511,206,668,357,436,177
00000331.jpg,511,206,668,357,434,176
00000332.jpg,511,206,668,357,434,176
00000333.jpg,511,206,668,357,434,176
00000334.jpg,511,206,668,357,434,176
00000335.jpg,511,206,668,357,434,176
00000336.jpg,511,206,668,357,434,176
00000337.jpg,510,207,667,358,434,176
00000338.jpg,510,207,667,358,434,176
00000339.jpg,510,207,667,358,434,176
00000340.jpg,510,207,667,358,434,176
00000341.jpg,509,207,666,358,434,176
00000342.jpg,508,207,665,358,432,176
00000343.jpg,508,207,665,358,428,181
00000344.jpg,508,207,665,358,424,186
00000345.jpg,508,207,665,358,424,185
00000346.jpg,508,207,665,358,425,189
00000347.jpg,508,207,665,358,424,194
00000348.jpg,508,207,665,358,425,199
00000349.jpg,508,207,665,358,425,198
00000350.jpg,508,207,665,358,424,200
00000351.jpg,508,207,665,358,424,200
00000352.jpg,508,207,665,358,424,201
00000353.jpg,508,207,665,358,424,201
00000354.jpg,508,207,665,358,424,201
00000355.jpg,508,207,665,358,424,201
00000356.jpg,508,207,665,358,424,201
00000357.jpg,508,207,665,358,422,202
00000358.jpg,508,207,665,358,422,201
00000359.jpg,508,207,665,358,423,203
00000360.jpg,508,207,665,358,423,203
00000361.jpg,508,207,665,358,421,205
00000362.jpg,508,207,665,358,421,205
00000363.jpg,508,207,665,358,421,205
00000364.jpg,509,208,666,359,420,205
00000365.jpg,509,208,666,359,420,205
00000366.jpg,509,208,666,359,420,205
00000367.jpg,509,208,666,359,420,205
00000368.jpg,509,208,666,359,420,205
00000369.jpg,509,208,666,359,420,205
00000370.jpg,509,208,666,359,420,205
00000371.jpg,509,208,666,359,421,204
00000372.jpg,509,208,666,359,421,204
00000373.jpg,509,208,666,359,420,203
00000374.jpg,509,208,666,359,420,203
00000375.jpg,509,208,666,359,420,202
00000376.jpg,509,208,666,359,420,202
00000377.jpg,509,208,666,359,420,201
00000378.jpg,509,208,666,359,420,201
00000379.jpg,509,208,666,359,420,200
00000380.jpg,509,208,666,359,420,200
00000381.jpg,508,208,665,359,420,200
00000382.jpg,508,208,665,359,420,198
00000383.jpg,508,208,665,359,420,198
00000384.jpg,508,208,665,359,420,197
00000385.jpg,508,208,665,359,420,197
00000386.jpg,508,208,665,359,420,196
00000387.jpg,508,208,665,359,420,196
00000388.jpg,508,208,665,359,420,196
00000389.jpg,508,208,665,359,420,195
00000390.jpg,508,208,665,359,420,195
00000391.jpg,508,208,665,359,420,195
00000392.jpg,508,208,665,359,420,193
00000393.jpg,508,208,665,359,420,193
00000394.jpg,508,208,665,359,420,193
00000395.jpg,508,208,665,359,420,193
00000396.jpg,508,208,665,359,420,193
00000397.jpg,508,208,665,359,420,184
00000398.jpg,508,208,665,359,421,180
00000399.jpg,508,208,665,359,425,173
00000400.jpg,508,208,665,359,425,173
00000401.jpg,508,208,665,359,429,165
00000402.jpg,508,208,665,359,430,160
00000403.jpg,508,207,665,358,434,157
00000404.jpg,509,207,666,358,435,155
00000405.jpg,509,207,666,358,435,155
00000406.jpg,509,207,666,358,435,155
00000407.jpg,509,207,666,358,436,155
00000408.jpg,508,207,665,358,436,155
00000409.jpg,508,207,665,358,436,152
00000410.jpg,508,207,665,358,436,152
00000411.jpg,508,207,665,358,436,152
00000412.jpg,508,207,665,358,435,152
00000413.jpg,508,207,665,358,433,150
00000414.jpg,508,207,665,358,431,150
00000415.jpg,508,207,665,358,432,150
00000416.jpg,508,207,665,358,434,151
00000417.jpg,508,208,665,359,435,152
00000418.jpg,507,208,664,359,435,152
00000419.jpg,507,208,664,359,435,152
00000420.jpg,507,208,664,359,435,152
00000421.jpg,508,208,665,359,435,152
00000422.jpg,508,208,665,359,435,152
00000423.jpg,507,208,664,359,434,152
00000424.jpg,507,208,664,359,434,152
00000425.jpg,507,208,664,359,432,151
00000426.jpg,507,208,664,359,432,151
00000427.jpg,507,208,664,359,432,151
00000428.jpg,507,208,664,359,432,151
00000429.jpg,507,208,664,359,432,151
00000430.jpg,507,208,664,359,432,151
00000431.jpg,507,208,664,359,432,151
00000432.jpg,507,208,664,359,432,151
00000433.jpg,507,208,664,359,432,151
00000434.jpg,508,208,665,359,432,151
00000435.jpg,508,208,665,359,432,151
00000436.jpg,507,208,664,359,432,151
00000437.jpg,507,208,664,359,432,151
00000438.jpg,507,208,664,359,432,151
00000439.jpg,507,208,664,359,432,151
00000440.jpg,507,208,664,359,435,152
00000441.jpg,507,208,664,359,434,153
00000442.jpg,507,208,664,359,434,153
00000443.jpg,508,208,665,359,434,153
00000444.jpg,508,208,665,359,432,153
00000445.jpg,508,208,665,359,432,154
00000446.jpg,508,208,665,359,432,154
00000447.jpg,508,208,665,359,432,154
00000448.jpg,508,208,665,359,432,154
00000449.jpg,508,208,665,359,431,157
00000450.jpg,508,208,665,359,431,157
00000451.jpg,508,208,665,359,431,157
00000452.jpg,508,208,665,359,431,157
00000453.jpg,508,208,665,359,431,158
00000454.jpg,508,208,665,359,431,158
00000455.jpg,508,208,665,359,431,158
00000456.jpg,508,208,665,359,431,158
00000457.jpg,508,208,665,359,431,158
00000458.jpg,508,208,665,359,431,158
00000459.jpg,508,208,665,359,431,158
00000460.jpg,508,208,665,359,431,158
00000461.jpg,508,208,665,359,431,158
00000462.jpg,508,208,665,359,433,158
00000463.jpg,508,208,665,359,433,158
00000464.jpg,508,208,665,359,433,158
00000465.jpg,508,208,665,359,433,158
00000466.jpg,508,208,665,359,432,158
00000467.jpg,508,208,665,359,432,158
00000468.jpg,508,208,665,359,432,158
00000469.jpg,508,208,665,359,432,158
00000470.jpg,508,208,665,359,432,158
00000471.jpg,508,208,665,359,429,158
00000472.jpg,508,208,665,359,427,161
00000473.jpg,508,208,665,359,424,162
00000474.jpg,508,208,665,359,424,162
00000475.jpg,508,208,665,359,423,162
00000476.jpg,508,208,665,359,419,165
00000477.jpg,508,208,665,359,418,169
00000478.jpg,508,208,665,359,418,169
00000479.jpg,508,208,665,359,417,169
00000480.jpg,508,208,665,359,416,173
00000481.jpg,508,208,665,359,415,174
00000482.jpg,507,208,664,359,415,174
00000483.jpg,507,208,664,359,414,174
00000484.jpg,507,208,664,359,412,174
00000485.jpg,507,208,664,359,412,174
00000486.jpg,507,208,664,359,412,174
00000487.jpg,507,208,664,359,412,174
00000488.jpg,507,208,664,359,412,175
00000489.jpg,507,208,664,359,412,175
00000490.jpg,507,208,664,359,413,177
00000491.jpg,507,208,664,359,413,177
00000492.jpg,507,208,664,359,412,177
00000493.jpg,507,208,664,359,411,176
00000494.jpg,507,208,664,359,411,176
00000495.jpg,507,209,664,360,411,176
00000496.jpg,507,209,664,360,412,176
00000497.jpg,507,209,664,360,415,177
00000498.jpg,507,209,664,360,415,177
00000499.jpg,507,209,664,360,415,177
00000500.jpg,507,209,664,360,418,178
00000501.jpg,508,209,665,360,417,178
00000502.jpg,508,209,665,360,416,178
00000503.jpg,508,209,665,360,418,178
00000504.jpg,508,209,665,360,418,178
00000505.jpg,508,209,665,360,419,176
00000506.jpg,508,209,665,360,418,177
00000507.jpg,509,209,666,360,413,177
00000508.jpg,509,208,666,359,408,182
00000509.jpg,509,208,666,359,404,182
00000510.jpg,509,208,666,359,402,183
00000511.jpg,509,208,666,359,396,186
00000512.jpg,510,208,667,359,394,189
00000513.jpg,510,208,667,359,390,193
00000514.jpg,510,208,667,359,388,194
00000515.jpg,510,208,667,359,387,196
00000516.jpg,510,208,667,359,384,198
00000517.jpg,510,208,667,359,384,198
00000518.jpg,509,208,666,359,384,198
00000519.jpg,509,208,666,359,384,198
00000520.jpg,509,208,666,359,384,198
00000521.jpg,509,208,666,359,381,201
00000522.jpg,509,208,666,359,381,202
00000523.jpg,509,208,666,359,382,202
00000524.jpg,508,208,665,359,375,201
00000525.jpg,508,208,665,359,372,203
00000526.jpg,508,208,665,359,370,205
00000527.jpg,507,208,664,359,364,209
00000528.jpg,507,207,664,358,363,210
00000529.jpg,506,207,663,358,360,212
00000530.jpg,506,207,663,358,360,215
00000531.jpg,506,207,663,358,371,256
00000532.jpg,505,207,662,358,299,272
00000533.jpg,505,207,662,358,299,272
00000534.jpg,505,207,662,358,299,271
00000535.jpg,505,207,662,358,300,272
00000536.jpg,505,207,662,358,299,272
00000537.jpg,505,207,662,358,299,272
00000538.jpg,505,208,662,359,298,272
00000539.jpg,505,208,662,359,299,272
00000540.jpg,505,208,662,359,299,272
00000541.jpg,505,208,662,359,299,272
00000542.jpg,506,208,663,359,299,272
00000543.jpg,506,208,663,359,298,272
00000544.jpg,506,208,663,359,298,272
00000545.jpg,506,208,663,359,300,272
00000546.jpg,506,208,663,359,299,272
00000547.jpg,506,208,663,359,300,272
00000548.jpg,506,208,663,359,299,272
00000549.jpg,507,208,664,359,300,271
00000550.jpg,507,208,664,359,298,272
00000551.jpg,507,208,664,359,299,272
00000552.jpg,506,209,663,360,300,272
00000553.jpg,507,209,664,360,302,272
00000554.jpg,507,209,664,360,301,272
00000555.jpg,507,209,664,360,302,272
00000556.jpg,507,209,664,360,300,272
00000557.jpg,507,209,664,360,369,219
00000558.jpg,507,209,664,360,369,220
00000559.jpg,507,208,664,359,375,217
00000560.jpg,507,208,664,359,375,217
00000561.jpg,507,208,664,359,376,217
00000562.jpg,507,208,664,359,379,216
00000563.jpg,507,208,664,359,378,213
00000564.jpg,508,208,665,359,382,206
00000565.jpg,508,208,665,359,382,206
00000566.jpg,508,208,665,359,387,198
00000567.jpg,508,208,665,359,397,194
00000568.jpg,508,208,665,359,406,188
00000569.jpg,508,208,665,359,411,185
00000570.jpg,508,208,665,359,410,185
00000571.jpg,508,208,665,359,415,180
00000572.jpg,508,208,665,359,419,177
00000573.jpg,509,208,666,359,425,177
00000574.jpg,509,208,666,359,427,177
00000575.jpg,509,208,666,359,428,175
00000576.jpg,509,208,666,359,430,173
00000577.jpg,509,208,666,359,428,174
00000578.jpg,509,208,666,359,427,172
00000579.jpg,509,208,666,359,428,173
00000580.jpg,509,208,666,359,428,172
00000581.jpg,510,208,667,359,428,172
00000582.jpg,510,208,667,359,428,172
00000583.jpg,510,208,667,359,428,172
00000584.jpg,510,208,667,359,429,172
00000585.jpg,511,208,668,359,430,172
00000586.jpg,511,208,668,359,431,172
00000587.jpg,511,208,668,359,431,172
00000588.jpg,512,208,669,359,431,172
00000589.jpg,512,208,669,359,431,172
00000590.jpg,512,208,669,359,431,172
00000591.jpg,512,208,669,359,431,169
00000592.jpg,512,208,669,359,431,169
00000593.jpg,512,208,669,359,431,168
00000594.jpg,512,208,669,359,431,168
00000595.jpg,512,208,669,359,431,168
00000596.jpg,512,208,669,359,431,168
00000597.jpg,512,208,669,359,431,168
00000598.jpg,512,208,669,359,431,168
00000599.jpg,512,208,669,359,431,168
00000600.jpg,512,208,669,359,431,168
00000601.jpg,512,208,669,359,431,168
00000602.jpg,512,208,669,359,431,168
00000603.jpg,512,208,669,359,431,168
00000604.jpg,512,208,669,359,431,168
00000605.jpg,512,208,669,359,431,168
00000606.jpg,512,208,669,359,431,168
00000607.jpg,511,208,668,359,431,168
00000608.jpg,512,207,669,358,431,168
00000609.jpg,512,207,669,358,431,167
00000610.jpg,512,207,669,358,432,165
00000611.jpg,512,207,669,358,432,165
00000612.jpg,512,207,669,358,435,165
00000613.jpg,511,207,668,358,437,165
00000614.jpg,511,207,668,358,438,165
00000615.jpg,511,207,668,358,440,166
00000616.jpg,511,207,668,358,441,166
00000617.jpg,511,207,668,358,442,168
00000618.jpg,511,207,668,358,442,169
00000619.jpg,511,207,668,358,442,172
00000620.jpg,511,207,668,358,445,173
00000621.jpg,510,207,667,358,445,173
00000622.jpg,510,207,667,358,446,173
00000623.jpg,510,207,667,358,445,174
00000624.jpg,511,207,668,358,444,175
00000625.jpg,511,207,668,358,443,179
00000626.jpg,511,207,668,358,443,179
00000627.jpg,511,207,668,358,443,179
00000628.jpg,511,207,668,358,444,180
00000629.jpg,511,207,668,358,444,180
00000630.jpg,511,207,668,358,442,182
00000631.jpg,511,207,668,358,442,182
00000632.jpg,512,207,669,358,442,180
00000633.jpg,512,207,669,358,442,180
00000634.jpg,512,207,669,358,442,180
00000635.jpg,512,207,669,358,442,177
00000636.jpg,512,207,669,358,442,177
00000637.jpg,512,207,669,358,440,177
00000638.jpg,512,207,669,358,440,179
00000639.jpg,512,207,669,358,440,179
00000640.jpg,512,207,669,358,444,182
00000641.jpg,512,207,669,358,453,185
00000642.jpg,512,207,669,358,463,190
00000643.jpg,512,207,669,358,475,196
00000644.jpg,512,207,669,358,479,197
00000645.jpg,512,207,669,358,487,200
00000646.jpg,512,207,669,358,487,200
00000647.jpg,512,207,669,358,490,201
00000648.jpg,512,207,669,358,491,201
00000649.jpg,512,207,669,358,491,205
00000650.jpg,512,207,669,358,492,205
00000651.jpg,512,207,669,358,494,206
00000652.jpg,512,207,669,358,494,206
00000653.jpg,512,207,669,358,494,206
00000654.jpg,512,207,669,358,494,206
00000655.jpg,512,207,669,358,494,206
00000656.jpg,512,207,669,358,494,206
00000657.jpg,512,207,669,358,494,206
00000658.jpg,512,207,669,358,493,205
00000659.jpg,512,206,669,357,493,205
00000660.jpg,513,206,670,357,495,205
00000661.jpg,513,206,670,357,495,205
00000662.jpg,512,206,669,357,495,205
00000663.jpg,510,207,667,358,480,197
00000664.jpg,510,207,667,358,-1,-1
00000665.jpg,510,207,667,358,-1,-1
00000666.jpg,510,207,667,358,-1,-1
00000667.jpg,510,207,667,358,-1,-1
00000668.jpg,511,207,668,358,-1,-1
00000669.jpg,511,208,668,359,-1,-1
00000670.jpg,511,208,668,359,-1,-1
00000671.jpg,511,211,668,362,-1,-1
00000672.jpg,510,214,667,365,-1,-1
00000673.jpg,523,220,677,375,-1,-1
00000674.jpg,523,220,677,375,-1,-1
00000675.jpg,523,220,677,375,-1,-1
00000676.jpg,525,221,679,376,-1,-1
00000677.jpg,528,222,682,377,-1,-1
00000678.jpg,531,226,685,381,-1,-1
00000679.jpg,534,234,688,389,-1,-1
00000680.jpg,534,234,688,389,-1,-1
00000681.jpg,533,236,687,391,-1,-1
00000682.jpg,538,245,692,400,-1,-1
00000683.jpg,545,250,699,405,-1,-1
00000684.jpg,555,251,709,406,-1,-1
00000685.jpg,555,251,709,406,-1,-1
00000686.jpg,562,251,716,406,-1,-1
00000687.jpg,572,248,726,403,-1,-1
00000688.jpg,583,246,737,401,-1,-1
00000689.jpg,598,245,752,400,-1,-1
00000690.jpg,598,245,752,400,-1,-1
00000691.jpg,618,260,754,398,-1,-1
00000692.jpg,618,260,754,398,-1,-1
00000693.jpg,623,259,759,397,-1,-1
00000694.jpg,626,258,762,396,-1,-1
00000695.jpg,626,258,762,396,-1,-1
00000696.jpg,627,252,768,391,-1,-1
00000697.jpg,627,252,768,391,-1,-1
00000698.jpg,632,242,765,374,-1,-1
00000699.jpg,632,242,765,374,-1,-1
00000700.jpg,632,242,765,374,-1,-1
00000701.jpg,631,242,764,374,-1,-1
00000702.jpg,630,243,763,375,-1,-1
00000703.jpg,629,245,762,377,-1,-1
00000704.jpg,628,247,761,379,-1,-1
00000705.jpg,628,247,761,379,-1,-1
00000706.jpg,626,249,759,381,-1,-1
00000707.jpg,625,249,758,381,-1,-1
00000708.jpg,625,249,758,381,-1,-1
00000709.jpg,624,249,757,381,-1,-1
00000710.jpg,624,249,757,381,-1,-1
00000711.jpg,623,249,756,381,-1,-1
00000712.jpg,623,249,756,381,-1,-1
00000713.jpg,622,248,755,380,-1,-1
00000714.jpg,622,246,755,378,-1,-1
00000715.jpg,622,246,755,378,-1,-1
00000716.jpg,621,245,754,377,-1,-1
00000717.jpg,620,244,753,376,-1,-1
00000718.jpg,619,242,752,374,-1,-1
00000719.jpg,618,240,751,372,-1,-1
00000720.jpg,618,240,751,372,-1,-1
00000721.jpg,617,239,750,371,-1,-1
00000722.jpg,616,238,749,370,-1,-1
00000723.jpg,614,239,747,371,-1,-1
00000724.jpg,613,239,746,371,-1,-1
00000725.jpg,613,239,746,371,-1,-1
00000726.jpg,612,239,745,371,-1,-1
00000727.jpg,611,238,744,370,-1,-1
00000728.jpg,610,238,743,370,-1,-1
00000729.jpg,609,238,742,370,-1,-1
00000730.jpg,609,238,742,370,-1,-1
00000731.jpg,608,239,741,371,-1,-1
00000732.jpg,607,240,740,372,-1,-1
00000733.jpg,606,241,739,373,416,257
00000734.jpg,604,241,737,373,418,188
00000735.jpg,604,241,737,373,418,185
00000736.jpg,603,239,736,371,415,188
00000737.jpg,601,235,734,367,412,188
00000738.jpg,599,233,732,365,411,187
00000739.jpg,598,232,731,364,408,189
00000740.jpg,598,232,731,364,406,189
00000741.jpg,598,232,731,364,405,190
00000742.jpg,597,232,730,364,404,191
00000743.jpg,597,233,730,365,405,190
00000744.jpg,597,233,730,365,406,190
00000745.jpg,597,233,730,365,408,194
00000746.jpg,598,233,731,365,406,191
00000747.jpg,599,233,732,365,409,192
00000748.jpg,600,234,733,366,409,192
00000749.jpg,600,235,733,367,411,193
00000750.jpg,600,235,733,367,411,196
00000751.jpg,600,234,733,366,411,197
00000752.jpg,601,234,734,366,411,197
00000753.jpg,600,233,733,365,411,197
00000754.jpg,599,233,732,365,411,197
00000755.jpg,599,233,732,365,411,197
00000756.jpg,598,233,731,365,411,197
00000757.jpg,596,234,729,366,411,197
00000758.jpg,594,234,727,366,411,197
00000759.jpg,593,233,726,365,410,197
00000760.jpg,593,233,726,365,410,197
00000761.jpg,593,234,726,366,410,197
00000762.jpg,593,234,726,366,410,197
00000763.jpg,593,234,726,366,410,197
00000764.jpg,593,234,726,366,410,197
00000765.jpg,593,234,726,366,410,197
00000766.jpg,594,234,727,366,411,193
00000767.jpg,594,234,727,366,410,189
00000768.jpg,594,235,727,367,410,188
00000769.jpg,593,235,726,367,410,187
00000770.jpg,593,235,726,367,410,190
00000771.jpg,594,235,727,367,410,190
00000772.jpg,594,235,727,367,410,190
00000773.jpg,593,235,726,367,410,192
00000774.jpg,594,235,727,367,412,196
00000775.jpg,594,235,727,367,412,200
00000776.jpg,594,235,727,367,412,200
00000777.jpg,593,235,726,367,412,200
00000778.jpg,593,235,726,367,412,200
00000779.jpg,593,235,726,367,412,200
00000780.jpg,593,235,726,367,412,200
00000781.jpg,593,235,726,367,412,200
00000782.jpg,593,235,726,367,412,200
00000783.jpg,593,235,726,367,412,200
00000784.jpg,594,234,727,366,412,200
00000785.jpg,594,234,727,366,412,200
00000786.jpg,594,234,727,366,412,200
00000787.jpg,594,234,727,366,413,198
00000788.jpg,594,234,727,366,414,199
00000789.jpg,594,234,727,366,415,199
00000790.jpg,594,234,727,366,416,198
00000791.jpg,594,234,727,366,416,198
00000792.jpg,594,234,727,366,418,197
00000793.jpg,594,234,727,366,419,197
00000794.jpg,593,234,726,366,419,197
00000795.jpg,593,234,726,366,419,197
00000796.jpg,593,234,726,366,419,197
00000797.jpg,594,234,727,366,419,197
00000798.jpg,593,234,726,366,419,197
00000799.jpg,593,234,726,366,419,197
00000800.jpg,594,234,727,366,419,197
00000801.jpg,594,234,727,366,420,197
00000802.jpg,594,234,727,366,420,197
00000803.jpg,594,234,727,366,420,197
00000804.jpg,594,234,727,366,420,197
00000805.jpg,594,234,727,366,420,195
00000806.jpg,594,234,727,366,420,195
00000807.jpg,594,234,727,366,420,195
00000808.jpg,594,234,727,366,420,195
00000809.jpg,594,234,727,366,416,193
00000810.jpg,594,234,727,366,416,193
00000811.jpg,594,234,727,366,411,192
00000812.jpg,593,234,726,366,408,191
00000813.jpg,593,235,726,367,406,190
00000814.jpg,593,235,726,367,409,189
00000815.jpg,593,235,726,367,409,189
00000816.jpg,593,234,726,366,412,190
00000817.jpg,593,234,726,366,412,190
00000818.jpg,593,235,726,367,410,189
00000819.jpg,593,235,726,367,408,189
00000820.jpg,593,235,726,367,407,188
00000821.jpg,593,235,726,367,407,188
00000822.jpg,593,234,726,366,408,188
00000823.jpg,593,235,726,367,410,189
00000824.jpg,593,235,726,367,412,189
00000825.jpg,593,235,726,367,412,189
00000826.jpg,593,235,726,367,412,189
00000827.jpg,593,235,726,367,412,189
00000828.jpg,593,235,726,367,412,189
00000829.jpg,593,234,726,366,413,190
00000830.jpg,593,234,726,366,413,190
00000831.jpg,593,234,726,366,413,190
00000832.jpg,593,234,726,366,413,190
00000833.jpg,593,234,726,366,413,190
00000834.jpg,593,234,726,366,413,190
00000835.jpg,593,234,726,366,413,190
00000836.jpg,593,234,726,366,414,190
00000837.jpg,593,234,726,366,414,190
00000838.jpg,593,234,726,366,414,190
00000839.jpg,593,234,726,366,411,190
00000840.jpg,593,234,726,366,410,192
00000841.jpg,593,234,726,366,408,195
00000842.jpg,593,234,726,366,404,195
00000843.jpg,593,234,726,366,401,197
00000844.jpg,593,234,726,366,397,199
00000845.jpg,593,234,726,366,393,201
00000846.jpg,592,234,725,366,389,205
00000847.jpg,591,234,724,366,387,208
00000848.jpg,591,234,724,366,383,210
00000849.jpg,591,234,724,366,384,211
00000850.jpg,592,234,725,366,383,212
00000851.jpg,596,234,729,366,383,212
00000852.jpg,597,233,730,365,287,271
00000853.jpg,596,233,729,365,-1,-1
00000854.jpg,597,229,737,368,-1,-1
00000855.jpg,597,229,737,368,-1,-1
00000856.jpg,598,229,738,368,-1,-1
00000857.jpg,600,229,740,368,-1,-1
00000858.jpg,603,230,743,369,-1,-1
00000859.jpg,605,230,745,369,-1,-1
00000860.jpg,605,230,745,369,-1,-1
00000861.jpg,606,231,746,370,-1,-1
00000862.jpg,605,231,745,370,-1,-1
00000863.jpg,606,231,746,370,-1,-1
00000864.jpg,605,231,745,370,-1,-1
00000865.jpg,605,231,745,370,-1,-1
00000866.jpg,605,231,745,370,-1,-1
00000867.jpg,604,231,744,370,-1,-1
00000868.jpg,601,231,741,370,-1,-1
00000869.jpg,601,231,741,370,-1,-1
00000870.jpg,601,231,741,370,-1,-1
