00002279.jpg,503,166,695,356,358,188
00002280.jpg,503,166,695,356,358,188
00002281.jpg,503,166,695,356,359,188
00002282.jpg,503,166,695,356,359,188
00002283.jpg,504,166,696,356,359,188
00002284.jpg,504,166,696,356,359,188
00002285.jpg,504,166,696,356,359,188
00002286.jpg,506,166,698,356,359,197
00002287.jpg,506,165,698,355,360,202
00002288.jpg,507,165,699,355,360,208
00002289.jpg,508,165,700,355,359,217
00002290.jpg,508,165,700,355,358,222
00002291.jpg,509,165,701,355,359,230
00002292.jpg,510,165,702,355,358,233
00002293.jpg,510,166,702,356,308,289
00002294.jpg,510,167,702,357,308,290
00002295.jpg,510,167,702,357,310,290
00002296.jpg,511,168,703,358,310,290
00002297.jpg,512,169,704,359,310,290
00002298.jpg,512,169,704,359,310,290
00002299.jpg,513,170,705,360,312,314
00002300.jpg,513,170,705,360,312,313
00002301.jpg,514,170,706,360,306,335
00002302.jpg,515,170,707,360,306,338
00002303.jpg,515,170,707,360,306,337
00002304.jpg,516,170,708,360,305,338
00002305.jpg,516,170,708,360,307,336
00002306.jpg,516,169,708,359,306,338
00002307.jpg,516,169,708,359,306,338
00002308.jpg,516,170,708,360,306,338
00002309.jpg,515,171,707,361,306,338
00002310.jpg,515,171,707,361,306,339
00002311.jpg,514,172,706,362,305,341
00002312.jpg,513,174,705,364,301,342
00002313.jpg,513,178,705,368,301,344
00002314.jpg,515,183,707,373,299,345
00002315.jpg,515,183,707,373,298,346
00002316.jpg,519,188,711,378,289,297
00002317.jpg,526,193,718,383,287,299
00002318.jpg,536,199,728,389,352,233
00002319.jpg,549,207,741,397,355,233
00002320.jpg,549,207,741,397,357,233
00002321.jpg,562,211,754,401,360,228
00002322.jpg,573,211,765,401,360,224
00002323.jpg,581,206,773,396,360,218
00002324.jpg,590,199,782,389,361,214
00002325.jpg,590,199,782,389,361,211
00002326.jpg,594,191,786,381,360,206
00002327.jpg,598,183,790,373,358,197
00002328.jpg,601,174,793,364,362,194
00002329.jpg,605,169,797,359,379,193
00002330.jpg,605,169,797,359,379,193
00002331.jpg,609,168,801,358,404,189
00002332.jpg,615,173,807,363,430,187
00002333.jpg,619,179,811,369,443,189
00002334.jpg,623,183,815,373,447,190
00002335.jpg,623,183,815,373,447,190
00002336.jpg,629,185,821,375,445,193
00002337.jpg,628,183,820,373,443,195
00002338.jpg,625,176,817,366,441,197
00002339.jpg,623,167,815,357,440,201
00002340.jpg,623,167,815,357,440,201
00002341.jpg,623,159,815,349,440,201
00002342.jpg,623,154,815,344,441,204
00002343.jpg,621,152,813,342,442,204
00002344.jpg,612,151,804,341,439,202
00002345.jpg,612,151,804,341,438,201
00002346.jpg,603,154,795,344,435,196
00002347.jpg,600,154,792,344,433,194
00002348.jpg,599,151,791,341,431,194
00002349.jpg,600,149,792,339,428,197
00002350.jpg,600,149,792,339,426,197
00002351.jpg,602,146,794,336,423,199
00002352.jpg,605,146,797,336,419,200
00002353.jpg,608,148,800,338,414,199
00002354.jpg,609,149,801,339,411,198
00002355.jpg,609,149,801,339,410,198
00002356.jpg,611,150,803,340,408,198
00002357.jpg,613,147,805,337,406,197
00002358.jpg,614,145,806,335,406,197
00002359.jpg,616,141,808,331,403,196
00002360.jpg,616,141,808,331,403,195
00002361.jpg,618,138,810,328,404,192
00002362.jpg,620,136,812,326,404,192
00002363.jpg,621,135,813,325,404,191
00002364.jpg,623,135,815,325,404,189
00002365.jpg,623,136,815,326,406,189
00002366.jpg,623,136,815,326,406,189
00002367.jpg,623,136,815,326,408,194
00002368.jpg,622,136,814,326,412,200
00002369.jpg,621,135,813,325,416,205
00002370.jpg,621,135,813,325,420,205
00002371.jpg,620,136,812,326,420,205
00002372.jpg,620,137,812,327,420,205
00002373.jpg,620,140,812,330,417,196
00002374.jpg,622,143,814,333,414,193
00002375.jpg,622,143,814,333,415,193
00002376.jpg,624,144,816,334,415,190
00002377.jpg,626,146,818,336,415,186
00002378.jpg,629,146,821,336,416,182
00002379.jpg,632,144,824,334,416,174
00002380.jpg,632,144,824,334,417,173
00002381.jpg,635,143,827,333,418,173
00002382.jpg,637,143,829,333,422,174
00002383.jpg,639,143,831,333,424,178
00002384.jpg,641,144,833,334,430,185
00002385.jpg,641,144,833,334,432,188
00002386.jpg,643,145,835,335,432,189
00002387.jpg,644,145,836,335,434,191
00002388.jpg,646,145,838,335,434,193
00002389.jpg,648,145,840,335,434,199
00002390.jpg,648,145,840,335,434,200
00002391.jpg,650,144,842,334,434,203
00002392.jpg,651,144,843,334,436,205
00002393.jpg,652,144,844,334,438,210
00002394.jpg,653,144,845,334,441,216
00002395.jpg,653,144,845,334,443,217
00002396.jpg,653,144,845,334,443,219
00002397.jpg,654,144,846,334,443,219
00002398.jpg,654,145,846,335,444,221
00002399.jpg,653,146,845,336,444,221
00002400.jpg,653,146,845,336,444,223
00002401.jpg,653,146,845,336,444,225
00002402.jpg,651,145,843,335,444,225
00002403.jpg,650,145,842,335,444,227
00002404.jpg,649,144,841,334,444,228
00002405.jpg,649,144,841,334,444,228
00002406.jpg,647,143,839,333,444,228
00002407.jpg,646,142,838,332,444,228
00002408.jpg,645,142,837,332,446,228
00002409.jpg,645,142,837,332,446,226
00002410.jpg,645,142,837,332,447,226
00002411.jpg,644,142,836,332,447,226
00002412.jpg,644,142,836,332,448,226
00002413.jpg,645,142,837,332,-1,-1
00002414.jpg,645,142,837,332,-1,-1
00002415.jpg,645,142,837,332,-1,-1
00002416.jpg,646,140,838,330,-1,-1
00002417.jpg,647,138,839,328,-1,-1
00002418.jpg,647,134,839,324,-1,-1
00002419.jpg,647,131,839,321,-1,-1
00002420.jpg,647,131,839,321,-1,-1
00002421.jpg,647,128,839,318,-1,-1
00002422.jpg,648,126,840,316,-1,-1
00002423.jpg,649,125,841,315,-1,-1
00002424.jpg,649,125,841,315,-1,-1
00002425.jpg,649,125,841,315,-1,-1
00002426.jpg,650,125,842,315,-1,-1
00002427.jpg,650,125,842,315,-1,-1
00002428.jpg,650,125,842,315,-1,-1
