00021269.jpg,452,156,624,369,619,224
00021270.jpg,452,156,624,369,619,224
00021271.jpg,452,156,624,369,619,224
00021272.jpg,452,156,624,369,619,224
00021273.jpg,452,156,624,369,619,224
00021274.jpg,452,156,624,369,619,224
00021275.jpg,453,156,625,369,619,224
00021276.jpg,454,155,626,368,620,226
00021277.jpg,454,155,626,368,620,226
00021278.jpg,454,155,626,368,620,226
00021279.jpg,454,155,626,368,620,226
00021280.jpg,454,155,626,368,620,226
00021281.jpg,454,155,626,368,620,226
00021282.jpg,454,154,626,367,620,226
00021283.jpg,454,154,626,367,621,226
00021284.jpg,454,154,626,367,621,226
00021285.jpg,454,154,626,367,621,226
00021286.jpg,453,155,625,368,621,226
00021287.jpg,453,155,625,368,621,226
00021288.jpg,452,156,624,369,621,226
00021289.jpg,452,156,624,369,621,226
00021290.jpg,452,156,624,369,621,226
00021291.jpg,452,156,624,369,621,226
00021292.jpg,452,157,624,370,621,226
00021293.jpg,452,157,624,370,621,226
00021294.jpg,452,157,624,370,621,226
00021295.jpg,452,157,624,370,621,226
00021296.jpg,452,157,624,370,621,226
00021297.jpg,452,157,624,370,621,226
00021298.jpg,453,157,625,370,621,226
00021299.jpg,453,158,625,371,621,226
00021300.jpg,453,159,625,372,621,226
00021301.jpg,453,159,625,372,621,226
00021302.jpg,453,160,625,373,621,226
00021303.jpg,452,160,624,373,621,226
00021304.jpg,452,161,624,374,621,226
00021305.jpg,452,161,624,374,621,226
00021306.jpg,452,161,624,374,621,226
00021307.jpg,452,161,624,374,621,226
00021308.jpg,452,161,624,374,620,226
00021309.jpg,452,161,624,374,616,230
00021310.jpg,452,161,624,374,613,232
00021311.jpg,452,161,624,374,613,232
00021312.jpg,453,161,625,374,613,232
00021313.jpg,453,161,625,374,606,234
00021314.jpg,453,161,625,374,606,234
00021315.jpg,453,161,625,374,606,234
00021316.jpg,453,161,625,374,606,234
00021317.jpg,453,161,625,374,606,234
00021318.jpg,454,161,626,374,606,234
00021319.jpg,454,161,626,374,606,234
00021320.jpg,454,161,626,374,606,235
00021321.jpg,454,161,626,374,606,238
00021322.jpg,454,161,626,374,606,238
00021323.jpg,455,160,627,373,606,238
00021324.jpg,455,160,627,373,606,238
00021325.jpg,455,160,627,373,606,238
00021326.jpg,455,160,627,373,606,238
00021327.jpg,455,160,627,373,606,238
00021328.jpg,455,159,627,372,606,238
00021329.jpg,455,159,627,372,606,238
00021330.jpg,455,159,627,372,606,238
00021331.jpg,454,160,626,373,606,238
00021332.jpg,454,160,626,373,606,238
00021333.jpg,454,160,626,373,606,238
00021334.jpg,454,160,626,373,606,238
00021335.jpg,454,160,626,373,606,238
00021336.jpg,452,161,624,374,606,241
00021337.jpg,453,160,625,373,606,241
00021338.jpg,450,161,622,374,606,241
00021339.jpg,450,161,622,374,606,241
