00000000.jpg,518,77,790,382,-1,-1
00000001.jpg,518,77,790,382,-1,-1
00000002.jpg,518,77,790,382,-1,-1
00000003.jpg,518,77,790,382,-1,-1
00000004.jpg,517,78,789,383,-1,-1
00000005.jpg,517,77,789,382,-1,-1
00000006.jpg,517,77,789,382,-1,-1
00000007.jpg,517,78,789,383,-1,-1
00000008.jpg,517,78,789,383,-1,-1
00000009.jpg,517,78,789,383,-1,-1
00000010.jpg,517,78,789,383,-1,-1
00000011.jpg,517,78,789,383,-1,-1
00000012.jpg,517,78,789,383,-1,-1
00000013.jpg,517,78,789,383,-1,-1
00000014.jpg,518,77,790,382,-1,-1
00000015.jpg,518,77,790,382,-1,-1
00000016.jpg,519,77,791,382,-1,-1
00000017.jpg,520,76,792,381,-1,-1
00000018.jpg,520,76,792,381,-1,-1
00000019.jpg,520,76,792,381,-1,-1
00000020.jpg,520,77,792,382,-1,-1
00000021.jpg,519,77,791,382,-1,-1
00000022.jpg,519,78,791,383,-1,-1
00000023.jpg,518,78,790,383,-1,-1
00000024.jpg,518,78,790,383,-1,-1
00000025.jpg,518,78,790,383,-1,-1
00000026.jpg,517,78,789,383,-1,-1
00000027.jpg,517,78,789,383,-1,-1
00000028.jpg,517,78,789,383,-1,-1
00000029.jpg,517,78,789,383,-1,-1
00000030.jpg,517,78,789,383,-1,-1
00000031.jpg,517,77,789,382,-1,-1
00000032.jpg,516,77,788,382,-1,-1
00000033.jpg,516,77,788,382,-1,-1
00000034.jpg,517,77,789,382,-1,-1
00000035.jpg,517,77,789,382,-1,-1
00000036.jpg,517,77,789,382,-1,-1
00000037.jpg,517,77,789,382,-1,-1
00000038.jpg,517,77,789,382,-1,-1
00000039.jpg,518,77,790,382,-1,-1
00000040.jpg,518,77,790,382,-1,-1
00000041.jpg,518,77,790,382,-1,-1
00000042.jpg,518,77,790,382,-1,-1
00000043.jpg,518,77,790,382,-1,-1
00000044.jpg,518,76,790,381,-1,-1
00000045.jpg,518,76,790,381,-1,-1
00000046.jpg,519,77,791,382,-1,-1
00000047.jpg,518,77,790,382,-1,-1
00000048.jpg,518,77,790,382,-1,-1
00000049.jpg,517,76,789,381,-1,-1
00000050.jpg,517,76,789,381,-1,-1
00000051.jpg,517,77,789,382,-1,-1
00000052.jpg,517,77,789,382,-1,-1
00000053.jpg,517,77,789,382,-1,-1
00000054.jpg,518,77,790,382,-1,-1
00000055.jpg,519,77,791,382,-1,-1
00000056.jpg,520,77,792,382,-1,-1
00000057.jpg,520,77,792,382,-1,-1
00000058.jpg,520,77,792,382,-1,-1
00000059.jpg,520,77,792,382,-1,-1
00000060.jpg,520,77,792,382,-1,-1
