00000000.jpg,847,0,1141,273,700,285
00000001.jpg,846,0,1140,272,700,291
00000002.jpg,846,0,1139,271,696,293
00000003.jpg,845,0,1140,271,696,293
00000004.jpg,845,0,1139,271,695,301
00000005.jpg,844,0,1139,270,693,304
00000006.jpg,844,0,1136,270,693,309
00000007.jpg,843,0,1135,270,687,327
00000008.jpg,843,0,1136,269,687,327
00000009.jpg,841,0,1136,269,684,334
00000010.jpg,841,0,1136,269,685,333
00000011.jpg,841,0,1136,269,687,327
00000012.jpg,841,0,1136,269,689,316
00000013.jpg,841,0,1136,269,689,316
00000014.jpg,841,0,1136,269,692,305
00000015.jpg,840,1,1135,270,696,294
00000016.jpg,840,1,1135,270,693,287
00000017.jpg,840,1,1135,270,691,289
00000018.jpg,840,2,1135,271,688,292
00000019.jpg,840,2,1135,271,688,296
00000020.jpg,840,3,1135,272,685,301
00000021.jpg,839,4,1134,273,683,311
00000022.jpg,839,4,1134,273,683,311
00000023.jpg,839,4,1134,273,683,311
00000024.jpg,838,5,1133,274,675,321
00000025.jpg,838,5,1133,274,680,323
00000026.jpg,838,5,1133,274,677,329
00000027.jpg,838,5,1133,274,675,329
00000028.jpg,838,5,1133,274,675,329
00000029.jpg,838,5,1133,274,674,331
00000030.jpg,838,5,1133,274,674,331
00000031.jpg,839,5,1134,274,672,339
00000032.jpg,838,5,1133,274,672,339
00000033.jpg,839,5,1134,274,672,339
00000034.jpg,838,5,1133,274,670,342
00000035.jpg,838,5,1133,274,670,346
00000036.jpg,838,5,1133,274,672,347
00000037.jpg,838,5,1133,274,672,347
00000038.jpg,838,5,1133,274,672,347
00000039.jpg,838,5,1133,274,672,347
00000040.jpg,838,5,1133,274,671,351
00000041.jpg,838,5,1133,274,671,353
00000042.jpg,838,5,1133,274,671,355
00000043.jpg,838,5,1133,274,671,355
00000044.jpg,838,5,1133,274,671,356
00000045.jpg,838,5,1133,274,672,357
00000046.jpg,838,4,1133,273,672,359
00000047.jpg,838,4,1133,273,671,359
00000048.jpg,838,4,1133,273,669,361
00000049.jpg,838,4,1133,273,670,362
00000050.jpg,837,4,1132,273,670,362
00000051.jpg,836,4,1131,273,669,362
00000052.jpg,836,4,1131,273,669,360
00000053.jpg,836,4,1131,273,668,360
00000054.jpg,835,3,1130,272,669,360
00000055.jpg,835,2,1130,271,668,360
00000056.jpg,834,2,1129,271,668,360
00000057.jpg,833,1,1128,270,668,360
00000058.jpg,832,1,1127,270,668,360
00000059.jpg,832,1,1127,270,752,331
00000060.jpg,832,1,1127,270,768,339
