00014664.jpg,28,401,243,620,12,679
00014665.jpg,28,401,243,620,18,673
00014666.jpg,28,401,243,620,35,661
00014667.jpg,28,401,243,620,35,661
00014668.jpg,69,376,278,592,48,643
00014669.jpg,69,376,278,592,73,626
00014670.jpg,84,368,293,584,91,611
00014671.jpg,102,360,311,576,111,599
00014672.jpg,102,360,311,576,110,599
00014673.jpg,118,355,327,571,132,588
00014674.jpg,161,353,354,537,152,578
00014675.jpg,161,353,354,537,171,566
00014676.jpg,174,349,367,533,195,563
00014677.jpg,174,349,367,533,195,563
00014678.jpg,188,344,381,528,210,555
00014679.jpg,202,338,395,522,230,548
00014680.jpg,216,332,409,516,238,544
00014681.jpg,229,326,422,510,-1,-1
00014682.jpg,229,326,422,510,-1,-1
00014683.jpg,239,322,432,506,-1,-1
00014684.jpg,248,318,441,502,-1,-1
00014685.jpg,255,315,448,499,-1,-1
00014686.jpg,262,308,455,492,-1,-1
00014687.jpg,262,308,455,492,-1,-1
00014688.jpg,268,301,461,485,-1,-1
00014689.jpg,305,302,468,475,-1,-1
00014690.jpg,305,302,468,475,-1,-1
00014691.jpg,307,302,470,475,-1,-1
00014692.jpg,307,302,470,475,-1,-1
00014693.jpg,309,304,472,477,-1,-1
00014694.jpg,312,305,475,478,-1,-1
00014695.jpg,316,305,479,478,-1,-1
00014696.jpg,320,303,483,476,-1,-1
00014697.jpg,320,303,483,476,-1,-1
00014698.jpg,322,302,485,475,-1,-1
00014699.jpg,326,303,489,476,-1,-1
00014700.jpg,327,306,490,479,-1,-1
00014701.jpg,329,309,492,482,-1,-1
00014702.jpg,329,309,492,482,-1,-1
00014703.jpg,329,313,492,486,-1,-1
00014704.jpg,329,317,492,490,660,523
00014705.jpg,331,319,494,492,717,440
00014706.jpg,333,322,496,495,782,296
00014707.jpg,333,322,496,495,783,296
00014708.jpg,340,322,503,495,802,275
00014709.jpg,346,322,509,495,827,259
00014710.jpg,349,324,512,497,970,174
00014711.jpg,351,328,514,501,978,170
00014712.jpg,351,328,514,501,985,164
00014713.jpg,351,334,514,507,990,164
00014714.jpg,351,338,514,511,995,158
00014715.jpg,347,342,510,515,998,154
00014716.jpg,340,344,503,517,1000,153
00014717.jpg,340,344,503,517,1000,155
00014718.jpg,332,346,495,519,1001,154
00014719.jpg,327,348,490,521,1001,154
00014720.jpg,323,353,486,526,1001,151
00014721.jpg,320,361,483,534,1005,155
00014722.jpg,320,361,483,534,1008,156
00014723.jpg,320,368,483,541,1008,161
00014724.jpg,321,373,484,546,1005,163
00014725.jpg,320,376,483,549,1000,164
00014726.jpg,307,391,470,564,1000,169
00014727.jpg,307,391,470,564,1001,166
00014728.jpg,309,388,472,561,996,165
00014729.jpg,321,371,484,544,992,164
00014730.jpg,326,371,489,544,991,159
00014731.jpg,330,369,493,542,985,156
00014732.jpg,330,369,493,542,977,151
00014733.jpg,330,368,493,541,976,151
00014734.jpg,329,368,492,541,967,150
00014735.jpg,327,369,490,542,961,150
00014736.jpg,325,369,488,542,961,150
00014737.jpg,325,369,488,542,957,153
00014738.jpg,325,369,488,542,955,158
00014739.jpg,325,367,488,540,953,158
00014740.jpg,325,366,488,539,948,159
00014741.jpg,327,364,490,537,948,161
00014742.jpg,327,364,490,537,948,161
00014743.jpg,328,362,491,535,955,149
00014744.jpg,329,361,492,534,952,144
00014745.jpg,329,361,492,534,953,136
00014746.jpg,327,363,490,536,953,136
00014747.jpg,327,363,490,536,956,136
00014748.jpg,324,365,487,538,956,136
00014749.jpg,320,366,483,539,956,136
00014750.jpg,316,367,479,540,953,134
00014751.jpg,312,366,475,539,953,135
00014752.jpg,312,366,475,539,950,135
00014753.jpg,308,365,471,538,946,136
00014754.jpg,305,364,468,537,942,141
00014755.jpg,303,363,466,536,940,138
00014756.jpg,306,361,469,534,938,138
00014757.jpg,306,361,469,534,937,138
00014758.jpg,304,359,467,532,936,138
00014759.jpg,303,357,466,530,935,138
00014760.jpg,303,354,466,527,931,134
00014761.jpg,304,351,467,524,930,134
00014762.jpg,304,351,467,524,927,130
00014763.jpg,301,349,464,522,925,129
00014764.jpg,307,347,470,520,922,128
00014765.jpg,305,346,468,519,918,123
00014766.jpg,306,346,469,519,913,116
00014767.jpg,306,346,469,519,911,116
00014768.jpg,307,345,470,518,906,114
00014769.jpg,306,344,469,517,906,115
00014770.jpg,305,344,468,517,902,114
00014771.jpg,305,344,468,517,887,110
00014772.jpg,305,344,468,517,881,110
00014773.jpg,303,346,466,519,857,110
00014774.jpg,301,349,464,522,835,110
00014775.jpg,299,352,462,525,816,115
00014776.jpg,299,352,462,525,798,119
