00002739.jpg,800,281,1089,578,748,782
00002740.jpg,800,281,1089,578,748,781
00002741.jpg,800,281,1089,578,746,781
00002742.jpg,800,281,1089,578,745,780
00002743.jpg,800,281,1089,578,744,780
00002744.jpg,800,281,1089,578,744,782
00002745.jpg,800,281,1089,578,745,782
00002746.jpg,800,281,1089,578,745,782
00002747.jpg,800,281,1089,578,745,782
00002748.jpg,800,281,1089,578,745,782
00002749.jpg,800,281,1089,578,745,782
00002750.jpg,800,282,1089,579,745,782
00002751.jpg,800,282,1089,579,745,782
00002752.jpg,800,282,1089,579,745,782
00002753.jpg,800,282,1089,579,745,782
00002754.jpg,800,282,1089,579,745,782
00002755.jpg,800,282,1089,579,745,782
00002756.jpg,800,282,1089,579,745,782
00002757.jpg,801,283,1090,580,745,782
00002758.jpg,801,283,1090,580,745,782
00002759.jpg,800,282,1089,579,745,782
00002760.jpg,800,282,1089,579,745,782
00002761.jpg,800,282,1089,579,745,782
00002762.jpg,800,282,1089,579,745,782
00002763.jpg,800,282,1089,579,745,782
00002764.jpg,800,282,1089,579,745,782
00002765.jpg,800,282,1089,579,745,782
00002766.jpg,800,282,1089,579,745,782
00002767.jpg,800,283,1089,580,745,782
00002768.jpg,800,283,1089,580,745,782
00002769.jpg,800,283,1089,580,745,782
00002770.jpg,800,283,1089,580,745,782
00002771.jpg,800,283,1089,580,745,782
00002772.jpg,800,283,1089,580,745,782
00002773.jpg,800,283,1089,580,745,782
00002774.jpg,800,283,1089,580,745,782
00002775.jpg,799,283,1088,580,745,782
00002776.jpg,799,283,1088,580,745,782
00002777.jpg,799,283,1088,580,745,782
00002778.jpg,799,283,1088,580,745,782
00002779.jpg,799,283,1088,580,745,782
00002780.jpg,799,283,1088,580,745,782
00002781.jpg,799,283,1088,580,745,782
00002782.jpg,799,283,1088,580,745,782
00002783.jpg,799,282,1088,579,745,782
00002784.jpg,799,282,1088,579,745,782
00002785.jpg,799,283,1088,580,745,782
00002786.jpg,799,283,1088,580,745,782
00002787.jpg,799,283,1088,580,745,782
00002788.jpg,799,283,1088,580,745,782
00002789.jpg,799,283,1088,580,745,782
00002790.jpg,799,283,1088,580,745,782
00002791.jpg,799,283,1088,580,745,782
00002792.jpg,799,283,1088,580,745,782
00002793.jpg,799,283,1088,580,745,782
00002794.jpg,799,283,1088,580,745,782
00002795.jpg,799,283,1088,580,745,782
00002796.jpg,799,283,1088,580,745,782
00002797.jpg,799,283,1088,580,745,782
00002798.jpg,799,284,1088,581,745,782
00002799.jpg,799,284,1088,581,745,782
00002800.jpg,795,283,1084,580,745,782
00002801.jpg,795,283,1084,580,745,782
00002802.jpg,795,283,1084,580,745,782
00002803.jpg,794,284,1083,581,745,782
00002804.jpg,794,283,1083,580,745,782
00002805.jpg,793,284,1082,581,745,782
00002806.jpg,793,284,1082,581,745,782
00002807.jpg,793,283,1082,580,745,782
00002808.jpg,792,283,1081,580,745,782
00002809.jpg,792,283,1081,580,745,782
00002810.jpg,792,283,1081,580,745,782
00002811.jpg,794,280,1083,577,745,782
00002812.jpg,792,282,1081,579,745,782
00002813.jpg,793,281,1082,578,745,782
00002814.jpg,793,281,1082,578,745,782
00002815.jpg,793,281,1082,578,745,782
00002816.jpg,793,281,1082,578,745,782
00002817.jpg,793,281,1082,578,745,782
00002818.jpg,793,281,1082,578,745,782
