00002739.jpg,585,93,810,320,725,598
00002740.jpg,585,93,810,320,725,598
00002741.jpg,585,93,810,320,725,598
00002742.jpg,585,93,810,320,725,598
00002743.jpg,585,93,810,320,725,598
00002744.jpg,585,93,810,320,725,598
00002745.jpg,585,93,810,320,725,598
00002746.jpg,585,93,810,320,725,598
00002747.jpg,585,93,810,320,725,598
00002748.jpg,585,93,810,320,725,598
00002749.jpg,585,93,810,320,725,598
00002750.jpg,585,93,810,320,725,598
00002751.jpg,585,93,810,320,725,598
00002752.jpg,585,93,810,320,725,598
00002753.jpg,585,93,810,320,725,598
00002754.jpg,585,93,810,320,725,598
00002755.jpg,585,93,810,320,725,598
00002756.jpg,585,93,810,320,725,598
00002757.jpg,585,93,810,320,725,598
00002758.jpg,585,93,810,320,725,598
00002759.jpg,585,93,810,320,725,598
00002760.jpg,585,93,810,320,725,598
00002761.jpg,585,93,810,320,725,598
00002762.jpg,585,93,810,320,725,598
00002763.jpg,585,93,810,320,725,598
00002764.jpg,585,92,810,319,725,598
00002765.jpg,585,92,810,319,725,598
00002766.jpg,585,92,810,319,725,598
00002767.jpg,585,92,810,319,725,598
00002768.jpg,585,92,810,319,725,598
00002769.jpg,585,92,810,319,725,598
00002770.jpg,585,92,810,319,725,598
00002771.jpg,585,92,810,319,725,598
00002772.jpg,585,92,810,319,725,598
00002773.jpg,585,92,810,319,725,598
00002774.jpg,585,92,810,319,725,598
00002775.jpg,585,92,810,319,725,598
00002776.jpg,585,92,810,319,725,598
00002777.jpg,585,92,810,319,725,598
00002778.jpg,585,92,810,319,725,598
00002779.jpg,585,92,810,319,725,598
00002780.jpg,585,92,810,319,725,598
00002781.jpg,585,92,810,319,725,598
00002782.jpg,585,92,810,319,725,598
00002783.jpg,585,92,810,319,725,598
00002784.jpg,585,92,810,319,725,598
00002785.jpg,585,92,810,319,725,598
00002786.jpg,585,92,810,319,725,598
00002787.jpg,585,92,810,319,725,598
00002788.jpg,585,92,810,319,725,598
00002789.jpg,585,92,810,319,725,598
00002790.jpg,585,92,810,319,725,598
00002791.jpg,584,92,809,319,725,598
00002792.jpg,584,92,809,319,725,598
00002793.jpg,584,92,809,319,725,598
00002794.jpg,584,92,809,319,725,598
00002795.jpg,584,92,809,319,725,598
00002796.jpg,584,93,809,320,725,598
00002797.jpg,584,93,809,320,725,598
00002798.jpg,584,93,809,320,725,598
00002799.jpg,584,93,809,320,725,598
00002800.jpg,584,93,809,320,725,598
00002801.jpg,584,93,809,320,725,598
00002802.jpg,583,93,808,320,725,598
00002803.jpg,583,93,808,320,725,598
00002804.jpg,583,93,808,320,725,598
00002805.jpg,583,93,808,320,725,598
00002806.jpg,583,93,808,320,725,598
00002807.jpg,583,93,808,320,725,598
00002808.jpg,583,93,808,320,725,598
00002809.jpg,583,93,808,320,725,598
00002810.jpg,583,93,808,320,725,598
00002811.jpg,583,93,808,320,725,598
00002812.jpg,583,93,808,320,725,598
00002813.jpg,583,93,808,320,725,598
00002814.jpg,583,93,808,320,725,598
00002815.jpg,582,93,807,320,725,598
00002816.jpg,582,93,807,320,725,598
00002817.jpg,582,93,807,320,725,598
00002818.jpg,582,93,807,320,725,598
