00006113.jpg,1097,3,1559,424,-1,-1
00006114.jpg,1097,3,1559,424,-1,-1
00006115.jpg,1097,3,1559,424,-1,-1
00006116.jpg,1097,3,1559,424,-1,-1
00006117.jpg,1093,0,1555,421,-1,-1
00006118.jpg,1087,0,1549,421,-1,-1
00006119.jpg,1084,0,1546,421,-1,-1
00006120.jpg,1084,0,1546,421,-1,-1
00006121.jpg,1084,0,1546,421,-1,-1
00006122.jpg,1087,0,1549,421,-1,-1
00006123.jpg,1093,0,1555,421,-1,-1
00006124.jpg,1101,6,1563,427,-1,-1
00006125.jpg,1111,17,1573,438,-1,-1
00006126.jpg,1111,17,1573,438,-1,-1
00006127.jpg,1133,21,1585,448,-1,-1
00006128.jpg,1133,21,1585,448,-1,-1
00006129.jpg,1148,38,1600,465,-1,-1
00006130.jpg,1165,58,1617,485,-1,-1
00006131.jpg,1165,58,1617,485,-1,-1
00006132.jpg,1184,76,1636,503,-1,-1
00006133.jpg,1204,94,1656,521,-1,-1
00006134.jpg,1224,112,1676,539,-1,-1
00006135.jpg,1244,129,1696,556,-1,-1
00006136.jpg,1244,129,1696,556,-1,-1
00006137.jpg,1264,147,1716,574,-1,-1
00006138.jpg,1282,164,1734,591,-1,-1
00006139.jpg,1298,180,1750,607,-1,-1
00006140.jpg,1313,197,1765,624,-1,-1
00006141.jpg,1313,197,1765,624,-1,-1
00006142.jpg,1326,211,1778,638,-1,-1
00006143.jpg,1340,202,1809,661,-1,-1
00006144.jpg,1340,202,1809,661,-1,-1
00006145.jpg,1341,210,1810,669,-1,-1
00006146.jpg,1341,210,1810,669,-1,-1
00006147.jpg,1336,215,1805,674,-1,-1
00006148.jpg,1325,219,1794,678,-1,-1
00006149.jpg,1312,218,1781,677,-1,-1
00006150.jpg,1295,215,1764,674,-1,-1
00006151.jpg,1295,215,1764,674,-1,-1
00006152.jpg,1274,211,1743,670,-1,-1
00006153.jpg,1252,205,1721,664,-1,-1
00006154.jpg,1233,192,1702,651,-1,-1
00006155.jpg,1212,180,1681,639,-1,-1
00006156.jpg,1212,180,1681,639,-1,-1
00006157.jpg,1199,167,1668,626,-1,-1
00006158.jpg,1181,202,1626,634,-1,-1
00006159.jpg,1181,202,1626,634,-1,-1
00006160.jpg,1180,193,1625,625,-1,-1
00006161.jpg,1118,193,1567,610,-1,-1
00006162.jpg,1120,185,1569,602,-1,-1
00006163.jpg,1118,176,1567,593,-1,-1
00006164.jpg,1116,168,1565,585,-1,-1
00006165.jpg,1117,161,1566,578,-1,-1
00006166.jpg,1117,161,1566,578,-1,-1
00006167.jpg,1120,156,1569,573,-1,-1
00006168.jpg,1123,151,1572,568,-1,-1
00006169.jpg,1125,147,1574,564,-1,-1
00006170.jpg,1128,144,1577,561,-1,-1
00006171.jpg,1128,144,1577,561,-1,-1
00006172.jpg,1156,162,1601,564,-1,-1
00006173.jpg,1156,162,1601,564,-1,-1
00006174.jpg,1161,158,1606,560,-1,-1
00006175.jpg,1160,154,1605,556,-1,-1
00006176.jpg,1160,154,1605,556,-1,-1
00006177.jpg,1161,151,1606,553,-1,-1
00006178.jpg,1201,137,1654,555,-1,-1
00006179.jpg,1201,137,1654,555,-1,-1
00006180.jpg,1202,135,1655,553,-1,-1
00006181.jpg,1202,135,1655,553,-1,-1
00006182.jpg,1201,134,1654,552,-1,-1
00006183.jpg,1201,132,1654,550,-1,-1
00006184.jpg,1201,131,1654,549,-1,-1
00006185.jpg,1201,131,1654,549,-1,-1
00006186.jpg,1201,131,1654,549,-1,-1
00006187.jpg,1202,130,1655,548,-1,-1
00006188.jpg,1202,129,1655,547,-1,-1
00006189.jpg,1202,128,1655,546,-1,-1
00006190.jpg,1203,128,1656,546,-1,-1
00006191.jpg,1203,128,1656,546,-1,-1
00006192.jpg,1180,133,1630,551,-1,-1
00006193.jpg,1180,133,1630,551,-1,-1
00006194.jpg,1180,133,1630,551,-1,-1
00006195.jpg,1181,133,1631,551,-1,-1
00006196.jpg,1181,133,1631,551,-1,-1
00006197.jpg,1181,134,1631,552,-1,-1
00006198.jpg,1182,134,1632,552,-1,-1
00006199.jpg,1183,134,1633,552,-1,-1
00006200.jpg,1184,134,1634,552,-1,-1
00006201.jpg,1184,134,1634,552,-1,-1
00006202.jpg,1184,133,1634,551,-1,-1
00006203.jpg,1186,133,1636,551,-1,-1
00006204.jpg,1186,133,1636,551,574,360
