00001588.jpg,1487,305,1739,572,1281,246
00001589.jpg,1487,305,1739,572,1281,246
00001590.jpg,1487,305,1739,572,1281,246
00001591.jpg,1487,305,1739,572,1280,248
00001592.jpg,1484,299,1736,566,1280,248
00001593.jpg,1479,297,1731,564,1278,246
00001594.jpg,1479,297,1731,564,1274,245
00001595.jpg,1475,299,1727,566,1274,245
00001596.jpg,1474,302,1726,569,1278,245
00001597.jpg,1471,302,1723,569,1278,245
00001598.jpg,1467,302,1719,569,1277,244
00001599.jpg,1467,302,1719,569,1273,244
00001600.jpg,1463,301,1715,568,1273,244
00001601.jpg,1460,299,1712,566,1272,242
00001602.jpg,1459,295,1711,562,1270,242
00001603.jpg,1457,290,1709,557,1260,241
00001604.jpg,1457,290,1709,557,1253,240
00001605.jpg,1456,285,1708,552,1250,240
00001606.jpg,1457,285,1709,552,1250,240
00001607.jpg,1460,288,1712,555,541,305
00001608.jpg,1462,291,1714,558,1248,240
00001609.jpg,1462,291,1714,558,1248,240
00001610.jpg,1464,294,1716,561,1248,240
00001611.jpg,1466,297,1718,564,1248,240
00001612.jpg,1468,299,1720,566,1248,240
00001613.jpg,1470,297,1722,564,1248,240
00001614.jpg,1470,297,1722,564,1248,240
00001615.jpg,1471,293,1723,560,1248,240
00001616.jpg,1476,282,1709,513,1248,240
00001617.jpg,1476,282,1709,513,1248,240
00001618.jpg,1478,283,1711,514,1248,240
00001619.jpg,1478,283,1711,514,1248,240
00001620.jpg,1479,285,1712,516,1016,230
00001621.jpg,1477,284,1710,515,1014,228
00001622.jpg,1489,286,1722,517,1017,224
00001623.jpg,1491,283,1724,514,1016,224
00001624.jpg,1491,283,1724,514,1017,224
00001625.jpg,1492,280,1725,511,1017,222
00001626.jpg,1495,280,1728,511,1016,222
00001627.jpg,1499,282,1732,513,1010,222
00001628.jpg,1500,285,1733,516,1009,222
00001629.jpg,1500,285,1733,516,1008,222
00001630.jpg,1496,287,1729,518,1009,222
00001631.jpg,1491,290,1724,521,846,324
00001632.jpg,1489,295,1722,526,518,304
00001633.jpg,1491,298,1724,529,517,308
00001634.jpg,1491,298,1724,529,518,308
00001635.jpg,1498,300,1731,531,516,308
00001636.jpg,1500,297,1733,528,1238,258
00001637.jpg,1503,291,1736,522,1024,349
00001638.jpg,1500,288,1733,519,962,517
00001639.jpg,1500,288,1733,519,962,517
00001640.jpg,1492,294,1725,525,960,517
00001641.jpg,1481,305,1714,536,962,517
00001642.jpg,1478,292,1739,553,961,517
00001643.jpg,1468,300,1729,561,962,517
00001644.jpg,1468,300,1729,561,961,518
00001645.jpg,1423,331,1690,608,965,520
00001646.jpg,1423,331,1690,608,964,520
00001647.jpg,1407,350,1674,627,961,520
00001648.jpg,1386,378,1660,656,961,526
00001649.jpg,1386,378,1660,656,969,558
00001650.jpg,1374,381,1648,659,977,585
00001651.jpg,1366,391,1640,669,986,606
00001652.jpg,1358,404,1632,682,988,608
00001653.jpg,1353,413,1627,691,986,608
00001654.jpg,1353,413,1627,691,989,608
00001655.jpg,1345,420,1619,698,993,608
00001656.jpg,1338,426,1612,704,989,610
00001657.jpg,1333,429,1607,707,990,610
00001658.jpg,1327,430,1601,708,989,610
00001659.jpg,1327,430,1601,708,985,612
00001660.jpg,1320,433,1594,711,992,613
00001661.jpg,1315,437,1589,715,986,616
00001662.jpg,1312,438,1586,716,984,616
00001663.jpg,1309,436,1583,714,981,616
00001664.jpg,1309,436,1583,714,976,617
00001665.jpg,1305,450,1579,728,974,617
00001666.jpg,1302,458,1576,736,948,512
00001667.jpg,1302,460,1576,738,914,394
00001668.jpg,1299,455,1580,723,977,224
00001669.jpg,1299,455,1580,723,976,226
00001670.jpg,1304,453,1585,721,976,221
00001671.jpg,1310,450,1591,718,978,221
00001672.jpg,1319,437,1592,711,981,218
00001673.jpg,1319,437,1592,711,984,222
00001674.jpg,1319,437,1592,711,984,220
00001675.jpg,1326,434,1599,708,985,220
00001676.jpg,1332,431,1605,705,984,216
00001677.jpg,1330,428,1603,702,984,220
00001678.jpg,1329,419,1602,693,984,217
00001679.jpg,1329,419,1602,693,984,213
00001680.jpg,1326,396,1599,670,982,210
00001681.jpg,1322,345,1612,635,985,214
00001682.jpg,1322,345,1612,635,981,210
00001683.jpg,1333,286,1623,576,953,133
00001684.jpg,1333,286,1623,576,952,129
00001685.jpg,1326,272,1602,564,952,134
00001686.jpg,1326,272,1602,564,949,134
00001687.jpg,1320,252,1596,544,948,133
00001688.jpg,1306,236,1582,528,954,134
00001689.jpg,1306,236,1582,528,950,134
00001690.jpg,1325,204,1631,523,952,136
00001691.jpg,1325,204,1631,523,630,132
00001692.jpg,1324,216,1630,535,624,137
00001693.jpg,1333,226,1639,545,605,281
00001694.jpg,1333,226,1639,545,602,282
00001695.jpg,1353,241,1659,560,598,336
00001696.jpg,1373,257,1679,576,598,340
00001697.jpg,1379,270,1685,589,608,392
00001698.jpg,1395,306,1701,625,610,413
00001699.jpg,1395,306,1701,625,926,237
00001700.jpg,1377,277,1706,614,924,238
00001701.jpg,1377,277,1706,614,918,240
00001702.jpg,1412,278,1733,628,916,242
00001703.jpg,1412,278,1733,628,918,242
00001704.jpg,1412,278,1733,628,914,240
00001705.jpg,1421,280,1742,630,913,240
00001706.jpg,1452,264,1788,624,908,240
00001707.jpg,1452,264,1788,624,912,240
00001708.jpg,1457,266,1793,626,904,240
00001709.jpg,1457,266,1793,626,904,240
