00000779.jpg,790,107,1058,380,444,191
00000780.jpg,790,107,1058,380,444,190
00000781.jpg,790,107,1058,380,444,190
00000782.jpg,790,107,1058,380,444,190
00000783.jpg,790,108,1058,381,444,191
00000784.jpg,789,110,1057,383,444,193
00000785.jpg,788,113,1056,386,444,193
00000786.jpg,786,117,1054,390,448,194
00000787.jpg,787,116,1053,394,445,195
00000788.jpg,787,116,1053,394,445,195
00000789.jpg,785,118,1051,396,446,195
00000790.jpg,773,120,1039,398,447,195
00000791.jpg,766,122,1032,400,447,195
00000792.jpg,766,122,1032,400,447,195
00000793.jpg,758,123,1024,401,447,196
00000794.jpg,752,123,1018,401,447,196
00000795.jpg,748,124,1014,402,447,198
00000796.jpg,745,124,1011,402,447,198
00000797.jpg,745,124,1011,402,447,198
00000798.jpg,743,124,1009,402,447,199
00000799.jpg,742,124,1008,402,447,199
00000800.jpg,742,124,1008,402,447,199
00000801.jpg,742,124,1008,402,447,199
00000802.jpg,742,124,1008,402,447,199
00000803.jpg,742,123,1008,401,447,199
00000804.jpg,742,123,1008,401,447,199
00000805.jpg,743,123,1009,401,447,199
00000806.jpg,744,123,1010,401,445,199
00000807.jpg,744,123,1010,401,445,199
00000808.jpg,744,123,1010,401,445,199
00000809.jpg,745,123,1011,401,445,199
00000810.jpg,746,123,1012,401,447,199
00000811.jpg,746,122,1012,400,447,199
00000812.jpg,746,122,1012,400,447,199
00000813.jpg,747,122,1013,400,447,199
00000814.jpg,748,122,1014,400,447,199
00000815.jpg,748,121,1014,399,447,199
00000816.jpg,749,121,1015,399,447,200
00000817.jpg,749,121,1015,399,447,200
00000818.jpg,750,121,1016,399,447,200
00000819.jpg,750,121,1016,399,447,200
00000820.jpg,751,121,1017,399,447,200
00000821.jpg,752,120,1018,398,447,200
00000822.jpg,752,120,1018,398,447,200
00000823.jpg,753,120,1019,398,447,199
00000824.jpg,753,120,1019,398,446,198
00000825.jpg,754,120,1020,398,446,198
00000826.jpg,754,120,1020,398,446,198
00000827.jpg,754,120,1020,398,446,198
00000828.jpg,755,120,1021,398,446,198
00000829.jpg,755,120,1021,398,445,198
00000830.jpg,755,120,1021,398,445,198
00000831.jpg,755,120,1021,398,445,198
00000832.jpg,756,120,1022,398,445,198
00000833.jpg,756,120,1022,398,445,198
00000834.jpg,756,120,1022,398,445,198
00000835.jpg,756,119,1022,397,445,198
00000836.jpg,756,120,1022,398,444,198
00000837.jpg,756,120,1022,398,444,198
00000838.jpg,756,120,1022,398,444,198
00000839.jpg,756,120,1022,398,444,198
00000840.jpg,756,119,1022,397,444,198
00000841.jpg,756,120,1022,398,444,198
00000842.jpg,756,120,1022,398,444,198
00000843.jpg,756,120,1022,398,444,198
00000844.jpg,756,120,1022,398,444,198
00000845.jpg,756,120,1022,398,444,198
00000846.jpg,756,120,1022,398,444,198
00000847.jpg,756,120,1022,398,444,198
00000848.jpg,756,119,1022,397,444,198
00000849.jpg,756,119,1022,397,444,198
00000850.jpg,756,119,1022,397,444,198
00000851.jpg,756,119,1022,397,444,198
00000852.jpg,756,119,1022,397,444,198
00000853.jpg,756,120,1022,398,444,198
00000854.jpg,756,120,1022,398,444,198
00000855.jpg,756,120,1022,398,444,198
00000856.jpg,756,120,1022,398,444,198
00000857.jpg,756,120,1022,398,444,198
00000858.jpg,756,120,1022,398,444,196
00000859.jpg,756,120,1022,398,444,194
00000860.jpg,756,120,1022,398,444,194
00000861.jpg,756,120,1022,398,444,194
00000862.jpg,756,120,1022,398,444,194
00000863.jpg,756,120,1022,398,444,194
00000864.jpg,756,120,1022,398,444,194
00000865.jpg,756,120,1022,398,444,196
00000866.jpg,756,120,1022,398,444,196
00000867.jpg,756,120,1022,398,446,196
00000868.jpg,756,120,1022,398,446,196
00000869.jpg,757,120,1023,398,446,196
00000870.jpg,757,120,1023,398,444,198
