00000779.jpg,1038,178,1190,354,772,317
00000780.jpg,1038,178,1190,354,770,318
00000781.jpg,1038,178,1190,354,769,319
00000782.jpg,1038,178,1190,354,770,319
00000783.jpg,1038,180,1190,356,768,318
00000784.jpg,1037,181,1189,357,764,319
00000785.jpg,1037,181,1189,357,764,319
00000786.jpg,1037,182,1189,358,763,319
00000787.jpg,1037,182,1189,358,762,320
00000788.jpg,1040,181,1192,357,763,321
00000789.jpg,1041,181,1193,357,761,320
00000790.jpg,1043,182,1195,358,760,319
00000791.jpg,1043,182,1195,358,760,319
00000792.jpg,1043,182,1195,358,760,319
00000793.jpg,1043,182,1195,358,760,319
00000794.jpg,1043,182,1195,358,757,319
00000795.jpg,1043,183,1195,359,757,318
00000796.jpg,1044,183,1196,359,756,318
00000797.jpg,1044,183,1196,359,756,317
00000798.jpg,1044,183,1196,359,755,317
00000799.jpg,1044,183,1196,359,755,317
00000800.jpg,1044,183,1196,359,755,317
00000801.jpg,1044,183,1196,359,755,317
00000802.jpg,1044,183,1196,359,755,317
00000803.jpg,1044,183,1196,359,753,317
00000804.jpg,1044,183,1196,359,753,317
00000805.jpg,1044,183,1196,359,753,317
00000806.jpg,1044,183,1196,359,755,318
00000807.jpg,1044,183,1196,359,755,318
00000808.jpg,1044,183,1196,359,755,318
00000809.jpg,1043,183,1195,359,756,319
00000810.jpg,1043,183,1195,359,755,318
00000811.jpg,1043,182,1195,358,757,319
00000812.jpg,1043,182,1195,358,757,318
00000813.jpg,1042,182,1194,358,741,440
00000814.jpg,1043,183,1195,360,765,537
00000815.jpg,1043,183,1195,360,935,556
00000816.jpg,1043,183,1195,360,935,556
00000817.jpg,1043,183,1195,360,935,555
00000818.jpg,1042,184,1194,361,934,555
00000819.jpg,1041,184,1193,361,933,555
00000820.jpg,1041,184,1193,361,934,556
00000821.jpg,1040,184,1192,361,934,556
00000822.jpg,1035,181,1185,374,935,556
00000823.jpg,1035,181,1185,374,935,556
00000824.jpg,1035,180,1185,373,935,556
00000825.jpg,1034,180,1184,373,935,556
00000826.jpg,1034,179,1184,372,935,556
00000827.jpg,1034,179,1184,372,935,556
00000828.jpg,1028,176,1182,370,935,556
00000829.jpg,1028,176,1182,370,935,556
00000830.jpg,1028,176,1182,370,935,556
00000831.jpg,1028,176,1182,370,935,556
00000832.jpg,1028,176,1182,370,935,556
00000833.jpg,1028,176,1182,370,935,556
00000834.jpg,1028,176,1182,370,935,556
00000835.jpg,1028,176,1182,370,935,556
00000836.jpg,1028,176,1182,370,760,466
00000837.jpg,1028,176,1182,370,760,466
00000838.jpg,1028,176,1182,370,755,321
00000839.jpg,1028,176,1182,370,755,318
00000840.jpg,1028,176,1182,370,756,316
00000841.jpg,1028,176,1182,370,756,316
00000842.jpg,1028,176,1182,370,756,316
00000843.jpg,1028,176,1182,370,756,316
00000844.jpg,1028,177,1182,371,756,313
00000845.jpg,1028,176,1182,370,756,313
00000846.jpg,1028,176,1182,370,759,313
00000847.jpg,1028,176,1182,370,759,313
00000848.jpg,1028,176,1182,370,760,314
00000849.jpg,1028,176,1182,370,762,313
00000850.jpg,1028,176,1182,370,762,313
00000851.jpg,1028,176,1182,370,761,311
00000852.jpg,1028,176,1182,370,759,311
00000853.jpg,1028,176,1182,370,759,311
00000854.jpg,1028,176,1182,370,759,311
00000855.jpg,1028,176,1182,370,758,307
00000856.jpg,1028,176,1182,370,758,307
00000857.jpg,1028,176,1182,370,760,307
00000858.jpg,1028,176,1182,370,760,307
00000859.jpg,1028,176,1182,370,760,309
00000860.jpg,1028,176,1182,370,760,310
00000861.jpg,1028,176,1182,370,760,310
00000862.jpg,1028,176,1182,370,760,310
00000863.jpg,1028,176,1182,370,761,310
00000864.jpg,1028,176,1182,370,763,310
00000865.jpg,1028,176,1182,370,763,310
00000866.jpg,1028,176,1182,370,763,310
00000867.jpg,1028,176,1182,370,763,310
00000868.jpg,1028,177,1182,371,763,310
00000869.jpg,1028,176,1182,370,763,310
00000870.jpg,1028,176,1182,370,764,313
