00002355.jpg,335,45,550,294,469,372
00002356.jpg,334,45,550,293,469,372
00002357.jpg,334,44,550,293,469,372
00002358.jpg,335,45,550,293,469,374
00002359.jpg,333,44,551,294,469,376
00002360.jpg,332,44,551,293,-1,-1
00002361.jpg,330,42,552,290,-1,-1
00002362.jpg,327,42,559,290,-1,-1
00002363.jpg,329,43,558,289,-1,-1
00002364.jpg,329,43,558,288,-1,-1
00002365.jpg,330,43,558,289,-1,-1
00002366.jpg,330,43,558,290,-1,-1
00002367.jpg,331,45,558,287,-1,-1
00002368.jpg,334,45,557,286,-1,-1
00002369.jpg,335,44,557,285,-1,-1
00002370.jpg,335,45,559,283,-1,-1
00002371.jpg,337,46,560,282,-1,-1
00002372.jpg,339,46,561,281,-1,-1
00002373.jpg,340,45,562,282,-1,-1
00002374.jpg,340,45,562,282,-1,-1
