00003236.jpg,93,5,276,106,819,323
00003237.jpg,93,5,276,106,820,328
00003238.jpg,135,1,302,104,820,328
00003239.jpg,172,1,337,108,819,330
00003240.jpg,172,1,337,108,814,338
00003241.jpg,185,4,350,111,812,338
00003242.jpg,208,3,373,131,535,669
00003243.jpg,208,3,373,131,532,645
00003244.jpg,225,0,390,128,349,303
00003245.jpg,232,0,397,128,360,309
00003246.jpg,239,0,404,128,380,321
00003247.jpg,255,0,420,128,392,328
00003248.jpg,255,0,420,128,392,329
00003249.jpg,288,0,446,125,412,338
00003250.jpg,288,0,446,125,425,350
00003251.jpg,294,3,452,128,431,355
00003252.jpg,303,7,461,132,444,366
00003253.jpg,312,14,470,139,451,383
00003254.jpg,325,5,492,136,460,409
00003255.jpg,325,5,492,136,464,426
00003256.jpg,350,2,521,163,467,444
00003257.jpg,350,2,521,163,469,461
00003258.jpg,357,6,528,167,476,481
00003259.jpg,371,15,542,176,479,504
00003260.jpg,376,19,547,180,480,521
00003261.jpg,382,25,553,186,480,536
00003262.jpg,387,31,558,192,484,543
00003263.jpg,390,2,580,196,485,563
00003264.jpg,412,9,575,200,485,593
00003265.jpg,412,9,575,200,487,606
00003266.jpg,415,8,591,221,494,623
00003267.jpg,415,8,591,221,491,630
00003268.jpg,417,13,593,226,490,630
00003269.jpg,422,24,598,237,779,361
00003270.jpg,423,29,599,242,779,361
00003271.jpg,422,28,624,240,779,361
00003272.jpg,422,28,624,240,779,361
00003273.jpg,424,29,626,241,779,361
00003274.jpg,426,31,628,243,779,361
00003275.jpg,427,32,629,244,779,361
00003276.jpg,428,32,630,244,779,361
00003277.jpg,429,32,631,244,779,361
00003278.jpg,429,32,631,244,777,361
00003279.jpg,430,31,632,243,776,361
00003280.jpg,430,31,632,243,776,361
00003281.jpg,430,31,632,243,776,361
00003282.jpg,431,31,633,243,776,361
00003283.jpg,431,31,633,243,776,361
00003284.jpg,430,31,632,243,776,361
00003285.jpg,430,31,632,243,776,361
00003286.jpg,430,30,632,242,776,361
00003287.jpg,430,30,632,242,776,361
00003288.jpg,430,30,632,242,776,361
00003289.jpg,429,29,631,241,776,361
00003290.jpg,429,28,631,240,776,361
00003291.jpg,429,27,631,239,776,361
00003292.jpg,428,26,630,238,776,361
00003293.jpg,428,24,630,236,776,361
00003294.jpg,426,18,628,230,776,361
00003295.jpg,424,14,626,226,775,359
00003296.jpg,422,10,624,222,772,358
00003297.jpg,421,5,623,217,772,358
00003298.jpg,418,0,620,212,772,358
00003299.jpg,415,0,617,212,772,358
00003300.jpg,411,0,613,212,772,358
00003301.jpg,404,0,623,217,772,358
00003302.jpg,416,2,625,204,772,358
00003303.jpg,416,2,625,204,772,358
00003304.jpg,414,0,623,202,772,358
00003305.jpg,413,0,622,202,770,358
00003306.jpg,412,0,621,202,770,358
00003307.jpg,411,0,620,202,770,358
00003308.jpg,410,0,619,202,767,358
00003309.jpg,408,0,617,202,767,358
00003310.jpg,407,0,616,202,760,358
00003311.jpg,407,0,616,202,760,358
00003312.jpg,406,0,615,202,760,358
00003313.jpg,406,0,615,202,760,358
00003314.jpg,405,0,614,202,760,358
00003315.jpg,404,0,613,202,760,358
00003316.jpg,404,0,613,202,760,358
00003317.jpg,404,0,613,202,760,358
00003318.jpg,403,0,612,202,760,358
00003319.jpg,386,3,600,178,760,358
00003320.jpg,386,3,600,178,760,358
00003321.jpg,385,0,599,175,760,358
00003322.jpg,384,0,598,175,760,358
00003323.jpg,369,1,584,164,760,358
00003324.jpg,369,1,584,164,760,358
00003325.jpg,368,0,583,163,735,363
00003326.jpg,368,0,583,163,-1,-1
00003327.jpg,368,0,583,163,-1,-1
00003328.jpg,368,3,573,147,-1,-1
00003329.jpg,368,3,573,147,216,339
00003330.jpg,367,3,572,147,216,339
00003331.jpg,366,4,571,148,216,339
00003332.jpg,365,4,570,148,216,339
00003333.jpg,363,4,568,148,216,339
00003334.jpg,363,5,568,149,216,339
00003335.jpg,369,6,574,150,226,343
00003336.jpg,371,7,576,151,-1,-1
00003337.jpg,364,2,564,150,-1,-1
00003338.jpg,364,2,564,150,721,391
00003339.jpg,364,3,564,151,721,391
00003340.jpg,361,2,561,150,721,391
00003341.jpg,359,2,559,150,721,391
00003342.jpg,357,1,557,149,721,391
00003343.jpg,354,0,554,148,721,391
00003344.jpg,350,0,550,148,721,391
00003345.jpg,343,2,543,150,721,391
00003346.jpg,340,4,540,152,721,391
00003347.jpg,340,4,540,152,741,381
