00092037.jpg,217,17,652,475,1056,380
00092038.jpg,217,17,652,475,1058,383
00092039.jpg,217,17,652,475,1058,384
00092040.jpg,217,17,652,475,1060,384
00092041.jpg,216,17,651,475,1063,379
00092042.jpg,215,18,650,476,1065,374
00092043.jpg,215,18,650,476,1068,373
00092044.jpg,213,19,648,477,1068,369
00092045.jpg,212,19,647,477,1071,370
00092046.jpg,211,19,646,477,1077,371
00092047.jpg,211,19,646,477,1073,380
00092048.jpg,211,20,646,478,1070,386
00092049.jpg,211,19,646,477,1067,391
00092050.jpg,211,19,646,477,1061,396
00092051.jpg,211,19,646,477,1061,391
00092052.jpg,211,20,646,478,1061,389
00092053.jpg,201,12,650,498,1066,391
00092054.jpg,201,12,650,498,1066,395
00092055.jpg,200,12,649,498,1061,396
00092056.jpg,199,12,648,498,1061,396
00092057.jpg,199,12,648,498,1066,396
00092058.jpg,199,11,648,497,1063,395
00092059.jpg,198,10,647,496,1061,395
00092060.jpg,197,8,646,494,1061,395
00092061.jpg,196,7,645,493,1061,395
00092062.jpg,195,5,644,491,1061,394
00092063.jpg,195,5,644,491,1062,394
00092064.jpg,195,5,644,491,1067,395
00092065.jpg,196,5,645,491,1082,400
00092066.jpg,196,5,645,491,1096,405
00092067.jpg,198,6,647,492,1117,409
00092068.jpg,199,7,648,493,1170,416
00092069.jpg,200,8,649,494,1222,419
00092070.jpg,201,9,650,495,1282,429
00092071.jpg,202,10,651,496,1333,444
00092072.jpg,202,11,651,497,1305,449
00092073.jpg,202,11,651,497,1323,455
00092074.jpg,202,12,651,498,1336,455
00092075.jpg,201,11,650,497,1335,455
00092076.jpg,200,12,649,498,1332,455
00092077.jpg,199,11,648,497,1327,454
00092078.jpg,197,11,646,497,1321,451
00092079.jpg,196,11,645,497,1288,453
00092080.jpg,194,11,643,497,1290,451
00092081.jpg,193,12,642,498,1247,445
00092082.jpg,191,12,640,498,1202,439
00092083.jpg,191,12,640,498,1178,430
00092084.jpg,191,12,640,498,1158,424
00092085.jpg,191,12,640,498,1151,420
00092086.jpg,191,13,640,499,1145,419
00092087.jpg,192,13,641,499,1145,420
00092088.jpg,192,13,641,499,1143,420
00092089.jpg,193,13,642,499,1143,418
00092090.jpg,194,13,643,499,1137,418
00092091.jpg,195,14,644,500,1137,418
00092092.jpg,196,14,645,500,1131,419
00092093.jpg,197,14,646,500,1132,416
00092094.jpg,198,14,647,500,1128,413
00092095.jpg,199,14,648,500,1126,415
00092096.jpg,199,14,648,500,1125,421
00092097.jpg,200,14,649,500,1125,421
00092098.jpg,200,14,649,500,1120,425
00092099.jpg,201,14,650,500,1117,425
00092100.jpg,201,15,650,501,1113,418
00092101.jpg,202,15,651,501,1112,416
00092102.jpg,202,15,651,501,1106,416
00092103.jpg,202,15,651,501,1105,419
00092104.jpg,202,15,651,501,1105,419
00092105.jpg,202,15,651,501,1105,419
00092106.jpg,202,15,651,501,1102,418
00092107.jpg,202,15,651,501,1102,418
00092108.jpg,202,15,651,501,1102,418
00092109.jpg,202,15,651,501,1100,414
00092110.jpg,202,15,651,501,1098,413
00092111.jpg,202,16,651,502,1096,411
00092112.jpg,202,16,651,502,1096,411
00092113.jpg,202,16,651,502,1096,411
00092114.jpg,202,16,651,502,1096,411
00092115.jpg,202,16,651,502,1096,411
00092116.jpg,202,16,651,502,1096,411
00092117.jpg,202,16,651,502,1096,411
00092118.jpg,202,16,651,502,1096,411
00092119.jpg,202,16,651,502,1095,411
00092120.jpg,201,16,650,502,1095,411
00092121.jpg,202,16,651,502,1095,411
00092122.jpg,202,16,651,502,1095,411
00092123.jpg,202,16,651,502,1095,411
00092124.jpg,202,16,651,502,1096,418
00092125.jpg,202,16,651,502,1096,416
00092126.jpg,201,16,650,502,1096,416
00092127.jpg,201,16,650,502,1097,411
00092128.jpg,201,15,650,501,1101,409
00092129.jpg,200,15,649,501,1103,404
00092130.jpg,200,15,649,501,1101,410
00092131.jpg,200,15,649,501,1100,415
00092132.jpg,200,15,649,501,1098,423
00092133.jpg,200,15,649,501,1098,423
00092134.jpg,200,15,649,501,1100,420
00092135.jpg,199,15,648,501,1102,414
00092136.jpg,199,15,648,501,1102,413
00092137.jpg,199,15,648,501,1102,413
00092138.jpg,199,15,648,501,1102,413
00092139.jpg,199,15,648,501,1102,413
00092140.jpg,199,15,648,501,1102,413
00092141.jpg,199,15,648,501,1102,413
00092142.jpg,199,15,648,501,1102,419
00092143.jpg,198,15,647,501,1102,424
00092144.jpg,198,15,647,501,1101,424
00092145.jpg,198,15,647,501,1101,424
00092146.jpg,198,15,647,501,1101,421
00092147.jpg,198,15,647,501,1101,421
00092148.jpg,197,15,646,501,1101,418
00092149.jpg,197,14,646,500,1101,416
00092150.jpg,197,14,646,500,1100,419
00092151.jpg,197,14,646,500,1101,425
00092152.jpg,197,13,646,499,1097,429
00092153.jpg,196,13,645,499,1096,420
00092154.jpg,196,13,645,499,1097,415
00092155.jpg,195,13,644,499,1098,415
00092156.jpg,195,13,644,499,1100,425
00092157.jpg,195,13,644,499,1100,429
00092158.jpg,195,13,644,499,1100,430
00092159.jpg,195,13,644,499,1096,425
00092160.jpg,195,13,644,499,1096,418
00092161.jpg,194,13,643,499,1096,418
00092162.jpg,194,14,643,500,1097,420
00092163.jpg,194,14,643,500,1097,420
00092164.jpg,195,15,644,501,1097,420
00092165.jpg,194,15,643,501,1097,420
00092166.jpg,194,15,643,501,1097,420
00092167.jpg,194,15,643,501,1097,420
00092168.jpg,194,15,643,501,1097,420
00092169.jpg,194,15,643,501,1097,420
00092170.jpg,195,15,644,501,1100,416
00092171.jpg,196,16,645,502,1100,416
00092172.jpg,196,16,645,502,1102,416
00092173.jpg,197,16,646,502,1101,415
00092174.jpg,197,16,646,502,1101,415
00092175.jpg,197,16,646,502,1101,415
00092176.jpg,198,16,647,502,1100,415
00092177.jpg,198,16,647,502,1097,415
00092178.jpg,199,16,648,502,1098,419
00092179.jpg,199,16,648,502,1098,419
00092180.jpg,200,16,649,502,1098,419
00092181.jpg,201,16,650,502,1102,420
00092182.jpg,201,17,650,503,1101,418
00092183.jpg,202,17,651,503,1101,418
00092184.jpg,202,17,651,503,1101,419
00092185.jpg,203,17,652,503,1101,419
00092186.jpg,203,17,652,503,1101,419
00092187.jpg,203,17,652,503,1105,415
00092188.jpg,203,17,652,503,1102,415
00092189.jpg,203,17,652,503,1106,415
00092190.jpg,203,16,652,502,1106,415
00092191.jpg,203,17,652,503,1108,416
00092192.jpg,203,17,652,503,1108,416
00092193.jpg,203,17,652,503,1110,419
00092194.jpg,203,17,652,503,1110,419
00092195.jpg,203,17,652,503,1110,419
00092196.jpg,203,18,652,504,1110,419
00092197.jpg,203,18,652,504,1110,421
00092198.jpg,203,18,652,504,1111,419
00092199.jpg,203,18,652,504,1111,419
00092200.jpg,203,18,652,504,1110,416
00092201.jpg,203,19,652,505,1111,416
00092202.jpg,203,19,652,505,1112,416
00092203.jpg,203,19,652,505,1113,416
00092204.jpg,203,19,652,505,1113,420
00092205.jpg,203,19,652,505,1116,424
00092206.jpg,204,19,653,505,1115,421
00092207.jpg,204,19,653,505,1116,411
00092208.jpg,204,19,653,505,1116,410
00092209.jpg,204,19,653,505,1116,398
00092210.jpg,204,19,653,505,1116,404
00092211.jpg,204,19,653,505,1115,404
00092212.jpg,204,19,653,505,1117,408
00092213.jpg,204,19,653,505,1116,408
00092214.jpg,204,20,653,506,1116,408
00092215.jpg,204,20,653,506,1112,409
00092216.jpg,204,19,653,505,1112,409
00092217.jpg,203,19,652,505,1108,409
00092218.jpg,202,19,651,505,1180,731
00092219.jpg,201,19,650,505,1333,989
00092220.jpg,200,18,649,504,-1,-1
00092221.jpg,200,18,649,504,-1,-1
00092222.jpg,199,18,648,504,-1,-1
00092223.jpg,217,19,672,517,-1,-1
00092224.jpg,217,19,672,517,-1,-1
00092225.jpg,216,19,671,517,-1,-1
00092226.jpg,216,18,671,516,-1,-1
00092227.jpg,216,18,671,516,-1,-1
00092228.jpg,216,18,671,516,-1,-1
00092229.jpg,216,18,671,516,-1,-1
00092230.jpg,216,18,671,516,-1,-1
00092231.jpg,216,17,671,515,-1,-1
00092232.jpg,215,17,670,515,-1,-1
00092233.jpg,215,17,670,515,-1,-1
00092234.jpg,215,17,670,515,-1,-1
00092235.jpg,216,18,671,516,-1,-1
00092236.jpg,216,18,671,516,-1,-1
00092237.jpg,215,18,670,516,-1,-1
00092238.jpg,216,19,671,517,-1,-1
00092239.jpg,216,19,671,517,-1,-1
00092240.jpg,213,23,667,520,-1,-1
00092241.jpg,213,23,667,520,-1,-1
00092242.jpg,212,23,666,520,-1,-1
00092243.jpg,212,23,666,520,-1,-1
00092244.jpg,211,23,665,520,-1,-1
00092245.jpg,218,20,671,531,-1,-1
00092246.jpg,217,20,670,531,-1,-1
00092247.jpg,217,19,670,530,-1,-1
00092248.jpg,216,19,669,530,-1,-1
00092249.jpg,216,19,669,530,-1,-1
00092250.jpg,216,19,669,530,-1,-1
00092251.jpg,216,19,669,530,-1,-1
00092252.jpg,216,19,669,530,-1,-1
00092253.jpg,216,18,669,529,-1,-1
00092254.jpg,216,18,669,529,-1,-1
00092255.jpg,216,18,669,529,-1,-1
00092256.jpg,216,19,669,530,-1,-1
00092257.jpg,215,18,668,529,-1,-1
00092258.jpg,215,17,668,528,-1,-1
00092259.jpg,214,16,667,527,-1,-1
00092260.jpg,214,15,667,526,-1,-1
00092261.jpg,214,15,667,526,-1,-1
00092262.jpg,214,15,667,526,-1,-1
00092263.jpg,213,14,666,525,-1,-1
00092264.jpg,213,13,666,524,-1,-1
00092265.jpg,211,12,664,523,-1,-1
00092266.jpg,210,12,663,523,-1,-1
00092267.jpg,210,12,663,523,-1,-1
00092268.jpg,210,12,663,523,-1,-1
00092269.jpg,209,12,662,523,-1,-1
00092270.jpg,209,12,662,523,-1,-1
00092271.jpg,210,13,663,524,-1,-1
00092272.jpg,211,14,664,525,-1,-1
00092273.jpg,211,16,664,527,-1,-1
00092274.jpg,213,18,666,529,-1,-1
00092275.jpg,215,20,668,531,-1,-1
00092276.jpg,216,22,669,533,-1,-1
00092277.jpg,217,24,670,535,-1,-1
00092278.jpg,217,24,670,535,-1,-1
