00092037.jpg,990,200,1317,564,573,259
00092038.jpg,990,200,1317,564,573,258
00092039.jpg,990,200,1317,564,573,258
00092040.jpg,990,200,1317,564,573,258
00092041.jpg,992,200,1319,564,573,259
00092042.jpg,994,199,1321,563,573,260
00092043.jpg,997,197,1324,561,573,258
00092044.jpg,1000,194,1327,558,572,263
00092045.jpg,1002,194,1329,558,570,261
00092046.jpg,1003,197,1330,561,567,263
00092047.jpg,996,186,1334,574,567,264
00092048.jpg,996,186,1334,574,567,264
00092049.jpg,995,189,1333,577,566,264
00092050.jpg,993,190,1331,578,565,264
00092051.jpg,994,189,1332,577,566,265
00092052.jpg,996,188,1334,576,563,266
00092053.jpg,997,189,1335,577,561,266
00092054.jpg,999,195,1350,592,563,268
00092055.jpg,999,195,1350,592,563,268
00092056.jpg,999,196,1350,593,563,268
00092057.jpg,999,196,1350,593,562,270
00092058.jpg,999,196,1350,593,562,270
00092059.jpg,1000,196,1351,593,562,270
00092060.jpg,1000,195,1351,592,562,270
00092061.jpg,1001,195,1352,592,562,270
00092062.jpg,1002,194,1353,591,560,269
00092063.jpg,1004,194,1355,591,561,269
00092064.jpg,1006,196,1357,593,561,266
00092065.jpg,1001,191,1355,604,561,269
00092066.jpg,1001,191,1355,604,400,540
00092067.jpg,1004,191,1358,604,490,645
00092068.jpg,1012,191,1365,609,488,645
00092069.jpg,1012,191,1365,609,-1,-1
00092070.jpg,1032,206,1384,644,-1,-1
00092071.jpg,1032,206,1384,644,-1,-1
00092072.jpg,1047,214,1415,638,-1,-1
00092073.jpg,1047,214,1415,638,-1,-1
00092074.jpg,1048,213,1416,637,-1,-1
00092075.jpg,1048,211,1416,635,-1,-1
00092076.jpg,1048,210,1416,634,-1,-1
00092077.jpg,1046,207,1414,631,-1,-1
00092078.jpg,1042,205,1410,629,-1,-1
00092079.jpg,1039,205,1407,629,-1,-1
00092080.jpg,1037,209,1405,633,-1,-1
00092081.jpg,1035,213,1403,637,-1,-1
00092082.jpg,1033,217,1401,641,500,659
00092083.jpg,1036,224,1394,626,437,451
00092084.jpg,1036,224,1394,626,566,279
00092085.jpg,1035,224,1393,626,561,279
00092086.jpg,1034,223,1392,625,561,276
00092087.jpg,1034,223,1392,625,561,276
00092088.jpg,1033,222,1391,624,561,276
00092089.jpg,1033,223,1391,625,560,275
00092090.jpg,1032,223,1390,625,557,275
00092091.jpg,1031,223,1389,625,557,275
00092092.jpg,1031,223,1389,625,557,275
00092093.jpg,1031,223,1389,625,557,279
00092094.jpg,1030,222,1388,624,558,280
00092095.jpg,1029,224,1387,626,560,280
00092096.jpg,1028,228,1386,630,562,281
00092097.jpg,1026,232,1384,634,562,281
00092098.jpg,1025,234,1383,636,562,281
00092099.jpg,1026,232,1384,634,562,281
00092100.jpg,1026,229,1384,631,562,281
00092101.jpg,1025,227,1383,629,562,281
00092102.jpg,1014,226,1372,628,562,281
00092103.jpg,1011,226,1369,628,562,281
00092104.jpg,1009,226,1367,628,562,281
00092105.jpg,1008,225,1366,627,563,283
00092106.jpg,1007,223,1365,625,563,283
00092107.jpg,1006,222,1364,624,566,283
00092108.jpg,1006,221,1364,623,566,281
00092109.jpg,1005,220,1363,622,566,281
00092110.jpg,1005,219,1363,621,566,281
00092111.jpg,1005,219,1363,621,566,281
00092112.jpg,1005,219,1363,621,566,281
00092113.jpg,1005,219,1363,621,566,283
00092114.jpg,1005,219,1363,621,566,283
00092115.jpg,1005,219,1363,621,566,283
00092116.jpg,1005,219,1363,621,566,283
00092117.jpg,1005,220,1363,622,566,283
00092118.jpg,1005,221,1363,623,566,283
00092119.jpg,1006,221,1364,623,566,283
00092120.jpg,1006,220,1364,622,566,283
00092121.jpg,1006,219,1364,621,566,283
00092122.jpg,1006,219,1364,621,566,283
00092123.jpg,1007,218,1365,620,566,283
00092124.jpg,1008,222,1366,624,566,285
00092125.jpg,1009,224,1367,626,566,285
00092126.jpg,1010,223,1368,625,566,285
00092127.jpg,1011,221,1369,623,566,285
00092128.jpg,1012,217,1370,619,566,285
00092129.jpg,1013,216,1371,618,566,285
00092130.jpg,1014,219,1372,621,566,285
00092131.jpg,1015,231,1373,633,566,285
00092132.jpg,1013,236,1371,638,566,285
00092133.jpg,1012,237,1370,639,566,285
00092134.jpg,1012,230,1370,632,566,285
00092135.jpg,1011,222,1369,624,565,285
00092136.jpg,1011,219,1369,621,565,285
00092137.jpg,1011,219,1369,621,561,285
00092138.jpg,1011,219,1369,621,562,285
00092139.jpg,1012,220,1370,622,562,285
00092140.jpg,1012,220,1370,622,562,285
00092141.jpg,1013,221,1371,623,562,285
00092142.jpg,1012,223,1370,625,562,285
00092143.jpg,1012,227,1370,629,562,285
00092144.jpg,1012,227,1370,629,562,285
00092145.jpg,1012,228,1370,630,562,285
00092146.jpg,1012,228,1370,630,562,285
00092147.jpg,1012,226,1370,628,562,285
00092148.jpg,1012,223,1370,625,562,285
00092149.jpg,1012,222,1370,624,562,285
00092150.jpg,1012,223,1370,625,562,285
00092151.jpg,1010,234,1368,636,562,285
00092152.jpg,1009,236,1367,638,562,285
00092153.jpg,1006,238,1364,640,562,285
00092154.jpg,1007,229,1365,631,561,284
00092155.jpg,1008,226,1366,628,561,284
00092156.jpg,1009,231,1367,633,561,284
00092157.jpg,1009,234,1367,636,560,283
00092158.jpg,1006,235,1364,637,560,283
00092159.jpg,1006,233,1364,635,560,283
00092160.jpg,1006,229,1364,631,560,283
00092161.jpg,1006,229,1364,631,560,283
00092162.jpg,1006,229,1364,631,560,283
00092163.jpg,1006,229,1364,631,560,283
00092164.jpg,1006,229,1364,631,560,283
00092165.jpg,1006,228,1364,630,560,283
00092166.jpg,1006,227,1364,629,560,284
00092167.jpg,1006,227,1364,629,557,284
00092168.jpg,1006,227,1364,629,557,284
00092169.jpg,1006,226,1364,628,557,284
00092170.jpg,1007,225,1365,627,557,284
00092171.jpg,1007,225,1365,627,558,284
00092172.jpg,1007,225,1365,627,558,284
00092173.jpg,1008,225,1366,627,558,284
00092174.jpg,1008,225,1366,627,558,284
00092175.jpg,1008,225,1366,627,561,283
00092176.jpg,1007,226,1365,628,561,283
00092177.jpg,1007,225,1365,627,562,283
00092178.jpg,1007,225,1365,627,562,283
00092179.jpg,1007,225,1365,627,563,283
00092180.jpg,1008,224,1366,626,563,283
00092181.jpg,1008,225,1366,627,563,283
00092182.jpg,1009,226,1367,628,565,283
00092183.jpg,1009,226,1367,628,565,283
00092184.jpg,1009,227,1367,629,565,283
00092185.jpg,1010,227,1368,629,566,283
00092186.jpg,1010,227,1368,629,566,283
00092187.jpg,1011,226,1369,628,566,283
00092188.jpg,1012,226,1370,628,568,283
00092189.jpg,1012,225,1370,627,568,283
00092190.jpg,1013,225,1371,627,570,283
00092191.jpg,1014,224,1372,626,570,283
00092192.jpg,1014,225,1372,627,570,283
00092193.jpg,1015,225,1373,627,570,283
00092194.jpg,1015,226,1373,628,570,283
00092195.jpg,1016,226,1374,628,570,283
00092196.jpg,1016,228,1374,630,570,283
00092197.jpg,1016,229,1374,631,570,283
00092198.jpg,1017,228,1375,630,570,283
00092199.jpg,1017,226,1375,628,570,283
00092200.jpg,1019,224,1377,626,570,283
00092201.jpg,1020,224,1378,626,570,283
00092202.jpg,1022,226,1380,628,571,283
00092203.jpg,1022,226,1380,628,571,283
00092204.jpg,1024,232,1382,634,571,283
00092205.jpg,1026,235,1384,637,571,283
00092206.jpg,1026,236,1384,638,571,283
00092207.jpg,1027,229,1385,631,571,283
00092208.jpg,1026,221,1384,623,571,283
00092209.jpg,1027,220,1385,622,571,283
00092210.jpg,1027,221,1385,623,571,283
00092211.jpg,1026,221,1384,623,571,283
00092212.jpg,1026,221,1384,623,571,283
00092213.jpg,1025,221,1383,623,571,283
00092214.jpg,1025,221,1383,623,571,283
00092215.jpg,1023,222,1381,624,571,283
00092216.jpg,1023,223,1381,625,571,283
00092217.jpg,1021,223,1379,625,571,283
00092218.jpg,1019,224,1377,626,571,283
00092219.jpg,1019,223,1377,625,571,283
00092220.jpg,1017,223,1375,625,576,284
00092221.jpg,1017,224,1375,626,580,286
00092222.jpg,1016,224,1374,626,582,289
00092223.jpg,1016,223,1374,625,583,290
00092224.jpg,1016,223,1374,625,585,290
00092225.jpg,1016,223,1374,625,583,294
00092226.jpg,1015,223,1373,625,587,296
00092227.jpg,1014,224,1372,626,587,298
00092228.jpg,1013,224,1371,626,587,295
00092229.jpg,1012,225,1370,627,605,288
00092230.jpg,1010,225,1368,627,601,289
00092231.jpg,1010,224,1368,626,607,288
00092232.jpg,1009,222,1367,624,608,288
00092233.jpg,1009,222,1367,624,605,288
00092234.jpg,1010,221,1368,623,608,288
00092235.jpg,1010,220,1368,622,591,403
00092236.jpg,1011,220,1369,622,460,659
00092237.jpg,1012,221,1370,623,453,665
00092238.jpg,1015,223,1373,625,450,658
00092239.jpg,1020,224,1378,626,441,660
00092240.jpg,1023,224,1381,626,517,974
00092241.jpg,1025,224,1383,626,517,974
00092242.jpg,1031,225,1389,627,515,976
00092243.jpg,1032,226,1390,628,515,974
00092244.jpg,1032,226,1390,628,515,974
00092245.jpg,1033,231,1391,633,515,974
00092246.jpg,1033,231,1391,633,515,974
00092247.jpg,1034,231,1392,633,515,974
00092248.jpg,1034,231,1392,633,515,974
00092249.jpg,1034,230,1392,632,-1,-1
00092250.jpg,1033,229,1391,631,600,280
00092251.jpg,1034,226,1392,628,602,280
00092252.jpg,1035,224,1393,626,602,281
00092253.jpg,1035,223,1393,625,601,281
00092254.jpg,1036,222,1394,624,601,281
00092255.jpg,1036,221,1394,623,602,281
00092256.jpg,1036,221,1394,623,602,281
00092257.jpg,1036,221,1394,623,602,281
00092258.jpg,1036,221,1394,623,601,276
00092259.jpg,1036,221,1394,623,600,271
00092260.jpg,1036,220,1394,622,601,271
00092261.jpg,1036,219,1394,621,597,268
00092262.jpg,1036,219,1394,621,601,266
00092263.jpg,1036,219,1394,621,597,264
00092264.jpg,1037,220,1395,622,597,261
00092265.jpg,1037,220,1395,622,591,339
00092266.jpg,1036,219,1394,621,567,421
00092267.jpg,1037,219,1395,621,570,416
00092268.jpg,1038,219,1396,621,568,416
00092269.jpg,1038,219,1396,621,565,420
00092270.jpg,1038,219,1396,621,565,420
00092271.jpg,1039,219,1397,621,565,420
00092272.jpg,1040,220,1398,622,565,420
00092273.jpg,1040,220,1398,622,565,420
00092274.jpg,1041,221,1399,623,565,420
00092275.jpg,1041,223,1399,625,566,424
00092276.jpg,1041,224,1399,626,566,424
00092277.jpg,1041,223,1399,625,567,430
00092278.jpg,1041,223,1399,625,591,294
