00004015.jpg,337,164,536,360,1398,261
00004016.jpg,337,164,536,360,1396,261
00004017.jpg,337,164,536,360,1396,261
00004018.jpg,337,164,536,360,1394,261
00004019.jpg,338,165,537,361,1394,261
00004020.jpg,339,164,538,360,1394,260
00004021.jpg,340,164,539,360,1397,260
00004022.jpg,339,164,538,360,1397,260
00004023.jpg,337,164,536,360,1398,260
00004024.jpg,335,163,534,359,1398,260
00004025.jpg,334,163,533,359,1398,260
00004026.jpg,333,163,532,359,1398,257
00004027.jpg,331,164,530,360,1397,260
00004028.jpg,330,164,529,360,1396,258
00004029.jpg,329,165,528,361,1396,258
00004030.jpg,329,166,528,362,1396,258
00004031.jpg,331,165,530,361,1394,258
00004032.jpg,331,165,530,361,1393,258
00004033.jpg,331,165,530,361,1393,258
00004034.jpg,331,164,530,360,1393,257
00004035.jpg,321,165,522,371,1393,254
00004036.jpg,321,165,522,371,1393,254
00004037.jpg,322,165,523,371,1393,253
00004038.jpg,323,164,524,370,1396,253
00004039.jpg,324,164,525,370,1394,254
00004040.jpg,326,166,527,372,1397,253
00004041.jpg,326,166,527,372,1396,254
00004042.jpg,325,165,526,371,1396,254
00004043.jpg,324,165,525,371,1398,253
00004044.jpg,323,166,524,372,1736,600
00004045.jpg,321,167,522,373,1741,600
00004046.jpg,321,166,522,372,1742,600
00004047.jpg,306,172,506,366,1740,602
00004048.jpg,306,172,506,366,1740,601
00004049.jpg,306,172,506,366,1738,601
00004050.jpg,304,172,504,366,1738,601
00004051.jpg,303,173,503,367,1740,601
00004052.jpg,303,173,503,367,1738,601
00004053.jpg,303,171,503,365,1741,601
00004054.jpg,314,179,509,363,1741,601
00004055.jpg,314,179,509,363,1742,601
00004056.jpg,316,180,519,370,1741,601
00004057.jpg,316,180,519,370,1742,601
00004058.jpg,316,180,519,370,1742,600
00004059.jpg,320,178,522,362,1741,598
00004060.jpg,320,178,522,362,1738,600
00004061.jpg,329,180,530,373,1741,600
00004062.jpg,329,180,530,373,1740,602
00004063.jpg,330,180,531,373,1740,600
00004064.jpg,331,182,532,375,1741,600
00004065.jpg,338,182,539,377,1741,601
00004066.jpg,338,182,539,377,1741,600
00004067.jpg,339,182,540,377,1740,600
00004068.jpg,337,181,538,376,1740,598
00004069.jpg,343,182,544,377,1741,601
00004070.jpg,347,182,548,377,1741,601
00004071.jpg,348,183,549,378,1740,601
00004072.jpg,349,183,550,378,1741,601
00004073.jpg,352,183,553,378,1740,601
00004074.jpg,353,183,554,378,1742,601
00004075.jpg,354,183,555,378,1740,600
00004076.jpg,354,184,555,379,1742,600
00004077.jpg,355,184,556,379,1741,600
00004078.jpg,355,184,556,379,1742,600
00004079.jpg,356,184,557,379,1741,600
00004080.jpg,357,185,558,380,1740,601
00004081.jpg,358,185,559,380,1533,401
00004082.jpg,359,185,560,380,1408,285
00004083.jpg,358,184,559,379,1412,285
00004084.jpg,357,184,558,379,1414,285
00004085.jpg,355,184,556,379,1417,285
00004086.jpg,354,183,555,378,1418,286
00004087.jpg,354,176,558,364,1420,289
00004088.jpg,354,176,558,364,1417,289
00004089.jpg,353,175,557,363,1420,293
00004090.jpg,353,175,557,363,1418,293
00004091.jpg,349,175,553,363,1418,293
00004092.jpg,349,173,553,361,1418,293
00004093.jpg,345,172,549,360,1418,293
00004094.jpg,343,172,547,360,1420,297
00004095.jpg,341,173,545,361,1420,297
00004096.jpg,335,170,539,358,1417,296
00004097.jpg,335,168,539,356,1417,296
00004098.jpg,334,167,538,355,1410,288
00004099.jpg,334,166,538,354,1402,288
00004100.jpg,333,165,537,353,1401,286
00004101.jpg,332,165,536,353,1398,286
00004102.jpg,321,163,529,357,1394,285
00004103.jpg,321,163,529,357,1394,285
00004104.jpg,322,162,530,356,1393,282
00004105.jpg,322,161,530,355,1389,277
00004106.jpg,322,161,530,355,1389,276
