00007111.jpg,472,232,590,353,1462,350
00007112.jpg,472,232,590,353,1461,350
00007113.jpg,472,232,590,353,1465,350
00007114.jpg,472,232,590,353,1468,344
00007115.jpg,470,230,588,351,1468,344
00007116.jpg,468,228,586,349,1098,401
00007117.jpg,467,227,585,348,1098,400
00007118.jpg,465,225,583,346,1101,398
00007119.jpg,463,223,581,344,1100,398
00007120.jpg,461,221,579,342,1100,398
00007121.jpg,459,218,577,339,1100,398
00007122.jpg,458,215,576,336,1100,394
00007123.jpg,456,213,574,334,1102,394
00007124.jpg,454,210,572,331,1100,393
00007125.jpg,453,207,571,328,1100,389
00007126.jpg,450,204,568,325,1101,386
00007127.jpg,448,201,566,322,1101,385
00007128.jpg,446,198,564,319,1102,386
00007129.jpg,443,196,561,317,-1,-1
00007130.jpg,441,195,559,316,-1,-1
00007131.jpg,438,193,556,314,-1,-1
00007132.jpg,436,192,554,313,-1,-1
00007133.jpg,433,191,551,312,-1,-1
00007134.jpg,431,189,549,310,-1,-1
00007135.jpg,429,187,547,308,-1,-1
00007136.jpg,427,185,545,306,-1,-1
00007137.jpg,425,184,543,305,-1,-1
00007138.jpg,423,182,541,303,-1,-1
00007139.jpg,421,180,539,301,-1,-1
00007140.jpg,421,178,539,299,-1,-1
00007141.jpg,420,177,538,298,-1,-1
00007142.jpg,419,175,537,296,-1,-1
00007143.jpg,417,174,535,295,-1,-1
00007144.jpg,415,173,533,294,-1,-1
00007145.jpg,413,171,531,292,-1,-1
00007146.jpg,411,170,529,291,-1,-1
00007147.jpg,410,169,528,290,-1,-1
00007148.jpg,408,167,526,288,894,337
00007149.jpg,407,165,525,286,894,337
00007150.jpg,406,164,524,285,890,336
00007151.jpg,392,160,521,297,890,336
00007152.jpg,392,160,521,297,890,336
00007153.jpg,391,159,520,296,890,336
00007154.jpg,390,158,519,295,1118,368
00007155.jpg,390,157,519,294,1564,292
00007156.jpg,391,156,520,293,1566,293
00007157.jpg,391,156,520,293,1565,290
00007158.jpg,392,155,521,292,1566,290
00007159.jpg,392,155,521,292,1568,290
00007160.jpg,392,154,521,291,1572,288
00007161.jpg,392,153,521,290,1574,288
00007162.jpg,391,152,520,289,1578,285
00007163.jpg,391,151,520,288,1580,285
00007164.jpg,390,150,519,287,1582,285
00007165.jpg,390,149,519,286,1581,284
00007166.jpg,389,149,518,286,1581,284
00007167.jpg,378,147,527,303,1582,284
00007168.jpg,378,147,527,303,1585,284
00007169.jpg,377,147,526,303,1588,284
00007170.jpg,376,146,525,302,1588,284
00007171.jpg,376,145,525,301,1590,286
00007172.jpg,375,144,524,300,1590,284
00007173.jpg,374,143,523,299,1590,285
00007174.jpg,373,143,522,299,1594,286
00007175.jpg,372,142,521,298,1596,288
00007176.jpg,371,142,520,298,1593,284
00007177.jpg,370,141,519,297,1594,284
00007178.jpg,369,140,518,296,1596,284
00007179.jpg,368,139,517,295,1597,284
00007180.jpg,367,139,516,295,1596,284
00007181.jpg,366,138,515,294,1598,282
00007182.jpg,365,138,514,294,1600,280
00007183.jpg,364,137,513,293,1601,278
00007184.jpg,363,137,512,293,1605,277
00007185.jpg,362,137,511,293,1610,273
00007186.jpg,362,136,511,292,1610,269
00007187.jpg,361,136,510,292,1612,269
00007188.jpg,360,136,509,292,1618,266
00007189.jpg,359,136,508,292,1625,265
00007190.jpg,358,135,507,291,1630,262
00007191.jpg,357,135,506,291,1634,262
00007192.jpg,355,134,504,290,1638,262
00007193.jpg,354,134,503,290,1642,264
00007194.jpg,353,133,502,289,1644,264
00007195.jpg,352,133,501,289,1646,265
00007196.jpg,351,133,500,289,1649,265
00007197.jpg,350,132,499,288,1652,265
00007198.jpg,349,131,498,287,-1,-1
00007199.jpg,347,130,496,286,-1,-1
00007200.jpg,345,128,494,284,-1,-1
00007201.jpg,342,127,491,283,-1,-1
00007202.jpg,339,126,488,282,-1,-1
00007203.jpg,336,125,485,281,-1,-1
00007204.jpg,334,124,483,280,-1,-1
00007205.jpg,332,123,481,279,-1,-1
00007206.jpg,330,123,479,279,-1,-1
00007207.jpg,329,123,478,279,-1,-1
00007208.jpg,328,122,477,278,-1,-1
00007209.jpg,327,122,476,278,-1,-1
00007210.jpg,326,121,475,277,-1,-1
00007211.jpg,325,121,474,277,-1,-1
00007212.jpg,324,121,473,277,-1,-1
00007213.jpg,324,120,473,276,-1,-1
00007214.jpg,323,120,472,276,-1,-1
00007215.jpg,322,120,471,276,-1,-1
00007216.jpg,322,120,471,276,-1,-1
00007217.jpg,321,119,470,275,-1,-1
00007218.jpg,321,119,470,275,-1,-1
00007219.jpg,320,119,469,275,-1,-1
00007220.jpg,319,118,468,274,-1,-1
00007221.jpg,319,118,468,274,-1,-1
00007222.jpg,318,118,467,274,-1,-1
00007223.jpg,318,118,467,274,-1,-1
00007224.jpg,317,117,466,273,-1,-1
00007225.jpg,317,117,466,273,-1,-1
00007226.jpg,316,117,465,273,-1,-1
00007227.jpg,315,117,464,273,-1,-1
00007228.jpg,315,116,464,272,-1,-1
00007229.jpg,314,116,463,272,-1,-1
00007230.jpg,314,116,463,272,-1,-1
00007231.jpg,313,116,462,272,-1,-1
00007232.jpg,313,116,462,272,-1,-1
00007233.jpg,312,115,461,271,-1,-1
00007234.jpg,311,115,460,271,-1,-1
00007235.jpg,311,115,460,271,-1,-1
00007236.jpg,310,114,459,270,-1,-1
00007237.jpg,310,114,459,270,-1,-1
00007238.jpg,309,114,458,270,-1,-1
00007239.jpg,309,114,458,270,-1,-1
00007240.jpg,308,114,457,270,-1,-1
00007241.jpg,308,114,457,270,-1,-1
00007242.jpg,308,113,457,269,-1,-1
00007243.jpg,308,113,457,269,-1,-1
00007244.jpg,308,113,457,269,-1,-1
00007245.jpg,308,113,457,269,-1,-1
00007246.jpg,308,113,457,269,-1,-1
00007247.jpg,308,113,457,269,-1,-1
00007248.jpg,308,113,457,269,-1,-1
00007249.jpg,309,113,458,269,-1,-1
00007250.jpg,309,113,458,269,-1,-1
00007251.jpg,309,114,458,270,-1,-1
00007252.jpg,309,114,458,270,-1,-1
00007253.jpg,309,114,458,270,-1,-1
00007254.jpg,309,114,458,270,-1,-1
00007255.jpg,310,114,459,270,-1,-1
00007256.jpg,310,114,459,270,-1,-1
00007257.jpg,310,114,459,270,-1,-1
00007258.jpg,310,114,459,270,-1,-1
00007259.jpg,310,114,459,270,-1,-1
00007260.jpg,310,114,459,270,-1,-1
00007261.jpg,309,114,458,270,-1,-1
00007262.jpg,309,114,458,270,-1,-1
00007263.jpg,309,114,458,270,-1,-1
00007264.jpg,309,114,458,270,-1,-1
00007265.jpg,309,114,458,270,-1,-1
00007266.jpg,308,114,457,270,-1,-1
00007267.jpg,308,114,457,270,-1,-1
00007268.jpg,308,114,457,270,-1,-1
00007269.jpg,308,114,457,270,-1,-1
00007270.jpg,308,114,457,270,-1,-1
00007271.jpg,308,114,457,270,-1,-1
00007272.jpg,308,114,457,270,-1,-1
00007273.jpg,308,114,457,270,-1,-1
00007274.jpg,309,114,458,270,-1,-1
00007275.jpg,309,114,458,270,-1,-1
00007276.jpg,310,114,459,270,-1,-1
00007277.jpg,310,114,459,270,-1,-1
00007278.jpg,311,114,460,270,-1,-1
00007279.jpg,311,114,460,270,-1,-1
00007280.jpg,313,114,462,270,-1,-1
00007281.jpg,314,114,463,270,-1,-1
00007282.jpg,315,114,464,270,-1,-1
00007283.jpg,315,114,464,270,-1,-1
00007284.jpg,315,115,464,271,-1,-1
00007285.jpg,316,115,465,271,-1,-1
00007286.jpg,316,115,465,271,-1,-1
00007287.jpg,316,116,465,272,-1,-1
00007288.jpg,316,116,465,272,-1,-1
00007289.jpg,317,116,466,272,-1,-1
00007290.jpg,317,116,466,272,-1,-1
00007291.jpg,318,116,467,272,-1,-1
00007292.jpg,318,116,467,272,-1,-1
00007293.jpg,318,117,467,273,-1,-1
00007294.jpg,319,117,468,273,-1,-1
00007295.jpg,320,117,469,273,-1,-1
00007296.jpg,320,117,469,273,-1,-1
00007297.jpg,322,117,471,273,-1,-1
00007298.jpg,323,117,472,273,246,190
00007299.jpg,324,117,473,273,236,185
00007300.jpg,325,118,474,274,230,182
00007301.jpg,326,118,475,274,230,189
00007302.jpg,327,118,476,274,229,190
00007303.jpg,329,118,478,274,228,190
00007304.jpg,329,118,478,274,226,190
00007305.jpg,329,118,478,274,226,190
00007306.jpg,329,118,478,274,226,190
00007307.jpg,329,118,478,274,226,190
00007308.jpg,329,118,478,274,224,188
00007309.jpg,329,118,478,274,224,188
00007310.jpg,328,118,477,274,224,188
00007311.jpg,328,118,477,274,220,188
00007312.jpg,328,118,477,274,220,188
00007313.jpg,328,118,477,274,216,188
00007314.jpg,328,117,477,273,214,190
00007315.jpg,328,117,477,273,214,190
00007316.jpg,328,117,477,273,212,189
00007317.jpg,327,117,476,273,213,182
00007318.jpg,327,117,476,273,212,178
00007319.jpg,327,117,476,273,216,174
00007320.jpg,326,118,475,274,224,176
00007321.jpg,326,118,475,274,233,168
00007322.jpg,326,118,475,274,237,177
00007323.jpg,325,118,474,274,244,177
00007324.jpg,325,118,474,274,250,176
00007325.jpg,325,118,474,274,252,176
00007326.jpg,325,118,474,274,256,177
00007327.jpg,325,118,474,274,256,177
00007328.jpg,325,118,474,274,256,178
00007329.jpg,325,118,474,274,253,178
00007330.jpg,325,118,474,274,244,184
00007331.jpg,325,118,474,274,236,189
00007332.jpg,325,118,474,274,225,189
00007333.jpg,325,119,474,275,213,196
00007334.jpg,325,119,474,275,209,196
00007335.jpg,325,119,474,275,201,196
00007336.jpg,325,119,474,275,201,201
00007337.jpg,325,119,474,275,204,204
00007338.jpg,325,119,474,275,201,205
00007339.jpg,325,119,474,275,201,204
00007340.jpg,325,119,474,275,200,206
00007341.jpg,325,119,474,275,198,209
00007342.jpg,324,119,473,275,200,209
00007343.jpg,324,119,473,275,197,209
00007344.jpg,324,118,473,274,197,210
00007345.jpg,324,118,473,274,197,210
00007346.jpg,324,118,473,274,198,210
00007347.jpg,324,118,473,274,193,210
00007348.jpg,324,118,473,274,-1,-1
00007349.jpg,325,118,474,274,-1,-1
00007350.jpg,325,118,474,274,-1,-1
00007351.jpg,325,118,474,274,-1,-1
00007352.jpg,325,118,474,274,-1,-1
00007353.jpg,325,118,474,274,-1,-1
00007354.jpg,325,118,474,274,-1,-1
00007355.jpg,325,118,474,274,-1,-1
00007356.jpg,325,118,474,274,-1,-1
00007357.jpg,325,118,474,274,-1,-1
00007358.jpg,325,118,474,274,-1,-1
00007359.jpg,325,118,474,274,-1,-1
00007360.jpg,326,118,475,274,-1,-1
00007361.jpg,326,118,475,274,208,200
00007362.jpg,326,118,475,274,-1,-1
00007363.jpg,326,118,475,274,-1,-1
00007364.jpg,326,118,475,274,-1,-1
00007365.jpg,326,118,475,274,-1,-1
00007366.jpg,326,118,475,274,-1,-1
00007367.jpg,327,118,476,274,-1,-1
00007368.jpg,327,118,476,274,-1,-1
00007369.jpg,327,118,476,274,-1,-1
00007370.jpg,328,118,477,274,-1,-1
00007371.jpg,328,118,477,274,-1,-1
00007372.jpg,329,118,478,274,-1,-1
00007373.jpg,329,118,478,274,-1,-1
