00001138.jpg,223,38,640,435,1162,245
00001139.jpg,223,38,640,435,1129,240
00001140.jpg,187,32,617,447,1105,233
00001141.jpg,187,32,617,447,1088,226
00001142.jpg,187,32,617,447,1088,226
00001143.jpg,184,37,614,452,1070,221
00001144.jpg,181,50,611,465,1048,221
00001145.jpg,184,65,614,480,1028,218
00001146.jpg,190,76,620,491,1013,218
00001147.jpg,190,76,620,491,1012,218
00001148.jpg,197,82,627,497,996,222
00001149.jpg,205,81,635,496,980,226
00001150.jpg,214,80,644,495,964,233
00001151.jpg,226,76,656,491,945,240
00001152.jpg,225,76,655,491,945,240
00001153.jpg,233,72,663,487,924,241
00001154.jpg,238,71,668,486,900,240
00001155.jpg,241,69,671,484,874,237
00001156.jpg,238,72,668,487,845,234
00001157.jpg,238,72,668,487,845,234
00001158.jpg,235,76,665,491,822,233
00001159.jpg,231,76,661,491,812,230
00001160.jpg,230,77,660,492,804,228
00001161.jpg,231,79,661,494,800,226
00001162.jpg,231,79,661,494,801,226
00001163.jpg,232,81,662,496,805,229
00001164.jpg,230,78,660,493,806,229
00001165.jpg,223,71,653,486,804,228
00001166.jpg,214,63,644,478,800,228
00001167.jpg,214,63,644,478,801,224
00001168.jpg,195,59,625,474,789,221
00001169.jpg,169,56,599,471,897,714
00001170.jpg,138,59,568,474,868,724
00001171.jpg,82,38,517,482,-1,-1
00001172.jpg,82,38,517,482,-1,-1
00001173.jpg,46,38,481,482,-1,-1
00001174.jpg,3,34,438,478,-1,-1
00001175.jpg,4,35,399,491,-1,-1
00001176.jpg,4,35,399,491,-1,-1
00001177.jpg,4,35,399,491,-1,-1
00001178.jpg,2,31,354,519,-1,-1
00001179.jpg,2,36,313,506,-1,-1
00001180.jpg,2,36,313,506,-1,-1
00001181.jpg,3,44,272,530,-1,-1
00001182.jpg,3,44,272,530,-1,-1
00001183.jpg,0,46,269,532,-1,-1
00001184.jpg,2,64,262,540,-1,-1
00001185.jpg,2,64,262,540,-1,-1
00001186.jpg,3,83,245,529,-1,-1
00001187.jpg,2,73,251,496,-1,-1
00001188.jpg,2,73,251,496,-1,-1
00001189.jpg,3,64,314,523,-1,-1
00001190.jpg,3,64,314,523,-1,-1
00001191.jpg,2,59,375,531,-1,-1
00001192.jpg,2,59,375,531,-1,-1
00001193.jpg,24,75,420,526,1001,198
00001194.jpg,63,77,489,536,1021,194
00001195.jpg,109,68,501,515,1073,194
00001196.jpg,109,68,501,515,1113,196
00001197.jpg,109,68,501,515,1113,196
00001198.jpg,134,72,526,519,1141,192
00001199.jpg,134,72,526,519,1142,193
