00001138.jpg,1075,9,1556,498,-1,-1
00001139.jpg,1059,8,1533,514,-1,-1
00001140.jpg,1044,9,1516,510,-1,-1
00001141.jpg,1024,7,1503,508,418,193
00001142.jpg,1024,7,1503,508,417,193
00001143.jpg,1009,2,1488,503,413,192
00001144.jpg,991,2,1470,503,410,202
00001145.jpg,957,3,1463,514,412,210
00001146.jpg,934,1,1435,543,414,221
00001147.jpg,934,1,1435,543,414,221
00001148.jpg,920,0,1421,542,426,224
00001149.jpg,894,3,1395,545,433,226
00001150.jpg,876,11,1377,553,445,228
00001151.jpg,858,18,1359,560,454,224
00001152.jpg,863,2,1385,553,454,224
00001153.jpg,843,5,1373,556,462,222
00001154.jpg,809,4,1340,549,466,221
00001155.jpg,809,4,1340,549,469,221
00001156.jpg,790,3,1321,548,469,221
00001157.jpg,765,6,1282,567,466,222
00001158.jpg,765,6,1282,567,465,228
00001159.jpg,747,2,1264,563,462,229
00001160.jpg,734,1,1251,562,462,229
00001161.jpg,727,2,1244,563,462,232
00001162.jpg,727,2,1244,563,461,233
00001163.jpg,722,8,1239,569,460,233
00001164.jpg,718,12,1235,573,458,233
00001165.jpg,729,6,1277,555,452,229
00001166.jpg,729,6,1277,555,437,221
00001167.jpg,729,6,1277,555,437,221
00001168.jpg,713,4,1261,553,417,213
00001169.jpg,694,7,1242,556,392,205
00001170.jpg,668,5,1209,533,361,202
00001171.jpg,668,5,1209,533,329,209
00001172.jpg,668,5,1209,533,329,209
00001173.jpg,643,6,1184,534,284,216
00001174.jpg,614,1,1155,529,238,217
00001175.jpg,584,1,1125,529,185,218
00001176.jpg,563,3,1104,531,140,229
00001177.jpg,563,3,1104,531,142,230
00001178.jpg,570,18,1096,522,109,229
00001179.jpg,532,10,1073,538,80,222
00001180.jpg,523,15,1064,543,49,218
00001181.jpg,523,17,1064,545,37,220
00001182.jpg,523,17,1064,545,37,220
00001183.jpg,533,14,1074,542,21,220
00001184.jpg,548,11,1089,539,12,221
00001185.jpg,572,7,1113,535,12,218
00001186.jpg,608,7,1149,535,12,218
00001187.jpg,608,7,1149,535,12,218
00001188.jpg,652,6,1193,534,36,206
00001189.jpg,698,0,1239,528,65,198
00001190.jpg,747,0,1288,528,108,196
00001191.jpg,795,0,1336,528,165,198
00001192.jpg,795,0,1336,528,165,198
00001193.jpg,841,6,1382,534,213,198
00001194.jpg,884,11,1425,539,273,202
00001195.jpg,921,15,1462,543,328,198
00001196.jpg,948,17,1489,545,365,198
00001197.jpg,948,17,1489,545,365,198
00001198.jpg,968,24,1509,552,392,198
00001199.jpg,968,24,1509,552,416,201
