00000749.jpg,1435,275,1622,463,400,289
00000750.jpg,1435,275,1622,463,400,289
00000751.jpg,1435,275,1622,463,400,289
00000752.jpg,1435,275,1622,463,400,289
00000753.jpg,1435,275,1622,463,400,289
00000754.jpg,1435,275,1622,463,400,289
00000755.jpg,1436,275,1623,463,400,289
00000756.jpg,1436,275,1623,463,400,289
00000757.jpg,1436,275,1623,463,400,289
00000758.jpg,1435,275,1622,463,400,289
00000759.jpg,1435,275,1622,463,385,520
00000760.jpg,1434,275,1621,463,525,784
00000761.jpg,1434,275,1621,463,529,785
00000762.jpg,1434,275,1621,463,525,785
00000763.jpg,1433,275,1620,463,526,785
00000764.jpg,1433,276,1620,464,525,785
00000765.jpg,1432,276,1619,464,525,786
00000766.jpg,1432,276,1619,464,525,786
00000767.jpg,1431,276,1618,464,525,786
00000768.jpg,1431,276,1618,464,525,786
00000769.jpg,1430,277,1617,465,525,786
00000770.jpg,1430,278,1617,466,525,786
00000771.jpg,1430,278,1617,466,525,786
00000772.jpg,1430,278,1617,466,525,786
00000773.jpg,1430,279,1617,467,525,786
00000774.jpg,1431,279,1618,467,525,786
00000775.jpg,1431,279,1618,467,526,786
00000776.jpg,1432,279,1619,467,526,786
00000777.jpg,1432,278,1619,466,469,701
00000778.jpg,1433,278,1620,466,446,646
00000779.jpg,1434,277,1621,465,446,646
00000780.jpg,1435,276,1622,464,446,646
00000781.jpg,1435,276,1622,464,446,646
00000782.jpg,1435,275,1622,463,446,646
00000783.jpg,1436,274,1623,462,446,646
00000784.jpg,1437,273,1624,461,446,646
00000785.jpg,1438,272,1625,460,446,646
00000786.jpg,1438,272,1625,460,446,646
00000787.jpg,1439,271,1626,459,446,646
00000788.jpg,1439,269,1626,457,446,646
00000789.jpg,1440,269,1627,457,446,646
00000790.jpg,1440,268,1627,456,446,646
00000791.jpg,1440,268,1627,456,446,646
00000792.jpg,1440,267,1627,455,446,646
00000793.jpg,1441,267,1628,455,446,646
00000794.jpg,1441,267,1628,455,446,646
00000795.jpg,1441,267,1628,455,446,646
00000796.jpg,1441,267,1628,455,446,646
00000797.jpg,1441,267,1628,455,446,646
00000798.jpg,1441,267,1628,455,446,645
00000799.jpg,1441,267,1628,455,449,645
00000800.jpg,1440,267,1627,455,446,646
00000801.jpg,1440,267,1627,455,450,645
00000802.jpg,1439,267,1626,455,452,644
00000803.jpg,1439,267,1626,455,449,641
00000804.jpg,1438,268,1625,456,449,640
00000805.jpg,1437,268,1624,456,450,638
00000806.jpg,1437,268,1624,456,450,636
00000807.jpg,1437,268,1624,456,449,636
00000808.jpg,1436,267,1623,455,449,633
00000809.jpg,1435,267,1622,455,452,633
00000810.jpg,1435,267,1622,455,453,633
