00000749.jpg,183,149,447,398,-1,-1
00000750.jpg,183,149,447,398,-1,-1
00000751.jpg,183,149,447,398,-1,-1
00000752.jpg,183,149,447,398,-1,-1
00000753.jpg,183,149,447,398,-1,-1
00000754.jpg,183,149,447,398,-1,-1
00000755.jpg,184,149,448,398,-1,-1
00000756.jpg,184,150,448,399,-1,-1
00000757.jpg,184,150,448,399,-1,-1
00000758.jpg,184,150,448,399,-1,-1
00000759.jpg,183,149,447,398,-1,-1
00000760.jpg,183,150,447,399,-1,-1
00000761.jpg,183,150,447,399,642,628
00000762.jpg,182,150,446,399,645,628
00000763.jpg,182,151,446,400,638,630
00000764.jpg,181,152,445,401,630,633
00000765.jpg,180,152,444,401,624,630
00000766.jpg,180,152,444,401,624,629
00000767.jpg,180,153,444,402,616,625
00000768.jpg,179,153,443,402,612,625
00000769.jpg,179,153,443,402,601,618
00000770.jpg,179,153,443,402,585,617
00000771.jpg,179,153,443,402,585,614
00000772.jpg,179,153,443,402,570,608
00000773.jpg,179,153,443,402,562,597
00000774.jpg,180,154,444,403,545,578
00000775.jpg,180,154,444,403,533,558
00000776.jpg,180,154,444,403,533,558
00000777.jpg,181,154,445,403,529,552
00000778.jpg,181,153,445,402,518,540
00000779.jpg,182,153,446,402,506,541
00000780.jpg,182,152,446,401,506,541
00000781.jpg,182,152,446,401,504,544
00000782.jpg,183,152,447,401,502,553
00000783.jpg,184,152,448,401,501,561
00000784.jpg,185,152,449,401,500,577
00000785.jpg,186,153,450,402,502,584
00000786.jpg,200,163,462,419,502,588
00000787.jpg,200,163,462,419,501,600
00000788.jpg,200,162,462,418,498,616
00000789.jpg,200,162,462,418,489,626
00000790.jpg,201,161,463,417,484,626
00000791.jpg,201,161,463,417,484,628
00000792.jpg,201,161,463,417,485,626
00000793.jpg,213,167,474,418,486,625
00000794.jpg,213,167,474,418,482,625
00000795.jpg,213,168,474,419,482,622
00000796.jpg,213,168,474,419,482,621
00000797.jpg,213,168,474,419,482,610
00000798.jpg,213,168,474,419,474,602
00000799.jpg,226,180,494,440,470,592
00000800.jpg,226,180,494,440,465,581
00000801.jpg,226,180,494,440,464,578
00000802.jpg,226,181,494,441,462,572
00000803.jpg,226,181,494,441,456,558
00000804.jpg,225,181,493,441,454,554
00000805.jpg,224,182,492,442,452,554
00000806.jpg,224,182,492,442,457,552
00000807.jpg,224,182,492,442,452,561
00000808.jpg,223,182,491,442,453,569
00000809.jpg,222,182,490,442,458,586
00000810.jpg,222,182,490,442,464,601
