00008213.jpg,844,4,1095,253,-1,-1
00008214.jpg,844,4,1095,253,-1,-1
00008215.jpg,844,4,1095,253,-1,-1
00008216.jpg,844,4,1095,253,-1,-1
00008217.jpg,846,4,1097,253,-1,-1
00008218.jpg,849,4,1100,253,-1,-1
00008219.jpg,852,3,1103,252,-1,-1
00008220.jpg,855,3,1106,252,-1,-1
00008221.jpg,858,4,1109,253,-1,-1
00008222.jpg,860,5,1111,254,-1,-1
00008223.jpg,861,8,1112,257,-1,-1
00008224.jpg,862,12,1113,261,-1,-1
00008225.jpg,863,14,1114,263,-1,-1
00008226.jpg,864,14,1115,263,-1,-1
00008227.jpg,867,14,1118,263,-1,-1
00008228.jpg,869,14,1120,263,-1,-1
00008229.jpg,871,15,1122,264,-1,-1
00008230.jpg,873,15,1124,264,-1,-1
00008231.jpg,876,15,1127,264,-1,-1
00008232.jpg,878,14,1129,263,-1,-1
00008233.jpg,880,13,1131,262,-1,-1
00008234.jpg,882,12,1133,261,-1,-1
00008235.jpg,883,12,1134,261,-1,-1
00008236.jpg,884,11,1135,260,-1,-1
00008237.jpg,884,10,1135,259,-1,-1
00008238.jpg,885,9,1136,258,-1,-1
00008239.jpg,886,7,1137,256,-1,-1
00008240.jpg,888,5,1139,254,-1,-1
00008241.jpg,890,4,1141,253,-1,-1
00008242.jpg,891,3,1142,252,-1,-1
00008243.jpg,892,2,1143,251,-1,-1
00008244.jpg,892,2,1143,251,-1,-1
00008245.jpg,891,1,1142,250,-1,-1
00008246.jpg,889,1,1140,250,-1,-1
00008247.jpg,886,1,1137,250,-1,-1
00008248.jpg,883,2,1134,251,-1,-1
00008249.jpg,879,2,1130,251,-1,-1
00008250.jpg,875,3,1126,252,-1,-1
00008251.jpg,871,4,1122,253,-1,-1
00008252.jpg,866,5,1117,254,-1,-1
00008253.jpg,861,6,1112,255,-1,-1
00008254.jpg,855,7,1106,256,-1,-1
00008255.jpg,849,9,1100,258,-1,-1
00008256.jpg,844,10,1095,259,-1,-1
00008257.jpg,839,11,1090,260,-1,-1
00008258.jpg,834,13,1085,262,-1,-1
00008259.jpg,828,15,1079,264,-1,-1
00008260.jpg,821,17,1072,266,-1,-1
00008261.jpg,816,19,1067,268,-1,-1
00008262.jpg,811,21,1062,270,-1,-1
00008263.jpg,807,23,1058,272,-1,-1
00008264.jpg,803,25,1054,274,-1,-1
00008265.jpg,801,26,1052,275,-1,-1
00008266.jpg,799,27,1050,276,-1,-1
00008267.jpg,798,26,1049,275,-1,-1
00008268.jpg,797,26,1048,275,-1,-1
00008269.jpg,796,26,1047,275,-1,-1
00008270.jpg,797,24,1048,273,-1,-1
00008271.jpg,797,24,1048,273,-1,-1
00008272.jpg,797,23,1048,272,-1,-1
00008273.jpg,798,22,1049,271,-1,-1
00008274.jpg,798,22,1049,271,-1,-1
00008275.jpg,800,21,1051,270,-1,-1
00008276.jpg,801,21,1052,270,-1,-1
00008277.jpg,803,20,1054,269,-1,-1
00008278.jpg,805,20,1056,269,-1,-1
00008279.jpg,807,21,1058,270,-1,-1
00008280.jpg,810,21,1061,270,-1,-1
00008281.jpg,812,22,1063,271,-1,-1
00008282.jpg,816,22,1067,271,-1,-1
00008283.jpg,819,23,1070,272,-1,-1
00008284.jpg,823,23,1074,272,-1,-1
00008285.jpg,825,24,1076,273,-1,-1
00008286.jpg,828,25,1079,274,-1,-1
00008287.jpg,831,26,1082,275,-1,-1
00008288.jpg,833,27,1084,276,-1,-1
00008289.jpg,836,28,1087,277,-1,-1
00008290.jpg,839,29,1090,278,-1,-1
00008291.jpg,842,30,1093,279,-1,-1
00008292.jpg,843,32,1094,281,-1,-1
00008293.jpg,843,34,1094,283,-1,-1
00008294.jpg,840,36,1091,285,-1,-1
00008295.jpg,833,40,1084,289,-1,-1
00008296.jpg,833,40,1084,289,-1,-1
