00002337.jpg,944,268,1121,446,1630,264
00002338.jpg,944,268,1121,446,1627,264
00002339.jpg,944,268,1121,446,1624,265
00002340.jpg,944,268,1121,446,1622,265
00002341.jpg,944,268,1121,446,1621,265
00002342.jpg,944,268,1121,446,1620,265
00002343.jpg,944,268,1121,446,1620,264
00002344.jpg,944,268,1121,446,1619,263
00002345.jpg,945,268,1122,446,1618,264
00002346.jpg,945,268,1122,446,1616,268
00002347.jpg,944,268,1121,446,1615,266
00002348.jpg,944,268,1121,446,1611,271
00002349.jpg,944,268,1121,446,1611,271
00002350.jpg,944,267,1121,445,1611,271
00002351.jpg,949,268,1126,446,1611,270
00002352.jpg,949,268,1126,446,1610,270
00002353.jpg,950,268,1127,446,1610,270
00002354.jpg,950,268,1127,446,1610,270
00002355.jpg,950,268,1127,446,1610,270
00002356.jpg,950,268,1127,446,1603,268
00002357.jpg,950,267,1127,445,1601,268
00002358.jpg,950,267,1127,445,1601,268
00002359.jpg,950,267,1127,445,1601,268
00002360.jpg,951,267,1128,445,1588,273
00002361.jpg,951,267,1128,445,-1,-1
00002362.jpg,951,267,1128,445,-1,-1
00002363.jpg,944,268,1121,446,-1,-1
00002364.jpg,944,268,1121,446,-1,-1
00002365.jpg,944,268,1121,446,-1,-1
00002366.jpg,961,270,1130,444,-1,-1
00002367.jpg,961,270,1130,444,-1,-1
00002368.jpg,961,270,1130,444,-1,-1
00002369.jpg,972,266,1143,444,-1,-1
00002370.jpg,972,266,1143,444,-1,-1
00002371.jpg,972,266,1143,444,-1,-1
00002372.jpg,972,266,1143,444,-1,-1
00002373.jpg,972,266,1143,444,-1,-1
00002374.jpg,982,261,1157,445,-1,-1
00002375.jpg,982,261,1157,445,-1,-1
00002376.jpg,982,261,1157,445,-1,-1
00002377.jpg,982,261,1157,445,-1,-1
00002378.jpg,982,261,1157,445,-1,-1
00002379.jpg,982,261,1157,445,-1,-1
00002380.jpg,982,261,1157,445,-1,-1
00002381.jpg,982,261,1157,445,-1,-1
00002382.jpg,982,261,1157,445,-1,-1
00002383.jpg,982,261,1157,445,-1,-1
00002384.jpg,982,261,1157,445,-1,-1
00002385.jpg,982,261,1157,445,-1,-1
00002386.jpg,982,261,1157,445,-1,-1
00002387.jpg,982,261,1157,445,-1,-1
00002388.jpg,982,261,1157,445,-1,-1
00002389.jpg,982,260,1157,444,-1,-1
00002390.jpg,982,260,1157,444,-1,-1
00002391.jpg,982,260,1157,444,-1,-1
00002392.jpg,982,260,1157,444,-1,-1
00002393.jpg,982,259,1157,443,-1,-1
00002394.jpg,982,259,1157,443,-1,-1
00002395.jpg,982,259,1157,443,-1,-1
00002396.jpg,982,259,1157,443,-1,-1
00002397.jpg,982,258,1157,442,-1,-1
00002398.jpg,982,258,1157,442,-1,-1
00002399.jpg,975,258,1150,442,-1,-1
00002400.jpg,971,258,1138,429,-1,-1
00002401.jpg,971,258,1138,429,-1,-1
00002402.jpg,971,258,1138,429,-1,-1
00002403.jpg,971,258,1138,429,-1,-1
00002404.jpg,971,258,1138,429,-1,-1
00002405.jpg,971,258,1138,429,-1,-1
00002406.jpg,971,258,1138,429,-1,-1
00002407.jpg,965,257,1137,425,-1,-1
00002408.jpg,965,257,1137,425,-1,-1
00002409.jpg,965,257,1137,425,-1,-1
00002410.jpg,965,257,1137,425,-1,-1
00002411.jpg,965,257,1137,425,-1,-1
00002412.jpg,965,257,1137,425,-1,-1
00002413.jpg,965,257,1137,425,-1,-1
00002414.jpg,965,257,1137,425,-1,-1
00002415.jpg,965,257,1137,425,-1,-1
00002416.jpg,966,257,1138,425,-1,-1
00002417.jpg,973,257,1145,425,-1,-1
00002418.jpg,984,249,1144,422,-1,-1
00002419.jpg,984,249,1144,422,-1,-1
00002420.jpg,984,249,1144,422,-1,-1
00002421.jpg,984,249,1144,422,-1,-1
00002422.jpg,984,249,1144,422,-1,-1
00002423.jpg,984,249,1144,422,-1,-1
00002424.jpg,984,249,1144,422,-1,-1
00002425.jpg,993,249,1143,413,-1,-1
00002426.jpg,993,249,1143,413,-1,-1
00002427.jpg,993,249,1143,413,-1,-1
00002428.jpg,993,249,1143,413,1748,374
00002429.jpg,1002,258,1161,428,1681,301
00002430.jpg,1002,258,1161,428,1636,271
00002431.jpg,1002,258,1161,428,1641,273
00002432.jpg,1002,259,1161,429,1641,273
00002433.jpg,1004,267,1164,437,1641,274
00002434.jpg,1004,267,1164,437,1637,275
00002435.jpg,1004,267,1164,437,1636,275
00002436.jpg,1003,267,1163,437,1633,278
00002437.jpg,1003,267,1163,437,1633,279
00002438.jpg,1003,267,1163,437,1633,280
00002439.jpg,999,268,1159,438,1633,281
00002440.jpg,999,268,1159,438,1631,284
00002441.jpg,993,267,1153,437,1631,284
00002442.jpg,993,267,1153,437,1630,284
00002443.jpg,993,267,1153,437,1630,284
00002444.jpg,993,267,1153,437,1626,284
00002445.jpg,1004,267,1164,437,1623,284
00002446.jpg,1004,267,1164,437,1622,284
00002447.jpg,1004,267,1164,437,1621,284
00002448.jpg,1004,267,1164,437,1618,283
00002449.jpg,1004,267,1164,437,1616,283
00002450.jpg,1004,267,1164,437,1613,283
00002451.jpg,1004,267,1164,437,1612,283
00002452.jpg,1004,267,1164,437,1610,283
00002453.jpg,1004,267,1164,437,1606,284
00002454.jpg,1004,267,1164,437,1600,286
00002455.jpg,1004,267,1164,437,1597,288
00002456.jpg,1004,267,1164,437,1595,289
00002457.jpg,1004,267,1164,437,1590,294
00002458.jpg,1004,267,1164,437,1586,295
00002459.jpg,1004,267,1164,437,1581,298
00002460.jpg,1004,267,1164,437,1580,298
00002461.jpg,1004,267,1164,437,1577,298
00002462.jpg,1004,267,1164,437,1575,298
00002463.jpg,990,267,1150,437,1575,298
00002464.jpg,990,267,1150,437,1573,298
00002465.jpg,989,267,1149,437,1572,298
00002466.jpg,989,267,1149,437,1571,298
00002467.jpg,988,267,1148,437,1573,299
00002468.jpg,988,267,1148,437,1567,299
00002469.jpg,984,264,1144,434,1567,299
00002470.jpg,984,264,1144,434,1567,299
00002471.jpg,983,264,1143,434,1567,299
00002472.jpg,983,264,1143,434,1567,299
00002473.jpg,983,264,1143,434,1566,299
00002474.jpg,983,264,1143,434,1566,299
00002475.jpg,983,264,1143,434,1566,299
00002476.jpg,983,264,1143,434,1566,298
00002477.jpg,983,264,1143,434,1566,298
00002478.jpg,983,264,1143,434,1566,298
00002479.jpg,983,264,1143,434,1568,298
00002480.jpg,983,264,1143,434,1568,298
00002481.jpg,983,264,1143,434,1573,296
00002482.jpg,983,264,1143,434,1578,294
00002483.jpg,983,264,1143,434,1583,293
00002484.jpg,983,264,1143,434,1591,293
00002485.jpg,983,264,1143,434,1596,291
00002486.jpg,983,264,1143,434,1600,291
00002487.jpg,983,264,1143,434,1606,293
00002488.jpg,983,264,1143,434,1612,293
00002489.jpg,983,264,1143,434,1616,289
00002490.jpg,983,264,1143,434,1618,289
00002491.jpg,983,264,1143,434,1618,286
00002492.jpg,983,264,1143,434,1622,285
00002493.jpg,983,264,1143,434,1622,281
00002494.jpg,983,264,1143,434,1626,281
00002495.jpg,983,264,1143,434,1626,281
00002496.jpg,983,264,1143,434,1628,283
00002497.jpg,983,264,1143,434,1631,283
00002498.jpg,983,264,1143,434,1631,283
00002499.jpg,983,264,1143,434,1631,283
00002500.jpg,983,264,1143,434,1631,281
00002501.jpg,983,264,1143,434,1630,276
00002502.jpg,983,264,1143,434,-1,-1
00002503.jpg,980,262,1140,432,-1,-1
00002504.jpg,980,261,1140,431,-1,-1
00002505.jpg,980,260,1140,430,-1,-1
00002506.jpg,989,262,1145,427,-1,-1
00002507.jpg,989,262,1145,427,-1,-1
00002508.jpg,989,262,1145,427,-1,-1
00002509.jpg,989,262,1145,427,-1,-1
00002510.jpg,984,261,1140,418,-1,-1
00002511.jpg,984,261,1140,418,-1,-1
00002512.jpg,984,261,1140,418,-1,-1
00002513.jpg,984,261,1140,418,-1,-1
00002514.jpg,984,261,1140,418,-1,-1
00002515.jpg,984,261,1140,418,-1,-1
00002516.jpg,984,261,1140,418,-1,-1
00002517.jpg,984,261,1140,418,-1,-1
00002518.jpg,984,261,1140,418,-1,-1
00002519.jpg,984,261,1140,418,-1,-1
00002520.jpg,977,251,1133,408,-1,-1
00002521.jpg,976,240,1132,406,-1,-1
00002522.jpg,976,240,1132,406,-1,-1
00002523.jpg,976,240,1132,406,-1,-1
00002524.jpg,976,240,1132,406,-1,-1
00002525.jpg,976,240,1132,406,-1,-1
00002526.jpg,976,240,1132,406,-1,-1
00002527.jpg,976,240,1132,406,-1,-1
00002528.jpg,976,240,1132,406,-1,-1
00002529.jpg,976,240,1132,406,-1,-1
00002530.jpg,976,240,1132,406,-1,-1
00002531.jpg,976,240,1132,406,-1,-1
00002532.jpg,976,240,1132,406,-1,-1
00002533.jpg,976,240,1132,406,-1,-1
00002534.jpg,976,240,1132,406,-1,-1
00002535.jpg,976,240,1132,406,-1,-1
00002536.jpg,977,240,1133,406,-1,-1
00002537.jpg,977,240,1133,406,-1,-1
00002538.jpg,977,240,1133,406,-1,-1
00002539.jpg,977,240,1133,406,-1,-1
00002540.jpg,977,240,1133,406,-1,-1
00002541.jpg,977,240,1133,406,-1,-1
00002542.jpg,977,240,1133,406,-1,-1
00002543.jpg,977,240,1133,406,-1,-1
00002544.jpg,977,240,1133,406,-1,-1
00002545.jpg,977,240,1133,406,-1,-1
00002546.jpg,977,240,1133,406,-1,-1
00002547.jpg,977,240,1133,406,-1,-1
00002548.jpg,977,240,1133,406,-1,-1
