00002337.jpg,216,294,391,470,-1,-1
00002338.jpg,216,294,391,470,-1,-1
00002339.jpg,216,294,391,470,-1,-1
00002340.jpg,216,294,391,470,-1,-1
00002341.jpg,216,294,391,470,-1,-1
00002342.jpg,216,294,391,470,-1,-1
00002343.jpg,216,295,391,471,-1,-1
00002344.jpg,216,295,391,471,-1,-1
00002345.jpg,216,295,391,471,-1,-1
00002346.jpg,216,295,391,471,-1,-1
00002347.jpg,216,295,391,471,-1,-1
00002348.jpg,216,295,391,471,-1,-1
00002349.jpg,216,295,391,471,-1,-1
00002350.jpg,216,294,391,470,-1,-1
00002351.jpg,216,294,391,470,-1,-1
00002352.jpg,216,295,391,471,-1,-1
00002353.jpg,216,295,391,471,-1,-1
00002354.jpg,215,295,390,471,-1,-1
00002355.jpg,214,295,389,471,-1,-1
00002356.jpg,213,295,388,471,-1,-1
00002357.jpg,213,295,388,471,-1,-1
00002358.jpg,213,295,388,471,-1,-1
00002359.jpg,213,295,388,471,-1,-1
00002360.jpg,213,295,388,471,-1,-1
00002361.jpg,212,295,387,471,-1,-1
00002362.jpg,212,295,387,471,-1,-1
00002363.jpg,212,295,387,471,-1,-1
00002364.jpg,213,295,388,471,-1,-1
00002365.jpg,213,294,388,470,-1,-1
00002366.jpg,213,294,388,470,-1,-1
00002367.jpg,213,294,388,470,-1,-1
00002368.jpg,213,294,388,470,-1,-1
00002369.jpg,213,294,388,470,-1,-1
00002370.jpg,213,294,388,470,-1,-1
00002371.jpg,212,294,387,470,-1,-1
00002372.jpg,213,294,388,470,-1,-1
00002373.jpg,213,294,388,470,-1,-1
00002374.jpg,213,294,388,470,-1,-1
00002375.jpg,214,294,389,470,-1,-1
00002376.jpg,214,294,389,470,-1,-1
00002377.jpg,214,294,389,470,-1,-1
00002378.jpg,214,294,389,470,-1,-1
00002379.jpg,216,295,391,471,-1,-1
00002380.jpg,216,295,391,471,-1,-1
00002381.jpg,217,295,392,471,-1,-1
00002382.jpg,217,294,392,470,-1,-1
00002383.jpg,218,295,393,471,-1,-1
00002384.jpg,218,294,393,470,-1,-1
00002385.jpg,219,294,394,470,-1,-1
00002386.jpg,219,294,394,470,-1,-1
00002387.jpg,219,293,394,469,-1,-1
00002388.jpg,220,293,395,469,-1,-1
00002389.jpg,220,293,395,469,-1,-1
00002390.jpg,221,293,396,469,-1,-1
00002391.jpg,221,293,396,469,-1,-1
00002392.jpg,221,293,396,469,-1,-1
00002393.jpg,221,293,396,469,-1,-1
00002394.jpg,221,293,396,469,-1,-1
00002395.jpg,221,293,396,469,-1,-1
00002396.jpg,221,292,396,468,-1,-1
00002397.jpg,221,291,396,467,-1,-1
00002398.jpg,222,291,397,467,-1,-1
00002399.jpg,222,290,397,466,-1,-1
00002400.jpg,222,290,397,466,-1,-1
00002401.jpg,222,289,397,465,-1,-1
00002402.jpg,222,289,397,465,-1,-1
00002403.jpg,221,289,396,465,-1,-1
00002404.jpg,221,289,396,465,-1,-1
00002405.jpg,221,290,396,466,-1,-1
00002406.jpg,221,289,396,465,-1,-1
00002407.jpg,221,289,396,465,-1,-1
00002408.jpg,221,289,396,465,-1,-1
00002409.jpg,221,289,396,465,-1,-1
00002410.jpg,220,289,395,465,-1,-1
00002411.jpg,225,290,385,463,-1,-1
00002412.jpg,225,290,385,463,-1,-1
00002413.jpg,225,291,385,464,-1,-1
00002414.jpg,225,291,385,464,-1,-1
00002415.jpg,234,293,394,466,-1,-1
00002416.jpg,234,292,394,465,-1,-1
00002417.jpg,237,293,397,466,-1,-1
00002418.jpg,238,292,398,465,-1,-1
00002419.jpg,239,293,399,466,-1,-1
00002420.jpg,241,294,401,467,-1,-1
00002421.jpg,242,295,402,468,-1,-1
00002422.jpg,242,296,402,469,-1,-1
00002423.jpg,243,296,403,469,-1,-1
00002424.jpg,245,295,405,468,-1,-1
00002425.jpg,245,295,405,468,-1,-1
00002426.jpg,246,294,406,467,-1,-1
00002427.jpg,246,293,406,466,-1,-1
00002428.jpg,247,293,407,466,-1,-1
00002429.jpg,247,293,407,466,1637,269
00002430.jpg,246,294,406,467,1636,270
00002431.jpg,245,294,405,467,1636,271
00002432.jpg,244,295,404,468,1636,271
00002433.jpg,243,295,403,468,1636,273
00002434.jpg,243,295,403,468,1636,274
00002435.jpg,243,295,403,468,1636,274
00002436.jpg,244,295,404,468,1636,274
00002437.jpg,247,296,407,469,1633,275
00002438.jpg,247,296,407,469,1635,276
00002439.jpg,243,295,403,468,1633,278
00002440.jpg,243,295,403,468,1632,278
00002441.jpg,247,296,407,469,1632,280
00002442.jpg,248,296,408,469,-1,-1
00002443.jpg,248,296,408,469,-1,-1
00002444.jpg,227,291,387,464,-1,-1
00002445.jpg,227,291,387,464,-1,-1
00002446.jpg,227,291,387,464,-1,-1
00002447.jpg,227,291,387,464,-1,-1
00002448.jpg,227,291,387,464,-1,-1
00002449.jpg,228,290,388,463,-1,-1
00002450.jpg,228,289,388,462,-1,-1
00002451.jpg,229,289,389,462,-1,-1
00002452.jpg,230,288,390,461,-1,-1
00002453.jpg,230,289,390,462,-1,-1
00002454.jpg,230,288,390,461,-1,-1
00002455.jpg,222,285,382,458,-1,-1
00002456.jpg,222,284,382,457,-1,-1
00002457.jpg,221,284,381,457,-1,-1
00002458.jpg,221,283,381,456,-1,-1
00002459.jpg,221,283,381,456,-1,-1
00002460.jpg,221,283,381,456,-1,-1
00002461.jpg,221,284,381,457,-1,-1
00002462.jpg,221,284,381,457,-1,-1
00002463.jpg,221,285,381,458,-1,-1
00002464.jpg,221,285,381,458,-1,-1
00002465.jpg,221,285,381,458,-1,-1
00002466.jpg,219,284,379,457,-1,-1
00002467.jpg,220,284,380,457,-1,-1
00002468.jpg,219,283,379,456,-1,-1
00002469.jpg,218,283,378,456,-1,-1
00002470.jpg,218,283,378,456,-1,-1
00002471.jpg,219,284,379,457,-1,-1
00002472.jpg,219,284,379,457,-1,-1
00002473.jpg,219,284,379,457,-1,-1
00002474.jpg,220,285,380,458,-1,-1
00002475.jpg,221,286,381,459,-1,-1
00002476.jpg,221,286,381,459,-1,-1
00002477.jpg,233,291,393,464,-1,-1
00002478.jpg,233,291,393,464,-1,-1
00002479.jpg,232,285,390,453,-1,-1
00002480.jpg,232,285,390,453,-1,-1
00002481.jpg,232,285,390,453,-1,-1
00002482.jpg,232,285,390,453,-1,-1
00002483.jpg,232,285,390,453,-1,-1
00002484.jpg,232,285,390,453,-1,-1
00002485.jpg,232,285,390,453,-1,-1
00002486.jpg,232,285,390,453,-1,-1
00002487.jpg,231,284,389,452,-1,-1
00002488.jpg,231,284,389,452,-1,-1
00002489.jpg,230,282,388,450,-1,-1
00002490.jpg,232,284,390,452,-1,-1
00002491.jpg,232,285,390,453,-1,-1
00002492.jpg,232,285,390,453,-1,-1
00002493.jpg,232,285,390,453,-1,-1
00002494.jpg,232,285,390,453,-1,-1
00002495.jpg,232,285,390,453,-1,-1
00002496.jpg,232,285,390,453,-1,-1
00002497.jpg,232,285,390,453,-1,-1
00002498.jpg,232,285,390,453,-1,-1
00002499.jpg,232,285,390,453,-1,-1
00002500.jpg,232,285,390,453,-1,-1
00002501.jpg,232,285,390,453,-1,-1
00002502.jpg,232,285,390,453,-1,-1
00002503.jpg,232,284,390,452,-1,-1
00002504.jpg,232,285,390,453,-1,-1
00002505.jpg,232,284,390,452,-1,-1
00002506.jpg,233,285,391,453,-1,-1
00002507.jpg,233,285,391,453,-1,-1
00002508.jpg,233,285,391,453,-1,-1
00002509.jpg,233,285,391,453,-1,-1
00002510.jpg,233,285,391,453,-1,-1
00002511.jpg,233,285,391,453,-1,-1
00002512.jpg,233,285,391,453,-1,-1
00002513.jpg,233,285,391,453,-1,-1
00002514.jpg,233,285,391,453,-1,-1
00002515.jpg,233,285,391,453,-1,-1
00002516.jpg,233,285,391,453,-1,-1
00002517.jpg,233,285,391,453,-1,-1
00002518.jpg,233,285,391,453,-1,-1
00002519.jpg,233,285,391,453,-1,-1
00002520.jpg,233,285,391,453,-1,-1
00002521.jpg,233,286,391,454,-1,-1
00002522.jpg,233,286,391,454,-1,-1
00002523.jpg,233,286,391,454,-1,-1
00002524.jpg,233,286,391,454,-1,-1
00002525.jpg,233,286,391,454,-1,-1
00002526.jpg,233,286,391,454,-1,-1
00002527.jpg,233,286,391,454,-1,-1
00002528.jpg,233,286,391,454,-1,-1
00002529.jpg,233,286,391,454,-1,-1
00002530.jpg,233,286,391,454,-1,-1
00002531.jpg,234,287,392,455,-1,-1
00002532.jpg,234,287,392,455,-1,-1
00002533.jpg,234,287,392,455,-1,-1
00002534.jpg,234,287,392,455,-1,-1
00002535.jpg,234,286,392,454,-1,-1
00002536.jpg,234,286,392,454,-1,-1
00002537.jpg,234,286,392,454,-1,-1
00002538.jpg,234,286,392,454,-1,-1
00002539.jpg,234,286,392,454,-1,-1
00002540.jpg,234,286,392,454,-1,-1
00002541.jpg,234,286,392,454,-1,-1
00002542.jpg,234,287,392,455,-1,-1
00002543.jpg,234,288,392,456,-1,-1
00002544.jpg,234,288,392,456,-1,-1
00002545.jpg,234,290,392,458,-1,-1
00002546.jpg,234,290,392,458,-1,-1
00002547.jpg,234,290,392,458,-1,-1
00002548.jpg,234,290,392,458,-1,-1
