00002337.jpg,258,114,403,276,-1,-1
00002338.jpg,258,114,403,276,-1,-1
00002339.jpg,258,114,403,276,-1,-1
00002340.jpg,258,114,403,276,-1,-1
00002341.jpg,258,114,403,276,-1,-1
00002342.jpg,258,114,403,276,-1,-1
00002343.jpg,258,114,403,276,-1,-1
00002344.jpg,258,114,403,276,-1,-1
00002345.jpg,258,114,403,276,-1,-1
00002346.jpg,258,114,403,276,-1,-1
00002347.jpg,258,114,403,276,-1,-1
00002348.jpg,258,114,403,276,-1,-1
00002349.jpg,258,114,403,276,-1,-1
00002350.jpg,258,114,403,276,-1,-1
00002351.jpg,257,114,402,276,-1,-1
00002352.jpg,257,114,402,276,-1,-1
00002353.jpg,257,114,402,276,-1,-1
00002354.jpg,256,114,401,276,-1,-1
00002355.jpg,256,114,401,276,-1,-1
00002356.jpg,256,114,401,276,-1,-1
00002357.jpg,256,114,401,276,-1,-1
00002358.jpg,256,115,401,277,-1,-1
00002359.jpg,256,115,401,277,-1,-1
00002360.jpg,256,115,401,277,-1,-1
00002361.jpg,256,115,401,277,-1,-1
00002362.jpg,256,115,401,277,-1,-1
00002363.jpg,256,115,401,277,-1,-1
00002364.jpg,257,115,402,277,-1,-1
00002365.jpg,257,115,402,277,-1,-1
00002366.jpg,257,115,402,277,-1,-1
00002367.jpg,257,115,402,277,-1,-1
00002368.jpg,257,115,402,277,-1,-1
00002369.jpg,257,115,402,277,-1,-1
00002370.jpg,258,115,403,277,-1,-1
00002371.jpg,258,115,403,277,-1,-1
00002372.jpg,259,116,404,278,-1,-1
00002373.jpg,259,116,404,278,-1,-1
00002374.jpg,259,116,404,278,-1,-1
00002375.jpg,259,116,404,278,-1,-1
00002376.jpg,259,116,404,278,-1,-1
00002377.jpg,259,116,404,278,-1,-1
00002378.jpg,259,116,404,278,-1,-1
00002379.jpg,259,116,404,278,-1,-1
00002380.jpg,259,116,404,278,-1,-1
00002381.jpg,258,115,403,277,-1,-1
00002382.jpg,258,115,403,277,-1,-1
00002383.jpg,258,115,403,277,-1,-1
00002384.jpg,258,115,403,277,-1,-1
00002385.jpg,257,115,402,277,-1,-1
00002386.jpg,257,114,402,276,-1,-1
00002387.jpg,256,114,401,276,-1,-1
00002388.jpg,255,114,400,276,-1,-1
00002389.jpg,255,113,400,275,-1,-1
00002390.jpg,255,113,400,275,-1,-1
00002391.jpg,255,113,400,275,-1,-1
00002392.jpg,254,112,399,274,-1,-1
00002393.jpg,254,112,399,274,-1,-1
00002394.jpg,254,112,399,274,-1,-1
00002395.jpg,254,112,399,274,-1,-1
00002396.jpg,253,112,398,274,-1,-1
00002397.jpg,253,111,398,273,-1,-1
00002398.jpg,253,111,398,273,-1,-1
00002399.jpg,254,110,399,272,-1,-1
00002400.jpg,253,109,398,271,-1,-1
00002401.jpg,253,109,398,271,-1,-1
00002402.jpg,252,108,397,270,-1,-1
00002403.jpg,251,108,396,270,-1,-1
00002404.jpg,250,108,395,270,-1,-1
00002405.jpg,249,108,394,270,-1,-1
00002406.jpg,249,108,394,270,-1,-1
00002407.jpg,248,108,393,270,-1,-1
00002408.jpg,248,108,393,270,-1,-1
00002409.jpg,248,108,393,270,-1,-1
00002410.jpg,247,107,392,269,-1,-1
00002411.jpg,246,107,391,269,-1,-1
00002412.jpg,245,107,390,269,-1,-1
00002413.jpg,244,107,389,269,-1,-1
00002414.jpg,243,107,388,269,-1,-1
00002415.jpg,242,107,387,269,-1,-1
00002416.jpg,241,107,386,269,-1,-1
00002417.jpg,240,107,385,269,-1,-1
00002418.jpg,240,107,385,269,-1,-1
00002419.jpg,239,107,384,269,-1,-1
00002420.jpg,238,107,383,269,-1,-1
00002421.jpg,237,106,382,268,-1,-1
00002422.jpg,237,106,382,268,-1,-1
00002423.jpg,236,106,381,268,-1,-1
00002424.jpg,236,106,381,268,-1,-1
00002425.jpg,236,106,381,268,-1,-1
00002426.jpg,236,106,381,268,-1,-1
00002427.jpg,236,106,381,268,-1,-1
00002428.jpg,235,106,380,268,-1,-1
00002429.jpg,235,106,380,268,-1,-1
00002430.jpg,235,106,380,268,-1,-1
00002431.jpg,235,106,380,268,-1,-1
00002432.jpg,235,106,380,268,-1,-1
00002433.jpg,235,106,380,268,-1,-1
00002434.jpg,235,106,380,268,-1,-1
00002435.jpg,235,106,380,268,-1,-1
00002436.jpg,235,106,380,268,-1,-1
00002437.jpg,235,106,380,268,-1,-1
00002438.jpg,236,106,381,268,-1,-1
00002439.jpg,236,106,381,268,-1,-1
00002440.jpg,236,106,381,268,-1,-1
00002441.jpg,236,106,381,268,-1,-1
00002442.jpg,235,106,380,268,-1,-1
00002443.jpg,235,106,380,268,312,315
00002444.jpg,234,106,379,268,828,323
00002445.jpg,234,106,379,268,830,321
00002446.jpg,234,106,379,268,1075,308
00002447.jpg,234,106,379,268,1620,276
00002448.jpg,233,106,378,268,1620,276
00002449.jpg,232,106,377,268,1611,276
00002450.jpg,232,106,377,268,1613,276
00002451.jpg,231,106,376,268,1612,278
00002452.jpg,231,106,376,268,1610,278
00002453.jpg,230,107,375,269,1607,279
00002454.jpg,230,107,375,269,1602,279
00002455.jpg,230,107,375,269,1598,279
00002456.jpg,230,107,375,269,1593,283
00002457.jpg,230,107,375,269,1590,284
00002458.jpg,230,107,375,269,1583,284
00002459.jpg,230,107,375,269,1578,288
00002460.jpg,230,107,375,269,1577,288
00002461.jpg,231,107,376,269,1575,288
00002462.jpg,231,108,376,270,1572,290
00002463.jpg,231,108,376,270,1571,294
00002464.jpg,232,109,377,271,1570,291
00002465.jpg,233,109,378,271,1567,294
00002466.jpg,233,109,378,271,1566,294
00002467.jpg,234,110,379,272,1562,294
00002468.jpg,235,110,380,272,1562,294
00002469.jpg,235,111,380,273,1562,293
00002470.jpg,236,111,381,273,1563,293
00002471.jpg,236,112,381,274,1563,293
00002472.jpg,236,112,381,274,1565,290
00002473.jpg,237,113,382,275,1565,289
00002474.jpg,237,114,382,276,1562,289
00002475.jpg,237,114,382,276,1563,290
00002476.jpg,238,115,383,277,1562,289
00002477.jpg,238,116,383,278,1565,291
00002478.jpg,238,116,383,278,1567,291
00002479.jpg,238,117,383,279,1566,289
00002480.jpg,238,117,383,279,1568,289
00002481.jpg,238,117,383,279,1570,289
00002482.jpg,238,117,383,279,1568,290
00002483.jpg,237,117,382,279,1568,290
00002484.jpg,237,117,382,279,1580,293
00002485.jpg,236,117,381,279,1587,290
00002486.jpg,236,116,381,278,1596,291
00002487.jpg,235,115,380,277,1606,290
00002488.jpg,234,115,379,277,1610,288
00002489.jpg,233,113,378,275,1610,289
00002490.jpg,233,112,378,274,1616,289
00002491.jpg,232,111,377,273,1618,284
00002492.jpg,233,111,378,273,1617,286
00002493.jpg,232,110,377,272,1621,281
00002494.jpg,232,109,377,271,1625,283
00002495.jpg,232,108,377,270,1627,284
00002496.jpg,232,107,377,269,1628,281
00002497.jpg,232,107,377,269,1627,281
00002498.jpg,231,107,376,269,1630,279
00002499.jpg,232,106,377,268,1630,278
00002500.jpg,232,106,377,268,1631,276
00002501.jpg,232,106,377,268,1630,276
00002502.jpg,233,106,378,268,-1,-1
00002503.jpg,233,106,378,268,-1,-1
00002504.jpg,234,106,379,268,-1,-1
00002505.jpg,234,107,379,269,-1,-1
00002506.jpg,234,107,379,269,-1,-1
00002507.jpg,235,108,380,270,-1,-1
00002508.jpg,236,108,381,270,-1,-1
00002509.jpg,237,108,382,270,-1,-1
00002510.jpg,238,109,383,271,-1,-1
00002511.jpg,239,109,384,271,-1,-1
00002512.jpg,240,110,385,272,-1,-1
00002513.jpg,241,110,386,272,-1,-1
00002514.jpg,241,110,386,272,-1,-1
00002515.jpg,242,110,387,272,-1,-1
00002516.jpg,243,110,388,272,-1,-1
00002517.jpg,243,111,388,273,-1,-1
00002518.jpg,243,111,388,273,-1,-1
00002519.jpg,244,111,389,273,-1,-1
00002520.jpg,244,111,389,273,-1,-1
00002521.jpg,244,111,389,273,-1,-1
00002522.jpg,245,111,390,273,-1,-1
00002523.jpg,245,111,390,273,-1,-1
00002524.jpg,245,111,390,273,-1,-1
00002525.jpg,245,111,390,273,-1,-1
00002526.jpg,245,111,390,273,-1,-1
00002527.jpg,245,111,390,273,-1,-1
00002528.jpg,245,111,390,273,-1,-1
00002529.jpg,245,111,390,273,-1,-1
00002530.jpg,245,112,390,274,-1,-1
00002531.jpg,245,112,390,274,-1,-1
00002532.jpg,245,111,390,273,-1,-1
00002533.jpg,245,111,390,273,-1,-1
00002534.jpg,246,111,391,273,-1,-1
00002535.jpg,246,111,391,273,-1,-1
00002536.jpg,246,110,391,272,-1,-1
00002537.jpg,245,109,390,271,-1,-1
00002538.jpg,245,108,390,270,-1,-1
00002539.jpg,245,107,390,269,-1,-1
00002540.jpg,245,106,390,268,-1,-1
00002541.jpg,245,106,390,268,-1,-1
00002542.jpg,244,105,389,267,-1,-1
00002543.jpg,244,104,389,266,-1,-1
00002544.jpg,244,104,389,266,-1,-1
00002545.jpg,244,103,389,265,-1,-1
00002546.jpg,244,102,389,264,-1,-1
00002547.jpg,244,101,389,263,-1,-1
00002548.jpg,244,101,389,263,-1,-1
