00001604.jpg,361,55,546,264,742,348
00001605.jpg,361,55,546,264,742,348
00001606.jpg,361,55,546,264,742,349
00001607.jpg,361,55,546,264,742,349
00001608.jpg,361,56,546,265,741,349
00001609.jpg,361,57,546,266,741,349
00001610.jpg,362,58,547,267,740,350
00001611.jpg,362,58,547,267,740,350
00001612.jpg,362,59,547,268,740,350
00001613.jpg,363,59,548,268,739,350
00001614.jpg,364,59,549,268,739,350
00001615.jpg,364,59,549,268,739,350
00001616.jpg,365,59,550,268,739,350
00001617.jpg,369,59,554,268,739,350
00001618.jpg,371,58,556,267,739,350
00001619.jpg,373,58,558,267,739,350
00001620.jpg,375,57,560,266,738,348
00001621.jpg,377,57,562,266,738,346
00001622.jpg,381,56,566,265,741,346
00001623.jpg,382,56,567,265,741,346
00001624.jpg,384,57,569,266,741,343
00001625.jpg,387,57,572,266,741,342
00001626.jpg,388,58,573,267,740,340
00001627.jpg,391,58,576,267,740,340
00001628.jpg,393,59,578,268,740,340
00001629.jpg,397,60,582,269,740,338
00001630.jpg,399,61,584,270,740,338
00001631.jpg,402,62,587,271,741,334
00001632.jpg,404,63,589,272,741,334
00001633.jpg,406,63,591,272,743,334
00001634.jpg,409,64,594,273,743,334
00001635.jpg,410,64,595,273,743,335
00001636.jpg,413,64,598,273,745,335
00001637.jpg,415,64,600,273,743,336
00001638.jpg,416,64,601,273,745,336
00001639.jpg,418,64,603,273,745,338
00001640.jpg,419,64,604,273,742,340
00001641.jpg,423,65,608,274,741,340
00001642.jpg,424,65,609,274,741,340
00001643.jpg,424,66,609,275,741,340
00001644.jpg,424,67,609,276,741,340
00001645.jpg,425,68,610,277,741,340
00001646.jpg,426,69,611,278,740,340
00001647.jpg,428,70,613,279,740,340
00001648.jpg,428,71,613,280,740,340
00001649.jpg,428,74,613,283,738,340
00001650.jpg,429,75,614,284,738,340
00001651.jpg,429,76,614,285,738,340
00001652.jpg,429,77,614,286,738,340
00001653.jpg,429,78,614,287,739,341
00001654.jpg,428,79,613,288,739,341
00001655.jpg,428,79,613,288,741,339
00001656.jpg,426,79,611,288,740,340
00001657.jpg,425,79,610,288,740,340
00001658.jpg,424,78,609,287,740,340
00001659.jpg,422,77,607,286,740,338
00001660.jpg,421,75,606,284,740,338
00001661.jpg,419,73,604,282,741,336
00001662.jpg,417,72,602,281,741,335
00001663.jpg,415,69,600,278,741,334
00001664.jpg,413,67,598,276,739,334
00001665.jpg,411,65,596,274,739,334
00001666.jpg,409,63,594,272,740,336
00001667.jpg,407,62,592,271,738,336
00001668.jpg,406,61,591,270,738,336
00001669.jpg,404,60,589,269,737,334
00001670.jpg,403,60,588,269,733,334
00001671.jpg,402,60,587,269,733,333
00001672.jpg,402,60,587,269,730,333
00001673.jpg,401,61,586,270,728,333
00001674.jpg,401,61,586,270,728,333
00001675.jpg,400,61,585,270,727,332
00001676.jpg,400,62,585,271,725,332
00001677.jpg,400,62,585,271,725,332
00001678.jpg,400,63,585,272,725,333
00001679.jpg,400,64,585,273,723,336
00001680.jpg,400,64,585,273,721,333
00001681.jpg,401,66,586,275,721,336
00001682.jpg,400,67,585,276,721,336
00001683.jpg,401,68,586,277,721,336
00001684.jpg,401,68,586,277,719,339
00001685.jpg,401,68,586,277,719,339
00001686.jpg,401,69,586,278,716,340
00001687.jpg,400,69,585,278,715,340
00001688.jpg,398,71,583,280,712,340
00001689.jpg,397,72,582,281,712,340
00001690.jpg,395,74,580,283,709,344
00001691.jpg,394,76,579,285,709,344
00001692.jpg,393,77,578,286,709,345
00001693.jpg,393,79,578,288,708,345
00001694.jpg,394,80,579,289,707,348
00001695.jpg,394,81,579,290,703,350
00001696.jpg,394,82,579,291,703,350
00001697.jpg,395,83,580,292,702,351
00001698.jpg,396,84,581,293,702,351
00001699.jpg,397,85,582,294,705,352
00001700.jpg,398,87,583,296,705,354
00001701.jpg,399,87,584,296,703,355
00001702.jpg,400,87,585,296,706,359
00001703.jpg,401,86,586,295,705,360
00001704.jpg,402,86,587,295,706,358
00001705.jpg,404,85,589,294,708,358
00001706.jpg,406,85,591,294,707,358
00001707.jpg,407,84,592,293,709,358
00001708.jpg,408,84,593,293,711,356
00001709.jpg,408,83,593,292,711,356
00001710.jpg,408,82,593,291,711,356
00001711.jpg,408,81,593,290,711,356
00001712.jpg,409,80,594,289,711,356
00001713.jpg,409,79,594,288,710,356
00001714.jpg,408,78,593,287,710,356
00001715.jpg,408,78,593,287,710,356
00001716.jpg,408,77,593,286,710,356
00001717.jpg,407,76,592,285,711,355
00001718.jpg,407,75,592,284,712,355
00001719.jpg,407,75,592,284,710,356
00001720.jpg,407,75,592,284,710,356
00001721.jpg,407,75,592,284,710,356
00001722.jpg,406,75,591,284,712,354
00001723.jpg,406,76,591,285,710,356
00001724.jpg,404,77,589,286,712,352
00001725.jpg,403,78,588,287,710,356
00001726.jpg,397,80,578,299,710,356
00001727.jpg,397,80,578,299,710,356
00001728.jpg,397,80,578,299,712,354
00001729.jpg,397,80,578,299,712,353
00001730.jpg,398,80,579,299,713,353
00001731.jpg,398,80,579,299,712,353
00001732.jpg,398,80,579,299,715,352
00001733.jpg,393,74,587,309,716,353
00001734.jpg,393,74,587,309,713,352
00001735.jpg,393,74,587,309,715,351
00001736.jpg,394,75,588,310,715,351
00001737.jpg,394,75,588,310,715,350
00001738.jpg,394,76,588,311,715,351
00001739.jpg,395,76,589,311,716,351
00001740.jpg,395,76,589,311,712,350
00001741.jpg,395,76,589,311,708,355
00001742.jpg,396,76,590,311,705,356
00001743.jpg,396,76,590,311,699,360
00001744.jpg,396,76,590,311,698,360
00001745.jpg,396,76,590,311,693,362
00001746.jpg,397,76,591,311,693,362
00001747.jpg,397,76,591,311,689,366
00001748.jpg,397,76,591,311,686,370
00001749.jpg,398,76,592,311,685,369
00001750.jpg,398,76,592,311,679,373
00001751.jpg,398,76,592,311,677,376
00001752.jpg,398,76,592,311,677,376
00001753.jpg,398,76,592,311,675,378
00001754.jpg,398,76,592,311,671,378
00001755.jpg,398,75,592,310,669,380
00001756.jpg,398,75,592,310,673,380
00001757.jpg,398,74,592,309,673,378
00001758.jpg,398,73,592,308,673,374
00001759.jpg,398,73,592,308,673,373
00001760.jpg,398,72,592,307,673,372
00001761.jpg,398,72,592,307,673,370
00001762.jpg,397,72,591,307,675,365
00001763.jpg,394,66,582,300,676,365
00001764.jpg,394,66,582,300,676,364
00001765.jpg,394,65,582,299,676,364
00001766.jpg,394,65,582,299,676,364
00001767.jpg,394,65,582,299,676,364
00001768.jpg,394,64,582,298,676,361
00001769.jpg,391,56,578,289,677,360
00001770.jpg,391,56,578,289,680,358
00001771.jpg,391,56,578,289,681,358
00001772.jpg,390,55,577,288,681,358
00001773.jpg,389,55,576,288,685,356
00001774.jpg,389,56,576,289,685,356
00001775.jpg,388,56,575,289,685,356
00001776.jpg,387,56,574,289,686,356
00001777.jpg,386,55,573,288,688,356
00001778.jpg,385,55,572,288,689,356
00001779.jpg,384,55,571,288,690,356
00001780.jpg,384,55,571,288,691,355
00001781.jpg,383,55,570,288,695,354
00001782.jpg,385,57,567,299,695,354
00001783.jpg,385,57,567,299,699,352
00001784.jpg,385,57,567,299,699,352
00001785.jpg,385,58,567,300,699,352
00001786.jpg,385,58,567,300,699,352
00001787.jpg,385,58,567,300,702,351
00001788.jpg,385,58,567,300,705,351
00001789.jpg,384,58,566,300,706,350
00001790.jpg,379,58,580,299,706,350
00001791.jpg,379,58,580,299,707,350
00001792.jpg,378,58,579,299,708,350
00001793.jpg,378,58,579,299,709,348
00001794.jpg,377,58,578,299,711,349
00001795.jpg,376,58,577,299,708,349
00001796.jpg,376,58,577,299,708,349
00001797.jpg,376,58,577,299,708,349
00001798.jpg,376,58,577,299,709,350
00001799.jpg,376,58,577,299,705,350
00001800.jpg,376,58,577,299,705,350
00001801.jpg,376,58,577,299,705,350
00001802.jpg,377,58,578,299,705,350
00001803.jpg,377,58,578,299,703,350
00001804.jpg,377,58,578,299,702,350
00001805.jpg,376,57,577,298,702,350
00001806.jpg,376,57,577,298,702,350
00001807.jpg,376,57,577,298,700,349
00001808.jpg,376,57,577,298,699,349
00001809.jpg,375,56,576,297,699,348
00001810.jpg,375,56,576,297,699,348
00001811.jpg,374,56,575,297,699,348
00001812.jpg,374,56,575,297,699,348
00001813.jpg,374,56,575,297,699,348
00001814.jpg,378,56,579,297,699,348
00001815.jpg,378,56,579,297,699,346
00001816.jpg,378,56,579,297,699,346
00001817.jpg,380,56,581,297,699,346
00001818.jpg,380,56,581,297,699,346
00001819.jpg,380,55,581,296,702,346
00001820.jpg,378,55,579,296,702,346
00001821.jpg,374,55,575,296,702,346
00001822.jpg,373,55,574,296,702,346
00001823.jpg,372,55,573,296,702,346
00001824.jpg,371,55,572,296,702,346
00001825.jpg,370,55,571,296,702,346
00001826.jpg,369,55,570,296,702,346
00001827.jpg,368,56,569,297,701,346
00001828.jpg,368,56,569,297,701,346
00001829.jpg,367,56,568,297,701,346
00001830.jpg,367,57,568,298,701,346
00001831.jpg,366,57,567,298,701,346
00001832.jpg,369,58,570,299,701,346
00001833.jpg,368,59,569,300,701,346
00001834.jpg,368,60,569,301,701,350
00001835.jpg,368,61,569,302,701,351
00001836.jpg,369,62,570,303,701,351
00001837.jpg,368,64,569,305,701,351
00001838.jpg,368,65,569,306,701,352
00001839.jpg,368,66,569,307,701,354
00001840.jpg,368,67,569,308,700,356
00001841.jpg,371,67,572,308,700,356
00001842.jpg,371,68,572,309,700,358
00001843.jpg,370,68,571,309,699,358
00001844.jpg,370,68,571,309,700,358
00001845.jpg,370,68,571,309,700,358
00001846.jpg,370,68,571,309,698,358
00001847.jpg,370,68,571,309,699,361
00001848.jpg,379,70,564,296,698,360
00001849.jpg,379,70,564,296,698,360
00001850.jpg,378,69,563,295,698,360
00001851.jpg,378,68,563,294,696,361
00001852.jpg,377,68,562,294,695,362
00001853.jpg,377,67,562,293,691,362
00001854.jpg,377,67,562,293,691,362
00001855.jpg,379,68,557,289,691,362
00001856.jpg,378,67,556,288,691,362
00001857.jpg,379,57,554,274,691,360
00001858.jpg,379,57,554,274,691,360
00001859.jpg,379,56,554,273,691,360
00001860.jpg,379,56,554,273,691,360
00001861.jpg,384,52,555,264,691,360
00001862.jpg,384,52,555,264,691,360
00001863.jpg,384,52,555,264,691,360
00001864.jpg,384,52,555,264,691,360
00001865.jpg,381,44,560,259,690,360
00001866.jpg,381,44,560,259,690,359
00001867.jpg,381,44,560,259,690,358
00001868.jpg,380,45,559,260,690,356
00001869.jpg,380,45,559,260,690,356
00001870.jpg,380,46,559,261,690,356
00001871.jpg,380,47,559,262,688,355
00001872.jpg,380,47,559,262,688,355
00001873.jpg,380,48,559,263,688,355
00001874.jpg,380,49,559,264,688,355
00001875.jpg,380,50,559,265,688,355
00001876.jpg,380,50,559,265,688,355
00001877.jpg,380,51,559,266,688,354
00001878.jpg,382,60,548,266,688,354
00001879.jpg,382,60,548,266,688,354
00001880.jpg,383,62,550,268,688,354
00001881.jpg,386,63,556,277,689,353
00001882.jpg,386,64,556,278,690,352
00001883.jpg,386,65,556,279,690,352
00001884.jpg,389,72,560,291,689,352
00001885.jpg,389,72,560,291,688,356
00001886.jpg,391,77,556,297,689,354
00001887.jpg,391,77,556,297,689,352
00001888.jpg,392,78,557,298,689,353
00001889.jpg,393,82,558,302,688,355
00001890.jpg,393,82,558,302,688,355
00001891.jpg,388,80,574,312,688,355
00001892.jpg,388,80,574,312,688,355
00001893.jpg,388,80,574,312,688,355
00001894.jpg,389,80,575,312,688,355
00001895.jpg,389,80,575,312,686,358
00001896.jpg,389,80,575,312,686,360
00001897.jpg,390,81,576,313,686,360
00001898.jpg,390,81,576,313,686,361
00001899.jpg,390,81,576,313,685,363
00001900.jpg,391,81,577,313,683,363
00001901.jpg,391,81,577,313,682,363
00001902.jpg,391,81,577,313,682,363
00001903.jpg,392,81,578,313,682,364
00001904.jpg,392,81,578,313,682,364
00001905.jpg,393,81,579,313,682,364
00001906.jpg,391,81,581,316,683,364
00001907.jpg,391,81,581,316,683,365
00001908.jpg,392,81,582,316,683,365
00001909.jpg,392,81,582,316,795,294
00001910.jpg,392,81,582,316,-1,-1
00001911.jpg,393,81,583,316,-1,-1
00001912.jpg,393,81,583,316,-1,-1
00001913.jpg,393,81,583,316,-1,-1
00001914.jpg,393,81,583,316,-1,-1
00001915.jpg,393,81,583,316,-1,-1
00001916.jpg,394,81,584,316,-1,-1
00001917.jpg,394,81,584,316,-1,-1
00001918.jpg,388,73,574,297,-1,-1
00001919.jpg,388,73,574,297,-1,-1
00001920.jpg,386,65,571,285,-1,-1
00001921.jpg,386,65,571,285,-1,-1
00001922.jpg,389,55,564,274,-1,-1
00001923.jpg,389,55,564,274,-1,-1
00001924.jpg,388,53,564,264,-1,-1
00001925.jpg,388,53,564,264,-1,-1
00001926.jpg,388,53,564,264,-1,-1
00001927.jpg,387,52,563,263,-1,-1
00001928.jpg,387,52,563,263,-1,-1
00001929.jpg,387,52,563,263,-1,-1
00001930.jpg,387,52,563,263,-1,-1
00001931.jpg,386,52,562,263,696,369
00001932.jpg,390,53,566,264,697,369
00001933.jpg,391,53,567,264,698,369
00001934.jpg,392,54,568,265,699,370
00001935.jpg,393,54,569,265,702,370
00001936.jpg,395,54,572,270,702,370
00001937.jpg,396,54,584,272,706,370
00001938.jpg,397,54,585,272,706,370
00001939.jpg,402,61,586,280,709,370
00001940.jpg,404,65,590,285,710,370
00001941.jpg,405,70,600,297,712,370
00001942.jpg,405,70,600,297,718,371
00001943.jpg,407,73,597,306,720,372
00001944.jpg,410,79,597,317,725,372
00001945.jpg,410,79,597,317,727,372
00001946.jpg,410,87,601,328,728,374
00001947.jpg,410,87,601,328,728,374
00001948.jpg,410,88,601,329,728,374
00001949.jpg,411,88,602,329,728,374
00001950.jpg,411,88,602,329,728,374
00001951.jpg,411,88,602,329,728,371
00001952.jpg,411,88,602,329,731,371
00001953.jpg,411,87,602,328,731,371
00001954.jpg,411,87,602,328,733,371
00001955.jpg,411,87,602,328,733,371
00001956.jpg,411,86,602,327,735,368
00001957.jpg,410,85,601,326,736,368
00001958.jpg,410,84,601,325,738,365
00001959.jpg,410,83,601,324,738,365
00001960.jpg,409,82,600,323,738,365
00001961.jpg,408,81,599,322,738,365
00001962.jpg,408,81,599,322,738,364
00001963.jpg,408,80,599,321,738,361
00001964.jpg,407,80,598,321,738,360
00001965.jpg,407,79,598,320,738,359
00001966.jpg,406,79,597,320,738,359
00001967.jpg,406,79,597,320,738,359
00001968.jpg,403,64,601,318,738,359
00001969.jpg,403,64,601,318,738,359
00001970.jpg,402,64,600,318,738,359
00001971.jpg,401,63,599,317,738,359
00001972.jpg,400,63,598,317,738,359
00001973.jpg,399,63,597,317,738,359
00001974.jpg,397,63,595,317,738,359
00001975.jpg,396,64,594,318,738,359
00001976.jpg,395,64,593,318,738,359
00001977.jpg,394,64,592,318,738,359
00001978.jpg,393,65,591,319,738,359
00001979.jpg,392,65,590,319,738,359
00001980.jpg,392,65,590,319,738,359
00001981.jpg,392,65,590,319,738,359
00001982.jpg,392,64,590,318,738,359
00001983.jpg,392,64,590,318,738,359
00001984.jpg,392,63,590,317,738,359
00001985.jpg,392,63,590,317,738,359
00001986.jpg,392,63,590,317,738,359
00001987.jpg,391,63,589,317,738,359
00001988.jpg,390,64,588,318,738,359
00001989.jpg,390,64,588,318,738,359
00001990.jpg,389,64,587,318,735,360
00001991.jpg,388,65,586,319,733,360
00001992.jpg,388,65,586,319,728,360
00001993.jpg,387,65,585,319,726,362
00001994.jpg,386,65,584,319,723,363
00001995.jpg,386,66,584,320,721,366
00001996.jpg,386,66,584,320,721,365
00001997.jpg,385,66,583,320,721,365
00001998.jpg,385,66,583,320,721,365
00001999.jpg,384,66,582,320,720,365
00002000.jpg,384,66,582,320,715,369
00002001.jpg,383,67,581,321,715,369
00002002.jpg,383,67,581,321,713,371
00002003.jpg,383,67,581,321,713,371
00002004.jpg,382,68,580,322,713,371
00002005.jpg,382,68,580,322,711,370
00002006.jpg,381,68,579,322,711,370
00002007.jpg,381,68,579,322,711,370
00002008.jpg,381,69,579,323,711,370
00002009.jpg,381,69,579,323,711,370
00002010.jpg,381,69,579,323,711,370
00002011.jpg,381,69,579,323,711,370
00002012.jpg,381,68,579,322,711,370
00002013.jpg,381,68,579,322,711,370
00002014.jpg,381,67,579,321,711,369
00002015.jpg,382,67,580,321,711,369
00002016.jpg,382,66,580,320,711,369
00002017.jpg,382,65,580,319,712,369
00002018.jpg,382,64,580,318,713,368
00002019.jpg,381,63,579,317,711,366
00002020.jpg,381,63,579,317,710,366
00002021.jpg,381,62,579,316,709,369
00002022.jpg,380,61,578,315,711,364
00002023.jpg,380,61,578,315,713,363
00002024.jpg,379,60,577,314,711,362
00002025.jpg,379,60,577,314,713,361
00002026.jpg,379,60,577,314,713,363
00002027.jpg,378,59,576,313,715,360
00002028.jpg,378,59,576,313,719,360
00002029.jpg,377,58,575,312,720,358
00002030.jpg,377,58,575,312,720,355
00002031.jpg,376,58,574,312,722,355
00002032.jpg,376,58,574,312,723,355
00002033.jpg,374,55,572,309,723,360
00002034.jpg,373,56,571,310,725,355
00002035.jpg,372,56,570,310,723,356
00002036.jpg,371,57,569,311,723,355
00002037.jpg,370,58,568,312,727,355
00002038.jpg,370,58,568,312,725,356
00002039.jpg,375,60,573,314,721,359
00002040.jpg,375,61,573,315,717,360
00002041.jpg,375,62,573,316,715,362
00002042.jpg,374,62,572,316,710,365
00002043.jpg,374,63,572,317,709,369
00002044.jpg,374,64,572,318,707,371
00002045.jpg,373,64,571,318,710,372
00002046.jpg,373,66,571,320,707,373
00002047.jpg,372,66,570,320,705,376
00002048.jpg,370,64,568,318,705,376
00002049.jpg,369,64,567,318,702,378
00002050.jpg,368,65,566,319,702,380
00002051.jpg,367,65,565,319,702,380
00002052.jpg,365,67,564,328,700,383
00002053.jpg,365,67,564,328,700,383
00002054.jpg,364,67,563,328,700,383
00002055.jpg,364,67,563,328,700,383
00002056.jpg,363,67,562,328,700,383
00002057.jpg,363,67,562,328,700,383
00002058.jpg,363,67,562,328,701,383
00002059.jpg,363,67,562,328,701,383
00002060.jpg,363,66,562,327,699,383
00002061.jpg,363,66,562,327,699,382
00002062.jpg,363,66,562,327,703,380
00002063.jpg,363,66,562,327,702,380
00002064.jpg,362,66,561,327,702,380
00002065.jpg,362,66,561,327,700,379
00002066.jpg,362,66,561,327,698,379
00002067.jpg,362,66,561,327,697,380
00002068.jpg,362,66,561,327,697,380
00002069.jpg,362,67,561,328,697,380
00002070.jpg,362,67,561,328,697,380
00002071.jpg,362,67,561,328,696,381
00002072.jpg,363,68,562,329,696,381
00002073.jpg,363,68,562,329,696,381
00002074.jpg,363,67,562,328,696,381
00002075.jpg,363,67,562,328,696,381
00002076.jpg,364,67,563,328,696,381
00002077.jpg,364,66,563,327,696,381
00002078.jpg,365,66,564,327,696,381
00002079.jpg,365,66,564,327,696,381
00002080.jpg,365,65,564,326,695,383
00002081.jpg,365,65,564,326,695,383
00002082.jpg,366,64,565,325,695,383
00002083.jpg,366,64,565,325,695,384
00002084.jpg,367,64,566,325,697,384
00002085.jpg,367,63,566,324,697,385
00002086.jpg,368,63,567,324,697,386
00002087.jpg,368,63,567,324,697,386
00002088.jpg,369,63,568,324,697,386
00002089.jpg,369,63,568,324,697,386
00002090.jpg,369,64,568,325,697,390
00002091.jpg,370,64,569,325,698,390
00002092.jpg,370,65,569,326,699,390
00002093.jpg,370,66,569,327,699,390
00002094.jpg,370,67,569,328,701,391
00002095.jpg,370,67,569,328,702,392
00002096.jpg,371,68,570,329,705,392
00002097.jpg,371,69,570,330,705,392
00002098.jpg,371,69,570,330,706,392
