00011342.jpg,716,113,801,201,1150,157
00011343.jpg,716,113,801,201,1150,157
00011344.jpg,716,113,801,201,1147,161
00011345.jpg,716,113,801,201,1147,161
00011346.jpg,717,113,802,201,1133,161
00011347.jpg,717,113,802,201,1133,161
00011348.jpg,717,113,802,201,1133,160
00011349.jpg,718,113,803,201,1133,160
00011350.jpg,718,113,803,201,1133,160
00011351.jpg,718,113,803,201,1133,160
00011352.jpg,718,113,803,201,1133,160
00011353.jpg,719,113,804,201,1137,158
00011354.jpg,719,113,804,201,1139,158
00011355.jpg,719,113,804,201,1139,158
00011356.jpg,719,113,804,201,1140,158
00011357.jpg,720,113,805,201,1143,158
00011358.jpg,720,114,805,202,1143,158
00011359.jpg,720,114,805,202,1143,158
00011360.jpg,720,114,805,202,-1,-1
00011361.jpg,720,114,805,202,-1,-1
00011362.jpg,720,115,805,203,-1,-1
00011363.jpg,720,115,805,203,-1,-1
00011364.jpg,720,115,805,203,-1,-1
00011365.jpg,720,115,805,203,-1,-1
00011366.jpg,720,116,805,204,-1,-1
00011367.jpg,719,116,804,204,-1,-1
00011368.jpg,718,116,803,204,-1,-1
00011369.jpg,717,116,802,204,-1,-1
00011370.jpg,716,115,801,203,-1,-1
00011371.jpg,715,116,800,204,-1,-1
00011372.jpg,714,116,799,204,-1,-1
00011373.jpg,714,116,799,204,-1,-1
00011374.jpg,712,115,797,203,-1,-1
00011375.jpg,710,114,795,202,-1,-1
00011376.jpg,708,114,793,202,-1,-1
00011377.jpg,707,114,792,202,1122,184
00011378.jpg,707,114,792,202,1120,186
00011379.jpg,706,114,791,202,1117,187
00011380.jpg,705,114,790,202,1116,187
00011381.jpg,704,114,789,202,1113,190
00011382.jpg,703,114,788,202,1112,190
00011383.jpg,702,114,787,202,1110,189
00011384.jpg,702,115,787,203,1109,189
00011385.jpg,701,115,786,203,1109,189
00011386.jpg,701,115,786,203,1109,189
00011387.jpg,700,115,785,203,1102,190
00011388.jpg,700,115,785,203,1100,191
00011389.jpg,699,115,784,203,1100,193
00011390.jpg,699,115,784,203,1100,193
00011391.jpg,699,115,784,203,1096,194
00011392.jpg,699,116,784,204,1096,194
00011393.jpg,699,116,784,204,1096,193
00011394.jpg,699,116,784,204,1092,194
00011395.jpg,699,116,784,204,1092,194
00011396.jpg,699,116,784,204,1092,194
00011397.jpg,700,116,785,204,1092,194
00011398.jpg,700,117,785,205,1090,195
00011399.jpg,700,117,785,205,1090,195
00011400.jpg,701,117,786,205,1090,195
00011401.jpg,701,117,786,205,1090,195
00011402.jpg,701,117,786,205,1090,195
00011403.jpg,702,116,787,204,1090,195
00011404.jpg,703,116,788,204,1090,195
00011405.jpg,704,115,789,203,1090,195
00011406.jpg,704,115,789,203,1090,195
00011407.jpg,705,115,790,203,1090,195
00011408.jpg,706,115,791,203,1091,193
00011409.jpg,706,115,791,203,1091,193
00011410.jpg,706,115,791,203,1093,192
00011411.jpg,707,114,792,202,1093,191
00011412.jpg,707,114,792,202,1096,189
00011413.jpg,707,114,792,202,1098,189
00011414.jpg,708,113,793,201,1099,189
00011415.jpg,708,113,793,201,1100,188
00011416.jpg,709,113,794,201,1101,187
00011417.jpg,709,113,794,201,1102,185
00011418.jpg,709,113,794,201,1104,184
00011419.jpg,709,113,794,201,1106,184
00011420.jpg,709,113,794,201,1108,183
00011421.jpg,709,113,794,201,1108,184
00011422.jpg,709,112,794,200,1108,184
00011423.jpg,709,112,794,200,1108,188
00011424.jpg,709,112,794,200,1108,188
00011425.jpg,709,112,794,200,1108,189
00011426.jpg,709,112,794,200,1108,189
00011427.jpg,709,112,794,200,1108,189
00011428.jpg,708,113,793,201,1111,189
00011429.jpg,708,113,793,201,1112,187
00011430.jpg,708,113,793,201,1113,185
00011431.jpg,708,113,793,201,1114,185
00011432.jpg,708,113,793,201,1115,183
00011433.jpg,708,112,793,200,1116,183
00011434.jpg,708,112,793,200,1117,182
00011435.jpg,708,112,793,200,1119,182
00011436.jpg,708,112,793,200,1122,180
00011437.jpg,708,112,793,200,1123,179
00011438.jpg,708,112,793,200,1126,177
00011439.jpg,708,112,793,200,1126,176
00011440.jpg,708,112,793,200,1127,174
00011441.jpg,708,112,793,200,1127,174
00011442.jpg,708,112,793,200,1128,169
00011443.jpg,707,112,792,200,1128,165
00011444.jpg,707,112,792,200,1128,163
00011445.jpg,707,112,792,200,1128,163
00011446.jpg,707,112,792,200,1128,163
00011447.jpg,707,112,792,200,1128,163
00011448.jpg,707,112,792,200,1128,163
00011449.jpg,707,112,792,200,1128,163
