00001673.jpg,964,129,1173,347,406,171
00001674.jpg,964,129,1173,347,408,171
00001675.jpg,964,129,1173,347,407,171
00001676.jpg,964,129,1173,347,407,171
00001677.jpg,964,129,1173,347,407,171
00001678.jpg,964,130,1173,348,408,171
00001679.jpg,963,130,1172,348,408,171
00001680.jpg,962,130,1171,348,408,171
00001681.jpg,961,131,1170,349,408,171
00001682.jpg,959,132,1168,350,406,347
00001683.jpg,958,133,1167,351,443,621
00001684.jpg,957,133,1166,351,443,621
00001685.jpg,956,134,1165,352,443,621
00001686.jpg,954,135,1163,353,443,621
00001687.jpg,953,136,1162,354,443,621
00001688.jpg,952,136,1161,354,443,621
00001689.jpg,951,137,1160,355,443,621
00001690.jpg,950,138,1159,356,443,621
00001691.jpg,950,139,1159,357,443,621
00001692.jpg,949,139,1158,357,443,621
00001693.jpg,949,140,1158,358,443,627
00001694.jpg,948,141,1157,359,443,627
00001695.jpg,948,141,1157,359,443,629
00001696.jpg,948,142,1157,360,443,629
00001697.jpg,948,142,1157,360,443,629
00001698.jpg,948,142,1157,360,443,629
00001699.jpg,948,143,1157,361,442,632
00001700.jpg,948,143,1157,361,441,633
00001701.jpg,948,144,1157,362,441,633
00001702.jpg,948,144,1157,362,438,633
00001703.jpg,948,144,1157,362,438,633
00001704.jpg,947,144,1156,362,438,633
00001705.jpg,947,145,1156,363,439,633
00001706.jpg,947,145,1156,363,439,633
00001707.jpg,947,145,1156,363,439,632
00001708.jpg,946,145,1155,363,439,632
00001709.jpg,946,145,1155,363,439,630
00001710.jpg,946,145,1155,363,438,629
00001711.jpg,945,144,1154,362,437,629
00001712.jpg,945,144,1154,362,437,626
00001713.jpg,944,143,1153,361,396,419
00001714.jpg,943,143,1152,361,385,190
00001715.jpg,943,143,1152,361,385,190
00001716.jpg,943,144,1152,362,383,190
00001717.jpg,943,144,1152,362,384,190
00001718.jpg,943,144,1152,362,384,191
00001719.jpg,942,144,1151,362,383,190
00001720.jpg,942,145,1151,363,384,190
00001721.jpg,942,145,1151,363,384,190
00001722.jpg,942,145,1151,363,384,191
00001723.jpg,941,145,1150,363,384,191
00001724.jpg,941,145,1150,363,384,191
00001725.jpg,941,145,1150,363,384,191
00001726.jpg,941,145,1150,363,384,191
00001727.jpg,942,146,1151,364,384,191
00001728.jpg,942,146,1151,364,384,191
00001729.jpg,942,147,1151,365,384,191
00001730.jpg,943,147,1152,365,384,191
00001731.jpg,943,148,1152,366,384,191
00001732.jpg,944,148,1153,366,384,191
00001733.jpg,945,148,1154,366,384,191
00001734.jpg,945,149,1154,367,384,191
00001735.jpg,946,150,1155,368,384,191
00001736.jpg,947,151,1156,369,384,191
00001737.jpg,948,151,1157,369,384,191
00001738.jpg,949,152,1158,370,384,191
00001739.jpg,950,153,1159,371,85,706
00001740.jpg,951,154,1160,372,443,626
00001741.jpg,953,155,1162,373,444,627
00001742.jpg,954,157,1163,375,441,626
00001743.jpg,956,159,1165,377,441,627
00001744.jpg,957,162,1166,380,441,627
00001745.jpg,959,165,1168,383,441,627
00001746.jpg,961,169,1170,387,441,627
00001747.jpg,964,171,1173,389,441,627
00001748.jpg,965,174,1174,392,441,627
00001749.jpg,967,176,1176,394,441,627
00001750.jpg,969,178,1178,396,394,407
00001751.jpg,970,178,1179,396,396,195
00001752.jpg,971,178,1180,396,396,195
00001753.jpg,974,178,1183,396,396,195
00001754.jpg,976,178,1185,396,396,195
00001755.jpg,977,178,1186,396,399,199
00001756.jpg,978,179,1187,397,401,199
00001757.jpg,980,179,1189,397,401,199
00001758.jpg,980,180,1189,398,403,199
00001759.jpg,981,181,1190,399,403,199
00001760.jpg,980,182,1189,400,403,199
00001761.jpg,980,182,1189,400,403,199
00001762.jpg,979,182,1188,400,403,201
00001763.jpg,977,182,1186,400,402,201
00001764.jpg,976,181,1185,399,404,200
00001765.jpg,974,181,1183,399,404,200
00001766.jpg,973,181,1182,399,404,199
00001767.jpg,971,181,1180,399,404,199
00001768.jpg,970,182,1179,400,404,199
00001769.jpg,969,183,1178,401,404,199
00001770.jpg,968,184,1177,402,404,199
00001771.jpg,968,185,1177,403,404,199
00001772.jpg,966,186,1175,404,407,195
00001773.jpg,964,186,1173,404,409,195
00001774.jpg,962,187,1171,405,408,193
00001775.jpg,962,187,1171,405,412,193
