00003652.jpg,832,129,1042,357,-1,-1
00003653.jpg,832,129,1042,357,-1,-1
00003654.jpg,832,129,1042,357,-1,-1
00003655.jpg,832,129,1042,357,-1,-1
00003656.jpg,831,128,1041,356,-1,-1
00003657.jpg,829,126,1039,354,-1,-1
00003658.jpg,828,125,1038,353,-1,-1
00003659.jpg,826,124,1036,352,-1,-1
00003660.jpg,825,123,1035,351,-1,-1
00003661.jpg,825,124,1035,352,-1,-1
00003662.jpg,825,124,1035,352,-1,-1
00003663.jpg,827,123,1037,351,-1,-1
00003664.jpg,830,123,1040,351,-1,-1
00003665.jpg,835,124,1045,352,-1,-1
00003666.jpg,839,125,1049,353,-1,-1
00003667.jpg,844,128,1054,356,-1,-1
00003668.jpg,848,130,1058,358,-1,-1
00003669.jpg,852,134,1062,362,-1,-1
00003670.jpg,857,136,1067,364,-1,-1
00003671.jpg,860,137,1070,365,-1,-1
00003672.jpg,862,137,1072,365,-1,-1
00003673.jpg,863,137,1073,365,-1,-1
00003674.jpg,861,137,1071,365,-1,-1
00003675.jpg,857,137,1067,365,-1,-1
00003676.jpg,851,137,1061,365,-1,-1
00003677.jpg,845,139,1055,367,-1,-1
00003678.jpg,840,140,1050,368,-1,-1
00003679.jpg,836,140,1046,368,-1,-1
00003680.jpg,833,140,1043,368,-1,-1
00003681.jpg,830,140,1040,368,-1,-1
00003682.jpg,828,141,1038,369,-1,-1
00003683.jpg,827,141,1037,369,-1,-1
00003684.jpg,826,142,1036,370,-1,-1
00003685.jpg,824,142,1034,370,-1,-1
00003686.jpg,823,141,1033,369,-1,-1
00003687.jpg,821,140,1031,368,-1,-1
00003688.jpg,819,139,1029,367,-1,-1
00003689.jpg,818,137,1028,365,-1,-1
00003690.jpg,817,135,1027,363,-1,-1
00003691.jpg,816,133,1026,361,-1,-1
00003692.jpg,816,131,1026,359,-1,-1
00003693.jpg,817,130,1027,358,-1,-1
00003694.jpg,818,130,1028,358,-1,-1
00003695.jpg,819,130,1029,358,-1,-1
00003696.jpg,819,130,1029,358,-1,-1
00003697.jpg,818,130,1028,358,-1,-1
00003698.jpg,817,131,1027,359,-1,-1
00003699.jpg,814,132,1024,360,-1,-1
00003700.jpg,812,134,1022,362,-1,-1
00003701.jpg,810,134,1020,362,-1,-1
00003702.jpg,809,134,1019,362,-1,-1
00003703.jpg,807,134,1017,362,-1,-1
00003704.jpg,807,133,1017,361,-1,-1
00003705.jpg,807,132,1017,360,-1,-1
00003706.jpg,807,132,1017,360,-1,-1
00003707.jpg,807,131,1017,359,-1,-1
00003708.jpg,809,130,1019,358,-1,-1
00003709.jpg,812,132,1022,360,-1,-1
00003710.jpg,817,136,1027,364,-1,-1
00003711.jpg,821,138,1031,366,-1,-1
00003712.jpg,825,137,1035,365,-1,-1
00003713.jpg,827,134,1037,362,-1,-1
00003714.jpg,828,131,1038,359,-1,-1
00003715.jpg,827,128,1037,356,-1,-1
00003716.jpg,826,128,1036,356,-1,-1
00003717.jpg,826,128,1036,356,-1,-1
