00000749.jpg,1318,0,1698,350,-1,-1
00000750.jpg,1311,0,1691,358,-1,-1
00000751.jpg,1305,0,1684,356,-1,-1
00000752.jpg,1305,0,1684,356,-1,-1
00000753.jpg,1305,0,1684,356,-1,-1
00000754.jpg,1282,7,1661,363,-1,-1
00000755.jpg,1237,15,1601,379,-1,-1
00000756.jpg,1237,15,1601,379,-1,-1
00000757.jpg,1224,22,1588,386,-1,-1
00000758.jpg,1224,22,1588,386,-1,-1
00000759.jpg,1212,28,1576,392,-1,-1
00000760.jpg,1203,32,1567,396,-1,-1
00000761.jpg,1196,35,1560,399,-1,-1
00000762.jpg,1188,35,1552,399,-1,-1
00000763.jpg,1188,35,1552,399,-1,-1
00000764.jpg,1181,30,1545,394,-1,-1
00000765.jpg,1172,22,1536,386,-1,-1
00000766.jpg,1164,16,1528,380,-1,-1
00000767.jpg,1156,14,1520,378,-1,-1
00000768.jpg,1156,14,1520,378,-1,-1
00000769.jpg,1146,13,1510,377,-1,-1
00000770.jpg,1121,21,1487,400,-1,-1
00000771.jpg,1121,21,1487,400,-1,-1
00000772.jpg,1113,22,1479,401,-1,-1
00000773.jpg,1113,22,1479,401,-1,-1
00000774.jpg,1110,22,1476,401,-1,-1
00000775.jpg,1113,19,1479,398,-1,-1
00000776.jpg,1121,15,1487,394,-1,-1
00000777.jpg,1131,14,1497,393,-1,-1
00000778.jpg,1131,14,1497,393,-1,-1
00000779.jpg,1143,16,1509,395,-1,-1
00000780.jpg,1156,21,1522,400,-1,-1
00000781.jpg,1171,28,1537,407,-1,-1
00000782.jpg,1188,36,1554,415,-1,-1
00000783.jpg,1188,36,1554,415,-1,-1
00000784.jpg,1200,42,1566,421,-1,-1
00000785.jpg,1211,48,1577,427,-1,-1
00000786.jpg,1221,58,1587,437,-1,-1
00000787.jpg,1234,70,1600,449,-1,-1
00000788.jpg,1234,70,1600,449,-1,-1
00000789.jpg,1223,57,1617,473,-1,-1
00000790.jpg,1223,57,1617,473,-1,-1
00000791.jpg,1221,63,1615,479,-1,-1
00000792.jpg,1214,65,1608,481,-1,-1
00000793.jpg,1214,65,1608,481,-1,-1
00000794.jpg,1202,67,1596,483,-1,-1
00000795.jpg,1189,65,1583,481,-1,-1
00000796.jpg,1172,61,1566,477,-1,-1
00000797.jpg,1156,54,1550,470,-1,-1
00000798.jpg,1156,54,1550,470,-1,-1
00000799.jpg,1142,48,1536,464,-1,-1
00000800.jpg,1130,43,1524,459,-1,-1
00000801.jpg,1119,39,1513,455,-1,-1
00000802.jpg,1122,54,1512,454,-1,-1
00000803.jpg,1122,54,1512,454,-1,-1
00000804.jpg,1120,53,1510,453,-1,-1
00000805.jpg,1120,52,1510,452,-1,-1
00000806.jpg,1122,49,1512,449,-1,-1
00000807.jpg,1125,46,1515,446,-1,-1
00000808.jpg,1109,51,1521,461,-1,-1
00000809.jpg,1109,51,1521,461,-1,-1
00000810.jpg,1109,51,1521,461,-1,-1
