00001177.jpg,118,6,264,158,409,82
00001178.jpg,118,6,264,158,410,82
00001179.jpg,118,6,264,158,412,82
00001180.jpg,118,6,264,158,416,81
00001181.jpg,117,6,263,158,417,82
00001182.jpg,116,6,262,158,420,81
00001183.jpg,116,6,262,158,420,81
00001184.jpg,115,6,261,158,419,82
00001185.jpg,113,6,259,158,420,81
00001186.jpg,112,6,258,158,421,80
00001187.jpg,110,6,256,158,422,80
00001188.jpg,110,6,256,158,422,80
00001189.jpg,110,6,256,158,422,82
00001190.jpg,109,6,255,158,422,82
00001191.jpg,109,6,255,158,422,82
00001192.jpg,109,6,255,158,422,82
00001193.jpg,109,6,255,158,423,82
00001194.jpg,110,6,256,158,424,83
00001195.jpg,110,6,256,158,424,84
00001196.jpg,110,6,256,158,424,84
00001197.jpg,110,6,256,158,426,85
00001198.jpg,109,6,255,158,428,86
00001199.jpg,109,6,255,158,428,86
00001200.jpg,109,6,255,158,427,86
00001201.jpg,109,6,255,158,427,86
00001202.jpg,109,6,255,158,427,86
00001203.jpg,109,6,255,158,426,86
00001204.jpg,109,6,255,158,426,86
00001205.jpg,109,6,255,158,425,86
00001206.jpg,109,6,255,158,423,85
00001207.jpg,109,6,255,158,423,85
00001208.jpg,109,6,255,158,422,85
00001209.jpg,110,7,256,159,421,86
00001210.jpg,101,8,257,165,420,86
00001211.jpg,101,8,257,165,419,86
00001212.jpg,102,8,258,165,419,86
00001213.jpg,102,8,258,165,420,88
00001214.jpg,102,8,258,165,419,87
00001215.jpg,102,8,258,165,418,87
00001216.jpg,102,8,258,165,416,85
00001217.jpg,101,8,257,165,413,85
00001218.jpg,101,8,257,165,412,85
00001219.jpg,101,9,257,166,408,84
00001220.jpg,100,9,256,166,404,83
00001221.jpg,98,9,254,166,400,84
00001222.jpg,97,9,253,166,397,84
00001223.jpg,97,9,253,166,396,84
00001224.jpg,97,9,253,166,395,84
00001225.jpg,97,9,253,166,393,84
00001226.jpg,97,9,253,167,392,84
00001227.jpg,97,9,253,168,390,84
00001228.jpg,97,9,253,168,390,82
00001229.jpg,98,9,254,169,385,82
00001230.jpg,100,9,256,170,386,81
00001231.jpg,102,9,258,170,389,81
00001232.jpg,102,9,258,170,390,82
00001233.jpg,104,9,260,171,392,82
00001234.jpg,105,9,261,171,394,83
00001235.jpg,107,9,263,170,398,83
00001236.jpg,108,9,264,170,401,83
00001237.jpg,109,9,265,169,401,84
00001238.jpg,109,9,265,169,403,85
00001239.jpg,110,9,266,168,405,84
00001240.jpg,112,9,268,166,406,84
00001241.jpg,114,9,270,166,408,83
00001242.jpg,114,9,270,166,408,83
00001243.jpg,116,8,272,165,409,81
00001244.jpg,118,8,274,165,410,80
00001245.jpg,118,8,274,165,412,80
00001246.jpg,119,9,275,166,410,80
00001247.jpg,119,9,275,168,412,82
00001248.jpg,119,9,275,168,412,82
00001249.jpg,118,9,274,171,412,85
00001250.jpg,118,9,274,173,412,87
00001251.jpg,118,9,274,174,414,87
00001252.jpg,117,9,273,175,414,86
00001253.jpg,117,9,273,175,414,85
00001254.jpg,116,9,272,175,414,84
00001255.jpg,115,9,271,175,413,86
00001256.jpg,114,9,270,176,412,86
00001257.jpg,113,9,269,177,412,86
00001258.jpg,113,9,269,177,411,86
00001259.jpg,113,9,269,177,410,86
