00001177.jpg,357,7,481,152,-1,-1
00001178.jpg,357,7,481,152,-1,-1
00001179.jpg,357,7,481,152,-1,-1
00001180.jpg,357,7,481,152,-1,-1
00001181.jpg,358,7,482,152,-1,-1
00001182.jpg,359,7,483,152,-1,-1
00001183.jpg,359,7,483,152,-1,-1
00001184.jpg,359,6,483,151,-1,-1
00001185.jpg,359,6,483,151,-1,-1
00001186.jpg,359,5,483,150,-1,-1
00001187.jpg,359,5,483,150,-1,-1
00001188.jpg,359,5,483,150,-1,-1
00001189.jpg,359,5,483,150,-1,-1
00001190.jpg,359,6,483,151,-1,-1
00001191.jpg,359,6,483,151,-1,-1
00001192.jpg,359,6,483,151,-1,-1
00001193.jpg,359,6,483,151,-1,-1
00001194.jpg,360,6,484,151,-1,-1
00001195.jpg,361,6,485,151,-1,-1
00001196.jpg,361,6,485,151,-1,-1
00001197.jpg,361,7,485,152,-1,-1
00001198.jpg,361,7,485,152,-1,-1
00001199.jpg,361,7,485,152,-1,-1
00001200.jpg,361,7,485,152,-1,-1
00001201.jpg,361,6,485,151,-1,-1
00001202.jpg,361,6,485,151,-1,-1
00001203.jpg,360,7,484,152,-1,-1
00001204.jpg,360,7,484,152,-1,-1
00001205.jpg,360,7,484,152,-1,-1
00001206.jpg,359,8,483,153,-1,-1
00001207.jpg,360,11,484,156,-1,-1
00001208.jpg,360,11,484,156,-1,-1
00001209.jpg,360,12,484,157,-1,-1
00001210.jpg,360,13,484,158,-1,-1
00001211.jpg,360,13,484,158,-1,-1
00001212.jpg,360,13,484,158,-1,-1
00001213.jpg,360,13,484,158,-1,-1
00001214.jpg,360,13,484,158,-1,-1
00001215.jpg,358,12,482,157,-1,-1
00001216.jpg,356,12,480,157,-1,-1
00001217.jpg,353,10,477,155,-1,-1
00001218.jpg,353,10,477,155,-1,-1
00001219.jpg,351,9,475,154,-1,-1
00001220.jpg,347,9,471,154,-1,-1
00001221.jpg,344,9,468,154,-1,-1
00001222.jpg,342,9,466,154,-1,-1
00001223.jpg,342,9,466,154,-1,-1
00001224.jpg,340,9,464,154,-1,-1
00001225.jpg,340,9,464,154,-1,-1
00001226.jpg,339,8,463,153,265,320
00001227.jpg,339,8,463,153,188,246
00001228.jpg,339,9,466,147,189,247
00001229.jpg,339,9,466,147,224,84
00001230.jpg,340,9,467,147,223,84
00001231.jpg,342,9,469,147,223,84
00001232.jpg,342,9,469,147,223,84
00001233.jpg,344,10,471,148,225,84
00001234.jpg,347,11,474,149,226,83
00001235.jpg,350,11,477,149,226,83
00001236.jpg,352,11,479,149,226,82
00001237.jpg,354,10,481,148,228,81
00001238.jpg,354,10,481,148,228,81
00001239.jpg,356,10,483,148,229,78
00001240.jpg,358,9,485,147,230,78
00001241.jpg,360,8,487,146,233,78
00001242.jpg,360,8,487,146,233,78
00001243.jpg,362,7,489,145,235,77
00001244.jpg,364,6,491,144,237,77
00001245.jpg,365,6,492,144,238,77
00001246.jpg,365,6,492,144,240,77
00001247.jpg,365,8,492,146,240,78
00001248.jpg,365,8,492,146,240,78
00001249.jpg,365,11,492,149,240,81
00001250.jpg,366,13,493,151,238,83
00001251.jpg,366,13,493,151,238,83
00001252.jpg,367,13,494,151,238,83
00001253.jpg,367,13,494,151,238,82
00001254.jpg,367,12,494,150,238,82
00001255.jpg,366,13,493,151,238,82
00001256.jpg,365,14,492,152,238,83
00001257.jpg,364,14,491,152,236,84
00001258.jpg,364,14,491,152,234,86
00001259.jpg,364,14,491,152,234,86
