00002508.jpg,324,133,526,351,490,436
00002509.jpg,324,133,526,351,530,445
00002510.jpg,324,133,526,351,561,436
00002511.jpg,324,133,526,351,588,430
00002512.jpg,324,133,526,351,590,430
00002513.jpg,326,132,528,350,622,418
00002514.jpg,332,121,532,336,730,454
00002515.jpg,332,121,532,336,742,390
00002516.jpg,334,119,534,334,916,264
00002517.jpg,334,119,534,334,916,264
00002518.jpg,334,118,534,333,916,264
00002519.jpg,335,117,535,332,916,264
00002520.jpg,335,116,535,331,917,256
00002521.jpg,335,116,535,331,916,198
00002522.jpg,335,116,535,331,914,194
00002523.jpg,330,107,530,322,914,197
00002524.jpg,328,106,528,321,917,200
00002525.jpg,327,107,527,322,916,205
00002526.jpg,325,106,525,321,916,206
00002527.jpg,325,106,525,321,914,206
00002528.jpg,322,104,522,319,914,206
00002529.jpg,319,103,519,318,912,206
00002530.jpg,316,102,516,317,910,208
00002531.jpg,313,101,513,316,910,208
00002532.jpg,313,101,513,316,910,208
00002533.jpg,310,100,510,315,909,208
00002534.jpg,306,99,506,314,906,208
00002535.jpg,304,99,504,314,905,208
00002536.jpg,298,97,498,312,906,210
00002537.jpg,298,97,498,312,906,210
00002538.jpg,297,98,497,313,906,210
00002539.jpg,295,99,495,314,906,210
00002540.jpg,293,99,493,314,905,212
00002541.jpg,292,100,492,315,905,212
00002542.jpg,292,100,492,315,905,212
00002543.jpg,291,100,491,315,905,212
00002544.jpg,291,100,491,315,905,212
00002545.jpg,291,99,491,314,905,212
00002546.jpg,291,99,491,314,905,212
00002547.jpg,291,99,491,314,904,212
00002548.jpg,291,99,491,314,905,212
