00018368.jpg,691,37,1056,475,97,269
00018369.jpg,691,37,1056,475,97,269
00018370.jpg,691,37,1056,475,97,269
00018371.jpg,691,37,1056,475,97,269
00018372.jpg,691,36,1056,474,97,269
00018373.jpg,693,36,1055,468,97,269
00018374.jpg,693,39,1057,465,97,269
00018375.jpg,693,36,1054,461,97,269
00018376.jpg,693,36,1056,465,97,269
00018377.jpg,696,36,1055,466,97,269
00018378.jpg,692,32,1057,470,97,269
00018379.jpg,692,32,1057,470,97,269
00018380.jpg,693,33,1058,471,97,269
00018381.jpg,693,34,1058,472,97,269
00018382.jpg,694,36,1059,474,97,269
00018383.jpg,694,37,1059,475,97,269
00018384.jpg,695,38,1060,476,97,269
00018385.jpg,695,39,1060,477,97,269
00018386.jpg,695,40,1060,478,97,269
00018387.jpg,694,39,1059,477,97,269
00018388.jpg,694,39,1059,477,97,269
00018389.jpg,694,39,1059,477,97,269
00018390.jpg,694,38,1059,476,97,269
00018391.jpg,693,38,1058,476,97,269
00018392.jpg,692,38,1057,476,97,269
00018393.jpg,692,38,1057,476,97,269
00018394.jpg,692,38,1057,476,97,269
00018395.jpg,692,37,1057,475,97,269
00018396.jpg,691,37,1058,472,97,269
00018397.jpg,691,39,1055,470,97,269
00018398.jpg,696,42,1054,466,97,269
00018399.jpg,697,42,1054,466,97,269
00018400.jpg,698,40,1053,468,97,269
00018401.jpg,691,35,1056,473,97,269
00018402.jpg,698,39,1053,471,97,269
00018403.jpg,690,36,1055,474,97,269
00018404.jpg,690,36,1055,474,97,269
00018405.jpg,694,39,1053,472,97,269
00018406.jpg,689,36,1054,474,97,269
00018407.jpg,689,36,1054,474,97,269
00018408.jpg,689,35,1054,473,97,269
00018409.jpg,688,35,1053,473,97,269
00018410.jpg,688,34,1053,472,97,269
00018411.jpg,688,34,1053,472,97,269
00018412.jpg,688,34,1053,472,97,269
00018413.jpg,688,35,1053,473,97,269
00018414.jpg,687,35,1052,473,97,269
00018415.jpg,687,35,1052,473,97,269
00018416.jpg,691,38,1056,472,97,269
00018417.jpg,687,35,1052,473,97,269
00018418.jpg,687,34,1052,472,97,269
00018419.jpg,687,33,1052,471,97,269
00018420.jpg,686,33,1051,471,97,269
00018421.jpg,686,33,1051,471,97,269
00018422.jpg,692,40,1053,464,97,269
00018423.jpg,693,38,1052,463,97,269
00018424.jpg,695,39,1054,460,-1,-1
00018425.jpg,695,37,1051,460,-1,-1
00018426.jpg,698,41,1046,457,-1,-1
00018427.jpg,695,38,1044,455,-1,-1
00018428.jpg,698,41,1041,448,-1,-1
00018429.jpg,693,39,1043,448,-1,-1
00018430.jpg,693,39,1042,444,-1,-1
00018431.jpg,690,37,1044,443,-1,-1
00018432.jpg,688,38,1048,436,-1,-1
00018433.jpg,684,39,1052,431,-1,-1
00018434.jpg,683,38,1048,433,-1,-1
00018435.jpg,680,36,1050,436,-1,-1
00018436.jpg,687,44,1045,431,-1,-1
00018437.jpg,684,45,1044,430,-1,-1
00018438.jpg,683,41,1045,429,-1,-1
00018439.jpg,682,43,1046,429,-1,-1
00018440.jpg,685,42,1047,427,-1,-1
00018441.jpg,679,39,1048,425,-1,-1
00018442.jpg,674,36,1052,423,-1,-1
00018443.jpg,670,41,1052,419,-1,-1
00018444.jpg,668,42,1049,423,-1,-1
00018445.jpg,668,42,1048,425,-1,-1
00018446.jpg,665,44,1048,426,-1,-1
00018447.jpg,667,43,1051,426,-1,-1
00018448.jpg,668,43,1051,426,-1,-1
00018449.jpg,666,44,1051,425,-1,-1
00018450.jpg,668,45,1048,422,-1,-1
00018451.jpg,666,44,1049,425,-1,-1
00018452.jpg,665,43,1048,427,-1,-1
00018453.jpg,663,41,1047,428,-1,-1
00018454.jpg,658,38,1050,432,-1,-1
00018455.jpg,660,36,1049,437,-1,-1
00018456.jpg,656,38,1048,437,-1,-1
00018457.jpg,658,40,1048,438,-1,-1
00018458.jpg,655,42,1050,437,-1,-1
00018459.jpg,653,44,1051,434,-1,-1
00018460.jpg,656,41,1048,438,-1,-1
00018461.jpg,653,42,1052,440,-1,-1
00018462.jpg,652,45,1047,443,-1,-1
00018463.jpg,650,47,1046,446,-1,-1
00018464.jpg,646,48,1045,448,-1,-1
00018465.jpg,649,49,1040,446,-1,-1
00018466.jpg,648,52,1035,450,-1,-1
00018467.jpg,647,55,1035,451,-1,-1
00018468.jpg,644,57,1030,453,-1,-1
00018469.jpg,644,59,1026,450,-1,-1
00018470.jpg,640,56,1026,448,-1,-1
00018471.jpg,639,60,1024,449,-1,-1
00018472.jpg,638,59,1027,456,-1,-1
00018473.jpg,636,59,1023,457,-1,-1
00018474.jpg,635,59,1024,456,-1,-1
00018475.jpg,638,60,1023,455,-1,-1
00018476.jpg,639,58,1025,452,-1,-1
00018477.jpg,645,60,1027,449,-1,-1
00018478.jpg,646,59,1032,454,-1,-1
00018479.jpg,651,59,1034,451,-1,-1
00018480.jpg,652,57,1037,449,-1,-1
00018481.jpg,654,56,1037,448,-1,-1
00018482.jpg,657,56,1040,447,-1,-1
00018483.jpg,658,56,1039,447,-1,-1
00018484.jpg,657,54,1039,448,-1,-1
00018485.jpg,657,56,1038,446,-1,-1
00018486.jpg,654,57,1037,446,-1,-1
00018487.jpg,652,60,1036,447,-1,-1
00018488.jpg,650,60,1034,448,-1,-1
00018489.jpg,647,55,1036,451,-1,-1
00018490.jpg,649,55,1035,450,-1,-1
00018491.jpg,646,55,1035,448,-1,-1
00018492.jpg,649,59,1033,448,-1,-1
00018493.jpg,651,58,1031,451,-1,-1
00018494.jpg,651,56,1032,454,-1,-1
00018495.jpg,650,55,1033,453,-1,-1
00018496.jpg,650,58,1032,449,-1,-1
00018497.jpg,648,58,1033,450,-1,-1
00018498.jpg,649,61,1035,455,-1,-1
00018499.jpg,650,62,1037,453,-1,-1
00018500.jpg,651,58,1037,453,-1,-1
00018501.jpg,652,58,1036,455,-1,-1
00018502.jpg,652,59,1035,456,-1,-1
00018503.jpg,651,58,1037,455,-1,-1
00018504.jpg,650,61,1037,455,-1,-1
00018505.jpg,651,63,1033,450,-1,-1
00018506.jpg,649,63,1036,453,167,268
00018507.jpg,649,63,1038,457,167,268
00018508.jpg,651,60,1040,454,167,268
00018509.jpg,650,59,1039,460,167,268
00018510.jpg,638,66,1003,504,167,268
00018511.jpg,638,69,1003,507,167,268
00018512.jpg,638,72,1003,510,167,268
00018513.jpg,638,73,1003,511,167,268
00018514.jpg,639,72,1004,510,167,268
00018515.jpg,640,71,1005,509,167,268
00018516.jpg,641,69,1006,507,167,268
00018517.jpg,641,67,1006,505,167,268
00018518.jpg,641,65,1006,503,167,268
00018519.jpg,642,64,1007,502,167,268
00018520.jpg,643,65,1008,503,167,268
00018521.jpg,643,67,1008,505,167,268
00018522.jpg,644,68,1009,506,167,268
00018523.jpg,644,67,1009,505,167,268
00018524.jpg,645,66,1010,504,167,268
00018525.jpg,646,65,1011,503,167,268
00018526.jpg,647,65,1012,503,167,268
00018527.jpg,647,66,1012,504,167,268
00018528.jpg,647,67,1012,505,167,268
00018529.jpg,647,66,1012,504,167,268
00018530.jpg,649,66,1014,504,167,268
00018531.jpg,650,66,1015,504,167,268
00018532.jpg,651,68,1016,506,167,268
00018533.jpg,651,68,1016,506,167,268
00018534.jpg,651,68,1016,506,167,268
