00032583.jpg,726,58,1248,577,434,107
00032584.jpg,726,58,1248,577,432,108
00032585.jpg,726,58,1248,577,432,108
00032586.jpg,726,58,1248,577,430,108
00032587.jpg,726,59,1248,578,430,108
00032588.jpg,725,60,1247,579,430,110
00032589.jpg,725,61,1247,580,430,110
00032590.jpg,725,61,1247,580,426,112
00032591.jpg,725,62,1247,581,426,113
00032592.jpg,725,62,1247,581,425,115
00032593.jpg,724,63,1246,582,424,115
00032594.jpg,725,63,1247,582,423,115
00032595.jpg,725,63,1247,582,419,113
00032596.jpg,725,63,1247,582,419,112
00032597.jpg,725,63,1247,582,414,112
00032598.jpg,724,64,1246,583,414,112
00032599.jpg,724,64,1246,583,414,114
00032600.jpg,724,64,1246,583,414,114
00032601.jpg,724,65,1246,584,425,115
00032602.jpg,724,65,1246,584,425,115
00032603.jpg,724,65,1246,584,427,120
00032604.jpg,724,66,1246,585,431,122
00032605.jpg,724,66,1246,585,431,122
00032606.jpg,724,67,1246,586,433,125
00032607.jpg,724,67,1246,586,436,125
00032608.jpg,724,67,1246,586,438,126
00032609.jpg,724,67,1246,586,438,126
00032610.jpg,724,67,1246,586,438,126
00032611.jpg,724,67,1246,586,438,126
00032612.jpg,724,67,1246,586,438,127
00032613.jpg,724,67,1246,586,438,127
00032614.jpg,724,67,1246,586,438,127
00032615.jpg,724,67,1246,586,437,129
00032616.jpg,724,67,1246,586,437,129
00032617.jpg,724,68,1246,587,436,134
00032618.jpg,724,67,1246,586,436,134
00032619.jpg,724,67,1246,586,436,135
00032620.jpg,724,67,1246,586,436,135
00032621.jpg,724,66,1246,585,436,135
00032622.jpg,724,66,1246,585,436,133
00032623.jpg,724,66,1246,585,436,133
00032624.jpg,724,66,1246,585,436,133
00032625.jpg,723,67,1245,586,436,133
00032626.jpg,724,67,1246,586,436,133
00032627.jpg,723,68,1245,587,432,137
00032628.jpg,724,68,1246,587,432,138
00032629.jpg,724,69,1246,588,436,139
00032630.jpg,724,69,1246,588,436,139
00032631.jpg,724,69,1246,588,436,139
00032632.jpg,724,68,1246,587,436,139
00032633.jpg,723,69,1245,588,436,139
00032634.jpg,723,69,1245,588,435,139
00032635.jpg,724,69,1246,588,435,139
00032636.jpg,724,70,1246,589,435,139
00032637.jpg,724,70,1246,589,435,139
00032638.jpg,724,70,1246,589,435,139
00032639.jpg,723,70,1245,589,435,139
00032640.jpg,723,71,1245,590,435,139
00032641.jpg,723,71,1245,590,435,139
00032642.jpg,723,71,1245,590,435,139
00032643.jpg,723,72,1245,591,435,139
00032644.jpg,723,71,1245,590,435,139
00032645.jpg,723,72,1245,591,439,139
00032646.jpg,723,72,1245,591,439,139
00032647.jpg,723,72,1245,591,440,139
00032648.jpg,723,72,1245,591,444,139
00032649.jpg,723,72,1245,591,444,139
00032650.jpg,724,72,1246,591,444,139
00032651.jpg,724,72,1246,591,442,139
00032652.jpg,724,73,1246,592,442,139
00032653.jpg,724,73,1246,592,441,139
00032654.jpg,724,73,1246,592,440,141
00032655.jpg,724,73,1246,592,440,141
00032656.jpg,724,73,1246,592,440,141
00032657.jpg,724,73,1246,592,440,141
00032658.jpg,724,73,1246,592,442,141
00032659.jpg,724,73,1246,592,442,141
00032660.jpg,724,73,1246,592,441,142
00032661.jpg,724,73,1246,592,441,142
00032662.jpg,724,73,1246,592,441,143
00032663.jpg,724,73,1246,592,441,143
00032664.jpg,724,73,1246,592,439,143
00032665.jpg,724,73,1246,592,439,143
00032666.jpg,724,73,1246,592,437,145
00032667.jpg,724,73,1246,592,434,146
00032668.jpg,724,73,1246,592,434,146
00032669.jpg,724,73,1246,592,433,147
00032670.jpg,724,73,1246,592,432,149
00032671.jpg,724,73,1246,592,432,149
00032672.jpg,724,73,1246,592,432,149
00032673.jpg,724,73,1246,592,432,149
00032674.jpg,724,73,1246,592,433,149
00032675.jpg,724,73,1246,592,433,149
00032676.jpg,724,73,1246,592,433,149
00032677.jpg,724,73,1246,592,433,149
00032678.jpg,724,74,1246,593,433,149
00032679.jpg,724,74,1246,593,433,149
00032680.jpg,725,74,1247,593,433,149
00032681.jpg,725,74,1247,593,433,150
00032682.jpg,725,74,1247,593,433,151
00032683.jpg,725,74,1247,593,433,151
00032684.jpg,725,74,1247,593,433,153
00032685.jpg,725,74,1247,593,433,153
00032686.jpg,725,74,1247,593,433,155
00032687.jpg,726,75,1248,594,433,155
00032688.jpg,726,75,1248,594,433,159
00032689.jpg,726,75,1248,594,433,161
00032690.jpg,726,75,1248,594,432,169
00032691.jpg,726,76,1248,595,431,171
00032692.jpg,726,76,1248,595,431,171
00032693.jpg,726,76,1248,595,433,171
00032694.jpg,726,76,1248,595,433,171
00032695.jpg,726,76,1248,595,433,171
00032696.jpg,726,76,1248,595,433,171
00032697.jpg,725,76,1247,595,433,171
00032698.jpg,725,76,1247,595,433,171
00032699.jpg,725,76,1247,595,433,171
00032700.jpg,725,76,1247,595,433,171
00032701.jpg,725,76,1247,595,433,171
00032702.jpg,726,76,1248,595,433,171
00032703.jpg,726,76,1248,595,433,171
00032704.jpg,726,75,1248,594,433,171
00032705.jpg,726,75,1248,594,433,171
00032706.jpg,726,75,1248,594,433,171
00032707.jpg,726,75,1248,594,433,171
00032708.jpg,726,75,1248,594,433,171
00032709.jpg,726,75,1248,594,433,171
00032710.jpg,726,74,1248,593,433,171
00032711.jpg,726,74,1248,593,431,169
00032712.jpg,726,73,1248,592,431,169
00032713.jpg,726,73,1248,592,431,169
00032714.jpg,726,73,1248,592,431,169
00032715.jpg,726,73,1248,592,431,169
00032716.jpg,726,72,1248,591,431,169
00032717.jpg,726,72,1248,591,429,169
00032718.jpg,726,71,1248,590,429,169
00032719.jpg,726,71,1248,590,429,169
00032720.jpg,726,69,1248,588,429,169
00032721.jpg,726,68,1248,587,429,169
00032722.jpg,727,67,1249,586,429,169
00032723.jpg,727,66,1249,585,429,169
00032724.jpg,727,66,1249,585,429,169
00032725.jpg,727,65,1249,584,429,169
00032726.jpg,727,64,1249,583,429,169
00032727.jpg,727,64,1249,583,429,169
00032728.jpg,727,63,1249,582,429,169
00032729.jpg,727,63,1249,582,428,169
00032730.jpg,727,63,1249,582,427,169
00032731.jpg,727,62,1249,581,427,169
00032732.jpg,727,62,1249,581,426,172
00032733.jpg,727,62,1249,581,426,172
00032734.jpg,727,62,1249,581,425,172
00032735.jpg,727,61,1249,580,425,172
00032736.jpg,727,60,1249,579,425,172
00032737.jpg,727,59,1249,578,425,172
00032738.jpg,727,58,1249,577,424,172
00032739.jpg,727,57,1249,576,424,172
00032740.jpg,727,56,1249,575,424,172
00032741.jpg,727,55,1249,574,423,170
00032742.jpg,727,55,1249,574,423,172
00032743.jpg,727,54,1249,573,423,172
00032744.jpg,727,54,1249,573,422,172
00032745.jpg,727,54,1249,573,422,172
00032746.jpg,727,53,1249,572,420,173
00032747.jpg,727,53,1249,572,419,176
00032748.jpg,727,52,1249,571,418,178
00032749.jpg,727,51,1249,570,418,179
00032750.jpg,727,49,1249,568,418,179
00032751.jpg,727,47,1249,566,416,186
00032752.jpg,727,47,1249,566,411,199
