00019252.jpg,379,52,479,166,619,149
00019253.jpg,379,52,479,166,619,149
00019254.jpg,379,52,479,166,619,149
00019255.jpg,379,52,479,166,619,149
00019256.jpg,379,52,479,166,619,149
00019257.jpg,379,52,479,166,619,149
00019258.jpg,379,52,479,166,619,149
00019259.jpg,379,52,479,166,619,149
00019260.jpg,378,52,478,166,619,149
00019261.jpg,378,52,478,166,619,149
00019262.jpg,378,52,478,166,619,149
00019263.jpg,378,52,478,166,619,149
00019264.jpg,378,52,478,166,619,149
00019265.jpg,378,52,478,166,619,149
00019266.jpg,378,52,478,166,619,149
00019267.jpg,378,52,478,166,619,149
00019268.jpg,378,52,478,166,619,149
00019269.jpg,378,52,478,166,619,149
00019270.jpg,379,52,479,166,619,149
00019271.jpg,379,52,479,166,619,149
00019272.jpg,379,52,479,166,619,149
00019273.jpg,379,52,479,166,619,149
00019274.jpg,379,52,479,166,619,149
00019275.jpg,379,52,479,166,619,149
00019276.jpg,379,52,479,166,619,149
00019277.jpg,380,52,480,166,619,149
00019278.jpg,380,52,480,166,619,149
00019279.jpg,380,52,480,166,619,149
00019280.jpg,380,52,480,166,619,149
00019281.jpg,380,52,480,166,619,149
00019282.jpg,381,52,481,166,619,149
00019283.jpg,381,52,481,166,619,149
00019284.jpg,381,52,481,166,619,149
00019285.jpg,382,52,482,166,619,149
00019286.jpg,382,52,482,166,619,149
00019287.jpg,382,52,482,166,619,149
00019288.jpg,382,52,482,166,619,149
00019289.jpg,382,52,482,166,619,149
00019290.jpg,382,52,482,166,619,149
00019291.jpg,382,52,482,166,619,149
00019292.jpg,383,52,483,166,619,149
00019293.jpg,383,52,483,166,619,149
00019294.jpg,383,52,483,166,619,149
00019295.jpg,384,52,484,166,619,149
00019296.jpg,384,52,484,166,619,149
00019297.jpg,384,52,484,166,619,149
00019298.jpg,384,52,484,166,619,149
00019299.jpg,383,52,483,166,619,149
00019300.jpg,383,52,483,166,619,149
00019301.jpg,383,52,483,166,619,149
00019302.jpg,384,53,484,167,619,149
00019303.jpg,384,52,484,166,619,149
00019304.jpg,384,53,484,167,619,149
00019305.jpg,384,53,484,167,619,149
00019306.jpg,384,53,484,167,619,149
00019307.jpg,385,54,485,168,619,149
00019308.jpg,385,54,485,168,619,149
00019309.jpg,386,54,486,168,619,149
00019310.jpg,386,54,486,168,619,149
00019311.jpg,387,54,487,168,619,149
00019312.jpg,387,54,487,168,619,149
00019313.jpg,387,53,487,167,619,149
00019314.jpg,388,54,488,168,619,149
00019315.jpg,389,52,489,166,619,149
00019316.jpg,389,52,489,166,619,149
00019317.jpg,389,52,489,166,619,149
00019318.jpg,389,52,489,166,619,149
00019319.jpg,388,52,488,166,619,149
00019320.jpg,388,52,488,166,619,149
00019321.jpg,388,52,488,166,619,149
00019322.jpg,388,51,488,165,619,149
00019323.jpg,387,51,487,165,619,149
00019324.jpg,387,51,487,165,619,149
00019325.jpg,387,51,487,165,619,149
00019326.jpg,386,52,486,166,619,149
00019327.jpg,386,52,486,166,619,149
00019328.jpg,385,51,485,165,619,149
00019329.jpg,385,51,485,165,613,149
00019330.jpg,385,51,485,165,612,149
00019331.jpg,385,51,485,165,612,149
00019332.jpg,384,51,484,165,611,151
00019333.jpg,384,51,484,165,610,154
00019334.jpg,384,51,484,165,609,157
00019335.jpg,384,51,484,165,608,158
00019336.jpg,384,51,484,165,606,158
00019337.jpg,383,51,483,165,606,158
00019338.jpg,383,51,483,165,605,158
00019339.jpg,383,51,483,165,605,158
00019340.jpg,383,51,483,165,605,158
00019341.jpg,383,51,483,165,605,158
00019342.jpg,383,51,483,165,605,158
00019343.jpg,383,51,483,165,607,157
00019344.jpg,382,50,482,164,609,155
00019345.jpg,382,50,482,164,609,155
00019346.jpg,382,50,482,164,609,155
00019347.jpg,382,50,482,164,609,154
00019348.jpg,382,50,482,164,609,154
00019349.jpg,382,50,482,164,610,154
00019350.jpg,382,50,482,164,610,152
00019351.jpg,382,51,482,165,610,152
00019352.jpg,381,50,481,164,610,152
00019353.jpg,381,50,481,164,611,151
00019354.jpg,381,50,481,164,614,150
00019355.jpg,381,50,481,164,615,149
00019356.jpg,380,50,480,164,615,148
00019357.jpg,380,50,480,164,617,148
00019358.jpg,380,50,480,164,617,148
00019359.jpg,380,50,480,164,613,151
00019360.jpg,379,50,479,164,613,152
00019361.jpg,379,50,479,164,612,152
00019362.jpg,379,50,479,164,611,152
00019363.jpg,378,50,478,164,607,155
00019364.jpg,378,50,478,164,606,156
00019365.jpg,378,50,478,164,604,157
00019366.jpg,378,51,478,165,604,157
00019367.jpg,378,51,478,165,603,156
00019368.jpg,378,51,478,165,603,156
00019369.jpg,378,51,478,165,603,156
00019370.jpg,377,50,477,164,603,156
00019371.jpg,377,51,477,165,603,156
00019372.jpg,377,50,477,164,603,156
00019373.jpg,377,50,477,164,603,156
00019374.jpg,377,50,477,164,603,156
00019375.jpg,377,51,477,165,603,156
00019376.jpg,377,51,477,165,603,156
00019377.jpg,377,51,477,165,603,156
00019378.jpg,377,51,477,165,603,156
00019379.jpg,377,51,477,165,603,156
00019380.jpg,377,51,477,165,603,156
00019381.jpg,377,51,477,165,603,156
00019382.jpg,377,51,477,165,603,156
00019383.jpg,377,51,477,165,603,156
00019384.jpg,377,51,477,165,603,156
00019385.jpg,377,50,477,164,603,156
00019386.jpg,377,50,477,164,603,156
00019387.jpg,377,50,477,164,603,156
00019388.jpg,377,50,477,164,603,156
00019389.jpg,377,50,477,164,603,156
00019390.jpg,377,50,477,164,603,156
00019391.jpg,377,50,477,164,603,156
00019392.jpg,377,50,477,164,603,156
00019393.jpg,377,50,477,164,603,156
00019394.jpg,378,50,478,164,603,156
00019395.jpg,377,50,477,164,603,156
00019396.jpg,378,51,478,165,603,156
00019397.jpg,378,51,478,165,603,156
