00001673.jpg,368,11,707,354,-1,-1
00001674.jpg,368,11,707,354,-1,-1
00001675.jpg,368,11,707,354,-1,-1
00001676.jpg,370,7,709,350,-1,-1
00001677.jpg,372,2,711,345,-1,-1
00001678.jpg,374,0,713,343,-1,-1
00001679.jpg,376,0,715,343,-1,-1
00001680.jpg,377,0,716,343,-1,-1
00001681.jpg,376,0,715,343,-1,-1
00001682.jpg,375,0,714,343,-1,-1
00001683.jpg,373,0,712,343,-1,-1
00001684.jpg,370,0,709,343,-1,-1
00001685.jpg,364,0,703,343,-1,-1
00001686.jpg,362,0,701,343,-1,-1
00001687.jpg,360,0,699,343,-1,-1
00001688.jpg,359,0,698,343,-1,-1
00001689.jpg,359,0,698,343,-1,-1
00001690.jpg,361,4,700,347,-1,-1
00001691.jpg,362,6,701,349,-1,-1
00001692.jpg,362,7,701,350,-1,-1
00001693.jpg,362,8,701,351,-1,-1
00001694.jpg,360,8,699,351,-1,-1
00001695.jpg,355,9,694,352,-1,-1
00001696.jpg,352,11,691,354,-1,-1
00001697.jpg,351,13,690,356,-1,-1
00001698.jpg,350,14,689,357,-1,-1
00001699.jpg,350,15,689,358,-1,-1
00001700.jpg,352,17,691,360,-1,-1
00001701.jpg,354,18,693,361,-1,-1
00001702.jpg,355,19,694,362,-1,-1
00001703.jpg,355,19,694,362,-1,-1
00001704.jpg,355,19,694,362,-1,-1
00001705.jpg,353,19,692,362,-1,-1
00001706.jpg,353,19,692,362,-1,-1
00001707.jpg,354,19,693,362,-1,-1
00001708.jpg,356,18,695,361,-1,-1
00001709.jpg,360,16,699,359,-1,-1
00001710.jpg,369,11,708,354,-1,-1
00001711.jpg,375,9,714,352,-1,-1
00001712.jpg,381,6,720,349,-1,-1
00001713.jpg,385,5,724,348,-1,-1
00001714.jpg,388,5,727,348,-1,-1
00001715.jpg,387,3,726,346,-1,-1
00001716.jpg,384,2,723,345,-1,-1
00001717.jpg,380,2,719,345,-1,-1
00001718.jpg,375,3,714,346,-1,-1
00001719.jpg,368,4,707,347,-1,-1
00001720.jpg,361,8,700,351,-1,-1
00001721.jpg,360,7,699,350,-1,-1
00001722.jpg,361,7,700,350,-1,-1
00001723.jpg,414,7,742,346,-1,-1
00001724.jpg,414,7,742,346,-1,-1
00001725.jpg,417,6,745,345,-1,-1
00001726.jpg,418,3,746,342,-1,-1
00001727.jpg,418,1,746,340,-1,-1
00001728.jpg,418,0,746,339,-1,-1
00001729.jpg,416,0,744,339,-1,-1
00001730.jpg,411,0,739,339,-1,-1
00001731.jpg,407,0,735,339,-1,-1
00001732.jpg,403,0,731,339,-1,-1
00001733.jpg,397,0,725,339,-1,-1
00001734.jpg,392,0,720,339,-1,-1
00001735.jpg,383,0,711,339,-1,-1
00001736.jpg,384,2,694,335,-1,-1
00001737.jpg,377,4,692,334,-1,-1
00001738.jpg,373,4,684,334,-1,-1
00001739.jpg,368,8,683,335,-1,-1
00001740.jpg,364,6,692,345,-1,-1
00001741.jpg,361,8,689,347,-1,-1
00001742.jpg,360,10,688,349,-1,-1
00001743.jpg,359,11,687,350,-1,-1
00001744.jpg,359,13,687,352,-1,-1
00001745.jpg,360,16,688,355,-1,-1
00001746.jpg,361,18,689,357,-1,-1
00001747.jpg,362,20,690,359,-1,-1
00001748.jpg,354,26,691,353,-1,-1
00001749.jpg,367,22,695,361,-1,-1
00001750.jpg,375,24,703,363,-1,-1
00001751.jpg,378,23,706,362,-1,-1
00001752.jpg,380,22,708,361,-1,-1
00001753.jpg,380,20,708,359,-1,-1
00001754.jpg,380,17,708,356,-1,-1
00001755.jpg,378,11,706,350,-1,-1
00001756.jpg,376,10,704,349,-1,-1
00001757.jpg,373,8,701,347,-1,-1
00001758.jpg,372,8,700,347,-1,-1
00001759.jpg,372,9,700,348,-1,-1
00001760.jpg,374,14,702,353,-1,-1
00001761.jpg,376,15,704,354,-1,-1
00001762.jpg,377,15,705,354,-1,-1
00001763.jpg,343,17,674,339,-1,-1
00001764.jpg,343,17,674,339,-1,-1
00001765.jpg,345,14,676,336,-1,-1
00001766.jpg,346,13,677,335,-1,-1
00001767.jpg,346,12,677,334,-1,-1
00001768.jpg,346,11,677,333,-1,-1
00001769.jpg,346,12,677,334,-1,-1
00001770.jpg,347,15,678,337,-1,-1
00001771.jpg,347,17,678,339,-1,-1
00001772.jpg,348,20,679,342,-1,-1
00001773.jpg,350,24,681,346,-1,-1
00001774.jpg,352,29,683,351,-1,-1
00001775.jpg,352,17,689,364,-1,-1
00001776.jpg,353,19,688,364,-1,-1
00001777.jpg,353,19,688,364,-1,-1
00001778.jpg,354,19,690,363,-1,-1
00001779.jpg,358,19,692,362,-1,-1
00001780.jpg,360,18,701,359,-1,-1
00001781.jpg,357,19,688,341,-1,-1
00001782.jpg,357,15,688,337,-1,-1
00001783.jpg,358,13,689,335,-1,-1
00001784.jpg,357,12,688,334,-1,-1
00001785.jpg,357,14,688,336,-1,-1
00001786.jpg,356,17,687,339,-1,-1
00001787.jpg,356,20,687,342,-1,-1
00001788.jpg,355,21,686,343,-1,-1
00001789.jpg,355,21,686,343,-1,-1
00001790.jpg,354,14,685,336,-1,-1
00001791.jpg,353,9,684,331,-1,-1
00001792.jpg,352,6,683,328,-1,-1
00001793.jpg,352,5,683,327,-1,-1
00001794.jpg,351,4,682,326,-1,-1
00001795.jpg,349,9,680,331,-1,-1
00001796.jpg,347,12,678,334,-1,-1
00001797.jpg,346,15,677,337,-1,-1
00001798.jpg,345,16,676,338,-1,-1
00001799.jpg,345,15,676,337,-1,-1
00001800.jpg,346,10,677,332,-1,-1
00001801.jpg,346,9,677,331,-1,-1
00001802.jpg,346,9,677,331,-1,-1
00001803.jpg,347,9,678,331,-1,-1
00001804.jpg,346,10,677,332,-1,-1
00001805.jpg,348,12,679,334,-1,-1
00001806.jpg,349,13,680,335,-1,-1
00001807.jpg,350,14,681,336,-1,-1
00001808.jpg,352,12,683,334,-1,-1
00001809.jpg,353,12,684,334,-1,-1
00001810.jpg,355,13,686,335,-1,-1
00001811.jpg,354,15,685,337,-1,-1
00001812.jpg,353,18,684,340,-1,-1
00001813.jpg,353,21,684,343,-1,-1
00001814.jpg,352,24,683,346,-1,-1
00001815.jpg,352,23,683,345,-1,-1
00001816.jpg,352,20,683,342,-1,-1
00001817.jpg,352,15,683,337,-1,-1
00001818.jpg,353,11,684,333,-1,-1
00001819.jpg,354,6,685,328,-1,-1
00001820.jpg,354,5,685,327,-1,-1
00001821.jpg,353,7,684,329,-1,-1
00001822.jpg,352,9,683,331,-1,-1
00001823.jpg,352,12,683,334,-1,-1
00001824.jpg,352,14,683,336,-1,-1
00001825.jpg,354,15,685,337,-1,-1
00001826.jpg,354,14,685,336,-1,-1
00001827.jpg,354,13,685,335,-1,-1
00001828.jpg,353,11,684,333,-1,-1
00001829.jpg,352,11,683,333,-1,-1
00001830.jpg,352,11,683,333,-1,-1
00001831.jpg,350,14,681,336,-1,-1
00001832.jpg,350,16,681,338,-1,-1
00001833.jpg,350,17,681,339,-1,-1
00001834.jpg,350,17,681,339,-1,-1
00001835.jpg,350,16,681,338,-1,-1
00001836.jpg,350,14,681,336,-1,-1
00001837.jpg,350,14,681,336,-1,-1
00001838.jpg,349,14,680,336,-1,-1
00001839.jpg,349,14,680,336,-1,-1
00001840.jpg,348,14,679,336,-1,-1
00001841.jpg,348,15,679,337,-1,-1
00001842.jpg,348,15,679,337,-1,-1
00001843.jpg,348,15,679,337,-1,-1
00001844.jpg,348,15,679,337,-1,-1
00001845.jpg,348,15,679,337,-1,-1
00001846.jpg,348,15,679,337,-1,-1
00001847.jpg,348,15,679,337,-1,-1
00001848.jpg,348,16,679,338,-1,-1
00001849.jpg,347,17,678,339,-1,-1
00001850.jpg,348,18,679,340,-1,-1
00001851.jpg,349,23,680,345,-1,-1
00001852.jpg,350,26,681,348,-1,-1
00001853.jpg,350,31,681,353,-1,-1
00001854.jpg,351,35,682,357,-1,-1
00001855.jpg,350,39,681,361,-1,-1
00001856.jpg,348,43,679,365,-1,-1
00001857.jpg,347,43,678,365,-1,-1
00001858.jpg,347,42,678,364,-1,-1
00001859.jpg,347,38,678,360,-1,-1
00001860.jpg,348,31,679,353,-1,-1
00001861.jpg,348,23,679,345,-1,-1
00001862.jpg,348,22,679,344,-1,-1
00001863.jpg,348,22,679,344,-1,-1
00001864.jpg,345,14,688,354,-1,-1
00001865.jpg,343,15,687,355,-1,-1
00001866.jpg,346,17,678,364,-1,-1
00001867.jpg,347,17,678,367,-1,-1
00001868.jpg,346,14,675,369,-1,-1
00001869.jpg,348,12,673,373,-1,-1
00001870.jpg,350,13,675,374,-1,-1
00001871.jpg,352,13,676,374,-1,-1
00001872.jpg,349,14,680,370,-1,-1
00001873.jpg,350,15,686,366,-1,-1
00001874.jpg,349,17,687,363,-1,-1
00001875.jpg,351,32,682,354,-1,-1
00001876.jpg,351,28,682,350,-1,-1
00001877.jpg,351,29,682,351,-1,-1
00001878.jpg,350,32,681,354,-1,-1
00001879.jpg,350,34,681,356,-1,-1
00001880.jpg,351,34,682,356,-1,-1
00001881.jpg,352,27,683,349,-1,-1
00001882.jpg,352,24,683,346,-1,-1
00001883.jpg,352,22,683,344,-1,-1
00001884.jpg,352,22,683,344,-1,-1
00001885.jpg,352,22,683,344,-1,-1
00001886.jpg,351,19,682,341,-1,-1
00001887.jpg,350,17,681,339,-1,-1
00001888.jpg,351,17,682,339,-1,-1
00001889.jpg,351,17,682,339,-1,-1
00001890.jpg,350,22,681,344,-1,-1
00001891.jpg,349,30,680,352,-1,-1
00001892.jpg,348,29,679,351,-1,-1
00001893.jpg,348,26,679,348,-1,-1
00001894.jpg,349,21,680,343,-1,-1
00001895.jpg,349,18,680,340,-1,-1
00001896.jpg,349,20,680,342,-1,-1
00001897.jpg,347,21,678,343,-1,-1
00001898.jpg,347,17,678,339,-1,-1
00001899.jpg,346,15,677,337,-1,-1
00001900.jpg,347,12,678,334,-1,-1
00001901.jpg,346,7,677,329,-1,-1
00001902.jpg,343,4,674,326,-1,-1
00001903.jpg,339,2,670,324,-1,-1
00001904.jpg,334,3,665,325,-1,-1
00001905.jpg,355,7,686,311,-1,-1
00001906.jpg,355,7,686,311,380,684
00001907.jpg,349,15,680,319,380,684
00001908.jpg,341,26,672,330,380,684
00001909.jpg,328,15,710,362,376,684
00001910.jpg,328,15,710,362,370,690
00001911.jpg,322,21,704,368,370,690
00001912.jpg,317,24,699,371,370,686
00001913.jpg,311,28,693,375,321,674
00001914.jpg,305,34,687,381,314,675
00001915.jpg,300,39,682,386,310,676
00001916.jpg,285,48,667,395,309,676
00001917.jpg,282,51,664,398,306,678
00001918.jpg,279,55,661,402,307,679
00001919.jpg,276,57,658,404,307,679
00001920.jpg,274,58,656,405,307,679
00001921.jpg,270,59,652,406,307,679
00001922.jpg,269,59,651,406,307,679
00001923.jpg,269,59,651,406,310,679
00001924.jpg,269,59,651,406,315,679
