00000569.jpg,265,428,382,547,861,510
00000570.jpg,265,428,382,547,866,510
00000571.jpg,265,428,382,547,868,510
00000572.jpg,265,428,382,547,870,510
00000573.jpg,266,427,383,546,871,511
00000574.jpg,268,427,385,546,873,513
00000575.jpg,269,427,386,546,380,600
00000576.jpg,271,428,388,547,357,620
00000577.jpg,274,429,391,548,351,635
00000578.jpg,281,431,392,549,347,640
00000579.jpg,281,431,392,549,347,645
00000580.jpg,284,434,395,552,351,646
00000581.jpg,287,437,398,555,363,649
00000582.jpg,290,437,401,555,365,651
00000583.jpg,293,439,404,557,365,654
00000584.jpg,296,442,407,560,367,656
00000585.jpg,298,444,409,562,370,656
00000586.jpg,300,445,411,563,371,656
00000587.jpg,303,446,414,564,371,653
00000588.jpg,312,451,422,573,371,653
00000589.jpg,312,451,422,573,371,653
00000590.jpg,315,453,425,575,375,653
00000591.jpg,317,455,427,577,377,653
00000592.jpg,319,456,429,578,381,650
00000593.jpg,320,459,430,581,380,650
00000594.jpg,326,463,436,581,380,651
00000595.jpg,326,463,436,581,382,655
00000596.jpg,327,466,437,584,380,655
00000597.jpg,328,468,438,586,382,655
00000598.jpg,329,470,439,588,382,660
00000599.jpg,329,472,439,590,382,660
00000600.jpg,330,474,440,592,380,660
00000601.jpg,331,475,441,593,380,663
00000602.jpg,332,474,442,592,380,660
00000603.jpg,334,471,444,589,381,660
00000604.jpg,340,482,444,598,381,660
00000605.jpg,343,473,447,589,660,614
00000606.jpg,347,463,450,582,775,534
00000607.jpg,345,452,447,572,771,534
00000608.jpg,338,444,448,565,770,535
00000609.jpg,338,444,448,565,768,539
00000610.jpg,335,440,445,561,768,543
00000611.jpg,332,437,442,558,770,546
00000612.jpg,328,436,438,557,770,550
00000613.jpg,324,434,434,555,773,550
00000614.jpg,320,433,430,554,782,550
00000615.jpg,316,432,426,553,788,550
00000616.jpg,312,431,422,552,793,550
00000617.jpg,309,430,419,551,795,550
00000618.jpg,303,426,413,547,798,550
00000619.jpg,300,426,410,547,802,550
00000620.jpg,297,426,407,547,806,550
00000621.jpg,294,425,404,546,811,550
00000622.jpg,290,425,400,546,811,553
00000623.jpg,287,425,397,546,813,554
00000624.jpg,287,428,397,549,816,554
00000625.jpg,284,430,394,551,821,554
00000626.jpg,283,430,393,551,826,558
00000627.jpg,281,431,391,552,832,558
00000628.jpg,279,431,389,552,833,564
00000629.jpg,277,432,387,553,838,569
00000630.jpg,275,433,385,554,841,569
00000631.jpg,273,432,383,553,841,570
00000632.jpg,272,434,382,555,843,573
00000633.jpg,270,434,380,555,841,569
00000634.jpg,269,435,379,556,841,569
00000635.jpg,267,435,377,556,841,569
00000636.jpg,267,435,377,556,841,569
00000637.jpg,261,434,367,552,841,569
00000638.jpg,261,434,367,552,842,569
00000639.jpg,260,434,366,552,846,568
00000640.jpg,259,433,365,551,848,568
00000641.jpg,259,433,365,551,360,575
00000642.jpg,258,434,364,552,351,580
00000643.jpg,257,434,363,552,343,584
00000644.jpg,256,434,362,552,338,584
00000645.jpg,260,436,366,554,337,584
00000646.jpg,260,435,366,553,337,584
00000647.jpg,261,435,367,553,337,588
00000648.jpg,263,436,369,554,337,588
00000649.jpg,265,437,371,555,337,588
00000650.jpg,266,439,372,557,337,591
00000651.jpg,263,438,373,561,333,593
00000652.jpg,263,438,373,561,332,595
00000653.jpg,264,440,374,563,332,598
00000654.jpg,265,442,375,565,332,599
00000655.jpg,266,444,376,567,333,603
00000656.jpg,268,445,378,568,337,604
00000657.jpg,269,446,379,569,332,604
00000658.jpg,272,445,382,568,332,604
00000659.jpg,273,445,383,568,332,604
00000660.jpg,275,444,385,567,332,604
00000661.jpg,277,444,387,567,332,603
00000662.jpg,279,443,389,566,331,604
00000663.jpg,281,443,391,566,332,600
00000664.jpg,282,444,392,567,331,601
00000665.jpg,284,446,394,569,331,603
00000666.jpg,283,446,393,575,335,605
00000667.jpg,283,446,393,575,335,606
00000668.jpg,284,447,394,576,340,608
00000669.jpg,285,447,395,576,340,608
00000670.jpg,286,447,396,576,340,608
00000671.jpg,288,447,398,576,341,608
00000672.jpg,288,447,398,576,343,608
00000673.jpg,289,446,399,575,346,609
00000674.jpg,290,447,400,576,350,609
00000675.jpg,290,447,400,576,351,606
00000676.jpg,291,448,401,577,350,609
00000677.jpg,291,448,401,577,350,609
00000678.jpg,292,447,402,576,350,609
00000679.jpg,292,448,402,577,350,609
00000680.jpg,293,447,403,576,351,610
00000681.jpg,293,446,403,575,351,610
00000682.jpg,293,446,403,575,351,611
00000683.jpg,294,445,404,574,350,613
00000684.jpg,295,444,405,573,351,613
00000685.jpg,296,443,406,572,352,614
00000686.jpg,296,443,406,572,362,606
00000687.jpg,297,441,407,570,362,605
00000688.jpg,296,444,406,573,366,604
00000689.jpg,298,446,402,568,373,600
00000690.jpg,298,446,402,568,373,598
00000691.jpg,298,445,402,567,373,598
00000692.jpg,298,444,402,566,373,598
00000693.jpg,297,444,401,566,-1,-1
00000694.jpg,296,444,400,566,-1,-1
00000695.jpg,296,444,400,566,-1,-1
00000696.jpg,295,444,399,566,-1,-1
00000697.jpg,294,444,398,566,-1,-1
00000698.jpg,293,444,397,566,-1,-1
00000699.jpg,293,444,397,566,-1,-1
00000700.jpg,292,443,396,565,-1,-1
00000701.jpg,292,443,396,565,-1,-1
00000702.jpg,291,443,395,565,-1,-1
00000703.jpg,291,444,395,566,-1,-1
00000704.jpg,289,437,397,558,-1,-1
00000705.jpg,289,437,397,558,-1,-1
00000706.jpg,289,435,397,556,-1,-1
00000707.jpg,289,433,397,554,-1,-1
00000708.jpg,290,432,398,553,-1,-1
00000709.jpg,288,428,396,552,-1,-1
00000710.jpg,288,428,396,552,-1,-1
00000711.jpg,288,427,396,551,-1,-1
00000712.jpg,289,427,397,551,-1,-1
00000713.jpg,290,427,398,551,-1,-1
00000714.jpg,291,427,399,551,-1,-1
00000715.jpg,292,428,400,552,-1,-1
00000716.jpg,293,427,401,551,-1,-1
00000717.jpg,294,428,402,552,-1,-1
00000718.jpg,295,428,403,552,-1,-1
00000719.jpg,296,429,404,553,-1,-1
00000720.jpg,298,430,406,554,-1,-1
00000721.jpg,299,430,407,554,-1,-1
00000722.jpg,300,430,408,554,765,543
00000723.jpg,302,430,410,554,765,543
00000724.jpg,304,432,412,556,765,543
00000725.jpg,305,432,413,556,763,539
00000726.jpg,305,432,413,556,763,539
00000727.jpg,306,432,414,556,763,539
00000728.jpg,306,432,414,556,763,539
00000729.jpg,307,432,415,556,763,539
00000730.jpg,307,433,415,557,765,540
00000731.jpg,307,431,415,555,765,540
00000732.jpg,308,431,416,555,765,540
00000733.jpg,309,431,417,555,765,540
00000734.jpg,309,431,417,555,765,540
00000735.jpg,309,431,417,555,765,540
00000736.jpg,309,431,417,555,765,540
00000737.jpg,309,431,417,555,765,540
00000738.jpg,310,432,418,559,765,540
00000739.jpg,310,432,418,559,765,540
00000740.jpg,311,433,419,560,765,540
00000741.jpg,312,433,420,560,765,540
00000742.jpg,313,434,421,561,765,540
00000743.jpg,314,434,422,561,765,540
00000744.jpg,314,435,422,562,765,540
00000745.jpg,314,434,422,561,765,540
00000746.jpg,315,434,423,561,765,540
00000747.jpg,314,434,422,561,765,540
00000748.jpg,315,435,423,562,765,540
00000749.jpg,315,435,423,562,768,539
00000750.jpg,315,435,423,562,768,539
