00012464.jpg,583,16,884,290,-1,-1
00012465.jpg,583,16,884,290,-1,-1
00012466.jpg,583,16,884,290,-1,-1
00012467.jpg,583,16,884,290,557,588
00012468.jpg,585,15,886,289,635,576
00012469.jpg,587,13,888,287,638,576
00012470.jpg,589,12,890,286,642,573
00012471.jpg,589,12,890,286,642,573
00012472.jpg,591,11,892,285,646,573
00012473.jpg,593,10,894,284,643,571
00012474.jpg,595,10,896,284,643,570
00012475.jpg,597,11,898,285,643,570
00012476.jpg,597,11,898,285,643,570
00012477.jpg,600,13,901,287,648,570
00012478.jpg,602,14,903,288,651,570
00012479.jpg,604,15,905,289,638,573
00012480.jpg,605,15,906,289,603,576
00012481.jpg,605,15,906,289,597,579
00012482.jpg,605,15,906,289,595,579
00012483.jpg,605,15,906,289,600,580
00012484.jpg,607,15,908,289,602,578
00012485.jpg,609,16,910,290,605,584
00012486.jpg,609,16,910,290,597,581
00012487.jpg,611,16,912,290,598,580
00012488.jpg,614,16,915,290,601,580
00012489.jpg,618,16,919,290,603,580
00012490.jpg,621,16,922,290,603,579
00012491.jpg,621,16,922,290,606,579
00012492.jpg,623,17,924,291,607,579
00012493.jpg,625,18,926,292,608,579
00012494.jpg,625,19,926,293,610,579
00012495.jpg,625,19,926,293,607,579
00012496.jpg,625,19,926,293,608,579
00012497.jpg,625,18,926,292,608,579
00012498.jpg,626,17,927,291,608,579
00012499.jpg,627,17,928,291,608,578
00012500.jpg,629,16,930,290,606,575
00012501.jpg,629,16,930,290,606,575
00012502.jpg,630,17,931,291,610,574
00012503.jpg,631,18,932,292,611,574
00012504.jpg,632,19,933,293,612,573
00012505.jpg,632,20,933,294,615,573
00012506.jpg,632,21,933,295,615,573
00012507.jpg,633,21,934,295,615,573
00012508.jpg,633,23,934,297,615,573
00012509.jpg,634,23,935,297,615,573
00012510.jpg,634,24,935,298,615,573
00012511.jpg,634,24,935,298,615,573
00012512.jpg,635,23,936,297,620,574
00012513.jpg,636,24,937,298,620,574
00012514.jpg,637,24,938,298,621,570
00012515.jpg,645,15,916,266,626,568
00012516.jpg,645,15,916,266,630,565
00012517.jpg,646,15,917,266,635,569
00012518.jpg,647,16,918,267,630,569
00012519.jpg,645,17,916,268,-1,-1
00012520.jpg,643,19,914,270,-1,-1
00012521.jpg,643,19,914,270,-1,-1
00012522.jpg,641,19,912,270,-1,-1
00012523.jpg,639,19,910,270,-1,-1
00012524.jpg,638,19,909,270,-1,-1
00012525.jpg,637,19,908,270,-1,-1
00012526.jpg,637,19,908,270,-1,-1
00012527.jpg,636,19,907,270,-1,-1
00012528.jpg,636,19,907,270,-1,-1
00012529.jpg,635,19,906,270,618,568
00012530.jpg,635,19,906,270,626,568
00012531.jpg,635,19,906,270,631,569
00012532.jpg,635,19,906,270,677,563
00012533.jpg,636,20,907,271,687,560
00012534.jpg,637,20,908,271,687,560
00012535.jpg,637,21,908,272,690,561
00012536.jpg,637,21,908,272,693,561
00012537.jpg,637,22,908,273,693,561
00012538.jpg,637,23,908,274,693,561
00012539.jpg,637,23,908,274,693,561
00012540.jpg,636,23,907,274,688,561
00012541.jpg,636,23,907,274,688,561
00012542.jpg,636,22,907,273,688,561
00012543.jpg,636,21,907,272,687,561
00012544.jpg,636,20,907,271,687,565
00012545.jpg,637,20,908,271,686,565
00012546.jpg,637,20,908,271,686,565
00012547.jpg,638,21,909,272,686,565
00012548.jpg,637,22,908,273,686,565
00012549.jpg,637,23,908,274,686,565
00012550.jpg,636,24,907,275,685,568
00012551.jpg,636,24,907,275,685,569
00012552.jpg,635,25,906,276,685,569
00012553.jpg,633,25,904,276,685,569
00012554.jpg,630,26,901,277,685,569
00012555.jpg,627,25,898,276,685,569
00012556.jpg,628,10,911,288,683,569
00012557.jpg,628,10,911,288,683,569
00012558.jpg,628,10,911,288,683,569
