00002039.jpg,233,53,455,290,914,114
00002040.jpg,233,53,455,290,914,114
00002041.jpg,233,53,455,290,914,115
00002042.jpg,233,53,455,290,914,115
00002043.jpg,233,53,455,290,914,113
00002044.jpg,233,53,455,290,914,115
00002045.jpg,233,53,455,290,-1,-1
00002046.jpg,233,53,455,290,-1,-1
00002047.jpg,233,54,455,291,-1,-1
00002048.jpg,232,54,454,291,-1,-1
00002049.jpg,233,54,455,291,-1,-1
00002050.jpg,232,54,454,291,-1,-1
00002051.jpg,234,51,456,288,-1,-1
00002052.jpg,236,49,458,286,-1,-1
00002053.jpg,237,48,459,285,-1,-1
00002054.jpg,237,49,459,286,-1,-1
00002055.jpg,238,50,460,287,-1,-1
00002056.jpg,239,50,461,287,-1,-1
00002057.jpg,239,50,461,287,-1,-1
00002058.jpg,239,49,461,286,-1,-1
00002059.jpg,238,50,460,287,-1,-1
00002060.jpg,237,50,459,287,-1,-1
00002061.jpg,234,52,456,289,-1,-1
00002062.jpg,235,55,457,292,-1,-1
00002063.jpg,236,56,458,293,-1,-1
00002064.jpg,236,55,458,292,-1,-1
00002065.jpg,236,56,458,293,-1,-1
00002066.jpg,235,55,457,292,-1,-1
00002067.jpg,234,56,456,293,-1,-1
00002068.jpg,234,56,456,293,-1,-1
00002069.jpg,233,56,455,293,-1,-1
00002070.jpg,233,55,455,292,-1,-1
00002071.jpg,232,55,454,292,-1,-1
00002072.jpg,232,54,454,291,-1,-1
00002073.jpg,232,54,454,291,-1,-1
00002074.jpg,232,54,454,291,-1,-1
00002075.jpg,231,54,453,291,-1,-1
00002076.jpg,231,53,453,290,-1,-1
00002077.jpg,231,53,453,290,-1,-1
00002078.jpg,230,53,452,290,-1,-1
00002079.jpg,230,52,452,289,-1,-1
00002080.jpg,231,52,453,289,-1,-1
00002081.jpg,231,52,453,289,-1,-1
00002082.jpg,232,52,454,289,-1,-1
00002083.jpg,233,53,455,290,-1,-1
00002084.jpg,234,53,456,290,-1,-1
00002085.jpg,234,53,456,290,-1,-1
00002086.jpg,234,54,456,291,-1,-1
00002087.jpg,235,54,457,291,-1,-1
00002088.jpg,235,55,457,292,-1,-1
00002089.jpg,235,55,457,292,-1,-1
00002090.jpg,235,56,457,293,-1,-1
00002091.jpg,235,57,457,294,-1,-1
00002092.jpg,236,59,458,296,-1,-1
00002093.jpg,236,60,458,297,-1,-1
00002094.jpg,236,60,458,297,-1,-1
00002095.jpg,236,59,458,296,-1,-1
00002096.jpg,235,58,457,295,-1,-1
00002097.jpg,235,55,457,292,-1,-1
00002098.jpg,234,52,456,289,-1,-1
00002099.jpg,234,49,456,286,-1,-1
00002100.jpg,233,47,455,284,-1,-1
00002101.jpg,233,45,455,282,-1,-1
00002102.jpg,233,44,455,281,-1,-1
00002103.jpg,234,45,456,282,-1,-1
00002104.jpg,234,46,456,283,-1,-1
00002105.jpg,235,48,457,285,-1,-1
00002106.jpg,235,51,457,288,-1,-1
00002107.jpg,236,55,458,292,-1,-1
00002108.jpg,239,58,461,295,888,134
00002109.jpg,240,60,462,297,887,135
00002110.jpg,241,60,463,297,887,135
00002111.jpg,241,60,463,297,887,135
00002112.jpg,242,60,464,297,884,141
00002113.jpg,242,59,464,296,885,141
00002114.jpg,242,58,464,295,885,141
00002115.jpg,242,57,464,294,881,145
00002116.jpg,242,56,464,293,881,145
00002117.jpg,242,55,464,292,881,145
00002118.jpg,241,54,463,291,881,145
00002119.jpg,241,55,463,292,882,145
00002120.jpg,240,56,462,293,882,145
00002121.jpg,239,57,461,294,882,145
00002122.jpg,238,57,460,294,882,145
00002123.jpg,235,56,457,293,-1,-1
00002124.jpg,235,56,457,293,-1,-1
00002125.jpg,235,55,457,292,-1,-1
00002126.jpg,235,55,457,292,-1,-1
00002127.jpg,234,54,456,291,-1,-1
00002128.jpg,235,55,457,292,-1,-1
00002129.jpg,235,54,457,291,-1,-1
00002130.jpg,234,54,456,291,-1,-1
00002131.jpg,234,54,456,291,-1,-1
00002132.jpg,234,53,456,290,-1,-1
00002133.jpg,234,52,456,289,-1,-1
00002134.jpg,234,52,456,289,-1,-1
00002135.jpg,234,52,456,289,-1,-1
00002136.jpg,234,52,456,289,-1,-1
