00002039.jpg,868,13,1094,249,-1,-1
00002040.jpg,868,13,1094,249,-1,-1
00002041.jpg,868,13,1094,249,-1,-1
00002042.jpg,868,13,1094,249,-1,-1
00002043.jpg,868,13,1094,249,-1,-1
00002044.jpg,869,13,1095,249,-1,-1
00002045.jpg,869,13,1095,249,-1,-1
00002046.jpg,869,14,1095,250,-1,-1
00002047.jpg,869,14,1095,250,-1,-1
00002048.jpg,868,15,1094,251,-1,-1
00002049.jpg,868,16,1094,252,-1,-1
00002050.jpg,866,18,1092,254,-1,-1
00002051.jpg,864,23,1090,259,-1,-1
00002052.jpg,861,28,1087,264,-1,-1
00002053.jpg,858,32,1084,268,-1,-1
00002054.jpg,857,33,1083,269,-1,-1
00002055.jpg,858,29,1084,265,-1,-1
00002056.jpg,859,25,1085,261,-1,-1
00002057.jpg,859,21,1085,257,-1,-1
00002058.jpg,859,18,1085,254,-1,-1
00002059.jpg,859,16,1085,252,-1,-1
00002060.jpg,859,15,1085,251,-1,-1
00002061.jpg,860,15,1086,251,-1,-1
00002062.jpg,859,16,1085,252,-1,-1
00002063.jpg,858,18,1084,254,-1,-1
00002064.jpg,857,21,1083,257,-1,-1
00002065.jpg,857,18,1087,258,-1,-1
00002066.jpg,857,18,1087,258,-1,-1
00002067.jpg,855,21,1085,261,-1,-1
00002068.jpg,852,26,1082,266,-1,-1
00002069.jpg,850,30,1080,270,-1,-1
00002070.jpg,850,31,1080,271,-1,-1
00002071.jpg,851,30,1081,270,-1,-1
00002072.jpg,853,27,1083,267,-1,-1
00002073.jpg,856,23,1086,263,-1,-1
00002074.jpg,860,19,1090,259,-1,-1
00002075.jpg,863,15,1093,255,-1,-1
00002076.jpg,867,11,1097,251,-1,-1
00002077.jpg,869,13,1099,253,-1,-1
00002078.jpg,871,14,1101,254,-1,-1
00002079.jpg,872,16,1102,256,-1,-1
00002080.jpg,872,18,1102,258,-1,-1
00002081.jpg,871,19,1101,259,-1,-1
00002082.jpg,868,20,1098,260,-1,-1
00002083.jpg,866,19,1096,259,-1,-1
00002084.jpg,865,17,1095,257,-1,-1
00002085.jpg,871,7,1101,247,-1,-1
00002086.jpg,875,5,1105,245,-1,-1
00002087.jpg,878,5,1108,245,-1,-1
00002088.jpg,877,8,1107,248,-1,-1
00002089.jpg,875,9,1105,249,-1,-1
00002090.jpg,873,9,1103,249,-1,-1
00002091.jpg,872,8,1102,248,-1,-1
00002092.jpg,872,7,1102,247,-1,-1
00002093.jpg,872,7,1102,247,-1,-1
00002094.jpg,870,9,1100,249,-1,-1
00002095.jpg,868,10,1098,250,-1,-1
00002096.jpg,866,9,1096,249,-1,-1
00002097.jpg,864,9,1094,249,-1,-1
00002098.jpg,860,12,1090,252,-1,-1
00002099.jpg,857,14,1087,254,-1,-1
00002100.jpg,856,15,1086,255,-1,-1
00002101.jpg,856,14,1086,254,-1,-1
00002102.jpg,855,15,1085,255,-1,-1
00002103.jpg,856,14,1086,254,-1,-1
00002104.jpg,855,14,1085,254,-1,-1
00002105.jpg,854,14,1084,254,-1,-1
00002106.jpg,852,16,1082,256,-1,-1
00002107.jpg,851,18,1081,258,-1,-1
00002108.jpg,851,19,1081,259,-1,-1
00002109.jpg,851,19,1081,259,-1,-1
00002110.jpg,851,20,1081,260,-1,-1
00002111.jpg,850,21,1080,261,-1,-1
00002112.jpg,849,22,1079,262,-1,-1
00002113.jpg,848,23,1078,263,-1,-1
00002114.jpg,847,25,1077,265,-1,-1
00002115.jpg,847,27,1077,267,-1,-1
00002116.jpg,847,27,1077,267,-1,-1
00002117.jpg,847,28,1077,268,-1,-1
00002118.jpg,847,28,1077,268,-1,-1
00002119.jpg,847,28,1077,268,-1,-1
00002120.jpg,846,28,1076,268,-1,-1
00002121.jpg,845,29,1075,269,-1,-1
00002122.jpg,845,29,1075,269,-1,-1
00002123.jpg,845,29,1075,269,-1,-1
00002124.jpg,844,30,1074,270,-1,-1
00002125.jpg,844,30,1074,270,-1,-1
00002126.jpg,844,30,1074,270,-1,-1
00002127.jpg,843,31,1073,271,-1,-1
00002128.jpg,843,31,1073,271,-1,-1
00002129.jpg,843,31,1073,271,-1,-1
00002130.jpg,842,32,1072,272,-1,-1
00002131.jpg,843,32,1073,272,-1,-1
00002132.jpg,843,33,1073,273,-1,-1
00002133.jpg,843,33,1073,273,-1,-1
00002134.jpg,843,33,1073,273,-1,-1
00002135.jpg,843,33,1073,273,-1,-1
00002136.jpg,843,33,1073,273,-1,-1
