00008535.jpg,347,75,467,204,664,185
00008536.jpg,347,75,467,204,664,185
00008537.jpg,347,75,467,204,664,186
00008538.jpg,347,75,467,204,666,186
00008539.jpg,347,75,467,204,667,186
00008540.jpg,347,75,467,204,669,184
00008541.jpg,347,75,467,204,666,184
00008542.jpg,347,75,467,204,-1,-1
00008543.jpg,347,76,467,205,-1,-1
00008544.jpg,348,75,468,204,-1,-1
00008545.jpg,348,76,468,205,-1,-1
00008546.jpg,347,76,467,205,-1,-1
00008547.jpg,347,76,467,205,-1,-1
00008548.jpg,347,76,467,205,-1,-1
00008549.jpg,348,77,468,206,-1,-1
00008550.jpg,349,77,469,206,-1,-1
00008551.jpg,349,77,469,206,-1,-1
00008552.jpg,349,77,469,206,-1,-1
00008553.jpg,349,77,469,206,-1,-1
00008554.jpg,349,77,469,206,-1,-1
00008555.jpg,349,77,469,206,-1,-1
00008556.jpg,349,77,469,206,-1,-1
00008557.jpg,349,77,469,206,-1,-1
00008558.jpg,349,77,469,206,-1,-1
00008559.jpg,349,77,469,206,-1,-1
00008560.jpg,349,77,469,206,-1,-1
00008561.jpg,349,77,469,206,-1,-1
00008562.jpg,348,78,468,207,-1,-1
00008563.jpg,348,78,468,207,-1,-1
00008564.jpg,347,78,467,207,-1,-1
00008565.jpg,347,78,467,207,-1,-1
00008566.jpg,345,78,465,207,-1,-1
00008567.jpg,344,79,464,208,-1,-1
00008568.jpg,342,80,462,209,-1,-1
00008569.jpg,341,80,461,209,-1,-1
00008570.jpg,340,79,460,208,-1,-1
00008571.jpg,338,79,458,208,-1,-1
00008572.jpg,337,78,457,207,-1,-1
00008573.jpg,335,79,455,208,-1,-1
00008574.jpg,333,79,453,208,-1,-1
00008575.jpg,332,79,452,208,-1,-1
00008576.jpg,329,79,449,208,-1,-1
00008577.jpg,325,75,445,204,-1,-1
00008578.jpg,327,75,447,204,-1,-1
00008579.jpg,326,78,446,207,-1,-1
00008580.jpg,329,78,449,207,-1,-1
00008581.jpg,325,79,445,208,-1,-1
00008582.jpg,328,78,448,207,-1,-1
00008583.jpg,325,79,445,208,-1,-1
00008584.jpg,327,78,447,207,-1,-1
00008585.jpg,319,65,439,194,-1,-1
00008586.jpg,318,64,438,193,-1,-1
00008587.jpg,319,63,439,192,-1,-1
00008588.jpg,319,63,439,192,-1,-1
00008589.jpg,320,62,440,191,-1,-1
00008590.jpg,320,63,440,192,-1,-1
00008591.jpg,320,63,440,192,-1,-1
00008592.jpg,320,64,440,193,-1,-1
00008593.jpg,321,64,441,193,-1,-1
00008594.jpg,321,64,441,193,-1,-1
00008595.jpg,320,63,440,192,-1,-1
00008596.jpg,319,64,439,193,-1,-1
00008597.jpg,319,64,439,193,-1,-1
00008598.jpg,320,66,440,195,-1,-1
00008599.jpg,322,67,442,196,-1,-1
00008600.jpg,325,77,445,206,-1,-1
00008601.jpg,327,77,447,206,-1,-1
00008602.jpg,331,76,451,205,-1,-1
00008603.jpg,334,75,454,204,-1,-1
00008604.jpg,337,74,457,203,-1,-1
00008605.jpg,339,74,459,203,-1,-1
00008606.jpg,341,73,461,202,-1,-1
00008607.jpg,342,73,462,202,-1,-1
00008608.jpg,343,73,463,202,-1,-1
00008609.jpg,344,72,464,201,-1,-1
00008610.jpg,344,72,464,201,-1,-1
00008611.jpg,345,71,465,200,-1,-1
00008612.jpg,344,72,464,201,-1,-1
00008613.jpg,344,72,464,201,-1,-1
00008614.jpg,345,72,465,201,-1,-1
00008615.jpg,345,72,465,201,-1,-1
00008616.jpg,345,72,465,201,-1,-1
00008617.jpg,344,72,464,201,-1,-1
00008618.jpg,344,72,464,201,-1,-1
00008619.jpg,345,71,465,200,-1,-1
00008620.jpg,344,71,464,200,-1,-1
00008621.jpg,344,71,464,200,-1,-1
00008622.jpg,344,71,464,200,657,186
00008623.jpg,344,71,464,200,657,186
00008624.jpg,345,71,465,200,657,186
00008625.jpg,345,71,465,200,657,186
00008626.jpg,345,71,465,200,657,186
00008627.jpg,346,71,466,200,657,186
00008628.jpg,346,71,466,200,657,186
00008629.jpg,346,71,466,200,657,187
00008630.jpg,347,71,467,200,657,187
00008631.jpg,347,71,467,200,662,186
00008632.jpg,347,71,467,200,661,186
00008633.jpg,347,71,467,200,-1,-1
00008634.jpg,346,71,466,200,-1,-1
00008635.jpg,346,71,466,200,-1,-1
00008636.jpg,345,72,465,201,-1,-1
00008637.jpg,345,72,465,201,-1,-1
00008638.jpg,345,72,465,201,-1,-1
00008639.jpg,345,72,465,201,-1,-1
00008640.jpg,345,72,465,201,-1,-1
00008641.jpg,345,72,465,201,-1,-1
00008642.jpg,345,72,465,201,-1,-1
00008643.jpg,345,72,465,201,-1,-1
00008644.jpg,345,72,465,201,-1,-1
00008645.jpg,345,72,465,201,-1,-1
00008646.jpg,345,72,465,201,-1,-1
00008647.jpg,345,72,465,201,-1,-1
00008648.jpg,345,72,465,201,-1,-1
00008649.jpg,346,72,466,201,-1,-1
00008650.jpg,345,72,465,201,-1,-1
00008651.jpg,345,72,465,201,-1,-1
00008652.jpg,346,71,466,200,-1,-1
00008653.jpg,345,72,465,201,-1,-1
00008654.jpg,345,72,465,201,-1,-1
00008655.jpg,344,72,464,201,-1,-1
00008656.jpg,344,72,464,201,-1,-1
00008657.jpg,343,73,463,202,-1,-1
00008658.jpg,342,74,462,203,-1,-1
00008659.jpg,342,74,462,203,-1,-1
00008660.jpg,342,75,462,204,-1,-1
00008661.jpg,342,76,462,205,-1,-1
00008662.jpg,341,77,461,206,-1,-1
00008663.jpg,341,77,461,206,-1,-1
00008664.jpg,341,77,461,206,-1,-1
00008665.jpg,340,77,460,206,-1,-1
00008666.jpg,340,77,460,206,-1,-1
00008667.jpg,340,77,460,206,-1,-1
00008668.jpg,339,77,459,206,-1,-1
00008669.jpg,338,78,458,207,-1,-1
00008670.jpg,338,78,458,207,-1,-1
00008671.jpg,337,79,457,208,-1,-1
00008672.jpg,337,79,457,208,-1,-1
00008673.jpg,337,80,457,209,-1,-1
00008674.jpg,337,80,457,209,-1,-1
00008675.jpg,337,80,457,209,-1,-1
00008676.jpg,337,79,457,208,-1,-1
00008677.jpg,338,79,458,208,-1,-1
00008678.jpg,339,78,459,207,-1,-1
00008679.jpg,340,77,460,206,-1,-1
00008680.jpg,340,77,460,206,-1,-1
00008681.jpg,341,76,461,205,-1,-1
00008682.jpg,341,76,461,205,-1,-1
00008683.jpg,342,75,462,204,-1,-1
00008684.jpg,342,76,462,205,-1,-1
00008685.jpg,343,75,463,204,-1,-1
00008686.jpg,343,76,463,205,-1,-1
00008687.jpg,344,75,464,204,-1,-1
00008688.jpg,345,75,465,204,-1,-1
00008689.jpg,345,75,465,204,-1,-1
00008690.jpg,346,75,466,204,-1,-1
00008691.jpg,347,74,467,203,-1,-1
00008692.jpg,348,74,468,203,-1,-1
00008693.jpg,349,74,469,203,-1,-1
00008694.jpg,350,73,470,202,-1,-1
00008695.jpg,351,73,471,202,613,227
00008696.jpg,351,73,471,202,613,227
00008697.jpg,352,73,472,202,613,227
00008698.jpg,352,73,472,202,613,226
00008699.jpg,352,73,472,202,614,220
00008700.jpg,352,73,472,202,614,220
00008701.jpg,352,73,472,202,614,219
00008702.jpg,352,73,472,202,614,219
00008703.jpg,352,73,472,202,614,219
00008704.jpg,352,72,472,201,614,219
00008705.jpg,351,73,471,202,614,219
00008706.jpg,351,73,471,202,614,219
00008707.jpg,350,73,470,202,616,218
00008708.jpg,350,73,470,202,616,218
00008709.jpg,349,73,469,202,616,218
00008710.jpg,349,73,469,202,616,218
00008711.jpg,349,73,469,202,616,216
00008712.jpg,348,74,468,203,617,215
00008713.jpg,348,74,468,203,617,215
00008714.jpg,347,74,467,203,-1,-1
00008715.jpg,346,74,466,203,-1,-1
00008716.jpg,345,74,465,203,-1,-1
00008717.jpg,345,74,465,203,-1,-1
00008718.jpg,344,74,464,203,-1,-1
00008719.jpg,344,74,464,203,-1,-1
00008720.jpg,344,74,464,203,-1,-1
00008721.jpg,344,74,464,203,-1,-1
00008722.jpg,343,74,463,203,-1,-1
00008723.jpg,343,74,463,203,-1,-1
00008724.jpg,343,74,463,203,-1,-1
00008725.jpg,343,74,463,203,-1,-1
00008726.jpg,343,74,463,203,-1,-1
00008727.jpg,343,74,463,203,-1,-1
00008728.jpg,342,74,462,203,-1,-1
00008729.jpg,342,74,462,203,-1,-1
00008730.jpg,342,74,462,203,-1,-1
00008731.jpg,342,74,462,203,-1,-1
00008732.jpg,342,73,462,202,-1,-1
00008733.jpg,341,74,461,203,-1,-1
00008734.jpg,341,74,461,203,-1,-1
00008735.jpg,341,74,461,203,-1,-1
00008736.jpg,341,74,461,203,-1,-1
00008737.jpg,341,74,461,203,-1,-1
00008738.jpg,341,74,461,203,-1,-1
00008739.jpg,341,74,461,203,-1,-1
00008740.jpg,341,74,461,203,-1,-1
00008741.jpg,341,74,461,203,-1,-1
00008742.jpg,341,73,461,202,-1,-1
00008743.jpg,341,73,461,202,614,213
00008744.jpg,341,73,461,202,614,213
00008745.jpg,341,73,461,202,614,213
00008746.jpg,341,73,461,202,614,213
00008747.jpg,341,73,461,202,614,213
00008748.jpg,341,73,461,202,616,212
00008749.jpg,341,73,461,202,616,212
00008750.jpg,341,73,461,202,616,212
00008751.jpg,341,73,461,202,616,212
00008752.jpg,341,72,461,201,616,212
00008753.jpg,341,72,461,201,616,212
00008754.jpg,341,72,461,201,616,212
00008755.jpg,341,72,461,201,616,212
00008756.jpg,341,72,461,201,616,210
00008757.jpg,341,72,461,201,616,210
00008758.jpg,341,72,461,201,616,208
00008759.jpg,341,72,461,201,616,208
00008760.jpg,341,72,461,201,616,208
00008761.jpg,341,72,461,201,618,204
00008762.jpg,341,72,461,201,618,200
00008763.jpg,341,72,461,201,619,200
00008764.jpg,341,72,461,201,619,196
00008765.jpg,341,72,461,201,619,196
00008766.jpg,341,72,461,201,620,198
00008767.jpg,341,72,461,201,619,196
00008768.jpg,341,72,461,201,619,196
00008769.jpg,341,72,461,201,-1,-1
00008770.jpg,341,73,461,202,-1,-1
00008771.jpg,340,74,460,203,-1,-1
00008772.jpg,340,74,460,203,-1,-1
00008773.jpg,340,74,460,203,-1,-1
00008774.jpg,339,74,459,203,-1,-1
00008775.jpg,338,75,458,204,-1,-1
00008776.jpg,338,75,458,204,-1,-1
