00008535.jpg,615,107,780,250,426,142
00008536.jpg,615,105,782,249,426,142
00008537.jpg,615,105,782,249,426,142
00008538.jpg,616,104,783,248,426,142
00008539.jpg,616,104,785,250,426,142
00008540.jpg,616,104,786,250,426,142
00008541.jpg,616,104,785,248,426,141
00008542.jpg,617,104,784,249,426,140
00008543.jpg,615,105,784,249,426,140
00008544.jpg,616,107,781,249,417,140
00008545.jpg,616,109,778,249,411,140
00008546.jpg,616,110,777,249,410,142
00008547.jpg,614,108,778,250,408,142
00008548.jpg,614,105,779,250,408,144
00008549.jpg,613,106,778,249,410,144
00008550.jpg,612,105,779,249,411,144
00008551.jpg,610,104,780,250,414,144
00008552.jpg,611,105,779,250,416,142
00008553.jpg,611,105,779,250,416,142
00008554.jpg,610,105,779,250,413,142
00008555.jpg,610,105,779,250,413,142
00008556.jpg,610,105,779,251,412,142
00008557.jpg,610,105,779,250,410,142
00008558.jpg,610,104,780,250,410,142
00008559.jpg,610,105,779,250,408,142
00008560.jpg,610,104,780,250,408,142
00008561.jpg,609,103,782,250,408,142
00008562.jpg,609,102,783,251,407,142
00008563.jpg,609,102,783,251,406,142
00008564.jpg,609,101,783,251,404,142
00008565.jpg,608,101,784,252,402,140
00008566.jpg,608,100,785,252,399,136
00008567.jpg,609,100,785,251,396,130
00008568.jpg,608,99,785,253,392,128
00008569.jpg,608,99,784,253,388,126
00008570.jpg,608,99,785,253,388,125
00008571.jpg,608,99,785,254,384,123
00008572.jpg,608,100,785,253,385,122
00008573.jpg,608,101,783,252,383,123
00008574.jpg,609,101,783,252,382,123
00008575.jpg,609,101,782,251,380,123
00008576.jpg,610,102,782,251,378,123
00008577.jpg,609,101,783,252,377,122
00008578.jpg,609,102,782,251,377,122
00008579.jpg,609,101,782,252,374,122
00008580.jpg,611,102,780,251,374,122
00008581.jpg,611,101,781,251,374,121
00008582.jpg,611,102,781,251,374,121
00008583.jpg,612,102,780,250,374,121
00008584.jpg,610,101,782,250,374,121
00008585.jpg,610,101,782,250,374,121
00008586.jpg,609,101,783,250,374,121
00008587.jpg,609,101,783,250,374,121
00008588.jpg,610,101,783,250,374,121
00008589.jpg,611,101,782,250,374,121
00008590.jpg,611,101,782,250,374,121
00008591.jpg,611,101,781,249,374,121
00008592.jpg,611,102,781,249,372,123
00008593.jpg,611,102,781,248,370,126
00008594.jpg,610,101,782,250,370,126
00008595.jpg,611,101,782,250,369,126
00008596.jpg,611,101,782,250,370,128
00008597.jpg,611,101,782,251,369,128
00008598.jpg,611,101,782,251,369,128
00008599.jpg,612,102,780,251,373,125
00008600.jpg,612,102,780,251,377,126
00008601.jpg,612,103,780,252,380,126
00008602.jpg,612,103,780,252,384,124
00008603.jpg,612,104,780,252,389,124
00008604.jpg,612,104,780,252,392,124
00008605.jpg,611,104,780,252,396,125
00008606.jpg,612,105,779,252,398,125
00008607.jpg,612,105,779,251,399,125
00008608.jpg,610,104,782,253,399,125
00008609.jpg,610,105,781,252,402,126
00008610.jpg,611,105,781,252,403,129
00008611.jpg,611,106,780,252,405,129
00008612.jpg,612,106,779,251,408,130
00008613.jpg,612,107,778,251,412,130
00008614.jpg,613,107,778,251,412,130
00008615.jpg,613,107,778,251,412,130
00008616.jpg,613,108,777,250,412,130
00008617.jpg,613,107,777,250,412,130
00008618.jpg,613,107,777,250,412,130
00008619.jpg,614,106,777,249,416,135
00008620.jpg,614,106,777,250,418,135
00008621.jpg,614,106,777,249,419,137
00008622.jpg,614,106,777,249,423,138
00008623.jpg,614,107,777,249,424,138
00008624.jpg,614,108,777,249,424,138
00008625.jpg,615,107,777,248,-1,-1
00008626.jpg,616,108,775,247,-1,-1
00008627.jpg,616,108,774,247,-1,-1
00008628.jpg,616,108,774,247,-1,-1
00008629.jpg,616,108,773,246,-1,-1
00008630.jpg,616,108,772,247,-1,-1
00008631.jpg,616,108,771,246,-1,-1
00008632.jpg,616,108,770,246,-1,-1
00008633.jpg,616,109,769,246,-1,-1
00008634.jpg,617,107,769,246,-1,-1
00008635.jpg,617,108,769,245,-1,-1
00008636.jpg,618,108,768,243,-1,-1
00008637.jpg,617,106,769,242,-1,-1
00008638.jpg,617,106,768,241,-1,-1
00008639.jpg,618,105,767,239,-1,-1
00008640.jpg,618,105,766,239,-1,-1
00008641.jpg,618,104,767,238,-1,-1
00008642.jpg,617,102,768,238,-1,-1
00008643.jpg,617,102,768,238,-1,-1
00008644.jpg,617,102,768,238,-1,-1
00008645.jpg,616,102,767,238,-1,-1
00008646.jpg,615,102,766,238,-1,-1
00008647.jpg,614,102,765,238,-1,-1
00008648.jpg,613,102,764,238,-1,-1
00008649.jpg,612,102,763,238,-1,-1
00008650.jpg,611,101,762,237,-1,-1
00008651.jpg,610,101,761,237,-1,-1
00008652.jpg,609,101,760,237,-1,-1
00008653.jpg,608,101,759,237,-1,-1
00008654.jpg,607,101,758,237,-1,-1
00008655.jpg,607,101,758,237,-1,-1
00008656.jpg,607,101,758,237,-1,-1
00008657.jpg,606,100,757,236,-1,-1
00008658.jpg,606,100,757,236,-1,-1
00008659.jpg,605,100,756,236,-1,-1
00008660.jpg,605,100,756,236,-1,-1
00008661.jpg,605,100,756,236,-1,-1
00008662.jpg,606,101,757,237,-1,-1
00008663.jpg,606,101,757,237,-1,-1
00008664.jpg,607,101,758,237,-1,-1
00008665.jpg,616,107,759,254,-1,-1
00008666.jpg,616,107,759,254,-1,-1
00008667.jpg,617,107,760,254,-1,-1
00008668.jpg,618,108,761,255,-1,-1
00008669.jpg,620,108,763,255,-1,-1
00008670.jpg,621,108,764,255,-1,-1
00008671.jpg,622,109,765,256,-1,-1
00008672.jpg,623,109,766,256,-1,-1
00008673.jpg,623,109,766,256,-1,-1
00008674.jpg,623,110,766,257,-1,-1
00008675.jpg,623,112,766,259,-1,-1
00008676.jpg,622,112,765,259,-1,-1
00008677.jpg,620,113,763,260,-1,-1
00008678.jpg,617,109,760,256,-1,-1
00008679.jpg,616,117,749,247,-1,-1
00008680.jpg,612,117,745,247,-1,-1
00008681.jpg,607,118,740,248,-1,-1
00008682.jpg,598,122,731,255,-1,-1
00008683.jpg,598,122,731,255,-1,-1
00008684.jpg,594,124,727,257,-1,-1
00008685.jpg,589,126,722,259,-1,-1
00008686.jpg,585,127,718,260,-1,-1
00008687.jpg,578,131,715,267,-1,-1
00008688.jpg,578,131,715,267,-1,-1
00008689.jpg,576,132,713,268,-1,-1
00008690.jpg,573,133,710,269,-1,-1
00008691.jpg,570,134,707,270,-1,-1
00008692.jpg,569,135,706,271,-1,-1
00008693.jpg,568,135,705,271,-1,-1
00008694.jpg,567,136,704,272,-1,-1
00008695.jpg,566,136,703,272,-1,-1
00008696.jpg,566,135,703,271,-1,-1
00008697.jpg,567,134,704,270,-1,-1
00008698.jpg,567,133,704,269,-1,-1
00008699.jpg,567,132,704,268,-1,-1
00008700.jpg,568,132,705,268,-1,-1
00008701.jpg,568,131,705,267,-1,-1
00008702.jpg,568,131,705,267,-1,-1
00008703.jpg,569,131,706,267,-1,-1
00008704.jpg,569,131,706,267,-1,-1
00008705.jpg,570,131,707,267,-1,-1
00008706.jpg,570,131,707,267,-1,-1
00008707.jpg,570,130,707,266,-1,-1
00008708.jpg,571,130,708,266,-1,-1
00008709.jpg,571,130,708,266,-1,-1
00008710.jpg,571,130,708,266,-1,-1
00008711.jpg,571,129,708,265,-1,-1
00008712.jpg,571,129,708,265,-1,-1
00008713.jpg,572,129,709,265,-1,-1
00008714.jpg,572,129,709,265,-1,-1
00008715.jpg,572,128,709,264,-1,-1
00008716.jpg,572,128,709,264,-1,-1
00008717.jpg,572,128,709,264,-1,-1
00008718.jpg,572,128,709,264,-1,-1
00008719.jpg,572,128,709,264,-1,-1
00008720.jpg,572,128,709,264,-1,-1
00008721.jpg,571,128,708,264,-1,-1
00008722.jpg,571,128,708,264,-1,-1
00008723.jpg,571,128,708,264,-1,-1
00008724.jpg,571,128,708,264,-1,-1
00008725.jpg,571,128,708,264,-1,-1
00008726.jpg,572,128,709,264,-1,-1
00008727.jpg,572,128,709,264,-1,-1
00008728.jpg,572,127,709,263,-1,-1
00008729.jpg,572,127,709,263,-1,-1
00008730.jpg,571,127,708,263,-1,-1
00008731.jpg,571,127,708,263,-1,-1
00008732.jpg,571,128,708,264,-1,-1
00008733.jpg,571,128,708,264,-1,-1
00008734.jpg,573,128,710,264,-1,-1
00008735.jpg,573,128,710,264,-1,-1
00008736.jpg,574,127,711,263,-1,-1
00008737.jpg,574,126,711,262,-1,-1
00008738.jpg,574,126,711,262,-1,-1
00008739.jpg,574,126,711,262,-1,-1
00008740.jpg,574,126,711,262,-1,-1
00008741.jpg,574,127,711,263,-1,-1
00008742.jpg,574,128,711,264,-1,-1
00008743.jpg,574,128,711,264,-1,-1
00008744.jpg,574,128,711,264,-1,-1
00008745.jpg,574,127,711,263,-1,-1
00008746.jpg,574,125,711,261,-1,-1
00008747.jpg,574,125,711,261,-1,-1
00008748.jpg,574,125,711,261,-1,-1
00008749.jpg,574,126,711,262,-1,-1
00008750.jpg,574,126,711,262,-1,-1
00008751.jpg,574,126,711,262,-1,-1
00008752.jpg,574,126,711,262,-1,-1
00008753.jpg,574,126,711,262,-1,-1
00008754.jpg,574,126,711,262,-1,-1
00008755.jpg,574,125,711,261,-1,-1
00008756.jpg,575,124,712,260,-1,-1
00008757.jpg,575,124,712,260,-1,-1
00008758.jpg,575,124,712,260,-1,-1
00008759.jpg,575,124,712,260,-1,-1
00008760.jpg,575,123,712,259,-1,-1
00008761.jpg,576,122,713,258,-1,-1
00008762.jpg,576,122,713,258,-1,-1
00008763.jpg,576,122,713,258,-1,-1
00008764.jpg,575,128,712,264,-1,-1
00008765.jpg,575,128,712,264,-1,-1
00008766.jpg,575,128,712,264,-1,-1
00008767.jpg,575,128,712,264,-1,-1
00008768.jpg,575,128,712,264,-1,-1
00008769.jpg,575,128,712,264,-1,-1
00008770.jpg,575,128,712,264,-1,-1
00008771.jpg,575,128,712,264,-1,-1
00008772.jpg,575,128,712,264,-1,-1
00008773.jpg,575,128,712,264,-1,-1
00008774.jpg,575,128,712,264,-1,-1
00008775.jpg,575,128,712,264,-1,-1
00008776.jpg,575,128,712,264,-1,-1
