00003762.jpg,1432,225,1643,455,492,282
00003763.jpg,1432,225,1643,455,492,282
00003764.jpg,1432,225,1643,455,493,282
00003765.jpg,1432,225,1643,455,493,282
00003766.jpg,1432,225,1643,455,494,282
00003767.jpg,1432,225,1643,455,494,282
00003768.jpg,1432,225,1643,455,494,282
00003769.jpg,1432,225,1643,455,494,282
00003770.jpg,1431,225,1642,455,494,282
00003771.jpg,1431,225,1642,455,494,282
00003772.jpg,1431,225,1642,455,494,282
00003773.jpg,1431,225,1642,455,493,282
00003774.jpg,1431,225,1642,455,493,280
00003775.jpg,1431,225,1642,455,493,280
00003776.jpg,1431,225,1642,455,493,280
00003777.jpg,1431,225,1642,455,493,280
00003778.jpg,1431,225,1642,455,494,285
00003779.jpg,1431,225,1642,455,497,289
00003780.jpg,1431,226,1642,456,501,292
00003781.jpg,1431,226,1642,456,504,293
00003782.jpg,1431,226,1642,456,504,293
00003783.jpg,1431,226,1642,456,504,293
00003784.jpg,1431,226,1642,456,504,293
00003785.jpg,1431,226,1642,456,510,294
00003786.jpg,1431,226,1642,456,512,294
00003787.jpg,1431,226,1642,456,514,296
00003788.jpg,1431,226,1642,456,516,296
00003789.jpg,1431,226,1642,456,513,296
00003790.jpg,1431,226,1642,456,516,296
00003791.jpg,1431,226,1642,456,516,297
00003792.jpg,1431,226,1642,456,517,294
00003793.jpg,1430,227,1641,457,516,296
00003794.jpg,1430,227,1641,457,514,298
00003795.jpg,1430,227,1641,457,514,300
00003796.jpg,1430,227,1641,457,512,300
00003797.jpg,1430,227,1641,457,513,300
00003798.jpg,1430,227,1641,457,513,300
00003799.jpg,1430,227,1641,457,513,300
00003800.jpg,1430,227,1641,457,513,300
00003801.jpg,1430,227,1641,457,513,300
00003802.jpg,1430,227,1641,457,514,300
00003803.jpg,1430,227,1641,457,514,300
00003804.jpg,1430,227,1641,457,514,300
00003805.jpg,1430,227,1641,457,516,300
00003806.jpg,1430,227,1641,457,517,300
00003807.jpg,1430,227,1641,457,520,298
