00013064.jpg,1061,38,1185,168,1080,866
00013065.jpg,1061,38,1185,168,1080,866
00013066.jpg,1066,36,1190,166,1077,866
00013067.jpg,1068,35,1192,165,1077,866
00013068.jpg,1072,33,1196,163,1080,868
00013069.jpg,1076,32,1200,162,1080,868
00013070.jpg,1077,32,1201,162,1076,866
00013071.jpg,1080,33,1204,163,1080,864
00013072.jpg,1081,33,1205,163,1077,861
00013073.jpg,1083,34,1207,164,1077,861
00013074.jpg,1085,34,1209,164,1077,861
00013075.jpg,1086,35,1210,165,1077,860
00013076.jpg,1087,34,1211,164,1075,868
00013077.jpg,1088,34,1212,164,1075,868
00013078.jpg,1089,33,1213,163,1075,869
00013079.jpg,1090,32,1214,162,1073,873
00013080.jpg,1091,31,1215,161,1071,875
00013081.jpg,1093,30,1217,160,1071,875
00013082.jpg,1094,29,1218,159,1071,875
00013083.jpg,1095,27,1219,157,1071,876
00013084.jpg,1097,26,1221,156,1071,876
00013085.jpg,1098,25,1222,155,1071,876
00013086.jpg,1100,25,1224,155,1070,876
00013087.jpg,1101,25,1225,155,1068,876
00013088.jpg,1103,26,1227,156,1068,876
00013089.jpg,1104,26,1228,156,1068,876
00013090.jpg,1106,26,1230,156,1067,884
00013091.jpg,1108,26,1232,156,1067,881
00013092.jpg,1109,26,1233,156,1066,886
00013093.jpg,1109,28,1233,158,1063,889
00013094.jpg,1110,27,1234,157,1066,889
00013095.jpg,1110,27,1234,157,1058,891
00013096.jpg,1111,27,1235,157,1058,891
00013097.jpg,1111,27,1235,157,1060,898
