00000669.jpg,1356,48,1689,388,483,358
00000670.jpg,1356,48,1689,388,483,358
00000671.jpg,1356,48,1689,388,481,363
00000672.jpg,1384,69,1701,405,487,364
00000673.jpg,1384,69,1701,405,483,364
00000674.jpg,1390,80,1707,416,488,364
00000675.jpg,1397,87,1714,423,488,364
00000676.jpg,1404,94,1721,430,493,363
00000677.jpg,1410,102,1727,438,492,363
00000678.jpg,1410,102,1727,438,492,363
00000679.jpg,1413,105,1730,441,493,360
00000680.jpg,1413,104,1730,440,493,356
00000681.jpg,1412,100,1729,436,487,350
00000682.jpg,1410,94,1727,430,471,353
00000683.jpg,1410,94,1727,430,472,354
00000684.jpg,1409,89,1726,425,465,354
00000685.jpg,1409,83,1726,419,460,353
00000686.jpg,1408,76,1725,412,451,355
00000687.jpg,1408,67,1725,403,447,350
00000688.jpg,1408,67,1725,403,443,350
00000689.jpg,1409,57,1726,393,443,350
00000690.jpg,1407,47,1724,383,441,349
00000691.jpg,1399,38,1716,374,437,344
00000692.jpg,1386,30,1703,366,436,343
00000693.jpg,1386,30,1703,366,433,343
00000694.jpg,1370,22,1687,358,428,341
00000695.jpg,1357,16,1674,352,423,339
00000696.jpg,1346,12,1663,348,427,340
00000697.jpg,1335,10,1652,346,435,343
00000698.jpg,1335,10,1652,346,432,340
00000699.jpg,1326,12,1643,348,436,345
00000700.jpg,1320,15,1637,351,441,350
00000701.jpg,1318,14,1635,350,446,354
00000702.jpg,1323,15,1640,351,456,356
00000703.jpg,1323,15,1640,351,456,356
00000704.jpg,1328,12,1645,348,468,356
00000705.jpg,1330,10,1647,346,476,350
00000706.jpg,1323,18,1640,354,485,353
00000707.jpg,1318,21,1635,357,493,351
00000708.jpg,1318,21,1635,357,493,351
00000709.jpg,1311,24,1628,360,498,353
00000710.jpg,1308,30,1625,366,497,355
00000711.jpg,1303,36,1620,372,498,361
00000712.jpg,1309,43,1598,370,500,361
00000713.jpg,1309,43,1598,370,501,361
00000714.jpg,1309,49,1598,376,502,366
00000715.jpg,1311,54,1600,381,503,371
00000716.jpg,1315,59,1604,386,506,374
00000717.jpg,1322,63,1611,390,506,376
00000718.jpg,1322,63,1611,390,506,374
00000719.jpg,1330,67,1619,394,505,373
00000720.jpg,1330,67,1619,394,510,373
