00005094.jpg,49,140,239,324,-1,-1
00005095.jpg,49,140,239,324,-1,-1
00005096.jpg,49,141,239,325,-1,-1
00005097.jpg,49,142,239,326,-1,-1
00005098.jpg,48,143,238,327,-1,-1
00005099.jpg,49,144,239,328,-1,-1
00005100.jpg,49,145,239,329,-1,-1
00005101.jpg,49,146,239,330,-1,-1
00005102.jpg,51,146,241,330,-1,-1
00005103.jpg,52,147,242,331,-1,-1
00005104.jpg,52,148,242,332,-1,-1
00005105.jpg,54,148,244,332,-1,-1
00005106.jpg,54,149,244,333,-1,-1
00005107.jpg,55,149,245,333,-1,-1
00005108.jpg,56,150,246,334,-1,-1
00005109.jpg,56,151,246,335,-1,-1
00005110.jpg,56,152,246,336,-1,-1
00005111.jpg,59,150,244,342,-1,-1
00005112.jpg,59,150,244,342,-1,-1
00005113.jpg,59,151,244,343,-1,-1
00005114.jpg,58,152,243,344,-1,-1
00005115.jpg,58,153,243,345,-1,-1
00005116.jpg,57,153,242,345,-1,-1
00005117.jpg,57,154,242,346,-1,-1
00005118.jpg,56,155,241,347,-1,-1
00005119.jpg,55,155,240,347,-1,-1
00005120.jpg,55,156,240,348,-1,-1
00005121.jpg,54,157,239,349,-1,-1
00005122.jpg,53,157,238,349,-1,-1
00005123.jpg,52,158,237,350,-1,-1
00005124.jpg,51,158,236,350,-1,-1
00005125.jpg,50,159,235,351,-1,-1
00005126.jpg,49,159,234,351,-1,-1
00005127.jpg,48,159,233,351,-1,-1
00005128.jpg,48,159,233,351,-1,-1
00005129.jpg,48,159,233,351,-1,-1
00005130.jpg,48,158,233,350,-1,-1
00005131.jpg,48,158,233,350,-1,-1
00005132.jpg,48,158,233,350,-1,-1
00005133.jpg,48,157,233,349,-1,-1
00005134.jpg,48,156,233,348,-1,-1
00005135.jpg,48,156,233,348,-1,-1
00005136.jpg,47,156,232,348,-1,-1
00005137.jpg,47,155,232,347,-1,-1
00005138.jpg,47,155,232,347,-1,-1
00005139.jpg,46,154,231,346,-1,-1
00005140.jpg,46,154,231,346,-1,-1
00005141.jpg,45,154,230,346,-1,-1
00005142.jpg,44,154,229,346,-1,-1
00005143.jpg,43,154,228,346,-1,-1
00005144.jpg,42,154,227,346,-1,-1
00005145.jpg,41,155,226,347,-1,-1
00005146.jpg,39,154,224,346,-1,-1
00005147.jpg,37,154,222,346,-1,-1
00005148.jpg,35,153,220,345,-1,-1
00005149.jpg,33,152,218,344,-1,-1
00005150.jpg,32,151,217,343,-1,-1
00005151.jpg,30,150,215,342,-1,-1
00005152.jpg,28,150,213,342,-1,-1
00005153.jpg,27,149,212,341,-1,-1
00005154.jpg,25,149,210,341,-1,-1
00005155.jpg,25,148,204,333,-1,-1
00005156.jpg,25,148,204,333,-1,-1
00005157.jpg,23,148,202,333,-1,-1
00005158.jpg,21,148,200,333,-1,-1
00005159.jpg,20,148,199,333,-1,-1
00005160.jpg,18,149,197,334,-1,-1
00005161.jpg,17,149,196,334,-1,-1
00005162.jpg,16,149,195,334,-1,-1
00005163.jpg,15,150,194,335,-1,-1
00005164.jpg,13,150,192,335,-1,-1
00005165.jpg,12,151,191,336,-1,-1
00005166.jpg,11,151,190,336,-1,-1
00005167.jpg,10,151,189,336,-1,-1
00005168.jpg,8,151,187,336,-1,-1
00005169.jpg,8,151,187,336,-1,-1
00005170.jpg,7,151,186,336,-1,-1
00005171.jpg,6,151,185,336,-1,-1
00005172.jpg,5,151,184,336,-1,-1
00005173.jpg,4,150,183,335,-1,-1
00005174.jpg,4,150,183,335,-1,-1
00005175.jpg,4,149,183,334,-1,-1
00005176.jpg,4,149,183,334,-1,-1
00005177.jpg,4,148,183,333,-1,-1
00005178.jpg,3,149,182,334,-1,-1
00005179.jpg,3,149,182,334,-1,-1
00005180.jpg,3,156,172,333,-1,-1
00005181.jpg,3,156,172,333,-1,-1
00005182.jpg,3,156,172,333,-1,-1
00005183.jpg,3,156,172,333,-1,-1
00005184.jpg,2,157,171,334,-1,-1
00005185.jpg,2,157,171,334,-1,-1
00005186.jpg,3,158,163,331,-1,-1
00005187.jpg,3,158,163,331,-1,-1
00005188.jpg,3,158,163,331,-1,-1
00005189.jpg,2,158,162,331,-1,-1
00005190.jpg,2,158,162,331,-1,-1
00005191.jpg,2,158,162,331,-1,-1
00005192.jpg,2,158,162,331,-1,-1
00005193.jpg,2,158,162,331,-1,-1
00005194.jpg,2,158,162,331,-1,-1
00005195.jpg,2,157,162,330,-1,-1
00005196.jpg,1,157,161,330,-1,-1
00005197.jpg,1,157,161,330,-1,-1
00005198.jpg,1,157,161,330,-1,-1
00005199.jpg,1,158,161,331,-1,-1
00005200.jpg,0,158,160,331,-1,-1
00005201.jpg,0,158,160,331,-1,-1
00005202.jpg,0,158,160,331,-1,-1
00005203.jpg,0,159,160,332,-1,-1
00005204.jpg,0,162,151,330,-1,-1
00005205.jpg,0,162,151,330,-1,-1
00005206.jpg,0,162,150,330,-1,-1
00005207.jpg,0,162,149,330,-1,-1
00005208.jpg,0,163,149,331,-1,-1
00005209.jpg,0,163,148,331,-1,-1
00005210.jpg,0,163,148,331,-1,-1
00005211.jpg,0,163,148,331,-1,-1
00005212.jpg,0,163,148,331,-1,-1
00005213.jpg,0,163,148,331,-1,-1
00005214.jpg,0,163,148,331,-1,-1
00005215.jpg,0,163,148,331,-1,-1
00005216.jpg,0,164,148,332,-1,-1
00005217.jpg,0,164,148,332,-1,-1
00005218.jpg,0,164,148,332,-1,-1
00005219.jpg,0,164,148,332,-1,-1
00005220.jpg,0,164,148,332,-1,-1
00005221.jpg,0,164,148,332,-1,-1
00005222.jpg,0,164,149,332,-1,-1
00005223.jpg,0,163,150,331,-1,-1
00005224.jpg,0,163,151,331,-1,-1
00005225.jpg,0,163,153,331,-1,-1
00005226.jpg,0,162,154,330,-1,-1
00005227.jpg,0,159,157,329,629,431
00005228.jpg,0,159,157,329,629,431
00005229.jpg,0,159,159,329,623,430
00005230.jpg,0,158,161,328,619,426
00005231.jpg,0,158,164,328,619,425
00005232.jpg,0,155,162,330,619,425
00005233.jpg,0,155,162,330,617,423
00005234.jpg,0,155,165,330,613,419
00005235.jpg,0,154,168,329,609,418
00005236.jpg,0,154,171,329,604,418
00005237.jpg,0,153,174,328,603,418
00005238.jpg,0,153,178,328,600,418
00005239.jpg,0,152,181,327,599,418
00005240.jpg,8,148,181,326,595,418
00005241.jpg,8,148,181,326,592,415
00005242.jpg,12,147,185,325,592,413
00005243.jpg,15,145,188,323,592,413
00005244.jpg,19,144,192,322,592,413
00005245.jpg,23,143,196,321,592,413
00005246.jpg,26,142,199,320,592,413
00005247.jpg,30,141,203,319,589,409
00005248.jpg,34,141,207,319,587,406
00005249.jpg,38,140,211,318,584,403
00005250.jpg,42,140,215,318,584,401
00005251.jpg,46,140,219,318,584,401
00005252.jpg,49,140,222,318,584,398
00005253.jpg,53,140,226,318,582,396
00005254.jpg,56,140,229,318,578,396
00005255.jpg,59,140,232,318,577,396
00005256.jpg,62,140,235,318,577,396
00005257.jpg,65,140,238,318,577,396
00005258.jpg,68,140,241,318,577,396
00005259.jpg,71,140,244,318,575,396
00005260.jpg,73,140,246,318,575,394
00005261.jpg,76,139,249,317,575,389
00005262.jpg,79,139,252,317,575,385
00005263.jpg,81,139,254,317,577,383
00005264.jpg,84,139,257,317,579,379
00005265.jpg,86,139,259,317,579,378
00005266.jpg,88,139,261,317,579,378
00005267.jpg,91,139,264,317,579,378
00005268.jpg,93,138,266,316,579,378
00005269.jpg,95,138,268,316,579,378
00005270.jpg,98,138,271,316,579,376
00005271.jpg,100,138,273,316,579,376
00005272.jpg,102,138,275,316,579,381
00005273.jpg,102,137,274,313,579,383
00005274.jpg,102,137,274,313,579,391
00005275.jpg,103,137,275,313,579,395
00005276.jpg,104,138,276,314,579,395
00005277.jpg,106,139,278,315,579,398
00005278.jpg,107,139,279,315,579,399
00005279.jpg,107,139,279,315,582,399
00005280.jpg,108,140,280,316,584,399
00005281.jpg,109,140,281,316,585,398
00005282.jpg,109,140,281,316,585,398
00005283.jpg,109,140,281,316,585,398
00005284.jpg,109,140,281,316,585,398
00005285.jpg,109,140,281,316,585,398
00005286.jpg,108,139,280,315,585,398
00005287.jpg,108,139,280,315,585,398
00005288.jpg,107,138,279,314,585,398
00005289.jpg,106,138,278,314,585,398
00005290.jpg,105,137,277,313,585,398
00005291.jpg,104,137,276,313,585,398
00005292.jpg,103,136,275,312,585,398
00005293.jpg,103,136,275,312,585,398
00005294.jpg,101,135,273,311,587,398
00005295.jpg,100,135,272,311,587,398
00005296.jpg,99,135,271,311,587,398
00005297.jpg,98,135,270,311,587,398
00005298.jpg,97,136,269,312,587,398
00005299.jpg,96,136,268,312,588,398
00005300.jpg,95,136,267,312,588,398
00005301.jpg,95,136,267,312,593,398
00005302.jpg,94,136,266,312,594,398
00005303.jpg,94,136,266,312,594,398
00005304.jpg,93,136,265,312,594,398
00005305.jpg,93,136,265,312,594,398
00005306.jpg,93,136,265,312,594,398
00005307.jpg,93,136,265,312,594,398
00005308.jpg,93,137,265,313,594,398
00005309.jpg,93,137,265,313,594,398
00005310.jpg,92,137,264,313,594,398
00005311.jpg,92,137,264,313,605,400
00005312.jpg,92,138,264,314,605,400
00005313.jpg,92,138,264,314,605,400
00005314.jpg,92,139,264,315,607,400
00005315.jpg,91,139,263,315,608,401
00005316.jpg,91,139,263,315,610,404
00005317.jpg,91,139,263,315,613,405
00005318.jpg,91,140,263,316,613,405
00005319.jpg,91,140,263,316,622,405
00005320.jpg,90,140,262,316,624,405
00005321.jpg,90,140,262,316,625,405
00005322.jpg,90,140,262,316,625,405
00005323.jpg,90,140,262,316,627,405
00005324.jpg,89,140,261,316,632,408
00005325.jpg,89,140,261,316,633,409
00005326.jpg,89,140,261,316,633,409
00005327.jpg,88,140,260,316,633,409
00005328.jpg,87,140,259,316,634,409
00005329.jpg,87,140,259,316,634,409
00005330.jpg,86,141,258,317,634,409
00005331.jpg,85,141,257,317,634,409
00005332.jpg,84,141,256,317,634,410
00005333.jpg,83,142,255,318,634,413
00005334.jpg,82,142,254,318,634,413
00005335.jpg,81,143,253,319,634,413
00005336.jpg,79,143,251,319,634,413
00005337.jpg,78,143,250,319,634,413
00005338.jpg,77,143,249,319,634,413
00005339.jpg,75,144,247,320,632,413
00005340.jpg,74,144,246,320,632,413
00005341.jpg,72,144,244,320,632,413
00005342.jpg,70,145,242,321,632,413
00005343.jpg,69,145,241,321,632,413
00005344.jpg,68,145,240,321,632,413
00005345.jpg,66,146,238,322,632,413
00005346.jpg,65,146,237,322,632,413
00005347.jpg,64,146,236,322,632,413
00005348.jpg,62,147,234,323,628,415
00005349.jpg,61,147,233,323,628,415
00005350.jpg,59,148,231,324,628,419
00005351.jpg,58,148,230,324,637,424
00005352.jpg,56,149,228,325,637,424
00005353.jpg,55,149,227,325,638,425
00005354.jpg,54,149,226,325,639,426
00005355.jpg,52,149,224,325,643,426
00005356.jpg,51,148,223,324,643,426
00005357.jpg,50,148,222,324,643,426
00005358.jpg,49,147,221,323,643,426
00005359.jpg,48,147,220,323,643,426
00005360.jpg,47,147,219,323,643,426
00005361.jpg,46,146,218,322,643,426
00005362.jpg,45,146,217,322,643,426
00005363.jpg,45,146,217,322,643,426
00005364.jpg,44,146,216,322,643,426
00005365.jpg,44,147,216,323,643,426
00005366.jpg,43,147,215,323,643,426
00005367.jpg,42,147,214,323,643,426
00005368.jpg,42,147,214,323,643,426
00005369.jpg,41,148,213,324,643,426
00005370.jpg,40,148,212,324,643,426
00005371.jpg,40,148,212,324,643,426
00005372.jpg,39,148,211,324,643,426
00005373.jpg,39,148,211,324,645,426
00005374.jpg,38,148,210,324,645,426
00005375.jpg,38,147,210,323,645,426
00005376.jpg,37,148,209,324,645,426
00005377.jpg,37,147,209,323,645,426
00005378.jpg,36,147,208,323,645,426
00005379.jpg,35,148,207,324,645,426
00005380.jpg,34,148,206,324,645,426
00005381.jpg,33,148,205,324,645,426
00005382.jpg,33,148,205,324,645,426
00005383.jpg,32,149,204,325,645,426
00005384.jpg,31,150,203,326,645,426
00005385.jpg,31,150,203,326,645,426
00005386.jpg,31,151,203,327,645,426
00005387.jpg,30,151,202,327,645,426
00005388.jpg,30,152,202,328,648,440
00005389.jpg,31,152,203,328,649,443
00005390.jpg,31,153,203,329,649,449
00005391.jpg,32,153,204,329,649,451
00005392.jpg,33,154,205,330,649,451
00005393.jpg,34,154,206,330,649,451
00005394.jpg,35,154,207,330,649,453
00005395.jpg,36,153,208,329,649,456
00005396.jpg,38,153,210,329,649,456
00005397.jpg,39,153,211,329,649,456
00005398.jpg,41,153,213,329,649,456
00005399.jpg,42,153,214,329,645,456
00005400.jpg,44,153,216,329,642,456
00005401.jpg,46,152,218,328,637,456
00005402.jpg,48,151,220,327,635,456
00005403.jpg,49,151,221,327,635,456
00005404.jpg,51,150,223,326,-1,-1
00005405.jpg,53,149,225,325,-1,-1
00005406.jpg,54,148,226,324,-1,-1
00005407.jpg,55,146,227,322,-1,-1
00005408.jpg,58,149,225,325,-1,-1
00005409.jpg,58,149,225,325,-1,-1
00005410.jpg,59,148,226,324,-1,-1
00005411.jpg,60,147,227,323,-1,-1
00005412.jpg,61,146,228,322,-1,-1
00005413.jpg,62,145,229,321,-1,-1
00005414.jpg,63,144,230,320,-1,-1
00005415.jpg,63,143,230,319,-1,-1
00005416.jpg,64,143,231,319,-1,-1
00005417.jpg,65,142,232,318,-1,-1
00005418.jpg,66,141,233,317,-1,-1
00005419.jpg,67,141,234,317,-1,-1
00005420.jpg,68,141,235,317,-1,-1
00005421.jpg,69,141,236,317,-1,-1
00005422.jpg,71,141,238,317,-1,-1
00005423.jpg,72,141,239,317,-1,-1
00005424.jpg,73,141,240,317,-1,-1
00005425.jpg,74,141,241,317,-1,-1
00005426.jpg,75,141,242,317,-1,-1
00005427.jpg,77,142,244,318,-1,-1
00005428.jpg,78,142,245,318,-1,-1
00005429.jpg,79,142,246,318,275,539
00005430.jpg,80,142,247,318,274,532
00005431.jpg,82,143,249,319,277,519
00005432.jpg,84,143,251,319,277,509
00005433.jpg,85,143,252,319,273,503
00005434.jpg,87,143,254,319,267,498
00005435.jpg,88,143,255,319,267,487
00005436.jpg,90,143,257,319,267,479
00005437.jpg,91,142,258,318,269,470
00005438.jpg,93,142,260,318,603,436
00005439.jpg,94,141,261,317,603,432
00005440.jpg,97,141,264,317,603,429
00005441.jpg,98,141,265,317,603,429
00005442.jpg,100,140,267,316,603,427
00005443.jpg,102,140,269,316,606,424
00005444.jpg,103,139,270,315,606,424
00005445.jpg,105,139,272,315,606,424
00005446.jpg,107,139,274,315,606,424
00005447.jpg,109,139,276,315,606,424
00005448.jpg,111,139,278,315,606,424
00005449.jpg,113,138,280,314,603,419
00005450.jpg,115,138,282,314,603,419
00005451.jpg,117,138,284,314,602,419
00005452.jpg,118,138,285,314,601,419
00005453.jpg,120,138,287,314,598,418
00005454.jpg,121,137,288,313,593,419
00005455.jpg,123,137,290,313,591,419
00005456.jpg,124,137,291,313,588,420
00005457.jpg,125,136,292,312,586,422
00005458.jpg,127,135,294,311,583,424
00005459.jpg,128,135,295,311,582,425
00005460.jpg,129,134,296,310,577,428
00005461.jpg,131,133,298,309,573,430
00005462.jpg,132,132,299,308,573,429
00005463.jpg,133,132,295,296,569,424
00005464.jpg,133,132,295,296,569,430
00005465.jpg,134,131,296,295,567,429
00005466.jpg,135,130,297,294,568,429
00005467.jpg,136,129,298,293,569,429
00005468.jpg,136,129,298,293,572,429
00005469.jpg,137,128,299,292,573,429
00005470.jpg,137,128,299,292,573,426
00005471.jpg,137,128,299,292,579,422
00005472.jpg,137,127,299,291,583,418
00005473.jpg,137,127,299,291,585,415
00005474.jpg,136,127,298,291,589,413
00005475.jpg,136,126,298,290,590,412
00005476.jpg,135,126,297,290,591,413
00005477.jpg,134,125,296,289,591,413
00005478.jpg,133,125,295,289,591,412
00005479.jpg,131,124,293,288,591,409
00005480.jpg,130,124,292,288,591,407
00005481.jpg,129,123,291,287,591,406
00005482.jpg,127,123,289,287,591,403
00005483.jpg,126,121,288,285,591,403
00005484.jpg,125,120,287,284,591,401
00005485.jpg,123,120,285,284,591,401
00005486.jpg,121,120,283,284,590,400
00005487.jpg,119,120,281,284,590,400
00005488.jpg,118,120,280,284,590,399
00005489.jpg,116,121,278,285,591,398
00005490.jpg,114,121,276,285,591,397
00005491.jpg,113,122,275,286,592,397
00005492.jpg,111,122,273,286,593,396
00005493.jpg,109,122,271,286,593,396
00005494.jpg,107,123,269,287,593,395
00005495.jpg,105,123,267,287,593,395
00005496.jpg,104,122,266,286,591,393
00005497.jpg,102,122,264,286,588,392
00005498.jpg,100,122,262,286,588,392
00005499.jpg,99,122,261,286,585,391
00005500.jpg,97,122,259,286,583,391
00005501.jpg,96,122,258,286,583,391
00005502.jpg,94,122,256,286,583,389
00005503.jpg,93,122,255,286,581,389
00005504.jpg,92,123,254,287,581,389
00005505.jpg,91,123,253,287,581,389
00005506.jpg,90,124,252,288,581,389
00005507.jpg,89,125,251,289,580,389
00005508.jpg,88,126,250,290,580,389
00005509.jpg,88,127,250,291,577,389
00005510.jpg,87,129,249,293,577,389
00005511.jpg,87,130,249,294,578,389
00005512.jpg,87,131,249,295,578,389
00005513.jpg,87,132,249,296,578,389
00005514.jpg,87,133,249,297,578,389
00005515.jpg,87,133,249,297,578,392
