00005094.jpg,385,79,614,332,593,376
00005095.jpg,385,79,614,332,593,376
00005096.jpg,385,79,614,332,603,344
00005097.jpg,385,79,614,332,601,342
00005098.jpg,384,80,613,333,599,345
00005099.jpg,383,80,612,333,597,347
00005100.jpg,391,77,617,334,597,344
00005101.jpg,391,77,617,334,598,348
00005102.jpg,391,77,617,334,590,344
00005103.jpg,391,77,617,334,590,344
00005104.jpg,392,77,618,334,586,344
00005105.jpg,402,77,632,339,583,344
00005106.jpg,402,77,632,339,582,344
00005107.jpg,402,77,632,339,576,344
00005108.jpg,403,79,636,357,575,343
00005109.jpg,403,79,636,357,573,342
00005110.jpg,402,80,635,358,571,341
00005111.jpg,402,80,635,358,568,342
00005112.jpg,401,80,634,358,566,343
00005113.jpg,401,82,640,367,566,343
00005114.jpg,401,82,640,367,564,344
00005115.jpg,400,83,639,368,564,347
00005116.jpg,395,82,635,377,564,347
00005117.jpg,395,82,635,377,564,347
00005118.jpg,394,82,634,377,563,348
00005119.jpg,393,83,633,378,563,350
00005120.jpg,392,83,632,378,563,352
00005121.jpg,392,83,632,378,565,352
00005122.jpg,391,83,631,378,566,353
00005123.jpg,391,83,631,378,565,356
00005124.jpg,391,83,631,378,570,358
00005125.jpg,390,83,630,378,569,358
00005126.jpg,391,83,631,378,569,358
00005127.jpg,392,83,632,378,569,358
00005128.jpg,392,83,632,378,569,358
00005129.jpg,392,83,632,378,569,358
00005130.jpg,392,83,632,378,569,358
00005131.jpg,392,83,632,378,569,358
00005132.jpg,393,83,633,378,569,358
00005133.jpg,393,83,633,378,570,358
00005134.jpg,394,83,634,378,573,360
00005135.jpg,395,82,635,377,573,360
00005136.jpg,395,82,635,377,573,360
00005137.jpg,396,82,636,377,573,360
00005138.jpg,397,82,637,377,573,359
00005139.jpg,397,82,637,377,573,359
00005140.jpg,398,82,638,377,573,359
00005141.jpg,398,82,638,377,573,359
00005142.jpg,399,83,639,378,573,359
00005143.jpg,400,83,640,378,573,359
00005144.jpg,400,83,640,378,573,359
00005145.jpg,400,83,640,378,573,359
00005146.jpg,401,84,641,379,573,359
00005147.jpg,401,84,641,379,573,359
00005148.jpg,401,84,641,379,573,359
00005149.jpg,401,84,641,379,573,359
00005150.jpg,401,85,641,380,573,359
00005151.jpg,400,85,640,380,572,359
00005152.jpg,396,84,636,379,572,359
00005153.jpg,393,83,633,378,570,361
00005154.jpg,391,83,631,378,567,365
00005155.jpg,384,82,626,380,566,365
00005156.jpg,384,82,626,380,549,415
00005157.jpg,371,84,613,383,547,415
00005158.jpg,371,84,613,383,549,417
00005159.jpg,371,84,613,383,552,420
00005160.jpg,371,84,613,383,-1,-1
00005161.jpg,360,94,598,370,-1,-1
00005162.jpg,360,94,598,370,-1,-1
00005163.jpg,359,93,597,369,-1,-1
00005164.jpg,359,93,597,369,-1,-1
00005165.jpg,357,92,595,368,-1,-1
00005166.jpg,355,91,593,367,-1,-1
00005167.jpg,353,89,591,365,-1,-1
00005168.jpg,351,86,589,362,-1,-1
00005169.jpg,352,95,575,346,-1,-1
00005170.jpg,352,95,575,346,-1,-1
00005171.jpg,352,94,575,345,-1,-1
00005172.jpg,353,93,576,344,-1,-1
00005173.jpg,354,92,577,343,-1,-1
00005174.jpg,354,92,577,343,-1,-1
00005175.jpg,356,91,579,342,-1,-1
00005176.jpg,357,90,580,341,-1,-1
00005177.jpg,358,91,581,342,-1,-1
00005178.jpg,358,92,581,343,-1,-1
00005179.jpg,359,93,582,344,-1,-1
00005180.jpg,361,93,584,344,-1,-1
00005181.jpg,362,94,585,345,-1,-1
00005182.jpg,365,95,588,346,-1,-1
00005183.jpg,367,95,590,346,-1,-1
00005184.jpg,370,92,595,338,317,539
00005185.jpg,370,92,595,338,563,411
00005186.jpg,371,92,596,338,566,411
00005187.jpg,371,92,596,338,563,411
00005188.jpg,371,92,596,338,565,409
00005189.jpg,371,92,596,338,566,409
00005190.jpg,380,88,604,340,570,409
00005191.jpg,380,88,604,340,570,409
00005192.jpg,381,88,605,340,574,409
00005193.jpg,381,88,605,340,574,409
00005194.jpg,381,88,605,340,575,408
00005195.jpg,381,88,605,340,578,408
00005196.jpg,381,88,605,340,578,408
00005197.jpg,381,88,605,340,581,406
00005198.jpg,381,88,605,340,581,406
00005199.jpg,381,87,605,339,582,406
00005200.jpg,381,87,605,339,583,404
00005201.jpg,381,87,605,339,584,404
00005202.jpg,381,87,605,339,585,404
00005203.jpg,381,87,605,339,588,402
00005204.jpg,382,87,606,339,588,402
00005205.jpg,382,86,606,338,591,400
00005206.jpg,382,86,606,338,591,400
00005207.jpg,382,86,606,338,347,530
00005208.jpg,382,86,606,338,345,530
00005209.jpg,382,85,606,337,342,531
00005210.jpg,382,85,606,337,345,532
00005211.jpg,382,85,606,337,344,532
00005212.jpg,382,85,606,337,343,532
00005213.jpg,382,85,606,337,-1,-1
00005214.jpg,382,85,606,337,-1,-1
00005215.jpg,382,85,606,337,-1,-1
00005216.jpg,382,85,606,337,-1,-1
00005217.jpg,382,85,606,337,-1,-1
00005218.jpg,382,85,606,337,-1,-1
00005219.jpg,382,85,606,337,-1,-1
00005220.jpg,382,85,606,337,-1,-1
00005221.jpg,383,84,607,336,-1,-1
00005222.jpg,383,84,607,336,-1,-1
00005223.jpg,383,84,607,336,-1,-1
00005224.jpg,383,84,607,336,-1,-1
00005225.jpg,383,83,607,335,-1,-1
00005226.jpg,383,83,607,335,-1,-1
00005227.jpg,383,82,607,334,-1,-1
00005228.jpg,383,82,607,334,-1,-1
00005229.jpg,383,81,607,333,-1,-1
00005230.jpg,383,81,607,333,-1,-1
00005231.jpg,383,81,607,333,-1,-1
00005232.jpg,383,80,607,332,-1,-1
00005233.jpg,383,80,607,332,-1,-1
00005234.jpg,383,80,607,332,-1,-1
00005235.jpg,384,79,608,331,-1,-1
00005236.jpg,390,73,624,335,-1,-1
00005237.jpg,390,73,624,335,-1,-1
00005238.jpg,391,73,625,335,-1,-1
00005239.jpg,392,73,626,335,-1,-1
00005240.jpg,393,73,627,335,-1,-1
00005241.jpg,393,72,627,334,-1,-1
00005242.jpg,394,71,628,333,-1,-1
00005243.jpg,396,71,630,333,-1,-1
00005244.jpg,395,69,649,347,-1,-1
00005245.jpg,395,69,649,347,-1,-1
00005246.jpg,396,69,650,347,-1,-1
00005247.jpg,405,65,652,346,336,535
00005248.jpg,412,61,653,345,336,535
00005249.jpg,412,61,653,345,553,417
00005250.jpg,426,64,655,345,553,417
00005251.jpg,426,64,655,345,554,417
00005252.jpg,427,64,656,345,555,417
00005253.jpg,431,64,660,345,556,417
00005254.jpg,433,64,662,345,560,416
00005255.jpg,436,64,665,345,558,414
00005256.jpg,437,63,666,344,558,414
00005257.jpg,439,63,668,344,558,414
00005258.jpg,440,63,669,344,558,414
00005259.jpg,441,63,670,344,559,414
00005260.jpg,442,62,671,343,560,414
00005261.jpg,442,62,671,343,560,413
00005262.jpg,444,62,673,343,563,412
00005263.jpg,443,62,672,343,564,411
00005264.jpg,444,62,673,343,564,411
00005265.jpg,449,60,678,341,564,409
00005266.jpg,449,60,678,341,564,409
00005267.jpg,450,60,679,341,528,620
00005268.jpg,448,61,677,342,529,625
00005269.jpg,451,61,680,342,528,623
00005270.jpg,451,61,680,342,528,621
00005271.jpg,451,62,680,343,529,622
00005272.jpg,451,63,680,344,528,622
00005273.jpg,449,63,678,344,526,626
00005274.jpg,449,63,678,344,525,623
00005275.jpg,449,64,678,345,526,624
00005276.jpg,449,64,678,345,524,623
00005277.jpg,447,64,676,345,523,627
00005278.jpg,447,64,676,345,523,626
00005279.jpg,445,64,674,345,522,626
00005280.jpg,445,64,674,345,523,624
00005281.jpg,444,64,673,345,522,627
00005282.jpg,443,64,672,345,522,625
00005283.jpg,442,64,671,345,362,496
00005284.jpg,436,60,676,356,366,490
00005285.jpg,436,60,676,356,371,488
00005286.jpg,436,60,676,356,374,483
00005287.jpg,436,60,676,356,374,483
00005288.jpg,436,60,676,356,374,481
00005289.jpg,437,60,677,356,375,481
00005290.jpg,437,60,677,356,377,479
00005291.jpg,438,60,678,356,379,473
00005292.jpg,438,60,678,356,383,473
00005293.jpg,440,60,680,356,386,473
00005294.jpg,441,60,681,356,389,472
00005295.jpg,442,60,682,356,390,467
00005296.jpg,442,60,682,356,394,465
00005297.jpg,443,60,683,356,394,465
00005298.jpg,443,60,683,356,393,465
00005299.jpg,444,60,684,356,393,465
00005300.jpg,444,60,684,356,395,463
00005301.jpg,444,60,684,356,395,463
00005302.jpg,445,60,685,356,397,463
00005303.jpg,445,60,685,356,399,461
00005304.jpg,445,61,685,357,402,460
00005305.jpg,445,61,685,357,402,460
00005306.jpg,445,61,685,357,402,458
00005307.jpg,445,61,685,357,405,456
00005308.jpg,445,61,685,357,406,453
00005309.jpg,445,62,685,358,409,451
00005310.jpg,444,62,684,358,410,451
00005311.jpg,443,62,683,358,-1,-1
00005312.jpg,442,62,682,358,-1,-1
00005313.jpg,442,62,682,358,-1,-1
00005314.jpg,442,63,682,359,-1,-1
00005315.jpg,442,63,682,359,-1,-1
00005316.jpg,442,63,682,359,-1,-1
00005317.jpg,441,63,681,359,-1,-1
00005318.jpg,440,63,680,359,-1,-1
00005319.jpg,439,63,679,359,-1,-1
00005320.jpg,438,63,678,359,-1,-1
00005321.jpg,436,62,676,358,-1,-1
00005322.jpg,433,62,673,358,-1,-1
00005323.jpg,432,62,672,358,-1,-1
00005324.jpg,430,62,670,358,-1,-1
00005325.jpg,428,62,668,358,-1,-1
00005326.jpg,426,63,666,359,-1,-1
00005327.jpg,424,63,664,359,-1,-1
00005328.jpg,423,64,663,360,-1,-1
00005329.jpg,420,64,660,360,-1,-1
00005330.jpg,419,65,659,361,-1,-1
00005331.jpg,417,66,657,362,-1,-1
00005332.jpg,416,67,656,363,-1,-1
00005333.jpg,414,69,654,365,611,399
00005334.jpg,413,70,653,366,610,399
00005335.jpg,411,72,651,368,610,399
00005336.jpg,411,73,651,369,610,400
00005337.jpg,410,73,650,369,610,402
00005338.jpg,409,74,649,370,610,402
00005339.jpg,409,76,649,372,608,406
00005340.jpg,409,77,649,373,608,407
00005341.jpg,408,78,648,374,608,409
00005342.jpg,406,76,646,372,608,409
00005343.jpg,406,79,646,375,610,409
00005344.jpg,403,78,643,374,611,409
00005345.jpg,403,79,643,375,612,411
00005346.jpg,402,80,642,376,612,411
00005347.jpg,403,81,643,377,612,411
00005348.jpg,402,84,642,380,614,412
00005349.jpg,402,84,642,380,614,412
00005350.jpg,402,84,642,380,617,413
00005351.jpg,401,84,641,380,619,414
00005352.jpg,400,84,640,380,621,415
00005353.jpg,399,86,639,382,621,415
00005354.jpg,397,85,637,381,621,415
00005355.jpg,396,84,636,380,622,415
00005356.jpg,394,84,634,380,622,415
00005357.jpg,392,83,632,379,622,413
00005358.jpg,391,82,631,378,622,413
00005359.jpg,387,82,627,378,622,413
00005360.jpg,385,82,625,378,620,413
00005361.jpg,384,82,624,378,620,413
00005362.jpg,382,82,622,378,620,413
00005363.jpg,379,82,619,378,620,413
00005364.jpg,377,84,617,380,621,413
00005365.jpg,375,85,615,381,621,411
00005366.jpg,369,86,609,382,621,411
00005367.jpg,367,87,607,383,621,411
00005368.jpg,363,88,603,384,622,412
00005369.jpg,360,88,600,384,622,414
00005370.jpg,357,89,597,385,622,415
00005371.jpg,354,90,594,386,452,474
00005372.jpg,352,91,592,387,451,474
00005373.jpg,348,91,588,387,451,475
00005374.jpg,346,92,586,388,450,475
00005375.jpg,344,92,584,388,450,475
00005376.jpg,342,93,582,389,450,475
00005377.jpg,338,93,578,389,449,476
00005378.jpg,333,93,573,389,449,476
00005379.jpg,331,93,571,389,448,476
00005380.jpg,327,93,567,389,449,475
00005381.jpg,324,93,564,389,607,429
00005382.jpg,322,94,562,390,610,427
00005383.jpg,321,95,561,391,611,427
00005384.jpg,320,95,560,391,614,428
00005385.jpg,319,96,559,392,614,429
00005386.jpg,318,95,555,385,615,429
00005387.jpg,318,95,555,385,617,430
00005388.jpg,317,96,554,386,618,431
00005389.jpg,316,97,553,387,619,432
00005390.jpg,315,98,552,388,620,433
00005391.jpg,315,99,552,389,620,433
00005392.jpg,314,100,551,390,620,433
00005393.jpg,314,101,551,391,619,435
00005394.jpg,314,102,551,392,618,437
00005395.jpg,314,103,551,393,618,437
00005396.jpg,314,103,551,393,618,437
00005397.jpg,314,103,551,393,614,441
00005398.jpg,317,101,554,391,613,441
00005399.jpg,320,100,557,390,611,441
00005400.jpg,321,95,558,385,608,444
00005401.jpg,321,95,558,385,607,445
00005402.jpg,321,95,558,385,606,446
00005403.jpg,322,95,559,385,603,447
00005404.jpg,330,100,561,378,603,447
00005405.jpg,330,100,561,378,603,447
00005406.jpg,331,100,562,378,604,447
00005407.jpg,333,100,564,378,604,447
00005408.jpg,336,100,567,378,604,447
00005409.jpg,338,100,569,378,602,451
00005410.jpg,340,100,571,378,601,453
00005411.jpg,344,100,575,378,604,455
00005412.jpg,347,99,578,377,674,657
00005413.jpg,351,99,582,377,610,618
00005414.jpg,355,100,586,378,610,622
00005415.jpg,360,102,591,380,606,625
00005416.jpg,363,95,594,373,605,629
00005417.jpg,367,95,598,373,603,635
00005418.jpg,376,116,598,381,602,640
00005419.jpg,386,122,605,381,594,647
00005420.jpg,397,131,603,385,586,652
00005421.jpg,397,131,603,385,582,653
00005422.jpg,399,134,605,388,583,654
00005423.jpg,404,139,610,393,583,655
00005424.jpg,407,143,613,397,584,656
00005425.jpg,410,145,616,399,582,656
00005426.jpg,413,146,619,400,582,657
00005427.jpg,415,148,621,402,582,657
00005428.jpg,416,149,622,403,579,658
00005429.jpg,416,150,622,404,579,658
00005430.jpg,418,151,624,405,571,659
00005431.jpg,419,151,625,405,570,657
00005432.jpg,420,151,626,405,570,657
00005433.jpg,423,153,626,402,569,658
00005434.jpg,423,153,626,402,569,658
00005435.jpg,423,153,626,402,566,659
00005436.jpg,423,153,626,402,564,660
00005437.jpg,422,152,625,401,563,661
00005438.jpg,421,151,624,400,560,661
00005439.jpg,429,160,608,391,560,658
00005440.jpg,429,160,608,391,558,657
00005441.jpg,428,159,607,390,556,657
00005442.jpg,427,158,606,389,556,656
00005443.jpg,425,157,604,388,554,655
00005444.jpg,424,156,603,387,554,655
00005445.jpg,422,155,601,386,552,652
00005446.jpg,421,154,600,385,552,652
00005447.jpg,420,152,599,383,550,649
00005448.jpg,419,150,598,381,549,648
00005449.jpg,417,148,596,379,545,642
00005450.jpg,416,145,595,376,296,489
00005451.jpg,423,141,601,371,-1,-1
00005452.jpg,423,141,601,371,-1,-1
00005453.jpg,422,140,600,370,-1,-1
00005454.jpg,421,138,599,368,-1,-1
00005455.jpg,420,135,598,365,-1,-1
00005456.jpg,420,134,598,364,-1,-1
00005457.jpg,420,131,598,361,-1,-1
00005458.jpg,420,129,598,359,-1,-1
00005459.jpg,420,127,598,357,-1,-1
00005460.jpg,421,127,599,357,-1,-1
00005461.jpg,421,125,599,355,-1,-1
00005462.jpg,421,123,599,353,-1,-1
00005463.jpg,422,124,592,345,-1,-1
00005464.jpg,422,124,592,345,-1,-1
00005465.jpg,423,123,593,344,-1,-1
00005466.jpg,425,121,595,342,-1,-1
00005467.jpg,427,119,597,340,-1,-1
00005468.jpg,429,118,599,339,-1,-1
00005469.jpg,431,116,601,337,-1,-1
00005470.jpg,434,114,604,335,-1,-1
00005471.jpg,437,113,607,334,-1,-1
00005472.jpg,440,111,610,332,-1,-1
00005473.jpg,442,111,612,332,-1,-1
00005474.jpg,445,111,615,332,-1,-1
00005475.jpg,448,111,618,332,11,382
00005476.jpg,452,113,622,334,12,381
00005477.jpg,455,113,625,334,14,381
00005478.jpg,462,110,630,330,18,380
00005479.jpg,467,107,637,326,18,380
00005480.jpg,467,107,637,326,468,460
00005481.jpg,475,103,639,320,467,459
00005482.jpg,475,103,639,320,467,459
00005483.jpg,476,103,640,320,468,458
00005484.jpg,478,102,642,319,587,401
00005485.jpg,479,101,643,318,588,401
00005486.jpg,481,100,645,317,588,398
00005487.jpg,481,100,645,317,590,394
00005488.jpg,482,99,646,316,591,393
00005489.jpg,483,98,647,315,591,394
00005490.jpg,484,97,648,314,590,389
00005491.jpg,485,96,649,313,593,392
00005492.jpg,485,95,649,312,592,389
00005493.jpg,485,94,649,311,592,388
00005494.jpg,485,93,649,310,590,385
00005495.jpg,484,94,648,311,593,386
00005496.jpg,483,93,647,310,591,385
00005497.jpg,483,92,647,309,590,385
00005498.jpg,482,92,646,309,590,385
00005499.jpg,482,92,646,306,591,386
00005500.jpg,482,92,646,306,589,386
00005501.jpg,481,92,645,306,587,386
00005502.jpg,490,94,651,308,588,385
00005503.jpg,490,94,651,308,587,385
00005504.jpg,489,94,650,308,586,383
00005505.jpg,489,95,650,309,583,383
00005506.jpg,488,95,649,309,583,382
00005507.jpg,482,97,643,303,584,381
00005508.jpg,482,97,643,303,582,381
00005509.jpg,481,98,642,304,582,383
00005510.jpg,481,98,642,304,582,381
00005511.jpg,480,99,641,305,582,381
00005512.jpg,480,100,641,306,581,384
00005513.jpg,480,100,641,306,582,380
00005514.jpg,480,100,641,306,580,383
00005515.jpg,480,100,641,306,581,382
