00004465.jpg,1352,27,1640,354,800,374
00004466.jpg,1352,27,1640,354,800,374
00004467.jpg,1352,27,1640,354,800,374
00004468.jpg,1352,27,1640,354,800,374
00004469.jpg,1351,27,1639,354,800,374
00004470.jpg,1351,27,1639,354,800,374
00004471.jpg,1351,27,1639,354,800,374
00004472.jpg,1351,27,1639,354,800,374
00004473.jpg,1351,27,1639,354,810,361
00004474.jpg,1351,27,1639,354,810,340
00004475.jpg,1351,27,1639,354,817,336
00004476.jpg,1351,27,1639,354,817,334
00004477.jpg,1351,27,1639,354,822,334
00004478.jpg,1351,26,1639,353,822,334
00004479.jpg,1351,26,1639,353,821,340
00004480.jpg,1351,26,1639,353,817,349
00004481.jpg,1351,26,1639,353,818,357
00004482.jpg,1351,26,1639,353,818,360
00004483.jpg,1351,26,1639,353,817,362
00004484.jpg,1351,26,1639,353,816,372
00004485.jpg,1351,26,1639,353,816,372
00004486.jpg,1351,26,1639,353,816,372
00004487.jpg,1351,26,1639,353,816,372
00004488.jpg,1351,26,1639,353,816,369
00004489.jpg,1351,26,1639,353,809,365
00004490.jpg,1351,26,1639,353,809,365
00004491.jpg,1351,26,1639,353,806,364
00004492.jpg,1351,26,1639,353,805,364
00004493.jpg,1351,26,1639,353,802,364
00004494.jpg,1350,26,1638,353,802,364
00004495.jpg,1350,26,1638,353,802,358
00004496.jpg,1350,26,1638,353,805,356
00004497.jpg,1350,26,1638,353,806,352
00004498.jpg,1350,26,1638,353,806,346
00004499.jpg,1350,26,1638,353,808,338
00004500.jpg,1350,26,1638,353,809,328
00004501.jpg,1350,26,1638,353,812,322
00004502.jpg,1350,26,1638,353,812,317
00004503.jpg,1349,26,1637,353,810,316
00004504.jpg,1349,26,1637,353,806,314
00004505.jpg,1349,26,1637,353,805,314
00004506.jpg,1349,26,1637,353,805,314
00004507.jpg,1349,26,1637,353,805,314
00004508.jpg,1348,26,1636,353,804,314
00004509.jpg,1348,26,1636,353,798,308
00004510.jpg,1348,26,1636,353,796,304
00004511.jpg,1348,26,1636,353,796,304
00004512.jpg,1348,26,1636,353,790,301
00004513.jpg,1348,26,1636,353,790,301
00004514.jpg,1348,26,1636,353,790,301
00004515.jpg,1347,26,1635,353,790,301
00004516.jpg,1347,26,1635,353,790,301
00004517.jpg,1347,26,1635,353,790,301
00004518.jpg,1346,26,1634,353,790,301
00004519.jpg,1346,26,1634,353,790,301
00004520.jpg,1346,26,1634,353,790,300
00004521.jpg,1345,26,1633,353,790,297
00004522.jpg,1345,26,1633,353,788,293
00004523.jpg,1344,26,1632,353,788,293
00004524.jpg,1344,26,1632,353,788,290
00004525.jpg,1344,26,1632,353,788,290
00004526.jpg,1343,26,1631,353,789,290
00004527.jpg,1343,26,1631,353,789,289
00004528.jpg,1343,26,1631,353,789,289
00004529.jpg,1342,26,1630,353,789,289
00004530.jpg,1342,26,1630,353,789,289
00004531.jpg,1341,26,1629,353,789,289
00004532.jpg,1341,26,1629,353,789,289
00004533.jpg,1340,26,1628,353,789,289
00004534.jpg,1340,26,1628,353,789,289
00004535.jpg,1339,26,1627,353,788,289
00004536.jpg,1339,26,1627,353,788,289
00004537.jpg,1338,26,1626,353,788,289
00004538.jpg,1337,26,1625,353,788,289
00004539.jpg,1336,26,1624,353,782,293
00004540.jpg,1335,26,1623,353,785,293
00004541.jpg,1334,26,1622,353,792,298
00004542.jpg,1334,26,1622,353,790,297
00004543.jpg,1334,26,1622,353,792,300
00004544.jpg,1333,26,1621,353,792,301
00004545.jpg,1332,26,1620,353,793,300
00004546.jpg,1331,26,1619,353,788,296
00004547.jpg,1331,26,1619,353,782,292
00004548.jpg,1331,26,1619,353,781,290
00004549.jpg,1330,26,1618,353,780,288
00004550.jpg,1330,26,1618,353,780,288
00004551.jpg,1330,27,1618,354,780,288
00004552.jpg,1330,27,1618,354,780,288
00004553.jpg,1329,27,1617,354,780,288
00004554.jpg,1328,27,1616,354,780,288
00004555.jpg,1327,27,1615,354,778,284
00004556.jpg,1327,27,1615,354,778,284
00004557.jpg,1326,27,1614,354,778,282
00004558.jpg,1325,27,1613,354,782,282
00004559.jpg,1324,26,1612,353,782,282
00004560.jpg,1323,26,1611,353,782,284
00004561.jpg,1323,26,1611,353,782,284
00004562.jpg,1322,26,1610,353,782,285
00004563.jpg,1321,26,1609,353,782,285
00004564.jpg,1320,26,1608,353,776,282
00004565.jpg,1319,26,1607,353,776,282
00004566.jpg,1318,26,1606,353,774,282
00004567.jpg,1318,26,1606,353,774,282
00004568.jpg,1317,26,1605,353,745,366
00004569.jpg,1316,26,1604,353,748,368
00004570.jpg,1316,26,1604,353,748,365
00004571.jpg,1315,26,1603,353,748,366
00004572.jpg,1315,26,1603,353,748,364
00004573.jpg,1315,26,1603,353,748,368
00004574.jpg,1315,27,1603,354,-1,-1
00004575.jpg,1314,26,1602,353,-1,-1
00004576.jpg,1314,26,1602,353,-1,-1
00004577.jpg,1314,26,1602,353,-1,-1
00004578.jpg,1314,26,1602,353,-1,-1
00004579.jpg,1314,26,1602,353,-1,-1
00004580.jpg,1314,26,1602,353,-1,-1
00004581.jpg,1314,26,1602,353,-1,-1
00004582.jpg,1314,26,1602,353,-1,-1
00004583.jpg,1314,26,1602,353,-1,-1
00004584.jpg,1314,26,1602,353,-1,-1
00004585.jpg,1314,26,1602,353,-1,-1
00004586.jpg,1314,26,1602,353,-1,-1
