00001558.jpg,623,300,795,487,-1,-1
00001559.jpg,642,305,812,494,-1,-1
00001560.jpg,642,305,812,494,-1,-1
00001561.jpg,654,307,824,496,-1,-1
00001562.jpg,664,310,834,499,-1,-1
00001563.jpg,697,320,848,494,-1,-1
00001564.jpg,697,320,848,494,-1,-1
00001565.jpg,705,322,856,496,-1,-1
00001566.jpg,712,324,863,498,-1,-1
00001567.jpg,742,334,890,507,-1,-1
00001568.jpg,742,334,890,507,-1,-1
00001569.jpg,749,336,897,509,-1,-1
00001570.jpg,756,337,904,510,-1,-1
00001571.jpg,763,339,911,512,-1,-1
00001572.jpg,768,342,916,515,-1,-1
00001573.jpg,773,344,921,517,-1,-1
00001574.jpg,787,351,926,511,-1,-1
00001575.jpg,787,351,926,511,-1,-1
00001576.jpg,789,352,928,512,-1,-1
00001577.jpg,790,354,929,514,561,450
00001578.jpg,791,354,930,514,581,450
00001579.jpg,791,355,930,515,594,442
00001580.jpg,798,362,932,508,613,442
00001581.jpg,798,362,932,508,626,441
00001582.jpg,798,362,932,508,648,440
00001583.jpg,799,362,933,508,672,438
00001584.jpg,800,362,934,508,689,449
00001585.jpg,801,363,935,509,710,477
00001586.jpg,802,363,936,509,736,494
00001587.jpg,803,362,937,508,768,510
00001588.jpg,804,362,938,508,792,516
00001589.jpg,804,362,938,508,809,522
00001590.jpg,805,362,939,508,817,522
00001591.jpg,806,364,940,510,825,528
00001592.jpg,807,365,941,511,836,538
00001593.jpg,807,366,941,512,841,542
00001594.jpg,808,368,942,514,850,552
00001595.jpg,808,369,942,515,852,557
00001596.jpg,807,370,941,516,838,552
00001597.jpg,806,370,940,516,841,554
00001598.jpg,805,371,939,517,844,556
00001599.jpg,804,372,938,518,845,560
00001600.jpg,804,374,938,520,845,566
00001601.jpg,798,371,932,520,841,577
00001602.jpg,798,371,932,520,840,580
00001603.jpg,797,372,931,521,840,582
00001604.jpg,796,373,930,522,840,585
00001605.jpg,796,374,930,523,836,589
00001606.jpg,795,375,929,524,836,592
00001607.jpg,794,375,928,524,836,592
00001608.jpg,793,376,927,525,838,593
00001609.jpg,793,376,927,525,838,593
00001610.jpg,792,377,926,526,841,598
00001611.jpg,792,378,926,527,841,601
00001612.jpg,791,378,925,527,841,604
00001613.jpg,791,377,925,526,838,605
00001614.jpg,792,374,926,523,836,609
00001615.jpg,791,369,925,518,836,609
00001616.jpg,792,368,927,516,834,609
00001617.jpg,781,357,919,517,836,613
00001618.jpg,781,357,919,517,618,417
00001619.jpg,779,354,917,514,680,338
00001620.jpg,777,352,915,512,658,321
00001621.jpg,776,350,914,510,648,310
00001622.jpg,775,350,913,510,633,298
00001623.jpg,775,350,913,510,617,286
00001624.jpg,775,350,913,510,597,270
00001625.jpg,779,353,918,499,574,260
00001626.jpg,779,353,918,499,554,245
00001627.jpg,779,353,918,499,528,233
00001628.jpg,779,354,918,500,504,221
00001629.jpg,780,355,919,501,480,209
00001630.jpg,782,356,921,502,450,205
00001631.jpg,783,358,922,504,426,208
00001632.jpg,785,361,924,507,-1,-1
00001633.jpg,784,373,916,509,-1,-1
00001634.jpg,784,373,916,509,-1,-1
00001635.jpg,791,376,919,498,-1,-1
00001636.jpg,791,376,919,498,-1,-1
00001637.jpg,793,377,921,499,-1,-1
00001638.jpg,796,378,924,500,-1,-1
00001639.jpg,800,379,928,501,-1,-1
00001640.jpg,805,380,933,502,-1,-1
00001641.jpg,809,381,937,503,-1,-1
00001642.jpg,814,381,942,503,-1,-1
00001643.jpg,819,381,947,503,-1,-1
00001644.jpg,823,382,951,504,-1,-1
00001645.jpg,827,384,955,506,1348,452
00001646.jpg,832,384,960,506,1349,452
00001647.jpg,830,378,958,514,1348,450
00001648.jpg,830,378,958,514,1342,449
00001649.jpg,830,378,958,514,1344,449
00001650.jpg,831,378,959,514,1341,449
00001651.jpg,830,379,958,515,1340,449
00001652.jpg,829,379,957,515,1337,449
00001653.jpg,827,378,955,514,1334,449
00001654.jpg,817,365,955,511,1332,449
00001655.jpg,817,365,955,511,1329,449
00001656.jpg,814,366,952,512,1329,449
00001657.jpg,812,365,950,511,1326,449
00001658.jpg,810,365,948,511,1322,449
00001659.jpg,805,366,942,521,1321,449
00001660.jpg,805,366,942,521,1314,449
00001661.jpg,803,367,940,522,1312,448
00001662.jpg,800,369,937,524,1302,448
00001663.jpg,798,369,935,524,1293,446
00001664.jpg,785,363,928,526,1289,445
00001665.jpg,785,363,928,526,1289,445
00001666.jpg,782,363,925,526,1284,445
00001667.jpg,779,363,922,526,1281,445
00001668.jpg,776,363,919,526,1278,448
00001669.jpg,770,362,913,525,1274,450
00001670.jpg,766,362,909,525,1276,452
00001671.jpg,761,362,904,525,1274,450
00001672.jpg,757,361,900,524,1273,450
00001673.jpg,752,361,895,524,1272,450
00001674.jpg,747,360,890,523,1273,450
00001675.jpg,741,360,884,523,1274,450
00001676.jpg,737,359,880,522,-1,-1
00001677.jpg,732,359,875,522,-1,-1
00001678.jpg,726,358,869,521,-1,-1
00001679.jpg,720,358,863,521,-1,-1
00001680.jpg,705,358,852,518,-1,-1
00001681.jpg,705,358,852,518,-1,-1
00001682.jpg,698,357,845,517,-1,-1
00001683.jpg,691,355,838,515,-1,-1
00001684.jpg,687,360,833,523,-1,-1
00001685.jpg,687,360,833,523,-1,-1
00001686.jpg,680,359,826,522,-1,-1
00001687.jpg,675,358,821,521,-1,-1
00001688.jpg,669,357,815,520,-1,-1
00001689.jpg,665,356,811,519,-1,-1
00001690.jpg,660,355,806,518,-1,-1
00001691.jpg,655,355,801,518,-1,-1
00001692.jpg,647,350,807,519,-1,-1
00001693.jpg,647,350,807,519,-1,-1
00001694.jpg,643,349,803,518,-1,-1
00001695.jpg,639,348,799,517,-1,-1
00001696.jpg,635,347,795,516,-1,-1
00001697.jpg,631,346,791,515,-1,-1
00001698.jpg,628,345,788,514,-1,-1
00001699.jpg,624,344,784,513,-1,-1
00001700.jpg,621,342,781,511,-1,-1
00001701.jpg,618,340,778,509,-1,-1
00001702.jpg,615,339,775,508,-1,-1
00001703.jpg,612,337,772,506,-1,-1
00001704.jpg,610,335,770,504,-1,-1
00001705.jpg,607,334,767,503,-1,-1
00001706.jpg,605,333,765,502,-1,-1
00001707.jpg,602,332,762,501,-1,-1
00001708.jpg,599,331,759,500,-1,-1
00001709.jpg,597,331,757,500,-1,-1
00001710.jpg,596,330,756,499,-1,-1
00001711.jpg,595,329,755,498,-1,-1
00001712.jpg,595,328,755,497,-1,-1
00001713.jpg,598,326,758,495,-1,-1
00001714.jpg,582,322,743,494,-1,-1
00001715.jpg,582,322,743,494,-1,-1
00001716.jpg,585,322,746,494,-1,-1
00001717.jpg,588,322,749,494,-1,-1
00001718.jpg,579,327,740,498,-1,-1
00001719.jpg,579,327,740,498,-1,-1
00001720.jpg,579,328,740,499,1229,433
00001721.jpg,576,328,737,499,1230,433
00001722.jpg,573,320,744,496,1233,436
00001723.jpg,573,320,744,496,1234,436
00001724.jpg,571,320,742,496,1234,438
00001725.jpg,567,320,738,496,1234,438
00001726.jpg,564,320,735,496,1234,438
00001727.jpg,559,320,730,496,1234,438
00001728.jpg,555,318,726,494,1234,438
00001729.jpg,544,317,714,498,820,538
00001730.jpg,544,317,714,498,820,537
00001731.jpg,540,316,710,497,817,541
00001732.jpg,538,316,708,497,808,542
00001733.jpg,527,325,684,507,802,542
00001734.jpg,527,325,684,507,786,566
00001735.jpg,521,327,678,509,777,578
00001736.jpg,514,329,671,511,777,578
00001737.jpg,506,333,663,515,774,582
00001738.jpg,498,336,655,518,769,589
00001739.jpg,498,336,655,518,758,601
