00001558.jpg,1354,323,1525,496,-1,-1
00001559.jpg,1371,336,1538,511,-1,-1
00001560.jpg,1371,336,1538,511,-1,-1
00001561.jpg,1375,339,1542,514,-1,-1
00001562.jpg,1379,341,1546,516,-1,-1
00001563.jpg,1383,344,1550,519,12,410
00001564.jpg,1386,346,1553,521,34,410
00001565.jpg,1388,348,1555,523,81,412
00001566.jpg,1388,351,1555,526,124,414
00001567.jpg,1400,359,1548,524,172,416
00001568.jpg,1400,359,1548,524,226,420
00001569.jpg,1401,361,1549,526,272,430
00001570.jpg,1401,363,1549,528,301,434
00001571.jpg,1401,364,1549,529,333,438
00001572.jpg,1400,366,1548,531,361,444
00001573.jpg,1397,367,1545,532,396,446
00001574.jpg,1394,369,1542,534,438,441
00001575.jpg,1394,382,1531,534,480,432
00001576.jpg,1394,382,1531,534,512,430
00001577.jpg,1381,383,1518,533,537,432
00001578.jpg,1381,383,1518,533,564,436
00001579.jpg,1378,383,1515,533,601,432
00001580.jpg,1375,383,1512,533,620,432
00001581.jpg,1373,383,1510,533,649,446
00001582.jpg,1371,383,1508,533,682,449
00001583.jpg,1369,383,1506,533,708,462
00001584.jpg,1368,383,1505,533,745,482
00001585.jpg,1366,384,1503,534,773,506
00001586.jpg,1365,384,1502,534,796,512
00001587.jpg,1365,384,1502,534,812,522
00001588.jpg,1364,383,1501,533,834,532
00001589.jpg,1363,383,1500,533,836,532
00001590.jpg,1363,383,1500,533,865,440
00001591.jpg,1362,383,1499,533,865,440
00001592.jpg,1362,383,1499,533,866,440
00001593.jpg,1361,382,1498,532,869,440
00001594.jpg,1360,382,1497,532,870,442
00001595.jpg,1360,382,1497,532,869,442
00001596.jpg,1360,382,1497,532,866,444
00001597.jpg,1359,382,1496,532,868,444
00001598.jpg,1359,382,1496,532,864,444
00001599.jpg,1359,381,1496,531,876,556
00001600.jpg,1359,381,1496,531,877,564
00001601.jpg,1359,381,1496,531,880,568
00001602.jpg,1358,381,1495,531,881,572
00001603.jpg,1358,381,1495,531,886,580
00001604.jpg,1358,381,1495,531,886,582
00001605.jpg,1358,381,1495,531,888,582
00001606.jpg,1358,381,1495,531,860,462
00001607.jpg,1358,381,1495,531,860,462
00001608.jpg,1358,381,1495,531,856,462
00001609.jpg,1358,381,1495,531,857,461
00001610.jpg,1358,381,1495,531,857,461
00001611.jpg,1358,381,1495,531,856,460
00001612.jpg,1358,381,1495,531,858,461
00001613.jpg,1358,381,1495,531,854,460
00001614.jpg,1358,381,1495,531,854,457
00001615.jpg,1358,381,1495,531,854,450
00001616.jpg,1358,381,1495,531,849,437
00001617.jpg,1358,381,1495,531,890,645
00001618.jpg,1358,382,1495,532,893,644
00001619.jpg,1357,382,1494,532,893,644
00001620.jpg,1357,382,1494,532,896,644
00001621.jpg,1356,382,1493,532,900,644
00001622.jpg,1355,383,1492,533,910,644
00001623.jpg,1352,385,1489,535,926,646
00001624.jpg,1349,386,1486,536,941,648
00001625.jpg,1348,387,1485,537,957,649
00001626.jpg,1345,387,1482,537,969,652
00001627.jpg,1343,388,1480,538,985,660
00001628.jpg,1340,388,1477,538,984,670
00001629.jpg,1339,388,1476,538,982,673
00001630.jpg,1338,387,1475,537,985,674
00001631.jpg,1336,386,1473,536,985,672
00001632.jpg,1334,386,1471,536,985,670
00001633.jpg,1332,385,1469,535,985,666
00001634.jpg,1330,385,1467,535,994,661
00001635.jpg,1328,384,1465,534,994,661
00001636.jpg,1325,384,1462,534,1001,661
00001637.jpg,1324,383,1461,533,1006,658
00001638.jpg,1322,382,1459,532,1016,661
00001639.jpg,1321,382,1458,532,1016,661
00001640.jpg,1320,381,1457,531,1013,661
00001641.jpg,1320,380,1457,530,1013,661
00001642.jpg,1319,379,1456,529,1014,661
00001643.jpg,1319,378,1456,528,1014,661
00001644.jpg,1319,377,1456,527,1017,661
00001645.jpg,1318,376,1455,526,1016,661
00001646.jpg,1317,375,1454,525,1016,661
00001647.jpg,1316,374,1453,524,1016,661
00001648.jpg,1314,373,1451,523,1017,660
00001649.jpg,1312,372,1449,522,1017,660
00001650.jpg,1310,372,1447,522,1017,661
00001651.jpg,1307,371,1444,521,1017,664
00001652.jpg,1304,371,1441,521,1017,664
00001653.jpg,1301,370,1438,520,1018,666
00001654.jpg,1298,370,1435,520,1020,668
00001655.jpg,1295,370,1432,520,1025,668
00001656.jpg,1291,369,1428,519,1026,668
00001657.jpg,1286,369,1423,519,1028,668
00001658.jpg,1283,368,1420,518,1032,669
00001659.jpg,1280,368,1417,518,1036,669
00001660.jpg,1274,367,1411,517,1032,664
00001661.jpg,1270,367,1407,517,1032,666
00001662.jpg,1266,367,1403,517,1028,666
00001663.jpg,1261,367,1398,517,1030,666
00001664.jpg,1256,367,1393,517,1032,654
00001665.jpg,1252,367,1389,517,1034,654
00001666.jpg,1248,367,1385,517,1040,654
00001667.jpg,1244,369,1381,519,1048,650
00001668.jpg,1241,370,1378,520,1053,641
00001669.jpg,1239,372,1376,522,1066,630
00001670.jpg,1238,373,1375,523,1064,630
00001671.jpg,1237,373,1374,523,1057,626
00001672.jpg,1236,373,1373,523,1050,626
00001673.jpg,1236,373,1373,523,1049,626
00001674.jpg,1236,372,1373,522,1049,626
00001675.jpg,1239,370,1376,520,988,541
00001676.jpg,1239,369,1376,519,986,516
00001677.jpg,1240,368,1377,518,-1,-1
00001678.jpg,1241,367,1378,517,-1,-1
00001679.jpg,1242,365,1379,515,-1,-1
00001680.jpg,1243,364,1380,514,-1,-1
00001681.jpg,1245,362,1382,512,-1,-1
00001682.jpg,1246,361,1383,511,948,553
00001683.jpg,1247,361,1384,511,1056,592
00001684.jpg,1247,361,1384,511,1050,580
00001685.jpg,1246,362,1383,512,1048,581
00001686.jpg,1246,362,1383,512,1048,578
00001687.jpg,1246,362,1383,512,1046,577
00001688.jpg,1245,362,1382,512,1046,577
00001689.jpg,1234,358,1385,516,1045,577
00001690.jpg,1234,358,1385,516,1042,576
00001691.jpg,1232,358,1383,516,1037,574
00001692.jpg,1231,357,1382,515,1033,574
00001693.jpg,1229,357,1380,515,1024,572
00001694.jpg,1227,357,1378,515,1012,569
00001695.jpg,1224,357,1375,515,1004,568
00001696.jpg,1221,358,1372,516,998,566
00001697.jpg,1219,357,1370,515,992,565
00001698.jpg,1216,358,1367,516,992,565
00001699.jpg,1213,359,1364,517,993,565
00001700.jpg,1211,358,1362,516,994,565
00001701.jpg,1208,359,1359,517,994,565
00001702.jpg,1206,358,1357,516,994,566
00001703.jpg,1204,358,1355,516,993,573
00001704.jpg,1202,358,1353,516,997,573
00001705.jpg,1200,358,1351,516,993,574
00001706.jpg,1199,357,1350,515,994,576
00001707.jpg,1195,348,1343,514,993,576
00001708.jpg,1195,348,1343,514,992,576
00001709.jpg,1194,347,1342,513,989,576
00001710.jpg,1194,347,1342,513,985,576
00001711.jpg,1193,347,1341,513,981,576
00001712.jpg,1194,346,1342,512,972,574
00001713.jpg,1195,346,1343,512,960,572
00001714.jpg,1196,345,1344,511,948,578
00001715.jpg,1197,345,1345,511,945,593
00001716.jpg,1197,345,1345,511,945,602
00001717.jpg,1198,344,1346,510,941,657
00001718.jpg,1198,344,1346,510,960,724
00001719.jpg,1199,343,1347,509,953,736
00001720.jpg,1200,343,1348,509,949,745
00001721.jpg,1200,344,1348,510,948,749
00001722.jpg,1200,344,1348,510,944,750
00001723.jpg,1200,345,1348,511,938,752
00001724.jpg,1201,345,1349,511,934,753
00001725.jpg,1190,340,1349,513,925,756
00001726.jpg,1190,340,1349,513,913,758
00001727.jpg,1190,340,1349,513,910,761
00001728.jpg,1189,341,1348,514,910,761
00001729.jpg,1189,341,1348,514,905,765
00001730.jpg,1189,341,1348,514,900,765
00001731.jpg,1189,341,1348,514,896,765
00001732.jpg,1189,341,1348,514,893,765
00001733.jpg,1188,341,1347,514,886,765
00001734.jpg,1188,341,1347,514,870,754
00001735.jpg,1187,341,1346,514,866,752
00001736.jpg,1186,341,1345,514,857,748
00001737.jpg,1185,340,1344,513,850,734
00001738.jpg,1183,342,1342,515,840,732
00001739.jpg,1183,342,1342,515,829,721
