00000001.jpg,818,195,960,332,402,242
00000002.jpg,818,195,960,332,405,243
00000003.jpg,818,195,960,332,405,243
00000004.jpg,818,195,960,332,405,243
00000005.jpg,818,195,960,332,406,245
00000006.jpg,818,195,960,332,404,248
00000007.jpg,818,195,960,332,399,249
00000008.jpg,818,195,960,332,397,252
00000009.jpg,818,195,960,332,396,252
00000010.jpg,818,195,960,332,395,255
00000011.jpg,818,195,960,332,391,255
00000012.jpg,818,195,960,332,402,259
00000013.jpg,818,195,960,332,401,258
00000014.jpg,818,195,960,332,402,259
00000015.jpg,818,195,960,332,402,259
00000016.jpg,817,195,959,332,404,263
00000017.jpg,817,195,959,332,401,262
00000018.jpg,817,195,959,332,399,262
00000019.jpg,817,196,959,333,397,263
00000020.jpg,817,196,959,333,400,262
00000021.jpg,817,196,959,333,397,262
00000022.jpg,818,196,960,333,398,265
00000023.jpg,818,196,960,333,394,268
00000024.jpg,818,196,960,333,395,267
00000025.jpg,819,196,961,333,391,268
00000026.jpg,819,196,961,333,390,266
00000027.jpg,819,196,961,333,390,266
00000028.jpg,819,196,961,333,388,262
00000029.jpg,819,196,961,333,392,262
00000030.jpg,819,196,961,333,388,260
00000031.jpg,818,196,960,333,388,262
00000032.jpg,818,196,960,333,387,262
00000033.jpg,818,196,960,333,384,262
00000034.jpg,818,196,960,333,381,265
00000035.jpg,818,196,960,333,384,263
00000036.jpg,818,195,960,332,381,264
00000037.jpg,818,195,960,332,382,264
00000038.jpg,819,194,961,331,384,261
00000039.jpg,819,193,961,330,385,261
00000040.jpg,820,192,962,329,385,262
00000041.jpg,822,190,964,327,383,262
00000042.jpg,823,189,965,326,383,262
00000043.jpg,825,188,967,325,382,264
00000044.jpg,827,186,969,323,383,264
00000045.jpg,829,185,971,322,382,264
00000046.jpg,830,183,972,320,381,262
00000047.jpg,832,181,974,318,382,260
00000048.jpg,834,177,976,314,381,259
00000049.jpg,836,173,978,310,378,259
00000050.jpg,839,170,981,307,381,258
00000051.jpg,842,168,984,305,381,257
00000052.jpg,844,167,986,304,381,256
00000053.jpg,846,168,988,305,379,257
00000054.jpg,849,167,991,304,38,141
00000055.jpg,847,156,999,314,37,141
00000056.jpg,847,156,999,314,36,140
00000057.jpg,847,155,999,313,39,137
00000058.jpg,847,154,999,312,35,140
00000059.jpg,846,152,998,310,35,138
00000060.jpg,844,151,996,309,34,140
00000061.jpg,842,151,994,309,38,140
00000062.jpg,841,150,993,308,36,140
00000063.jpg,839,150,991,308,35,140
00000064.jpg,839,149,991,307,36,140
00000065.jpg,838,148,990,306,37,138
00000066.jpg,838,147,990,305,37,139
00000067.jpg,838,145,990,303,40,139
00000068.jpg,838,143,990,301,40,137
00000069.jpg,838,139,990,297,38,137
00000070.jpg,837,135,989,293,41,138
00000071.jpg,837,129,989,287,41,139
00000072.jpg,836,122,988,280,43,142
00000073.jpg,835,117,987,275,45,142
00000074.jpg,835,114,987,272,44,140
00000075.jpg,835,112,987,270,44,140
00000076.jpg,835,112,987,270,43,140
00000077.jpg,836,114,988,272,42,140
00000078.jpg,836,115,988,273,40,140
00000079.jpg,837,116,989,274,45,140
00000080.jpg,838,114,990,272,49,143
00000081.jpg,840,113,992,271,50,149
00000082.jpg,844,114,996,272,55,151
00000083.jpg,846,115,998,273,59,154
00000084.jpg,848,119,1000,277,61,155
00000085.jpg,850,121,1002,279,67,161
00000086.jpg,853,122,1005,280,68,161
00000087.jpg,855,121,1007,279,74,164
00000088.jpg,856,120,1008,278,78,164
00000089.jpg,857,119,1009,277,78,166
00000090.jpg,857,118,1009,276,83,168
00000091.jpg,856,120,1008,278,83,168
00000092.jpg,856,121,1008,279,87,171
00000093.jpg,855,123,1007,281,95,175
00000094.jpg,855,124,1007,282,99,176
00000095.jpg,855,126,1007,284,102,176
00000096.jpg,856,124,1008,282,110,177
00000097.jpg,857,127,1009,285,118,181
00000098.jpg,858,128,1010,286,122,182
00000099.jpg,858,131,1010,289,125,187
00000100.jpg,859,134,1011,292,135,188
00000101.jpg,858,136,1010,294,141,192
00000102.jpg,858,136,1010,294,145,193
00000103.jpg,857,136,1009,294,147,197
00000104.jpg,856,135,1008,293,149,197
00000105.jpg,855,133,1007,291,153,195
00000106.jpg,852,134,1004,292,155,197
00000107.jpg,851,133,1003,291,155,197
00000108.jpg,851,134,1003,292,155,195
00000109.jpg,851,133,1003,291,155,195
00000110.jpg,852,132,1004,290,155,195
00000111.jpg,853,133,1005,291,155,195
00000112.jpg,855,134,1007,292,151,189
00000113.jpg,856,137,1008,295,149,187
00000114.jpg,857,139,1009,297,149,184
00000115.jpg,857,141,1009,299,148,182
00000116.jpg,858,141,1010,299,145,176
00000117.jpg,857,142,1009,300,145,169
00000118.jpg,857,141,1009,299,144,168
00000119.jpg,856,139,1008,297,141,164
00000120.jpg,855,138,1007,296,136,154
00000121.jpg,854,137,1006,295,130,151
00000122.jpg,854,137,1006,295,125,145
00000123.jpg,854,137,1006,295,113,141
00000124.jpg,855,138,1007,296,109,136
00000125.jpg,856,138,1008,296,99,131
00000126.jpg,856,139,1008,297,90,126
00000127.jpg,857,140,1009,298,79,122
00000128.jpg,857,140,1009,298,69,120
00000129.jpg,856,140,1008,298,61,114
00000130.jpg,856,140,1008,298,49,112
00000131.jpg,855,139,1007,297,39,111
00000132.jpg,855,139,1007,297,29,108
00000133.jpg,854,139,1006,297,19,105
00000134.jpg,854,139,1006,297,12,104
00000135.jpg,854,139,1006,297,4,102
00000136.jpg,854,139,1006,297,4,102
00000137.jpg,854,140,1006,298,-1,-1
00000138.jpg,854,140,1006,298,-1,-1
