00032019.jpg,158,139,399,369,1043,248
00032020.jpg,158,139,399,370,1044,249
00032021.jpg,156,138,399,370,1043,249
00032022.jpg,156,138,398,371,1043,250
00032023.jpg,155,137,398,372,1042,248
00032024.jpg,154,136,398,372,1041,249
00032025.jpg,154,137,397,371,1041,249
00032026.jpg,153,136,397,371,1041,249
00032027.jpg,154,136,396,372,1041,249
00032028.jpg,154,135,396,372,1041,249
00032029.jpg,154,134,395,370,1041,249
00032030.jpg,153,135,392,370,1041,249
00032031.jpg,152,133,392,371,1040,249
00032032.jpg,152,133,388,367,1040,249
00032033.jpg,152,133,388,367,628,570
00032034.jpg,152,133,388,367,426,581
00032035.jpg,148,133,384,367,-1,-1
00032036.jpg,143,133,379,367,-1,-1
00032037.jpg,137,134,373,368,-1,-1
00032038.jpg,132,134,368,368,-1,-1
00032039.jpg,126,140,362,374,-1,-1
00032040.jpg,120,142,356,376,-1,-1
00032041.jpg,114,144,350,378,-1,-1
00032042.jpg,109,145,345,379,-1,-1
00032043.jpg,105,146,341,380,-1,-1
00032044.jpg,99,151,335,385,-1,-1
00032045.jpg,95,152,331,386,-1,-1
00032046.jpg,93,152,329,386,-1,-1
00032047.jpg,90,152,326,386,-1,-1
00032048.jpg,88,153,324,387,-1,-1
00032049.jpg,86,154,322,388,-1,-1
00032050.jpg,85,159,321,393,-1,-1
00032051.jpg,85,162,321,396,-1,-1
00032052.jpg,85,164,321,398,-1,-1
00032053.jpg,84,169,320,403,-1,-1
00032054.jpg,85,170,321,404,-1,-1
00032055.jpg,86,171,322,405,-1,-1
00032056.jpg,86,171,322,405,-1,-1
00032057.jpg,86,172,322,406,-1,-1
00032058.jpg,87,171,323,405,-1,-1
00032059.jpg,87,171,323,405,-1,-1
00032060.jpg,87,171,323,405,-1,-1
00032061.jpg,87,170,323,404,-1,-1
00032062.jpg,87,166,323,400,-1,-1
00032063.jpg,93,153,288,375,-1,-1
00032064.jpg,93,153,288,375,-1,-1
00032065.jpg,93,153,288,375,-1,-1
00032066.jpg,93,153,288,375,-1,-1
00032067.jpg,93,153,288,375,-1,-1
00032068.jpg,92,152,287,374,612,569
00032069.jpg,91,152,286,374,-1,-1
00032070.jpg,89,152,284,374,1039,252
00032071.jpg,88,152,283,374,1039,252
00032072.jpg,87,152,282,374,1039,252
00032073.jpg,87,152,282,374,1038,252
00032074.jpg,87,152,282,374,1038,252
00032075.jpg,87,152,282,374,1037,252
00032076.jpg,86,152,281,374,1037,252
00032077.jpg,86,152,281,374,1039,249
00032078.jpg,86,152,281,374,1039,249
00032079.jpg,86,152,281,374,1043,248
00032080.jpg,86,152,281,374,1043,248
00032081.jpg,86,152,281,374,1043,248
00032082.jpg,86,152,281,374,1043,246
00032083.jpg,86,152,281,374,1043,244
00032084.jpg,86,152,281,374,1043,243
00032085.jpg,86,152,281,374,1042,244
00032086.jpg,86,152,281,374,1044,244
00032087.jpg,86,152,281,374,1043,244
00032088.jpg,86,152,281,374,1043,244
00032089.jpg,86,152,281,374,1043,243
00032090.jpg,87,152,282,374,1043,243
00032091.jpg,87,152,282,374,1043,243
00032092.jpg,87,151,282,373,1043,243
00032093.jpg,87,151,282,373,1043,243
00032094.jpg,87,151,282,373,1041,245
00032095.jpg,87,152,282,374,1041,245
00032096.jpg,88,152,283,374,1043,247
00032097.jpg,88,152,283,374,1043,247
00032098.jpg,88,152,283,374,1043,247
00032099.jpg,89,152,284,374,1043,247
00032100.jpg,89,152,284,374,1043,247
00032101.jpg,90,152,285,374,1043,247
00032102.jpg,90,152,285,374,1043,247
00032103.jpg,91,152,286,374,1043,247
00032104.jpg,92,152,287,374,1044,247
00032105.jpg,93,151,288,373,1044,247
00032106.jpg,95,151,290,373,1044,247
00032107.jpg,96,151,291,373,1044,247
00032108.jpg,98,151,293,373,1044,247
00032109.jpg,99,145,294,367,1044,247
00032110.jpg,102,144,297,366,1044,247
00032111.jpg,105,143,300,365,1044,247
00032112.jpg,109,142,304,364,1044,247
00032113.jpg,114,141,309,363,1044,247
00032114.jpg,116,148,326,368,1043,249
00032115.jpg,116,148,326,368,1041,249
00032116.jpg,124,147,334,367,1041,249
00032117.jpg,132,146,342,366,1041,249
00032118.jpg,140,144,350,364,1041,249
00032119.jpg,147,142,357,362,1041,249
00032120.jpg,154,141,364,361,1041,249
00032121.jpg,161,140,371,360,1040,249
00032122.jpg,167,138,377,358,1040,249
00032123.jpg,172,137,382,357,1037,251
00032124.jpg,177,134,387,354,1036,249
00032125.jpg,180,133,390,353,1036,249
00032126.jpg,182,130,392,350,1036,249
00032127.jpg,182,129,392,349,1036,249
00032128.jpg,181,128,391,348,1036,251
00032129.jpg,181,129,391,349,1036,251
00032130.jpg,180,130,390,350,1038,251
00032131.jpg,178,135,388,355,1038,251
00032132.jpg,175,137,385,357,1040,251
00032133.jpg,173,139,383,359,1038,250
00032134.jpg,170,140,380,360,1038,250
00032135.jpg,167,140,377,360,1037,250
00032136.jpg,165,139,375,359,1037,250
00032137.jpg,163,138,373,358,1036,250
00032138.jpg,162,136,372,356,1038,250
00032139.jpg,159,136,369,356,1038,250
00032140.jpg,157,136,367,356,1038,250
00032141.jpg,155,137,365,357,1039,249
00032142.jpg,153,138,363,358,1041,249
00032143.jpg,152,139,362,359,1041,249
00032144.jpg,152,139,362,359,1041,249
00032145.jpg,152,139,362,359,1041,249
00032146.jpg,152,139,362,359,1041,249
00032147.jpg,153,138,363,358,1041,249
00032148.jpg,154,137,364,357,1041,249
00032149.jpg,156,136,366,356,1041,249
00032150.jpg,157,135,367,355,1041,249
00032151.jpg,153,129,384,354,1041,249
00032152.jpg,153,129,384,354,1041,249
00032153.jpg,154,130,385,355,1039,249
00032154.jpg,155,130,386,355,1039,249
00032155.jpg,156,131,387,356,1038,249
00032156.jpg,157,132,388,357,1038,249
00032157.jpg,157,133,388,358,1038,249
00032158.jpg,157,134,388,359,1038,249
00032159.jpg,156,135,387,360,1037,249
00032160.jpg,156,135,387,360,1037,249
00032161.jpg,156,136,387,361,1036,249
00032162.jpg,156,136,387,361,1036,249
00032163.jpg,157,137,388,362,1036,249
00032164.jpg,157,137,388,362,1036,249
00032165.jpg,158,138,389,363,1034,249
00032166.jpg,159,138,390,363,1034,249
00032167.jpg,159,139,390,364,1032,249
00032168.jpg,159,139,390,364,1032,249
00032169.jpg,160,139,391,364,1032,249
00032170.jpg,160,139,391,364,1032,249
00032171.jpg,160,139,391,364,1032,249
00032172.jpg,160,139,391,364,1032,249
00032173.jpg,161,140,392,365,1032,249
00032174.jpg,161,140,392,365,1032,249
00032175.jpg,160,140,391,365,1032,249
00032176.jpg,160,140,391,365,1032,249
00032177.jpg,160,140,391,365,1032,249
00032178.jpg,159,140,390,365,1032,249
00032179.jpg,159,140,390,365,1032,249
00032180.jpg,158,140,389,365,1032,249
00032181.jpg,158,140,389,365,1032,249
00032182.jpg,158,140,389,365,1032,249
00032183.jpg,158,140,389,365,1032,249
00032184.jpg,158,140,389,365,1032,249
00032185.jpg,158,140,389,365,1032,249
00032186.jpg,158,140,389,365,1032,249
00032187.jpg,159,141,390,366,1032,249
00032188.jpg,159,141,390,366,1032,249
00032189.jpg,159,141,390,366,1032,249
00032190.jpg,159,141,390,366,1032,249
00032191.jpg,160,141,391,366,1032,249
00032192.jpg,160,141,391,366,1031,250
00032193.jpg,160,140,391,365,1034,250
00032194.jpg,160,141,391,366,1035,250
00032195.jpg,160,141,391,366,1036,250
00032196.jpg,161,141,392,366,1036,250
00032197.jpg,161,141,392,366,1037,249
00032198.jpg,161,142,392,367,1037,249
00032199.jpg,161,142,392,367,1037,249
00032200.jpg,161,142,392,367,1039,249
00032201.jpg,160,142,391,367,1042,248
00032202.jpg,160,142,391,367,1041,248
00032203.jpg,160,142,391,367,1041,249
00032204.jpg,160,142,391,367,1042,249
00032205.jpg,160,142,391,367,1044,249
00032206.jpg,160,142,391,367,1046,249
00032207.jpg,160,142,391,367,1046,249
00032208.jpg,160,142,391,367,1046,249
00032209.jpg,160,142,391,367,1047,249
00032210.jpg,161,142,392,367,1048,249
00032211.jpg,161,142,392,367,1049,248
00032212.jpg,161,142,392,367,1052,248
00032213.jpg,160,142,391,367,1053,248
00032214.jpg,160,142,391,367,1055,248
00032215.jpg,160,142,391,367,1055,248
00032216.jpg,159,141,390,366,1053,249
00032217.jpg,159,141,390,366,1052,249
00032218.jpg,158,141,389,366,1049,249
00032219.jpg,159,141,390,366,1049,249
00032220.jpg,159,141,390,366,1049,249
00032221.jpg,159,141,390,366,1049,249
00032222.jpg,158,141,389,366,1049,249
00032223.jpg,157,141,388,366,1049,249
00032224.jpg,157,140,388,365,1047,249
00032225.jpg,157,140,388,365,1043,249
00032226.jpg,156,140,387,365,1046,249
00032227.jpg,156,140,387,365,1046,249
00032228.jpg,156,140,387,365,1044,249
00032229.jpg,156,140,387,365,1044,249
00032230.jpg,156,140,387,365,1044,249
00032231.jpg,156,140,387,365,1044,249
00032232.jpg,156,140,387,365,1044,249
00032233.jpg,156,140,387,365,1044,248
00032234.jpg,156,140,387,365,1044,248
00032235.jpg,156,140,387,365,1043,247
00032236.jpg,156,140,387,365,1043,247
00032237.jpg,156,140,387,365,1043,247
00032238.jpg,156,140,387,365,1043,247
00032239.jpg,156,140,387,365,1043,247
00032240.jpg,156,140,387,365,1043,245
00032241.jpg,156,140,387,365,1043,245
00032242.jpg,157,141,388,366,1043,245
00032243.jpg,157,141,388,366,1043,245
00032244.jpg,157,141,388,366,1043,245
00032245.jpg,156,141,387,366,1043,245
00032246.jpg,156,141,387,366,1043,245
00032247.jpg,156,141,387,366,1043,245
00032248.jpg,156,141,387,366,1043,245
00032249.jpg,156,141,387,366,1043,245
00032250.jpg,156,141,387,366,1043,245
00032251.jpg,156,141,387,366,1043,245
00032252.jpg,156,141,387,366,1041,244
00032253.jpg,156,141,387,366,1041,244
00032254.jpg,156,141,387,366,1041,244
00032255.jpg,156,141,387,366,1041,244
00032256.jpg,156,141,387,366,1041,244
00032257.jpg,156,142,387,367,1041,244
00032258.jpg,156,142,387,367,1041,244
00032259.jpg,156,142,387,367,1041,244
00032260.jpg,156,142,387,367,1041,244
00032261.jpg,156,142,387,367,1041,244
00032262.jpg,156,142,387,367,1041,244
00032263.jpg,156,142,387,367,1041,244
00032264.jpg,156,142,387,367,1041,244
00032265.jpg,156,142,387,367,1041,244
00032266.jpg,156,142,387,367,1041,244
00032267.jpg,156,142,387,367,1041,244
00032268.jpg,156,142,387,367,1041,244
00032269.jpg,156,142,387,367,1041,244
00032270.jpg,157,142,388,367,1041,244
00032271.jpg,158,142,390,352,1037,244
00032272.jpg,160,146,390,354,1036,243
00032273.jpg,163,144,390,355,1034,243
00032274.jpg,168,145,390,352,1107,368
00032275.jpg,167,146,390,353,670,429
00032276.jpg,166,151,385,347,516,420
00032277.jpg,164,147,386,348,496,189
00032278.jpg,156,141,387,366,495,189
00032279.jpg,154,141,385,366,495,189
00032280.jpg,152,140,383,365,495,189
00032281.jpg,150,140,381,365,496,191
00032282.jpg,149,139,380,364,496,195
00032283.jpg,148,138,379,363,496,196
00032284.jpg,146,138,377,363,494,198
00032285.jpg,143,137,374,362,493,199
00032286.jpg,141,137,372,362,493,199
00032287.jpg,138,138,369,363,491,206
00032288.jpg,135,138,366,363,487,211
00032289.jpg,132,138,363,363,487,211
00032290.jpg,129,138,360,363,487,211
00032291.jpg,126,137,357,362,486,213
00032292.jpg,124,136,355,361,476,220
00032293.jpg,123,129,354,354,472,221
00032294.jpg,122,128,353,353,466,224
00032295.jpg,121,128,352,353,456,226
00032296.jpg,121,128,352,353,449,233
