00032019.jpg,1007,120,1214,366,493,527
00032020.jpg,1007,120,1214,366,493,527
00032021.jpg,1007,120,1214,366,493,527
00032022.jpg,1007,120,1214,366,491,527
00032023.jpg,1006,120,1213,366,491,527
00032024.jpg,1005,120,1212,366,491,527
00032025.jpg,1005,119,1212,365,491,527
00032026.jpg,1005,119,1212,365,490,525
00032027.jpg,1006,120,1213,366,266,416
00032028.jpg,1006,120,1213,366,328,268
00032029.jpg,1006,120,1213,366,328,268
00032030.jpg,1006,120,1213,366,329,268
00032031.jpg,1005,120,1212,366,328,268
00032032.jpg,1006,120,1213,366,324,267
00032033.jpg,1006,120,1213,366,320,266
00032034.jpg,1006,120,1213,366,308,267
00032035.jpg,1006,120,1213,366,299,268
00032036.jpg,1005,120,1212,366,285,271
00032037.jpg,1005,119,1212,365,275,271
00032038.jpg,1005,120,1212,366,266,274
00032039.jpg,1005,120,1212,366,258,276
00032040.jpg,1004,120,1211,366,253,277
00032041.jpg,1004,120,1211,366,246,277
00032042.jpg,1004,120,1211,366,239,277
00032043.jpg,1004,120,1211,366,231,280
00032044.jpg,1004,120,1211,366,230,280
00032045.jpg,1004,120,1211,366,228,280
00032046.jpg,1004,120,1211,366,226,280
00032047.jpg,1004,120,1211,366,219,280
00032048.jpg,1004,120,1211,366,212,282
00032049.jpg,1004,120,1211,366,215,285
00032050.jpg,1004,120,1211,366,215,285
00032051.jpg,1004,120,1211,366,212,289
00032052.jpg,1003,120,1210,366,212,289
00032053.jpg,1003,120,1210,366,212,290
00032054.jpg,1003,120,1210,366,211,291
00032055.jpg,1003,120,1210,366,211,294
00032056.jpg,1003,120,1210,366,212,296
00032057.jpg,1003,120,1210,366,212,296
00032058.jpg,1004,120,1211,366,212,296
00032059.jpg,1004,120,1211,366,212,296
00032060.jpg,1004,120,1211,366,199,409
00032061.jpg,1004,120,1211,366,457,539
00032062.jpg,1005,120,1212,366,456,540
00032063.jpg,1004,121,1211,367,456,540
00032064.jpg,1005,120,1212,366,457,539
00032065.jpg,1004,120,1211,366,457,539
00032066.jpg,1003,120,1210,366,457,539
00032067.jpg,1002,120,1209,366,456,539
00032068.jpg,1001,120,1208,366,457,539
00032069.jpg,1003,120,1210,366,457,539
00032070.jpg,1004,120,1211,366,456,539
00032071.jpg,1005,120,1212,366,457,539
00032072.jpg,1005,120,1212,366,457,539
00032073.jpg,1004,119,1211,365,456,539
00032074.jpg,1002,120,1209,366,456,539
00032075.jpg,1001,120,1208,366,456,538
00032076.jpg,1002,120,1209,366,456,538
00032077.jpg,1004,120,1211,366,457,538
00032078.jpg,1005,120,1212,366,457,537
00032079.jpg,1006,120,1213,366,456,537
00032080.jpg,1006,120,1213,366,456,537
00032081.jpg,1005,119,1212,365,207,438
00032082.jpg,1004,119,1211,365,243,279
00032083.jpg,1003,120,1210,366,244,278
00032084.jpg,1003,119,1210,365,240,278
00032085.jpg,1005,119,1212,365,240,278
00032086.jpg,1006,119,1213,365,240,278
00032087.jpg,1006,119,1213,365,240,278
00032088.jpg,1004,120,1211,366,241,278
00032089.jpg,1003,120,1210,366,241,278
00032090.jpg,1003,120,1210,366,241,278
00032091.jpg,1003,120,1210,366,241,278
00032092.jpg,1003,120,1210,366,241,278
00032093.jpg,1003,120,1210,366,241,278
00032094.jpg,1004,120,1211,366,241,278
00032095.jpg,1004,120,1211,366,241,278
00032096.jpg,1004,120,1211,366,241,278
00032097.jpg,1004,120,1211,366,241,278
00032098.jpg,1003,120,1210,366,241,280
00032099.jpg,1003,120,1210,366,241,280
00032100.jpg,1003,120,1210,366,241,281
00032101.jpg,1003,120,1210,366,241,281
00032102.jpg,1004,120,1211,366,241,282
00032103.jpg,1004,120,1211,366,241,282
00032104.jpg,1005,119,1212,365,242,283
00032105.jpg,1006,119,1213,365,244,280
00032106.jpg,1006,119,1213,365,246,279
00032107.jpg,1006,119,1213,365,249,275
00032108.jpg,1006,120,1213,366,252,275
00032109.jpg,1005,120,1212,366,260,271
00032110.jpg,1005,120,1212,366,215,407
00032111.jpg,1005,120,1212,366,466,539
00032112.jpg,1005,120,1212,366,466,539
00032113.jpg,1004,120,1211,366,466,539
00032114.jpg,1004,120,1211,366,466,539
00032115.jpg,1004,121,1211,367,467,539
00032116.jpg,1004,121,1211,367,466,539
00032117.jpg,1004,121,1211,367,464,539
00032118.jpg,1003,121,1210,367,468,534
00032119.jpg,1003,121,1210,367,473,531
00032120.jpg,1003,121,1210,367,475,531
00032121.jpg,1002,121,1209,367,476,531
00032122.jpg,1002,121,1209,367,476,531
00032123.jpg,1002,121,1209,367,471,533
00032124.jpg,1002,121,1209,367,470,533
00032125.jpg,1002,121,1209,367,470,533
00032126.jpg,1002,121,1209,367,470,533
00032127.jpg,1002,120,1209,366,470,533
00032128.jpg,1003,120,1210,366,470,533
00032129.jpg,1003,120,1210,366,470,533
00032130.jpg,1004,120,1211,366,470,533
00032131.jpg,1005,120,1212,366,470,533
00032132.jpg,1005,120,1212,366,470,533
00032133.jpg,1005,119,1212,365,470,533
00032134.jpg,1005,120,1212,366,470,533
00032135.jpg,1005,120,1212,366,470,533
00032136.jpg,1005,120,1212,366,470,533
00032137.jpg,1005,120,1212,366,470,533
00032138.jpg,1004,120,1211,366,470,533
00032139.jpg,1004,120,1211,366,470,533
00032140.jpg,1005,120,1212,366,470,532
00032141.jpg,1005,120,1212,366,472,532
00032142.jpg,1005,120,1212,366,472,532
00032143.jpg,1004,120,1211,366,472,532
00032144.jpg,1004,120,1211,366,477,532
00032145.jpg,1003,120,1210,366,480,532
00032146.jpg,1003,120,1210,366,484,531
00032147.jpg,1003,120,1210,366,487,531
00032148.jpg,1003,120,1210,366,495,534
00032149.jpg,1002,120,1209,366,491,534
00032150.jpg,1002,120,1209,366,490,535
00032151.jpg,1001,120,1208,366,489,535
00032152.jpg,1001,120,1208,366,489,535
00032153.jpg,1001,120,1208,366,487,533
00032154.jpg,1000,120,1207,366,486,531
00032155.jpg,1000,120,1207,366,484,528
00032156.jpg,1000,120,1207,366,484,528
00032157.jpg,999,120,1206,366,483,528
00032158.jpg,999,120,1206,366,481,528
00032159.jpg,999,120,1206,366,481,528
00032160.jpg,998,120,1205,366,480,528
00032161.jpg,998,121,1205,367,480,528
00032162.jpg,998,121,1205,367,480,528
00032163.jpg,997,121,1204,367,479,528
00032164.jpg,997,121,1204,367,478,528
00032165.jpg,997,121,1204,367,478,528
00032166.jpg,996,121,1203,367,478,524
00032167.jpg,996,121,1203,367,478,524
00032168.jpg,996,121,1203,367,479,524
00032169.jpg,996,121,1203,367,479,524
00032170.jpg,996,121,1203,367,479,524
00032171.jpg,996,121,1203,367,479,524
00032172.jpg,996,121,1203,367,479,524
00032173.jpg,996,121,1203,367,481,525
00032174.jpg,996,121,1203,367,483,529
00032175.jpg,996,121,1203,367,483,532
00032176.jpg,996,121,1203,367,483,534
00032177.jpg,996,121,1203,367,482,530
00032178.jpg,996,120,1203,366,482,529
00032179.jpg,996,120,1203,366,482,529
00032180.jpg,996,120,1203,366,482,529
00032181.jpg,996,120,1203,366,482,532
00032182.jpg,996,120,1203,366,482,534
00032183.jpg,996,120,1203,366,482,531
00032184.jpg,996,120,1203,366,480,530
00032185.jpg,996,120,1203,366,482,529
00032186.jpg,996,120,1203,366,481,528
00032187.jpg,996,120,1203,366,481,528
00032188.jpg,996,120,1203,366,480,526
00032189.jpg,996,120,1203,366,479,524
00032190.jpg,996,119,1203,365,476,522
00032191.jpg,996,119,1203,365,473,521
00032192.jpg,997,119,1204,365,474,519
00032193.jpg,997,119,1204,365,476,520
00032194.jpg,997,119,1204,365,477,522
00032195.jpg,998,119,1205,365,477,522
00032196.jpg,999,119,1206,365,477,523
00032197.jpg,1000,119,1207,365,477,523
00032198.jpg,1000,119,1207,365,477,523
00032199.jpg,1000,119,1207,365,477,524
00032200.jpg,1000,119,1207,365,478,527
00032201.jpg,1000,119,1207,365,478,528
00032202.jpg,1000,119,1207,365,478,530
00032203.jpg,1000,119,1207,365,478,531
00032204.jpg,1001,119,1208,365,478,534
00032205.jpg,1001,119,1208,365,478,535
00032206.jpg,1002,119,1209,365,478,535
00032207.jpg,1002,119,1209,365,478,535
00032208.jpg,1003,119,1210,365,478,535
00032209.jpg,1003,119,1210,365,478,535
00032210.jpg,1003,119,1210,365,478,535
00032211.jpg,1003,119,1210,365,478,535
00032212.jpg,1003,119,1210,365,478,535
00032213.jpg,1003,119,1210,365,478,535
00032214.jpg,1003,119,1210,365,478,535
00032215.jpg,1002,119,1209,365,478,535
00032216.jpg,1002,119,1209,365,478,535
00032217.jpg,1003,118,1210,364,478,535
00032218.jpg,1003,118,1210,364,478,535
00032219.jpg,1003,118,1210,364,478,535
00032220.jpg,1002,118,1209,364,478,535
00032221.jpg,1002,118,1209,364,478,535
00032222.jpg,1002,118,1209,364,478,531
00032223.jpg,1002,118,1209,364,478,531
00032224.jpg,1002,118,1209,364,480,531
00032225.jpg,1002,118,1209,364,480,529
00032226.jpg,1002,118,1209,364,480,529
00032227.jpg,1002,118,1209,364,482,528
00032228.jpg,1002,118,1209,364,482,528
00032229.jpg,1003,118,1210,364,482,528
00032230.jpg,1003,118,1210,364,482,528
00032231.jpg,1003,118,1210,364,482,528
00032232.jpg,1003,118,1210,364,482,528
00032233.jpg,1002,118,1209,364,482,528
00032234.jpg,1003,118,1210,364,482,528
00032235.jpg,1003,118,1210,364,482,528
00032236.jpg,1002,118,1209,364,482,528
00032237.jpg,1002,118,1209,364,482,528
00032238.jpg,1002,118,1209,364,482,528
00032239.jpg,1002,117,1209,363,482,528
00032240.jpg,1002,117,1209,363,482,528
00032241.jpg,1002,117,1209,363,482,528
00032242.jpg,1003,117,1210,363,482,528
00032243.jpg,1002,117,1209,363,482,528
00032244.jpg,1002,117,1209,363,482,528
00032245.jpg,1002,117,1209,363,482,528
00032246.jpg,1002,117,1209,363,482,528
00032247.jpg,1002,118,1209,364,482,528
00032248.jpg,1002,118,1209,364,482,528
00032249.jpg,1002,118,1209,364,295,414
00032250.jpg,1002,117,1209,363,360,254
00032251.jpg,1002,117,1209,363,359,253
00032252.jpg,1001,117,1208,363,361,255
00032253.jpg,1001,117,1208,363,361,254
00032254.jpg,1001,117,1208,363,360,254
00032255.jpg,1001,117,1208,363,360,254
00032256.jpg,1001,117,1208,363,360,254
00032257.jpg,1000,118,1207,364,360,254
00032258.jpg,1000,117,1207,363,360,254
00032259.jpg,1000,117,1207,363,360,254
00032260.jpg,1000,117,1207,363,360,254
00032261.jpg,1000,118,1207,364,360,254
00032262.jpg,1000,118,1207,364,360,254
00032263.jpg,1000,118,1207,364,360,253
00032264.jpg,1000,118,1207,364,360,253
00032265.jpg,1000,118,1207,364,360,253
00032266.jpg,1000,118,1207,364,360,253
00032267.jpg,1000,118,1207,364,360,253
00032268.jpg,1000,118,1207,364,360,253
00032269.jpg,1000,118,1207,364,432,247
00032270.jpg,1000,119,1207,365,531,214
00032271.jpg,1000,119,1207,365,529,215
00032272.jpg,1000,119,1207,365,516,211
00032273.jpg,1000,119,1207,365,506,207
00032274.jpg,1000,119,1207,365,500,201
00032275.jpg,1000,119,1207,365,499,200
00032276.jpg,1000,119,1207,365,496,196
00032277.jpg,1000,119,1207,365,493,194
00032278.jpg,1000,119,1207,365,492,194
00032279.jpg,1000,119,1207,365,494,191
00032280.jpg,1000,119,1207,365,492,189
00032281.jpg,1000,119,1207,365,492,189
00032282.jpg,1001,119,1208,365,491,189
00032283.jpg,1001,119,1208,365,491,189
00032284.jpg,1001,119,1208,365,490,189
00032285.jpg,1001,119,1208,365,489,195
00032286.jpg,1001,119,1208,365,489,195
00032287.jpg,1002,119,1209,365,494,196
00032288.jpg,1002,118,1209,364,495,199
00032289.jpg,1002,118,1209,364,492,199
00032290.jpg,1002,118,1209,364,488,204
00032291.jpg,1002,118,1209,364,486,209
00032292.jpg,1002,118,1209,364,478,215
00032293.jpg,1002,118,1209,364,472,219
00032294.jpg,1002,118,1209,364,466,222
00032295.jpg,1002,118,1209,364,457,231
00032296.jpg,1002,118,1209,364,446,238
