00211732.jpg,562,157,857,486,1330,795
00211733.jpg,562,157,857,486,1330,795
00211734.jpg,562,157,857,486,1330,795
00211735.jpg,562,157,857,486,1330,795
00211736.jpg,563,157,858,486,1330,795
00211737.jpg,564,157,859,486,1330,795
00211738.jpg,566,157,861,486,1325,790
00211739.jpg,567,158,862,487,1315,781
00211740.jpg,568,158,863,487,1300,770
00211741.jpg,569,159,864,488,1289,763
00211742.jpg,570,159,865,488,1288,748
00211743.jpg,571,161,866,490,1281,738
00211744.jpg,572,163,867,492,1284,731
00211745.jpg,570,164,865,493,1293,725
00211746.jpg,568,163,863,492,1306,725
00211747.jpg,567,162,862,491,1321,728
00211748.jpg,567,162,862,491,1330,739
00211749.jpg,568,161,863,490,1324,746
00211750.jpg,569,161,864,490,1324,760
00211751.jpg,570,161,865,490,1311,769
00211752.jpg,571,160,866,489,1306,775
00211753.jpg,575,161,870,490,1289,784
00211754.jpg,582,164,877,493,1281,789
00211755.jpg,588,167,883,496,1279,791
00211756.jpg,590,166,885,495,-1,-1
00211757.jpg,588,161,883,490,-1,-1
00211758.jpg,581,154,876,483,-1,-1
00211759.jpg,578,153,873,482,-1,-1
00211760.jpg,575,155,870,484,-1,-1
00211761.jpg,573,157,868,486,-1,-1
00211762.jpg,570,157,865,486,-1,-1
00211763.jpg,568,157,863,486,-1,-1
00211764.jpg,567,156,862,485,-1,-1
00211765.jpg,567,157,862,486,-1,-1
00211766.jpg,567,157,867,492,-1,-1
00211767.jpg,567,157,867,492,1169,439
00211768.jpg,571,160,871,495,1169,439
00211769.jpg,578,162,878,497,1165,438
00211770.jpg,585,166,885,501,1164,436
00211771.jpg,588,169,888,504,1160,434
00211772.jpg,589,169,889,504,1154,430
00211773.jpg,589,169,889,504,1143,423
00211774.jpg,589,169,889,504,1131,420
00211775.jpg,588,168,888,503,1116,411
00211776.jpg,587,167,887,502,1098,409
00211777.jpg,587,166,887,501,1088,408
00211778.jpg,586,165,886,500,1079,404
00211779.jpg,585,164,885,499,1074,408
00211780.jpg,584,163,884,498,1069,408
00211781.jpg,582,161,882,496,1066,409
00211782.jpg,581,161,881,496,1066,409
00211783.jpg,580,161,880,496,1064,413
00211784.jpg,579,160,879,495,1064,413
00211785.jpg,575,160,875,495,1064,413
00211786.jpg,574,160,874,495,1064,413
00211787.jpg,573,159,873,494,1064,414
00211788.jpg,568,158,868,493,1064,414
00211789.jpg,567,158,867,493,1064,414
00211790.jpg,567,158,867,493,1064,414
00211791.jpg,567,158,867,493,1064,414
00211792.jpg,567,158,867,493,1064,414
00211793.jpg,567,158,867,493,1064,414
00211794.jpg,567,158,867,493,1064,414
00211795.jpg,567,158,867,493,1064,414
00211796.jpg,567,158,867,493,1064,414
00211797.jpg,567,158,867,493,1064,414
00211798.jpg,567,158,867,493,1064,414
00211799.jpg,567,158,867,493,1064,414
00211800.jpg,567,158,867,493,1064,414
00211801.jpg,567,158,867,493,1064,414
00211802.jpg,567,158,867,493,1064,414
00211803.jpg,567,158,867,493,1064,414
00211804.jpg,567,158,867,493,1064,414
00211805.jpg,567,158,867,493,1064,414
