00159212.jpg,901,313,1082,487,843,322
00159213.jpg,901,313,1082,487,844,322
00159214.jpg,899,314,1080,488,844,322
00159215.jpg,896,314,1077,488,844,321
00159216.jpg,895,314,1076,488,844,320
00159217.jpg,894,315,1075,489,838,320
00159218.jpg,892,315,1073,489,832,320
00159219.jpg,891,315,1072,489,830,317
00159220.jpg,889,316,1070,490,828,317
00159221.jpg,889,316,1070,490,824,314
00159222.jpg,888,317,1069,491,822,314
00159223.jpg,889,317,1070,491,819,313
00159224.jpg,888,317,1069,491,819,313
00159225.jpg,888,317,1069,491,819,313
00159226.jpg,889,317,1070,491,820,313
00159227.jpg,889,318,1070,492,823,314
00159228.jpg,888,317,1069,491,823,314
00159229.jpg,888,317,1069,491,822,318
00159230.jpg,888,317,1069,491,822,321
00159231.jpg,887,318,1068,492,814,376
00159232.jpg,887,317,1068,491,814,381
00159233.jpg,887,317,1068,491,812,381
00159234.jpg,887,317,1068,491,811,384
00159235.jpg,886,317,1067,491,811,384
00159236.jpg,886,317,1067,491,811,384
00159237.jpg,885,318,1056,493,719,466
00159238.jpg,885,318,1056,493,-1,-1
00159239.jpg,885,318,1056,493,-1,-1
00159240.jpg,885,318,1056,493,-1,-1
00159241.jpg,885,318,1056,493,-1,-1
00159242.jpg,885,318,1056,493,-1,-1
00159243.jpg,885,318,1056,493,-1,-1
00159244.jpg,885,318,1056,493,-1,-1
00159245.jpg,885,318,1056,493,-1,-1
00159246.jpg,885,318,1056,493,-1,-1
00159247.jpg,885,318,1056,493,-1,-1
00159248.jpg,885,318,1056,493,726,490
00159249.jpg,886,318,1057,493,726,489
00159250.jpg,885,318,1056,493,727,488
00159251.jpg,886,318,1057,493,726,488
00159252.jpg,886,318,1057,493,727,489
00159253.jpg,886,318,1057,493,726,489
00159254.jpg,886,318,1057,493,726,488
00159255.jpg,886,318,1057,493,727,489
00159256.jpg,885,318,1056,493,727,489
00159257.jpg,886,318,1057,493,726,490
00159258.jpg,886,318,1057,493,726,490
00159259.jpg,885,318,1056,493,727,489
00159260.jpg,886,318,1057,493,726,490
00159261.jpg,885,318,1056,493,727,490
00159262.jpg,885,318,1056,493,726,490
00159263.jpg,886,319,1057,494,-1,-1
00159264.jpg,886,319,1057,494,-1,-1
00159265.jpg,885,319,1056,494,-1,-1
00159266.jpg,886,319,1057,494,-1,-1
00159267.jpg,885,319,1056,494,-1,-1
00159268.jpg,885,319,1056,494,-1,-1
00159269.jpg,885,319,1056,494,-1,-1
00159270.jpg,885,319,1056,494,-1,-1
00159271.jpg,885,319,1056,494,-1,-1
00159272.jpg,885,318,1056,493,-1,-1
00159273.jpg,885,318,1056,493,-1,-1
00159274.jpg,885,319,1056,494,-1,-1
00159275.jpg,885,318,1056,493,-1,-1
00159276.jpg,885,318,1056,493,-1,-1
00159277.jpg,885,318,1056,493,-1,-1
00159278.jpg,885,318,1056,493,-1,-1
00159279.jpg,885,318,1056,493,-1,-1
00159280.jpg,885,318,1056,493,-1,-1
00159281.jpg,885,318,1056,493,-1,-1
00159282.jpg,885,317,1056,492,-1,-1
00159283.jpg,884,317,1055,492,-1,-1
00159284.jpg,885,317,1056,492,-1,-1
00159285.jpg,885,317,1056,492,-1,-1
00159286.jpg,885,317,1056,492,-1,-1
00159287.jpg,886,316,1057,491,-1,-1
00159288.jpg,886,316,1057,491,-1,-1
00159289.jpg,890,326,1062,496,-1,-1
00159290.jpg,890,326,1062,496,-1,-1
00159291.jpg,889,326,1061,496,-1,-1
00159292.jpg,889,326,1061,496,-1,-1
00159293.jpg,891,326,1063,496,-1,-1
00159294.jpg,891,326,1063,496,-1,-1
00159295.jpg,890,326,1062,496,-1,-1
00159296.jpg,891,326,1063,496,-1,-1
00159297.jpg,891,326,1063,496,-1,-1
00159298.jpg,891,327,1063,497,-1,-1
00159299.jpg,892,327,1064,497,-1,-1
00159300.jpg,893,326,1065,496,-1,-1
00159301.jpg,893,327,1065,497,-1,-1
00159302.jpg,894,328,1066,498,-1,-1
00159303.jpg,894,328,1066,498,-1,-1
00159304.jpg,894,328,1066,498,-1,-1
00159305.jpg,894,329,1066,499,-1,-1
00159306.jpg,894,329,1066,499,-1,-1
00159307.jpg,895,329,1067,499,-1,-1
00159308.jpg,895,329,1067,499,-1,-1
00159309.jpg,895,329,1067,499,-1,-1
00159310.jpg,895,329,1067,499,-1,-1
00159311.jpg,896,329,1068,499,-1,-1
00159312.jpg,897,329,1069,499,-1,-1
00159313.jpg,897,329,1069,499,-1,-1
00159314.jpg,898,329,1070,499,-1,-1
00159315.jpg,893,329,1065,499,-1,-1
00159316.jpg,903,329,1063,499,-1,-1
00159317.jpg,903,329,1063,499,-1,-1
00159318.jpg,902,329,1062,499,-1,-1
00159319.jpg,903,328,1063,498,-1,-1
00159320.jpg,903,329,1063,499,-1,-1
00159321.jpg,903,329,1063,499,-1,-1
