00004539.jpg,1483,13,1893,417,-1,-1
00004540.jpg,1483,13,1893,417,-1,-1
00004541.jpg,1483,13,1893,417,-1,-1
00004542.jpg,1483,13,1893,417,-1,-1
00004543.jpg,1481,13,1891,417,-1,-1
00004544.jpg,1476,13,1886,417,-1,-1
00004545.jpg,1470,13,1880,417,-1,-1
00004546.jpg,1470,13,1880,417,-1,-1
00004547.jpg,1463,12,1873,416,-1,-1
00004548.jpg,1456,11,1866,415,-1,-1
00004549.jpg,1450,10,1860,414,-1,-1
00004550.jpg,1445,10,1855,414,-1,-1
00004551.jpg,1445,11,1855,415,-1,-1
00004552.jpg,1441,12,1851,416,-1,-1
00004553.jpg,1438,14,1848,418,-1,-1
00004554.jpg,1438,16,1848,420,-1,-1
00004555.jpg,1435,14,1845,418,-1,-1
00004556.jpg,1435,14,1845,418,-1,-1
00004557.jpg,1434,14,1844,418,-1,-1
00004558.jpg,1435,13,1845,417,-1,-1
00004559.jpg,1435,13,1845,417,-1,-1
00004560.jpg,1437,12,1847,416,-1,-1
00004561.jpg,1437,12,1847,416,-1,-1
00004562.jpg,1444,18,1854,422,-1,-1
00004563.jpg,1447,19,1857,423,-1,-1
00004564.jpg,1452,17,1862,421,-1,-1
00004565.jpg,1455,14,1865,418,-1,-1
00004566.jpg,1455,14,1865,418,-1,-1
00004567.jpg,1456,12,1866,416,-1,-1
00004568.jpg,1455,9,1865,413,558,343
00004569.jpg,1454,5,1864,409,558,343
00004570.jpg,1451,2,1861,406,558,340
00004571.jpg,1451,2,1861,406,558,337
00004572.jpg,1452,15,1862,419,559,333
00004573.jpg,1446,6,1856,410,559,333
00004574.jpg,1441,9,1851,413,556,320
00004575.jpg,1437,13,1847,417,552,313
00004576.jpg,1437,13,1847,417,552,313
00004577.jpg,1434,13,1844,417,547,303
00004578.jpg,1429,7,1839,411,542,296
00004579.jpg,1426,7,1836,411,538,289
00004580.jpg,1424,7,1834,411,535,287
00004581.jpg,1424,7,1834,411,535,287
00004582.jpg,1421,6,1831,410,535,285
00004583.jpg,1418,6,1828,410,528,285
00004584.jpg,1413,7,1823,411,522,281
00004585.jpg,1407,8,1817,412,518,280
00004586.jpg,1407,8,1817,412,518,280
