00003862.jpg,100,10,362,287,-1,-1
00003863.jpg,100,10,362,287,-1,-1
00003864.jpg,100,10,362,287,-1,-1
00003865.jpg,100,10,362,287,-1,-1
00003866.jpg,99,10,361,287,-1,-1
00003867.jpg,98,9,360,286,-1,-1
00003868.jpg,98,9,360,286,-1,-1
00003869.jpg,98,10,360,287,-1,-1
00003870.jpg,98,10,360,287,-1,-1
00003871.jpg,99,11,361,288,-1,-1
00003872.jpg,99,11,361,288,-1,-1
00003873.jpg,99,11,361,288,-1,-1
00003874.jpg,99,12,361,289,-1,-1
00003875.jpg,100,13,362,290,-1,-1
00003876.jpg,100,13,362,290,-1,-1
00003877.jpg,101,14,363,291,-1,-1
00003878.jpg,102,14,364,291,-1,-1
00003879.jpg,102,14,364,291,-1,-1
00003880.jpg,103,15,365,292,-1,-1
00003881.jpg,104,15,366,292,-1,-1
00003882.jpg,105,15,367,292,-1,-1
00003883.jpg,106,15,368,292,-1,-1
00003884.jpg,106,15,368,292,-1,-1
00003885.jpg,106,15,368,292,-1,-1
00003886.jpg,107,15,369,292,-1,-1
00003887.jpg,107,14,369,291,-1,-1
00003888.jpg,107,14,369,291,-1,-1
00003889.jpg,105,14,367,291,-1,-1
00003890.jpg,103,12,365,289,-1,-1
00003891.jpg,101,13,363,290,-1,-1
00003892.jpg,101,13,363,290,-1,-1
00003893.jpg,100,13,362,290,-1,-1
00003894.jpg,100,13,362,290,-1,-1
00003895.jpg,99,12,361,289,-1,-1
00003896.jpg,99,12,361,289,-1,-1
00003897.jpg,99,12,361,289,-1,-1
