00000001.jpg,274,143,435,324,877,242
00000002.jpg,274,143,435,324,876,242
00000003.jpg,274,143,435,324,876,242
00000004.jpg,274,143,435,324,875,242
00000005.jpg,274,143,435,324,875,242
00000006.jpg,273,143,434,324,875,242
00000007.jpg,273,144,434,325,440,408
00000008.jpg,274,144,435,325,439,409
00000009.jpg,276,144,437,325,439,410
00000010.jpg,278,146,439,327,439,413
00000011.jpg,279,146,440,327,439,414
00000012.jpg,280,146,441,327,439,417
00000013.jpg,280,146,441,327,439,417
00000014.jpg,281,146,442,327,439,417
00000015.jpg,282,145,443,326,438,418
00000016.jpg,283,144,444,325,438,418
00000017.jpg,283,144,444,325,438,418
00000018.jpg,282,145,443,326,438,418
00000019.jpg,282,145,443,326,438,418
00000020.jpg,282,145,443,326,438,418
00000021.jpg,283,145,444,326,440,432
00000022.jpg,282,146,443,327,440,445
00000023.jpg,282,146,443,327,434,469
00000024.jpg,281,145,442,326,434,469
00000025.jpg,278,146,439,327,434,469
00000026.jpg,276,146,437,327,434,469
00000027.jpg,273,146,434,327,434,469
00000028.jpg,271,146,432,327,434,469
00000029.jpg,269,145,430,326,434,469
00000030.jpg,267,146,428,327,434,469
00000031.jpg,267,145,428,326,434,469
00000032.jpg,266,145,427,326,434,469
00000033.jpg,266,145,427,326,434,469
00000034.jpg,265,146,426,327,434,469
00000035.jpg,265,146,426,327,434,469
00000036.jpg,265,146,426,327,434,469
00000037.jpg,265,146,426,327,434,469
00000038.jpg,264,146,425,327,434,469
00000039.jpg,264,146,425,327,435,470
00000040.jpg,263,146,424,327,435,470
00000041.jpg,264,146,425,327,435,470
00000042.jpg,264,146,425,327,435,470
00000043.jpg,265,146,426,327,435,470
00000044.jpg,265,146,426,327,435,470
00000045.jpg,264,146,425,327,435,470
00000046.jpg,264,144,425,325,435,470
00000047.jpg,262,143,423,324,435,470
00000048.jpg,262,141,423,322,435,470
00000049.jpg,261,141,422,322,435,470
00000050.jpg,261,140,422,321,432,457
00000051.jpg,261,140,422,321,432,448
00000052.jpg,260,140,421,321,432,445
00000053.jpg,260,139,421,320,434,450
00000054.jpg,260,139,421,320,435,450
00000055.jpg,260,139,421,320,435,450
00000056.jpg,260,139,421,320,435,450
00000057.jpg,261,139,422,320,435,450
00000058.jpg,261,138,422,319,437,454
00000059.jpg,261,138,422,319,435,460
00000060.jpg,260,138,421,319,442,462
00000061.jpg,260,138,421,319,-1,-1
00000062.jpg,260,139,421,320,-1,-1
00000063.jpg,261,139,422,320,892,216
00000064.jpg,262,140,423,321,892,217
00000065.jpg,264,142,425,323,892,217
00000066.jpg,265,144,426,325,889,216
00000067.jpg,267,144,428,325,888,215
00000068.jpg,270,145,431,326,888,211
00000069.jpg,273,148,434,329,886,205
00000070.jpg,275,151,436,332,884,198
00000071.jpg,276,153,437,334,884,190
00000072.jpg,275,153,436,334,882,182
00000073.jpg,273,152,434,333,882,176
00000074.jpg,272,150,433,331,880,171
00000075.jpg,270,148,431,329,880,171
00000076.jpg,269,147,430,328,880,171
00000077.jpg,267,147,428,328,880,171
00000078.jpg,267,147,428,328,882,173
00000079.jpg,267,147,428,328,886,172
00000080.jpg,267,148,428,329,886,172
00000081.jpg,267,149,428,330,891,170
00000082.jpg,267,149,428,330,895,168
00000083.jpg,267,148,428,329,900,169
00000084.jpg,266,148,427,329,907,169
00000085.jpg,266,148,427,329,910,171
00000086.jpg,265,148,426,329,914,170
00000087.jpg,265,148,426,329,916,168
00000088.jpg,266,147,427,328,917,168
00000089.jpg,266,147,427,328,920,167
00000090.jpg,266,147,427,328,920,165
00000091.jpg,266,147,427,328,920,165
00000092.jpg,266,147,427,328,920,165
00000093.jpg,266,148,427,329,920,165
00000094.jpg,265,148,426,329,920,165
00000095.jpg,266,148,427,329,920,165
00000096.jpg,266,147,427,328,918,170
00000097.jpg,266,147,427,328,917,172
00000098.jpg,266,147,427,328,916,177
00000099.jpg,266,147,427,328,917,180
00000100.jpg,266,147,427,328,918,184
00000101.jpg,266,147,427,328,919,187
00000102.jpg,266,147,427,328,919,187
00000103.jpg,266,148,427,329,919,187
00000104.jpg,266,148,427,329,915,184
00000105.jpg,266,148,427,329,909,184
00000106.jpg,266,148,427,329,907,184
00000107.jpg,266,147,427,328,906,183
00000108.jpg,266,148,427,329,906,183
00000109.jpg,267,147,428,328,904,184
00000110.jpg,267,148,428,329,904,184
00000111.jpg,267,148,428,329,908,184
00000112.jpg,267,148,428,329,910,185
00000113.jpg,267,148,428,329,914,187
00000114.jpg,267,148,428,329,917,188
00000115.jpg,267,148,428,329,920,196
00000116.jpg,267,148,428,329,919,197
00000117.jpg,267,148,428,329,916,196
00000118.jpg,267,148,428,329,915,194
00000119.jpg,267,148,428,329,908,194
00000120.jpg,267,148,428,329,909,194
00000121.jpg,267,148,428,329,907,193
00000122.jpg,268,148,429,329,907,193
00000123.jpg,268,148,429,329,907,193
00000124.jpg,268,149,429,330,907,194
00000125.jpg,268,149,429,330,912,195
00000126.jpg,268,149,429,330,913,195
00000127.jpg,268,149,429,330,912,196
00000128.jpg,268,149,429,330,912,196
00000129.jpg,268,149,429,330,912,196
00000130.jpg,268,148,429,329,912,196
00000131.jpg,268,148,429,329,906,198
00000132.jpg,268,148,429,329,904,194
00000133.jpg,267,148,428,329,904,194
00000134.jpg,267,148,428,329,904,194
00000135.jpg,267,148,428,329,904,194
00000136.jpg,267,148,428,329,904,194
00000137.jpg,266,148,427,329,904,194
00000138.jpg,266,148,427,329,904,194
