00000001.jpg,67,59,299,296,265,684
00000002.jpg,67,59,299,296,262,671
00000003.jpg,78,75,296,304,258,668
00000004.jpg,78,75,296,304,256,681
00000005.jpg,72,77,290,306,246,706
00000006.jpg,66,80,284,309,239,709
00000007.jpg,59,82,277,311,239,709
00000008.jpg,56,84,274,313,237,707
00000009.jpg,56,85,274,314,237,707
00000010.jpg,55,85,273,314,237,705
00000011.jpg,56,85,274,314,237,704
00000012.jpg,57,86,275,315,238,697
00000013.jpg,59,89,277,318,239,688
00000014.jpg,63,93,281,322,238,673
00000015.jpg,64,99,282,328,236,659
00000016.jpg,77,99,295,328,231,651
00000017.jpg,78,103,296,332,233,660
00000018.jpg,78,103,296,332,235,675
00000019.jpg,79,100,297,329,234,707
00000020.jpg,83,94,301,323,-1,-1
00000021.jpg,81,88,299,317,-1,-1
00000022.jpg,79,82,297,311,-1,-1
00000023.jpg,77,78,295,307,-1,-1
00000024.jpg,75,74,293,303,-1,-1
00000025.jpg,60,72,278,301,-1,-1
00000026.jpg,52,67,270,296,-1,-1
00000027.jpg,42,56,260,285,-1,-1
00000028.jpg,36,46,254,275,-1,-1
00000029.jpg,23,34,241,263,-1,-1
00000030.jpg,12,28,230,257,875,245
00000031.jpg,0,22,218,251,875,245
00000032.jpg,2,24,194,254,875,245
00000033.jpg,2,24,194,254,875,245
00000034.jpg,0,22,192,252,872,242
00000035.jpg,1,21,167,246,872,242
00000036.jpg,1,21,167,246,872,242
00000037.jpg,0,21,166,246,872,242
00000038.jpg,0,19,166,244,872,242
00000039.jpg,0,18,166,243,872,242
00000040.jpg,1,16,137,245,875,239
00000041.jpg,1,16,137,245,879,236
00000042.jpg,0,16,136,245,880,234
00000043.jpg,0,15,136,244,882,233
00000044.jpg,0,14,136,243,885,231
00000045.jpg,0,12,136,241,885,229
00000046.jpg,0,11,136,240,885,227
00000047.jpg,0,10,136,239,885,224
00000048.jpg,0,10,136,239,887,221
00000049.jpg,0,9,136,238,889,220
00000050.jpg,0,10,136,239,889,220
00000051.jpg,1,11,100,227,895,213
00000052.jpg,1,11,100,227,900,212
00000053.jpg,0,11,99,227,900,213
00000054.jpg,0,11,99,227,902,213
00000055.jpg,0,11,99,227,903,218
00000056.jpg,0,12,99,228,903,218
00000057.jpg,0,12,99,228,903,218
00000058.jpg,0,12,99,228,903,220
00000059.jpg,0,12,99,228,897,221
00000060.jpg,1,13,100,229,897,221
00000061.jpg,1,13,100,229,892,221
00000062.jpg,1,13,100,229,892,220
00000063.jpg,2,14,101,230,890,219
00000064.jpg,2,14,101,230,890,214
00000065.jpg,3,14,102,230,888,214
00000066.jpg,3,14,102,230,888,214
00000067.jpg,2,14,113,237,885,210
00000068.jpg,2,14,113,237,885,207
00000069.jpg,3,14,114,237,882,205
00000070.jpg,3,15,114,238,883,199
00000071.jpg,4,15,115,238,880,188
00000072.jpg,5,16,116,239,880,183
00000073.jpg,5,16,116,239,880,177
00000074.jpg,5,16,116,239,880,174
00000075.jpg,5,16,116,239,879,169
00000076.jpg,4,16,115,239,879,169
00000077.jpg,3,16,114,239,880,170
00000078.jpg,2,16,113,239,880,170
00000079.jpg,3,17,114,240,882,169
00000080.jpg,2,16,115,243,883,168
00000081.jpg,2,16,115,243,-1,-1
00000082.jpg,0,12,130,246,-1,-1
00000083.jpg,0,12,130,246,-1,-1
00000084.jpg,2,13,132,247,-1,-1
00000085.jpg,1,21,133,246,-1,-1
00000086.jpg,1,21,133,246,-1,-1
00000087.jpg,3,22,135,247,-1,-1
00000088.jpg,3,24,150,265,-1,-1
00000089.jpg,3,24,150,265,198,632
00000090.jpg,2,27,157,258,198,632
00000091.jpg,2,27,157,258,198,632
00000092.jpg,2,33,159,257,198,632
00000093.jpg,2,33,159,257,198,632
00000094.jpg,2,35,188,269,198,632
00000095.jpg,2,35,188,269,198,632
00000096.jpg,1,40,187,272,198,632
00000097.jpg,1,40,187,272,198,632
00000098.jpg,7,43,193,275,198,632
00000099.jpg,13,45,199,277,198,632
00000100.jpg,14,51,212,270,198,632
00000101.jpg,14,51,212,270,198,632
00000102.jpg,19,53,217,272,198,632
00000103.jpg,24,54,222,273,198,632
00000104.jpg,27,54,225,273,198,632
00000105.jpg,30,54,228,273,198,632
00000106.jpg,31,53,229,272,198,632
00000107.jpg,32,53,230,272,198,632
00000108.jpg,31,52,229,271,198,632
00000109.jpg,30,52,228,271,198,632
00000110.jpg,28,51,226,270,198,632
00000111.jpg,26,49,224,268,198,632
00000112.jpg,23,48,221,267,198,632
00000113.jpg,20,46,218,265,198,632
00000114.jpg,15,43,213,262,198,632
00000115.jpg,13,42,211,261,-1,-1
00000116.jpg,4,37,202,256,-1,-1
00000117.jpg,0,33,198,252,-1,-1
00000118.jpg,0,34,198,253,-1,-1
00000119.jpg,0,31,198,250,-1,-1
00000120.jpg,0,20,198,239,-1,-1
00000121.jpg,0,15,198,234,-1,-1
00000122.jpg,2,15,173,242,-1,-1
00000123.jpg,2,15,173,242,909,192
00000124.jpg,1,17,153,240,909,192
00000125.jpg,1,17,153,240,913,196
00000126.jpg,3,16,127,227,913,196
00000127.jpg,3,16,127,227,913,196
00000128.jpg,0,14,124,225,913,196
00000129.jpg,0,11,124,222,913,196
00000130.jpg,1,7,94,236,913,196
00000131.jpg,1,7,94,236,908,196
00000132.jpg,1,6,72,220,908,196
00000133.jpg,1,6,72,220,908,196
00000134.jpg,0,4,71,218,907,197
00000135.jpg,2,7,51,220,907,197
