00122794.jpg,1019,160,1636,832,-1,-1
00122795.jpg,1019,160,1636,832,-1,-1
00122796.jpg,1019,160,1636,832,-1,-1
00122797.jpg,1019,160,1636,832,-1,-1
00122798.jpg,1018,160,1635,832,-1,-1
00122799.jpg,1009,167,1626,839,-1,-1
00122800.jpg,1009,167,1626,839,-1,-1
00122801.jpg,1009,167,1626,839,-1,-1
00122802.jpg,1009,167,1626,839,-1,-1
00122803.jpg,1011,165,1628,837,-1,-1
00122804.jpg,1014,161,1631,833,-1,-1
00122805.jpg,1014,161,1631,833,-1,-1
00122806.jpg,1016,159,1633,831,-1,-1
00122807.jpg,1016,158,1633,830,-1,-1
00122808.jpg,1015,159,1632,831,-1,-1
00122809.jpg,1010,164,1627,836,-1,-1
00122810.jpg,1010,164,1627,836,-1,-1
00122811.jpg,1005,171,1622,843,-1,-1
00122812.jpg,1004,173,1621,845,-1,-1
00122813.jpg,1006,170,1623,842,-1,-1
00122814.jpg,1008,168,1625,840,-1,-1
00122815.jpg,1008,168,1625,840,-1,-1
00122816.jpg,1018,158,1635,830,-1,-1
00122817.jpg,1020,156,1637,828,-1,-1
00122818.jpg,1021,154,1638,826,-1,-1
00122819.jpg,1022,152,1639,824,-1,-1
00122820.jpg,1022,152,1639,824,-1,-1
00122821.jpg,1015,159,1632,831,-1,-1
00122822.jpg,1013,160,1630,832,-1,-1
00122823.jpg,1010,162,1627,834,-1,-1
00122824.jpg,994,178,1611,850,-1,-1
00122825.jpg,994,178,1611,850,-1,-1
00122826.jpg,978,192,1595,864,-1,-1
00122827.jpg,975,194,1592,866,-1,-1
00122828.jpg,975,193,1592,865,-1,-1
00122829.jpg,977,191,1594,863,-1,-1
00122830.jpg,977,191,1594,863,-1,-1
00122831.jpg,977,191,1594,863,-1,-1
00122832.jpg,977,191,1594,863,-1,-1
00122833.jpg,985,181,1602,853,-1,-1
00122834.jpg,994,175,1611,847,-1,-1
00122835.jpg,994,175,1611,847,-1,-1
00122836.jpg,994,175,1611,847,-1,-1
00122837.jpg,994,175,1611,847,-1,-1
00122838.jpg,993,177,1610,849,-1,-1
00122839.jpg,986,190,1603,862,-1,-1
00122840.jpg,985,191,1602,863,-1,-1
00122841.jpg,985,191,1602,863,-1,-1
00122842.jpg,985,191,1602,863,-1,-1
00122843.jpg,995,179,1612,851,-1,-1
00122844.jpg,1001,174,1618,846,-1,-1
00122845.jpg,1005,169,1622,841,-1,-1
00122846.jpg,1005,169,1622,841,-1,-1
00122847.jpg,1005,169,1622,841,-1,-1
00122848.jpg,1005,169,1622,841,-1,-1
