00102827.jpg,957,389,1140,577,1455,473
00102828.jpg,957,389,1140,577,1471,359
00102829.jpg,957,389,1140,577,1447,259
00102830.jpg,957,389,1140,577,1446,255
00102831.jpg,956,389,1139,577,1442,255
00102832.jpg,953,389,1136,577,1443,256
00102833.jpg,952,390,1135,578,1443,258
00102834.jpg,950,390,1133,578,1445,258
00102835.jpg,948,390,1131,578,1445,258
00102836.jpg,946,390,1129,578,1445,258
00102837.jpg,943,390,1126,578,1445,258
00102838.jpg,942,390,1125,578,1445,258
00102839.jpg,941,390,1124,578,1445,258
00102840.jpg,939,390,1122,578,1445,258
00102841.jpg,938,390,1121,578,1445,258
00102842.jpg,937,390,1120,578,1445,258
00102843.jpg,936,390,1119,578,1445,258
00102844.jpg,936,390,1119,578,1445,258
00102845.jpg,935,390,1118,578,1445,258
00102846.jpg,935,390,1118,578,1445,258
00102847.jpg,935,390,1118,578,1445,258
00102848.jpg,934,390,1117,578,1448,259
00102849.jpg,934,390,1117,578,1448,259
00102850.jpg,934,390,1117,578,1448,259
00102851.jpg,934,390,1117,578,1448,259
00102852.jpg,934,390,1117,578,1451,259
00102853.jpg,934,390,1117,578,1451,259
00102854.jpg,934,390,1117,578,1451,259
00102855.jpg,934,390,1117,578,1451,259
00102856.jpg,935,391,1118,579,1453,261
00102857.jpg,935,391,1118,579,1455,263
00102858.jpg,935,391,1118,579,1457,263
00102859.jpg,935,391,1118,579,1460,264
00102860.jpg,935,391,1118,579,1462,265
00102861.jpg,935,391,1118,579,1465,265
00102862.jpg,935,391,1118,579,1640,344
00102863.jpg,936,391,1119,579,1566,538
00102864.jpg,937,392,1120,580,1573,580
00102865.jpg,938,392,1121,580,1575,626
00102866.jpg,939,392,1122,580,1580,644
00102867.jpg,940,393,1123,581,1585,668
00102868.jpg,940,394,1123,582,1591,674
00102869.jpg,941,394,1124,582,1600,679
00102870.jpg,942,394,1125,582,1612,683
00102871.jpg,943,395,1126,583,1617,689
00102872.jpg,943,395,1126,583,1625,690
00102873.jpg,943,395,1126,583,1637,698
00102874.jpg,943,395,1126,583,1642,701
00102875.jpg,943,395,1126,583,1651,706
00102876.jpg,942,395,1125,583,1658,708
00102877.jpg,941,395,1124,583,1662,713
00102878.jpg,940,395,1123,583,1672,716
00102879.jpg,939,394,1122,582,1677,719
00102880.jpg,938,394,1121,582,1682,729
00102881.jpg,936,394,1119,582,1682,730
00102882.jpg,934,393,1117,581,1686,730
00102883.jpg,932,392,1115,580,1687,730
00102884.jpg,931,392,1114,580,-1,-1
00102885.jpg,929,392,1112,580,-1,-1
00102886.jpg,928,392,1111,580,-1,-1
00102887.jpg,925,391,1108,579,-1,-1
00102888.jpg,925,391,1108,579,-1,-1
