00102827.jpg,1407,137,1573,332,1102,484
00102828.jpg,1407,137,1573,332,1102,484
00102829.jpg,1407,137,1573,332,1102,484
00102830.jpg,1407,137,1573,332,1102,484
00102831.jpg,1407,137,1573,332,1102,484
00102832.jpg,1406,138,1572,333,1100,483
00102833.jpg,1406,139,1572,334,1096,480
00102834.jpg,1406,139,1572,334,1096,480
00102835.jpg,1406,139,1572,334,1095,480
00102836.jpg,1406,139,1572,334,1091,479
00102837.jpg,1406,138,1572,333,1090,476
00102838.jpg,1406,138,1572,333,1088,476
00102839.jpg,1406,138,1572,333,1086,478
00102840.jpg,1406,138,1572,333,1086,478
00102841.jpg,1407,138,1573,333,1082,476
00102842.jpg,1407,138,1573,333,1082,476
00102843.jpg,1408,138,1574,333,1081,476
00102844.jpg,1408,138,1574,333,1080,476
00102845.jpg,1409,138,1575,333,775,523
00102846.jpg,1409,138,1575,333,778,523
00102847.jpg,1410,138,1576,333,783,523
00102848.jpg,1410,138,1576,333,792,523
00102849.jpg,1410,138,1576,333,791,524
00102850.jpg,1411,138,1577,333,786,525
00102851.jpg,1411,138,1577,333,786,530
00102852.jpg,1412,138,1578,333,785,529
00102853.jpg,1412,138,1578,333,783,528
00102854.jpg,1413,139,1579,334,785,531
00102855.jpg,1415,139,1581,334,782,530
00102856.jpg,1416,139,1582,334,780,525
00102857.jpg,1419,140,1585,335,781,528
00102858.jpg,1422,140,1588,335,783,529
00102859.jpg,1425,141,1591,336,778,528
00102860.jpg,1428,142,1594,337,781,529
00102861.jpg,1431,142,1597,337,778,530
00102862.jpg,1434,143,1600,338,780,530
00102863.jpg,1437,144,1603,339,781,531
00102864.jpg,1441,145,1607,340,778,531
00102865.jpg,1445,147,1611,342,772,541
00102866.jpg,1449,148,1615,343,773,539
00102867.jpg,1454,150,1620,345,775,541
00102868.jpg,1457,151,1623,346,771,541
00102869.jpg,1460,152,1626,347,773,541
00102870.jpg,1464,153,1630,348,771,540
00102871.jpg,1468,155,1634,350,772,541
00102872.jpg,1472,156,1638,351,776,535
00102873.jpg,1475,156,1641,351,777,533
00102874.jpg,1478,156,1644,351,778,529
00102875.jpg,1481,155,1647,350,781,524
00102876.jpg,1483,154,1649,349,781,521
00102877.jpg,1486,154,1652,349,785,520
00102878.jpg,1487,154,1653,349,781,519
00102879.jpg,1487,154,1653,349,781,518
00102880.jpg,1488,154,1654,349,781,518
00102881.jpg,1488,153,1654,348,782,514
00102882.jpg,1486,153,1652,348,782,514
00102883.jpg,1485,153,1651,348,782,514
00102884.jpg,1483,153,1649,348,782,514
00102885.jpg,1481,153,1647,348,782,514
00102886.jpg,1478,154,1644,349,782,514
00102887.jpg,1474,154,1640,349,782,514
00102888.jpg,1474,154,1640,349,783,510
