00017802.jpg,710,63,1139,534,-1,-1
00017803.jpg,713,66,1138,529,1689,342
00017804.jpg,711,66,1140,530,1689,342
00017805.jpg,708,66,1142,529,1689,342
00017806.jpg,708,66,1142,529,1689,342
00017807.jpg,708,64,1140,530,1689,342
00017808.jpg,711,65,1138,528,1689,342
00017809.jpg,711,63,1139,528,1689,342
00017810.jpg,713,64,1136,526,1689,342
00017811.jpg,713,64,1136,526,1689,342
00017812.jpg,713,63,1134,524,1689,342
00017813.jpg,715,61,1131,522,1689,342
00017814.jpg,709,60,1127,522,-1,-1
00017815.jpg,703,57,1126,527,-1,-1
00017816.jpg,702,57,1126,527,-1,-1
00017817.jpg,691,52,1140,534,-1,-1
00017818.jpg,680,52,1145,535,-1,-1
00017819.jpg,670,51,1141,532,-1,-1
00017820.jpg,664,51,1134,531,-1,-1
00017821.jpg,664,51,1134,531,-1,-1
00017822.jpg,658,51,1136,537,-1,-1
00017823.jpg,653,51,1132,544,-1,-1
00017824.jpg,653,51,1132,544,-1,-1
00017825.jpg,653,51,1132,544,-1,-1
00017826.jpg,653,51,1132,544,-1,-1
00017827.jpg,652,52,1131,545,-1,-1
00017828.jpg,650,53,1129,546,-1,-1
00017829.jpg,650,53,1129,546,-1,-1
00017830.jpg,649,54,1128,547,-1,-1
00017831.jpg,649,54,1128,547,-1,-1
00017832.jpg,647,55,1126,548,-1,-1
00017833.jpg,646,56,1125,549,-1,-1
00017834.jpg,645,56,1124,549,-1,-1
00017835.jpg,644,57,1123,550,-1,-1
00017836.jpg,644,57,1123,550,-1,-1
00017837.jpg,644,57,1123,550,-1,-1
00017838.jpg,643,58,1122,551,-1,-1
00017839.jpg,643,58,1122,551,-1,-1
00017840.jpg,641,59,1120,552,-1,-1
00017841.jpg,641,59,1120,552,-1,-1
00017842.jpg,639,58,1118,551,-1,-1
00017843.jpg,638,57,1117,550,-1,-1
00017844.jpg,636,56,1115,549,-1,-1
00017845.jpg,635,56,1114,549,-1,-1
00017846.jpg,635,56,1114,549,-1,-1
00017847.jpg,633,57,1112,550,-1,-1
00017848.jpg,631,57,1110,550,-1,-1
00017849.jpg,630,58,1109,551,-1,-1
00017850.jpg,629,59,1108,552,-1,-1
00017851.jpg,629,59,1108,552,-1,-1
00017852.jpg,629,60,1108,553,-1,-1
00017853.jpg,629,61,1108,554,-1,-1
00017854.jpg,629,62,1108,555,-1,-1
00017855.jpg,629,62,1108,555,-1,-1
00017856.jpg,629,63,1108,556,-1,-1
00017857.jpg,629,63,1108,556,-1,-1
00017858.jpg,628,64,1107,557,-1,-1
00017859.jpg,628,64,1107,557,-1,-1
00017860.jpg,628,65,1107,558,-1,-1
00017861.jpg,628,65,1107,558,-1,-1
00017862.jpg,629,67,1108,560,-1,-1
00017863.jpg,630,69,1109,562,-1,-1
00017864.jpg,630,73,1109,566,-1,-1
00017865.jpg,629,74,1108,567,-1,-1
00017866.jpg,629,74,1108,567,-1,-1
00017867.jpg,627,76,1106,569,-1,-1
00017868.jpg,622,77,1101,570,-1,-1
00017869.jpg,615,79,1094,572,-1,-1
00017870.jpg,606,79,1085,572,-1,-1
00017871.jpg,606,79,1085,572,-1,-1
00017872.jpg,597,77,1076,570,-1,-1
00017873.jpg,591,79,1070,572,-1,-1
00017874.jpg,584,79,1063,572,-1,-1
00017875.jpg,578,80,1057,573,-1,-1
00017876.jpg,578,80,1057,573,-1,-1
00017877.jpg,574,81,1053,574,-1,-1
00017878.jpg,571,81,1050,574,-1,-1
00017879.jpg,569,81,1048,574,-1,-1
00017880.jpg,566,80,1045,573,-1,-1
00017881.jpg,566,80,1045,573,-1,-1
00017882.jpg,563,80,1042,573,-1,-1
00017883.jpg,557,79,1036,572,-1,-1
00017884.jpg,551,81,1030,574,-1,-1
00017885.jpg,543,84,1022,577,-1,-1
00017886.jpg,543,84,1022,577,-1,-1
00017887.jpg,535,88,1014,581,-1,-1
00017888.jpg,529,93,1008,586,-1,-1
00017889.jpg,525,96,1004,589,-1,-1
00017890.jpg,522,96,1001,589,-1,-1
00017891.jpg,522,96,1001,589,-1,-1
00017892.jpg,521,97,1000,590,-1,-1
00017893.jpg,521,97,1000,590,-1,-1
