00021908.jpg,173,0,472,286,611,558
00021909.jpg,177,0,476,286,621,559
00021910.jpg,178,0,477,286,631,560
00021911.jpg,179,1,478,287,640,563
00021912.jpg,179,2,478,288,649,563
00021913.jpg,179,2,478,288,648,564
00021914.jpg,185,0,493,294,654,567
00021915.jpg,185,0,493,294,661,571
00021916.jpg,185,1,493,295,671,568
00021917.jpg,186,2,494,296,671,568
00021918.jpg,186,2,494,296,673,569
00021919.jpg,186,2,494,296,675,572
00021920.jpg,186,3,494,297,675,572
00021921.jpg,187,3,495,297,677,573
00021922.jpg,187,4,495,298,677,573
00021923.jpg,188,5,496,299,682,576
00021924.jpg,189,6,497,300,684,577
00021925.jpg,189,6,497,300,685,577
00021926.jpg,189,6,497,300,706,580
00021927.jpg,190,6,498,300,731,579
00021928.jpg,191,6,499,300,747,584
00021929.jpg,193,6,501,300,760,589
00021930.jpg,193,5,501,299,766,596
00021931.jpg,193,5,501,299,770,596
00021932.jpg,193,5,501,299,775,599
00021933.jpg,192,4,500,298,780,602
00021934.jpg,180,4,476,285,782,605
00021935.jpg,182,4,478,285,790,605
00021936.jpg,181,3,477,284,790,606
00021937.jpg,181,3,477,284,790,606
00021938.jpg,176,1,472,282,790,606
00021939.jpg,173,4,465,281,901,241
00021940.jpg,173,4,465,281,901,243
00021941.jpg,172,5,464,282,901,243
00021942.jpg,171,6,463,283,904,246
00021943.jpg,171,6,463,283,906,247
00021944.jpg,171,7,463,284,907,249
00021945.jpg,171,9,463,286,908,249
00021946.jpg,173,4,465,289,908,249
00021947.jpg,175,4,467,291,908,249
00021948.jpg,177,4,469,293,908,249
00021949.jpg,177,4,469,293,908,249
00021950.jpg,179,4,471,295,908,249
00021951.jpg,182,4,474,297,908,249
00021952.jpg,183,4,475,299,908,249
00021953.jpg,185,4,477,302,908,249
00021954.jpg,186,4,478,305,908,249
00021955.jpg,186,4,478,305,908,249
00021956.jpg,187,4,479,309,908,249
00021957.jpg,187,4,479,313,908,249
00021958.jpg,186,4,478,315,908,249
00021959.jpg,185,4,477,315,908,249
00021960.jpg,184,4,476,315,908,249
00021961.jpg,184,4,476,314,908,249
00021962.jpg,183,4,475,314,908,249
00021963.jpg,183,4,475,313,908,249
00021964.jpg,183,4,475,314,908,249
00021965.jpg,183,4,475,314,908,249
00021966.jpg,185,4,477,315,908,249
00021967.jpg,185,4,477,315,908,249
00021968.jpg,187,4,479,316,908,249
00021969.jpg,188,4,480,317,908,249
00021970.jpg,189,4,481,317,908,249
00021971.jpg,190,4,482,317,908,249
00021972.jpg,191,4,483,318,908,249
00021973.jpg,191,4,483,318,908,249
00021974.jpg,192,4,484,318,908,249
00021975.jpg,193,4,485,318,908,249
00021976.jpg,193,4,485,319,908,249
00021977.jpg,193,4,485,320,908,249
00021978.jpg,193,4,485,320,908,249
00021979.jpg,193,4,485,320,908,249
00021980.jpg,193,4,485,320,908,249
00021981.jpg,192,4,484,320,908,249
00021982.jpg,191,4,483,320,908,249
00021983.jpg,191,4,483,320,908,249
00021984.jpg,191,4,483,320,908,249
00021985.jpg,191,4,483,320,908,249
00021986.jpg,191,4,483,320,908,249
00021987.jpg,191,4,483,320,908,249
00021988.jpg,191,4,483,320,908,249
00021989.jpg,191,4,483,320,908,249
00021990.jpg,192,4,484,321,908,249
00021991.jpg,193,4,485,321,908,249
00021992.jpg,193,4,485,321,908,249
00021993.jpg,193,4,485,321,908,249
00021994.jpg,194,4,486,321,908,249
00021995.jpg,194,4,486,321,908,249
00021996.jpg,195,4,487,321,908,249
00021997.jpg,195,4,487,321,908,249
00021998.jpg,195,4,487,321,908,249
00021999.jpg,195,4,487,321,908,249
00022000.jpg,196,4,488,322,908,249
00022001.jpg,196,4,488,322,908,249
00022002.jpg,196,4,488,322,908,249
00022003.jpg,196,4,488,322,908,249
00022004.jpg,196,4,488,322,908,249
00022005.jpg,196,4,488,322,908,249
00022006.jpg,197,4,489,322,908,249
00022007.jpg,197,4,489,322,908,249
00022008.jpg,197,4,489,322,908,249
00022009.jpg,197,4,489,322,908,249
00022010.jpg,197,4,489,322,908,249
00022011.jpg,197,4,489,322,908,249
00022012.jpg,197,4,489,323,908,249
00022013.jpg,197,4,489,323,908,249
00022014.jpg,197,4,489,323,908,249
00022015.jpg,197,4,489,323,908,249
00022016.jpg,197,4,489,323,908,249
00022017.jpg,197,4,489,323,908,249
00022018.jpg,198,4,490,323,908,249
00022019.jpg,198,4,490,322,908,249
00022020.jpg,198,4,490,322,908,249
00022021.jpg,199,4,491,322,908,249
00022022.jpg,199,4,491,322,908,249
00022023.jpg,199,4,491,322,908,249
00022024.jpg,200,4,492,322,908,249
00022025.jpg,200,4,492,323,908,249
00022026.jpg,201,4,493,323,908,249
00022027.jpg,202,4,494,322,908,249
00022028.jpg,202,4,494,322,908,249
00022029.jpg,203,4,495,322,908,249
00022030.jpg,204,4,496,323,908,249
00022031.jpg,204,4,496,323,908,249
00022032.jpg,205,4,497,323,908,249
00022033.jpg,205,4,497,323,908,249
00022034.jpg,206,4,498,322,908,249
00022035.jpg,206,4,498,323,908,249
00022036.jpg,206,4,498,323,908,249
00022037.jpg,207,4,499,322,908,249
00022038.jpg,207,4,499,323,908,249
00022039.jpg,207,4,499,323,908,249
00022040.jpg,207,4,499,323,908,249
00022041.jpg,207,4,499,323,908,249
00022042.jpg,208,4,500,322,-1,-1
00022043.jpg,209,4,501,321,-1,-1
00022044.jpg,210,4,502,320,-1,-1
00022045.jpg,211,4,503,320,-1,-1
00022046.jpg,211,4,503,319,-1,-1
00022047.jpg,195,4,495,324,-1,-1
00022048.jpg,195,4,495,324,787,675
00022049.jpg,195,4,495,324,787,675
00022050.jpg,195,4,495,324,786,666
00022051.jpg,195,4,495,324,779,664
00022052.jpg,195,4,495,324,779,663
00022053.jpg,195,4,495,324,777,657
00022054.jpg,195,4,495,324,777,657
00022055.jpg,195,4,495,324,777,657
00022056.jpg,196,5,496,325,777,657
00022057.jpg,196,5,496,325,778,657
00022058.jpg,196,5,496,325,778,657
