00021908.jpg,831,157,974,310,420,161
00021909.jpg,831,157,974,310,420,161
00021910.jpg,831,157,974,310,420,161
00021911.jpg,831,157,974,310,420,161
00021912.jpg,831,157,974,310,420,161
00021913.jpg,831,157,974,310,425,161
00021914.jpg,832,157,975,310,433,163
00021915.jpg,832,157,975,310,437,163
00021916.jpg,832,157,975,310,443,167
00021917.jpg,832,157,975,310,443,163
00021918.jpg,833,158,976,311,441,163
00021919.jpg,833,158,976,311,441,166
00021920.jpg,833,158,976,311,439,166
00021921.jpg,833,158,976,311,440,166
00021922.jpg,833,158,976,311,443,166
00021923.jpg,833,158,976,311,445,166
00021924.jpg,833,158,976,311,445,166
00021925.jpg,833,158,976,311,447,171
00021926.jpg,833,158,976,311,448,171
00021927.jpg,833,158,976,311,449,171
00021928.jpg,833,158,976,311,453,168
00021929.jpg,833,158,976,311,449,171
00021930.jpg,833,158,976,311,449,169
00021931.jpg,833,158,976,311,450,171
00021932.jpg,833,158,976,311,447,170
00021933.jpg,833,158,976,311,447,170
00021934.jpg,833,158,976,311,449,165
00021935.jpg,833,158,976,311,449,159
00021936.jpg,833,158,976,311,444,154
00021937.jpg,833,158,976,311,435,145
00021938.jpg,833,158,976,311,435,141
00021939.jpg,834,158,977,311,434,134
00021940.jpg,834,159,977,312,-1,-1
00021941.jpg,834,159,977,312,-1,-1
00021942.jpg,835,159,978,312,787,615
00021943.jpg,835,159,978,312,787,616
00021944.jpg,835,159,978,312,787,616
00021945.jpg,835,159,978,312,787,617
00021946.jpg,835,159,978,312,787,617
00021947.jpg,835,159,978,312,787,618
00021948.jpg,836,159,979,312,786,619
00021949.jpg,836,159,979,312,786,620
00021950.jpg,836,159,979,312,784,628
00021951.jpg,836,159,979,312,785,635
00021952.jpg,836,159,979,312,779,638
00021953.jpg,836,159,979,312,781,640
00021954.jpg,836,159,979,312,783,641
00021955.jpg,836,159,979,312,782,641
00021956.jpg,836,159,979,312,773,646
00021957.jpg,837,159,980,312,782,639
00021958.jpg,837,159,980,312,779,640
00021959.jpg,837,159,980,312,775,639
00021960.jpg,837,159,980,312,775,638
00021961.jpg,837,159,980,312,774,634
00021962.jpg,837,159,980,312,772,633
00021963.jpg,838,159,981,312,772,633
00021964.jpg,838,159,981,312,772,632
00021965.jpg,838,159,981,312,772,632
00021966.jpg,838,159,981,312,772,632
00021967.jpg,838,159,981,312,772,632
00021968.jpg,838,159,981,312,772,632
00021969.jpg,838,159,981,312,773,636
00021970.jpg,838,159,981,312,773,636
00021971.jpg,838,159,981,312,774,637
00021972.jpg,838,159,981,312,774,637
00021973.jpg,838,159,981,312,774,637
00021974.jpg,838,159,981,312,774,637
00021975.jpg,838,159,981,312,775,642
00021976.jpg,837,159,980,312,775,642
00021977.jpg,837,159,980,312,775,643
00021978.jpg,837,159,980,312,775,643
00021979.jpg,837,159,980,312,772,646
00021980.jpg,837,159,980,312,770,651
00021981.jpg,836,159,979,312,770,651
00021982.jpg,836,159,979,312,770,651
00021983.jpg,836,159,979,312,770,652
00021984.jpg,836,159,979,312,770,652
00021985.jpg,836,159,979,312,770,657
00021986.jpg,836,159,979,312,770,661
00021987.jpg,836,159,979,312,770,661
00021988.jpg,836,159,979,312,772,663
00021989.jpg,836,159,979,312,772,664
00021990.jpg,836,159,979,312,772,664
00021991.jpg,836,159,979,312,772,664
00021992.jpg,836,159,979,312,778,668
00021993.jpg,835,159,978,312,778,668
00021994.jpg,835,159,978,312,779,671
00021995.jpg,835,159,978,312,779,671
00021996.jpg,835,159,978,312,779,673
00021997.jpg,835,159,978,312,779,673
00021998.jpg,835,159,978,312,779,673
00021999.jpg,835,159,978,312,779,673
00022000.jpg,835,159,978,312,780,680
00022001.jpg,835,159,978,312,780,680
00022002.jpg,834,159,977,312,780,680
00022003.jpg,834,159,977,312,780,680
00022004.jpg,834,159,977,312,780,680
00022005.jpg,834,159,977,312,780,683
00022006.jpg,834,159,977,312,444,171
00022007.jpg,834,159,977,312,445,168
00022008.jpg,834,159,977,312,445,170
00022009.jpg,834,159,977,312,447,168
00022010.jpg,834,159,977,312,446,167
00022011.jpg,834,159,977,312,449,167
00022012.jpg,833,158,976,311,447,167
00022013.jpg,833,159,976,312,447,166
00022014.jpg,833,159,976,312,446,172
00022015.jpg,833,159,976,312,445,173
00022016.jpg,833,159,976,312,444,172
00022017.jpg,833,159,976,312,444,173
00022018.jpg,833,159,976,312,444,173
00022019.jpg,833,159,976,312,444,173
00022020.jpg,833,159,976,312,444,173
00022021.jpg,833,159,976,312,444,173
00022022.jpg,833,159,976,312,444,173
00022023.jpg,833,159,976,312,444,173
00022024.jpg,833,159,976,312,444,173
00022025.jpg,833,159,976,312,444,173
00022026.jpg,834,159,977,312,444,173
00022027.jpg,834,159,977,312,444,173
00022028.jpg,834,159,977,312,444,173
00022029.jpg,834,159,977,312,444,173
00022030.jpg,834,159,977,312,444,173
00022031.jpg,834,159,977,312,444,173
00022032.jpg,834,159,977,312,444,173
00022033.jpg,834,159,977,312,-1,-1
00022034.jpg,834,159,977,312,754,699
00022035.jpg,834,159,977,312,754,699
00022036.jpg,834,159,977,312,754,699
00022037.jpg,834,159,977,312,754,699
00022038.jpg,834,159,977,312,754,699
00022039.jpg,834,159,977,312,754,699
00022040.jpg,834,159,977,312,754,699
00022041.jpg,834,159,977,312,754,699
00022042.jpg,834,159,977,312,754,699
00022043.jpg,834,159,977,312,754,699
00022044.jpg,834,159,977,312,754,699
00022045.jpg,834,159,977,312,754,699
00022046.jpg,834,159,977,312,754,699
00022047.jpg,834,159,977,312,754,699
00022048.jpg,834,159,977,312,754,699
00022049.jpg,834,159,977,312,754,699
00022050.jpg,834,159,977,312,754,699
00022051.jpg,834,159,977,312,754,696
00022052.jpg,834,159,977,312,754,696
00022053.jpg,834,159,977,312,457,189
00022054.jpg,834,159,977,312,457,188
00022055.jpg,834,159,977,312,457,189
00022056.jpg,834,159,977,312,457,189
00022057.jpg,834,159,977,312,457,190
00022058.jpg,834,159,977,312,457,190
