00004246.jpg,1368,3,1650,242,-1,-1
00004247.jpg,1368,3,1650,242,-1,-1
00004248.jpg,1368,3,1650,242,-1,-1
00004249.jpg,1368,3,1650,242,-1,-1
00004250.jpg,1367,12,1649,251,-1,-1
00004251.jpg,1385,5,1644,270,-1,-1
00004252.jpg,1385,5,1644,270,-1,-1
00004253.jpg,1382,11,1641,276,-1,-1
00004254.jpg,1377,19,1636,284,-1,-1
00004255.jpg,1371,26,1630,291,-1,-1
00004256.jpg,1371,26,1630,291,-1,-1
00004257.jpg,1364,32,1623,297,-1,-1
00004258.jpg,1356,37,1615,302,-1,-1
00004259.jpg,1347,42,1606,307,-1,-1
00004260.jpg,1334,47,1593,312,-1,-1
00004261.jpg,1334,47,1593,312,-1,-1
00004262.jpg,1321,49,1580,314,-1,-1
00004263.jpg,1307,50,1566,315,-1,-1
00004264.jpg,1291,50,1550,315,-1,-1
00004265.jpg,1276,52,1535,317,-1,-1
00004266.jpg,1273,48,1531,347,-1,-1
00004267.jpg,1270,51,1528,350,-1,-1
00004268.jpg,1266,53,1524,352,-1,-1
00004269.jpg,1264,54,1522,353,-1,-1
00004270.jpg,1263,54,1521,353,-1,-1
00004271.jpg,1263,54,1521,353,-1,-1
00004272.jpg,1262,54,1520,353,-1,-1
00004273.jpg,1261,54,1519,353,-1,-1
00004274.jpg,1259,54,1517,353,-1,-1
00004275.jpg,1256,54,1514,353,-1,-1
00004276.jpg,1256,54,1514,353,-1,-1
00004277.jpg,1253,54,1511,353,-1,-1
00004278.jpg,1250,54,1508,353,-1,-1
00004279.jpg,1246,54,1504,353,-1,-1
00004280.jpg,1242,56,1500,355,-1,-1
00004281.jpg,1242,56,1500,355,-1,-1
00004282.jpg,1254,58,1518,386,-1,-1
00004283.jpg,1254,58,1518,386,-1,-1
00004284.jpg,1256,57,1520,385,-1,-1
00004285.jpg,1255,57,1519,385,-1,-1
00004286.jpg,1255,57,1519,385,-1,-1
00004287.jpg,1254,58,1518,386,-1,-1
00004288.jpg,1250,61,1514,389,-1,-1
00004289.jpg,1244,63,1508,391,-1,-1
00004290.jpg,1238,66,1502,394,-1,-1
00004291.jpg,1240,45,1504,363,-1,-1
00004292.jpg,1240,45,1504,363,-1,-1
00004293.jpg,1233,46,1497,364,-1,-1
00004294.jpg,1225,48,1489,366,-1,-1
00004295.jpg,1217,51,1481,369,-1,-1
00004296.jpg,1217,51,1481,369,-1,-1
00004297.jpg,1212,54,1476,372,-1,-1
00004298.jpg,1203,56,1467,374,-1,-1
00004299.jpg,1193,59,1457,377,584,341
00004300.jpg,1150,53,1470,387,570,345
00004301.jpg,1150,53,1470,387,570,347
00004302.jpg,1141,55,1461,389,560,348
00004303.jpg,1133,58,1453,392,552,349
00004304.jpg,1125,60,1445,394,544,352
00004305.jpg,1115,62,1435,396,544,352
00004306.jpg,1115,62,1435,396,542,351
00004307.jpg,1101,66,1421,400,542,351
00004308.jpg,1093,70,1413,404,543,351
00004309.jpg,1088,70,1408,404,550,357
00004310.jpg,1085,69,1405,403,564,359
00004311.jpg,1085,69,1405,403,563,361
00004312.jpg,1084,70,1404,404,574,364
00004313.jpg,1084,71,1404,405,586,367
00004314.jpg,1082,72,1402,406,592,367
00004315.jpg,1079,72,1399,406,612,361
00004316.jpg,1079,72,1399,406,612,361
00004317.jpg,1080,71,1400,405,630,359
00004318.jpg,1084,69,1404,403,646,352
00004319.jpg,1092,69,1412,403,660,344
00004320.jpg,1095,69,1415,403,668,344
00004321.jpg,1095,69,1415,403,671,344
00004322.jpg,1075,62,1401,410,680,343
00004323.jpg,1075,62,1401,410,687,343
00004324.jpg,1075,62,1401,410,-1,-1
00004325.jpg,1076,63,1402,411,-1,-1
00004326.jpg,1076,63,1402,411,-1,-1
00004327.jpg,1077,63,1403,411,-1,-1
00004328.jpg,1079,62,1405,410,-1,-1
00004329.jpg,1106,77,1407,436,-1,-1
00004330.jpg,1106,77,1407,436,-1,-1
00004331.jpg,1106,77,1407,436,-1,-1
00004332.jpg,1111,76,1412,435,-1,-1
00004333.jpg,1113,73,1414,432,-1,-1
00004334.jpg,1117,69,1418,428,-1,-1
00004335.jpg,1119,66,1420,425,-1,-1
00004336.jpg,1119,66,1420,425,-1,-1
00004337.jpg,1119,65,1420,424,-1,-1
00004338.jpg,1122,71,1423,430,-1,-1
00004339.jpg,1119,70,1420,429,-1,-1
00004340.jpg,1113,70,1414,429,-1,-1
00004341.jpg,1104,55,1407,406,-1,-1
00004342.jpg,1104,55,1407,406,-1,-1
00004343.jpg,1097,53,1400,404,-1,-1
00004344.jpg,1090,52,1393,403,-1,-1
00004345.jpg,1082,51,1385,402,-1,-1
00004346.jpg,1082,51,1385,402,-1,-1
