00159230.jpg,1594,313,1728,466,818,321
00159231.jpg,1594,313,1728,466,817,322
00159232.jpg,1581,314,1717,464,815,321
00159233.jpg,1581,314,1717,464,818,320
00159234.jpg,1558,310,1712,465,817,320
00159235.jpg,1558,310,1712,465,817,320
00159236.jpg,1548,297,1710,467,817,320
00159237.jpg,1548,297,1710,467,819,321
00159238.jpg,1546,299,1708,469,819,321
00159239.jpg,1532,295,1683,465,819,321
00159240.jpg,1532,295,1683,465,819,321
00159241.jpg,1531,296,1682,466,817,317
00159242.jpg,1519,301,1675,458,818,317
00159243.jpg,1519,301,1675,458,819,317
00159244.jpg,1518,301,1674,458,819,316
00159245.jpg,1517,301,1673,458,819,316
00159246.jpg,1507,300,1664,469,819,316
00159247.jpg,1507,300,1664,469,818,315
00159248.jpg,1506,300,1663,469,818,315
00159249.jpg,1496,302,1648,465,819,315
00159250.jpg,1496,302,1648,465,820,315
00159251.jpg,1495,302,1647,465,820,315
00159252.jpg,1493,302,1645,465,820,315
00159253.jpg,1489,302,1641,465,823,312
00159254.jpg,1486,303,1638,466,820,313
00159255.jpg,1484,303,1636,466,822,312
00159256.jpg,1483,303,1635,466,820,312
00159257.jpg,1478,300,1633,466,820,312
00159258.jpg,1478,300,1633,466,819,311
00159259.jpg,1477,301,1632,467,817,308
00159260.jpg,1477,302,1632,468,817,308
00159261.jpg,1477,302,1632,468,815,307
00159262.jpg,1477,301,1632,467,815,307
00159263.jpg,1478,299,1633,465,813,307
00159264.jpg,1478,299,1633,465,813,307
00159265.jpg,1477,301,1632,467,813,307
00159266.jpg,1478,300,1633,466,812,307
00159267.jpg,1478,300,1633,466,812,307
00159268.jpg,1478,301,1633,467,812,307
00159269.jpg,1478,301,1633,467,810,307
00159270.jpg,1478,301,1633,467,810,307
00159271.jpg,1478,301,1633,467,810,307
00159272.jpg,1478,301,1633,467,810,307
00159273.jpg,1487,300,1648,467,812,307
00159274.jpg,1487,300,1648,467,814,307
00159275.jpg,1488,300,1649,467,814,307
00159276.jpg,1489,299,1650,466,817,307
00159277.jpg,1489,299,1650,466,817,309
00159278.jpg,1489,300,1650,467,817,309
00159279.jpg,1489,300,1650,467,817,309
00159280.jpg,1494,299,1655,466,817,309
00159281.jpg,1496,299,1657,466,808,447
00159282.jpg,1498,299,1659,466,923,618
00159283.jpg,1498,299,1659,466,928,618
00159284.jpg,1499,299,1660,466,922,617
00159285.jpg,1501,306,1662,475,924,618
00159286.jpg,1501,306,1662,475,924,618
00159287.jpg,1502,306,1663,475,931,618
00159288.jpg,1502,306,1663,475,932,618
00159289.jpg,1501,307,1662,476,930,619
00159290.jpg,1503,307,1664,476,933,619
00159291.jpg,1502,307,1663,476,933,619
00159292.jpg,1502,308,1663,477,937,619
00159293.jpg,1502,307,1663,476,819,495
00159294.jpg,1502,307,1663,476,842,317
00159295.jpg,1509,307,1670,476,840,317
00159296.jpg,1511,308,1672,477,840,317
00159297.jpg,1511,308,1672,477,840,318
00159298.jpg,1511,309,1672,478,840,318
00159299.jpg,1512,309,1673,478,840,320
00159300.jpg,1514,308,1675,477,840,320
00159301.jpg,1513,309,1674,478,840,320
00159302.jpg,1520,310,1681,479,840,320
00159303.jpg,1520,310,1681,479,840,321
00159304.jpg,1521,310,1682,479,840,321
00159305.jpg,1521,311,1682,480,840,321
00159306.jpg,1521,311,1682,480,841,322
00159307.jpg,1521,311,1682,480,841,323
00159308.jpg,1522,311,1683,480,841,325
00159309.jpg,1522,311,1683,480,841,325
00159310.jpg,1521,311,1682,480,841,325
00159311.jpg,1522,311,1683,480,841,323
00159312.jpg,1522,310,1683,479,840,325
00159313.jpg,1522,311,1683,480,839,320
00159314.jpg,1522,310,1683,479,841,323
00159315.jpg,1522,310,1683,479,837,315
00159316.jpg,1522,310,1683,479,833,310
00159317.jpg,1522,310,1683,479,831,308
00159318.jpg,1521,311,1682,480,-1,-1
00159319.jpg,1521,311,1682,480,1718,289
00159320.jpg,1521,311,1682,480,1718,289
00159321.jpg,1521,311,1682,480,1717,291
