00003476.jpg,261,68,476,288,-1,-1
00003477.jpg,261,68,476,288,-1,-1
00003478.jpg,252,68,469,280,-1,-1
00003479.jpg,252,68,469,280,-1,-1
00003480.jpg,246,65,463,277,-1,-1
00003481.jpg,240,61,457,273,-1,-1
00003482.jpg,236,58,453,270,-1,-1
00003483.jpg,231,55,448,267,-1,-1
00003484.jpg,228,52,445,264,-1,-1
00003485.jpg,225,50,442,262,-1,-1
00003486.jpg,222,48,439,260,-1,-1
00003487.jpg,218,46,435,258,-1,-1
00003488.jpg,215,45,432,257,-1,-1
00003489.jpg,212,45,429,257,-1,-1
00003490.jpg,209,46,426,258,-1,-1
00003491.jpg,206,47,423,259,-1,-1
00003492.jpg,202,49,419,261,-1,-1
00003493.jpg,196,51,413,263,-1,-1
00003494.jpg,193,53,410,265,-1,-1
00003495.jpg,191,54,408,266,-1,-1
00003496.jpg,189,55,406,267,-1,-1
00003497.jpg,197,44,418,262,-1,-1
00003498.jpg,197,44,418,262,-1,-1
00003499.jpg,196,46,417,264,-1,-1
00003500.jpg,196,48,417,266,-1,-1
00003501.jpg,196,50,417,268,-1,-1
00003502.jpg,195,50,416,268,-1,-1
00003503.jpg,193,51,414,269,-1,-1
00003504.jpg,190,50,411,268,-1,-1
00003505.jpg,186,50,407,268,-1,-1
00003506.jpg,180,50,401,268,-1,-1
00003507.jpg,175,51,396,269,-1,-1
00003508.jpg,170,52,391,270,-1,-1
00003509.jpg,165,52,386,270,-1,-1
00003510.jpg,161,53,382,271,-1,-1
00003511.jpg,158,54,379,272,-1,-1
00003512.jpg,154,54,375,272,-1,-1
00003513.jpg,151,53,372,271,-1,-1
00003514.jpg,147,53,368,271,-1,-1
00003515.jpg,144,51,365,269,-1,-1
00003516.jpg,141,50,362,268,-1,-1
00003517.jpg,139,48,360,266,-1,-1
00003518.jpg,138,46,359,264,-1,-1
00003519.jpg,137,45,358,263,-1,-1
00003520.jpg,137,44,358,262,-1,-1
00003521.jpg,130,51,348,264,-1,-1
00003522.jpg,130,51,348,264,-1,-1
00003523.jpg,133,49,351,262,-1,-1
00003524.jpg,137,48,355,261,-1,-1
00003525.jpg,114,51,334,265,-1,-1
00003526.jpg,114,51,334,265,-1,-1
00003527.jpg,116,51,336,265,-1,-1
00003528.jpg,117,51,337,265,-1,-1
00003529.jpg,99,46,323,262,-1,-1
00003530.jpg,99,46,323,262,-1,-1
00003531.jpg,101,46,325,262,-1,-1
00003532.jpg,103,45,327,261,-1,-1
00003533.jpg,107,45,331,261,-1,-1
00003534.jpg,113,46,337,262,-1,-1
00003535.jpg,120,46,344,262,-1,-1
00003536.jpg,129,48,353,264,-1,-1
00003537.jpg,139,50,363,266,-1,-1
00003538.jpg,148,52,372,268,-1,-1
00003539.jpg,153,53,377,269,-1,-1
00003540.jpg,158,52,382,268,-1,-1
00003541.jpg,162,53,386,269,927,183
00003542.jpg,168,52,392,268,927,183
00003543.jpg,171,50,397,265,927,183
00003544.jpg,171,50,397,265,927,183
00003545.jpg,177,49,403,264,924,183
00003546.jpg,182,48,408,263,924,183
00003547.jpg,187,48,413,263,923,189
00003548.jpg,190,49,416,264,923,189
00003549.jpg,193,49,419,264,923,189
00003550.jpg,194,50,420,265,923,190
00003551.jpg,196,50,422,265,923,190
00003552.jpg,197,50,423,265,923,190
00003553.jpg,198,51,424,266,923,191
00003554.jpg,198,51,424,266,923,192
00003555.jpg,198,51,424,266,923,192
00003556.jpg,198,51,424,266,923,192
00003557.jpg,197,51,423,266,923,192
00003558.jpg,196,52,422,267,923,192
00003559.jpg,195,52,421,267,919,196
00003560.jpg,194,53,420,268,923,192
00003561.jpg,191,55,417,270,-1,-1
00003562.jpg,189,47,422,275,700,411
00003563.jpg,189,47,422,275,703,404
00003564.jpg,186,49,419,277,708,396
00003565.jpg,184,49,417,277,712,388
00003566.jpg,182,50,415,278,720,384
00003567.jpg,177,41,410,274,720,384
00003568.jpg,177,41,410,274,720,388
00003569.jpg,175,41,408,274,714,400
00003570.jpg,173,41,406,274,709,411
00003571.jpg,172,41,405,274,702,426
00003572.jpg,170,41,403,274,702,435
00003573.jpg,169,41,402,274,701,441
00003574.jpg,169,41,402,274,705,429
00003575.jpg,169,41,402,274,709,417
00003576.jpg,169,40,402,273,714,411
00003577.jpg,169,39,402,272,-1,-1
00003578.jpg,176,46,398,272,-1,-1
00003579.jpg,176,46,398,272,-1,-1
00003580.jpg,177,44,399,270,925,191
00003581.jpg,178,43,400,269,925,191
00003582.jpg,178,43,400,269,925,192
00003583.jpg,179,43,401,269,926,192
00003584.jpg,180,44,402,270,926,192
00003585.jpg,181,46,403,272,926,192
00003586.jpg,183,47,405,273,926,192
00003587.jpg,184,48,406,274,926,192
00003588.jpg,186,49,408,275,926,192
00003589.jpg,187,49,409,275,926,192
00003590.jpg,188,49,410,275,926,192
00003591.jpg,190,49,412,275,926,192
00003592.jpg,192,48,414,274,926,192
00003593.jpg,193,48,415,274,926,192
00003594.jpg,195,47,417,273,926,192
00003595.jpg,196,46,418,272,955,191
00003596.jpg,198,46,420,272,951,185
00003597.jpg,200,46,422,272,951,186
00003598.jpg,203,47,425,273,946,186
00003599.jpg,205,48,427,274,946,186
00003600.jpg,207,50,429,276,943,187
00003601.jpg,209,52,431,278,943,186
00003602.jpg,211,51,433,277,943,186
00003603.jpg,212,48,434,274,943,180
00003604.jpg,200,42,425,262,945,176
00003605.jpg,200,42,425,262,946,176
00003606.jpg,199,38,424,258,946,173
00003607.jpg,199,35,424,255,945,172
00003608.jpg,199,36,424,256,944,172
00003609.jpg,200,38,425,258,944,172
00003610.jpg,201,41,426,261,944,172
00003611.jpg,203,44,428,264,939,174
00003612.jpg,203,50,428,270,939,174
00003613.jpg,204,54,429,274,939,174
00003614.jpg,204,59,429,279,928,180
00003615.jpg,205,62,430,282,928,180
00003616.jpg,206,65,431,285,926,184
00003617.jpg,206,66,431,286,923,190
00003618.jpg,207,64,432,284,923,192
00003619.jpg,207,58,432,278,923,194
00003620.jpg,206,53,431,273,923,194
00003621.jpg,204,48,429,268,927,199
00003622.jpg,199,43,424,263,929,201
00003623.jpg,195,39,420,259,933,205
00003624.jpg,191,39,416,259,-1,-1
00003625.jpg,190,40,415,260,-1,-1
00003626.jpg,184,46,409,266,-1,-1
00003627.jpg,185,41,416,270,-1,-1
00003628.jpg,185,41,416,270,762,616
00003629.jpg,186,45,417,274,763,616
00003630.jpg,187,49,418,278,763,616
00003631.jpg,188,53,419,282,763,616
00003632.jpg,190,55,421,284,763,616
00003633.jpg,191,57,422,286,763,616
00003634.jpg,193,57,424,286,763,616
00003635.jpg,194,56,425,285,763,616
00003636.jpg,195,54,426,283,763,616
00003637.jpg,196,52,427,281,763,616
00003638.jpg,197,49,428,278,-1,-1
00003639.jpg,198,46,429,275,-1,-1
00003640.jpg,197,45,428,274,-1,-1
00003641.jpg,196,46,427,275,920,211
00003642.jpg,196,47,427,276,921,207
00003643.jpg,197,47,428,276,924,203
00003644.jpg,197,47,428,276,924,203
00003645.jpg,198,49,429,278,924,203
00003646.jpg,200,50,431,279,926,200
00003647.jpg,202,51,433,280,926,197
00003648.jpg,202,52,433,281,926,197
00003649.jpg,203,53,434,282,926,197
00003650.jpg,204,53,435,282,926,197
00003651.jpg,205,53,436,282,922,190
00003652.jpg,205,53,436,282,921,188
00003653.jpg,205,54,436,283,923,188
00003654.jpg,204,53,435,282,924,188
00003655.jpg,203,53,434,282,926,188
00003656.jpg,202,53,433,282,924,182
00003657.jpg,201,52,432,281,924,182
00003658.jpg,200,51,431,280,924,182
00003659.jpg,199,50,430,279,924,174
00003660.jpg,199,50,430,279,924,174
00003661.jpg,199,50,430,279,923,171
00003662.jpg,199,51,430,280,923,171
00003663.jpg,200,51,431,280,923,171
00003664.jpg,200,52,431,281,923,171
00003665.jpg,200,52,431,281,923,168
00003666.jpg,200,53,431,282,923,168
00003667.jpg,200,52,431,281,924,168
00003668.jpg,200,51,431,280,924,168
00003669.jpg,198,50,429,279,924,168
00003670.jpg,195,47,426,276,920,171
00003671.jpg,191,44,422,273,-1,-1
00003672.jpg,188,40,419,269,-1,-1
00003673.jpg,187,37,418,266,-1,-1
00003674.jpg,186,38,417,267,-1,-1
00003675.jpg,183,39,414,268,-1,-1
00003676.jpg,184,41,415,270,-1,-1
00003677.jpg,184,43,415,272,-1,-1
00003678.jpg,185,45,416,274,-1,-1
00003679.jpg,185,47,416,276,-1,-1
00003680.jpg,185,46,416,275,-1,-1
00003681.jpg,186,45,417,274,-1,-1
00003682.jpg,185,42,416,271,-1,-1
00003683.jpg,185,41,416,270,-1,-1
00003684.jpg,185,39,416,268,-1,-1
00003685.jpg,185,33,416,262,-1,-1
00003686.jpg,185,37,416,266,-1,-1
00003687.jpg,185,35,416,264,-1,-1
00003688.jpg,185,37,416,266,-1,-1
00003689.jpg,185,38,416,267,-1,-1
00003690.jpg,186,41,417,270,-1,-1
00003691.jpg,188,43,419,272,973,188
00003692.jpg,190,45,421,274,973,188
00003693.jpg,191,46,422,275,972,185
00003694.jpg,192,47,423,276,973,188
00003695.jpg,192,47,423,276,978,190
00003696.jpg,191,46,422,275,980,192
00003697.jpg,189,45,420,274,986,196
00003698.jpg,187,44,418,273,983,197
00003699.jpg,187,43,418,272,981,200
00003700.jpg,187,43,418,272,981,200
00003701.jpg,187,44,418,273,980,200
00003702.jpg,189,45,420,274,980,200
00003703.jpg,190,46,421,275,980,200
00003704.jpg,191,48,422,277,980,200
00003705.jpg,192,49,423,278,980,200
00003706.jpg,193,50,424,279,980,200
00003707.jpg,193,50,424,279,980,200
00003708.jpg,193,50,424,279,980,200
00003709.jpg,192,49,423,278,980,200
00003710.jpg,191,48,422,277,980,200
00003711.jpg,190,48,421,277,980,200
00003712.jpg,189,47,420,276,980,200
00003713.jpg,189,47,420,276,980,200
00003714.jpg,189,47,420,276,979,200
00003715.jpg,189,47,420,276,976,200
00003716.jpg,189,48,420,277,976,200
00003717.jpg,189,48,420,277,975,200
00003718.jpg,189,48,420,277,974,200
00003719.jpg,190,49,421,278,965,194
00003720.jpg,189,49,420,278,964,192
00003721.jpg,189,48,420,277,964,189
00003722.jpg,188,48,419,277,964,185
00003723.jpg,188,48,419,277,964,185
00003724.jpg,188,47,419,276,964,185
00003725.jpg,188,47,419,276,964,181
00003726.jpg,187,47,418,276,966,178
00003727.jpg,187,47,418,276,966,178
00003728.jpg,187,47,418,276,967,177
00003729.jpg,187,47,418,276,967,177
00003730.jpg,187,47,418,276,967,177
00003731.jpg,187,46,418,275,967,177
00003732.jpg,192,43,423,272,967,177
00003733.jpg,192,43,423,272,967,177
00003734.jpg,187,46,418,275,967,177
00003735.jpg,187,46,418,275,967,177
00003736.jpg,187,46,418,275,967,177
00003737.jpg,192,43,423,272,967,177
00003738.jpg,192,43,423,272,967,177
00003739.jpg,188,45,419,274,967,177
00003740.jpg,188,45,419,274,960,176
00003741.jpg,187,46,418,275,963,175
00003742.jpg,187,46,418,275,960,175
00003743.jpg,187,46,418,275,958,174
00003744.jpg,187,46,418,275,958,176
00003745.jpg,187,46,418,275,956,176
00003746.jpg,187,46,418,275,956,178
00003747.jpg,187,46,418,275,951,181
00003748.jpg,187,46,418,275,949,183
00003749.jpg,187,46,418,275,945,189
00003750.jpg,186,46,417,275,943,192
00003751.jpg,190,43,421,272,939,194
00003752.jpg,190,42,421,271,939,194
00003753.jpg,190,42,421,271,939,194
00003754.jpg,190,41,421,270,939,194
00003755.jpg,189,41,420,270,939,194
00003756.jpg,189,40,420,269,939,194
00003757.jpg,188,40,419,269,940,191
00003758.jpg,188,39,419,268,940,189
00003759.jpg,188,39,419,268,941,189
00003760.jpg,188,38,419,267,941,188
00003761.jpg,187,38,418,267,944,184
00003762.jpg,187,38,418,267,945,181
00003763.jpg,187,37,418,266,945,181
00003764.jpg,187,37,418,266,944,186
00003765.jpg,186,37,417,266,943,187
00003766.jpg,186,37,417,266,941,190
00003767.jpg,186,37,417,266,940,189
00003768.jpg,186,37,417,266,938,182
00003769.jpg,186,38,417,267,939,181
00003770.jpg,186,38,417,267,940,179
00003771.jpg,187,37,418,266,944,178
00003772.jpg,187,37,418,266,944,177
00003773.jpg,188,37,419,266,944,177
00003774.jpg,188,37,419,266,939,179
00003775.jpg,189,37,420,266,939,179
00003776.jpg,189,37,420,266,936,181
00003777.jpg,189,37,420,266,934,184
00003778.jpg,190,37,421,266,933,182
00003779.jpg,190,37,421,266,933,184
00003780.jpg,190,37,421,266,931,186
00003781.jpg,190,37,421,266,925,187
00003782.jpg,189,38,420,267,923,189
00003783.jpg,189,38,420,267,916,187
00003784.jpg,190,38,421,267,913,184
00003785.jpg,189,39,420,268,919,179
00003786.jpg,189,39,420,268,922,177
00003787.jpg,189,39,420,268,926,173
00003788.jpg,189,39,420,268,927,173
00003789.jpg,189,38,420,267,929,173
00003790.jpg,189,38,420,267,922,172
00003791.jpg,189,37,420,266,-1,-1
00003792.jpg,189,37,420,266,-1,-1
00003793.jpg,189,36,420,265,-1,-1
00003794.jpg,188,34,419,263,-1,-1
00003795.jpg,185,32,416,261,-1,-1
00003796.jpg,181,31,412,260,-1,-1
00003797.jpg,177,30,408,259,-1,-1
00003798.jpg,171,36,402,265,-1,-1
00003799.jpg,169,36,400,265,-1,-1
00003800.jpg,173,33,404,262,-1,-1
00003801.jpg,175,33,406,262,-1,-1
00003802.jpg,176,34,407,263,-1,-1
00003803.jpg,175,35,406,264,-1,-1
00003804.jpg,172,34,403,263,-1,-1
00003805.jpg,171,32,402,261,-1,-1
00003806.jpg,173,32,404,261,-1,-1
00003807.jpg,173,32,404,261,-1,-1
