00033935.jpg,689,27,906,222,-1,-1
00033936.jpg,689,27,906,222,-1,-1
00033937.jpg,689,27,906,222,-1,-1
00033938.jpg,685,28,902,223,-1,-1
00033939.jpg,682,36,899,231,-1,-1
00033940.jpg,677,37,896,228,-1,-1
00033941.jpg,682,59,899,254,-1,-1
00033942.jpg,682,59,899,254,-1,-1
00033943.jpg,683,65,900,260,-1,-1
00033944.jpg,685,65,902,260,-1,-1
00033945.jpg,688,59,905,254,-1,-1
00033946.jpg,690,49,907,244,-1,-1
00033947.jpg,690,49,907,244,-1,-1
00033948.jpg,693,39,910,234,-1,-1
00033949.jpg,700,33,917,228,-1,-1
00033950.jpg,706,33,923,228,-1,-1
00033951.jpg,712,38,929,233,-1,-1
00033952.jpg,712,38,929,233,-1,-1
00033953.jpg,716,47,933,242,-1,-1
00033954.jpg,720,56,937,251,-1,-1
00033955.jpg,720,63,937,258,-1,-1
00033956.jpg,719,64,936,259,-1,-1
00033957.jpg,719,64,936,259,-1,-1
00033958.jpg,717,58,934,253,-1,-1
00033959.jpg,713,47,930,242,-1,-1
00033960.jpg,709,34,926,229,-1,-1
00033961.jpg,704,25,921,220,-1,-1
00033962.jpg,704,25,921,220,-1,-1
00033963.jpg,700,23,917,218,-1,-1
00033964.jpg,696,28,913,223,-1,-1
00033965.jpg,692,28,918,227,-1,-1
00033966.jpg,693,53,910,248,-1,-1
00033967.jpg,693,53,910,248,-1,-1
00033968.jpg,694,63,911,258,-1,-1
00033969.jpg,694,66,911,261,-1,-1
00033970.jpg,695,61,912,256,-1,-1
00033971.jpg,700,51,917,246,-1,-1
00033972.jpg,700,51,917,246,-1,-1
00033973.jpg,702,37,919,232,-1,-1
00033974.jpg,703,27,920,222,-1,-1
00033975.jpg,706,26,923,221,-1,-1
00033976.jpg,711,31,928,226,-1,-1
00033977.jpg,711,31,928,226,-1,-1
00033978.jpg,715,40,932,235,-1,-1
00033979.jpg,718,53,935,248,-1,-1
00033980.jpg,720,64,937,259,-1,-1
00033981.jpg,722,70,939,265,-1,-1
00033982.jpg,722,70,939,265,-1,-1
00033983.jpg,723,69,940,264,-1,-1
00033984.jpg,723,61,940,256,-1,-1
00033985.jpg,722,47,939,242,-1,-1
00033986.jpg,721,34,938,229,-1,-1
00033987.jpg,721,34,938,229,-1,-1
00033988.jpg,718,26,935,221,-1,-1
00033989.jpg,715,25,932,220,-1,-1
00033990.jpg,715,25,932,220,-1,-1
