00046177.jpg,495,41,645,196,-1,-1
00046178.jpg,494,41,647,196,-1,-1
00046179.jpg,494,41,647,196,-1,-1
00046180.jpg,494,41,647,196,-1,-1
00046181.jpg,495,41,648,196,-1,-1
00046182.jpg,496,41,649,196,-1,-1
00046183.jpg,496,42,649,197,-1,-1
00046184.jpg,496,42,649,197,-1,-1
00046185.jpg,496,43,649,198,-1,-1
00046186.jpg,496,44,649,199,-1,-1
00046187.jpg,494,45,647,200,-1,-1
00046188.jpg,493,45,646,200,-1,-1
00046189.jpg,491,42,649,208,-1,-1
00046190.jpg,488,46,641,201,-1,-1
00046191.jpg,485,46,638,201,-1,-1
00046192.jpg,482,46,635,201,-1,-1
00046193.jpg,480,47,633,202,-1,-1
00046194.jpg,477,49,630,204,-1,-1
00046195.jpg,474,50,627,205,-1,-1
00046196.jpg,471,53,624,208,-1,-1
00046197.jpg,468,56,621,211,-1,-1
00046198.jpg,466,60,619,215,-1,-1
00046199.jpg,464,64,617,219,-1,-1
00046200.jpg,462,67,615,222,-1,-1
00046201.jpg,459,70,612,225,-1,-1
00046202.jpg,456,74,609,229,-1,-1
00046203.jpg,453,78,606,233,-1,-1
00046204.jpg,448,79,601,234,-1,-1
00046205.jpg,444,83,597,238,-1,-1
00046206.jpg,440,88,593,243,-1,-1
00046207.jpg,434,91,587,246,-1,-1
00046208.jpg,446,80,599,241,-1,-1
00046209.jpg,446,80,599,241,-1,-1
00046210.jpg,442,84,595,245,-1,-1
00046211.jpg,439,87,592,248,-1,-1
00046212.jpg,437,89,590,250,-1,-1
00046213.jpg,433,91,586,252,-1,-1
00046214.jpg,432,95,585,256,-1,-1
00046215.jpg,428,95,581,256,-1,-1
00046216.jpg,415,100,568,237,-1,-1
00046217.jpg,412,109,565,265,-1,-1
00046218.jpg,412,109,565,265,-1,-1
00046219.jpg,411,110,564,266,-1,-1
00046220.jpg,410,112,563,268,-1,-1
00046221.jpg,410,113,563,269,-1,-1
00046222.jpg,410,114,563,270,-1,-1
00046223.jpg,411,115,564,271,-1,-1
00046224.jpg,412,115,565,271,-1,-1
00046225.jpg,412,115,565,271,-1,-1
00046226.jpg,412,114,565,270,-1,-1
00046227.jpg,413,115,566,271,-1,-1
00046228.jpg,413,114,566,270,-1,-1
00046229.jpg,411,111,564,267,-1,-1
00046230.jpg,411,110,564,266,-1,-1
00046231.jpg,411,110,564,266,-1,-1
00046232.jpg,411,110,564,266,-1,-1
00046233.jpg,412,110,565,266,-1,-1
00046234.jpg,412,110,565,266,-1,-1
00046235.jpg,412,110,565,266,-1,-1
00046236.jpg,412,109,565,265,-1,-1
00046237.jpg,412,109,565,265,-1,-1
00046238.jpg,413,109,566,265,-1,-1
00046239.jpg,413,109,566,265,-1,-1
00046240.jpg,413,109,566,265,-1,-1
00046241.jpg,414,109,567,265,-1,-1
00046242.jpg,414,109,567,265,-1,-1
00046243.jpg,416,109,569,265,-1,-1
00046244.jpg,417,109,570,265,-1,-1
00046245.jpg,417,109,570,265,-1,-1
00046246.jpg,418,109,571,265,-1,-1
00046247.jpg,418,109,571,265,-1,-1
00046248.jpg,418,108,571,264,-1,-1
00046249.jpg,418,106,571,262,-1,-1
00046250.jpg,418,105,571,261,-1,-1
00046251.jpg,419,105,572,261,-1,-1
00046252.jpg,420,104,573,260,-1,-1
00046253.jpg,420,103,573,259,-1,-1
00046254.jpg,421,103,574,259,-1,-1
00046255.jpg,422,104,575,260,-1,-1
00046256.jpg,422,104,575,260,-1,-1
00046257.jpg,422,105,575,261,-1,-1
00046258.jpg,422,106,575,262,-1,-1
00046259.jpg,422,108,575,264,-1,-1
00046260.jpg,421,108,574,264,-1,-1
00046261.jpg,421,109,574,265,-1,-1
00046262.jpg,421,109,574,265,-1,-1
00046263.jpg,421,110,574,266,-1,-1
00046264.jpg,420,110,573,266,-1,-1
00046265.jpg,420,111,573,267,-1,-1
00046266.jpg,419,111,572,267,-1,-1
00046267.jpg,418,111,571,267,-1,-1
00046268.jpg,416,111,569,267,-1,-1
00046269.jpg,415,111,568,267,-1,-1
00046270.jpg,413,110,566,266,-1,-1
00046271.jpg,412,110,565,266,-1,-1
00046272.jpg,413,110,566,266,-1,-1
00046273.jpg,413,110,566,266,-1,-1
00046274.jpg,413,110,566,266,-1,-1
00046275.jpg,414,110,567,266,-1,-1
00046276.jpg,416,110,569,266,-1,-1
00046277.jpg,416,109,569,265,-1,-1
00046278.jpg,417,108,570,264,-1,-1
00046279.jpg,418,107,571,263,-1,-1
00046280.jpg,418,104,571,260,-1,-1
00046281.jpg,423,109,576,265,-1,-1
00046282.jpg,425,109,578,265,-1,-1
00046283.jpg,421,97,570,253,-1,-1
00046284.jpg,421,97,570,253,-1,-1
00046285.jpg,421,96,570,252,-1,-1
00046286.jpg,419,95,568,251,-1,-1
00046287.jpg,416,95,565,251,-1,-1
00046288.jpg,415,95,564,251,-1,-1
00046289.jpg,417,96,566,252,-1,-1
00046290.jpg,420,97,569,253,-1,-1
00046291.jpg,418,96,567,252,-1,-1
00046292.jpg,432,99,581,255,268,137
00046293.jpg,430,99,579,255,268,137
00046294.jpg,428,98,577,254,268,137
00046295.jpg,423,79,573,238,268,137
00046296.jpg,423,79,573,238,268,139
00046297.jpg,424,79,574,238,266,139
00046298.jpg,425,79,575,238,267,138
00046299.jpg,425,79,575,238,267,138
00046300.jpg,426,79,576,238,267,138
00046301.jpg,428,80,578,239,267,138
00046302.jpg,429,80,579,239,267,138
00046303.jpg,429,80,579,239,267,138
00046304.jpg,429,80,579,239,267,138
00046305.jpg,430,80,580,239,267,138
00046306.jpg,431,80,581,239,267,138
00046307.jpg,434,81,584,240,267,138
00046308.jpg,437,82,587,241,267,138
00046309.jpg,437,82,587,241,-1,-1
00046310.jpg,446,82,590,229,-1,-1
00046311.jpg,446,82,590,229,-1,-1
00046312.jpg,449,82,593,229,-1,-1
00046313.jpg,451,82,595,229,-1,-1
00046314.jpg,454,82,598,229,-1,-1
00046315.jpg,456,83,600,230,-1,-1
00046316.jpg,458,83,602,230,-1,-1
00046317.jpg,459,83,603,230,-1,-1
00046318.jpg,460,87,602,230,-1,-1
00046319.jpg,460,87,602,230,-1,-1
00046320.jpg,461,87,603,230,-1,-1
00046321.jpg,462,87,604,230,-1,-1
00046322.jpg,462,87,604,230,-1,-1
00046323.jpg,462,87,604,230,-1,-1
00046324.jpg,462,87,604,230,-1,-1
00046325.jpg,463,87,605,230,-1,-1
00046326.jpg,464,87,606,230,-1,-1
00046327.jpg,464,87,606,230,-1,-1
00046328.jpg,464,87,606,230,-1,-1
00046329.jpg,464,87,606,230,-1,-1
00046330.jpg,464,87,606,230,-1,-1
00046331.jpg,464,87,606,230,-1,-1
00046332.jpg,464,87,606,230,-1,-1
00046333.jpg,464,87,606,230,-1,-1
00046334.jpg,464,87,606,230,-1,-1
00046335.jpg,464,87,606,230,-1,-1
00046336.jpg,464,87,606,230,-1,-1
00046337.jpg,464,87,606,230,-1,-1
00046338.jpg,464,87,606,230,-1,-1
00046339.jpg,464,87,606,230,-1,-1
00046340.jpg,465,86,607,229,-1,-1
00046341.jpg,465,87,607,230,-1,-1
00046342.jpg,465,86,607,229,-1,-1
00046343.jpg,465,86,607,229,-1,-1
00046344.jpg,465,86,607,229,-1,-1
00046345.jpg,465,86,607,229,-1,-1
00046346.jpg,464,86,606,229,-1,-1
00046347.jpg,464,86,606,229,-1,-1
00046348.jpg,464,86,606,229,-1,-1
00046349.jpg,464,86,606,229,-1,-1
00046350.jpg,464,86,606,229,-1,-1
00046351.jpg,464,87,606,230,-1,-1
00046352.jpg,464,87,606,230,-1,-1
00046353.jpg,464,87,606,230,-1,-1
00046354.jpg,464,87,606,230,-1,-1
00046355.jpg,463,87,605,230,-1,-1
00046356.jpg,462,87,604,230,-1,-1
00046357.jpg,455,94,600,242,-1,-1
00046358.jpg,455,94,600,242,-1,-1
00046359.jpg,451,97,596,245,-1,-1
00046360.jpg,451,96,590,242,-1,-1
00046361.jpg,441,99,586,247,-1,-1
00046362.jpg,439,94,595,253,-1,-1
00046363.jpg,439,94,595,253,-1,-1
00046364.jpg,437,95,593,254,-1,-1
00046365.jpg,434,98,590,257,-1,-1
00046366.jpg,429,100,585,259,-1,-1
00046367.jpg,420,105,565,260,-1,-1
00046368.jpg,420,105,565,260,-1,-1
00046369.jpg,418,106,563,261,-1,-1
00046370.jpg,416,108,561,263,-1,-1
00046371.jpg,414,109,559,264,-1,-1
00046372.jpg,412,110,557,265,-1,-1
00046373.jpg,410,111,555,266,-1,-1
00046374.jpg,410,111,555,266,-1,-1
00046375.jpg,409,110,554,265,-1,-1
00046376.jpg,411,109,556,264,-1,-1
00046377.jpg,400,117,553,267,-1,-1
00046378.jpg,400,117,553,267,-1,-1
00046379.jpg,397,117,550,267,-1,-1
00046380.jpg,394,117,547,267,-1,-1
00046381.jpg,392,116,545,266,-1,-1
00046382.jpg,393,116,546,266,-1,-1
00046383.jpg,395,115,548,265,-1,-1
00046384.jpg,399,117,552,267,-1,-1
00046385.jpg,401,116,554,266,-1,-1
00046386.jpg,401,111,554,261,-1,-1
00046387.jpg,401,110,554,260,-1,-1
00046388.jpg,402,110,555,260,-1,-1
00046389.jpg,404,109,557,259,-1,-1
00046390.jpg,417,104,570,254,-1,-1
00046391.jpg,421,101,574,251,-1,-1
00046392.jpg,424,98,577,248,-1,-1
00046393.jpg,421,87,568,240,-1,-1
00046394.jpg,421,87,568,240,-1,-1
00046395.jpg,433,78,583,227,-1,-1
00046396.jpg,437,79,587,228,-1,-1
00046397.jpg,441,79,591,228,-1,-1
00046398.jpg,444,79,594,228,-1,-1
00046399.jpg,445,79,595,228,-1,-1
00046400.jpg,457,75,616,235,-1,-1
00046401.jpg,457,75,616,235,-1,-1
00046402.jpg,458,75,617,235,-1,-1
00046403.jpg,458,75,617,235,-1,-1
00046404.jpg,458,75,617,235,-1,-1
00046405.jpg,457,75,616,235,-1,-1
00046406.jpg,455,75,614,235,-1,-1
00046407.jpg,453,75,612,235,-1,-1
00046408.jpg,451,75,610,235,-1,-1
00046409.jpg,449,75,608,235,-1,-1
00046410.jpg,449,75,608,235,-1,-1
00046411.jpg,448,75,607,235,-1,-1
00046412.jpg,447,75,606,235,-1,-1
00046413.jpg,446,74,605,234,-1,-1
00046414.jpg,446,74,605,234,-1,-1
00046415.jpg,446,74,605,234,-1,-1
00046416.jpg,446,74,605,234,-1,-1
00046417.jpg,446,74,605,234,-1,-1
00046418.jpg,446,74,605,234,-1,-1
00046419.jpg,447,74,606,234,-1,-1
00046420.jpg,447,74,606,234,-1,-1
00046421.jpg,448,74,607,234,-1,-1
00046422.jpg,447,74,606,234,-1,-1
00046423.jpg,447,74,606,234,-1,-1
00046424.jpg,445,74,604,234,-1,-1
00046425.jpg,443,74,602,234,-1,-1
00046426.jpg,441,74,600,234,-1,-1
00046427.jpg,436,73,595,233,-1,-1
00046428.jpg,433,83,579,237,-1,-1
00046429.jpg,433,83,579,237,-1,-1
00046430.jpg,431,83,577,237,-1,-1
00046431.jpg,431,83,577,237,-1,-1
00046432.jpg,430,83,576,237,-1,-1
00046433.jpg,430,85,576,239,-1,-1
00046434.jpg,430,89,577,240,-1,-1
00046435.jpg,430,89,577,240,-1,-1
00046436.jpg,429,89,576,240,-1,-1
00046437.jpg,429,90,576,241,-1,-1
00046438.jpg,428,99,572,247,-1,-1
00046439.jpg,428,99,572,247,-1,-1
00046440.jpg,428,99,572,247,-1,-1
00046441.jpg,429,99,573,247,-1,-1
00046442.jpg,429,99,573,247,-1,-1
00046443.jpg,429,99,573,247,-1,-1
00046444.jpg,430,100,574,248,-1,-1
00046445.jpg,431,100,575,248,-1,-1
00046446.jpg,431,100,575,248,-1,-1
00046447.jpg,432,101,576,249,-1,-1
00046448.jpg,432,101,576,249,-1,-1
00046449.jpg,433,101,577,249,-1,-1
00046450.jpg,434,101,578,249,-1,-1
00046451.jpg,435,101,579,249,-1,-1
00046452.jpg,436,101,580,249,-1,-1
00046453.jpg,436,100,580,248,-1,-1
00046454.jpg,437,101,581,249,-1,-1
00046455.jpg,437,100,581,248,-1,-1
00046456.jpg,440,103,584,251,-1,-1
00046457.jpg,443,106,587,254,-1,-1
00046458.jpg,444,107,588,255,-1,-1
00046459.jpg,444,107,588,255,-1,-1
00046460.jpg,444,108,588,256,-1,-1
00046461.jpg,443,108,587,256,-1,-1
00046462.jpg,442,109,586,257,-1,-1
00046463.jpg,440,109,584,257,-1,-1
00046464.jpg,438,108,582,256,-1,-1
00046465.jpg,437,108,581,256,-1,-1
00046466.jpg,435,108,579,256,-1,-1
00046467.jpg,433,106,577,254,-1,-1
00046468.jpg,433,105,577,253,-1,-1
00046469.jpg,433,104,577,252,-1,-1
00046470.jpg,433,102,577,250,-1,-1
00046471.jpg,433,100,577,248,-1,-1
00046472.jpg,434,100,578,248,-1,-1
00046473.jpg,435,100,579,248,-1,-1
00046474.jpg,435,100,579,248,-1,-1
00046475.jpg,435,101,579,249,-1,-1
00046476.jpg,433,100,577,248,-1,-1
00046477.jpg,431,100,575,248,-1,-1
00046478.jpg,431,100,575,248,-1,-1
00046479.jpg,431,100,575,248,-1,-1
00046480.jpg,432,100,576,248,-1,-1
00046481.jpg,433,99,577,247,-1,-1
00046482.jpg,434,99,578,247,-1,-1
00046483.jpg,435,98,579,246,-1,-1
00046484.jpg,434,98,578,246,-1,-1
00046485.jpg,431,98,575,246,-1,-1
00046486.jpg,432,106,576,254,-1,-1
00046487.jpg,422,92,561,228,-1,-1
00046488.jpg,422,92,561,228,-1,-1
00046489.jpg,420,94,559,230,-1,-1
00046490.jpg,417,94,556,230,-1,-1
00046491.jpg,416,95,555,231,-1,-1
00046492.jpg,415,96,554,232,-1,-1
00046493.jpg,413,96,552,232,-1,-1
00046494.jpg,412,97,551,233,-1,-1
00046495.jpg,411,98,550,234,-1,-1
00046496.jpg,410,98,549,234,-1,-1
00046497.jpg,411,99,550,235,-1,-1
00046498.jpg,411,99,550,235,-1,-1
00046499.jpg,412,100,551,236,-1,-1
00046500.jpg,413,100,552,236,-1,-1
00046501.jpg,413,99,552,235,-1,-1
00046502.jpg,414,99,553,235,-1,-1
00046503.jpg,415,99,554,235,-1,-1
00046504.jpg,416,98,555,234,-1,-1
00046505.jpg,416,98,555,234,-1,-1
00046506.jpg,417,98,556,234,-1,-1
00046507.jpg,418,97,557,233,-1,-1
00046508.jpg,419,97,558,233,-1,-1
00046509.jpg,419,96,558,232,-1,-1
00046510.jpg,420,96,559,232,-1,-1
00046511.jpg,420,97,551,228,-1,-1
00046512.jpg,426,100,564,251,-1,-1
00046513.jpg,425,99,563,250,-1,-1
00046514.jpg,425,97,563,248,-1,-1
00046515.jpg,424,96,562,247,-1,-1
00046516.jpg,423,96,561,247,-1,-1
00046517.jpg,424,94,562,245,-1,-1
00046518.jpg,424,93,562,244,-1,-1
00046519.jpg,424,93,562,244,-1,-1
00046520.jpg,424,91,562,242,-1,-1
00046521.jpg,425,90,563,241,-1,-1
00046522.jpg,425,89,563,240,-1,-1
00046523.jpg,425,88,563,239,-1,-1
00046524.jpg,425,88,563,239,-1,-1
00046525.jpg,425,87,563,238,-1,-1
00046526.jpg,425,87,563,238,-1,-1
00046527.jpg,425,86,563,237,-1,-1
00046528.jpg,425,86,563,237,-1,-1
00046529.jpg,424,86,562,237,-1,-1
00046530.jpg,424,85,562,236,-1,-1
00046531.jpg,425,85,563,236,-1,-1
00046532.jpg,430,90,568,241,-1,-1
00046533.jpg,430,89,568,240,-1,-1
00046534.jpg,429,90,567,241,-1,-1
00046535.jpg,429,92,567,243,-1,-1
00046536.jpg,430,92,568,243,-1,-1
00046537.jpg,431,93,569,244,-1,-1
00046538.jpg,430,93,568,244,-1,-1
00046539.jpg,441,84,578,229,-1,-1
00046540.jpg,441,84,578,229,-1,-1
00046541.jpg,442,83,579,228,-1,-1
00046542.jpg,444,81,581,226,-1,-1
00046543.jpg,446,79,583,224,-1,-1
00046544.jpg,447,77,584,222,-1,-1
00046545.jpg,451,72,588,217,-1,-1
00046546.jpg,453,70,590,215,-1,-1
00046547.jpg,456,66,593,211,-1,-1
00046548.jpg,459,64,596,209,-1,-1
00046549.jpg,450,77,588,227,-1,-1
00046550.jpg,450,77,588,227,-1,-1
00046551.jpg,451,76,589,226,-1,-1
00046552.jpg,454,73,592,223,-1,-1
00046553.jpg,458,70,596,220,-1,-1
00046554.jpg,462,68,600,218,-1,-1
00046555.jpg,467,64,605,214,-1,-1
00046556.jpg,470,61,608,211,-1,-1
00046557.jpg,475,57,613,207,-1,-1
00046558.jpg,480,54,618,204,-1,-1
00046559.jpg,486,51,624,201,-1,-1
00046560.jpg,490,48,628,198,-1,-1
00046561.jpg,496,45,634,195,-1,-1
00046562.jpg,496,45,634,195,-1,-1
