00004457.jpg,555,64,888,407,1207,285
00004458.jpg,555,64,888,407,1204,285
00004459.jpg,555,64,888,407,1204,284
00004460.jpg,555,64,888,407,1204,284
00004461.jpg,555,61,888,404,1200,284
00004462.jpg,555,59,888,402,1198,283
00004463.jpg,555,58,888,401,1198,283
00004464.jpg,556,58,889,401,1198,283
00004465.jpg,556,56,889,399,1196,283
00004466.jpg,556,55,889,398,1193,285
00004467.jpg,556,54,889,397,1189,285
00004468.jpg,557,53,890,396,1184,283
00004469.jpg,557,53,890,396,1183,283
00004470.jpg,557,53,890,396,1182,282
00004471.jpg,558,52,891,395,1180,279
00004472.jpg,559,52,892,395,1176,277
00004473.jpg,559,52,892,395,1172,275
00004474.jpg,559,54,892,397,1171,275
00004475.jpg,559,54,892,397,1164,272
00004476.jpg,560,55,893,398,1161,271
00004477.jpg,561,57,894,400,1161,271
00004478.jpg,563,58,896,401,1155,271
00004479.jpg,566,60,899,403,1152,271
00004480.jpg,567,60,900,403,1148,270
00004481.jpg,571,61,904,404,1140,267
00004482.jpg,575,63,908,406,1136,266
00004483.jpg,576,63,909,406,1134,266
00004484.jpg,581,64,914,407,1132,267
00004485.jpg,586,65,919,408,1127,269
00004486.jpg,586,65,919,408,1128,266
00004487.jpg,587,65,920,408,1125,267
00004488.jpg,588,66,921,409,-1,-1
00004489.jpg,587,66,920,409,-1,-1
00004490.jpg,585,65,918,408,-1,-1
00004491.jpg,585,65,918,408,-1,-1
00004492.jpg,582,65,915,408,-1,-1
00004493.jpg,582,65,915,408,-1,-1
00004494.jpg,579,65,912,408,-1,-1
00004495.jpg,575,64,908,407,-1,-1
00004496.jpg,571,63,904,406,-1,-1
00004497.jpg,571,63,904,406,-1,-1
00004498.jpg,568,62,901,405,-1,-1
00004499.jpg,565,61,898,404,-1,-1
00004500.jpg,563,59,896,402,-1,-1
00004501.jpg,562,58,895,401,-1,-1
00004502.jpg,562,58,895,401,-1,-1
00004503.jpg,562,58,895,401,-1,-1
00004504.jpg,560,57,893,400,-1,-1
00004505.jpg,559,57,892,400,-1,-1
00004506.jpg,558,57,891,400,-1,-1
00004507.jpg,558,56,891,399,-1,-1
00004508.jpg,558,56,891,399,-1,-1
00004509.jpg,558,56,891,399,-1,-1
00004510.jpg,558,56,891,399,-1,-1
00004511.jpg,557,56,890,399,-1,-1
00004512.jpg,557,56,890,399,-1,-1
00004513.jpg,558,57,891,400,-1,-1
00004514.jpg,558,57,891,400,-1,-1
00004515.jpg,557,57,890,400,-1,-1
00004516.jpg,557,57,890,400,-1,-1
00004517.jpg,557,58,890,401,-1,-1
00004518.jpg,557,58,890,401,-1,-1
00004519.jpg,558,59,891,402,-1,-1
00004520.jpg,557,59,890,402,-1,-1
00004521.jpg,558,60,891,403,-1,-1
00004522.jpg,558,61,891,404,-1,-1
00004523.jpg,558,61,891,404,-1,-1
00004524.jpg,558,61,891,404,-1,-1
00004525.jpg,558,61,891,404,-1,-1
00004526.jpg,559,63,892,406,-1,-1
00004527.jpg,559,63,892,406,-1,-1
00004528.jpg,560,63,893,406,-1,-1
00004529.jpg,560,64,893,407,-1,-1
00004530.jpg,561,64,894,407,-1,-1
00004531.jpg,561,63,894,406,-1,-1
00004532.jpg,561,63,894,406,-1,-1
00004533.jpg,561,63,894,406,-1,-1
00004534.jpg,562,63,895,406,-1,-1
00004535.jpg,562,63,895,406,-1,-1
00004536.jpg,562,63,895,406,-1,-1
00004537.jpg,564,62,897,405,-1,-1
00004538.jpg,565,61,898,404,-1,-1
00004539.jpg,566,60,899,403,-1,-1
00004540.jpg,566,59,899,402,-1,-1
00004541.jpg,566,59,899,402,-1,-1
00004542.jpg,564,60,897,403,-1,-1
00004543.jpg,564,60,897,403,-1,-1
00004544.jpg,563,63,896,406,-1,-1
00004545.jpg,563,66,896,409,-1,-1
00004546.jpg,562,66,895,409,-1,-1
00004547.jpg,562,66,895,409,-1,-1
00004548.jpg,560,67,893,410,-1,-1
00004549.jpg,559,67,892,410,-1,-1
00004550.jpg,557,69,890,412,-1,-1
00004551.jpg,557,71,890,414,-1,-1
00004552.jpg,557,71,890,414,-1,-1
00004553.jpg,557,71,890,414,-1,-1
00004554.jpg,556,72,889,415,-1,-1
00004555.jpg,555,72,888,415,1114,287
00004556.jpg,555,72,888,415,1114,287
