00010525.jpg,405,84,524,201,-1,-1
00010526.jpg,405,84,524,201,-1,-1
00010527.jpg,405,84,524,201,-1,-1
00010528.jpg,405,84,524,201,-1,-1
00010529.jpg,406,83,525,200,-1,-1
00010530.jpg,407,83,526,200,-1,-1
00010531.jpg,408,83,527,200,-1,-1
00010532.jpg,409,83,528,200,-1,-1
00010533.jpg,409,83,528,200,-1,-1
00010534.jpg,409,83,528,200,-1,-1
00010535.jpg,409,84,528,201,-1,-1
00010536.jpg,406,84,525,201,-1,-1
00010537.jpg,406,85,525,202,-1,-1
00010538.jpg,405,85,524,202,-1,-1
00010539.jpg,405,85,524,202,-1,-1
00010540.jpg,405,85,524,202,-1,-1
00010541.jpg,405,85,524,202,-1,-1
00010542.jpg,405,85,524,202,-1,-1
00010543.jpg,405,85,524,202,-1,-1
00010544.jpg,405,85,524,202,-1,-1
00010545.jpg,405,85,524,202,-1,-1
00010546.jpg,405,86,524,203,-1,-1
00010547.jpg,405,86,524,203,-1,-1
00010548.jpg,406,86,525,203,-1,-1
00010549.jpg,415,92,534,209,-1,-1
00010550.jpg,416,91,535,208,-1,-1
00010551.jpg,416,94,535,211,-1,-1
00010552.jpg,417,91,536,208,-1,-1
00010553.jpg,417,91,536,208,-1,-1
00010554.jpg,417,90,536,207,-1,-1
00010555.jpg,417,90,536,207,-1,-1
00010556.jpg,417,90,536,207,-1,-1
00010557.jpg,417,90,536,207,-1,-1
00010558.jpg,416,89,535,206,-1,-1
00010559.jpg,416,88,535,205,-1,-1
00010560.jpg,416,88,535,205,-1,-1
00010561.jpg,415,88,534,205,-1,-1
00010562.jpg,413,87,532,204,-1,-1
00010563.jpg,411,86,530,203,-1,-1
00010564.jpg,406,85,525,202,-1,-1
00010565.jpg,406,85,525,202,-1,-1
00010566.jpg,406,85,525,202,-1,-1
00010567.jpg,406,85,525,202,-1,-1
00010568.jpg,406,84,525,201,-1,-1
00010569.jpg,406,84,525,201,-1,-1
00010570.jpg,408,84,527,201,-1,-1
00010571.jpg,413,86,532,203,-1,-1
00010572.jpg,414,86,533,203,-1,-1
00010573.jpg,415,87,534,204,-1,-1
00010574.jpg,416,87,535,204,-1,-1
00010575.jpg,417,87,536,204,-1,-1
00010576.jpg,417,87,536,204,-1,-1
00010577.jpg,417,87,536,204,-1,-1
00010578.jpg,417,87,536,204,-1,-1
00010579.jpg,416,87,535,204,-1,-1
00010580.jpg,415,90,534,207,-1,-1
00010581.jpg,414,92,533,209,-1,-1
00010582.jpg,413,94,532,211,-1,-1
00010583.jpg,412,94,531,211,-1,-1
00010584.jpg,412,94,531,211,563,232
00010585.jpg,411,94,530,211,565,232
00010586.jpg,410,95,529,212,565,230
00010587.jpg,409,95,528,212,565,230
00010588.jpg,409,97,528,214,565,230
00010589.jpg,408,95,527,212,565,230
00010590.jpg,408,96,527,213,565,230
00010591.jpg,408,96,527,213,565,230
00010592.jpg,408,96,527,213,565,230
00010593.jpg,408,96,527,213,565,230
00010594.jpg,409,96,528,213,565,230
00010595.jpg,410,100,529,217,567,229
00010596.jpg,410,99,529,216,-1,-1
00010597.jpg,410,98,529,215,-1,-1
00010598.jpg,410,95,529,212,-1,-1
00010599.jpg,409,92,528,209,-1,-1
00010600.jpg,408,88,527,205,-1,-1
00010601.jpg,406,85,525,202,-1,-1
00010602.jpg,406,85,525,202,-1,-1
00010603.jpg,406,85,525,202,-1,-1
00010604.jpg,416,91,535,208,-1,-1
00010605.jpg,416,91,535,208,-1,-1
00010606.jpg,416,90,535,207,-1,-1
00010607.jpg,416,90,535,207,-1,-1
00010608.jpg,416,90,535,207,-1,-1
00010609.jpg,416,90,535,207,-1,-1
00010610.jpg,416,90,535,207,-1,-1
00010611.jpg,417,90,536,207,-1,-1
00010612.jpg,417,91,536,208,-1,-1
00010613.jpg,417,91,536,208,-1,-1
00010614.jpg,416,91,535,208,-1,-1
00010615.jpg,416,91,535,208,-1,-1
00010616.jpg,416,90,535,207,-1,-1
00010617.jpg,415,90,534,207,-1,-1
00010618.jpg,415,90,534,207,-1,-1
00010619.jpg,415,90,534,207,-1,-1
00010620.jpg,415,90,534,207,-1,-1
00010621.jpg,415,90,534,207,-1,-1
00010622.jpg,415,90,534,207,-1,-1
