00010525.jpg,504,164,613,279,-1,-1
00010526.jpg,504,164,613,279,-1,-1
00010527.jpg,504,164,613,279,-1,-1
00010528.jpg,504,164,613,279,-1,-1
00010529.jpg,504,164,613,279,-1,-1
00010530.jpg,504,165,613,280,-1,-1
00010531.jpg,504,166,613,281,-1,-1
00010532.jpg,505,166,614,281,-1,-1
00010533.jpg,504,167,613,282,-1,-1
00010534.jpg,504,166,613,281,-1,-1
00010535.jpg,504,166,613,281,-1,-1
00010536.jpg,504,165,613,280,-1,-1
00010537.jpg,504,166,613,281,-1,-1
00010538.jpg,504,166,613,281,-1,-1
00010539.jpg,504,167,613,282,-1,-1
00010540.jpg,505,167,614,282,-1,-1
00010541.jpg,506,167,615,282,-1,-1
00010542.jpg,507,167,616,282,-1,-1
00010543.jpg,507,167,616,282,-1,-1
00010544.jpg,508,167,617,282,-1,-1
00010545.jpg,509,167,618,282,-1,-1
00010546.jpg,511,167,620,282,-1,-1
00010547.jpg,512,167,621,282,-1,-1
00010548.jpg,513,167,622,282,-1,-1
00010549.jpg,514,168,623,283,-1,-1
00010550.jpg,516,167,625,282,-1,-1
00010551.jpg,516,167,625,282,-1,-1
00010552.jpg,516,167,625,282,-1,-1
00010553.jpg,516,166,625,281,-1,-1
00010554.jpg,516,165,625,280,-1,-1
00010555.jpg,516,165,625,280,-1,-1
00010556.jpg,515,165,624,280,-1,-1
00010557.jpg,515,164,624,279,-1,-1
00010558.jpg,514,165,623,280,-1,-1
00010559.jpg,513,165,622,280,-1,-1
00010560.jpg,512,165,621,280,-1,-1
00010561.jpg,511,165,620,280,-1,-1
00010562.jpg,510,164,619,279,-1,-1
00010563.jpg,509,164,618,279,-1,-1
00010564.jpg,508,163,617,278,-1,-1
00010565.jpg,507,162,616,277,-1,-1
00010566.jpg,507,162,616,277,-1,-1
00010567.jpg,505,163,614,278,-1,-1
00010568.jpg,508,162,617,277,-1,-1
00010569.jpg,510,161,619,276,-1,-1
00010570.jpg,511,161,620,276,-1,-1
00010571.jpg,512,161,621,276,-1,-1
00010572.jpg,513,161,622,276,-1,-1
00010573.jpg,514,161,623,276,-1,-1
00010574.jpg,515,162,624,277,-1,-1
00010575.jpg,518,161,627,276,-1,-1
00010576.jpg,520,163,629,278,-1,-1
00010577.jpg,524,165,633,280,472,263
00010578.jpg,524,167,633,282,472,263
00010579.jpg,528,167,637,282,472,263
00010580.jpg,529,170,638,285,472,263
00010581.jpg,529,171,638,286,472,263
00010582.jpg,529,172,638,287,472,263
00010583.jpg,529,172,638,287,472,263
00010584.jpg,529,172,638,287,472,263
00010585.jpg,529,172,638,287,472,263
00010586.jpg,529,172,638,287,472,263
00010587.jpg,528,172,637,287,472,263
00010588.jpg,528,173,637,288,472,263
00010589.jpg,528,173,637,288,472,263
00010590.jpg,528,172,637,287,472,263
00010591.jpg,528,173,637,288,472,263
00010592.jpg,528,173,637,288,472,263
00010593.jpg,529,173,638,288,472,263
00010594.jpg,528,173,637,288,472,263
00010595.jpg,528,173,637,288,-1,-1
00010596.jpg,528,174,637,289,-1,-1
00010597.jpg,527,175,636,290,-1,-1
00010598.jpg,525,175,634,290,-1,-1
00010599.jpg,524,175,633,290,-1,-1
00010600.jpg,523,173,632,288,-1,-1
00010601.jpg,521,172,630,287,-1,-1
00010602.jpg,520,171,629,286,-1,-1
00010603.jpg,518,170,627,285,-1,-1
00010604.jpg,515,170,624,285,-1,-1
00010605.jpg,515,167,624,282,-1,-1
00010606.jpg,515,166,624,281,-1,-1
00010607.jpg,513,167,622,282,-1,-1
00010608.jpg,513,167,622,282,-1,-1
00010609.jpg,513,167,622,282,-1,-1
00010610.jpg,513,167,622,282,-1,-1
00010611.jpg,513,167,622,282,-1,-1
00010612.jpg,513,167,622,282,-1,-1
00010613.jpg,513,167,622,282,-1,-1
00010614.jpg,512,167,621,282,-1,-1
00010615.jpg,512,167,621,282,-1,-1
00010616.jpg,509,168,618,283,-1,-1
00010617.jpg,509,167,618,282,-1,-1
00010618.jpg,509,167,618,282,-1,-1
00010619.jpg,508,167,617,282,-1,-1
00010620.jpg,508,167,617,282,-1,-1
00010621.jpg,508,167,617,282,-1,-1
00010622.jpg,508,167,617,282,-1,-1
