00271984.jpg,992,83,1251,361,814,324
00271985.jpg,992,83,1251,361,814,324
00271986.jpg,992,83,1251,361,814,324
00271987.jpg,992,83,1251,361,814,324
00271988.jpg,991,83,1250,361,810,324
00271989.jpg,989,83,1248,361,811,323
00271990.jpg,988,83,1247,361,808,324
00271991.jpg,986,84,1245,362,807,323
00271992.jpg,986,84,1245,362,808,321
00271993.jpg,985,84,1244,362,806,321
00271994.jpg,985,85,1244,363,805,323
00271995.jpg,985,85,1244,363,805,323
00271996.jpg,985,85,1244,363,803,321
00271997.jpg,985,85,1244,363,800,320
00271998.jpg,985,85,1244,363,800,320
00271999.jpg,985,85,1244,363,800,320
00272000.jpg,985,85,1244,363,800,320
00272001.jpg,984,85,1243,363,800,320
00272002.jpg,984,85,1243,363,800,320
00272003.jpg,983,86,1242,364,800,320
00272004.jpg,983,86,1242,364,800,321
00272005.jpg,982,86,1241,364,800,321
00272006.jpg,981,86,1240,364,800,325
00272007.jpg,981,86,1240,364,800,325
00272008.jpg,980,86,1239,364,800,325
00272009.jpg,980,86,1239,364,800,325
00272010.jpg,979,86,1238,364,800,325
00272011.jpg,979,86,1238,364,800,325
00272012.jpg,980,86,1239,364,800,325
00272013.jpg,980,86,1239,364,800,325
00272014.jpg,980,86,1239,364,800,325
00272015.jpg,980,86,1239,364,800,325
00272016.jpg,980,86,1239,364,800,325
00272017.jpg,980,86,1239,364,801,325
00272018.jpg,980,86,1239,364,804,325
00272019.jpg,981,86,1240,364,804,325
00272020.jpg,981,86,1240,364,801,329
00272021.jpg,981,86,1240,364,801,328
00272022.jpg,981,86,1240,364,805,329
00272023.jpg,981,87,1240,365,805,334
00272024.jpg,981,87,1240,365,810,335
00272025.jpg,981,87,1240,365,814,335
00272026.jpg,981,87,1240,365,815,338
00272027.jpg,981,87,1240,365,818,336
00272028.jpg,981,87,1240,365,818,336
00272029.jpg,981,87,1240,365,815,336
00272030.jpg,981,87,1240,365,815,334
00272031.jpg,980,87,1239,365,814,334
00272032.jpg,980,87,1239,365,813,334
00272033.jpg,980,87,1239,365,813,334
00272034.jpg,979,87,1238,365,813,334
00272035.jpg,979,87,1238,365,813,334
00272036.jpg,979,87,1238,365,813,334
00272037.jpg,979,87,1238,365,813,334
00272038.jpg,979,87,1238,365,811,333
00272039.jpg,979,87,1238,365,811,333
00272040.jpg,979,87,1238,365,811,333
00272041.jpg,979,87,1238,365,811,333
00272042.jpg,979,87,1238,365,810,333
00272043.jpg,979,87,1238,365,809,333
00272044.jpg,979,87,1238,365,808,333
00272045.jpg,979,87,1238,365,808,333
00272046.jpg,979,87,1238,365,806,334
00272047.jpg,979,87,1238,365,806,336
00272048.jpg,979,88,1238,366,806,338
00272049.jpg,979,88,1238,366,806,339
00272050.jpg,979,88,1238,366,808,340
00272051.jpg,979,88,1238,366,808,340
00272052.jpg,979,88,1238,366,809,339
00272053.jpg,979,87,1238,365,809,339
00272054.jpg,978,88,1237,366,810,339
00272055.jpg,978,88,1237,366,810,339
00272056.jpg,978,88,1237,366,810,339
00272057.jpg,978,87,1237,365,809,339
00272058.jpg,978,88,1237,366,809,339
00272059.jpg,977,88,1236,366,809,339
00272060.jpg,977,88,1236,366,809,339
00272061.jpg,977,88,1236,366,805,338
00272062.jpg,976,88,1235,366,804,335
00272063.jpg,976,88,1235,366,805,338
00272064.jpg,976,88,1235,366,805,338
00272065.jpg,975,88,1234,366,805,338
00272066.jpg,975,88,1234,366,805,338
00272067.jpg,974,88,1233,366,804,338
00272068.jpg,974,88,1233,366,801,340
00272069.jpg,973,88,1232,366,799,343
00272070.jpg,973,88,1232,366,795,345
00272071.jpg,973,88,1232,366,795,343
00272072.jpg,973,88,1232,366,795,343
00272073.jpg,973,88,1232,366,795,343
00272074.jpg,973,88,1232,366,794,343
00272075.jpg,973,88,1232,366,791,343
00272076.jpg,972,88,1231,366,790,343
00272077.jpg,972,88,1231,366,788,338
00272078.jpg,972,88,1231,366,790,336
00272079.jpg,972,88,1231,366,788,338
00272080.jpg,971,89,1230,367,788,334
00272081.jpg,972,88,1231,366,788,331
00272082.jpg,971,89,1230,367,786,331
00272083.jpg,971,89,1230,367,786,331
00272084.jpg,971,89,1230,367,786,326
00272085.jpg,971,89,1230,367,786,325
00272086.jpg,971,89,1230,367,786,325
00272087.jpg,971,89,1230,367,786,325
00272088.jpg,971,89,1230,367,786,325
00272089.jpg,971,89,1230,367,786,325
00272090.jpg,971,89,1230,367,786,326
00272091.jpg,971,89,1230,367,786,326
00272092.jpg,970,90,1229,368,791,326
00272093.jpg,970,90,1229,368,792,327
00272094.jpg,970,90,1229,368,793,329
00272095.jpg,970,90,1229,368,794,330
00272096.jpg,970,90,1229,368,795,333
00272097.jpg,970,90,1229,368,795,334
00272098.jpg,970,90,1229,368,796,335
00272099.jpg,969,90,1228,368,796,335
00272100.jpg,969,90,1228,368,796,335
00272101.jpg,969,90,1228,368,796,335
00272102.jpg,969,90,1228,368,796,335
00272103.jpg,968,90,1227,368,798,335
00272104.jpg,968,90,1227,368,804,335
00272105.jpg,968,90,1227,368,805,338
00272106.jpg,967,90,1226,368,805,338
00272107.jpg,968,90,1227,368,805,338
00272108.jpg,968,90,1227,368,810,338
00272109.jpg,968,90,1227,368,813,340
00272110.jpg,967,90,1226,368,813,340
00272111.jpg,967,90,1226,368,813,340
00272112.jpg,967,90,1226,368,813,340
00272113.jpg,967,90,1226,368,813,340
00272114.jpg,967,90,1226,368,813,340
00272115.jpg,967,90,1226,368,813,340
00272116.jpg,967,90,1226,368,808,339
00272117.jpg,967,90,1226,368,808,339
00272118.jpg,967,90,1226,368,808,339
00272119.jpg,967,90,1226,368,808,339
00272120.jpg,967,90,1226,368,808,339
00272121.jpg,967,90,1226,368,803,339
00272122.jpg,968,90,1227,368,804,339
00272123.jpg,968,90,1227,368,804,339
00272124.jpg,968,90,1227,368,804,338
00272125.jpg,968,90,1227,368,804,338
00272126.jpg,968,90,1227,368,804,338
00272127.jpg,968,90,1227,368,804,336
00272128.jpg,968,90,1227,368,804,336
