00000869.jpg,286,29,789,598,-1,-1
00000870.jpg,286,29,789,598,-1,-1
00000871.jpg,286,29,789,598,-1,-1
00000872.jpg,286,29,789,598,-1,-1
00000873.jpg,284,28,787,597,-1,-1
00000874.jpg,284,28,787,597,-1,-1
00000875.jpg,284,27,787,596,-1,-1
00000876.jpg,285,28,788,597,-1,-1
00000877.jpg,285,28,788,597,-1,-1
00000878.jpg,286,29,789,598,-1,-1
00000879.jpg,287,31,790,600,-1,-1
00000880.jpg,288,32,791,601,-1,-1
00000881.jpg,289,32,792,601,-1,-1
00000882.jpg,289,32,792,601,-1,-1
00000883.jpg,292,32,795,601,-1,-1
00000884.jpg,296,31,799,600,-1,-1
00000885.jpg,300,31,803,600,-1,-1
00000886.jpg,306,31,809,600,-1,-1
00000887.jpg,306,31,809,600,-1,-1
00000888.jpg,311,31,814,600,-1,-1
00000889.jpg,316,32,819,601,-1,-1
00000890.jpg,321,33,824,602,-1,-1
00000891.jpg,325,34,828,603,-1,-1
00000892.jpg,325,34,828,603,-1,-1
00000893.jpg,329,34,832,603,-1,-1
00000894.jpg,333,33,836,602,-1,-1
00000895.jpg,337,33,840,602,-1,-1
00000896.jpg,340,31,843,600,-1,-1
00000897.jpg,340,31,843,600,-1,-1
00000898.jpg,341,30,844,599,-1,-1
00000899.jpg,341,30,844,599,-1,-1
00000900.jpg,340,29,843,598,-1,-1
00000901.jpg,340,28,843,597,-1,-1
00000902.jpg,340,28,843,597,-1,-1
00000903.jpg,339,27,842,596,-1,-1
00000904.jpg,339,26,842,595,-1,-1
00000905.jpg,338,25,841,594,-1,-1
00000906.jpg,337,24,840,593,-1,-1
00000907.jpg,337,24,840,593,-1,-1
00000908.jpg,336,23,839,592,-1,-1
00000909.jpg,334,21,837,590,-1,-1
00000910.jpg,332,18,835,587,-1,-1
00000911.jpg,331,16,834,585,-1,-1
00000912.jpg,331,16,834,585,-1,-1
00000913.jpg,331,13,834,582,-1,-1
00000914.jpg,330,13,833,582,-1,-1
00000915.jpg,328,14,831,583,-1,-1
00000916.jpg,326,15,829,584,-1,-1
00000917.jpg,326,15,829,584,-1,-1
00000918.jpg,324,17,827,586,-1,-1
00000919.jpg,323,19,826,588,-1,-1
00000920.jpg,321,21,824,590,-1,-1
00000921.jpg,319,23,822,592,-1,-1
00000922.jpg,319,23,822,592,-1,-1
00000923.jpg,317,24,820,593,-1,-1
00000924.jpg,316,24,819,593,-1,-1
00000925.jpg,314,25,817,594,-1,-1
00000926.jpg,312,25,815,594,-1,-1
00000927.jpg,312,25,815,594,-1,-1
00000928.jpg,308,26,811,595,-1,-1
00000929.jpg,305,27,808,596,-1,-1
00000930.jpg,302,28,805,597,-1,-1
00000931.jpg,300,29,803,598,-1,-1
00000932.jpg,300,29,803,598,-1,-1
00000933.jpg,300,28,803,597,-1,-1
00000934.jpg,301,26,804,595,1592,884
00000935.jpg,299,26,802,595,1483,294
00000936.jpg,296,27,799,596,1483,294
00000937.jpg,296,27,799,596,1478,294
00000938.jpg,295,27,798,596,1478,294
00000939.jpg,292,29,795,598,1478,294
00000940.jpg,289,32,792,601,1477,296
00000941.jpg,289,33,792,602,1476,298
00000942.jpg,289,33,792,602,1475,298
00000943.jpg,290,32,793,601,1473,301
00000944.jpg,290,33,793,602,1470,304
00000945.jpg,291,33,794,602,1467,305
00000946.jpg,291,33,794,602,1462,305
00000947.jpg,291,33,794,602,1460,305
00000948.jpg,292,34,795,603,1460,305
00000949.jpg,291,36,794,605,1457,305
00000950.jpg,289,40,792,609,1453,304
00000951.jpg,287,42,790,611,1453,304
00000952.jpg,287,42,790,611,1451,304
00000953.jpg,285,43,788,612,1450,304
00000954.jpg,285,43,788,612,1448,304
00000955.jpg,285,41,788,610,1447,305
00000956.jpg,285,40,788,609,1443,305
00000957.jpg,285,40,788,609,1440,308
00000958.jpg,285,38,788,607,1440,308
00000959.jpg,285,38,788,607,1436,309
00000960.jpg,285,38,788,607,1431,309
