00028544.jpg,346,15,675,351,-1,-1
00028545.jpg,346,15,675,351,-1,-1
00028546.jpg,346,15,675,351,-1,-1
00028547.jpg,346,15,675,351,-1,-1
00028548.jpg,346,11,675,347,-1,-1
00028549.jpg,346,8,675,344,-1,-1
00028550.jpg,345,6,674,342,-1,-1
00028551.jpg,345,5,674,341,-1,-1
00028552.jpg,344,6,673,342,-1,-1
00028553.jpg,345,8,674,344,-1,-1
00028554.jpg,346,8,675,344,-1,-1
00028555.jpg,345,6,674,342,-1,-1
00028556.jpg,344,4,673,340,-1,-1
00028557.jpg,342,3,671,339,-1,-1
00028558.jpg,341,4,670,340,-1,-1
00028559.jpg,341,5,670,341,-1,-1
00028560.jpg,340,4,669,340,-1,-1
00028561.jpg,338,3,667,339,-1,-1
00028562.jpg,336,2,665,338,-1,-1
00028563.jpg,334,2,663,338,-1,-1
00028564.jpg,334,3,663,339,-1,-1
00028565.jpg,334,3,663,339,-1,-1
00028566.jpg,334,2,663,338,-1,-1
00028567.jpg,333,1,662,337,-1,-1
00028568.jpg,333,1,662,337,-1,-1
00028569.jpg,334,2,663,338,-1,-1
00028570.jpg,336,1,665,337,-1,-1
00028571.jpg,338,0,667,336,-1,-1
00028572.jpg,339,0,668,336,-1,-1
00028573.jpg,340,0,669,336,-1,-1
00028574.jpg,339,0,668,336,-1,-1
00028575.jpg,340,0,669,336,-1,-1
00028576.jpg,339,0,668,336,-1,-1
00028577.jpg,338,0,667,336,-1,-1
00028578.jpg,337,0,666,336,-1,-1
00028579.jpg,335,0,664,336,-1,-1
00028580.jpg,333,0,662,336,-1,-1
00028581.jpg,331,0,660,336,-1,-1
00028582.jpg,330,0,659,336,-1,-1
00028583.jpg,328,0,657,336,-1,-1
00028584.jpg,326,0,655,336,-1,-1
00028585.jpg,324,0,653,336,-1,-1
00028586.jpg,322,0,651,336,-1,-1
00028587.jpg,321,0,650,336,-1,-1
00028588.jpg,320,0,649,336,-1,-1
00028589.jpg,319,0,648,336,-1,-1
00028590.jpg,319,0,648,336,-1,-1
00028591.jpg,319,0,648,336,-1,-1
00028592.jpg,319,0,648,336,-1,-1
00028593.jpg,320,2,649,338,-1,-1
00028594.jpg,321,3,650,339,-1,-1
00028595.jpg,321,4,650,340,-1,-1
00028596.jpg,322,6,651,342,-1,-1
00028597.jpg,323,7,652,343,-1,-1
00028598.jpg,324,8,653,344,-1,-1
00028599.jpg,324,9,653,345,-1,-1
00028600.jpg,324,9,653,345,-1,-1
