00002850.jpg,923,99,1267,447,-1,-1
00002851.jpg,923,99,1267,447,-1,-1
00002852.jpg,953,95,1316,434,-1,-1
00002853.jpg,953,95,1316,434,-1,-1
00002854.jpg,976,101,1339,440,-1,-1
00002855.jpg,976,101,1339,440,-1,-1
00002856.jpg,1007,91,1367,465,826,1010
00002857.jpg,1007,91,1367,465,797,990
00002858.jpg,1029,89,1389,463,775,972
00002859.jpg,1055,85,1415,459,773,952
00002860.jpg,1055,85,1415,459,766,956
00002861.jpg,1078,84,1438,458,766,928
00002862.jpg,1098,76,1458,450,769,908
00002863.jpg,1118,79,1478,453,774,893
00002864.jpg,1157,83,1533,475,791,878
00002865.jpg,1157,83,1533,475,789,873
00002866.jpg,1172,88,1548,480,801,860
00002867.jpg,1188,93,1564,485,814,840
00002868.jpg,1201,97,1577,489,821,828
00002869.jpg,1210,100,1586,492,829,817
00002870.jpg,1210,100,1586,492,829,809
00002871.jpg,1213,100,1589,492,827,781
00002872.jpg,1213,100,1589,492,821,761
00002873.jpg,1211,99,1587,491,834,714
00002874.jpg,1204,98,1580,490,839,680
00002875.jpg,1204,98,1580,490,839,681
00002876.jpg,1198,100,1574,492,855,676
00002877.jpg,1196,99,1572,491,852,770
00002878.jpg,1196,98,1572,490,-1,-1
00002879.jpg,1193,96,1569,488,-1,-1
00002880.jpg,1195,90,1571,482,-1,-1
00002881.jpg,1186,86,1562,478,-1,-1
00002882.jpg,1174,83,1550,475,-1,-1
00002883.jpg,1162,83,1538,475,-1,-1
00002884.jpg,1155,79,1531,471,-1,-1
00002885.jpg,1155,79,1531,471,-1,-1
00002886.jpg,1149,74,1525,466,1056,950
00002887.jpg,1146,71,1522,463,1041,917
00002888.jpg,1145,71,1521,463,1028,894
00002889.jpg,1142,69,1518,461,1004,868
00002890.jpg,1142,69,1518,461,1004,865
00002891.jpg,1139,67,1515,459,993,848
00002892.jpg,1137,63,1513,455,985,838
00002893.jpg,1135,62,1511,454,981,825
00002894.jpg,1131,66,1507,458,971,812
00002895.jpg,1131,66,1507,458,971,810
00002896.jpg,1128,64,1504,456,973,804
00002897.jpg,1122,61,1498,453,973,798
00002898.jpg,1121,59,1497,451,968,796
00002899.jpg,1122,56,1498,448,968,796
00002900.jpg,1122,56,1498,448,968,789
00002901.jpg,1122,52,1498,444,960,766
00002902.jpg,1121,50,1497,442,957,756
00002903.jpg,1122,48,1498,440,959,745
00002904.jpg,1122,46,1498,438,953,737
00002905.jpg,1122,46,1498,438,947,732
00002906.jpg,1118,45,1494,437,949,714
00002907.jpg,1112,44,1488,436,937,697
00002908.jpg,1108,42,1484,434,931,674
00002909.jpg,1099,39,1475,431,924,662
00002910.jpg,1099,39,1475,431,923,661
00002911.jpg,1081,25,1457,417,911,634
00002912.jpg,1081,24,1457,416,904,601
00002913.jpg,1082,24,1458,416,-1,-1
00002914.jpg,1083,24,1459,416,-1,-1
00002915.jpg,1061,59,1444,416,-1,-1
00002916.jpg,1061,59,1444,416,-1,-1
00002917.jpg,1064,59,1447,416,-1,-1
00002918.jpg,1057,73,1440,430,-1,-1
00002919.jpg,1075,60,1458,417,-1,-1
00002920.jpg,1075,60,1458,417,-1,-1
00002921.jpg,1078,59,1461,416,-1,-1
00002922.jpg,1078,57,1461,414,-1,-1
00002923.jpg,1068,47,1451,404,-1,-1
00002924.jpg,1071,52,1454,409,-1,-1
00002925.jpg,1071,52,1454,409,-1,-1
00002926.jpg,1077,52,1460,409,-1,-1
00002927.jpg,1078,52,1461,409,-1,-1
00002928.jpg,1079,52,1462,409,-1,-1
00002929.jpg,1081,53,1464,410,-1,-1
00002930.jpg,1081,53,1464,410,-1,-1
00002931.jpg,1095,55,1478,412,-1,-1
00002932.jpg,1118,56,1501,413,-1,-1
00002933.jpg,1132,57,1515,414,-1,-1
00002934.jpg,1150,60,1533,417,-1,-1
00002935.jpg,1150,60,1533,417,-1,-1
00002936.jpg,1166,60,1549,417,-1,-1
00002937.jpg,1184,61,1567,418,-1,-1
00002938.jpg,1201,61,1584,418,-1,-1
00002939.jpg,1221,60,1604,417,1109,764
00002940.jpg,1221,60,1604,417,1109,764
00002941.jpg,1233,63,1616,420,1124,760
00002942.jpg,1248,63,1631,420,1117,760
00002943.jpg,1256,55,1639,412,1112,762
00002944.jpg,1256,55,1639,412,1111,765
00002945.jpg,1267,55,1650,412,1111,765
00002946.jpg,1275,54,1658,411,1111,765
00002947.jpg,1278,53,1661,410,1103,770
00002948.jpg,1284,61,1667,418,1100,794
00002949.jpg,1284,61,1667,418,1097,800
00002950.jpg,1287,54,1670,411,1101,861
00002951.jpg,1282,54,1665,411,-1,-1
00002952.jpg,1266,61,1649,418,-1,-1
00002953.jpg,1258,59,1641,416,-1,-1
00002954.jpg,1258,59,1641,416,-1,-1
00002955.jpg,1256,56,1639,413,-1,-1
00002956.jpg,1254,58,1637,415,-1,-1
00002957.jpg,1248,56,1631,413,-1,-1
00002958.jpg,1243,57,1626,414,-1,-1
00002959.jpg,1243,57,1626,414,-1,-1
00002960.jpg,1239,56,1622,413,1209,914
00002961.jpg,1237,53,1620,410,1195,874
00002962.jpg,1236,51,1619,408,1173,830
00002963.jpg,1235,49,1618,406,1129,800
00002964.jpg,1235,49,1618,406,1135,802
00002965.jpg,1232,49,1615,406,1128,832
00002966.jpg,1233,58,1616,415,1137,832
00002967.jpg,1233,57,1616,414,1147,832
00002968.jpg,1233,56,1616,413,1144,844
00002969.jpg,1233,56,1616,413,1155,848
00002970.jpg,1234,56,1617,413,1155,858
00002971.jpg,1235,58,1618,415,1155,865
00002972.jpg,1237,61,1620,418,1156,865
00002973.jpg,1242,62,1625,419,1160,857
00002974.jpg,1242,62,1625,419,1161,857
00002975.jpg,1252,61,1635,418,1144,865
00002976.jpg,1258,58,1641,415,1153,855
00002977.jpg,1270,54,1653,411,1169,860
00002978.jpg,1275,53,1658,410,-1,-1
00002979.jpg,1275,53,1658,410,-1,-1
00002980.jpg,1276,52,1659,409,-1,-1
00002981.jpg,1276,51,1659,408,-1,-1
00002982.jpg,1276,50,1659,407,-1,-1
00002983.jpg,1277,47,1660,404,-1,-1
00002984.jpg,1277,47,1660,404,-1,-1
00002985.jpg,1279,47,1662,404,-1,-1
00002986.jpg,1287,41,1670,398,-1,-1
00002987.jpg,1280,48,1618,415,-1,-1
00002988.jpg,1280,48,1618,415,-1,-1
00002989.jpg,1280,48,1618,415,-1,-1
00002990.jpg,1282,47,1620,414,-1,-1
00002991.jpg,1281,45,1619,412,-1,-1
00002992.jpg,1282,44,1620,411,-1,-1
00002993.jpg,1281,43,1619,410,-1,-1
00002994.jpg,1281,43,1619,410,-1,-1
00002995.jpg,1280,42,1618,409,-1,-1
00002996.jpg,1278,42,1616,409,-1,-1
00002997.jpg,1275,42,1613,409,-1,-1
00002998.jpg,1272,42,1610,409,-1,-1
00002999.jpg,1272,42,1610,409,-1,-1
00003000.jpg,1269,42,1607,409,-1,-1
00003001.jpg,1265,41,1603,408,-1,-1
00003002.jpg,1261,40,1599,407,-1,-1
00003003.jpg,1258,40,1596,407,-1,-1
00003004.jpg,1258,40,1596,407,-1,-1
00003005.jpg,1255,38,1593,405,-1,-1
00003006.jpg,1254,36,1592,403,-1,-1
00003007.jpg,1252,36,1590,403,-1,-1
00003008.jpg,1252,35,1590,402,-1,-1
00003009.jpg,1252,35,1590,402,-1,-1
00003010.jpg,1251,34,1589,401,-1,-1
00003011.jpg,1249,33,1587,400,-1,-1
00003012.jpg,1248,32,1586,399,-1,-1
00003013.jpg,1247,31,1585,398,-1,-1
00003014.jpg,1247,31,1585,398,-1,-1
00003015.jpg,1246,31,1584,398,-1,-1
00003016.jpg,1244,31,1582,398,-1,-1
00003017.jpg,1244,32,1582,399,-1,-1
00003018.jpg,1244,32,1582,399,-1,-1
00003019.jpg,1244,32,1582,399,-1,-1
00003020.jpg,1249,36,1587,403,-1,-1
00003021.jpg,1251,38,1589,405,-1,-1
00003022.jpg,1257,39,1595,406,-1,-1
00003023.jpg,1261,39,1599,406,813,842
00003024.jpg,1261,39,1599,406,812,837
00003025.jpg,1261,40,1599,407,803,842
00003026.jpg,1260,39,1598,406,803,840
00003027.jpg,1261,40,1599,407,800,838
00003028.jpg,1263,42,1601,409,800,838
00003029.jpg,1263,42,1601,409,800,838
00003030.jpg,1266,42,1604,409,800,838
00003031.jpg,1266,44,1604,411,799,838
00003032.jpg,1265,44,1603,411,799,838
00003033.jpg,1263,43,1601,410,799,838
00003034.jpg,1263,43,1601,410,799,838
00003035.jpg,1240,33,1578,400,799,838
00003036.jpg,1238,32,1576,399,799,838
00003037.jpg,1236,32,1574,399,788,838
00003038.jpg,1234,31,1572,398,788,838
00003039.jpg,1234,31,1572,398,788,838
00003040.jpg,1233,31,1571,398,-1,-1
00003041.jpg,1232,30,1570,397,-1,-1
00003042.jpg,1231,30,1569,397,-1,-1
00003043.jpg,1231,30,1569,397,-1,-1
00003044.jpg,1231,30,1569,397,-1,-1
00003045.jpg,1229,28,1567,395,-1,-1
00003046.jpg,1228,27,1566,394,-1,-1
00003047.jpg,1228,25,1566,392,-1,-1
00003048.jpg,1229,23,1567,390,-1,-1
00003049.jpg,1229,23,1567,390,-1,-1
00003050.jpg,1229,23,1567,390,-1,-1
00003051.jpg,1230,23,1568,390,-1,-1
00003052.jpg,1232,24,1570,391,-1,-1
00003053.jpg,1234,23,1572,390,-1,-1
00003054.jpg,1234,23,1572,390,-1,-1
00003055.jpg,1236,22,1574,389,-1,-1
00003056.jpg,1239,20,1577,387,-1,-1
00003057.jpg,1241,19,1579,386,-1,-1
00003058.jpg,1243,18,1581,385,-1,-1
00003059.jpg,1243,18,1581,385,-1,-1
00003060.jpg,1246,17,1584,384,-1,-1
00003061.jpg,1249,17,1587,384,-1,-1
00003062.jpg,1251,16,1589,383,-1,-1
00003063.jpg,1252,16,1590,383,-1,-1
00003064.jpg,1252,16,1590,383,-1,-1
00003065.jpg,1250,16,1588,383,-1,-1
00003066.jpg,1248,16,1586,383,-1,-1
00003067.jpg,1246,17,1584,384,-1,-1
00003068.jpg,1245,18,1583,385,-1,-1
00003069.jpg,1245,18,1583,385,-1,-1
00003070.jpg,1242,20,1580,387,-1,-1
00003071.jpg,1241,21,1579,388,-1,-1
00003072.jpg,1239,22,1577,389,-1,-1
00003073.jpg,1239,22,1577,389,-1,-1
00003074.jpg,1239,22,1577,389,-1,-1
00003075.jpg,1238,22,1576,389,-1,-1
00003076.jpg,1237,22,1575,389,-1,-1
00003077.jpg,1236,21,1574,388,-1,-1
00003078.jpg,1234,21,1572,388,-1,-1
00003079.jpg,1234,21,1572,388,-1,-1
00003080.jpg,1233,21,1571,388,-1,-1
00003081.jpg,1232,21,1570,388,-1,-1
00003082.jpg,1231,21,1569,388,-1,-1
00003083.jpg,1232,20,1570,387,-1,-1
00003084.jpg,1232,20,1570,387,-1,-1
00003085.jpg,1235,19,1573,386,-1,-1
00003086.jpg,1237,18,1575,385,-1,-1
00003087.jpg,1206,43,1544,410,-1,-1
00003088.jpg,1206,43,1544,410,-1,-1
00003089.jpg,1206,43,1544,410,-1,-1
00003090.jpg,1206,44,1544,411,-1,-1
00003091.jpg,1205,44,1543,411,-1,-1
00003092.jpg,1205,42,1543,409,-1,-1
00003093.jpg,1202,41,1540,408,-1,-1
00003094.jpg,1202,41,1540,408,-1,-1
00003095.jpg,1199,40,1537,407,-1,-1
00003096.jpg,1196,38,1534,405,-1,-1
00003097.jpg,1192,36,1530,403,-1,-1
00003098.jpg,1192,33,1530,400,-1,-1
00003099.jpg,1192,33,1530,400,-1,-1
00003100.jpg,1192,34,1530,401,-1,-1
00003101.jpg,1194,35,1532,402,-1,-1
00003102.jpg,1199,35,1537,402,-1,-1
00003103.jpg,1203,35,1541,402,-1,-1
00003104.jpg,1203,35,1541,402,-1,-1
00003105.jpg,1205,15,1543,382,-1,-1
00003106.jpg,1207,14,1545,381,-1,-1
00003107.jpg,1208,14,1546,381,-1,-1
00003108.jpg,1209,14,1547,381,-1,-1
00003109.jpg,1209,14,1547,381,-1,-1
00003110.jpg,1208,16,1546,383,-1,-1
00003111.jpg,1208,18,1546,385,-1,-1
00003112.jpg,1207,19,1545,386,-1,-1
00003113.jpg,1212,16,1550,383,-1,-1
00003114.jpg,1212,16,1550,383,-1,-1
00003115.jpg,1211,18,1549,385,-1,-1
00003116.jpg,1208,20,1546,387,-1,-1
00003117.jpg,1210,34,1548,401,-1,-1
00003118.jpg,1213,37,1551,404,-1,-1
00003119.jpg,1213,37,1551,404,-1,-1
00003120.jpg,1213,37,1551,404,-1,-1
