00002850.jpg,403,163,521,286,524,369
00002851.jpg,403,163,521,286,516,374
00002852.jpg,403,163,521,286,509,376
00002853.jpg,392,182,510,301,504,378
00002854.jpg,392,182,510,301,492,385
00002855.jpg,392,182,510,301,489,388
00002856.jpg,383,187,501,306,468,390
00002857.jpg,374,190,492,309,456,394
00002858.jpg,366,192,484,311,451,397
00002859.jpg,360,193,478,312,445,398
00002860.jpg,360,193,478,312,439,398
00002861.jpg,355,195,473,314,440,393
00002862.jpg,351,198,469,317,436,393
00002863.jpg,346,200,464,319,436,397
00002864.jpg,339,203,457,322,436,397
00002865.jpg,339,203,457,322,435,402
00002866.jpg,334,207,452,326,433,405
00002867.jpg,332,211,450,330,429,409
00002868.jpg,329,214,447,333,429,409
00002869.jpg,323,215,441,334,423,412
00002870.jpg,323,215,441,334,423,412
00002871.jpg,318,215,436,334,419,412
00002872.jpg,311,212,429,331,419,412
00002873.jpg,306,210,424,329,415,414
00002874.jpg,302,209,420,328,415,414
00002875.jpg,302,209,420,328,415,414
00002876.jpg,300,211,418,330,407,414
00002877.jpg,300,214,418,333,404,417
00002878.jpg,299,215,417,334,404,417
00002879.jpg,298,212,416,331,404,417
00002880.jpg,299,213,417,332,400,417
00002881.jpg,296,210,414,329,400,417
00002882.jpg,291,207,409,326,400,417
00002883.jpg,286,205,404,324,400,417
00002884.jpg,280,201,398,320,376,401
00002885.jpg,280,201,398,320,372,398
00002886.jpg,275,198,393,317,356,398
00002887.jpg,273,197,391,316,355,396
00002888.jpg,270,196,388,315,349,396
00002889.jpg,267,196,385,315,348,396
00002890.jpg,267,196,385,315,348,396
00002891.jpg,262,194,380,313,344,396
00002892.jpg,258,192,376,311,331,396
00002893.jpg,254,191,372,310,332,393
00002894.jpg,250,189,368,308,332,393
00002895.jpg,250,189,368,308,333,389
00002896.jpg,247,186,365,305,327,386
00002897.jpg,246,183,364,302,331,386
00002898.jpg,247,179,365,298,331,386
00002899.jpg,249,175,367,294,331,386
00002900.jpg,249,175,367,294,331,386
00002901.jpg,250,172,368,291,331,386
00002902.jpg,252,169,370,288,331,385
00002903.jpg,254,168,372,287,331,385
00002904.jpg,254,167,372,286,332,382
00002905.jpg,254,167,372,286,336,380
00002906.jpg,254,167,372,286,343,372
00002907.jpg,253,165,371,284,343,372
00002908.jpg,254,162,372,281,343,372
00002909.jpg,254,158,372,277,343,364
00002910.jpg,254,158,372,277,343,362
00002911.jpg,253,156,371,275,343,362
00002912.jpg,241,149,359,268,343,362
00002913.jpg,253,154,371,273,343,362
00002914.jpg,257,156,375,275,344,362
00002915.jpg,257,156,375,275,347,360
00002916.jpg,264,156,382,275,351,358
00002917.jpg,270,156,388,275,351,358
00002918.jpg,277,156,395,275,351,358
00002919.jpg,281,155,399,274,359,356
00002920.jpg,281,155,399,274,359,356
00002921.jpg,285,154,403,273,359,356
00002922.jpg,285,150,403,269,359,356
00002923.jpg,285,147,403,266,359,356
00002924.jpg,285,144,403,263,359,356
00002925.jpg,285,144,403,263,361,353
00002926.jpg,284,142,402,261,361,353
00002927.jpg,284,140,402,259,361,353
00002928.jpg,285,140,403,259,361,353
00002929.jpg,285,141,403,260,361,350
00002930.jpg,285,141,403,260,361,349
00002931.jpg,285,141,403,260,361,349
00002932.jpg,284,141,402,260,361,349
00002933.jpg,284,142,402,261,361,349
00002934.jpg,283,142,401,261,361,349
00002935.jpg,283,142,401,261,361,349
00002936.jpg,282,142,400,261,361,349
00002937.jpg,279,141,397,260,361,349
00002938.jpg,278,141,396,260,361,346
00002939.jpg,276,140,394,259,361,346
00002940.jpg,276,140,394,259,361,346
00002941.jpg,273,141,391,260,361,346
00002942.jpg,270,141,388,260,361,346
00002943.jpg,265,141,383,260,361,345
00002944.jpg,265,141,383,260,355,345
00002945.jpg,262,142,380,261,353,345
00002946.jpg,257,143,375,262,349,344
00002947.jpg,253,145,371,264,345,344
00002948.jpg,250,146,368,265,345,344
00002949.jpg,250,146,368,265,344,344
00002950.jpg,249,146,367,265,344,344
00002951.jpg,247,145,365,264,344,344
00002952.jpg,243,142,361,261,343,344
00002953.jpg,240,140,358,259,341,344
00002954.jpg,240,140,358,259,341,344
00002955.jpg,239,139,357,258,341,344
00002956.jpg,239,139,357,258,335,341
00002957.jpg,240,139,358,258,333,340
00002958.jpg,240,138,358,257,333,340
00002959.jpg,240,138,358,257,332,337
00002960.jpg,240,136,358,255,332,337
00002961.jpg,241,135,359,254,332,337
00002962.jpg,242,133,360,252,332,337
00002963.jpg,244,133,362,252,332,337
00002964.jpg,244,133,362,252,332,337
00002965.jpg,247,135,365,254,332,337
00002966.jpg,250,136,368,255,332,337
00002967.jpg,252,135,370,254,332,337
00002968.jpg,255,135,373,254,332,337
00002969.jpg,255,135,373,254,332,337
00002970.jpg,256,135,374,254,332,337
00002971.jpg,258,135,376,254,332,337
00002972.jpg,260,136,378,255,332,337
00002973.jpg,261,136,379,255,332,337
00002974.jpg,261,136,379,255,332,337
00002975.jpg,262,136,380,255,332,337
00002976.jpg,267,137,385,256,335,337
00002977.jpg,268,136,386,255,335,337
00002978.jpg,267,135,385,254,335,337
00002979.jpg,267,135,385,254,344,336
00002980.jpg,267,135,385,254,344,336
00002981.jpg,267,137,385,256,344,336
00002982.jpg,264,137,382,256,344,336
00002983.jpg,262,138,380,257,344,336
00002984.jpg,262,138,380,257,344,336
00002985.jpg,261,138,379,257,344,336
00002986.jpg,260,139,378,258,344,336
00002987.jpg,255,129,359,254,344,336
00002988.jpg,255,129,359,254,344,336
00002989.jpg,255,129,359,254,344,336
00002990.jpg,255,128,359,253,344,336
00002991.jpg,254,126,358,251,344,336
00002992.jpg,255,125,359,250,344,336
00002993.jpg,255,124,359,249,344,336
00002994.jpg,255,124,359,249,344,336
00002995.jpg,254,124,358,249,344,336
00002996.jpg,252,124,356,249,344,336
00002997.jpg,249,123,353,248,344,336
00002998.jpg,247,123,351,248,344,336
00002999.jpg,247,123,351,248,344,333
00003000.jpg,244,122,348,247,333,328
00003001.jpg,239,120,343,245,333,328
00003002.jpg,234,120,338,245,333,328
00003003.jpg,231,120,335,245,333,328
00003004.jpg,231,120,335,245,333,328
00003005.jpg,228,119,332,244,333,328
00003006.jpg,226,118,330,243,333,328
00003007.jpg,224,119,328,244,332,328
00003008.jpg,223,119,327,244,332,328
00003009.jpg,223,119,327,244,329,324
00003010.jpg,220,117,324,242,328,321
00003011.jpg,218,116,322,241,328,321
00003012.jpg,216,115,320,240,325,318
00003013.jpg,214,113,318,238,325,318
00003014.jpg,214,113,318,238,325,318
00003015.jpg,210,109,314,234,325,318
00003016.jpg,205,105,309,230,308,312
00003017.jpg,197,113,310,236,308,312
00003018.jpg,197,113,310,236,308,312
00003019.jpg,197,113,310,236,309,308
00003020.jpg,191,111,304,234,260,312
00003021.jpg,184,111,297,234,269,313
00003022.jpg,175,109,288,232,263,314
00003023.jpg,160,104,269,229,263,309
00003024.jpg,160,104,269,229,263,310
00003025.jpg,151,102,260,227,263,310
00003026.jpg,142,99,251,224,263,309
00003027.jpg,136,97,245,222,263,308
00003028.jpg,134,96,243,221,261,308
00003029.jpg,137,93,251,223,264,310
00003030.jpg,137,93,251,223,264,310
00003031.jpg,137,93,251,223,264,310
00003032.jpg,138,93,252,223,264,310
00003033.jpg,138,93,252,223,264,310
00003034.jpg,138,93,252,223,264,310
00003035.jpg,140,91,256,225,264,310
00003036.jpg,140,91,256,225,264,310
00003037.jpg,138,91,254,225,264,310
00003038.jpg,138,93,254,227,264,310
00003039.jpg,143,97,257,229,264,310
00003040.jpg,143,97,257,229,264,310
00003041.jpg,143,98,257,230,264,310
00003042.jpg,142,99,256,231,264,310
00003043.jpg,142,100,256,232,259,312
00003044.jpg,142,100,256,232,259,312
00003045.jpg,144,105,258,237,259,312
00003046.jpg,139,98,253,230,251,309
00003047.jpg,151,111,267,236,251,309
00003048.jpg,151,111,267,236,251,309
00003049.jpg,151,111,267,236,251,309
00003050.jpg,152,112,268,237,251,309
00003051.jpg,154,112,270,237,251,309
00003052.jpg,156,112,272,237,251,309
00003053.jpg,159,112,275,237,251,309
00003054.jpg,159,112,275,237,251,309
00003055.jpg,162,110,278,235,251,309
00003056.jpg,167,109,283,234,251,309
00003057.jpg,170,107,286,232,251,309
00003058.jpg,174,107,290,232,251,309
00003059.jpg,174,107,290,232,251,309
00003060.jpg,176,106,292,231,251,309
00003061.jpg,179,106,295,231,251,309
00003062.jpg,180,106,296,231,251,308
00003063.jpg,181,106,297,231,251,306
00003064.jpg,181,106,297,231,251,306
00003065.jpg,180,105,296,230,251,306
00003066.jpg,178,105,294,230,251,306
00003067.jpg,176,106,292,231,251,306
00003068.jpg,175,108,291,233,251,306
00003069.jpg,175,108,291,233,251,306
00003070.jpg,173,110,289,235,251,306
00003071.jpg,172,112,288,237,251,306
00003072.jpg,170,113,286,238,251,306
00003073.jpg,170,114,286,239,251,306
00003074.jpg,170,114,286,239,251,306
00003075.jpg,170,114,286,239,251,306
00003076.jpg,171,115,287,240,251,306
00003077.jpg,170,115,286,240,251,306
00003078.jpg,169,115,285,240,251,306
00003079.jpg,169,115,285,240,251,306
00003080.jpg,162,108,285,231,251,306
00003081.jpg,162,108,285,231,251,306
00003082.jpg,162,108,285,231,248,306
00003083.jpg,163,108,286,231,241,306
00003084.jpg,163,108,286,231,241,306
00003085.jpg,166,109,289,232,241,305
00003086.jpg,167,109,290,232,241,305
00003087.jpg,168,108,291,231,241,305
00003088.jpg,169,107,292,230,244,304
00003089.jpg,169,107,292,230,244,304
00003090.jpg,170,107,293,230,244,304
00003091.jpg,172,107,295,230,244,304
00003092.jpg,174,106,297,229,244,304
00003093.jpg,174,105,297,228,248,304
00003094.jpg,174,105,297,228,248,302
00003095.jpg,173,105,296,228,248,301
00003096.jpg,172,103,295,226,248,301
00003097.jpg,170,103,293,226,248,301
00003098.jpg,170,103,293,226,249,297
00003099.jpg,170,103,293,226,249,297
00003100.jpg,171,103,294,226,249,297
00003101.jpg,172,103,295,226,249,297
00003102.jpg,175,104,298,227,249,297
00003103.jpg,178,106,301,229,251,296
00003104.jpg,178,106,301,229,251,296
00003105.jpg,180,106,303,229,251,296
00003106.jpg,181,105,304,228,251,296
00003107.jpg,180,105,303,228,251,296
00003108.jpg,179,106,302,229,251,296
00003109.jpg,179,106,302,229,248,297
00003110.jpg,178,108,301,231,248,297
00003111.jpg,177,110,300,233,248,297
00003112.jpg,176,110,299,233,248,297
00003113.jpg,176,110,299,233,248,297
00003114.jpg,176,110,299,233,248,297
00003115.jpg,176,110,299,233,245,298
00003116.jpg,175,111,298,234,244,298
00003117.jpg,176,110,299,233,244,298
00003118.jpg,177,110,300,233,244,298
00003119.jpg,177,110,300,233,243,300
00003120.jpg,177,110,300,233,243,300
