00002862.jpg,1038,137,1142,241,1007,272
00002863.jpg,1038,137,1142,241,1003,273
00002864.jpg,1014,141,1116,243,991,274
00002865.jpg,1014,141,1116,243,989,276
00002866.jpg,1008,145,1110,247,981,280
00002867.jpg,1003,149,1105,251,977,284
00002868.jpg,1006,155,1113,249,971,288
00002869.jpg,1006,155,1113,249,965,290
00002870.jpg,997,152,1105,260,965,290
00002871.jpg,997,152,1105,260,965,290
00002872.jpg,991,149,1099,257,963,285
00002873.jpg,987,146,1095,254,963,285
00002874.jpg,984,144,1092,252,956,285
00002875.jpg,984,144,1092,252,956,282
00002876.jpg,983,144,1091,252,956,282
00002877.jpg,983,146,1091,254,956,282
00002878.jpg,982,146,1090,254,956,282
00002879.jpg,981,143,1089,251,956,282
00002880.jpg,981,143,1089,251,956,282
00002881.jpg,979,140,1087,248,956,282
00002882.jpg,975,137,1083,245,956,282
00002883.jpg,970,135,1078,243,953,278
00002884.jpg,964,131,1072,239,953,278
00002885.jpg,964,131,1072,239,953,278
00002886.jpg,959,128,1067,236,952,278
00002887.jpg,956,126,1064,234,952,278
00002888.jpg,954,125,1062,233,935,272
00002889.jpg,951,124,1059,232,929,269
00002890.jpg,951,124,1059,232,925,269
00002891.jpg,947,122,1055,230,927,264
00002892.jpg,943,118,1051,226,924,262
00002893.jpg,940,116,1048,224,917,258
00002894.jpg,937,114,1045,222,900,252
00002895.jpg,937,114,1045,222,903,252
00002896.jpg,935,112,1043,220,903,252
00002897.jpg,935,109,1043,217,903,252
00002898.jpg,936,106,1044,214,903,252
00002899.jpg,938,103,1046,211,903,245
00002900.jpg,938,103,1046,211,903,245
00002901.jpg,939,100,1047,208,903,245
00002902.jpg,941,98,1049,206,904,240
00002903.jpg,944,97,1052,205,904,236
00002904.jpg,946,95,1054,203,905,236
00002905.jpg,946,95,1054,203,908,233
00002906.jpg,947,93,1055,201,912,230
00002907.jpg,947,92,1055,200,912,230
00002908.jpg,947,89,1055,197,912,230
00002909.jpg,947,85,1055,193,913,228
00002910.jpg,947,85,1055,193,913,228
00002911.jpg,947,83,1055,191,913,224
00002912.jpg,948,82,1056,190,913,224
00002913.jpg,950,81,1058,189,913,224
00002914.jpg,953,81,1061,189,913,224
00002915.jpg,953,81,1061,189,913,224
00002916.jpg,954,81,1062,189,913,224
00002917.jpg,954,74,1057,175,916,221
00002918.jpg,954,74,1057,175,916,221
00002919.jpg,958,74,1061,175,916,221
00002920.jpg,958,74,1061,175,921,221
00002921.jpg,961,73,1064,174,921,221
00002922.jpg,962,71,1065,172,923,221
00002923.jpg,962,69,1065,170,925,220
00002924.jpg,962,67,1065,168,931,217
00002925.jpg,962,67,1065,168,933,214
00002926.jpg,961,66,1064,167,933,214
00002927.jpg,961,65,1064,166,933,214
00002928.jpg,961,66,1064,167,935,213
00002929.jpg,961,67,1064,168,935,213
00002930.jpg,972,72,1070,172,936,212
00002931.jpg,972,72,1070,172,936,212
00002932.jpg,972,73,1070,173,936,212
00002933.jpg,971,73,1069,173,936,212
00002934.jpg,970,72,1068,172,936,212
00002935.jpg,970,72,1068,172,936,212
00002936.jpg,968,71,1066,171,936,212
00002937.jpg,965,70,1063,170,936,212
00002938.jpg,962,69,1060,169,933,208
00002939.jpg,960,69,1058,169,933,208
00002940.jpg,960,69,1058,169,927,208
00002941.jpg,957,70,1055,170,927,208
00002942.jpg,954,71,1052,171,927,208
00002943.jpg,950,71,1048,171,927,208
00002944.jpg,950,71,1048,171,924,208
00002945.jpg,946,72,1044,172,924,208
00002946.jpg,942,73,1040,173,924,208
00002947.jpg,938,74,1036,174,924,208
00002948.jpg,935,76,1033,176,924,208
00002949.jpg,935,76,1033,176,921,208
00002950.jpg,932,75,1030,175,915,209
00002951.jpg,929,74,1027,174,915,209
00002952.jpg,927,73,1025,173,913,210
00002953.jpg,924,72,1022,172,913,210
00002954.jpg,924,72,1022,172,909,210
00002955.jpg,923,71,1021,171,909,210
00002956.jpg,923,71,1021,171,909,210
00002957.jpg,923,70,1021,170,909,210
00002958.jpg,924,70,1022,170,908,210
00002959.jpg,924,70,1022,170,908,210
00002960.jpg,924,68,1022,168,905,210
00002961.jpg,925,67,1023,167,904,210
00002962.jpg,927,66,1025,166,904,205
00002963.jpg,929,65,1027,165,904,205
00002964.jpg,929,65,1027,165,904,205
00002965.jpg,931,65,1029,165,907,198
00002966.jpg,933,67,1031,167,907,196
00002967.jpg,936,67,1034,167,904,196
00002968.jpg,939,66,1037,166,905,202
00002969.jpg,939,66,1037,166,908,202
00002970.jpg,940,66,1038,166,909,202
00002971.jpg,940,67,1038,167,909,202
00002972.jpg,941,68,1039,168,909,202
00002973.jpg,942,69,1040,169,911,202
00002974.jpg,942,69,1040,169,913,202
00002975.jpg,943,69,1041,169,913,202
00002976.jpg,944,69,1042,169,917,206
00002977.jpg,945,68,1043,168,917,206
00002978.jpg,944,67,1042,167,920,205
00002979.jpg,944,67,1042,167,920,205
00002980.jpg,941,66,1039,166,920,201
00002981.jpg,937,66,1035,166,920,201
00002982.jpg,932,66,1030,166,920,201
00002983.jpg,928,67,1026,167,920,201
00002984.jpg,928,67,1026,167,919,201
00002985.jpg,926,67,1024,167,917,201
00002986.jpg,923,68,1021,168,917,201
00002987.jpg,921,69,1019,169,917,201
00002988.jpg,919,69,1017,169,904,205
00002989.jpg,919,69,1017,169,904,205
00002990.jpg,918,68,1016,168,904,205
00002991.jpg,918,67,1016,167,904,205
00002992.jpg,919,65,1017,165,904,205
00002993.jpg,920,64,1018,164,904,205
00002994.jpg,920,64,1018,164,904,205
00002995.jpg,920,62,1018,162,904,205
00002996.jpg,919,62,1017,162,904,205
00002997.jpg,918,60,1016,160,899,205
00002998.jpg,917,59,1015,159,896,206
00002999.jpg,917,59,1015,159,889,206
00003000.jpg,915,58,1013,158,888,206
00003001.jpg,912,55,1010,155,887,206
00003002.jpg,910,60,1012,162,881,208
00003003.jpg,910,60,1012,162,881,208
00003004.jpg,910,60,1012,162,881,208
00003005.jpg,909,57,1011,159,883,208
00003006.jpg,910,54,1012,156,883,208
00003007.jpg,910,54,1012,156,883,208
00003008.jpg,911,54,1013,156,883,208
00003009.jpg,911,54,1013,156,883,208
00003010.jpg,911,54,1013,156,885,208
00003011.jpg,911,55,1013,157,885,208
00003012.jpg,910,56,1012,158,888,209
00003013.jpg,910,56,1012,158,897,210
00003014.jpg,910,56,1012,158,897,210
00003015.jpg,909,56,1011,158,903,210
00003016.jpg,907,56,1009,158,905,209
00003017.jpg,907,57,1009,159,905,205
00003018.jpg,908,58,1010,160,905,205
00003019.jpg,908,58,1010,160,905,205
00003020.jpg,908,59,1010,161,903,205
00003021.jpg,908,61,1010,163,905,186
00003022.jpg,908,61,1010,163,904,205
00003023.jpg,909,57,1000,154,905,177
00003024.jpg,909,57,1000,154,904,172
00003025.jpg,908,57,999,154,903,168
00003026.jpg,908,55,999,152,903,165
00003027.jpg,908,55,999,152,899,165
00003028.jpg,908,54,999,151,893,164
00003029.jpg,908,54,999,151,895,164
00003030.jpg,910,54,1001,151,896,169
00003031.jpg,910,55,1001,152,897,169
00003032.jpg,910,55,1001,152,899,174
00003033.jpg,909,55,1000,152,896,178
00003034.jpg,909,55,1000,152,900,178
00003035.jpg,907,55,998,152,901,174
00003036.jpg,904,54,995,151,896,174
00003037.jpg,899,55,990,152,896,169
00003038.jpg,896,55,987,152,896,169
00003039.jpg,896,55,987,152,896,169
00003040.jpg,893,55,984,152,896,169
00003041.jpg,892,55,983,152,899,165
00003042.jpg,889,56,980,153,896,168
00003043.jpg,886,57,977,154,896,168
00003044.jpg,886,57,977,154,896,168
00003045.jpg,885,57,976,154,896,168
00003046.jpg,883,57,974,154,896,168
00003047.jpg,882,56,973,153,896,168
00003048.jpg,882,55,973,152,896,168
00003049.jpg,882,55,973,152,896,168
00003050.jpg,881,56,972,153,895,168
00003051.jpg,882,57,973,154,891,185
00003052.jpg,882,58,973,155,888,192
00003053.jpg,876,64,978,162,887,194
00003054.jpg,876,64,978,162,877,216
00003055.jpg,878,63,980,161,875,222
00003056.jpg,882,62,984,160,877,222
00003057.jpg,885,61,987,159,888,221
00003058.jpg,887,61,989,159,888,221
00003059.jpg,887,61,989,159,888,221
00003060.jpg,890,61,992,159,888,221
00003061.jpg,892,62,994,160,893,221
00003062.jpg,892,63,994,161,893,221
00003063.jpg,892,65,994,163,895,224
00003064.jpg,892,65,994,163,897,224
00003065.jpg,890,67,992,165,903,224
00003066.jpg,886,69,988,167,904,224
00003067.jpg,883,72,985,170,904,226
00003068.jpg,881,75,983,173,904,233
00003069.jpg,881,75,983,173,907,236
00003070.jpg,883,76,974,170,907,237
00003071.jpg,883,76,974,170,907,241
00003072.jpg,881,77,972,171,907,241
00003073.jpg,880,77,971,171,907,241
00003074.jpg,880,77,971,171,907,241
00003075.jpg,880,78,971,172,901,246
00003076.jpg,882,77,973,171,903,245
00003077.jpg,882,75,973,169,903,245
00003078.jpg,883,72,974,166,903,241
00003079.jpg,883,72,974,166,903,241
00003080.jpg,883,70,974,164,903,241
00003081.jpg,885,67,976,161,903,241
00003082.jpg,888,64,979,158,903,241
00003083.jpg,892,60,983,154,903,240
00003084.jpg,892,60,983,154,903,238
00003085.jpg,897,55,988,149,903,238
00003086.jpg,902,50,993,144,900,237
00003087.jpg,900,46,994,147,900,233
00003088.jpg,900,46,994,147,900,232
00003089.jpg,900,46,994,147,900,228
00003090.jpg,906,43,1000,144,903,224
00003091.jpg,912,39,1006,140,903,222
00003092.jpg,920,34,1014,135,904,217
00003093.jpg,925,24,1020,119,904,213
00003094.jpg,925,24,1020,119,908,206
00003095.jpg,927,22,1022,117,908,206
00003096.jpg,930,19,1025,114,909,205
00003097.jpg,931,17,1026,112,909,197
00003098.jpg,934,15,1029,110,912,189
00003099.jpg,934,15,1029,110,912,186
00003100.jpg,937,13,1032,108,912,181
00003101.jpg,941,13,1036,108,912,180
00003102.jpg,950,21,1045,116,912,172
00003103.jpg,952,21,1047,116,913,162
00003104.jpg,952,21,1047,116,913,158
00003105.jpg,954,21,1049,116,913,158
00003106.jpg,954,21,1049,116,919,152
00003107.jpg,948,12,1043,107,924,150
00003108.jpg,945,13,1040,108,924,153
00003109.jpg,945,13,1040,108,924,154
00003110.jpg,942,16,1037,111,924,154
00003111.jpg,939,19,1034,114,924,158
00003112.jpg,937,21,1032,116,924,158
00003113.jpg,935,22,1030,117,927,165
00003114.jpg,935,22,1030,117,929,169
00003115.jpg,930,24,1025,119,935,169
00003116.jpg,924,25,1019,120,932,170
00003117.jpg,933,20,1037,119,933,178
00003118.jpg,933,20,1037,119,933,178
00003119.jpg,933,20,1037,119,935,184
00003120.jpg,933,20,1037,119,937,185
