00017526.jpg,805,93,1037,350,416,233
00017527.jpg,805,93,1037,350,416,233
00017528.jpg,805,93,1037,350,416,233
00017529.jpg,805,93,1037,350,416,233
00017530.jpg,806,92,1038,349,416,233
00017531.jpg,807,91,1039,348,416,233
00017532.jpg,808,89,1040,346,416,233
00017533.jpg,810,89,1042,346,416,233
00017534.jpg,812,89,1044,346,416,233
00017535.jpg,815,90,1047,347,416,233
00017536.jpg,819,90,1051,347,416,233
00017537.jpg,823,89,1055,346,416,233
00017538.jpg,828,89,1060,346,416,233
00017539.jpg,830,89,1062,346,416,233
00017540.jpg,831,90,1063,347,416,233
00017541.jpg,832,92,1064,349,414,229
00017542.jpg,831,92,1063,349,414,227
00017543.jpg,829,93,1061,350,417,230
00017544.jpg,826,92,1058,349,420,231
00017545.jpg,824,92,1056,349,424,233
00017546.jpg,822,92,1054,349,432,246
00017547.jpg,821,92,1053,349,429,254
00017548.jpg,821,91,1053,348,429,261
00017549.jpg,823,91,1055,348,431,267
00017550.jpg,825,91,1057,348,437,273
00017551.jpg,825,92,1057,349,-1,-1
00017552.jpg,822,93,1054,350,-1,-1
00017553.jpg,821,96,1053,353,-1,-1
00017554.jpg,813,88,1048,355,-1,-1
00017555.jpg,813,88,1048,355,-1,-1
00017556.jpg,813,89,1048,356,-1,-1
00017557.jpg,813,90,1048,357,-1,-1
00017558.jpg,811,91,1046,358,-1,-1
00017559.jpg,812,90,1047,357,-1,-1
00017560.jpg,812,90,1047,357,-1,-1
00017561.jpg,812,91,1047,358,-1,-1
00017562.jpg,812,93,1047,360,-1,-1
00017563.jpg,812,94,1047,361,-1,-1
00017564.jpg,813,94,1048,361,-1,-1
00017565.jpg,813,90,1048,357,-1,-1
00017566.jpg,813,89,1048,356,-1,-1
00017567.jpg,813,89,1048,356,-1,-1
00017568.jpg,813,87,1048,354,-1,-1
00017569.jpg,814,87,1049,354,-1,-1
00017570.jpg,814,87,1049,354,-1,-1
00017571.jpg,815,88,1050,355,-1,-1
00017572.jpg,816,88,1051,355,-1,-1
00017573.jpg,816,89,1051,356,-1,-1
00017574.jpg,815,88,1050,355,-1,-1
00017575.jpg,815,89,1050,356,-1,-1
00017576.jpg,814,89,1049,356,-1,-1
00017577.jpg,814,88,1049,355,-1,-1
00017578.jpg,813,88,1048,355,-1,-1
00017579.jpg,813,89,1048,356,-1,-1
00017580.jpg,813,89,1048,356,-1,-1
00017581.jpg,813,89,1048,356,-1,-1
00017582.jpg,813,90,1048,357,-1,-1
00017583.jpg,813,90,1048,357,-1,-1
00017584.jpg,813,90,1048,357,-1,-1
00017585.jpg,812,91,1047,358,-1,-1
00017586.jpg,813,90,1048,357,-1,-1
00017587.jpg,813,88,1048,355,-1,-1
00017588.jpg,813,88,1048,355,-1,-1
00017589.jpg,813,88,1048,355,-1,-1
00017590.jpg,814,89,1049,356,-1,-1
00017591.jpg,815,90,1050,357,-1,-1
00017592.jpg,815,89,1050,356,-1,-1
00017593.jpg,815,87,1050,354,-1,-1
00017594.jpg,815,86,1050,353,-1,-1
00017595.jpg,815,85,1050,352,-1,-1
00017596.jpg,814,85,1049,352,-1,-1
00017597.jpg,814,86,1049,353,-1,-1
00017598.jpg,814,86,1049,353,-1,-1
00017599.jpg,814,87,1049,354,-1,-1
00017600.jpg,814,87,1049,354,-1,-1
00017601.jpg,814,87,1049,354,-1,-1
00017602.jpg,814,88,1049,355,-1,-1
00017603.jpg,813,88,1048,355,-1,-1
00017604.jpg,813,89,1048,356,-1,-1
00017605.jpg,813,88,1048,355,-1,-1
00017606.jpg,813,89,1048,356,-1,-1
00017607.jpg,813,89,1048,356,-1,-1
00017608.jpg,812,89,1047,356,-1,-1
00017609.jpg,812,88,1047,355,-1,-1
00017610.jpg,812,88,1047,355,-1,-1
00017611.jpg,812,87,1047,354,-1,-1
00017612.jpg,812,86,1047,353,-1,-1
00017613.jpg,819,87,1050,353,-1,-1
00017614.jpg,819,87,1050,353,-1,-1
00017615.jpg,819,88,1050,354,-1,-1
00017616.jpg,819,88,1050,354,-1,-1
00017617.jpg,819,89,1050,355,-1,-1
00017618.jpg,819,89,1050,355,-1,-1
00017619.jpg,818,91,1049,357,-1,-1
00017620.jpg,817,93,1048,359,-1,-1
00017621.jpg,816,96,1047,362,-1,-1
00017622.jpg,815,96,1046,362,-1,-1
00017623.jpg,816,95,1047,361,-1,-1
00017624.jpg,818,92,1049,358,-1,-1
00017625.jpg,819,91,1050,357,-1,-1
00017626.jpg,819,90,1050,356,-1,-1
00017627.jpg,819,90,1050,356,-1,-1
00017628.jpg,820,90,1051,356,-1,-1
00017629.jpg,820,91,1051,357,-1,-1
00017630.jpg,820,91,1051,357,-1,-1
00017631.jpg,820,91,1051,357,-1,-1
00017632.jpg,820,91,1051,357,-1,-1
00017633.jpg,820,90,1051,356,-1,-1
00017634.jpg,820,91,1051,357,-1,-1
00017635.jpg,820,91,1051,357,-1,-1
00017636.jpg,820,91,1051,357,-1,-1
00017637.jpg,820,90,1051,356,-1,-1
00017638.jpg,819,90,1050,356,-1,-1
00017639.jpg,819,90,1050,356,-1,-1
00017640.jpg,819,89,1050,355,-1,-1
00017641.jpg,818,88,1049,354,-1,-1
00017642.jpg,817,88,1048,354,-1,-1
00017643.jpg,817,88,1048,354,-1,-1
00017644.jpg,817,89,1048,355,-1,-1
00017645.jpg,816,89,1047,355,-1,-1
00017646.jpg,815,89,1046,355,-1,-1
00017647.jpg,814,90,1045,356,-1,-1
00017648.jpg,814,90,1045,356,-1,-1
00017649.jpg,814,90,1045,356,-1,-1
00017650.jpg,814,90,1045,356,-1,-1
00017651.jpg,814,90,1045,356,-1,-1
00017652.jpg,814,90,1045,356,-1,-1
00017653.jpg,814,91,1045,357,-1,-1
00017654.jpg,815,90,1046,356,-1,-1
00017655.jpg,815,91,1046,357,-1,-1
00017656.jpg,815,92,1046,358,-1,-1
00017657.jpg,815,93,1046,359,-1,-1
00017658.jpg,816,92,1047,358,-1,-1
00017659.jpg,815,94,1046,360,-1,-1
00017660.jpg,815,94,1046,360,-1,-1
00017661.jpg,815,95,1046,361,-1,-1
00017662.jpg,815,95,1046,361,-1,-1
00017663.jpg,814,96,1045,362,-1,-1
00017664.jpg,814,94,1045,360,-1,-1
00017665.jpg,813,94,1044,360,-1,-1
00017666.jpg,813,93,1044,359,-1,-1
00017667.jpg,812,93,1043,359,-1,-1
00017668.jpg,812,92,1043,358,-1,-1
00017669.jpg,812,93,1043,359,-1,-1
00017670.jpg,812,93,1043,359,-1,-1
00017671.jpg,811,94,1042,360,-1,-1
00017672.jpg,810,94,1041,360,-1,-1
00017673.jpg,811,94,1042,360,-1,-1
00017674.jpg,810,95,1041,361,-1,-1
00017675.jpg,810,96,1041,362,-1,-1
00017676.jpg,810,97,1041,363,-1,-1
00017677.jpg,810,98,1041,364,-1,-1
00017678.jpg,809,99,1040,365,-1,-1
00017679.jpg,809,98,1040,364,-1,-1
00017680.jpg,809,98,1040,364,-1,-1
00017681.jpg,810,95,1041,361,-1,-1
00017682.jpg,809,93,1040,359,-1,-1
00017683.jpg,808,91,1039,357,-1,-1
00017684.jpg,807,90,1038,356,-1,-1
00017685.jpg,806,89,1037,355,403,223
00017686.jpg,806,89,1037,355,402,223
00017687.jpg,805,91,1036,357,402,223
00017688.jpg,805,93,1036,359,399,223
00017689.jpg,804,95,1035,361,399,223
00017690.jpg,804,96,1035,362,399,223
00017691.jpg,804,96,1035,362,399,223
00017692.jpg,804,96,1035,362,399,223
00017693.jpg,805,97,1036,363,399,223
00017694.jpg,808,98,1039,364,884,591
00017695.jpg,812,96,1043,362,925,603
00017696.jpg,808,100,1046,370,933,598
00017697.jpg,808,100,1046,370,942,594
00017698.jpg,810,102,1048,372,967,620
00017699.jpg,811,102,1049,372,967,620
00017700.jpg,812,104,1050,374,967,620
00017701.jpg,813,105,1051,375,967,620
00017702.jpg,813,106,1051,376,967,620
00017703.jpg,812,106,1050,376,967,620
00017704.jpg,814,113,1052,383,967,620
00017705.jpg,814,113,1052,383,967,620
00017706.jpg,816,115,1054,385,967,620
00017707.jpg,818,116,1056,386,967,620
00017708.jpg,819,117,1057,387,967,620
00017709.jpg,821,116,1059,386,967,620
00017710.jpg,823,114,1061,384,967,620
00017711.jpg,825,113,1063,383,967,620
00017712.jpg,828,113,1066,383,967,620
00017713.jpg,830,111,1068,381,967,620
00017714.jpg,834,113,1072,383,967,620
00017715.jpg,840,114,1078,384,967,620
00017716.jpg,847,111,1085,381,967,620
00017717.jpg,850,108,1088,378,967,620
00017718.jpg,854,106,1092,376,967,620
00017719.jpg,856,105,1094,375,967,620
00017720.jpg,858,104,1096,374,967,620
00017721.jpg,863,107,1101,377,967,620
00017722.jpg,868,110,1106,380,967,620
00017723.jpg,869,111,1107,381,967,620
00017724.jpg,870,111,1108,381,967,620
00017725.jpg,872,113,1110,383,967,620
00017726.jpg,872,113,1110,383,967,620
00017727.jpg,872,115,1110,385,967,620
00017728.jpg,872,115,1110,385,967,620
00017729.jpg,872,115,1110,385,967,620
00017730.jpg,871,116,1109,386,967,620
00017731.jpg,870,116,1108,386,967,620
00017732.jpg,869,115,1107,385,967,620
00017733.jpg,869,114,1107,384,967,620
00017734.jpg,869,111,1107,381,-1,-1
00017735.jpg,864,106,1102,376,-1,-1
00017736.jpg,867,103,1086,378,-1,-1
00017737.jpg,867,103,1086,378,414,280
00017738.jpg,862,101,1081,376,412,255
00017739.jpg,857,99,1076,374,432,258
00017740.jpg,852,98,1071,373,432,258
00017741.jpg,850,98,1069,373,435,260
00017742.jpg,847,97,1066,372,440,259
00017743.jpg,847,97,1066,372,449,251
