00013995.jpg,656,51,1070,502,-1,-1
00013996.jpg,656,51,1070,502,-1,-1
00013997.jpg,656,51,1070,502,-1,-1
00013998.jpg,656,51,1070,502,-1,-1
00013999.jpg,656,51,1070,502,-1,-1
00014000.jpg,655,50,1069,501,-1,-1
00014001.jpg,654,49,1068,500,-1,-1
00014002.jpg,653,48,1067,499,-1,-1
00014003.jpg,652,47,1066,498,-1,-1
00014004.jpg,652,47,1066,498,-1,-1
00014005.jpg,651,47,1065,498,-1,-1
00014006.jpg,650,47,1064,498,-1,-1
00014007.jpg,648,47,1062,498,-1,-1
00014008.jpg,647,47,1061,498,-1,-1
00014009.jpg,646,47,1060,498,-1,-1
00014010.jpg,645,47,1059,498,-1,-1
00014011.jpg,644,48,1058,499,-1,-1
00014012.jpg,643,48,1057,499,-1,-1
00014013.jpg,642,49,1056,500,-1,-1
00014014.jpg,641,50,1055,501,-1,-1
00014015.jpg,640,51,1054,502,-1,-1
00014016.jpg,639,53,1053,504,-1,-1
00014017.jpg,639,56,1053,507,-1,-1
00014018.jpg,639,59,1053,510,-1,-1
00014019.jpg,639,61,1053,512,-1,-1
00014020.jpg,639,62,1053,513,-1,-1
00014021.jpg,639,64,1053,515,-1,-1
00014022.jpg,639,65,1053,516,-1,-1
00014023.jpg,639,67,1053,518,-1,-1
00014024.jpg,639,71,1053,522,-1,-1
00014025.jpg,639,71,1053,522,-1,-1
