00005226.jpg,915,72,1352,563,-1,-1
00005227.jpg,915,72,1352,563,-1,-1
00005228.jpg,915,72,1352,563,-1,-1
00005229.jpg,915,72,1352,563,-1,-1
00005230.jpg,914,76,1351,567,-1,-1
00005231.jpg,916,77,1353,568,-1,-1
00005232.jpg,918,74,1355,565,-1,-1
00005233.jpg,917,72,1354,563,-1,-1
00005234.jpg,913,73,1350,564,-1,-1
00005235.jpg,908,77,1345,568,-1,-1
00005236.jpg,904,84,1341,575,-1,-1
00005237.jpg,902,90,1339,581,-1,-1
00005238.jpg,902,91,1339,582,-1,-1
00005239.jpg,903,86,1340,577,-1,-1
00005240.jpg,901,81,1338,572,-1,-1
00005241.jpg,894,80,1331,571,-1,-1
00005242.jpg,884,84,1321,575,-1,-1
00005243.jpg,872,90,1309,581,-1,-1
00005244.jpg,862,99,1299,590,-1,-1
00005245.jpg,858,110,1295,601,-1,-1
00005246.jpg,860,116,1297,607,-1,-1
00005247.jpg,863,116,1300,607,-1,-1
00005248.jpg,863,118,1300,609,-1,-1
00005249.jpg,861,122,1298,613,-1,-1
00005250.jpg,859,128,1296,619,-1,-1
00005251.jpg,860,133,1297,624,-1,-1
00005252.jpg,864,134,1301,625,-1,-1
00005253.jpg,871,133,1308,624,-1,-1
00005254.jpg,876,127,1313,618,-1,-1
00005255.jpg,878,121,1315,612,-1,-1
00005256.jpg,877,115,1314,606,-1,-1
00005257.jpg,877,110,1314,601,-1,-1
00005258.jpg,880,105,1317,596,-1,-1
00005259.jpg,872,82,1311,611,-1,-1
00005260.jpg,872,82,1311,611,-1,-1
00005261.jpg,876,79,1315,608,-1,-1
00005262.jpg,880,75,1319,604,-1,-1
00005263.jpg,885,71,1324,600,-1,-1
00005264.jpg,892,67,1331,596,-1,-1
00005265.jpg,896,67,1335,596,-1,-1
00005266.jpg,896,68,1335,597,-1,-1
00005267.jpg,889,68,1328,597,-1,-1
00005268.jpg,877,65,1316,594,-1,-1
00005269.jpg,862,68,1301,597,-1,-1
00005270.jpg,849,75,1288,604,-1,-1
00005271.jpg,840,88,1279,617,-1,-1
00005272.jpg,836,103,1275,632,-1,-1
00005273.jpg,837,118,1276,647,-1,-1
00005274.jpg,839,125,1278,654,-1,-1
00005275.jpg,842,119,1281,648,-1,-1
00005276.jpg,842,111,1281,640,-1,-1
00005277.jpg,840,106,1279,635,-1,-1
00005278.jpg,838,106,1277,635,-1,-1
00005279.jpg,836,106,1275,635,-1,-1
00005280.jpg,837,106,1276,635,-1,-1
00005281.jpg,839,101,1278,630,-1,-1
00005282.jpg,842,97,1281,626,-1,-1
00005283.jpg,844,96,1283,625,-1,-1
00005284.jpg,845,97,1284,626,-1,-1
00005285.jpg,848,103,1287,632,-1,-1
00005286.jpg,851,110,1290,639,-1,-1
00005287.jpg,854,117,1293,646,-1,-1
00005288.jpg,858,123,1297,652,-1,-1
00005289.jpg,862,125,1301,654,-1,-1
00005290.jpg,867,126,1306,655,-1,-1
00005291.jpg,871,127,1310,656,-1,-1
00005292.jpg,873,129,1312,658,-1,-1
00005293.jpg,875,129,1314,658,-1,-1
00005294.jpg,881,123,1320,652,-1,-1
00005295.jpg,880,110,1336,665,-1,-1
00005296.jpg,880,110,1336,665,-1,-1
00005297.jpg,899,95,1367,629,1887,580
00005298.jpg,899,95,1367,629,1887,581
00005299.jpg,905,92,1373,626,1887,581
00005300.jpg,906,93,1374,627,1887,581
00005301.jpg,905,97,1373,631,1887,581
00005302.jpg,903,100,1371,634,1887,581
00005303.jpg,901,102,1369,636,1887,581
00005304.jpg,899,104,1367,638,1887,581
00005305.jpg,898,105,1366,639,1886,573
00005306.jpg,896,104,1364,638,1886,572
00005307.jpg,894,103,1362,637,1886,568
00005308.jpg,892,102,1360,636,1884,561
00005309.jpg,888,103,1356,637,1887,554
00005310.jpg,880,106,1348,640,-1,-1
00005311.jpg,869,114,1337,648,-1,-1
00005312.jpg,868,121,1336,655,-1,-1
00005313.jpg,866,130,1334,664,-1,-1
00005314.jpg,864,138,1332,672,-1,-1
00005315.jpg,862,142,1330,676,-1,-1
00005316.jpg,861,145,1329,679,-1,-1
00005317.jpg,862,148,1330,682,-1,-1
00005318.jpg,864,149,1332,683,-1,-1
00005319.jpg,867,149,1335,683,-1,-1
00005320.jpg,871,149,1339,683,-1,-1
00005321.jpg,874,146,1342,680,-1,-1
00005322.jpg,876,143,1344,677,-1,-1
00005323.jpg,876,140,1344,674,-1,-1
00005324.jpg,876,139,1344,673,-1,-1
00005325.jpg,876,138,1344,672,-1,-1
00005326.jpg,874,140,1342,674,-1,-1
00005327.jpg,871,142,1339,676,-1,-1
00005328.jpg,870,140,1338,674,-1,-1
00005329.jpg,869,138,1337,672,-1,-1
00005330.jpg,869,132,1337,666,-1,-1
00005331.jpg,867,125,1335,659,-1,-1
00005332.jpg,864,116,1332,650,-1,-1
00005333.jpg,855,107,1323,641,-1,-1
00005334.jpg,849,105,1317,639,-1,-1
00005335.jpg,845,104,1313,638,-1,-1
00005336.jpg,847,101,1315,635,-1,-1
00005337.jpg,855,100,1323,634,-1,-1
00005338.jpg,868,117,1336,651,-1,-1
00005339.jpg,882,120,1350,654,-1,-1
00005340.jpg,895,119,1363,653,-1,-1
00005341.jpg,902,121,1370,655,-1,-1
00005342.jpg,907,123,1375,657,-1,-1
00005343.jpg,908,123,1376,657,-1,-1
00005344.jpg,911,122,1379,656,-1,-1
00005345.jpg,913,123,1381,657,-1,-1
00005346.jpg,916,126,1384,660,-1,-1
00005347.jpg,916,126,1384,660,-1,-1
