00044150.jpg,496,50,604,159,254,86
00044151.jpg,496,50,604,159,254,86
00044152.jpg,501,49,609,158,251,87
00044153.jpg,506,48,614,157,253,87
00044154.jpg,510,47,618,156,252,88
00044155.jpg,512,47,620,156,255,88
00044156.jpg,515,47,623,156,466,62
00044157.jpg,517,47,625,156,465,62
00044158.jpg,521,46,629,155,466,63
00044159.jpg,525,45,633,154,465,64
00044160.jpg,529,44,637,153,464,66
00044161.jpg,532,44,640,153,464,66
00044162.jpg,534,45,642,154,464,66
00044163.jpg,539,44,647,153,464,66
00044164.jpg,541,45,649,154,468,65
00044165.jpg,545,45,653,154,472,64
00044166.jpg,547,46,655,155,472,66
00044167.jpg,549,47,657,156,-1,-1
00044168.jpg,551,47,659,156,-1,-1
00044169.jpg,553,44,664,157,-1,-1
00044170.jpg,553,44,664,157,-1,-1
00044171.jpg,556,44,667,157,186,132
00044172.jpg,557,44,668,157,186,132
00044173.jpg,558,44,669,157,186,132
00044174.jpg,559,43,670,156,186,132
00044175.jpg,560,42,671,155,186,132
00044176.jpg,561,42,672,155,186,132
00044177.jpg,561,41,672,154,185,132
00044178.jpg,561,40,672,153,185,132
00044179.jpg,561,40,672,153,184,132
