00001710.jpg,634,154,708,244,726,171
00001711.jpg,634,154,708,244,726,171
00001712.jpg,634,154,708,244,726,171
00001713.jpg,634,154,708,244,726,171
00001714.jpg,634,154,708,244,726,171
00001715.jpg,634,154,708,244,726,171
00001716.jpg,634,155,708,245,726,171
00001717.jpg,634,155,708,245,726,171
00001718.jpg,634,155,708,245,726,172
00001719.jpg,635,155,709,245,726,172
00001720.jpg,635,155,709,245,726,172
00001721.jpg,635,155,709,245,729,174
00001722.jpg,636,155,710,245,729,174
00001723.jpg,637,154,711,244,730,175
00001724.jpg,638,154,712,244,732,176
00001725.jpg,638,154,712,244,732,176
00001726.jpg,638,154,712,244,731,175
00001727.jpg,638,155,712,245,731,175
00001728.jpg,638,154,712,244,731,175
00001729.jpg,638,154,712,244,731,175
00001730.jpg,638,154,712,244,731,175
00001731.jpg,639,154,713,244,731,175
00001732.jpg,639,154,713,244,731,175
00001733.jpg,639,154,713,244,731,175
00001734.jpg,639,153,713,243,731,175
00001735.jpg,639,153,713,243,731,175
00001736.jpg,639,153,713,243,856,326
00001737.jpg,639,153,713,243,856,324
00001738.jpg,639,153,713,243,857,325
00001739.jpg,639,153,713,243,858,310
00001740.jpg,639,152,713,242,862,292
00001741.jpg,639,152,713,242,862,281
00001742.jpg,640,152,714,242,859,264
00001743.jpg,641,152,715,242,857,258
00001744.jpg,641,152,715,242,857,256
00001745.jpg,643,152,717,242,854,248
00001746.jpg,644,152,718,242,852,237
00001747.jpg,646,151,720,241,847,235
00001748.jpg,647,151,721,241,846,231
00001749.jpg,649,151,723,241,845,226
00001750.jpg,649,151,723,241,845,226
00001751.jpg,650,150,724,240,842,221
00001752.jpg,651,150,725,240,839,217
00001753.jpg,653,150,727,240,836,211
00001754.jpg,653,150,727,240,835,199
00001755.jpg,653,150,727,240,834,191
00001756.jpg,653,150,727,240,834,190
00001757.jpg,652,149,726,239,834,185
00001758.jpg,651,149,725,239,832,176
00001759.jpg,649,149,723,239,831,171
00001760.jpg,647,150,721,240,830,165
00001761.jpg,646,150,720,240,830,160
00001762.jpg,646,150,720,240,832,159
00001763.jpg,646,151,720,241,832,155
00001764.jpg,646,151,720,241,832,153
00001765.jpg,645,151,719,241,834,147
00001766.jpg,646,151,720,241,835,143
00001767.jpg,646,151,720,241,834,142
00001768.jpg,646,151,720,241,835,142
00001769.jpg,646,151,720,241,835,138
00001770.jpg,646,151,720,241,837,134
00001771.jpg,646,151,720,241,839,132
00001772.jpg,646,151,720,241,841,132
00001773.jpg,646,152,720,242,843,132
00001774.jpg,646,152,720,242,842,132
00001775.jpg,646,152,720,242,845,133
00001776.jpg,645,152,719,242,846,133
00001777.jpg,644,152,718,242,848,132
00001778.jpg,643,152,717,242,849,132
00001779.jpg,642,152,716,242,850,131
00001780.jpg,642,152,716,242,850,131
00001781.jpg,641,152,715,242,851,131
00001782.jpg,642,152,716,242,850,131
00001783.jpg,641,152,715,242,848,131
00001784.jpg,640,152,714,242,846,131
00001785.jpg,640,152,714,242,844,133
00001786.jpg,640,152,714,242,844,134
00001787.jpg,641,152,715,242,843,134
00001788.jpg,641,152,715,242,842,134
00001789.jpg,640,152,714,242,841,134
00001790.jpg,641,152,715,242,841,134
00001791.jpg,640,152,714,242,842,133
00001792.jpg,640,152,714,242,842,133
00001793.jpg,640,152,714,242,842,133
00001794.jpg,641,152,715,242,843,131
00001795.jpg,641,153,715,243,844,131
00001796.jpg,641,153,715,243,845,131
00001797.jpg,641,154,715,244,846,131
00001798.jpg,641,154,715,244,846,131
00001799.jpg,641,154,715,244,847,131
00001800.jpg,641,155,715,245,849,131
00001801.jpg,641,155,715,245,848,131
00001802.jpg,641,155,715,245,850,131
00001803.jpg,641,156,715,246,851,131
00001804.jpg,641,156,715,246,850,133
00001805.jpg,640,156,714,246,851,132
00001806.jpg,640,157,714,247,853,132
00001807.jpg,639,157,713,247,854,132
00001808.jpg,639,157,713,247,857,132
00001809.jpg,639,158,713,248,857,132
00001810.jpg,639,158,713,248,858,132
00001811.jpg,639,158,713,248,858,132
00001812.jpg,639,158,713,248,861,132
00001813.jpg,640,158,714,248,863,132
00001814.jpg,640,159,714,249,866,132
00001815.jpg,640,159,714,249,866,133
00001816.jpg,640,159,714,249,867,131
00001817.jpg,640,159,714,249,870,131
00001818.jpg,639,159,713,249,868,131
00001819.jpg,638,159,712,249,868,130
00001820.jpg,637,160,711,250,724,181
00001821.jpg,636,160,710,250,724,181
00001822.jpg,636,160,710,250,724,181
00001823.jpg,636,160,710,250,724,181
00001824.jpg,637,160,711,250,723,181
00001825.jpg,638,160,712,250,720,181
00001826.jpg,638,160,712,250,718,181
00001827.jpg,638,160,712,250,718,179
00001828.jpg,638,160,712,250,718,179
00001829.jpg,638,161,712,251,718,179
00001830.jpg,638,161,712,251,717,179
00001831.jpg,638,161,712,251,716,179
00001832.jpg,637,161,711,251,714,179
00001833.jpg,637,161,711,251,714,179
00001834.jpg,637,161,711,251,714,179
00001835.jpg,637,161,711,251,714,179
00001836.jpg,636,161,710,251,712,179
00001837.jpg,636,161,710,251,710,179
00001838.jpg,637,161,711,251,712,176
00001839.jpg,637,162,711,252,713,177
00001840.jpg,637,162,711,252,711,176
00001841.jpg,637,161,711,251,713,176
00001842.jpg,637,162,711,252,712,176
00001843.jpg,637,162,711,252,714,175
00001844.jpg,637,162,711,252,714,175
00001845.jpg,637,162,711,252,718,175
00001846.jpg,637,162,711,252,718,175
00001847.jpg,638,162,712,252,719,175
00001848.jpg,637,161,711,251,721,175
00001849.jpg,638,161,712,251,722,175
00001850.jpg,638,161,712,251,726,173
00001851.jpg,638,161,712,251,730,172
00001852.jpg,639,161,713,251,731,174
00001853.jpg,638,161,712,251,734,172
00001854.jpg,638,161,712,251,738,171
00001855.jpg,638,161,712,251,742,170
00001856.jpg,638,161,712,251,747,170
00001857.jpg,638,161,712,251,752,170
00001858.jpg,638,161,712,251,753,171
00001859.jpg,638,161,712,251,758,173
00001860.jpg,638,161,712,251,759,173
00001861.jpg,638,161,712,251,763,171
00001862.jpg,638,161,712,251,859,143
00001863.jpg,638,161,712,251,859,143
00001864.jpg,638,161,712,251,859,143
00001865.jpg,637,163,714,253,858,142
00001866.jpg,637,163,714,253,858,144
00001867.jpg,637,163,714,253,780,177
00001868.jpg,637,163,714,253,780,178
00001869.jpg,637,163,714,253,780,179
00001870.jpg,637,163,714,253,780,177
00001871.jpg,637,163,714,253,782,178
00001872.jpg,637,163,714,253,642,325
00001873.jpg,637,163,714,253,643,324
00001874.jpg,637,163,714,253,644,325
00001875.jpg,637,163,714,253,643,325
00001876.jpg,637,163,714,253,642,325
00001877.jpg,637,163,714,253,641,326
00001878.jpg,637,163,714,253,643,326
00001879.jpg,637,163,714,253,643,325
00001880.jpg,637,163,714,253,642,326
00001881.jpg,637,163,714,253,642,325
00001882.jpg,637,163,714,253,642,325
00001883.jpg,637,163,714,253,642,324
00001884.jpg,637,163,714,253,643,325
00001885.jpg,637,163,714,253,642,324
00001886.jpg,637,163,714,253,642,325
00001887.jpg,637,163,714,253,642,324
00001888.jpg,637,163,714,253,643,324
00001889.jpg,637,163,714,253,642,325
00001890.jpg,637,163,714,253,642,326
