00006473.jpg,749,108,911,282,1617,266
00006474.jpg,749,108,911,282,1608,273
00006475.jpg,749,108,911,282,1596,272
00006476.jpg,749,108,911,282,1585,272
00006477.jpg,749,108,911,282,1574,273
00006478.jpg,749,108,911,282,1562,274
00006479.jpg,749,108,911,282,1552,277
00006480.jpg,749,108,911,282,1546,281
00006481.jpg,749,108,911,282,1540,280
00006482.jpg,749,108,911,282,1537,281
00006483.jpg,749,108,911,282,1534,278
00006484.jpg,749,108,911,282,1534,278
00006485.jpg,749,108,911,282,1534,278
00006486.jpg,749,108,911,282,1534,278
00006487.jpg,749,108,911,282,1534,278
00006488.jpg,749,108,911,282,1534,277
00006489.jpg,749,108,911,282,1536,277
00006490.jpg,749,108,911,282,1538,277
00006491.jpg,749,108,911,282,1546,278
00006492.jpg,749,108,911,282,1546,278
00006493.jpg,749,108,911,282,1550,277
00006494.jpg,749,109,911,283,1550,273
00006495.jpg,749,109,911,283,1553,270
00006496.jpg,749,109,911,283,1553,270
00006497.jpg,749,109,911,283,1554,268
00006498.jpg,749,109,911,283,1554,268
00006499.jpg,749,109,911,283,1560,268
00006500.jpg,749,109,911,283,1564,268
00006501.jpg,749,109,911,283,1570,268
00006502.jpg,755,110,917,284,1576,268
00006503.jpg,749,110,911,284,1580,268
00006504.jpg,749,110,911,284,1589,266
00006505.jpg,749,110,911,284,1592,266
00006506.jpg,749,110,911,284,1597,269
00006507.jpg,749,110,911,284,1604,268
00006508.jpg,749,110,911,284,1604,268
00006509.jpg,748,110,910,284,1610,270
00006510.jpg,748,110,910,284,1608,270
00006511.jpg,748,110,910,284,1608,270
00006512.jpg,748,110,910,284,1605,273
00006513.jpg,748,110,910,284,1601,274
00006514.jpg,748,110,910,284,1593,277
00006515.jpg,748,110,910,284,1588,280
00006516.jpg,748,110,910,284,1582,282
00006517.jpg,747,110,909,284,1576,284
00006518.jpg,747,110,909,284,1569,289
00006519.jpg,747,110,909,284,1566,288
00006520.jpg,747,110,909,284,1561,288
00006521.jpg,747,110,909,284,1554,289
00006522.jpg,747,110,909,284,1553,289
00006523.jpg,747,110,909,284,1546,293
00006524.jpg,747,110,909,284,1544,292
00006525.jpg,747,110,909,284,1536,293
00006526.jpg,747,110,909,284,1532,294
00006527.jpg,748,110,910,284,1530,296
00006528.jpg,748,110,910,284,1528,300
00006529.jpg,748,110,910,284,1521,301
00006530.jpg,748,110,910,284,1517,304
00006531.jpg,748,110,910,284,1517,305
00006532.jpg,748,110,910,284,1512,309
00006533.jpg,748,110,910,284,1508,309
00006534.jpg,748,110,910,284,1506,308
00006535.jpg,748,110,910,284,1505,309
00006536.jpg,748,110,910,284,1502,309
00006537.jpg,748,110,910,284,1504,310
00006538.jpg,748,110,910,284,1504,310
00006539.jpg,748,110,910,284,1506,312
00006540.jpg,748,110,910,284,1505,312
00006541.jpg,748,110,910,284,1504,312
00006542.jpg,748,110,910,284,1504,312
00006543.jpg,748,110,910,284,1501,309
00006544.jpg,748,110,910,284,1500,309
00006545.jpg,748,110,910,284,1500,309
00006546.jpg,749,110,911,284,1498,308
00006547.jpg,749,110,911,284,1498,308
00006548.jpg,749,110,911,284,1497,306
00006549.jpg,749,110,911,284,1497,306
00006550.jpg,749,110,911,284,1494,308
00006551.jpg,749,110,911,284,1496,310
00006552.jpg,749,110,911,284,1497,309
00006553.jpg,749,110,911,284,1496,309
00006554.jpg,749,110,911,284,1493,310
00006555.jpg,750,110,912,284,1494,313
00006556.jpg,750,110,912,284,1492,314
00006557.jpg,750,110,912,284,1489,316
00006558.jpg,750,110,912,284,1485,321
00006559.jpg,750,110,912,284,1485,324
00006560.jpg,750,110,912,284,1484,325
00006561.jpg,750,110,912,284,1482,325
00006562.jpg,750,110,912,284,1480,321
00006563.jpg,750,110,912,284,1480,322
00006564.jpg,750,110,912,284,1480,322
00006565.jpg,750,110,912,284,1477,321
00006566.jpg,750,110,912,284,1476,320
00006567.jpg,750,110,912,284,1478,320
00006568.jpg,750,110,912,284,1477,318
00006569.jpg,750,110,912,284,1480,316
00006570.jpg,750,110,912,284,1478,316
00006571.jpg,750,110,912,284,1478,313
00006572.jpg,750,110,912,284,1478,313
00006573.jpg,750,109,912,283,1478,309
00006574.jpg,750,109,912,283,1480,309
00006575.jpg,750,109,912,283,1478,308
00006576.jpg,750,109,912,283,1480,309
00006577.jpg,750,109,912,283,1478,310
00006578.jpg,751,110,913,284,1482,312
00006579.jpg,751,110,913,284,1481,312
00006580.jpg,751,110,913,284,1481,312
00006581.jpg,751,109,913,283,1480,312
00006582.jpg,751,109,913,283,1481,310
00006583.jpg,751,109,913,283,1481,310
00006584.jpg,752,110,914,284,1481,310
00006585.jpg,752,109,914,283,1481,310
00006586.jpg,752,109,914,283,1484,312
00006587.jpg,752,109,914,283,1485,314
00006588.jpg,752,109,914,283,1485,317
00006589.jpg,752,109,914,283,1492,316
00006590.jpg,752,109,914,283,1486,314
00006591.jpg,752,109,914,283,1488,314
00006592.jpg,753,109,915,283,1488,314
00006593.jpg,753,109,915,283,1488,316
00006594.jpg,753,109,915,283,1489,314
00006595.jpg,753,109,915,283,1489,314
00006596.jpg,753,109,915,283,1489,314
00006597.jpg,753,109,915,283,1489,314
00006598.jpg,753,109,915,283,1489,314
00006599.jpg,754,109,916,283,1489,314
00006600.jpg,754,109,916,283,1493,316
00006601.jpg,754,109,916,283,1493,316
00006602.jpg,754,109,916,283,1493,316
00006603.jpg,754,109,916,283,1496,317
00006604.jpg,754,109,916,283,1492,317
00006605.jpg,755,109,917,283,1690,506
00006606.jpg,755,109,917,283,1564,557
00006607.jpg,755,109,917,283,1150,444
00006608.jpg,755,109,917,283,1149,444
00006609.jpg,756,109,918,283,1144,442
00006610.jpg,756,109,918,283,1145,445
00006611.jpg,756,109,918,283,1074,398
00006612.jpg,756,109,918,283,1006,350
00006613.jpg,756,109,918,283,1005,350
00006614.jpg,756,109,918,283,1001,350
00006615.jpg,756,109,918,283,1005,346
00006616.jpg,756,109,918,283,1004,349
00006617.jpg,757,109,919,283,1002,345
00006618.jpg,757,109,919,283,1005,346
00006619.jpg,757,109,919,283,1005,345
00006620.jpg,757,109,919,283,1002,342
00006621.jpg,757,109,919,283,1004,344
00006622.jpg,757,109,919,283,1005,346
00006623.jpg,757,109,919,283,1005,346
00006624.jpg,757,109,919,283,1010,346
00006625.jpg,757,109,919,283,1012,346
00006626.jpg,757,109,919,283,1010,348
00006627.jpg,757,109,919,283,1018,344
00006628.jpg,757,109,919,283,1021,345
00006629.jpg,757,109,919,283,1020,344
00006630.jpg,757,109,919,283,1020,338
00006631.jpg,757,109,919,283,1021,342
00006632.jpg,757,109,919,283,1021,342
00006633.jpg,758,109,920,283,1021,342
00006634.jpg,758,109,920,283,1020,342
00006635.jpg,758,109,920,283,1016,342
00006636.jpg,758,109,920,283,1017,338
00006637.jpg,758,109,920,283,972,438
00006638.jpg,758,109,920,283,836,342
00006639.jpg,758,109,920,283,-1,-1
00006640.jpg,758,109,920,283,-1,-1
00006641.jpg,758,109,920,283,-1,-1
00006642.jpg,758,109,920,283,-1,-1
00006643.jpg,758,109,920,283,-1,-1
00006644.jpg,758,109,920,283,-1,-1
00006645.jpg,759,109,921,283,-1,-1
00006646.jpg,759,109,921,283,-1,-1
00006647.jpg,759,109,921,283,-1,-1
00006648.jpg,759,109,921,283,-1,-1
00006649.jpg,759,109,921,283,-1,-1
00006650.jpg,759,109,921,283,-1,-1
00006651.jpg,759,109,921,283,-1,-1
00006652.jpg,759,109,921,283,-1,-1
00006653.jpg,759,109,921,283,-1,-1
00006654.jpg,759,109,921,283,-1,-1
00006655.jpg,759,109,921,283,-1,-1
00006656.jpg,759,109,921,283,-1,-1
00006657.jpg,759,109,921,283,-1,-1
00006658.jpg,759,109,921,283,-1,-1
00006659.jpg,759,109,921,283,-1,-1
00006660.jpg,759,109,921,283,-1,-1
00006661.jpg,759,109,921,283,-1,-1
00006662.jpg,759,109,921,283,-1,-1
00006663.jpg,759,109,921,283,-1,-1
00006664.jpg,758,109,920,283,-1,-1
00006665.jpg,758,109,920,283,-1,-1
00006666.jpg,758,109,920,283,-1,-1
00006667.jpg,758,109,920,283,-1,-1
00006668.jpg,758,109,920,283,-1,-1
00006669.jpg,758,109,920,283,-1,-1
00006670.jpg,758,109,920,283,-1,-1
00006671.jpg,758,109,920,283,-1,-1
00006672.jpg,758,109,920,283,-1,-1
00006673.jpg,758,108,920,282,-1,-1
00006674.jpg,758,108,920,282,-1,-1
00006675.jpg,758,108,920,282,-1,-1
00006676.jpg,758,108,920,282,-1,-1
00006677.jpg,758,108,920,282,-1,-1
00006678.jpg,758,108,920,282,-1,-1
00006679.jpg,758,108,920,282,-1,-1
00006680.jpg,759,108,921,282,-1,-1
00006681.jpg,759,108,921,282,-1,-1
00006682.jpg,759,108,921,282,-1,-1
00006683.jpg,759,108,921,282,-1,-1
00006684.jpg,759,109,921,283,-1,-1
00006685.jpg,759,109,921,283,-1,-1
00006686.jpg,759,109,921,283,1612,254
00006687.jpg,759,108,921,282,1609,253
00006688.jpg,759,108,921,282,1609,253
00006689.jpg,759,108,921,282,1609,253
00006690.jpg,759,108,921,282,1608,253
00006691.jpg,759,108,921,282,1606,253
00006692.jpg,759,108,921,282,1605,252
00006693.jpg,760,108,922,282,1605,252
00006694.jpg,760,108,922,282,1602,252
00006695.jpg,760,108,922,282,1602,252
00006696.jpg,760,108,922,282,1602,252
00006697.jpg,761,108,923,282,1602,252
00006698.jpg,761,108,923,282,1601,256
00006699.jpg,761,108,923,282,1601,256
00006700.jpg,761,108,923,282,1601,256
00006701.jpg,761,108,923,282,1601,256
00006702.jpg,761,108,923,282,1601,256
00006703.jpg,761,108,923,282,1601,256
00006704.jpg,761,108,923,282,1601,256
00006705.jpg,761,108,923,282,1596,257
00006706.jpg,761,108,923,282,1600,257
00006707.jpg,761,108,923,282,1462,574
00006708.jpg,762,108,924,282,1058,329
00006709.jpg,762,109,924,283,822,350
00006710.jpg,762,109,924,283,552,341
00006711.jpg,762,109,924,283,268,340
00006712.jpg,762,109,924,283,265,342
00006713.jpg,762,109,924,283,266,342
00006714.jpg,763,109,925,283,269,341
00006715.jpg,763,109,925,283,264,342
00006716.jpg,763,109,925,283,273,345
00006717.jpg,763,109,925,283,276,348
00006718.jpg,763,109,925,283,286,346
00006719.jpg,763,109,925,283,293,345
00006720.jpg,763,109,925,283,294,345
00006721.jpg,763,109,925,283,296,348
00006722.jpg,763,109,925,283,297,352
00006723.jpg,763,109,925,283,298,352
00006724.jpg,763,109,925,283,294,353
00006725.jpg,763,109,925,283,297,353
00006726.jpg,763,109,925,283,298,354
00006727.jpg,763,109,925,283,296,353
00006728.jpg,763,109,925,283,326,184
00006729.jpg,763,109,925,283,326,184
00006730.jpg,763,109,925,283,326,184
00006731.jpg,763,109,925,283,326,184
00006732.jpg,763,109,925,283,326,184
00006733.jpg,763,109,925,283,326,184
00006734.jpg,763,109,925,283,326,184
00006735.jpg,763,109,925,283,326,184
00006736.jpg,763,109,925,283,326,184
00006737.jpg,763,109,925,283,326,184
00006738.jpg,763,109,925,283,326,184
00006739.jpg,764,109,926,283,326,184
00006740.jpg,764,109,926,283,326,184
00006741.jpg,764,109,926,283,326,184
00006742.jpg,764,109,926,283,326,184
00006743.jpg,764,109,926,283,326,184
00006744.jpg,764,109,926,283,326,184
00006745.jpg,764,109,926,283,326,184
00006746.jpg,764,109,926,283,326,184
00006747.jpg,764,109,926,283,326,184
00006748.jpg,764,109,926,283,326,184
00006749.jpg,764,109,926,283,326,184
00006750.jpg,764,109,926,283,325,186
00006751.jpg,764,109,926,283,325,186
00006752.jpg,764,109,926,283,553,356
00006753.jpg,764,109,926,283,728,470
00006754.jpg,764,109,926,283,913,472
00006755.jpg,764,109,926,283,997,349
00006756.jpg,764,109,926,283,1000,345
00006757.jpg,764,109,926,283,1488,574
00006758.jpg,765,109,927,283,1510,438
00006759.jpg,765,109,927,283,1566,289
00006760.jpg,765,109,927,283,1566,289
00006761.jpg,765,109,927,283,1566,289
00006762.jpg,765,109,927,283,1565,285
00006763.jpg,765,109,927,283,1566,285
00006764.jpg,766,109,928,283,1573,285
00006765.jpg,766,109,928,283,1576,285
00006766.jpg,766,109,928,283,1581,285
00006767.jpg,766,109,928,283,1582,288
00006768.jpg,767,109,929,283,1585,286
00006769.jpg,767,109,929,283,1586,289
00006770.jpg,767,109,929,283,1514,432
00006771.jpg,767,109,929,283,1168,449
00006772.jpg,767,109,929,283,1106,414
00006773.jpg,767,109,929,283,1021,337
00006774.jpg,767,109,929,283,1018,336
