00006473.jpg,487,110,637,278,-1,-1
00006474.jpg,487,110,637,278,-1,-1
00006475.jpg,487,110,637,278,-1,-1
00006476.jpg,487,110,637,278,-1,-1
00006477.jpg,487,110,637,278,-1,-1
00006478.jpg,487,110,637,278,-1,-1
00006479.jpg,487,110,637,278,-1,-1
00006480.jpg,487,110,637,278,-1,-1
00006481.jpg,487,110,637,278,-1,-1
00006482.jpg,486,110,636,278,-1,-1
00006483.jpg,486,110,636,278,-1,-1
00006484.jpg,486,110,636,278,-1,-1
00006485.jpg,486,110,636,278,-1,-1
00006486.jpg,486,110,636,278,-1,-1
00006487.jpg,486,110,636,278,-1,-1
00006488.jpg,486,110,636,278,-1,-1
00006489.jpg,486,110,636,278,-1,-1
00006490.jpg,486,110,636,278,-1,-1
00006491.jpg,486,110,636,278,-1,-1
00006492.jpg,486,110,636,278,-1,-1
00006493.jpg,486,110,636,278,-1,-1
00006494.jpg,486,110,636,278,-1,-1
00006495.jpg,486,110,636,278,-1,-1
00006496.jpg,486,111,636,279,-1,-1
00006497.jpg,486,111,636,279,-1,-1
00006498.jpg,486,111,636,279,-1,-1
00006499.jpg,486,111,636,279,-1,-1
00006500.jpg,486,111,636,279,-1,-1
00006501.jpg,486,111,636,279,-1,-1
00006502.jpg,486,111,636,279,-1,-1
00006503.jpg,486,112,636,280,-1,-1
00006504.jpg,486,112,636,280,-1,-1
00006505.jpg,486,112,636,280,-1,-1
00006506.jpg,486,112,636,280,-1,-1
00006507.jpg,486,112,636,280,-1,-1
00006508.jpg,486,112,636,280,-1,-1
00006509.jpg,486,112,636,280,-1,-1
00006510.jpg,486,112,636,280,-1,-1
00006511.jpg,486,112,636,280,-1,-1
00006512.jpg,486,112,636,280,-1,-1
00006513.jpg,486,112,636,280,-1,-1
00006514.jpg,486,112,636,280,780,329
00006515.jpg,485,112,635,280,762,388
00006516.jpg,485,112,635,280,712,460
00006517.jpg,485,112,635,280,716,460
00006518.jpg,485,112,635,280,712,461
00006519.jpg,485,112,635,280,714,460
00006520.jpg,485,112,635,280,717,460
00006521.jpg,485,112,635,280,716,460
00006522.jpg,485,112,635,280,717,460
00006523.jpg,485,112,635,280,716,460
00006524.jpg,485,112,635,280,718,462
00006525.jpg,485,112,635,280,718,460
00006526.jpg,485,112,635,280,717,458
00006527.jpg,485,112,635,280,776,397
00006528.jpg,485,112,635,280,801,334
00006529.jpg,485,112,635,280,802,334
00006530.jpg,485,112,635,280,801,334
00006531.jpg,485,112,635,280,802,334
00006532.jpg,485,112,635,280,802,336
00006533.jpg,485,112,635,280,802,334
00006534.jpg,485,112,635,280,801,336
00006535.jpg,485,112,635,280,802,336
00006536.jpg,485,112,635,280,801,336
00006537.jpg,485,112,635,280,802,336
00006538.jpg,485,112,635,280,-1,-1
00006539.jpg,485,112,635,280,-1,-1
00006540.jpg,485,112,635,280,-1,-1
00006541.jpg,486,112,636,280,-1,-1
00006542.jpg,486,112,636,280,-1,-1
00006543.jpg,486,112,636,280,-1,-1
00006544.jpg,486,112,636,280,-1,-1
00006545.jpg,486,112,636,280,-1,-1
00006546.jpg,486,112,636,280,-1,-1
00006547.jpg,487,112,637,280,-1,-1
00006548.jpg,487,112,637,280,-1,-1
00006549.jpg,487,112,637,280,-1,-1
00006550.jpg,487,112,637,280,-1,-1
00006551.jpg,487,112,637,280,-1,-1
00006552.jpg,487,112,637,280,-1,-1
00006553.jpg,487,112,637,280,-1,-1
00006554.jpg,487,112,637,280,-1,-1
00006555.jpg,487,112,637,280,-1,-1
00006556.jpg,487,112,637,280,-1,-1
00006557.jpg,487,112,637,280,-1,-1
00006558.jpg,487,112,637,280,-1,-1
00006559.jpg,488,112,638,280,-1,-1
00006560.jpg,488,112,638,280,-1,-1
00006561.jpg,488,112,638,280,-1,-1
00006562.jpg,487,112,637,280,-1,-1
00006563.jpg,487,112,637,280,-1,-1
00006564.jpg,487,112,637,280,-1,-1
00006565.jpg,487,112,637,280,-1,-1
00006566.jpg,488,112,638,280,801,321
00006567.jpg,488,112,638,280,801,360
00006568.jpg,487,112,637,280,801,360
00006569.jpg,488,112,638,280,806,362
00006570.jpg,488,112,638,280,1038,340
00006571.jpg,487,112,637,280,1038,341
00006572.jpg,488,112,638,280,1036,341
00006573.jpg,488,112,638,280,1036,341
00006574.jpg,488,112,638,280,1038,341
00006575.jpg,488,112,638,280,1480,318
00006576.jpg,488,112,638,280,1478,316
00006577.jpg,488,111,638,279,1478,318
00006578.jpg,488,111,638,279,1480,318
00006579.jpg,488,111,638,279,1480,317
00006580.jpg,488,111,638,279,1480,318
00006581.jpg,488,111,638,279,1478,318
00006582.jpg,489,111,639,279,1478,317
00006583.jpg,489,111,639,279,1480,317
00006584.jpg,489,111,639,279,1481,317
00006585.jpg,489,111,639,279,1481,314
00006586.jpg,490,112,640,280,1482,314
00006587.jpg,490,112,640,280,1484,316
00006588.jpg,490,112,640,280,1482,313
00006589.jpg,490,112,640,280,1485,316
00006590.jpg,490,111,640,279,1486,317
00006591.jpg,490,111,640,279,1488,317
00006592.jpg,491,112,641,280,1489,317
00006593.jpg,491,112,641,280,1489,317
00006594.jpg,491,112,641,280,1490,314
00006595.jpg,491,111,641,279,1489,316
00006596.jpg,491,111,641,279,1494,317
00006597.jpg,491,111,641,279,1493,316
00006598.jpg,491,111,641,279,1492,316
00006599.jpg,491,111,641,279,1493,316
00006600.jpg,491,111,641,279,1496,316
00006601.jpg,491,111,641,279,1496,317
00006602.jpg,492,111,642,279,1497,317
00006603.jpg,492,111,642,279,1498,318
00006604.jpg,492,111,642,279,1500,318
00006605.jpg,492,111,642,279,1500,317
00006606.jpg,492,111,642,279,1498,316
00006607.jpg,493,111,643,279,1028,317
00006608.jpg,493,111,643,279,1026,321
00006609.jpg,493,111,643,279,-1,-1
00006610.jpg,493,111,643,279,-1,-1
00006611.jpg,494,111,644,279,-1,-1
00006612.jpg,494,111,644,279,-1,-1
00006613.jpg,494,111,644,279,-1,-1
00006614.jpg,494,111,644,279,-1,-1
00006615.jpg,494,111,644,279,-1,-1
00006616.jpg,495,111,645,279,-1,-1
00006617.jpg,495,111,645,279,-1,-1
00006618.jpg,495,111,645,279,-1,-1
00006619.jpg,495,111,645,279,-1,-1
00006620.jpg,495,111,645,279,-1,-1
00006621.jpg,495,111,645,279,-1,-1
00006622.jpg,495,111,645,279,-1,-1
00006623.jpg,495,111,645,279,-1,-1
00006624.jpg,495,110,645,278,-1,-1
00006625.jpg,495,110,645,278,-1,-1
00006626.jpg,495,110,645,278,-1,-1
00006627.jpg,495,110,645,278,-1,-1
00006628.jpg,495,111,645,279,-1,-1
00006629.jpg,495,111,645,279,-1,-1
00006630.jpg,495,111,645,279,-1,-1
00006631.jpg,487,111,637,279,-1,-1
00006632.jpg,486,111,636,279,-1,-1
00006633.jpg,485,111,635,279,-1,-1
00006634.jpg,484,111,634,279,-1,-1
00006635.jpg,484,111,634,279,-1,-1
00006636.jpg,483,111,633,279,-1,-1
00006637.jpg,481,111,631,279,-1,-1
00006638.jpg,480,112,630,280,-1,-1
00006639.jpg,480,112,630,280,-1,-1
00006640.jpg,480,112,630,280,-1,-1
00006641.jpg,480,112,630,280,-1,-1
00006642.jpg,480,113,630,281,280,369
00006643.jpg,479,114,629,282,288,369
00006644.jpg,480,114,630,282,286,368
00006645.jpg,479,115,629,283,286,366
00006646.jpg,479,115,629,283,288,369
00006647.jpg,479,115,629,283,289,364
00006648.jpg,479,116,629,284,288,360
00006649.jpg,479,116,629,284,286,358
00006650.jpg,479,116,629,284,289,358
00006651.jpg,479,117,629,285,289,360
00006652.jpg,480,117,630,285,290,361
00006653.jpg,480,117,630,285,288,358
00006654.jpg,480,118,630,286,290,361
00006655.jpg,480,118,630,286,292,361
00006656.jpg,480,119,630,287,290,361
00006657.jpg,480,119,630,287,288,365
00006658.jpg,481,119,631,287,285,362
00006659.jpg,481,119,631,287,285,366
00006660.jpg,481,120,631,288,282,369
00006661.jpg,482,120,632,288,281,369
00006662.jpg,482,120,632,288,278,369
00006663.jpg,482,120,632,288,277,370
00006664.jpg,496,111,646,279,276,369
00006665.jpg,496,111,646,279,274,369
00006666.jpg,496,111,646,279,273,362
00006667.jpg,496,111,646,279,273,358
00006668.jpg,496,111,646,279,277,353
00006669.jpg,496,111,646,279,277,353
00006670.jpg,496,111,646,279,277,353
00006671.jpg,496,111,646,279,276,350
00006672.jpg,496,111,646,279,276,350
00006673.jpg,496,111,646,279,273,349
00006674.jpg,496,111,646,279,273,349
00006675.jpg,496,111,646,279,273,349
00006676.jpg,496,111,646,279,272,352
00006677.jpg,496,111,646,279,270,354
00006678.jpg,496,111,646,279,270,356
00006679.jpg,496,111,646,279,270,358
00006680.jpg,496,111,646,279,268,358
00006681.jpg,496,111,646,279,268,358
00006682.jpg,496,111,646,279,266,357
00006683.jpg,496,111,646,279,262,354
00006684.jpg,496,111,646,279,261,349
00006685.jpg,496,111,646,279,257,349
00006686.jpg,496,111,646,279,257,349
00006687.jpg,496,111,646,279,258,349
00006688.jpg,496,111,646,279,258,349
00006689.jpg,496,111,646,279,258,349
00006690.jpg,496,111,646,279,258,349
00006691.jpg,496,111,646,279,258,349
00006692.jpg,497,111,647,279,262,349
00006693.jpg,497,111,647,279,261,348
00006694.jpg,497,111,647,279,260,348
00006695.jpg,497,111,647,279,258,349
00006696.jpg,497,111,647,279,258,349
00006697.jpg,498,111,648,279,258,349
00006698.jpg,498,111,648,279,258,346
00006699.jpg,498,111,648,279,258,345
00006700.jpg,498,111,648,279,258,349
00006701.jpg,498,111,648,279,261,345
00006702.jpg,498,111,648,279,258,349
00006703.jpg,498,111,648,279,258,349
00006704.jpg,498,111,648,279,258,349
00006705.jpg,499,111,649,279,262,345
00006706.jpg,499,111,649,279,258,349
00006707.jpg,499,111,649,279,264,345
00006708.jpg,499,111,649,279,258,349
00006709.jpg,499,111,649,279,265,345
00006710.jpg,500,111,650,279,264,345
00006711.jpg,500,111,650,279,265,345
00006712.jpg,500,111,650,279,266,345
00006713.jpg,500,111,650,279,268,345
00006714.jpg,500,111,650,279,268,345
00006715.jpg,501,111,651,279,270,344
00006716.jpg,501,111,651,279,274,344
00006717.jpg,501,111,651,279,276,344
00006718.jpg,501,111,651,279,281,346
00006719.jpg,501,111,651,279,284,346
00006720.jpg,501,111,651,279,288,349
00006721.jpg,501,111,651,279,292,350
00006722.jpg,501,111,651,279,297,350
00006723.jpg,501,111,651,279,298,350
00006724.jpg,501,111,651,279,301,353
00006725.jpg,501,111,651,279,300,357
00006726.jpg,501,111,651,279,298,361
00006727.jpg,501,111,651,279,298,365
00006728.jpg,501,111,651,279,300,369
00006729.jpg,501,111,651,279,298,368
00006730.jpg,501,111,651,279,300,373
00006731.jpg,501,111,651,279,294,378
00006732.jpg,501,111,651,279,294,380
00006733.jpg,501,111,651,279,294,382
00006734.jpg,501,111,651,279,294,386
00006735.jpg,501,111,651,279,294,388
00006736.jpg,501,111,651,279,294,389
00006737.jpg,501,111,651,279,374,449
00006738.jpg,502,111,652,279,472,460
00006739.jpg,502,111,652,279,556,422
00006740.jpg,502,111,652,279,558,422
00006741.jpg,502,111,652,279,653,474
00006742.jpg,502,111,652,279,740,462
00006743.jpg,502,111,652,279,830,388
00006744.jpg,502,111,652,279,1033,346
00006745.jpg,502,111,652,279,1024,344
00006746.jpg,502,111,652,279,1014,340
00006747.jpg,502,111,652,279,1006,340
00006748.jpg,502,111,652,279,1002,338
00006749.jpg,502,111,652,279,1008,337
00006750.jpg,502,111,652,279,997,334
00006751.jpg,502,111,652,279,998,336
00006752.jpg,502,111,652,279,1558,285
00006753.jpg,502,111,652,279,1558,289
00006754.jpg,502,111,652,279,1556,290
00006755.jpg,503,111,653,279,1557,290
00006756.jpg,503,111,653,279,1557,290
00006757.jpg,503,111,653,279,1557,290
00006758.jpg,503,111,653,279,1558,286
00006759.jpg,503,111,653,279,1562,286
00006760.jpg,503,111,653,279,1564,286
00006761.jpg,503,111,653,279,1566,285
00006762.jpg,503,111,653,279,1568,285
00006763.jpg,504,111,654,279,1570,285
00006764.jpg,504,111,654,279,1573,285
00006765.jpg,504,111,654,279,1576,285
00006766.jpg,504,111,654,279,1580,285
00006767.jpg,504,111,654,279,1581,285
00006768.jpg,505,111,655,279,1582,286
00006769.jpg,505,111,655,279,1584,286
00006770.jpg,505,111,655,279,1586,288
00006771.jpg,505,111,655,279,1589,290
00006772.jpg,505,111,655,279,1593,289
00006773.jpg,505,111,655,279,1597,288
00006774.jpg,505,111,655,279,1600,289
