00007827.jpg,826,32,1058,260,-1,-1
00007828.jpg,826,32,1058,260,-1,-1
00007829.jpg,826,32,1058,260,-1,-1
00007830.jpg,826,32,1058,260,-1,-1
00007831.jpg,826,32,1058,260,-1,-1
00007832.jpg,825,32,1057,260,-1,-1
00007833.jpg,826,32,1058,260,-1,-1
00007834.jpg,826,32,1058,260,-1,-1
00007835.jpg,827,33,1059,261,-1,-1
00007836.jpg,829,33,1061,261,-1,-1
00007837.jpg,832,34,1064,262,-1,-1
00007838.jpg,836,35,1068,263,-1,-1
00007839.jpg,839,36,1071,264,-1,-1
00007840.jpg,841,38,1073,266,-1,-1
00007841.jpg,844,38,1076,266,-1,-1
00007842.jpg,845,38,1077,266,-1,-1
00007843.jpg,848,37,1080,265,-1,-1
00007844.jpg,850,37,1082,265,-1,-1
00007845.jpg,853,37,1085,265,-1,-1
00007846.jpg,855,35,1087,263,-1,-1
00007847.jpg,858,34,1090,262,-1,-1
00007848.jpg,857,26,1076,251,-1,-1
00007849.jpg,857,26,1076,251,-1,-1
00007850.jpg,861,25,1080,250,-1,-1
00007851.jpg,863,27,1082,252,-1,-1
00007852.jpg,864,27,1083,252,-1,-1
00007853.jpg,864,27,1083,252,-1,-1
00007854.jpg,865,27,1084,252,-1,-1
00007855.jpg,866,26,1085,251,-1,-1
00007856.jpg,870,26,1089,251,-1,-1
00007857.jpg,872,25,1091,250,-1,-1
00007858.jpg,874,24,1093,249,-1,-1
00007859.jpg,876,22,1095,247,-1,-1
00007860.jpg,877,21,1096,246,-1,-1
00007861.jpg,879,21,1098,246,-1,-1
00007862.jpg,880,21,1099,246,-1,-1
00007863.jpg,880,22,1099,247,-1,-1
00007864.jpg,877,23,1096,248,-1,-1
00007865.jpg,876,23,1095,248,-1,-1
00007866.jpg,874,24,1093,249,-1,-1
00007867.jpg,874,26,1093,251,-1,-1
00007868.jpg,876,27,1095,252,-1,-1
00007869.jpg,879,29,1098,254,-1,-1
00007870.jpg,883,28,1102,253,-1,-1
00007871.jpg,886,27,1105,252,-1,-1
00007872.jpg,889,28,1108,253,-1,-1
00007873.jpg,891,28,1110,253,-1,-1
00007874.jpg,891,28,1110,253,-1,-1
00007875.jpg,891,28,1110,253,-1,-1
00007876.jpg,890,28,1109,253,-1,-1
00007877.jpg,889,28,1108,253,-1,-1
00007878.jpg,888,28,1107,253,-1,-1
00007879.jpg,887,28,1106,253,-1,-1
00007880.jpg,886,28,1105,253,-1,-1
00007881.jpg,885,28,1104,253,-1,-1
00007882.jpg,888,28,1107,253,-1,-1
00007883.jpg,888,28,1107,253,-1,-1
