00000000.jpg,299,124,379,211,425,334
00000001.jpg,299,124,379,211,425,334
00000002.jpg,299,124,379,211,425,334
00000003.jpg,299,124,379,211,425,334
00000004.jpg,299,123,379,210,425,334
00000005.jpg,299,123,379,210,425,334
00000006.jpg,300,123,380,210,428,334
00000007.jpg,300,123,380,210,425,334
00000008.jpg,301,123,381,210,425,334
00000009.jpg,302,123,382,210,425,334
00000010.jpg,302,122,382,209,425,334
00000011.jpg,303,122,383,209,425,334
00000012.jpg,304,123,384,210,425,334
00000013.jpg,305,123,385,210,425,334
00000014.jpg,306,123,386,210,425,334
00000015.jpg,307,123,387,210,425,334
00000016.jpg,308,123,388,210,425,334
00000017.jpg,308,123,388,210,425,333
00000018.jpg,309,123,389,210,425,333
00000019.jpg,310,122,390,209,425,333
00000020.jpg,311,122,391,209,425,333
00000021.jpg,312,122,392,209,425,333
00000022.jpg,313,122,393,209,425,333
00000023.jpg,314,122,394,209,425,333
00000024.jpg,315,122,395,209,425,333
00000025.jpg,315,122,395,209,427,332
00000026.jpg,316,121,396,208,427,332
00000027.jpg,317,121,397,208,429,331
00000028.jpg,318,121,398,208,429,331
00000029.jpg,319,121,399,208,429,331
00000030.jpg,319,121,399,208,429,330
00000031.jpg,320,121,400,208,429,330
00000032.jpg,320,121,400,208,429,330
00000033.jpg,320,121,400,208,429,330
00000034.jpg,319,120,399,207,429,330
00000035.jpg,318,120,398,207,429,330
00000036.jpg,318,122,399,208,-1,-1
00000037.jpg,318,122,399,208,-1,-1
00000038.jpg,317,122,398,208,-1,-1
00000039.jpg,316,121,397,207,-1,-1
00000040.jpg,315,121,396,207,-1,-1
00000041.jpg,306,111,396,202,-1,-1
00000042.jpg,306,111,396,202,709,146
00000043.jpg,305,110,395,201,709,146
00000044.jpg,304,110,394,201,709,146
00000045.jpg,302,109,392,200,709,146
00000046.jpg,301,109,391,200,709,146
00000047.jpg,300,108,390,199,709,146
00000048.jpg,299,108,389,199,709,146
00000049.jpg,298,107,388,198,709,146
00000050.jpg,296,106,386,197,709,146
00000051.jpg,295,106,385,197,709,147
00000052.jpg,294,105,384,196,713,151
00000053.jpg,293,105,383,196,714,154
00000054.jpg,293,104,383,195,716,156
00000055.jpg,292,104,382,195,710,158
00000056.jpg,291,104,381,195,707,159
00000057.jpg,291,103,381,194,705,160
00000058.jpg,290,103,380,194,701,161
00000059.jpg,290,103,380,194,700,161
00000060.jpg,290,103,380,194,693,160
00000061.jpg,289,103,379,194,688,159
00000062.jpg,289,103,379,194,681,156
00000063.jpg,290,103,380,194,679,154
00000064.jpg,290,103,380,194,669,152
00000065.jpg,290,103,380,194,667,149
00000066.jpg,291,103,381,194,661,147
00000067.jpg,291,103,381,194,660,142
00000068.jpg,292,103,382,194,659,139
00000069.jpg,293,102,383,193,657,136
00000070.jpg,294,102,384,193,657,133
00000071.jpg,294,102,384,193,657,130
00000072.jpg,295,102,385,193,655,129
00000073.jpg,295,102,385,193,655,129
00000074.jpg,296,102,386,193,655,128
00000075.jpg,296,103,386,194,658,124
00000076.jpg,297,103,387,194,658,122
00000077.jpg,297,103,387,194,659,119
00000078.jpg,298,103,388,194,659,118
00000079.jpg,299,104,389,195,659,118
00000080.jpg,300,104,390,195,659,118
00000081.jpg,301,105,391,196,659,118
00000082.jpg,303,106,393,197,659,118
00000083.jpg,305,106,395,197,659,118
00000084.jpg,307,107,397,198,659,118
00000085.jpg,309,108,399,199,658,118
00000086.jpg,311,109,401,200,656,118
00000087.jpg,314,109,404,200,653,118
00000088.jpg,317,110,407,201,653,118
00000089.jpg,320,110,410,201,-1,-1
00000090.jpg,323,111,413,202,-1,-1
00000091.jpg,326,111,416,202,-1,-1
00000092.jpg,329,111,419,202,-1,-1
00000093.jpg,332,111,422,202,-1,-1
00000094.jpg,335,110,425,201,-1,-1
00000095.jpg,338,108,428,199,645,124
00000096.jpg,340,107,430,198,645,125
00000097.jpg,343,105,433,196,642,126
00000098.jpg,344,104,434,195,641,124
00000099.jpg,344,104,434,195,640,125
00000100.jpg,344,104,434,195,639,127
00000101.jpg,344,104,434,195,639,127
00000102.jpg,343,105,433,196,639,127
00000103.jpg,340,107,430,198,639,127
00000104.jpg,339,108,429,199,636,131
00000105.jpg,336,109,426,200,637,133
00000106.jpg,333,110,423,201,636,134
00000107.jpg,331,110,421,201,636,133
00000108.jpg,328,110,418,201,635,135
00000109.jpg,326,109,416,200,-1,-1
00000110.jpg,324,108,414,199,-1,-1
00000111.jpg,321,108,411,199,-1,-1
00000112.jpg,318,108,408,199,-1,-1
00000113.jpg,316,108,406,199,-1,-1
00000114.jpg,314,108,404,199,-1,-1
00000115.jpg,313,108,403,199,-1,-1
00000116.jpg,311,108,401,199,-1,-1
00000117.jpg,310,108,400,199,914,169
00000118.jpg,309,107,399,198,912,171
00000119.jpg,308,107,398,198,912,171
00000120.jpg,307,107,397,198,911,172
00000121.jpg,306,107,396,198,909,173
00000122.jpg,305,107,395,198,908,173
00000123.jpg,304,107,394,198,906,173
00000124.jpg,303,107,393,198,903,176
00000125.jpg,303,107,393,198,901,177
00000126.jpg,302,107,392,198,901,177
00000127.jpg,301,107,391,198,901,177
00000128.jpg,300,107,390,198,903,176
00000129.jpg,299,107,389,198,903,176
00000130.jpg,298,107,388,198,903,176
00000131.jpg,297,108,387,199,903,176
00000132.jpg,296,108,386,199,903,176
00000133.jpg,295,108,385,199,903,176
00000134.jpg,294,108,384,199,903,176
00000135.jpg,293,108,383,199,905,175
00000136.jpg,292,108,382,199,905,175
00000137.jpg,292,107,382,198,905,175
00000138.jpg,291,108,381,199,905,175
00000139.jpg,291,107,381,198,905,175
00000140.jpg,291,107,381,198,902,181
00000141.jpg,291,107,381,198,901,182
00000142.jpg,291,107,381,198,901,182
00000143.jpg,291,107,381,198,901,182
00000144.jpg,291,107,381,198,895,188
00000145.jpg,291,108,381,199,895,189
00000146.jpg,291,108,381,199,895,189
00000147.jpg,291,108,381,199,895,189
00000148.jpg,292,108,382,199,895,189
00000149.jpg,292,108,382,199,895,189
00000150.jpg,292,108,382,199,895,189
