00000000.jpg,643,116,724,200,782,346
00000001.jpg,651,112,730,201,782,346
00000002.jpg,665,108,745,200,782,346
00000003.jpg,669,115,753,200,782,346
00000004.jpg,685,119,761,203,-1,-1
00000005.jpg,690,115,770,202,-1,-1
00000006.jpg,700,116,782,205,-1,-1
00000007.jpg,710,118,791,209,-1,-1
00000008.jpg,718,125,800,213,-1,-1
00000009.jpg,720,122,805,213,-1,-1
00000010.jpg,731,126,817,214,-1,-1
00000011.jpg,731,126,817,214,-1,-1
00000012.jpg,732,125,818,213,-1,-1
00000013.jpg,732,125,818,213,-1,-1
00000014.jpg,731,124,817,212,-1,-1
00000015.jpg,729,124,815,212,-1,-1
00000016.jpg,724,122,810,210,-1,-1
00000017.jpg,721,121,807,209,-1,-1
00000018.jpg,716,119,802,207,-1,-1
00000019.jpg,712,118,798,206,-1,-1
00000020.jpg,708,117,794,205,-1,-1
00000021.jpg,704,116,790,204,-1,-1
00000022.jpg,700,116,786,204,-1,-1
00000023.jpg,696,115,782,203,-1,-1
00000024.jpg,691,114,777,202,-1,-1
00000025.jpg,687,113,773,201,-1,-1
00000026.jpg,683,112,769,200,-1,-1
00000027.jpg,679,110,765,198,534,171
00000028.jpg,678,109,764,197,534,171
00000029.jpg,678,107,764,195,534,171
00000030.jpg,677,107,763,195,534,171
00000031.jpg,671,105,757,193,535,171
00000032.jpg,670,105,756,193,535,171
00000033.jpg,670,105,756,193,535,171
00000034.jpg,671,105,757,193,535,171
00000035.jpg,671,105,757,193,535,171
00000036.jpg,671,105,757,193,535,170
00000037.jpg,672,105,758,193,-1,-1
00000038.jpg,673,105,759,193,-1,-1
00000039.jpg,674,105,760,193,-1,-1
00000040.jpg,676,107,762,195,-1,-1
00000041.jpg,678,106,764,194,662,334
00000042.jpg,678,107,764,195,662,334
00000043.jpg,678,108,764,196,662,334
00000044.jpg,677,108,763,196,662,334
00000045.jpg,677,108,763,196,662,334
00000046.jpg,677,108,763,196,662,334
00000047.jpg,678,108,764,196,662,334
00000048.jpg,678,108,764,196,662,334
00000049.jpg,680,108,766,196,662,334
00000050.jpg,681,109,767,197,662,334
00000051.jpg,688,106,767,192,662,334
00000052.jpg,688,106,767,192,662,334
00000053.jpg,688,108,767,194,662,334
00000054.jpg,688,110,767,196,662,334
00000055.jpg,687,111,766,197,662,334
00000056.jpg,686,114,765,200,662,334
00000057.jpg,685,116,764,202,538,173
00000058.jpg,683,120,762,206,538,173
00000059.jpg,680,121,759,207,538,173
00000060.jpg,674,119,753,205,538,173
00000061.jpg,665,114,744,200,538,173
00000062.jpg,662,114,741,200,538,173
00000063.jpg,657,115,736,201,538,173
00000064.jpg,652,114,731,200,538,173
00000065.jpg,647,113,726,199,538,173
00000066.jpg,644,112,723,198,538,173
00000067.jpg,638,109,717,195,359,147
00000068.jpg,636,106,715,192,359,149
00000069.jpg,635,103,714,189,360,150
00000070.jpg,636,99,715,185,363,148
00000071.jpg,636,96,715,182,364,148
00000072.jpg,635,95,714,181,363,148
00000073.jpg,634,92,713,178,364,147
00000074.jpg,633,90,712,176,367,149
00000075.jpg,633,89,712,175,366,149
00000076.jpg,632,88,711,174,366,149
00000077.jpg,632,87,711,173,367,147
00000078.jpg,633,83,712,169,541,177
00000079.jpg,633,82,712,168,541,177
00000080.jpg,633,82,712,168,540,179
00000081.jpg,633,82,712,168,538,179
00000082.jpg,632,82,711,168,540,181
00000083.jpg,632,82,711,168,539,181
00000084.jpg,631,83,710,169,540,180
00000085.jpg,631,82,710,168,538,178
00000086.jpg,630,83,709,169,538,178
00000087.jpg,629,85,708,171,538,177
00000088.jpg,629,85,708,171,535,173
00000089.jpg,628,86,707,172,535,173
00000090.jpg,628,86,707,172,534,171
00000091.jpg,627,88,706,174,533,170
00000092.jpg,627,88,706,174,533,170
00000093.jpg,626,88,705,174,532,167
00000094.jpg,626,88,705,174,530,166
00000095.jpg,622,93,709,171,524,166
00000096.jpg,622,93,709,171,524,166
00000097.jpg,621,93,708,171,524,166
00000098.jpg,621,93,708,171,524,166
00000099.jpg,620,93,707,171,524,166
00000100.jpg,620,93,707,171,522,166
00000101.jpg,613,91,697,168,521,165
00000102.jpg,613,91,697,168,-1,-1
00000103.jpg,613,91,697,168,-1,-1
00000104.jpg,613,91,697,168,-1,-1
00000105.jpg,612,91,696,168,735,339
00000106.jpg,604,83,692,177,738,337
00000107.jpg,604,83,692,177,740,336
00000108.jpg,603,83,691,177,739,336
00000109.jpg,596,86,676,168,740,333
00000110.jpg,596,86,676,168,742,335
00000111.jpg,589,87,669,167,742,335
00000112.jpg,589,87,669,167,742,335
00000113.jpg,588,86,668,166,742,335
00000114.jpg,588,87,668,167,742,335
00000115.jpg,574,79,658,161,742,335
00000116.jpg,574,79,658,161,915,168
00000117.jpg,573,79,657,161,915,169
00000118.jpg,573,80,657,162,914,172
00000119.jpg,573,80,657,162,914,172
00000120.jpg,573,81,657,163,914,172
00000121.jpg,573,81,657,163,911,173
00000122.jpg,573,81,657,163,908,174
00000123.jpg,574,81,658,163,906,174
00000124.jpg,574,82,658,164,904,177
00000125.jpg,575,82,659,164,902,177
00000126.jpg,581,90,659,163,902,177
00000127.jpg,587,90,666,170,-1,-1
00000128.jpg,587,91,673,172,-1,-1
00000129.jpg,587,91,673,172,-1,-1
00000130.jpg,606,95,679,162,-1,-1
00000131.jpg,615,96,699,171,-1,-1
00000132.jpg,615,96,699,171,-1,-1
00000133.jpg,628,101,705,171,-1,-1
00000134.jpg,645,105,709,174,-1,-1
00000135.jpg,648,107,726,185,-1,-1
00000136.jpg,657,110,737,191,-1,-1
00000137.jpg,666,118,746,194,-1,-1
00000138.jpg,674,121,758,203,-1,-1
00000139.jpg,680,123,761,203,-1,-1
00000140.jpg,688,126,776,208,-1,-1
00000141.jpg,697,127,781,208,-1,-1
00000142.jpg,705,133,786,209,-1,-1
00000143.jpg,705,133,786,209,-1,-1
00000144.jpg,707,133,788,209,-1,-1
00000145.jpg,709,133,790,209,-1,-1
00000146.jpg,710,132,791,208,-1,-1
00000147.jpg,712,133,793,209,-1,-1
00000148.jpg,713,133,794,209,-1,-1
00000149.jpg,715,134,796,210,-1,-1
00000150.jpg,715,134,796,210,-1,-1
