00006503.jpg,789,34,1128,418,-1,-1
00006504.jpg,789,34,1128,418,-1,-1
00006505.jpg,789,34,1128,418,-1,-1
00006506.jpg,789,34,1128,418,-1,-1
00006507.jpg,790,34,1129,418,-1,-1
00006508.jpg,790,33,1129,417,-1,-1
00006509.jpg,791,33,1130,417,-1,-1
00006510.jpg,792,33,1131,417,-1,-1
00006511.jpg,793,33,1132,417,-1,-1
00006512.jpg,794,33,1133,417,-1,-1
00006513.jpg,794,34,1133,418,-1,-1
00006514.jpg,795,34,1134,418,-1,-1
00006515.jpg,795,34,1134,418,-1,-1
00006516.jpg,794,34,1133,418,-1,-1
00006517.jpg,794,34,1133,418,-1,-1
00006518.jpg,793,33,1132,417,-1,-1
00006519.jpg,792,33,1131,417,-1,-1
00006520.jpg,791,33,1130,417,-1,-1
00006521.jpg,791,33,1130,417,-1,-1
00006522.jpg,791,33,1130,417,-1,-1
00006523.jpg,790,33,1129,417,-1,-1
00006524.jpg,790,33,1129,417,-1,-1
00006525.jpg,790,33,1129,417,-1,-1
00006526.jpg,790,33,1129,417,-1,-1
00006527.jpg,790,33,1129,417,-1,-1
00006528.jpg,790,33,1129,417,-1,-1
00006529.jpg,790,33,1129,417,-1,-1
00006530.jpg,790,33,1129,417,-1,-1
00006531.jpg,790,32,1129,416,-1,-1
00006532.jpg,791,32,1130,416,-1,-1
00006533.jpg,791,32,1130,416,-1,-1
00006534.jpg,791,32,1130,416,-1,-1
00006535.jpg,790,32,1129,416,-1,-1
00006536.jpg,790,32,1129,416,-1,-1
00006537.jpg,789,32,1128,416,-1,-1
00006538.jpg,789,32,1128,416,-1,-1
00006539.jpg,789,32,1128,416,-1,-1
00006540.jpg,788,31,1127,415,-1,-1
00006541.jpg,787,31,1126,415,-1,-1
00006542.jpg,787,31,1126,415,-1,-1
00006543.jpg,786,31,1125,415,-1,-1
00006544.jpg,786,31,1125,415,-1,-1
00006545.jpg,786,32,1125,416,-1,-1
00006546.jpg,786,32,1125,416,-1,-1
00006547.jpg,787,32,1126,416,-1,-1
00006548.jpg,788,32,1127,416,-1,-1
00006549.jpg,788,32,1127,416,-1,-1
00006550.jpg,788,32,1127,416,-1,-1
00006551.jpg,789,33,1128,417,-1,-1
00006552.jpg,789,33,1128,417,-1,-1
00006553.jpg,789,33,1128,417,-1,-1
00006554.jpg,789,34,1128,418,-1,-1
00006555.jpg,790,35,1129,419,-1,-1
00006556.jpg,790,36,1129,420,-1,-1
00006557.jpg,790,36,1129,420,-1,-1
00006558.jpg,789,36,1128,420,-1,-1
00006559.jpg,789,37,1128,421,-1,-1
00006560.jpg,789,37,1128,421,-1,-1
00006561.jpg,788,37,1127,421,-1,-1
00006562.jpg,787,37,1126,421,-1,-1
00006563.jpg,787,37,1126,421,-1,-1
00006564.jpg,786,37,1125,421,-1,-1
00006565.jpg,786,38,1125,422,-1,-1
00006566.jpg,786,38,1125,422,-1,-1
00006567.jpg,786,38,1125,422,-1,-1
00006568.jpg,786,38,1125,422,-1,-1
00006569.jpg,787,38,1126,422,-1,-1
00006570.jpg,787,38,1126,422,-1,-1
00006571.jpg,786,38,1125,422,-1,-1
00006572.jpg,786,38,1125,422,-1,-1
00006573.jpg,786,37,1125,421,-1,-1
00006574.jpg,786,37,1125,421,-1,-1
00006575.jpg,786,36,1125,420,-1,-1
00006576.jpg,785,36,1124,420,-1,-1
00006577.jpg,785,35,1124,419,-1,-1
00006578.jpg,785,35,1124,419,-1,-1
00006579.jpg,786,35,1125,419,-1,-1
00006580.jpg,786,35,1125,419,-1,-1
00006581.jpg,786,35,1125,419,-1,-1
00006582.jpg,786,35,1125,419,-1,-1
00006583.jpg,786,35,1125,419,-1,-1
00006584.jpg,787,34,1126,418,-1,-1
00006585.jpg,787,34,1126,418,-1,-1
00006586.jpg,788,34,1127,418,-1,-1
00006587.jpg,788,34,1127,418,-1,-1
00006588.jpg,788,34,1127,418,-1,-1
00006589.jpg,788,33,1127,417,-1,-1
00006590.jpg,788,33,1127,417,-1,-1
00006591.jpg,788,32,1127,416,-1,-1
00006592.jpg,788,32,1127,416,-1,-1
00006593.jpg,788,32,1127,416,-1,-1
00006594.jpg,787,32,1126,416,-1,-1
00006595.jpg,787,32,1126,416,-1,-1
00006596.jpg,788,32,1127,416,-1,-1
00006597.jpg,788,32,1127,416,-1,-1
00006598.jpg,788,32,1127,416,-1,-1
00006599.jpg,788,31,1127,415,-1,-1
00006600.jpg,788,31,1127,415,-1,-1
00006601.jpg,788,30,1127,414,-1,-1
00006602.jpg,788,29,1127,413,-1,-1
00006603.jpg,788,28,1127,412,-1,-1
00006604.jpg,786,28,1125,412,-1,-1
00006605.jpg,785,28,1124,412,-1,-1
00006606.jpg,784,28,1123,412,-1,-1
00006607.jpg,784,28,1123,412,17,244
00006608.jpg,784,28,1123,412,16,244
00006609.jpg,785,29,1124,413,13,244
00006610.jpg,785,29,1124,413,26,245
00006611.jpg,785,29,1124,413,33,246
00006612.jpg,786,29,1125,413,40,246
00006613.jpg,785,29,1124,413,48,246
00006614.jpg,785,29,1124,413,65,242
00006615.jpg,785,28,1124,412,78,241
00006616.jpg,784,29,1123,413,84,241
00006617.jpg,784,29,1123,413,89,241
00006618.jpg,784,29,1123,413,93,244
00006619.jpg,784,29,1123,413,97,246
00006620.jpg,784,29,1123,413,96,245
00006621.jpg,784,29,1123,413,98,244
00006622.jpg,783,29,1122,413,96,250
00006623.jpg,782,29,1121,413,96,249
00006624.jpg,782,29,1121,413,80,248
