00018357.jpg,380,197,698,520,-1,-1
00018358.jpg,380,197,698,520,-1,-1
00018359.jpg,364,192,682,515,-1,-1
00018360.jpg,346,187,664,510,-1,-1
00018361.jpg,339,185,657,508,-1,-1
00018362.jpg,321,181,639,504,-1,-1
00018363.jpg,313,181,631,504,-1,-1
00018364.jpg,297,178,615,501,-1,-1
00018365.jpg,283,175,601,498,-1,-1
00018366.jpg,276,174,594,497,-1,-1
00018367.jpg,261,172,579,495,-1,-1
00018368.jpg,252,171,570,494,-1,-1
00018369.jpg,237,171,555,494,-1,-1
00018370.jpg,223,166,517,475,-1,-1
00018371.jpg,223,166,517,475,-1,-1
00018372.jpg,211,165,505,474,-1,-1
00018373.jpg,205,165,499,474,-1,-1
00018374.jpg,193,164,487,473,-1,-1
00018375.jpg,181,163,475,472,-1,-1
00018376.jpg,175,162,469,471,-1,-1
00018377.jpg,163,162,457,471,-1,-1
00018378.jpg,158,163,452,472,-1,-1
00018379.jpg,145,166,439,475,-1,-1
00018380.jpg,135,170,429,479,-1,-1
00018381.jpg,133,172,427,481,-1,-1
00018382.jpg,129,174,423,483,-1,-1
00018383.jpg,128,176,422,485,-1,-1
00018384.jpg,126,181,420,490,-1,-1
00018385.jpg,119,181,413,490,-1,-1
00018386.jpg,118,181,412,490,-1,-1
00018387.jpg,112,190,390,493,-1,-1
00018388.jpg,112,190,390,493,-1,-1
00018389.jpg,111,185,389,488,-1,-1
00018390.jpg,104,180,382,483,-1,-1
00018391.jpg,101,177,379,480,-1,-1
00018392.jpg,100,171,378,474,-1,-1
00018393.jpg,100,167,378,470,-1,-1
00018394.jpg,92,166,370,469,-1,-1
00018395.jpg,92,163,370,466,-1,-1
00018396.jpg,95,161,373,464,-1,-1
00018397.jpg,99,157,377,460,-1,-1
00018398.jpg,102,156,380,459,-1,-1
00018399.jpg,108,155,365,448,-1,-1
00018400.jpg,108,155,365,448,-1,-1
00018401.jpg,110,154,367,447,-1,-1
00018402.jpg,115,153,372,446,1342,461
00018403.jpg,118,152,375,445,1342,461
00018404.jpg,124,151,381,444,1345,458
00018405.jpg,131,149,388,442,1346,454
00018406.jpg,134,149,391,442,1346,449
00018407.jpg,140,146,397,439,1348,449
00018408.jpg,143,145,400,438,1350,449
00018409.jpg,148,141,405,434,1352,448
00018410.jpg,155,140,404,415,1352,446
00018411.jpg,155,140,404,415,1355,446
00018412.jpg,161,137,410,412,1357,443
00018413.jpg,164,135,413,410,1355,441
00018414.jpg,175,132,424,407,1358,438
00018415.jpg,187,130,436,405,1365,433
00018416.jpg,193,129,442,404,1366,431
00018417.jpg,204,125,453,400,1370,426
00018418.jpg,210,122,459,397,1373,424
00018419.jpg,225,118,474,393,1381,423
00018420.jpg,236,114,485,389,1388,423
00018421.jpg,243,114,492,389,1392,423
00018422.jpg,258,113,507,388,1401,423
00018423.jpg,265,113,514,388,1406,421
00018424.jpg,280,112,529,387,1410,418
00018425.jpg,296,110,545,385,1412,418
00018426.jpg,303,110,552,385,1420,418
00018427.jpg,319,109,568,384,1426,418
00018428.jpg,325,109,574,384,1428,416
00018429.jpg,338,109,587,384,1432,413
00018430.jpg,350,109,599,384,1437,414
00018431.jpg,355,109,604,384,1437,414
00018432.jpg,366,110,615,385,1441,416
00018433.jpg,371,110,620,385,1441,416
00018434.jpg,379,111,628,386,1438,416
00018435.jpg,387,113,636,388,1437,415
00018436.jpg,391,113,640,388,1438,414
00018437.jpg,397,114,646,389,1438,414
00018438.jpg,399,114,648,389,1437,414
00018439.jpg,404,115,653,390,1436,414
00018440.jpg,408,115,657,390,1433,414
00018441.jpg,410,115,659,390,1432,414
00018442.jpg,412,116,661,391,1430,413
00018443.jpg,413,116,662,391,1428,413
00018444.jpg,414,117,663,392,1428,413
00018445.jpg,413,117,662,392,1425,413
00018446.jpg,412,117,661,392,1418,413
00018447.jpg,409,118,658,393,1413,413
00018448.jpg,407,118,656,393,1407,414
00018449.jpg,402,118,651,393,1483,654
00018450.jpg,398,119,647,394,1105,834
00018451.jpg,410,120,637,386,1102,834
00018452.jpg,410,120,637,386,1097,834
00018453.jpg,407,120,634,386,1091,838
00018454.jpg,401,120,628,386,-1,-1
00018455.jpg,395,121,622,387,-1,-1
00018456.jpg,393,121,620,387,-1,-1
00018457.jpg,387,122,614,388,-1,-1
00018458.jpg,384,123,611,389,-1,-1
00018459.jpg,379,124,606,390,-1,-1
00018460.jpg,373,125,600,391,-1,-1
00018461.jpg,371,126,598,392,-1,-1
00018462.jpg,371,126,598,392,-1,-1
