00018357.jpg,1346,425,1630,738,-1,-1
00018358.jpg,1346,425,1630,738,-1,-1
00018359.jpg,1346,425,1630,738,-1,-1
00018360.jpg,1346,425,1630,738,-1,-1
00018361.jpg,1348,425,1632,738,-1,-1
00018362.jpg,1350,425,1634,738,-1,-1
00018363.jpg,1352,424,1636,737,-1,-1
00018364.jpg,1355,422,1639,735,-1,-1
00018365.jpg,1356,418,1640,731,-1,-1
00018366.jpg,1356,416,1640,729,-1,-1
00018367.jpg,1353,411,1637,724,-1,-1
00018368.jpg,1351,408,1635,721,-1,-1
00018369.jpg,1346,402,1630,715,-1,-1
00018370.jpg,1341,396,1625,709,-1,-1
00018371.jpg,1339,395,1623,708,-1,-1
00018372.jpg,1332,390,1616,703,-1,-1
00018373.jpg,1328,387,1612,700,-1,-1
00018374.jpg,1322,383,1606,696,-1,-1
00018375.jpg,1315,380,1599,693,-1,-1
00018376.jpg,1312,378,1596,691,-1,-1
00018377.jpg,1308,375,1592,688,-1,-1
00018378.jpg,1303,372,1587,685,-1,-1
00018379.jpg,1312,373,1588,665,276,318
00018380.jpg,1311,369,1587,661,272,318
00018381.jpg,1311,367,1587,659,268,323
00018382.jpg,1311,365,1587,657,263,328
00018383.jpg,1311,364,1587,656,263,331
00018384.jpg,1310,363,1586,655,262,335
00018385.jpg,1310,361,1586,653,256,348
00018386.jpg,1310,361,1586,653,256,350
00018387.jpg,1309,360,1585,652,255,350
00018388.jpg,1309,359,1585,651,255,350
00018389.jpg,1304,347,1541,630,260,346
00018390.jpg,1304,347,1541,630,268,339
00018391.jpg,1304,345,1541,628,270,331
00018392.jpg,1302,342,1539,625,271,325
00018393.jpg,1301,341,1538,624,271,323
00018394.jpg,1298,338,1535,621,266,319
00018395.jpg,1296,335,1533,618,268,315
00018396.jpg,1294,333,1531,616,268,314
00018397.jpg,1292,331,1529,614,283,318
00018398.jpg,1290,329,1527,612,286,315
00018399.jpg,1289,326,1526,609,293,313
00018400.jpg,1289,323,1526,606,298,310
00018401.jpg,1290,322,1527,605,302,309
00018402.jpg,1305,329,1545,593,305,309
00018403.jpg,1305,329,1545,593,311,309
00018404.jpg,1308,326,1548,590,316,305
00018405.jpg,1311,323,1551,587,330,304
00018406.jpg,1312,322,1552,586,331,305
00018407.jpg,1314,319,1554,583,337,301
00018408.jpg,1315,317,1555,581,343,298
00018409.jpg,1317,314,1557,578,350,294
00018410.jpg,1319,311,1559,575,355,290
00018411.jpg,1320,309,1560,573,355,290
00018412.jpg,1322,306,1562,570,363,279
00018413.jpg,1324,304,1564,568,368,276
00018414.jpg,1327,302,1567,566,376,273
00018415.jpg,1330,299,1570,563,382,269
00018416.jpg,1332,298,1572,562,397,264
00018417.jpg,1337,297,1577,561,411,256
00018418.jpg,1340,296,1580,560,413,255
00018419.jpg,1346,294,1586,558,425,255
00018420.jpg,1353,293,1593,557,433,254
00018421.jpg,1357,293,1597,557,443,254
00018422.jpg,1365,292,1605,556,461,253
00018423.jpg,1368,291,1608,555,461,254
00018424.jpg,1376,290,1616,554,472,254
00018425.jpg,1383,289,1623,553,491,249
00018426.jpg,1387,289,1627,553,507,254
00018427.jpg,1393,289,1633,553,513,250
00018428.jpg,1396,288,1636,552,525,253
00018429.jpg,1400,288,1640,552,530,253
00018430.jpg,1404,288,1644,552,542,249
00018431.jpg,1404,286,1647,535,552,251
00018432.jpg,1404,286,1647,535,567,253
00018433.jpg,1404,286,1647,535,567,253
00018434.jpg,1405,287,1648,536,573,254
00018435.jpg,1405,288,1648,537,580,254
00018436.jpg,1405,289,1648,538,582,258
00018437.jpg,1394,289,1631,533,587,258
00018438.jpg,1394,289,1631,533,592,258
00018439.jpg,1393,290,1630,534,597,258
00018440.jpg,1392,292,1629,536,602,258
00018441.jpg,1390,292,1627,536,607,258
00018442.jpg,1384,293,1621,537,607,258
00018443.jpg,1382,294,1619,538,607,258
00018444.jpg,1375,294,1612,538,608,258
00018445.jpg,1371,294,1608,538,608,258
00018446.jpg,1368,295,1605,539,605,259
00018447.jpg,1362,296,1599,540,602,259
00018448.jpg,1360,297,1597,541,600,260
00018449.jpg,1354,297,1591,541,598,259
00018450.jpg,1349,298,1586,542,591,259
00018451.jpg,1346,299,1583,543,582,259
00018452.jpg,1340,299,1577,543,582,259
00018453.jpg,1336,300,1573,544,576,256
00018454.jpg,1330,301,1567,545,571,258
00018455.jpg,1325,303,1562,547,560,258
00018456.jpg,1323,304,1560,548,548,256
00018457.jpg,1311,305,1548,549,541,258
00018458.jpg,1310,306,1547,550,535,260
00018459.jpg,1307,308,1544,552,528,259
00018460.jpg,1303,310,1540,554,517,256
00018461.jpg,1301,311,1538,555,505,258
00018462.jpg,1301,311,1538,555,505,258
