00044163.jpg,868,9,1085,240,-1,-1
00044164.jpg,868,9,1085,240,-1,-1
00044165.jpg,868,9,1085,240,-1,-1
00044166.jpg,868,9,1085,240,-1,-1
00044167.jpg,862,9,1079,240,-1,-1
00044168.jpg,857,8,1074,239,-1,-1
00044169.jpg,851,8,1068,239,-1,-1
00044170.jpg,846,7,1063,238,-1,-1
00044171.jpg,841,7,1058,238,-1,-1
00044172.jpg,835,6,1052,237,-1,-1
00044173.jpg,830,6,1047,237,-1,-1
00044174.jpg,826,6,1043,237,-1,-1
00044175.jpg,822,5,1039,236,-1,-1
00044176.jpg,818,5,1035,236,-1,-1
00044177.jpg,813,5,1030,236,-1,-1
00044178.jpg,810,5,1027,236,-1,-1
00044179.jpg,806,4,1023,235,-1,-1
00044180.jpg,802,4,1019,235,-1,-1
00044181.jpg,799,3,1016,234,-1,-1
00044182.jpg,795,3,1012,234,-1,-1
00044183.jpg,792,2,1009,233,-1,-1
00044184.jpg,788,2,1005,233,-1,-1
00044185.jpg,785,2,1002,233,-1,-1
00044186.jpg,782,2,999,233,-1,-1
00044187.jpg,778,2,995,233,-1,-1
00044188.jpg,775,2,992,233,-1,-1
00044189.jpg,772,2,989,233,-1,-1
00044190.jpg,769,2,986,233,-1,-1
00044191.jpg,766,2,983,233,-1,-1
00044192.jpg,762,2,979,233,-1,-1
00044193.jpg,759,2,976,233,-1,-1
00044194.jpg,756,2,973,233,-1,-1
00044195.jpg,753,2,970,233,-1,-1
00044196.jpg,749,3,966,234,-1,-1
00044197.jpg,746,3,963,234,-1,-1
00044198.jpg,743,3,960,234,-1,-1
00044199.jpg,740,3,957,234,-1,-1
00044200.jpg,737,3,954,234,-1,-1
00044201.jpg,734,3,951,234,-1,-1
00044202.jpg,731,3,948,234,-1,-1
00044203.jpg,728,3,945,234,-1,-1
00044204.jpg,726,3,943,234,-1,-1
00044205.jpg,723,4,940,235,-1,-1
00044206.jpg,720,4,937,235,-1,-1
00044207.jpg,717,5,934,236,-1,-1
00044208.jpg,714,5,931,236,-1,-1
00044209.jpg,712,6,929,237,-1,-1
00044210.jpg,707,8,924,239,-1,-1
00044211.jpg,703,9,920,240,-1,-1
00044212.jpg,698,9,915,240,-1,-1
00044213.jpg,693,10,910,241,-1,-1
00044214.jpg,689,11,906,242,-1,-1
00044215.jpg,685,11,902,242,-1,-1
00044216.jpg,682,11,899,242,-1,-1
00044217.jpg,678,12,895,243,-1,-1
00044218.jpg,674,12,891,243,-1,-1
00044219.jpg,667,14,884,245,-1,-1
00044220.jpg,664,14,881,245,-1,-1
00044221.jpg,662,14,879,245,-1,-1
00044222.jpg,660,14,877,245,-1,-1
00044223.jpg,658,14,875,245,-1,-1
00044224.jpg,655,15,872,246,-1,-1
00044225.jpg,652,15,869,246,-1,-1
00044226.jpg,649,15,866,246,-1,-1
00044227.jpg,646,15,863,246,-1,-1
00044228.jpg,643,15,860,246,-1,-1
00044229.jpg,640,15,857,246,-1,-1
00044230.jpg,637,15,854,246,-1,-1
00044231.jpg,634,15,851,246,-1,-1
00044232.jpg,632,14,849,245,-1,-1
00044233.jpg,629,13,846,244,-1,-1
00044234.jpg,628,11,845,242,-1,-1
00044235.jpg,625,10,842,241,-1,-1
00044236.jpg,615,8,835,245,-1,-1
00044237.jpg,615,8,835,245,-1,-1
00044238.jpg,611,8,831,245,-1,-1
00044239.jpg,607,9,827,246,-1,-1
00044240.jpg,603,10,823,247,-1,-1
00044241.jpg,599,10,819,247,-1,-1
00044242.jpg,595,11,815,248,-1,-1
00044243.jpg,590,11,810,248,-1,-1
00044244.jpg,586,12,806,249,-1,-1
00044245.jpg,582,13,802,250,-1,-1
00044246.jpg,577,13,797,250,-1,-1
00044247.jpg,573,14,793,251,-1,-1
00044248.jpg,569,14,789,251,-1,-1
00044249.jpg,566,15,786,252,-1,-1
00044250.jpg,563,15,783,252,-1,-1
00044251.jpg,559,16,779,253,-1,-1
00044252.jpg,556,16,776,253,-1,-1
00044253.jpg,552,17,772,254,-1,-1
00044254.jpg,549,17,769,254,-1,-1
00044255.jpg,545,17,765,254,-1,-1
00044256.jpg,541,18,761,255,-1,-1
00044257.jpg,537,19,757,256,-1,-1
00044258.jpg,532,19,752,256,-1,-1
00044259.jpg,528,19,748,256,-1,-1
00044260.jpg,524,20,744,257,-1,-1
00044261.jpg,521,20,741,257,-1,-1
00044262.jpg,517,21,737,258,-1,-1
00044263.jpg,513,22,733,259,-1,-1
00044264.jpg,509,22,729,259,-1,-1
00044265.jpg,505,23,725,260,-1,-1
00044266.jpg,501,23,721,260,-1,-1
00044267.jpg,496,23,716,260,-1,-1
00044268.jpg,492,24,712,261,-1,-1
00044269.jpg,487,24,707,261,-1,-1
00044270.jpg,484,25,704,262,-1,-1
00044271.jpg,481,26,701,263,-1,-1
00044272.jpg,479,27,699,264,-1,-1
00044273.jpg,476,28,696,265,-1,-1
00044274.jpg,473,28,693,265,-1,-1
00044275.jpg,471,28,691,265,-1,-1
00044276.jpg,467,29,687,266,-1,-1
00044277.jpg,460,30,680,267,-1,-1
00044278.jpg,456,30,676,267,-1,-1
00044279.jpg,449,22,680,265,-1,-1
00044280.jpg,447,22,678,265,-1,-1
00044281.jpg,444,22,675,265,-1,-1
00044282.jpg,441,22,672,265,-1,-1
00044283.jpg,439,22,670,265,-1,-1
00044284.jpg,428,25,650,263,-1,-1
00044285.jpg,428,25,650,263,-1,-1
00044286.jpg,426,25,648,263,-1,-1
00044287.jpg,424,25,646,263,-1,-1
00044288.jpg,423,25,645,263,-1,-1
00044289.jpg,422,26,644,264,-1,-1
00044290.jpg,421,27,643,265,-1,-1
00044291.jpg,419,27,641,265,-1,-1
00044292.jpg,417,29,639,267,-1,-1
00044293.jpg,414,30,636,268,-1,-1
00044294.jpg,411,31,633,269,-1,-1
00044295.jpg,408,32,630,270,-1,-1
00044296.jpg,406,34,628,272,-1,-1
00044297.jpg,403,35,625,273,-1,-1
00044298.jpg,401,35,623,273,-1,-1
00044299.jpg,399,35,621,273,-1,-1
00044300.jpg,397,35,619,273,-1,-1
00044301.jpg,395,35,617,273,-1,-1
00044302.jpg,392,36,614,274,-1,-1
00044303.jpg,390,37,612,275,-1,-1
00044304.jpg,388,37,610,275,-1,-1
00044305.jpg,386,39,608,277,-1,-1
00044306.jpg,385,39,607,277,-1,-1
00044307.jpg,382,40,604,278,-1,-1
00044308.jpg,382,40,604,278,-1,-1
