00001140.jpg,340,112,582,356,682,252
00001141.jpg,342,113,585,356,682,245
00001142.jpg,343,114,587,356,682,238
00001143.jpg,339,113,588,357,678,232
00001144.jpg,338,113,588,357,678,232
00001145.jpg,338,114,586,358,680,233
00001146.jpg,338,117,583,355,680,229
00001147.jpg,337,118,582,352,678,228
00001148.jpg,339,121,580,350,680,224
00001149.jpg,339,120,581,351,681,218
00001150.jpg,339,120,581,351,681,218
00001151.jpg,337,119,582,353,680,218
00001152.jpg,338,118,583,354,674,209
00001153.jpg,337,117,585,355,672,208
00001154.jpg,337,117,586,355,672,208
00001155.jpg,336,117,585,353,669,213
00001156.jpg,337,117,585,353,669,213
00001157.jpg,339,118,585,352,668,210
00001158.jpg,340,121,584,351,664,209
00001159.jpg,343,125,582,349,660,214
00001160.jpg,338,123,583,354,657,220
00001161.jpg,335,122,583,356,657,220
00001162.jpg,334,122,583,356,657,220
00001163.jpg,333,123,583,357,656,221
00001164.jpg,336,124,580,356,652,221
00001165.jpg,336,125,582,357,808,330
00001166.jpg,331,122,585,362,738,349
00001167.jpg,333,123,581,363,745,325
00001168.jpg,334,123,581,363,744,325
00001169.jpg,336,121,576,362,581,568
00001170.jpg,336,120,574,362,580,569
00001171.jpg,334,119,572,360,580,569
00001172.jpg,340,120,569,357,581,568
00001173.jpg,341,120,568,356,581,568
00001174.jpg,341,121,568,356,580,569
00001175.jpg,342,121,567,355,582,568
00001176.jpg,343,121,567,355,581,569
00001177.jpg,344,121,567,356,581,569
00001178.jpg,344,120,568,356,581,569
00001179.jpg,345,120,568,355,581,569
00001180.jpg,345,120,568,355,581,569
00001181.jpg,346,121,567,354,581,569
00001182.jpg,344,120,565,354,581,569
00001183.jpg,343,119,567,356,581,569
00001184.jpg,340,117,568,357,581,569
00001185.jpg,340,116,566,358,581,569
00001186.jpg,339,116,566,357,581,569
00001187.jpg,341,119,564,355,581,569
00001188.jpg,343,120,561,355,581,569
00001189.jpg,344,120,561,355,581,569
00001190.jpg,344,119,561,355,581,569
00001191.jpg,344,119,560,356,581,569
00001192.jpg,345,119,560,356,581,569
00001193.jpg,345,120,559,355,581,569
00001194.jpg,346,122,558,354,581,569
00001195.jpg,346,123,558,354,581,569
00001196.jpg,347,124,557,352,581,569
00001197.jpg,347,125,558,352,581,569
00001198.jpg,347,125,558,352,581,569
00001199.jpg,347,126,557,351,581,569
00001200.jpg,345,125,557,353,581,569
00001201.jpg,344,124,558,354,581,569
00001202.jpg,343,124,558,354,581,569
00001203.jpg,342,124,559,354,581,569
00001204.jpg,343,123,559,354,581,569
00001205.jpg,341,123,559,353,581,569
00001206.jpg,341,124,558,352,581,569
00001207.jpg,339,124,560,353,581,569
00001208.jpg,338,124,560,352,581,569
00001209.jpg,338,124,560,352,581,569
00001210.jpg,339,125,559,352,581,569
00001211.jpg,339,125,560,352,581,569
00001212.jpg,339,124,561,353,581,569
00001213.jpg,340,123,562,353,581,569
00001214.jpg,341,122,563,353,581,569
00001215.jpg,341,122,564,354,581,569
00001216.jpg,340,122,564,354,581,569
00001217.jpg,341,122,565,354,581,569
00001218.jpg,341,122,565,354,581,569
00001219.jpg,342,122,565,354,581,569
00001220.jpg,341,123,564,354,581,569
00001221.jpg,342,122,565,354,581,569
00001222.jpg,342,122,565,354,581,569
00001223.jpg,341,122,565,354,581,569
00001224.jpg,341,121,567,356,581,569
00001225.jpg,342,119,568,358,581,569
00001226.jpg,342,120,568,359,581,569
00001227.jpg,343,118,571,361,581,569
00001228.jpg,343,118,571,361,581,569
00001229.jpg,342,118,572,361,581,569
00001230.jpg,343,117,571,361,581,569
00001231.jpg,342,118,570,360,581,569
00001232.jpg,340,116,568,362,581,569
00001233.jpg,340,116,569,361,581,569
00001234.jpg,340,116,569,361,581,569
00001235.jpg,341,117,569,362,581,569
00001236.jpg,339,115,572,365,581,569
00001237.jpg,341,114,571,365,581,569
00001238.jpg,339,112,571,366,581,569
00001239.jpg,340,114,568,364,581,569
00001240.jpg,340,114,568,364,581,569
00001241.jpg,338,114,569,365,581,569
00001242.jpg,342,116,569,363,581,569
00001243.jpg,345,118,568,361,581,569
00001244.jpg,342,116,570,363,581,569
00001245.jpg,340,117,570,362,581,569
00001246.jpg,341,118,570,362,581,569
00001247.jpg,344,119,568,359,581,569
00001248.jpg,341,117,570,360,581,569
00001249.jpg,342,118,569,359,581,569
00001250.jpg,343,118,568,359,581,569
00001251.jpg,343,118,569,359,581,569
00001252.jpg,343,118,569,359,581,569
00001253.jpg,344,119,568,356,581,569
00001254.jpg,343,118,572,358,581,569
00001255.jpg,342,118,574,358,581,569
00001256.jpg,343,116,575,360,581,569
00001257.jpg,344,117,573,359,581,569
00001258.jpg,344,117,573,359,581,569
00001259.jpg,345,117,572,358,581,569
00001260.jpg,343,117,572,359,581,569
00001261.jpg,343,118,570,359,581,569
00001262.jpg,341,119,570,360,581,569
00001263.jpg,342,119,575,362,581,569
00001264.jpg,341,118,575,362,581,569
00001265.jpg,340,123,577,363,-1,-1
00001266.jpg,339,124,580,363,-1,-1
00001267.jpg,335,124,584,365,-1,-1
00001268.jpg,338,125,584,363,881,306
00001269.jpg,341,125,583,362,694,188
00001270.jpg,340,125,583,363,694,188
00001271.jpg,342,124,580,360,700,188
00001272.jpg,342,125,578,360,710,186
00001273.jpg,343,126,576,360,713,186
00001274.jpg,343,126,576,360,720,185
00001275.jpg,344,128,576,360,724,185
00001276.jpg,344,128,576,360,724,184
00001277.jpg,345,128,575,359,729,184
00001278.jpg,347,129,574,358,733,184
00001279.jpg,348,130,574,357,736,184
00001280.jpg,347,131,575,357,745,182
00001281.jpg,346,131,576,357,745,182
00001282.jpg,346,131,576,357,749,182
00001283.jpg,345,131,576,357,749,182
00001284.jpg,346,131,577,357,752,181
00001285.jpg,347,132,576,356,750,181
00001286.jpg,348,132,577,357,753,182
00001287.jpg,348,131,577,355,753,182
00001288.jpg,348,131,577,355,753,182
00001289.jpg,345,128,577,356,757,182
00001290.jpg,341,127,573,356,758,182
00001291.jpg,338,125,570,356,760,184
00001292.jpg,336,125,568,355,760,184
00001293.jpg,338,123,567,354,760,184
00001294.jpg,338,123,567,354,760,184
00001295.jpg,336,122,566,354,760,184
00001296.jpg,337,118,565,352,781,508
00001297.jpg,338,116,564,351,-1,-1
00001298.jpg,335,114,556,351,674,624
00001299.jpg,336,113,549,347,582,562
00001300.jpg,336,113,548,347,582,562
00001301.jpg,335,112,546,346,582,562
00001302.jpg,335,112,546,346,582,562
00001303.jpg,335,112,546,346,582,562
00001304.jpg,336,112,547,346,582,562
00001305.jpg,336,112,547,346,582,562
00001306.jpg,336,112,547,346,582,562
00001307.jpg,337,113,548,347,582,562
00001308.jpg,338,114,549,348,582,562
00001309.jpg,338,113,549,347,425,496
00001310.jpg,339,112,550,346,-1,-1
00001311.jpg,339,111,550,345,-1,-1
00001312.jpg,339,111,550,345,-1,-1
00001313.jpg,339,111,550,345,-1,-1
00001314.jpg,340,111,551,345,-1,-1
00001315.jpg,341,111,552,345,-1,-1
00001316.jpg,349,113,560,347,-1,-1
00001317.jpg,352,114,558,349,-1,-1
00001318.jpg,352,114,558,349,-1,-1
00001319.jpg,352,112,563,346,-1,-1
00001320.jpg,381,120,573,334,-1,-1
00001321.jpg,381,120,573,334,-1,-1
00001322.jpg,398,126,590,333,-1,-1
00001323.jpg,398,126,590,333,-1,-1
00001324.jpg,398,126,590,333,-1,-1
00001325.jpg,405,127,597,334,-1,-1
00001326.jpg,412,128,604,335,-1,-1
00001327.jpg,418,128,610,335,-1,-1
00001328.jpg,424,128,616,335,-1,-1
00001329.jpg,430,128,622,335,-1,-1
00001330.jpg,430,128,622,335,-1,-1
00001331.jpg,435,130,627,337,-1,-1
00001332.jpg,441,133,633,340,-1,-1
00001333.jpg,446,134,638,341,-1,-1
00001334.jpg,451,133,643,340,-1,-1
00001335.jpg,454,132,646,339,-1,-1
00001336.jpg,454,132,646,339,-1,-1
00001337.jpg,471,129,660,332,-1,-1
00001338.jpg,471,129,660,332,-1,-1
00001339.jpg,473,130,662,333,-1,-1
00001340.jpg,475,132,664,335,-1,-1
00001341.jpg,476,131,665,334,-1,-1
00001342.jpg,476,131,665,334,-1,-1
00001343.jpg,477,131,666,334,-1,-1
00001344.jpg,477,131,666,334,-1,-1
00001345.jpg,485,133,674,336,-1,-1
00001346.jpg,487,134,676,337,-1,-1
00001347.jpg,488,134,677,337,-1,-1
00001348.jpg,488,134,677,337,-1,-1
00001349.jpg,491,134,680,337,-1,-1
00001350.jpg,496,135,685,338,-1,-1
00001351.jpg,498,135,687,338,412,501
00001352.jpg,497,134,686,337,504,610
00001353.jpg,496,136,685,339,505,610
00001354.jpg,496,136,685,339,505,610
00001355.jpg,494,138,683,341,505,610
00001356.jpg,493,135,683,352,505,610
00001357.jpg,493,135,683,352,505,610
00001358.jpg,489,136,679,353,505,610
00001359.jpg,485,136,675,353,505,610
00001360.jpg,485,136,675,353,505,610
00001361.jpg,480,135,670,352,505,610
00001362.jpg,474,135,664,352,505,610
00001363.jpg,468,134,658,351,505,610
00001364.jpg,462,133,652,350,505,610
00001365.jpg,454,133,644,350,505,610
00001366.jpg,454,133,644,350,505,610
00001367.jpg,446,133,636,350,505,610
00001368.jpg,439,133,629,350,505,610
00001369.jpg,432,132,622,349,505,610
00001370.jpg,424,132,614,349,505,610
00001371.jpg,416,133,606,350,505,610
00001372.jpg,416,132,606,349,505,610
00001373.jpg,409,133,599,350,505,610
00001374.jpg,403,133,593,350,505,610
00001375.jpg,381,131,564,347,505,610
00001376.jpg,381,131,564,347,505,610
00001377.jpg,376,132,559,348,505,610
00001378.jpg,376,132,559,348,505,610
00001379.jpg,371,133,554,349,505,610
00001380.jpg,367,134,550,350,505,610
00001381.jpg,363,135,546,351,505,610
00001382.jpg,360,135,543,351,505,610
00001383.jpg,357,135,540,351,505,610
00001384.jpg,357,135,540,351,505,610
00001385.jpg,355,136,538,352,505,610
00001386.jpg,353,136,536,352,505,610
00001387.jpg,352,135,535,351,505,610
00001388.jpg,352,134,535,350,505,610
00001389.jpg,353,133,536,349,505,610
00001390.jpg,353,133,536,349,505,610
00001391.jpg,356,132,539,348,505,610
00001392.jpg,361,131,544,347,505,610
00001393.jpg,366,130,549,346,505,610
00001394.jpg,373,130,556,346,505,610
00001395.jpg,381,129,564,345,505,610
00001396.jpg,381,129,564,345,505,610
00001397.jpg,386,128,569,344,505,610
00001398.jpg,392,127,575,343,505,610
00001399.jpg,401,127,584,343,505,610
00001400.jpg,406,128,589,344,505,610
00001401.jpg,411,128,594,344,505,610
00001402.jpg,411,128,594,344,505,610
00001403.jpg,414,128,597,344,505,610
00001404.jpg,419,128,602,344,505,610
00001405.jpg,422,128,605,344,505,610
00001406.jpg,424,128,607,344,505,610
00001407.jpg,426,129,609,345,505,610
00001408.jpg,426,129,609,345,505,610
00001409.jpg,430,145,606,350,505,610
00001410.jpg,430,145,606,350,505,610
00001411.jpg,433,146,609,351,505,610
00001412.jpg,435,147,611,352,505,610
00001413.jpg,437,147,613,352,505,610
00001414.jpg,437,147,613,352,505,610
00001415.jpg,439,146,615,351,505,610
00001416.jpg,440,146,616,351,505,610
00001417.jpg,441,145,617,350,505,610
00001418.jpg,441,145,617,350,505,610
00001419.jpg,440,144,616,349,505,610
00001420.jpg,440,144,616,349,505,610
00001421.jpg,438,143,614,348,505,610
00001422.jpg,434,141,610,346,505,610
00001423.jpg,430,139,606,344,505,610
00001424.jpg,425,137,601,342,505,610
00001425.jpg,420,134,596,339,505,610
00001426.jpg,420,134,596,339,505,610
00001427.jpg,413,131,589,336,505,610
00001428.jpg,407,129,583,334,505,610
00001429.jpg,401,127,577,332,505,610
00001430.jpg,395,126,571,331,505,610
00001431.jpg,388,124,564,329,505,610
00001432.jpg,388,124,564,329,505,610
00001433.jpg,382,123,558,328,505,610
00001434.jpg,375,122,551,327,505,610
00001435.jpg,371,124,547,329,505,610
00001436.jpg,368,127,544,332,505,610
00001437.jpg,366,131,542,336,505,610
00001438.jpg,366,131,542,336,505,610
00001439.jpg,350,137,527,344,505,610
00001440.jpg,350,137,527,344,505,610
00001441.jpg,348,138,525,345,505,610
00001442.jpg,346,138,523,345,505,610
00001443.jpg,343,137,520,344,505,610
00001444.jpg,343,137,520,344,505,610
00001445.jpg,343,137,520,344,505,610
00001446.jpg,343,137,520,344,505,610
00001447.jpg,341,134,518,341,505,610
00001448.jpg,341,134,518,341,505,610
00001449.jpg,341,134,518,341,505,610
00001450.jpg,341,134,518,341,505,610
00001451.jpg,342,135,519,342,505,610
00001452.jpg,342,136,519,343,505,610
00001453.jpg,343,138,520,345,505,610
00001454.jpg,345,139,522,346,505,610
00001455.jpg,348,139,525,346,505,610
00001456.jpg,348,139,525,346,505,610
00001457.jpg,350,140,527,347,505,610
00001458.jpg,351,140,528,347,505,610
00001459.jpg,353,140,530,347,505,610
00001460.jpg,353,139,530,346,505,610
00001461.jpg,352,138,529,345,753,638
00001462.jpg,352,138,529,345,754,638
00001463.jpg,350,136,527,343,-1,-1
00001464.jpg,350,136,527,343,-1,-1
00001465.jpg,349,136,526,343,-1,-1
00001466.jpg,337,142,539,355,-1,-1
00001467.jpg,337,142,539,355,-1,-1
00001468.jpg,337,142,539,355,-1,-1
00001469.jpg,335,142,537,355,-1,-1
00001470.jpg,335,142,537,355,857,232
