00001140.jpg,607,99,823,331,590,600
00001141.jpg,607,99,823,331,590,601
00001142.jpg,607,99,823,331,590,600
00001143.jpg,607,99,823,331,590,600
00001144.jpg,607,99,823,331,589,600
00001145.jpg,607,97,823,329,590,600
00001146.jpg,608,92,824,324,594,600
00001147.jpg,608,89,824,321,598,598
00001148.jpg,608,87,824,319,598,596
00001149.jpg,603,97,819,329,598,596
00001150.jpg,603,97,819,329,598,596
00001151.jpg,602,77,818,309,601,596
00001152.jpg,599,75,815,307,602,596
00001153.jpg,596,74,812,306,605,594
00001154.jpg,592,72,808,304,605,594
00001155.jpg,590,72,806,304,605,594
00001156.jpg,590,72,806,304,605,594
00001157.jpg,588,73,804,305,605,594
00001158.jpg,586,74,802,306,605,594
00001159.jpg,585,75,801,307,605,594
00001160.jpg,585,77,801,309,609,594
00001161.jpg,585,77,801,309,609,594
00001162.jpg,585,77,801,309,609,594
00001163.jpg,583,78,799,310,609,594
00001164.jpg,582,85,798,317,609,594
00001165.jpg,582,87,798,319,609,594
00001166.jpg,585,89,801,321,609,594
00001167.jpg,584,88,800,320,609,594
00001168.jpg,584,88,800,320,608,596
00001169.jpg,582,80,798,312,608,593
00001170.jpg,583,81,799,313,609,593
00001171.jpg,587,79,803,311,604,593
00001172.jpg,590,78,806,310,604,593
00001173.jpg,592,77,808,309,604,593
00001174.jpg,592,77,808,309,604,593
00001175.jpg,594,77,810,309,604,593
00001176.jpg,597,77,813,309,604,593
00001177.jpg,600,77,816,309,604,593
00001178.jpg,601,77,817,309,604,593
00001179.jpg,603,78,819,310,604,593
00001180.jpg,603,78,819,310,604,593
00001181.jpg,606,76,822,308,604,593
00001182.jpg,608,73,824,305,604,593
00001183.jpg,612,69,828,301,606,592
00001184.jpg,616,63,832,295,604,593
00001185.jpg,619,55,835,287,604,593
00001186.jpg,619,55,835,287,604,593
00001187.jpg,622,49,838,281,604,593
00001188.jpg,626,47,842,279,460,586
00001189.jpg,643,61,838,280,460,585
00001190.jpg,643,61,838,280,460,585
00001191.jpg,648,59,843,278,461,585
00001192.jpg,648,59,843,278,460,586
00001193.jpg,644,64,846,273,462,584
00001194.jpg,659,54,854,273,569,566
00001195.jpg,666,52,861,271,568,566
00001196.jpg,672,50,867,269,569,566
00001197.jpg,678,49,873,268,569,566
00001198.jpg,678,49,873,268,568,566
00001199.jpg,682,48,877,267,569,565
00001200.jpg,687,46,882,265,569,565
00001201.jpg,694,43,889,262,569,565
00001202.jpg,700,40,895,259,569,565
00001203.jpg,705,44,913,267,569,565
00001204.jpg,705,44,913,267,569,565
00001205.jpg,709,44,917,267,569,565
00001206.jpg,713,46,921,269,569,565
00001207.jpg,716,49,924,272,569,565
00001208.jpg,719,52,927,275,569,565
00001209.jpg,722,53,930,276,569,565
00001210.jpg,722,53,930,276,569,565
00001211.jpg,724,50,932,273,569,565
00001212.jpg,726,48,934,271,569,565
00001213.jpg,728,46,936,269,569,565
00001214.jpg,728,46,936,269,569,565
00001215.jpg,727,46,935,269,569,565
00001216.jpg,727,46,935,269,569,565
00001217.jpg,726,46,934,269,569,565
00001218.jpg,723,46,931,269,569,565
00001219.jpg,716,47,924,270,569,565
00001220.jpg,708,47,916,270,569,565
00001221.jpg,704,48,912,271,569,565
00001222.jpg,704,48,912,271,569,565
00001223.jpg,704,47,912,270,569,565
00001224.jpg,702,46,910,269,569,564
00001225.jpg,699,48,907,271,569,564
00001226.jpg,686,49,894,272,569,564
00001227.jpg,678,50,886,273,569,564
00001228.jpg,678,50,886,273,569,564
00001229.jpg,669,52,877,275,569,564
00001230.jpg,661,54,869,277,569,564
00001231.jpg,653,55,861,278,569,564
00001232.jpg,645,56,853,279,569,564
00001233.jpg,637,55,845,278,569,564
00001234.jpg,637,55,845,278,569,564
00001235.jpg,629,55,837,278,450,614
00001236.jpg,620,54,828,277,489,264
00001237.jpg,610,54,818,277,488,264
00001238.jpg,601,54,809,277,488,264
00001239.jpg,592,53,800,276,488,264
00001240.jpg,592,53,800,276,488,264
00001241.jpg,585,54,793,277,488,264
00001242.jpg,577,53,785,276,488,264
00001243.jpg,570,53,778,276,488,264
00001244.jpg,568,53,776,276,488,264
00001245.jpg,561,57,783,283,488,264
00001246.jpg,561,57,783,283,488,264
00001247.jpg,558,59,780,285,488,264
00001248.jpg,555,61,777,287,488,264
00001249.jpg,554,62,776,288,488,264
00001250.jpg,554,62,776,288,488,264
00001251.jpg,554,63,776,289,488,264
00001252.jpg,554,63,776,289,488,264
00001253.jpg,557,65,779,291,488,264
00001254.jpg,560,68,782,294,488,264
00001255.jpg,563,71,785,297,488,264
00001256.jpg,565,75,787,301,489,266
00001257.jpg,564,61,786,287,489,266
00001258.jpg,564,61,786,287,489,266
00001259.jpg,563,58,785,284,489,266
00001260.jpg,563,58,785,284,489,266
00001261.jpg,563,60,785,286,489,266
00001262.jpg,584,57,806,288,489,266
00001263.jpg,584,57,806,288,500,262
00001264.jpg,584,57,806,288,505,258
00001265.jpg,591,56,813,287,510,256
00001266.jpg,598,55,820,286,516,254
00001267.jpg,605,55,827,286,525,252
00001268.jpg,612,54,834,285,524,253
00001269.jpg,619,54,841,285,526,252
00001270.jpg,619,54,841,285,526,250
00001271.jpg,625,54,847,285,524,250
00001272.jpg,631,54,853,285,526,248
00001273.jpg,636,54,858,285,528,248
00001274.jpg,641,55,863,286,528,246
00001275.jpg,670,66,886,283,528,246
00001276.jpg,670,66,886,283,528,246
00001277.jpg,674,66,890,283,528,246
00001278.jpg,677,65,893,282,528,246
00001279.jpg,681,64,897,281,528,246
00001280.jpg,682,65,898,282,528,246
00001281.jpg,684,65,900,282,528,246
00001282.jpg,684,65,900,282,528,246
00001283.jpg,685,65,901,282,528,246
00001284.jpg,686,65,902,282,528,246
00001285.jpg,687,66,903,283,528,246
00001286.jpg,688,66,904,283,528,246
00001287.jpg,689,68,905,285,526,245
00001288.jpg,689,68,905,285,526,245
00001289.jpg,689,69,905,286,524,245
00001290.jpg,690,69,906,286,522,244
00001291.jpg,691,69,907,286,521,240
00001292.jpg,691,69,907,286,517,240
00001293.jpg,692,69,908,286,514,238
00001294.jpg,692,69,908,286,513,237
00001295.jpg,692,68,908,285,506,234
00001296.jpg,693,69,909,286,504,236
00001297.jpg,693,69,909,286,500,234
00001298.jpg,694,69,910,286,493,237
00001299.jpg,694,69,910,286,486,234
00001300.jpg,694,69,910,286,485,233
00001301.jpg,694,69,910,286,478,233
00001302.jpg,694,69,910,286,473,232
00001303.jpg,694,69,910,286,464,234
00001304.jpg,694,69,910,286,461,237
00001305.jpg,694,69,910,286,457,237
00001306.jpg,694,69,910,286,453,237
00001307.jpg,694,69,910,286,450,240
00001308.jpg,695,69,911,286,450,240
00001309.jpg,695,69,911,286,449,240
00001310.jpg,695,69,911,286,-1,-1
00001311.jpg,695,69,911,286,-1,-1
00001312.jpg,695,69,911,286,-1,-1
00001313.jpg,694,69,910,286,-1,-1
00001314.jpg,694,69,910,286,-1,-1
00001315.jpg,694,69,910,286,-1,-1
00001316.jpg,694,69,910,286,-1,-1
00001317.jpg,694,69,910,286,-1,-1
00001318.jpg,694,69,910,286,-1,-1
00001319.jpg,695,70,911,287,-1,-1
00001320.jpg,696,70,912,287,-1,-1
00001321.jpg,697,70,913,287,-1,-1
00001322.jpg,697,71,913,288,-1,-1
00001323.jpg,698,71,914,288,528,306
00001324.jpg,698,71,914,288,528,305
00001325.jpg,699,71,915,288,601,338
00001326.jpg,699,71,915,288,598,337
00001327.jpg,699,71,915,288,600,338
00001328.jpg,699,71,915,288,602,336
00001329.jpg,700,71,916,288,604,337
00001330.jpg,700,71,916,288,777,633
00001331.jpg,700,71,916,288,777,632
00001332.jpg,700,71,916,288,780,633
00001333.jpg,701,71,917,288,780,633
00001334.jpg,701,71,917,288,606,557
00001335.jpg,701,71,917,288,605,557
00001336.jpg,701,71,917,288,605,557
00001337.jpg,701,71,917,288,605,557
00001338.jpg,701,71,917,288,605,557
00001339.jpg,701,71,917,288,605,557
00001340.jpg,702,71,918,288,605,557
00001341.jpg,702,71,918,288,605,557
00001342.jpg,702,71,918,288,605,557
00001343.jpg,702,71,918,288,708,405
00001344.jpg,702,71,918,288,708,404
00001345.jpg,703,70,919,287,710,406
00001346.jpg,703,70,919,287,710,405
00001347.jpg,703,70,919,287,710,405
00001348.jpg,703,70,919,287,709,405
00001349.jpg,703,70,919,287,709,405
00001350.jpg,704,70,920,287,709,405
00001351.jpg,705,70,921,287,708,406
00001352.jpg,706,70,922,287,708,405
00001353.jpg,707,70,923,287,709,406
00001354.jpg,707,70,923,287,710,405
00001355.jpg,708,70,924,287,710,406
00001356.jpg,708,70,924,287,709,405
00001357.jpg,709,70,925,287,709,405
00001358.jpg,710,70,926,287,710,404
00001359.jpg,711,70,927,287,701,400
00001360.jpg,711,70,927,287,701,401
00001361.jpg,712,70,928,287,689,389
00001362.jpg,713,70,929,287,686,388
00001363.jpg,714,70,930,287,681,382
00001364.jpg,715,70,931,287,680,382
00001365.jpg,715,69,931,286,673,381
00001366.jpg,715,69,931,286,664,380
00001367.jpg,716,70,932,287,660,377
00001368.jpg,716,69,932,286,-1,-1
00001369.jpg,716,69,932,286,-1,-1
00001370.jpg,716,69,932,286,-1,-1
00001371.jpg,717,69,933,286,-1,-1
00001372.jpg,717,69,933,286,-1,-1
00001373.jpg,717,69,933,286,-1,-1
00001374.jpg,717,69,933,286,-1,-1
00001375.jpg,718,69,934,286,-1,-1
00001376.jpg,718,69,934,286,-1,-1
00001377.jpg,719,69,935,286,-1,-1
00001378.jpg,719,69,935,286,-1,-1
00001379.jpg,720,68,936,285,-1,-1
00001380.jpg,719,68,935,285,450,259
00001381.jpg,719,68,935,285,450,259
00001382.jpg,718,68,934,285,450,259
00001383.jpg,718,68,934,285,450,259
00001384.jpg,718,68,934,285,450,259
00001385.jpg,718,68,934,285,450,259
00001386.jpg,718,68,934,285,441,264
00001387.jpg,718,68,934,285,442,261
00001388.jpg,718,68,934,285,442,260
00001389.jpg,718,68,934,285,442,262
00001390.jpg,718,68,934,285,441,262
00001391.jpg,718,68,934,285,442,261
00001392.jpg,718,67,934,284,446,261
00001393.jpg,718,67,934,284,452,258
00001394.jpg,718,67,934,284,466,254
00001395.jpg,718,68,934,285,473,250
00001396.jpg,718,68,934,285,472,250
00001397.jpg,719,67,935,284,478,250
00001398.jpg,719,67,935,284,485,248
00001399.jpg,719,68,935,285,497,244
00001400.jpg,719,68,935,285,504,245
00001401.jpg,720,68,936,285,506,245
00001402.jpg,720,68,936,285,509,244
00001403.jpg,721,68,937,285,517,246
00001404.jpg,721,68,937,285,524,249
00001405.jpg,721,68,937,285,533,250
00001406.jpg,721,69,937,286,541,253
00001407.jpg,722,69,938,286,540,250
00001408.jpg,722,69,938,286,540,250
00001409.jpg,722,69,938,286,544,252
00001410.jpg,722,69,938,286,549,257
00001411.jpg,723,69,939,286,554,260
00001412.jpg,723,69,939,286,560,262
00001413.jpg,723,70,939,287,562,260
00001414.jpg,723,70,939,287,562,261
00001415.jpg,724,70,940,287,562,260
00001416.jpg,724,70,940,287,566,260
00001417.jpg,725,70,941,287,566,256
00001418.jpg,725,70,941,287,566,253
00001419.jpg,725,70,941,287,569,250
00001420.jpg,725,71,941,288,569,248
00001421.jpg,726,70,942,287,568,249
00001422.jpg,727,70,943,287,562,245
00001423.jpg,728,69,944,286,554,245
00001424.jpg,729,69,945,286,550,240
00001425.jpg,730,68,946,285,545,238
00001426.jpg,730,68,946,285,541,236
00001427.jpg,731,68,947,285,533,236
00001428.jpg,732,69,948,286,529,234
00001429.jpg,733,69,949,286,524,234
00001430.jpg,733,70,949,287,522,234
00001431.jpg,734,71,950,288,516,233
00001432.jpg,734,71,950,288,516,230
00001433.jpg,735,71,951,288,509,228
00001434.jpg,735,72,951,289,504,228
00001435.jpg,730,60,951,283,498,228
00001436.jpg,730,60,951,283,489,229
00001437.jpg,731,61,952,284,484,233
00001438.jpg,731,61,952,284,485,236
00001439.jpg,732,60,953,283,481,241
00001440.jpg,732,58,953,281,480,245
00001441.jpg,734,55,955,278,480,253
00001442.jpg,736,53,957,276,476,256
00001443.jpg,738,51,959,274,472,256
00001444.jpg,738,51,959,274,473,256
00001445.jpg,740,50,961,273,476,254
00001446.jpg,743,49,964,272,472,254
00001447.jpg,747,48,968,271,476,252
00001448.jpg,751,48,972,271,477,249
00001449.jpg,756,47,977,270,476,253
00001450.jpg,756,47,977,270,476,252
00001451.jpg,760,47,981,270,477,249
00001452.jpg,765,47,986,270,477,252
00001453.jpg,769,48,990,271,476,253
00001454.jpg,773,48,994,271,476,254
00001455.jpg,776,49,997,272,476,257
00001456.jpg,776,49,997,272,481,258
00001457.jpg,778,50,999,273,485,258
00001458.jpg,780,50,1001,273,489,257
00001459.jpg,781,50,1002,273,494,260
00001460.jpg,782,51,1003,274,497,258
00001461.jpg,782,53,1003,276,501,257
00001462.jpg,782,53,1003,276,504,252
00001463.jpg,782,54,1003,277,509,248
00001464.jpg,782,54,1003,277,510,244
00001465.jpg,781,56,1002,279,514,240
00001466.jpg,777,62,998,285,509,236
00001467.jpg,776,71,997,294,522,578
00001468.jpg,776,71,997,294,521,576
00001469.jpg,777,78,998,301,628,658
00001470.jpg,777,78,998,301,753,689
