00028117.jpg,333,108,486,262,336,381
00028118.jpg,333,108,486,262,336,381
00028119.jpg,330,106,483,260,333,378
00028120.jpg,327,104,480,258,332,378
00028121.jpg,326,104,479,258,330,378
00028122.jpg,324,104,477,258,328,377
00028123.jpg,322,104,475,258,328,377
00028124.jpg,321,104,474,258,327,376
00028125.jpg,320,105,473,259,324,377
00028126.jpg,320,106,473,260,324,375
00028127.jpg,320,106,473,260,326,376
00028128.jpg,323,108,476,262,327,378
00028129.jpg,328,109,481,263,335,380
00028130.jpg,334,109,487,263,338,382
00028131.jpg,341,109,494,263,344,383
00028132.jpg,347,108,500,262,356,383
00028133.jpg,351,107,504,261,356,383
00028134.jpg,353,107,506,261,357,383
00028135.jpg,355,107,508,261,358,383
00028136.jpg,357,107,510,261,358,383
00028137.jpg,361,107,514,261,360,385
00028138.jpg,366,108,519,262,368,386
00028139.jpg,372,108,525,262,369,386
00028140.jpg,379,107,532,261,372,386
00028141.jpg,384,106,537,260,381,384
00028142.jpg,389,106,542,260,384,384
00028143.jpg,392,106,545,260,388,384
00028144.jpg,395,105,548,259,391,384
00028145.jpg,398,104,551,258,396,383
00028146.jpg,402,104,555,258,400,383
00028147.jpg,406,103,559,257,402,383
00028148.jpg,410,102,563,256,407,383
00028149.jpg,414,101,567,255,412,383
00028150.jpg,418,100,571,254,416,383
00028151.jpg,421,100,574,254,418,382
00028152.jpg,424,99,577,253,421,383
00028153.jpg,427,98,580,252,448,528
00028154.jpg,431,98,584,252,543,548
00028155.jpg,436,97,589,251,543,548
00028156.jpg,442,97,595,251,543,548
00028157.jpg,448,96,601,250,-1,-1
00028158.jpg,454,93,607,247,-1,-1
00028159.jpg,459,90,612,244,-1,-1
00028160.jpg,463,87,616,241,1270,203
00028161.jpg,465,81,610,230,1256,198
00028162.jpg,465,81,610,230,1244,201
00028163.jpg,467,82,612,231,1226,201
00028164.jpg,470,83,615,232,1202,201
00028165.jpg,472,85,617,234,1184,201
00028166.jpg,473,88,618,237,1161,202
00028167.jpg,474,90,619,239,1147,203
00028168.jpg,474,93,619,242,1123,203
00028169.jpg,473,95,618,244,1098,197
00028170.jpg,472,97,617,246,1076,193
00028171.jpg,471,99,616,248,1063,193
00028172.jpg,469,100,614,249,1047,192
00028173.jpg,467,101,612,250,1026,191
00028174.jpg,464,102,609,251,1004,189
00028175.jpg,462,103,607,252,984,191
00028176.jpg,459,104,604,253,836,633
00028177.jpg,457,106,602,255,836,630
00028178.jpg,456,106,601,255,653,607
00028179.jpg,456,107,601,256,576,571
00028180.jpg,456,108,601,257,500,554
00028181.jpg,456,110,601,259,488,552
00028182.jpg,456,110,601,259,488,552
00028183.jpg,458,110,603,259,487,552
00028184.jpg,466,104,602,249,479,552
00028185.jpg,466,104,602,249,485,554
00028186.jpg,469,102,605,247,480,553
00028187.jpg,470,99,606,244,348,528
00028188.jpg,472,98,608,243,348,529
00028189.jpg,473,96,609,241,344,529
00028190.jpg,473,95,609,240,343,527
00028191.jpg,474,95,610,240,345,527
00028192.jpg,481,88,610,231,347,527
00028193.jpg,481,88,610,231,347,527
00028194.jpg,481,89,610,232,347,526
00028195.jpg,481,89,610,232,347,526
00028196.jpg,481,89,610,232,346,525
00028197.jpg,480,89,609,232,344,525
00028198.jpg,480,89,609,232,344,525
00028199.jpg,478,89,607,232,339,523
00028200.jpg,478,89,607,232,341,523
