00000840.jpg,500,397,1050,898,-1,-1
00000841.jpg,500,397,1050,898,-1,-1
00000842.jpg,500,397,1050,898,-1,-1
00000843.jpg,500,397,1050,898,-1,-1
00000844.jpg,498,400,1048,901,-1,-1
00000845.jpg,497,401,1047,902,-1,-1
00000846.jpg,497,401,1047,902,-1,-1
00000847.jpg,498,402,1048,903,-1,-1
00000848.jpg,500,403,1050,904,-1,-1
00000849.jpg,507,405,1057,906,-1,-1
00000850.jpg,515,407,1065,908,-1,-1
00000851.jpg,515,407,1065,908,-1,-1
00000852.jpg,523,409,1073,910,-1,-1
00000853.jpg,502,377,1054,904,-1,-1
00000854.jpg,502,377,1054,904,-1,-1
00000855.jpg,508,377,1060,904,-1,-1
00000856.jpg,508,377,1060,904,-1,-1
00000857.jpg,512,375,1064,902,-1,-1
00000858.jpg,513,371,1065,898,-1,-1
00000859.jpg,512,368,1064,895,-1,-1
00000860.jpg,509,365,1061,892,-1,-1
00000861.jpg,509,365,1061,892,-1,-1
00000862.jpg,507,362,1059,889,-1,-1
00000863.jpg,504,361,1056,888,-1,-1
00000864.jpg,504,361,1056,888,-1,-1
00000865.jpg,506,361,1058,888,-1,-1
00000866.jpg,506,361,1058,888,-1,-1
00000867.jpg,509,361,1061,888,-1,-1
00000868.jpg,512,362,1064,889,-1,-1
00000869.jpg,515,364,1067,891,-1,-1
00000870.jpg,518,366,1070,893,-1,-1
00000871.jpg,518,366,1070,893,-1,-1
00000872.jpg,521,367,1073,894,-1,-1
00000873.jpg,523,368,1075,895,-1,-1
00000874.jpg,524,370,1076,897,-1,-1
00000875.jpg,525,372,1077,899,-1,-1
00000876.jpg,525,372,1077,899,-1,-1
00000877.jpg,525,375,1077,902,-1,-1
00000878.jpg,525,378,1077,905,-1,-1
00000879.jpg,523,382,1075,909,-1,-1
00000880.jpg,520,383,1072,910,-1,-1
00000881.jpg,520,383,1072,910,-1,-1
00000882.jpg,518,384,1070,911,-1,-1
00000883.jpg,515,384,1067,911,-1,-1
00000884.jpg,513,383,1065,910,-1,-1
00000885.jpg,510,382,1062,909,-1,-1
00000886.jpg,510,382,1062,909,-1,-1
00000887.jpg,509,384,1061,911,-1,-1
00000888.jpg,508,385,1060,912,551,617
00000889.jpg,508,387,1060,914,540,609
00000890.jpg,508,390,1060,917,528,608
00000891.jpg,508,390,1060,917,527,608
00000892.jpg,511,395,1063,922,511,608
00000893.jpg,515,400,1067,927,505,608
00000894.jpg,521,406,1073,933,495,608
00000895.jpg,526,412,1078,939,493,621
00000896.jpg,526,412,1078,939,493,621
00000897.jpg,531,417,1083,944,491,628
00000898.jpg,535,420,1087,947,491,628
00000899.jpg,538,419,1090,946,473,628
00000900.jpg,542,418,1094,945,473,620
00000901.jpg,542,418,1094,945,473,620
00000902.jpg,544,415,1096,942,473,620
00000903.jpg,546,415,1098,942,473,620
00000904.jpg,547,418,1099,945,473,620
00000905.jpg,547,421,1099,948,476,622
00000906.jpg,547,421,1099,948,476,624
00000907.jpg,548,423,1100,950,476,626
00000908.jpg,548,426,1100,953,476,626
00000909.jpg,550,426,1102,953,-1,-1
00000910.jpg,553,425,1105,952,-1,-1
00000911.jpg,553,425,1105,952,-1,-1
00000912.jpg,558,420,1110,947,-1,-1
00000913.jpg,562,414,1114,941,-1,-1
00000914.jpg,564,409,1116,936,-1,-1
00000915.jpg,568,406,1120,933,-1,-1
00000916.jpg,568,406,1120,933,-1,-1
00000917.jpg,576,402,1128,929,-1,-1
00000918.jpg,588,400,1140,927,-1,-1
00000919.jpg,601,397,1153,924,-1,-1
00000920.jpg,611,395,1163,922,-1,-1
00000921.jpg,611,395,1163,922,-1,-1
00000922.jpg,624,392,1176,919,-1,-1
00000923.jpg,640,389,1192,916,-1,-1
00000924.jpg,655,384,1207,911,-1,-1
00000925.jpg,669,383,1221,910,-1,-1
00000926.jpg,669,383,1221,910,-1,-1
00000927.jpg,681,382,1233,909,-1,-1
00000928.jpg,692,381,1244,908,-1,-1
00000929.jpg,699,383,1251,910,-1,-1
00000930.jpg,701,387,1253,914,-1,-1
00000931.jpg,701,387,1253,914,-1,-1
00000932.jpg,701,389,1253,916,-1,-1
00000933.jpg,697,392,1249,919,-1,-1
00000934.jpg,695,393,1247,920,-1,-1
00000935.jpg,691,395,1243,922,-1,-1
00000936.jpg,691,395,1243,922,-1,-1
00000937.jpg,687,398,1239,925,-1,-1
00000938.jpg,686,399,1238,926,-1,-1
00000939.jpg,685,398,1237,925,-1,-1
00000940.jpg,686,396,1238,923,-1,-1
00000941.jpg,686,396,1238,923,-1,-1
00000942.jpg,689,392,1241,919,-1,-1
00000943.jpg,689,389,1241,916,-1,-1
00000944.jpg,688,386,1240,913,-1,-1
00000945.jpg,686,383,1238,910,-1,-1
00000946.jpg,686,383,1238,910,-1,-1
00000947.jpg,684,378,1236,905,-1,-1
00000948.jpg,679,376,1231,903,-1,-1
00000949.jpg,672,376,1224,903,-1,-1
00000950.jpg,668,374,1220,901,-1,-1
00000951.jpg,668,374,1220,901,-1,-1
00000952.jpg,665,373,1217,900,-1,-1
00000953.jpg,661,373,1213,900,-1,-1
00000954.jpg,660,374,1212,901,-1,-1
00000955.jpg,658,375,1210,902,-1,-1
00000956.jpg,658,375,1210,902,-1,-1
00000957.jpg,657,377,1209,904,-1,-1
00000958.jpg,655,379,1207,906,-1,-1
00000959.jpg,654,380,1206,907,-1,-1
00000960.jpg,654,380,1206,907,-1,-1
