00000840.jpg,12,44,392,471,580,536
00000841.jpg,12,44,392,471,580,536
00000842.jpg,12,44,392,471,580,536
00000843.jpg,12,44,392,471,580,536
00000844.jpg,10,47,390,474,579,538
00000845.jpg,9,49,389,476,579,538
00000846.jpg,9,49,389,476,579,538
00000847.jpg,9,51,389,478,579,538
00000848.jpg,11,54,391,481,579,538
00000849.jpg,17,56,397,483,579,538
00000850.jpg,24,60,404,487,595,544
00000851.jpg,24,60,404,487,592,544
00000852.jpg,33,62,413,489,596,549
00000853.jpg,40,65,420,492,600,549
00000854.jpg,47,66,427,493,609,549
00000855.jpg,52,66,432,493,613,549
00000856.jpg,52,66,432,493,613,550
00000857.jpg,55,64,435,491,613,550
00000858.jpg,55,61,435,488,615,550
00000859.jpg,51,58,431,485,617,550
00000860.jpg,47,54,427,481,619,549
00000861.jpg,47,54,427,481,619,548
00000862.jpg,43,52,423,479,619,544
00000863.jpg,40,51,420,478,619,541
00000864.jpg,39,49,419,476,616,538
00000865.jpg,40,48,420,475,612,538
00000866.jpg,40,48,420,475,611,536
00000867.jpg,42,48,422,475,611,536
00000868.jpg,44,50,424,477,611,536
00000869.jpg,46,52,426,479,611,536
00000870.jpg,48,54,428,481,611,536
00000871.jpg,36,50,464,500,611,534
00000872.jpg,36,50,464,500,612,534
00000873.jpg,37,51,465,501,617,534
00000874.jpg,38,52,466,502,623,534
00000875.jpg,38,53,466,503,625,534
00000876.jpg,38,53,466,503,629,534
00000877.jpg,38,55,466,505,629,534
00000878.jpg,36,59,464,509,629,534
00000879.jpg,35,59,463,509,629,533
00000880.jpg,34,61,462,511,629,533
00000881.jpg,34,61,462,511,629,533
00000882.jpg,34,60,462,510,629,533
00000883.jpg,34,57,462,507,629,533
00000884.jpg,34,53,462,503,629,537
00000885.jpg,35,50,463,500,629,537
00000886.jpg,35,50,463,500,629,537
00000887.jpg,36,48,464,498,625,538
00000888.jpg,37,47,465,497,617,542
00000889.jpg,38,47,466,497,613,545
00000890.jpg,41,48,469,498,613,545
00000891.jpg,41,48,469,498,613,545
00000892.jpg,47,51,475,501,612,545
00000893.jpg,56,54,484,504,612,545
00000894.jpg,64,58,492,508,612,545
00000895.jpg,73,63,501,513,612,545
00000896.jpg,73,63,501,513,613,546
00000897.jpg,80,67,508,517,616,548
00000898.jpg,86,68,514,518,627,550
00000899.jpg,91,67,519,517,632,552
00000900.jpg,96,63,524,513,632,552
00000901.jpg,96,63,524,513,632,552
00000902.jpg,99,61,527,511,632,552
00000903.jpg,103,60,531,510,632,552
00000904.jpg,107,59,535,509,635,554
00000905.jpg,109,60,537,510,636,556
00000906.jpg,109,60,537,510,636,556
00000907.jpg,82,41,511,503,636,556
00000908.jpg,82,41,511,503,636,556
00000909.jpg,83,42,512,504,636,556
00000910.jpg,84,43,513,505,639,556
00000911.jpg,84,43,513,505,640,558
00000912.jpg,85,42,514,504,641,560
00000913.jpg,85,42,514,504,643,560
00000914.jpg,84,43,513,505,644,561
00000915.jpg,84,44,513,506,657,561
00000916.jpg,84,44,513,506,664,561
00000917.jpg,85,47,514,509,667,561
00000918.jpg,86,49,515,511,669,561
00000919.jpg,86,50,515,512,-1,-1
00000920.jpg,85,50,514,512,-1,-1
00000921.jpg,85,50,514,512,-1,-1
00000922.jpg,85,50,514,512,-1,-1
00000923.jpg,86,51,515,513,-1,-1
00000924.jpg,87,52,516,514,-1,-1
00000925.jpg,90,52,519,514,-1,-1
00000926.jpg,90,52,519,514,-1,-1
00000927.jpg,92,53,521,515,1148,253
00000928.jpg,94,54,523,516,1148,253
00000929.jpg,94,56,523,518,1148,253
00000930.jpg,94,57,523,519,1153,250
00000931.jpg,94,57,523,519,1155,250
00000932.jpg,93,59,522,521,1161,250
00000933.jpg,90,61,519,523,1161,249
00000934.jpg,88,62,517,524,1161,249
00000935.jpg,86,64,515,526,1157,249
00000936.jpg,86,64,515,526,1153,253
00000937.jpg,123,69,546,509,1152,254
00000938.jpg,123,69,546,509,1151,254
00000939.jpg,122,69,545,509,1151,254
00000940.jpg,122,67,545,507,1151,254
00000941.jpg,122,67,545,507,1151,254
00000942.jpg,122,65,545,505,1151,254
00000943.jpg,122,62,545,502,1151,252
00000944.jpg,121,58,544,498,1151,249
00000945.jpg,119,54,542,494,1151,246
00000946.jpg,119,54,542,494,1151,246
00000947.jpg,115,51,538,491,1151,246
00000948.jpg,110,48,533,488,1151,246
00000949.jpg,105,47,528,487,1151,246
00000950.jpg,100,47,523,487,1147,245
00000951.jpg,100,47,523,487,1147,245
00000952.jpg,96,47,519,487,1147,245
00000953.jpg,93,47,516,487,1143,241
00000954.jpg,91,48,514,488,1136,237
00000955.jpg,89,50,512,490,1136,237
00000956.jpg,89,50,512,490,1136,237
00000957.jpg,87,52,510,492,1136,237
00000958.jpg,85,55,508,495,1136,237
00000959.jpg,82,56,505,496,1136,237
00000960.jpg,82,56,505,496,1135,245
