00013306.jpg,451,47,670,286,-1,-1
00013307.jpg,451,47,670,286,-1,-1
00013308.jpg,451,47,670,286,-1,-1
00013309.jpg,451,47,670,286,-1,-1
00013310.jpg,451,46,670,285,-1,-1
00013311.jpg,451,45,670,284,-1,-1
00013312.jpg,451,45,670,284,-1,-1
00013313.jpg,450,45,669,284,-1,-1
00013314.jpg,449,44,668,283,-1,-1
00013315.jpg,450,44,669,283,-1,-1
00013316.jpg,450,44,669,283,-1,-1
00013317.jpg,451,45,670,284,-1,-1
00013318.jpg,451,45,670,284,-1,-1
00013319.jpg,453,46,672,285,-1,-1
00013320.jpg,454,46,673,285,-1,-1
00013321.jpg,456,46,675,285,-1,-1
00013322.jpg,457,45,676,284,-1,-1
00013323.jpg,457,45,676,284,-1,-1
00013324.jpg,459,45,678,284,-1,-1
00013325.jpg,459,45,678,284,-1,-1
00013326.jpg,463,44,682,283,-1,-1
00013327.jpg,466,44,685,283,-1,-1
00013328.jpg,470,45,689,284,-1,-1
00013329.jpg,470,45,689,284,-1,-1
00013330.jpg,475,45,694,284,-1,-1
00013331.jpg,480,46,699,285,-1,-1
00013332.jpg,484,46,703,285,-1,-1
00013333.jpg,488,47,707,286,-1,-1
00013334.jpg,488,47,707,286,-1,-1
00013335.jpg,488,47,707,286,-1,-1
00013336.jpg,491,48,710,287,-1,-1
00013337.jpg,495,49,714,288,-1,-1
00013338.jpg,498,50,717,289,-1,-1
00013339.jpg,501,50,720,289,-1,-1
00013340.jpg,501,50,720,289,-1,-1
00013341.jpg,503,51,722,290,-1,-1
00013342.jpg,504,52,723,291,-1,-1
00013343.jpg,504,52,723,291,-1,-1
00013344.jpg,503,52,722,291,-1,-1
00013345.jpg,503,52,722,291,-1,-1
00013346.jpg,503,52,722,291,-1,-1
00013347.jpg,500,51,719,290,-1,-1
00013348.jpg,495,50,714,289,-1,-1
00013349.jpg,489,49,708,288,-1,-1
00013350.jpg,483,49,702,288,-1,-1
00013351.jpg,483,49,702,288,-1,-1
00013352.jpg,473,49,692,288,-1,-1
00013353.jpg,466,49,685,288,-1,-1
00013354.jpg,459,48,678,287,-1,-1
00013355.jpg,459,48,678,287,-1,-1
00013356.jpg,455,47,674,286,-1,-1
00013357.jpg,455,47,674,286,-1,-1
00013358.jpg,451,47,670,286,-1,-1
00013359.jpg,439,43,661,287,-1,-1
00013360.jpg,439,43,661,287,-1,-1
00013361.jpg,437,43,659,287,-1,-1
00013362.jpg,437,44,659,288,-1,-1
00013363.jpg,429,43,651,287,464,649
00013364.jpg,423,44,645,288,466,644
00013365.jpg,423,44,645,288,464,642
00013366.jpg,419,45,641,289,457,625
00013367.jpg,410,45,632,289,454,613
00013368.jpg,410,45,632,289,452,609
00013369.jpg,406,46,628,290,449,586
00013370.jpg,403,47,625,291,445,567
00013371.jpg,398,47,620,291,444,552
00013372.jpg,395,47,617,291,441,540
00013373.jpg,395,47,617,291,440,539
00013374.jpg,393,47,615,291,440,534
00013375.jpg,393,47,615,291,440,534
00013376.jpg,392,48,614,292,-1,-1
00013377.jpg,392,49,614,293,-1,-1
00013378.jpg,392,48,614,292,-1,-1
00013379.jpg,392,48,614,292,-1,-1
00013380.jpg,395,48,617,292,-1,-1
00013381.jpg,398,47,620,291,-1,-1
00013382.jpg,403,46,625,290,-1,-1
00013383.jpg,408,45,630,289,-1,-1
00013384.jpg,408,45,630,289,-1,-1
00013385.jpg,408,45,630,289,-1,-1
00013386.jpg,412,43,634,287,-1,-1
00013387.jpg,421,43,643,287,-1,-1
00013388.jpg,426,42,648,286,-1,-1
00013389.jpg,431,41,653,285,-1,-1
00013390.jpg,431,41,653,285,-1,-1
00013391.jpg,441,42,663,286,-1,-1
00013392.jpg,443,41,665,285,-1,-1
00013393.jpg,445,41,667,285,-1,-1
00013394.jpg,447,41,669,285,-1,-1
00013395.jpg,447,41,669,285,-1,-1
00013396.jpg,447,41,669,285,-1,-1
00013397.jpg,456,40,678,284,-1,-1
00013398.jpg,460,39,682,283,-1,-1
00013399.jpg,462,39,684,283,-1,-1
00013400.jpg,463,39,685,283,-1,-1
00013401.jpg,463,39,685,283,-1,-1
00013402.jpg,471,36,686,282,-1,-1
00013403.jpg,471,36,686,282,-1,-1
00013404.jpg,473,36,688,282,-1,-1
00013405.jpg,473,36,688,282,-1,-1
00013406.jpg,474,36,689,282,-1,-1
00013407.jpg,474,36,689,282,-1,-1
00013408.jpg,476,36,691,282,-1,-1
00013409.jpg,476,36,691,282,-1,-1
00013410.jpg,477,36,692,282,-1,-1
00013411.jpg,477,36,692,282,-1,-1
00013412.jpg,477,36,692,282,-1,-1
00013413.jpg,477,36,692,282,756,281
00013414.jpg,475,36,690,282,756,281
00013415.jpg,475,36,690,282,756,281
00013416.jpg,475,36,690,282,756,281
00013417.jpg,474,36,689,282,756,279
00013418.jpg,474,36,689,282,756,279
00013419.jpg,473,36,688,282,756,280
00013420.jpg,472,36,687,282,756,280
00013421.jpg,472,36,687,282,756,280
00013422.jpg,471,36,686,282,756,280
00013423.jpg,471,36,686,282,756,280
00013424.jpg,471,36,686,282,-1,-1
00013425.jpg,471,36,686,282,-1,-1
00013426.jpg,471,36,686,282,-1,-1
00013427.jpg,471,36,686,282,-1,-1
