00004184.jpg,708,223,863,404,-1,-1
00004185.jpg,708,223,863,404,-1,-1
00004186.jpg,708,223,863,404,-1,-1
00004187.jpg,708,223,863,404,-1,-1
00004188.jpg,708,223,863,404,-1,-1
00004189.jpg,709,223,864,404,-1,-1
00004190.jpg,709,222,864,403,-1,-1
00004191.jpg,709,222,864,403,-1,-1
00004192.jpg,710,222,865,403,792,148
00004193.jpg,710,221,865,402,792,148
00004194.jpg,710,220,865,401,794,148
00004195.jpg,711,220,866,401,795,149
00004196.jpg,711,220,866,401,795,149
00004197.jpg,711,220,866,401,795,149
00004198.jpg,712,219,867,400,796,150
00004199.jpg,712,219,867,400,796,151
00004200.jpg,713,219,868,400,797,151
00004201.jpg,713,219,868,400,797,151
00004202.jpg,714,218,869,399,797,151
00004203.jpg,714,218,869,399,797,151
00004204.jpg,715,218,870,399,797,151
00004205.jpg,715,218,870,399,797,151
00004206.jpg,715,218,870,399,-1,-1
00004207.jpg,715,218,870,399,-1,-1
00004208.jpg,716,219,871,400,-1,-1
00004209.jpg,716,219,871,400,-1,-1
00004210.jpg,716,219,871,400,-1,-1
00004211.jpg,716,219,871,400,-1,-1
00004212.jpg,716,219,871,400,-1,-1
00004213.jpg,717,219,872,400,-1,-1
00004214.jpg,717,219,872,400,-1,-1
00004215.jpg,717,219,872,400,-1,-1
00004216.jpg,716,219,871,400,-1,-1
00004217.jpg,716,219,871,400,-1,-1
00004218.jpg,716,219,871,400,-1,-1
00004219.jpg,716,219,871,400,-1,-1
00004220.jpg,715,220,870,401,-1,-1
00004221.jpg,715,220,870,401,-1,-1
00004222.jpg,715,221,870,402,-1,-1
00004223.jpg,715,221,870,402,-1,-1
00004224.jpg,715,221,870,402,-1,-1
00004225.jpg,714,221,869,402,-1,-1
00004226.jpg,714,221,869,402,-1,-1
00004227.jpg,714,220,869,401,-1,-1
00004228.jpg,714,220,869,401,-1,-1
00004229.jpg,714,220,869,401,-1,-1
00004230.jpg,714,220,869,401,-1,-1
00004231.jpg,714,220,869,401,-1,-1
00004232.jpg,714,220,869,401,-1,-1
00004233.jpg,713,220,868,401,-1,-1
00004234.jpg,713,220,868,401,-1,-1
00004235.jpg,713,220,868,401,-1,-1
00004236.jpg,713,221,868,402,-1,-1
00004237.jpg,713,221,868,402,-1,-1
00004238.jpg,713,221,868,402,-1,-1
00004239.jpg,713,221,868,402,-1,-1
00004240.jpg,713,221,868,402,-1,-1
00004241.jpg,714,221,869,402,-1,-1
00004242.jpg,713,222,868,403,-1,-1
00004243.jpg,713,221,868,402,-1,-1
00004244.jpg,713,222,868,403,-1,-1
00004245.jpg,713,222,868,403,-1,-1
00004246.jpg,713,222,868,403,-1,-1
00004247.jpg,713,222,868,403,-1,-1
00004248.jpg,714,222,869,403,-1,-1
00004249.jpg,715,222,870,403,-1,-1
00004250.jpg,715,222,870,403,-1,-1
00004251.jpg,716,222,871,403,-1,-1
00004252.jpg,717,223,872,404,-1,-1
00004253.jpg,719,223,874,404,-1,-1
00004254.jpg,720,223,875,404,-1,-1
00004255.jpg,722,223,877,404,-1,-1
00004256.jpg,722,223,877,404,-1,-1
