00005586.jpg,686,105,838,253,-1,-1
00005587.jpg,686,105,838,253,-1,-1
00005588.jpg,686,105,838,253,-1,-1
00005589.jpg,686,105,838,253,-1,-1
00005590.jpg,691,97,843,245,-1,-1
00005591.jpg,694,88,846,236,-1,-1
00005592.jpg,694,81,846,229,-1,-1
00005593.jpg,693,78,845,226,-1,-1
00005594.jpg,692,78,844,226,-1,-1
00005595.jpg,693,82,845,230,-1,-1
00005596.jpg,690,88,842,236,-1,-1
00005597.jpg,686,93,838,241,-1,-1
00005598.jpg,682,95,834,243,-1,-1
00005599.jpg,683,98,835,246,-1,-1
00005600.jpg,691,101,843,249,-1,-1
00005601.jpg,699,101,851,249,-1,-1
00005602.jpg,703,93,855,241,-1,-1
00005603.jpg,702,81,854,229,-1,-1
00005604.jpg,698,66,850,214,-1,-1
00005605.jpg,692,52,844,200,-1,-1
00005606.jpg,684,41,836,189,-1,-1
00005607.jpg,675,34,827,182,-1,-1
00005608.jpg,667,34,819,182,-1,-1
00005609.jpg,661,39,813,187,-1,-1
00005610.jpg,658,45,810,193,-1,-1
00005611.jpg,656,49,808,197,-1,-1
00005612.jpg,653,57,805,205,-1,-1
00005613.jpg,651,63,803,211,-1,-1
00005614.jpg,650,62,802,210,-1,-1
00005615.jpg,645,55,797,203,-1,-1
00005616.jpg,639,41,791,189,-1,-1
00005617.jpg,637,26,789,174,-1,-1
00005618.jpg,639,12,791,160,-1,-1
00005619.jpg,639,3,791,151,-1,-1
00005620.jpg,643,1,795,149,-1,-1
00005621.jpg,655,4,807,152,-1,-1
00005622.jpg,668,12,820,160,-1,-1
00005623.jpg,681,22,833,170,-1,-1
00005624.jpg,696,32,848,180,-1,-1
00005625.jpg,709,42,861,190,-1,-1
00005626.jpg,720,50,872,198,-1,-1
00005627.jpg,729,58,881,206,-1,-1
00005628.jpg,735,62,887,210,-1,-1
00005629.jpg,738,58,890,206,-1,-1
00005630.jpg,736,49,888,197,-1,-1
00005631.jpg,732,40,884,188,-1,-1
00005632.jpg,727,35,879,183,-1,-1
00005633.jpg,723,32,875,180,-1,-1
00005634.jpg,719,37,871,185,-1,-1
00005635.jpg,719,37,871,185,-1,-1
