00000301.jpg,369,102,529,290,543,276
00000302.jpg,369,102,529,290,546,274
00000303.jpg,372,96,529,277,549,273
00000304.jpg,381,92,533,280,549,273
00000305.jpg,381,92,533,280,549,273
00000306.jpg,380,90,532,278,-1,-1
00000307.jpg,379,88,531,270,-1,-1
00000308.jpg,379,88,531,270,-1,-1
00000309.jpg,378,87,530,269,-1,-1
00000310.jpg,378,87,530,269,-1,-1
00000311.jpg,378,86,530,268,-1,-1
00000312.jpg,378,86,530,268,-1,-1
00000313.jpg,377,86,529,268,-1,-1
00000314.jpg,377,86,529,268,-1,-1
00000315.jpg,377,86,529,268,-1,-1
00000316.jpg,376,86,528,268,-1,-1
00000317.jpg,375,86,527,268,-1,-1
00000318.jpg,375,86,527,268,-1,-1
00000319.jpg,375,86,527,268,-1,-1
00000320.jpg,374,85,526,267,-1,-1
00000321.jpg,374,85,526,267,-1,-1
00000322.jpg,374,85,526,267,-1,-1
00000323.jpg,373,85,525,267,-1,-1
00000324.jpg,373,85,525,267,-1,-1
00000325.jpg,373,85,525,267,-1,-1
00000326.jpg,373,85,525,267,-1,-1
00000327.jpg,372,84,524,266,-1,-1
00000328.jpg,372,84,524,266,-1,-1
00000329.jpg,372,84,524,266,-1,-1
00000330.jpg,372,84,524,266,-1,-1
00000331.jpg,371,84,523,266,-1,-1
00000332.jpg,371,84,523,266,-1,-1
00000333.jpg,371,84,523,266,-1,-1
00000334.jpg,371,84,523,266,-1,-1
00000335.jpg,371,84,523,266,-1,-1
00000336.jpg,370,84,522,266,-1,-1
00000337.jpg,378,87,525,256,-1,-1
00000338.jpg,378,87,525,256,-1,-1
00000339.jpg,378,87,525,256,-1,-1
00000340.jpg,378,87,525,256,-1,-1
00000341.jpg,379,88,532,263,-1,-1
00000342.jpg,379,88,532,263,-1,-1
00000343.jpg,379,89,532,264,-1,-1
00000344.jpg,380,90,528,267,-1,-1
00000345.jpg,380,90,528,267,-1,-1
00000346.jpg,380,92,528,269,-1,-1
00000347.jpg,379,91,529,278,-1,-1
00000348.jpg,379,91,529,278,-1,-1
00000349.jpg,379,92,529,279,-1,-1
00000350.jpg,379,92,529,279,-1,-1
00000351.jpg,378,92,528,279,-1,-1
00000352.jpg,378,92,528,279,-1,-1
00000353.jpg,378,92,528,279,-1,-1
00000354.jpg,378,92,528,279,-1,-1
00000355.jpg,378,92,528,279,-1,-1
00000356.jpg,378,92,528,279,-1,-1
00000357.jpg,378,92,528,279,-1,-1
00000358.jpg,378,92,528,279,-1,-1
00000359.jpg,378,92,528,279,-1,-1
00000360.jpg,378,92,528,279,-1,-1
00000361.jpg,377,92,527,279,-1,-1
00000362.jpg,378,91,528,278,-1,-1
00000363.jpg,378,91,528,278,-1,-1
00000364.jpg,377,92,527,279,-1,-1
00000365.jpg,377,91,527,278,-1,-1
00000366.jpg,377,91,527,278,-1,-1
00000367.jpg,378,91,528,278,-1,-1
00000368.jpg,378,91,528,278,-1,-1
00000369.jpg,378,91,528,278,-1,-1
00000370.jpg,378,91,528,278,-1,-1
00000371.jpg,377,91,527,278,-1,-1
00000372.jpg,377,91,527,278,-1,-1
00000373.jpg,377,91,527,278,-1,-1
00000374.jpg,377,91,527,278,-1,-1
00000375.jpg,377,91,527,278,-1,-1
00000376.jpg,377,91,527,278,-1,-1
00000377.jpg,377,91,527,278,-1,-1
00000378.jpg,377,91,527,278,-1,-1
00000379.jpg,377,90,527,277,-1,-1
00000380.jpg,377,90,527,277,-1,-1
00000381.jpg,377,90,527,277,-1,-1
00000382.jpg,377,90,527,277,-1,-1
00000383.jpg,377,90,527,277,-1,-1
00000384.jpg,377,90,527,277,-1,-1
00000385.jpg,377,90,527,277,-1,-1
00000386.jpg,377,90,527,277,-1,-1
00000387.jpg,377,90,527,277,-1,-1
00000388.jpg,377,90,527,277,-1,-1
00000389.jpg,377,89,527,276,-1,-1
00000390.jpg,377,89,527,276,-1,-1
00000391.jpg,377,89,527,276,-1,-1
00000392.jpg,377,89,527,276,-1,-1
00000393.jpg,377,89,527,276,-1,-1
00000394.jpg,377,89,527,276,-1,-1
00000395.jpg,377,89,527,276,-1,-1
00000396.jpg,377,87,527,274,-1,-1
00000397.jpg,380,87,530,268,-1,-1
00000398.jpg,380,87,530,268,-1,-1
00000399.jpg,382,86,537,260,-1,-1
00000400.jpg,382,86,537,260,-1,-1
00000401.jpg,384,85,539,259,-1,-1
00000402.jpg,385,85,540,259,-1,-1
00000403.jpg,386,85,541,259,-1,-1
00000404.jpg,387,85,542,259,-1,-1
00000405.jpg,387,85,542,259,-1,-1
00000406.jpg,388,85,543,259,-1,-1
00000407.jpg,388,85,543,259,-1,-1
00000408.jpg,388,85,543,259,-1,-1
00000409.jpg,388,85,543,259,-1,-1
00000410.jpg,388,85,543,259,-1,-1
00000411.jpg,387,85,542,259,-1,-1
00000412.jpg,386,85,541,259,-1,-1
00000413.jpg,385,85,540,259,-1,-1
00000414.jpg,385,86,540,260,-1,-1
00000415.jpg,386,86,541,260,-1,-1
00000416.jpg,386,86,541,260,-1,-1
00000417.jpg,387,86,542,260,-1,-1
00000418.jpg,387,86,542,260,-1,-1
00000419.jpg,387,86,542,260,-1,-1
00000420.jpg,387,86,542,260,-1,-1
00000421.jpg,386,86,541,260,-1,-1
00000422.jpg,386,86,541,260,-1,-1
00000423.jpg,385,86,540,260,-1,-1
00000424.jpg,385,86,540,260,-1,-1
00000425.jpg,385,86,540,260,-1,-1
00000426.jpg,385,86,540,260,-1,-1
00000427.jpg,384,85,539,259,-1,-1
00000428.jpg,384,85,539,259,-1,-1
00000429.jpg,384,85,539,259,-1,-1
00000430.jpg,385,85,540,259,-1,-1
00000431.jpg,385,85,540,259,-1,-1
00000432.jpg,385,85,540,259,-1,-1
00000433.jpg,385,86,540,260,-1,-1
00000434.jpg,385,86,540,260,-1,-1
00000435.jpg,385,86,540,260,-1,-1
00000436.jpg,385,86,540,260,-1,-1
00000437.jpg,385,85,540,259,-1,-1
00000438.jpg,386,85,541,259,-1,-1
00000439.jpg,386,85,541,259,-1,-1
00000440.jpg,386,85,541,259,-1,-1
00000441.jpg,386,85,541,259,-1,-1
00000442.jpg,386,85,541,259,-1,-1
00000443.jpg,386,85,541,259,-1,-1
00000444.jpg,386,85,541,259,-1,-1
00000445.jpg,386,85,541,259,-1,-1
00000446.jpg,385,85,540,259,-1,-1
00000447.jpg,385,85,540,259,-1,-1
00000448.jpg,385,86,540,260,-1,-1
00000449.jpg,385,86,540,260,-1,-1
00000450.jpg,385,86,540,260,-1,-1
00000451.jpg,386,86,541,260,-1,-1
00000452.jpg,386,86,541,260,-1,-1
00000453.jpg,386,85,541,259,-1,-1
00000454.jpg,386,85,541,259,-1,-1
00000455.jpg,386,85,541,259,-1,-1
00000456.jpg,386,85,541,259,-1,-1
00000457.jpg,386,85,541,259,-1,-1
00000458.jpg,386,85,541,259,-1,-1
00000459.jpg,386,85,541,259,-1,-1
00000460.jpg,386,85,541,259,-1,-1
00000461.jpg,386,85,541,259,-1,-1
00000462.jpg,386,85,541,259,-1,-1
00000463.jpg,386,85,541,259,-1,-1
00000464.jpg,386,85,541,259,-1,-1
00000465.jpg,386,85,541,259,-1,-1
00000466.jpg,387,85,542,259,-1,-1
00000467.jpg,387,85,542,259,-1,-1
00000468.jpg,387,85,542,259,-1,-1
00000469.jpg,386,85,541,259,-1,-1
00000470.jpg,386,85,541,259,-1,-1
00000471.jpg,384,85,539,259,-1,-1
00000472.jpg,383,85,538,259,-1,-1
00000473.jpg,382,85,537,259,-1,-1
00000474.jpg,381,85,536,259,-1,-1
00000475.jpg,381,85,536,259,-1,-1
00000476.jpg,381,85,536,259,-1,-1
00000477.jpg,380,85,535,259,-1,-1
00000478.jpg,378,86,533,260,-1,-1
00000479.jpg,378,86,533,260,-1,-1
00000480.jpg,378,86,533,260,-1,-1
00000481.jpg,377,85,532,259,-1,-1
00000482.jpg,376,85,531,259,-1,-1
00000483.jpg,376,85,531,259,-1,-1
00000484.jpg,376,86,531,260,-1,-1
00000485.jpg,376,86,531,260,-1,-1
00000486.jpg,374,86,529,260,-1,-1
00000487.jpg,374,85,529,259,-1,-1
00000488.jpg,374,85,529,259,-1,-1
00000489.jpg,373,85,528,259,-1,-1
00000490.jpg,373,85,528,259,-1,-1
00000491.jpg,373,85,528,259,-1,-1
00000492.jpg,373,85,528,259,-1,-1
00000493.jpg,373,86,528,260,-1,-1
00000494.jpg,373,85,528,259,-1,-1
00000495.jpg,373,85,528,259,-1,-1
00000496.jpg,373,85,528,259,-1,-1
00000497.jpg,373,85,528,259,-1,-1
00000498.jpg,374,85,529,259,-1,-1
00000499.jpg,374,84,529,258,-1,-1
00000500.jpg,374,84,529,258,-1,-1
00000501.jpg,375,84,530,258,-1,-1
00000502.jpg,376,84,531,258,-1,-1
00000503.jpg,376,84,531,258,-1,-1
00000504.jpg,377,84,532,258,-1,-1
00000505.jpg,377,84,532,258,-1,-1
00000506.jpg,376,84,531,258,-1,-1
00000507.jpg,377,83,532,257,378,423
00000508.jpg,376,81,536,263,310,406
00000509.jpg,376,81,536,263,281,274
00000510.jpg,376,81,536,263,281,274
00000511.jpg,372,82,532,264,281,274
00000512.jpg,370,82,530,264,281,274
00000513.jpg,365,83,525,265,280,274
00000514.jpg,361,85,521,267,280,274
00000515.jpg,361,85,521,267,286,272
00000516.jpg,359,87,519,269,287,272
00000517.jpg,358,88,518,270,291,272
00000518.jpg,357,88,517,270,294,272
00000519.jpg,356,89,516,271,295,272
00000520.jpg,356,89,516,271,296,271
00000521.jpg,355,89,515,271,296,271
00000522.jpg,355,90,515,272,299,271
00000523.jpg,353,91,513,273,299,271
00000524.jpg,349,93,509,275,299,271
00000525.jpg,349,93,509,275,299,271
00000526.jpg,344,96,504,278,299,271
00000527.jpg,340,98,500,280,298,271
00000528.jpg,334,106,494,288,298,271
00000529.jpg,331,108,491,290,298,271
00000530.jpg,331,108,491,290,298,271
00000531.jpg,330,109,490,291,298,271
00000532.jpg,329,110,489,292,298,271
00000533.jpg,329,110,489,292,298,271
00000534.jpg,329,110,489,292,298,271
00000535.jpg,329,110,489,292,298,271
00000536.jpg,330,110,490,292,298,271
00000537.jpg,330,110,490,292,298,271
00000538.jpg,331,109,491,291,298,271
00000539.jpg,331,109,491,291,298,271
00000540.jpg,331,109,491,291,298,271
00000541.jpg,332,109,492,291,298,271
00000542.jpg,332,109,492,291,298,271
00000543.jpg,333,109,493,291,298,271
00000544.jpg,334,109,494,291,298,271
00000545.jpg,334,109,494,291,298,271
00000546.jpg,336,109,496,291,298,271
00000547.jpg,338,108,498,290,298,271
00000548.jpg,340,107,500,289,300,273
00000549.jpg,341,107,501,289,302,276
00000550.jpg,341,107,501,289,302,276
00000551.jpg,342,106,502,288,303,277
00000552.jpg,343,105,503,287,303,275
00000553.jpg,344,105,504,287,303,275
00000554.jpg,345,105,505,287,303,275
00000555.jpg,345,104,505,286,302,274
00000556.jpg,346,104,506,286,302,274
00000557.jpg,346,103,506,285,302,274
00000558.jpg,341,93,509,286,302,274
00000559.jpg,341,93,509,286,302,274
00000560.jpg,341,93,509,286,302,274
00000561.jpg,342,92,510,285,302,274
00000562.jpg,343,92,511,285,302,274
00000563.jpg,344,91,512,284,302,274
00000564.jpg,342,92,510,285,-1,-1
00000565.jpg,342,92,510,285,-1,-1
00000566.jpg,342,92,510,285,-1,-1
00000567.jpg,361,93,518,275,-1,-1
00000568.jpg,361,93,518,275,-1,-1
00000569.jpg,364,92,521,274,-1,-1
00000570.jpg,364,92,521,274,-1,-1
00000571.jpg,368,91,525,273,-1,-1
00000572.jpg,371,92,528,274,-1,-1
00000573.jpg,373,92,530,274,-1,-1
00000574.jpg,375,92,532,274,-1,-1
00000575.jpg,376,92,533,274,-1,-1
00000576.jpg,378,92,535,274,-1,-1
00000577.jpg,379,92,536,274,-1,-1
00000578.jpg,380,92,537,274,-1,-1
00000579.jpg,381,92,538,274,-1,-1
00000580.jpg,381,92,538,274,-1,-1
00000581.jpg,381,93,538,275,-1,-1
00000582.jpg,381,92,538,274,-1,-1
00000583.jpg,382,92,539,274,-1,-1
00000584.jpg,383,92,540,274,-1,-1
00000585.jpg,383,92,540,274,-1,-1
00000586.jpg,384,92,541,274,-1,-1
00000587.jpg,384,92,541,274,-1,-1
00000588.jpg,382,91,539,273,-1,-1
00000589.jpg,382,91,539,273,-1,-1
00000590.jpg,382,91,539,273,-1,-1
00000591.jpg,382,91,539,273,-1,-1
00000592.jpg,382,91,539,273,-1,-1
00000593.jpg,382,90,539,272,-1,-1
00000594.jpg,382,90,539,272,-1,-1
00000595.jpg,382,90,539,272,-1,-1
00000596.jpg,382,89,539,271,-1,-1
00000597.jpg,382,89,539,271,-1,-1
00000598.jpg,382,89,539,271,-1,-1
00000599.jpg,382,89,539,271,-1,-1
00000600.jpg,383,88,540,270,-1,-1
00000601.jpg,383,88,540,270,-1,-1
00000602.jpg,382,88,539,270,-1,-1
00000603.jpg,382,88,539,270,-1,-1
00000604.jpg,382,88,539,270,-1,-1
00000605.jpg,382,88,539,270,-1,-1
00000606.jpg,382,87,539,269,-1,-1
00000607.jpg,385,88,535,258,-1,-1
00000608.jpg,386,87,536,257,-1,-1
00000609.jpg,386,87,536,257,-1,-1
00000610.jpg,386,87,536,257,-1,-1
00000611.jpg,386,87,536,257,-1,-1
00000612.jpg,387,87,537,257,-1,-1
00000613.jpg,387,87,537,257,-1,-1
00000614.jpg,387,88,537,258,-1,-1
00000615.jpg,387,88,537,258,-1,-1
00000616.jpg,387,89,537,259,-1,-1
00000617.jpg,386,89,536,259,-1,-1
00000618.jpg,386,89,536,259,-1,-1
00000619.jpg,380,92,531,267,-1,-1
00000620.jpg,380,92,531,267,-1,-1
00000621.jpg,380,93,531,268,-1,-1
00000622.jpg,380,93,531,268,-1,-1
00000623.jpg,380,94,531,269,-1,-1
00000624.jpg,380,93,531,268,-1,-1
00000625.jpg,380,93,531,268,-1,-1
00000626.jpg,381,93,532,268,-1,-1
00000627.jpg,381,93,532,268,-1,-1
00000628.jpg,381,92,532,267,-1,-1
00000629.jpg,381,92,532,267,-1,-1
00000630.jpg,381,92,532,267,-1,-1
00000631.jpg,381,91,532,266,-1,-1
00000632.jpg,381,91,532,266,-1,-1
00000633.jpg,381,91,532,266,-1,-1
00000634.jpg,381,91,532,266,-1,-1
00000635.jpg,381,91,532,266,-1,-1
00000636.jpg,381,91,532,266,-1,-1
00000637.jpg,381,91,532,266,-1,-1
00000638.jpg,381,90,532,265,-1,-1
00000639.jpg,381,90,532,265,-1,-1
00000640.jpg,381,90,532,265,-1,-1
00000641.jpg,384,90,535,265,500,423
00000642.jpg,381,89,532,264,548,275
00000643.jpg,381,93,531,270,548,276
00000644.jpg,381,93,531,270,548,276
00000645.jpg,381,93,531,270,548,276
00000646.jpg,382,94,532,271,548,276
00000647.jpg,383,95,533,272,548,276
00000648.jpg,384,95,534,272,548,276
00000649.jpg,385,96,535,273,548,276
00000650.jpg,385,96,535,273,548,276
00000651.jpg,385,96,535,273,548,276
00000652.jpg,385,96,535,273,548,276
00000653.jpg,385,96,535,273,548,276
00000654.jpg,385,96,535,273,548,276
00000655.jpg,385,96,535,273,548,276
00000656.jpg,385,96,535,273,548,276
00000657.jpg,385,96,535,273,548,276
00000658.jpg,386,96,536,273,548,276
00000659.jpg,386,96,536,273,548,276
00000660.jpg,387,96,537,273,548,276
00000661.jpg,388,96,538,273,548,276
00000662.jpg,386,94,536,271,548,276
00000663.jpg,383,93,533,270,578,424
00000664.jpg,382,93,532,270,-1,-1
00000665.jpg,382,93,532,270,-1,-1
00000666.jpg,384,95,534,272,-1,-1
00000667.jpg,385,96,535,273,-1,-1
00000668.jpg,385,96,535,273,-1,-1
00000669.jpg,385,97,535,274,-1,-1
00000670.jpg,385,97,535,274,-1,-1
00000671.jpg,385,97,535,274,-1,-1
00000672.jpg,384,97,534,274,-1,-1
00000673.jpg,382,96,532,273,-1,-1
00000674.jpg,379,96,529,273,-1,-1
00000675.jpg,379,96,529,273,-1,-1
00000676.jpg,374,96,524,273,-1,-1
00000677.jpg,367,95,517,272,-1,-1
00000678.jpg,364,94,514,271,-1,-1
00000679.jpg,363,94,513,271,-1,-1
00000680.jpg,363,94,513,271,-1,-1
00000681.jpg,362,93,512,270,-1,-1
00000682.jpg,364,85,514,257,-1,-1
00000683.jpg,364,85,514,257,-1,-1
00000684.jpg,363,84,513,256,-1,-1
00000685.jpg,363,84,513,256,-1,-1
00000686.jpg,363,84,513,256,-1,-1
00000687.jpg,363,83,513,255,-1,-1
00000688.jpg,362,82,512,254,-1,-1
00000689.jpg,362,77,512,249,-1,-1
00000690.jpg,362,77,512,249,-1,-1
00000691.jpg,359,72,509,244,-1,-1
00000692.jpg,359,70,508,242,-1,-1
00000693.jpg,359,70,508,242,-1,-1
00000694.jpg,358,71,507,243,-1,-1
00000695.jpg,358,71,507,243,-1,-1
00000696.jpg,358,72,496,238,-1,-1
00000697.jpg,357,79,504,253,-1,-1
00000698.jpg,356,93,500,262,-1,-1
00000699.jpg,361,102,505,269,-1,-1
00000700.jpg,361,102,505,269,-1,-1
00000701.jpg,361,97,512,270,-1,-1
00000702.jpg,361,97,512,270,-1,-1
00000703.jpg,364,102,515,275,-1,-1
00000704.jpg,368,107,519,280,-1,-1
00000705.jpg,368,107,519,280,-1,-1
00000706.jpg,370,113,521,286,-1,-1
00000707.jpg,372,116,523,289,-1,-1
00000708.jpg,373,119,524,292,-1,-1
00000709.jpg,374,120,525,293,-1,-1
00000710.jpg,374,120,525,293,-1,-1
00000711.jpg,374,120,525,293,-1,-1
00000712.jpg,374,120,525,293,-1,-1
00000713.jpg,373,119,524,292,-1,-1
00000714.jpg,371,118,522,291,-1,-1
00000715.jpg,371,118,522,291,-1,-1
00000716.jpg,367,117,518,290,-1,-1
00000717.jpg,364,115,515,288,-1,-1
00000718.jpg,361,114,512,287,-1,-1
00000719.jpg,358,110,509,283,-1,-1
00000720.jpg,358,110,509,283,-1,-1
00000721.jpg,356,109,507,282,-1,-1
00000722.jpg,353,112,504,285,-1,-1
00000723.jpg,351,112,502,285,-1,-1
00000724.jpg,350,111,501,284,-1,-1
00000725.jpg,350,111,501,284,-1,-1
00000726.jpg,351,109,502,282,-1,-1
00000727.jpg,360,113,520,293,-1,-1
00000728.jpg,360,113,520,293,-1,-1
00000729.jpg,361,110,521,290,-1,-1
00000730.jpg,361,110,521,290,-1,-1
00000731.jpg,364,109,524,289,-1,-1
00000732.jpg,366,109,526,289,-1,-1
00000733.jpg,368,109,528,289,-1,-1
00000734.jpg,370,111,530,291,-1,-1
00000735.jpg,370,111,530,291,-1,-1
00000736.jpg,370,111,530,291,-1,-1
00000737.jpg,368,111,528,291,-1,-1
00000738.jpg,365,112,525,292,-1,-1
00000739.jpg,364,112,524,292,-1,-1
00000740.jpg,364,112,524,292,-1,-1
00000741.jpg,364,113,524,293,-1,-1
00000742.jpg,364,114,524,294,-1,-1
00000743.jpg,365,114,525,294,-1,-1
00000744.jpg,366,112,526,292,-1,-1
00000745.jpg,366,112,526,292,-1,-1
00000746.jpg,366,112,526,292,-1,-1
00000747.jpg,366,112,526,292,-1,-1
00000748.jpg,366,113,526,293,-1,-1
00000749.jpg,366,113,526,293,-1,-1
00000750.jpg,366,113,526,293,-1,-1
00000751.jpg,367,113,527,293,-1,-1
00000752.jpg,367,113,527,293,-1,-1
00000753.jpg,367,113,527,293,-1,-1
00000754.jpg,368,114,528,294,-1,-1
00000755.jpg,368,114,528,294,-1,-1
00000756.jpg,368,113,528,293,-1,-1
00000757.jpg,367,113,527,293,-1,-1
00000758.jpg,367,113,527,293,-1,-1
00000759.jpg,367,112,527,292,-1,-1
00000760.jpg,367,112,527,292,-1,-1
00000761.jpg,367,112,527,292,-1,-1
00000762.jpg,367,112,527,292,-1,-1
00000763.jpg,367,112,527,292,-1,-1
00000764.jpg,367,111,527,291,-1,-1
00000765.jpg,367,111,527,291,-1,-1
00000766.jpg,367,110,527,290,-1,-1
00000767.jpg,369,105,532,281,-1,-1
00000768.jpg,369,105,532,281,-1,-1
00000769.jpg,369,106,532,282,-1,-1
00000770.jpg,369,106,532,282,-1,-1
00000771.jpg,370,107,533,283,-1,-1
00000772.jpg,370,109,533,285,-1,-1
00000773.jpg,371,105,534,281,-1,-1
00000774.jpg,371,105,534,281,-1,-1
00000775.jpg,371,105,534,281,-1,-1
00000776.jpg,372,106,535,282,-1,-1
00000777.jpg,372,106,535,282,-1,-1
00000778.jpg,372,107,535,283,-1,-1
00000779.jpg,372,107,535,283,-1,-1
00000780.jpg,372,107,535,283,-1,-1
00000781.jpg,372,107,535,283,-1,-1
00000782.jpg,372,107,535,283,-1,-1
00000783.jpg,372,107,535,283,-1,-1
00000784.jpg,371,107,534,283,-1,-1
00000785.jpg,371,107,534,283,-1,-1
00000786.jpg,371,106,534,282,-1,-1
00000787.jpg,372,107,535,283,-1,-1
00000788.jpg,372,106,535,282,-1,-1
00000789.jpg,373,106,536,282,-1,-1
00000790.jpg,373,106,536,282,-1,-1
00000791.jpg,374,106,537,282,-1,-1
00000792.jpg,375,106,538,282,-1,-1
00000793.jpg,376,106,539,282,-1,-1
00000794.jpg,376,106,539,282,-1,-1
00000795.jpg,376,106,539,282,-1,-1
00000796.jpg,376,107,539,283,-1,-1
00000797.jpg,377,107,540,283,-1,-1
00000798.jpg,377,107,540,283,-1,-1
00000799.jpg,377,107,540,283,-1,-1
00000800.jpg,377,107,540,283,-1,-1
00000801.jpg,377,107,540,283,-1,-1
00000802.jpg,377,107,540,283,-1,-1
00000803.jpg,377,107,540,283,-1,-1
00000804.jpg,377,107,540,283,-1,-1
00000805.jpg,377,107,540,283,-1,-1
00000806.jpg,376,107,539,283,-1,-1
00000807.jpg,376,107,539,283,-1,-1
00000808.jpg,376,107,539,283,-1,-1
00000809.jpg,374,106,537,282,-1,-1
00000810.jpg,374,106,537,282,-1,-1
00000811.jpg,372,105,535,281,-1,-1
00000812.jpg,370,105,533,281,-1,-1
00000813.jpg,370,106,533,282,-1,-1
00000814.jpg,369,106,532,282,-1,-1
00000815.jpg,369,106,532,282,-1,-1
00000816.jpg,371,106,534,282,-1,-1
00000817.jpg,371,106,534,282,-1,-1
00000818.jpg,370,106,533,282,-1,-1
00000819.jpg,369,105,532,281,-1,-1
00000820.jpg,369,105,532,281,-1,-1
00000821.jpg,369,105,532,281,-1,-1
00000822.jpg,370,106,533,282,-1,-1
00000823.jpg,371,106,534,282,-1,-1
00000824.jpg,371,106,534,282,-1,-1
00000825.jpg,371,106,534,282,-1,-1
00000826.jpg,371,106,534,282,-1,-1
00000827.jpg,372,106,535,282,-1,-1
00000828.jpg,372,106,535,282,-1,-1
00000829.jpg,372,106,535,282,-1,-1
00000830.jpg,372,106,535,282,-1,-1
00000831.jpg,373,107,536,283,-1,-1
00000832.jpg,373,107,536,283,-1,-1
00000833.jpg,373,107,536,283,-1,-1
00000834.jpg,373,107,536,283,-1,-1
00000835.jpg,373,107,536,283,-1,-1
00000836.jpg,373,107,536,283,-1,-1
00000837.jpg,373,107,536,283,-1,-1
00000838.jpg,372,107,535,283,-1,-1
00000839.jpg,371,106,534,282,-1,-1
00000840.jpg,371,106,534,282,-1,-1
00000841.jpg,370,105,533,281,-1,-1
00000842.jpg,368,105,531,281,-1,-1
00000843.jpg,368,104,531,280,-1,-1
00000844.jpg,365,105,528,285,-1,-1
00000845.jpg,365,105,528,285,-1,-1
00000846.jpg,362,106,525,286,108,368
00000847.jpg,360,106,523,286,287,273
00000848.jpg,362,108,525,288,287,273
00000849.jpg,359,106,522,286,287,273
00000850.jpg,360,107,523,287,287,273
00000851.jpg,353,105,516,285,287,273
00000852.jpg,351,104,514,284,287,273
00000853.jpg,351,104,514,284,287,273
00000854.jpg,352,105,515,285,287,273
00000855.jpg,352,105,515,285,287,273
00000856.jpg,352,105,515,285,287,273
00000857.jpg,352,105,515,285,287,273
00000858.jpg,351,105,514,285,287,273
00000859.jpg,351,105,514,285,288,274
00000860.jpg,351,105,514,285,288,274
00000861.jpg,351,105,514,285,288,274
00000862.jpg,351,105,514,285,288,274
00000863.jpg,351,105,514,285,288,274
00000864.jpg,351,106,514,286,288,274
00000865.jpg,351,106,514,286,288,274
00000866.jpg,351,106,514,286,288,274
00000867.jpg,351,106,514,286,288,274
00000868.jpg,352,107,515,287,288,274
00000869.jpg,352,107,515,287,288,274
00000870.jpg,352,107,515,287,288,274
