00000301.jpg,206,204,342,349,486,225
00000302.jpg,206,204,342,349,486,222
00000303.jpg,206,204,342,349,479,212
00000304.jpg,206,204,342,349,466,203
00000305.jpg,206,204,342,349,466,203
00000306.jpg,206,204,342,349,458,196
00000307.jpg,206,204,342,349,448,188
00000308.jpg,206,204,342,349,446,184
00000309.jpg,207,204,343,349,446,178
00000310.jpg,207,204,343,349,446,178
00000311.jpg,207,204,343,349,446,178
00000312.jpg,207,204,343,349,444,175
00000313.jpg,207,204,343,349,444,174
00000314.jpg,207,204,343,349,444,174
00000315.jpg,207,204,343,349,444,174
00000316.jpg,206,204,342,349,443,174
00000317.jpg,206,204,342,349,443,174
00000318.jpg,206,204,342,349,442,174
00000319.jpg,206,204,342,349,442,174
00000320.jpg,206,204,342,349,444,176
00000321.jpg,206,204,342,349,443,176
00000322.jpg,206,204,342,349,443,178
00000323.jpg,206,204,342,349,442,178
00000324.jpg,206,204,342,349,441,178
00000325.jpg,206,204,342,349,441,178
00000326.jpg,206,204,342,349,441,178
00000327.jpg,206,204,342,349,440,177
00000328.jpg,206,204,342,349,440,177
00000329.jpg,206,204,342,349,438,177
00000330.jpg,206,204,342,349,439,177
00000331.jpg,206,204,342,349,439,177
00000332.jpg,206,204,342,349,439,176
00000333.jpg,206,204,342,349,438,177
00000334.jpg,206,204,342,349,438,177
00000335.jpg,206,204,342,349,438,177
00000336.jpg,206,204,342,349,437,177
00000337.jpg,206,204,342,349,436,176
00000338.jpg,206,204,342,349,435,176
00000339.jpg,206,204,342,349,433,175
00000340.jpg,206,204,342,349,432,175
00000341.jpg,206,204,342,349,432,174
00000342.jpg,206,204,342,349,430,177
00000343.jpg,206,204,342,349,429,179
00000344.jpg,207,204,343,349,428,184
00000345.jpg,207,204,343,349,428,186
00000346.jpg,207,204,343,349,428,189
00000347.jpg,207,204,343,349,428,192
00000348.jpg,207,204,343,349,428,194
00000349.jpg,207,204,343,349,428,194
00000350.jpg,207,204,343,349,428,196
00000351.jpg,207,204,343,349,427,197
00000352.jpg,207,204,343,349,426,198
00000353.jpg,207,204,343,349,425,198
00000354.jpg,207,204,343,349,425,198
00000355.jpg,207,204,343,349,424,198
00000356.jpg,207,204,343,349,424,200
00000357.jpg,207,204,343,349,424,200
00000358.jpg,207,204,343,349,424,200
00000359.jpg,207,204,343,349,423,200
00000360.jpg,207,204,343,349,423,200
00000361.jpg,207,204,343,349,423,200
00000362.jpg,207,204,343,349,423,200
00000363.jpg,207,204,343,349,423,200
00000364.jpg,207,204,343,349,423,200
00000365.jpg,207,204,343,349,423,200
00000366.jpg,207,204,343,349,423,200
00000367.jpg,207,204,343,349,423,200
00000368.jpg,207,205,343,350,423,200
00000369.jpg,207,205,343,350,422,200
00000370.jpg,207,205,343,350,423,199
00000371.jpg,207,205,343,350,423,200
00000372.jpg,207,205,343,350,423,200
00000373.jpg,207,205,343,350,423,200
00000374.jpg,207,204,343,349,423,200
00000375.jpg,207,204,343,349,423,200
00000376.jpg,207,205,343,350,422,200
00000377.jpg,207,204,343,349,422,200
00000378.jpg,207,204,343,349,422,200
00000379.jpg,207,204,343,349,422,198
00000380.jpg,207,204,343,349,422,198
00000381.jpg,207,204,343,349,422,197
00000382.jpg,207,204,343,349,422,197
00000383.jpg,206,205,342,350,422,197
00000384.jpg,206,205,342,350,422,195
00000385.jpg,206,205,342,350,422,195
00000386.jpg,206,205,342,350,422,195
00000387.jpg,206,205,342,350,422,195
00000388.jpg,206,205,342,350,422,195
00000389.jpg,206,205,342,350,423,193
00000390.jpg,206,205,342,350,423,193
00000391.jpg,206,205,342,350,423,191
00000392.jpg,206,205,342,350,423,191
00000393.jpg,206,205,342,350,423,191
00000394.jpg,206,205,342,350,423,191
00000395.jpg,206,205,342,350,423,191
00000396.jpg,206,205,342,350,423,191
00000397.jpg,206,205,342,350,422,186
00000398.jpg,206,205,342,350,423,180
00000399.jpg,206,205,342,350,426,173
00000400.jpg,206,205,342,350,426,173
00000401.jpg,206,205,342,350,428,170
00000402.jpg,206,205,342,350,431,166
00000403.jpg,207,204,343,349,435,160
00000404.jpg,207,204,343,349,438,160
00000405.jpg,207,204,343,349,438,159
00000406.jpg,207,204,343,349,438,157
00000407.jpg,207,204,343,349,438,156
00000408.jpg,207,204,343,349,436,155
00000409.jpg,207,204,343,349,436,153
00000410.jpg,207,204,343,349,436,153
00000411.jpg,206,204,342,349,436,153
00000412.jpg,206,204,342,349,434,152
00000413.jpg,206,204,342,349,432,151
00000414.jpg,206,204,342,349,431,151
00000415.jpg,206,204,342,349,432,151
00000416.jpg,206,204,342,349,433,151
00000417.jpg,207,204,343,349,435,152
00000418.jpg,207,204,343,349,436,152
00000419.jpg,207,204,343,349,434,152
00000420.jpg,207,204,343,349,434,152
00000421.jpg,207,204,343,349,434,152
00000422.jpg,207,204,343,349,434,152
00000423.jpg,207,204,343,349,433,152
00000424.jpg,206,204,342,349,433,152
00000425.jpg,206,204,342,349,433,152
00000426.jpg,206,204,342,349,433,152
00000427.jpg,206,204,342,349,433,152
00000428.jpg,206,204,342,349,433,152
00000429.jpg,206,204,342,349,432,151
00000430.jpg,206,204,342,349,432,151
00000431.jpg,206,204,342,349,432,151
00000432.jpg,206,204,342,349,433,151
00000433.jpg,206,204,342,349,434,152
00000434.jpg,206,204,342,349,434,152
00000435.jpg,206,204,342,349,434,152
00000436.jpg,206,204,342,349,434,152
00000437.jpg,206,204,342,349,434,152
00000438.jpg,206,204,342,349,434,152
00000439.jpg,206,204,342,349,434,152
00000440.jpg,206,204,342,349,434,152
00000441.jpg,206,204,342,349,434,152
00000442.jpg,206,204,342,349,434,152
00000443.jpg,206,204,342,349,434,153
00000444.jpg,206,204,342,349,434,153
00000445.jpg,206,204,342,349,434,155
00000446.jpg,206,204,342,349,434,155
00000447.jpg,206,204,342,349,433,155
00000448.jpg,206,204,342,349,433,155
00000449.jpg,206,204,342,349,433,155
00000450.jpg,206,204,342,349,433,155
00000451.jpg,206,204,342,349,433,155
00000452.jpg,206,204,342,349,433,155
00000453.jpg,206,204,342,349,433,156
00000454.jpg,206,204,342,349,434,156
00000455.jpg,206,204,342,349,435,157
00000456.jpg,206,204,342,349,435,157
00000457.jpg,206,204,342,349,435,157
00000458.jpg,206,204,342,349,435,157
00000459.jpg,206,204,342,349,435,157
00000460.jpg,206,204,342,349,435,157
00000461.jpg,206,204,342,349,435,157
00000462.jpg,206,204,342,349,435,157
00000463.jpg,206,204,342,349,435,157
00000464.jpg,206,204,342,349,435,157
00000465.jpg,206,204,342,349,435,157
00000466.jpg,206,204,342,349,435,157
00000467.jpg,206,204,342,349,435,157
00000468.jpg,206,204,342,349,434,157
00000469.jpg,206,203,342,348,434,157
00000470.jpg,206,203,342,348,434,157
00000471.jpg,206,203,342,348,434,157
00000472.jpg,206,203,342,348,427,158
00000473.jpg,206,203,342,348,424,161
00000474.jpg,207,203,343,348,421,163
00000475.jpg,207,203,343,348,421,163
00000476.jpg,207,203,343,348,419,166
00000477.jpg,207,204,343,349,418,169
00000478.jpg,207,204,343,349,417,172
00000479.jpg,207,203,343,348,416,173
00000480.jpg,207,203,343,348,416,174
00000481.jpg,207,203,343,348,416,174
00000482.jpg,207,203,343,348,415,177
00000483.jpg,207,203,343,348,415,177
00000484.jpg,206,203,342,348,413,178
00000485.jpg,206,203,342,348,413,178
00000486.jpg,206,203,342,348,413,177
00000487.jpg,206,203,342,348,413,177
00000488.jpg,206,203,342,348,413,177
00000489.jpg,206,203,342,348,412,177
00000490.jpg,206,203,342,348,412,177
00000491.jpg,205,203,341,348,412,177
00000492.jpg,204,203,340,348,412,177
00000493.jpg,203,203,339,348,412,177
00000494.jpg,201,203,337,348,412,177
00000495.jpg,201,203,337,348,414,177
00000496.jpg,200,204,336,349,415,178
00000497.jpg,199,204,335,349,415,178
00000498.jpg,198,204,334,349,416,178
00000499.jpg,197,205,333,350,416,178
00000500.jpg,197,205,333,350,417,178
00000501.jpg,196,206,332,351,416,178
00000502.jpg,194,207,330,352,416,178
00000503.jpg,193,208,329,353,417,178
00000504.jpg,191,208,327,353,417,178
00000505.jpg,191,208,327,353,419,178
00000506.jpg,191,210,327,355,418,177
00000507.jpg,190,208,326,353,414,178
00000508.jpg,190,207,326,352,411,179
00000509.jpg,191,207,327,352,404,181
00000510.jpg,191,207,327,352,400,184
00000511.jpg,192,207,328,352,395,186
00000512.jpg,193,206,329,351,392,188
00000513.jpg,194,205,330,350,392,190
00000514.jpg,196,204,332,349,391,190
00000515.jpg,196,204,332,349,389,191
00000516.jpg,198,204,334,349,387,192
00000517.jpg,199,203,335,348,385,193
00000518.jpg,200,203,336,348,384,194
00000519.jpg,201,203,337,348,384,197
00000520.jpg,201,203,337,348,383,197
00000521.jpg,201,203,337,348,379,199
00000522.jpg,202,203,338,348,376,200
00000523.jpg,202,203,338,348,375,200
00000524.jpg,202,203,338,348,372,200
00000525.jpg,202,203,338,348,372,202
00000526.jpg,202,203,338,348,366,203
00000527.jpg,202,203,338,348,363,208
00000528.jpg,202,203,338,348,360,211
00000529.jpg,202,203,338,348,359,213
00000530.jpg,202,203,338,348,359,213
00000531.jpg,202,203,338,348,356,217
00000532.jpg,202,203,338,348,358,217
00000533.jpg,202,203,338,348,357,220
00000534.jpg,202,203,338,348,357,222
00000535.jpg,202,203,338,348,359,222
00000536.jpg,202,204,338,349,360,223
00000537.jpg,202,204,338,349,361,223
00000538.jpg,202,204,338,349,362,223
00000539.jpg,202,204,338,349,363,223
00000540.jpg,202,204,338,349,361,225
00000541.jpg,203,203,339,348,361,225
00000542.jpg,203,203,339,348,362,225
00000543.jpg,203,203,339,348,363,224
00000544.jpg,203,203,339,348,364,224
00000545.jpg,203,203,339,348,367,224
00000546.jpg,204,204,340,349,367,223
00000547.jpg,204,204,340,349,367,223
00000548.jpg,205,204,341,349,368,222
00000549.jpg,205,204,341,349,368,222
00000550.jpg,205,204,341,349,369,222
00000551.jpg,205,204,341,349,369,221
00000552.jpg,205,204,341,349,370,220
00000553.jpg,205,204,341,349,371,220
00000554.jpg,205,204,341,349,372,219
00000555.jpg,205,204,341,349,370,219
00000556.jpg,205,204,341,349,371,218
00000557.jpg,205,204,341,349,372,218
00000558.jpg,205,204,341,349,374,217
00000559.jpg,205,204,341,349,374,217
00000560.jpg,205,204,341,349,374,217
00000561.jpg,205,204,341,349,374,217
00000562.jpg,206,204,342,349,375,215
00000563.jpg,206,204,342,349,376,213
00000564.jpg,206,204,342,349,380,210
00000565.jpg,206,204,342,349,383,206
00000566.jpg,205,204,341,349,388,200
00000567.jpg,205,204,341,349,395,197
00000568.jpg,205,204,341,349,400,192
00000569.jpg,205,204,341,349,407,187
00000570.jpg,205,204,341,349,410,185
00000571.jpg,206,204,342,349,413,184
00000572.jpg,206,204,342,349,416,182
00000573.jpg,206,204,342,349,422,177
00000574.jpg,206,204,342,349,423,177
00000575.jpg,206,204,342,349,424,176
00000576.jpg,206,205,342,350,425,176
00000577.jpg,206,205,342,350,426,176
00000578.jpg,206,205,342,350,427,176
00000579.jpg,206,205,342,350,429,176
00000580.jpg,206,205,342,350,428,176
00000581.jpg,206,205,342,350,428,176
00000582.jpg,207,205,343,350,428,176
00000583.jpg,207,205,343,350,429,175
00000584.jpg,207,206,343,351,429,175
00000585.jpg,207,206,343,351,429,175
00000586.jpg,207,206,343,351,431,174
00000587.jpg,207,206,343,351,431,174
00000588.jpg,207,206,343,351,430,174
00000589.jpg,206,207,342,352,431,174
00000590.jpg,206,207,342,352,431,174
00000591.jpg,206,207,342,352,431,174
00000592.jpg,206,207,342,352,431,174
00000593.jpg,206,207,342,352,431,174
00000594.jpg,206,208,342,353,431,174
00000595.jpg,206,208,342,353,431,174
00000596.jpg,206,208,342,353,431,174
00000597.jpg,206,208,342,353,431,174
00000598.jpg,206,208,342,353,431,174
00000599.jpg,206,208,342,353,431,174
00000600.jpg,206,208,342,353,431,174
00000601.jpg,207,208,343,353,430,174
00000602.jpg,207,208,343,353,430,174
00000603.jpg,207,208,343,353,430,174
00000604.jpg,207,207,343,352,430,174
00000605.jpg,207,207,343,352,430,174
00000606.jpg,207,207,343,352,430,174
00000607.jpg,208,206,344,351,431,172
00000608.jpg,208,206,344,351,431,172
00000609.jpg,208,206,344,351,431,172
00000610.jpg,208,206,344,351,432,170
00000611.jpg,208,206,344,351,433,168
00000612.jpg,208,206,344,351,436,167
00000613.jpg,208,206,344,351,439,166
00000614.jpg,208,206,344,351,442,166
00000615.jpg,208,206,344,351,443,168
00000616.jpg,208,206,344,351,442,167
00000617.jpg,208,206,344,351,440,167
00000618.jpg,208,206,344,351,443,169
00000619.jpg,208,206,344,351,444,173
00000620.jpg,208,206,344,351,446,172
00000621.jpg,208,206,344,351,446,176
00000622.jpg,208,206,344,351,446,176
00000623.jpg,208,206,344,351,446,178
00000624.jpg,208,206,344,351,446,178
00000625.jpg,208,206,344,351,446,176
00000626.jpg,208,206,344,351,445,177
00000627.jpg,208,206,344,351,446,177
00000628.jpg,208,206,344,351,444,177
00000629.jpg,208,206,344,351,443,178
00000630.jpg,208,206,344,351,443,178
00000631.jpg,208,206,344,351,443,178
00000632.jpg,208,206,344,351,443,178
00000633.jpg,208,206,344,351,442,179
00000634.jpg,208,206,344,351,442,179
00000635.jpg,208,206,344,351,442,179
00000636.jpg,208,206,344,351,442,179
00000637.jpg,208,206,344,351,442,179
00000638.jpg,208,206,344,351,442,179
00000639.jpg,208,206,344,351,442,179
00000640.jpg,208,206,344,351,444,181
00000641.jpg,208,206,344,351,454,185
00000642.jpg,207,206,343,351,458,192
00000643.jpg,207,205,343,350,439,159
00000644.jpg,207,205,343,350,423,140
00000645.jpg,207,205,343,350,424,140
00000646.jpg,206,205,342,350,423,140
00000647.jpg,206,205,342,350,424,140
00000648.jpg,206,205,342,350,422,140
00000649.jpg,206,205,342,350,422,141
00000650.jpg,206,205,342,350,423,140
00000651.jpg,206,205,342,350,423,140
00000652.jpg,206,205,342,350,423,140
00000653.jpg,206,205,342,350,423,140
00000654.jpg,206,205,342,350,423,140
00000655.jpg,206,205,342,350,423,140
00000656.jpg,206,205,342,350,423,141
00000657.jpg,206,205,342,350,474,206
00000658.jpg,206,205,342,350,472,206
00000659.jpg,206,205,342,350,473,206
00000660.jpg,206,205,342,350,474,206
00000661.jpg,205,205,341,350,473,206
00000662.jpg,204,205,340,350,471,206
00000663.jpg,204,205,340,350,466,200
00000664.jpg,204,204,340,349,456,193
00000665.jpg,204,204,340,349,456,194
00000666.jpg,203,204,339,349,455,192
00000667.jpg,203,204,339,349,455,190
00000668.jpg,202,204,338,349,450,186
00000669.jpg,202,205,338,350,445,182
00000670.jpg,202,205,338,350,444,181
00000671.jpg,202,205,338,350,442,180
00000672.jpg,202,205,338,350,440,180
00000673.jpg,201,205,337,350,436,179
00000674.jpg,200,205,336,350,435,179
00000675.jpg,200,205,336,350,438,178
00000676.jpg,199,204,335,349,438,178
00000677.jpg,199,204,335,349,434,178
00000678.jpg,198,204,334,349,431,178
00000679.jpg,197,204,333,349,427,177
00000680.jpg,197,204,333,349,431,177
00000681.jpg,196,203,332,348,428,176
00000682.jpg,194,203,330,348,426,174
00000683.jpg,191,203,327,348,424,173
00000684.jpg,190,202,326,347,422,173
00000685.jpg,190,202,326,347,421,173
00000686.jpg,188,202,324,347,421,173
00000687.jpg,187,202,323,347,421,173
00000688.jpg,185,202,321,347,421,173
00000689.jpg,184,202,320,347,421,173
00000690.jpg,184,202,320,347,420,170
00000691.jpg,183,202,319,347,419,166
00000692.jpg,181,202,317,347,418,161
00000693.jpg,182,202,318,347,418,161
00000694.jpg,181,202,317,347,418,155
00000695.jpg,182,202,318,347,416,153
00000696.jpg,179,203,315,348,416,153
00000697.jpg,180,201,316,346,416,157
00000698.jpg,185,204,321,349,419,162
00000699.jpg,183,202,319,347,419,166
00000700.jpg,183,202,319,347,419,171
00000701.jpg,185,205,321,350,419,174
00000702.jpg,186,204,322,349,423,176
00000703.jpg,187,206,323,351,427,178
00000704.jpg,186,208,322,353,431,188
00000705.jpg,186,208,322,353,431,188
00000706.jpg,186,208,322,353,434,194
00000707.jpg,187,206,323,351,437,196
00000708.jpg,187,204,323,349,436,200
00000709.jpg,187,203,323,348,436,200
00000710.jpg,187,203,323,348,436,201
00000711.jpg,187,205,323,350,436,201
00000712.jpg,188,205,324,350,436,202
00000713.jpg,187,205,323,350,436,202
00000714.jpg,186,201,322,346,435,202
00000715.jpg,186,201,322,346,434,200
00000716.jpg,186,198,322,343,429,200
00000717.jpg,184,197,320,342,425,201
00000718.jpg,184,194,320,339,422,201
00000719.jpg,183,192,319,337,416,201
00000720.jpg,183,192,319,337,416,201
00000721.jpg,183,192,319,337,413,202
00000722.jpg,184,193,320,338,409,200
00000723.jpg,187,197,323,342,408,201
00000724.jpg,187,199,323,344,407,201
00000725.jpg,187,199,323,344,405,200
00000726.jpg,187,201,323,346,404,199
00000727.jpg,186,200,322,345,403,195
00000728.jpg,187,200,323,345,404,196
00000729.jpg,188,200,324,345,404,192
00000730.jpg,188,200,324,345,405,190
00000731.jpg,190,200,326,345,406,187
00000732.jpg,191,201,327,346,408,186
00000733.jpg,192,200,328,345,412,187
00000734.jpg,191,200,327,345,417,188
00000735.jpg,191,200,327,345,419,189
00000736.jpg,190,200,326,345,416,188
00000737.jpg,189,199,325,344,412,185
00000738.jpg,188,199,324,344,409,186
00000739.jpg,187,198,323,343,406,188
00000740.jpg,187,198,323,343,406,188
00000741.jpg,186,197,322,342,405,189
00000742.jpg,187,197,323,342,406,189
00000743.jpg,187,196,323,341,405,190
00000744.jpg,188,196,324,341,406,192
00000745.jpg,188,196,324,341,406,193
00000746.jpg,188,196,324,341,406,193
00000747.jpg,188,197,324,342,407,196
00000748.jpg,188,197,324,342,409,198
00000749.jpg,189,197,325,342,410,200
00000750.jpg,189,197,325,342,410,200
00000751.jpg,189,197,325,342,410,200
00000752.jpg,190,197,326,342,410,200
00000753.jpg,190,197,326,342,410,200
00000754.jpg,190,197,326,342,410,200
00000755.jpg,190,197,326,342,410,200
00000756.jpg,190,198,326,343,410,200
00000757.jpg,190,198,326,343,410,200
00000758.jpg,190,198,326,343,410,200
00000759.jpg,190,198,326,343,410,200
00000760.jpg,190,198,326,343,410,200
00000761.jpg,190,198,326,343,410,198
00000762.jpg,190,198,326,343,411,200
00000763.jpg,190,198,326,343,412,199
00000764.jpg,191,198,327,343,411,198
00000765.jpg,191,198,327,343,411,198
00000766.jpg,191,198,327,343,410,194
00000767.jpg,191,198,327,343,410,190
00000768.jpg,190,198,326,343,407,189
00000769.jpg,190,198,326,343,407,189
00000770.jpg,190,198,326,343,407,189
00000771.jpg,190,198,326,343,407,189
00000772.jpg,190,198,326,343,407,189
00000773.jpg,190,198,326,343,409,191
00000774.jpg,190,198,326,343,409,196
00000775.jpg,190,198,326,343,411,197
00000776.jpg,190,198,326,343,411,197
00000777.jpg,190,199,326,344,410,201
00000778.jpg,190,199,326,344,410,201
00000779.jpg,190,199,326,344,410,200
00000780.jpg,190,199,326,344,410,200
00000781.jpg,190,199,326,344,410,200
00000782.jpg,190,199,326,344,410,200
00000783.jpg,190,199,326,344,410,200
00000784.jpg,191,199,327,344,410,200
00000785.jpg,191,199,327,344,410,200
00000786.jpg,191,199,327,344,410,198
00000787.jpg,191,199,327,344,410,198
00000788.jpg,191,199,327,344,413,197
00000789.jpg,191,199,327,344,414,197
00000790.jpg,191,199,327,344,416,197
00000791.jpg,191,199,327,344,419,196
00000792.jpg,191,199,327,344,420,196
00000793.jpg,191,199,327,344,420,196
00000794.jpg,191,199,327,344,420,193
00000795.jpg,191,199,327,344,420,195
00000796.jpg,191,199,327,344,420,195
00000797.jpg,191,199,327,344,421,195
00000798.jpg,191,199,327,344,421,195
00000799.jpg,191,199,327,344,421,195
00000800.jpg,191,199,327,344,421,195
00000801.jpg,191,199,327,344,421,195
00000802.jpg,191,199,327,344,421,195
00000803.jpg,191,199,327,344,421,195
00000804.jpg,191,199,327,344,421,195
00000805.jpg,191,199,327,344,421,195
00000806.jpg,191,199,327,344,421,195
00000807.jpg,191,199,327,344,421,195
00000808.jpg,191,199,327,344,419,194
00000809.jpg,191,199,327,344,418,194
00000810.jpg,191,199,327,344,416,193
00000811.jpg,191,199,327,344,413,192
00000812.jpg,191,199,327,344,411,192
00000813.jpg,191,199,327,344,406,190
00000814.jpg,191,199,327,344,404,189
00000815.jpg,191,199,327,344,406,189
00000816.jpg,191,199,327,344,410,190
00000817.jpg,191,199,327,344,412,191
00000818.jpg,191,199,327,344,410,191
00000819.jpg,191,200,327,345,406,189
00000820.jpg,191,200,327,345,404,190
00000821.jpg,191,200,327,345,406,190
00000822.jpg,191,200,327,345,408,192
00000823.jpg,191,200,327,345,409,191
00000824.jpg,191,200,327,345,408,191
00000825.jpg,191,200,327,345,408,191
00000826.jpg,191,200,327,345,408,190
00000827.jpg,191,200,327,345,408,190
00000828.jpg,191,200,327,345,408,190
00000829.jpg,191,200,327,345,410,190
00000830.jpg,191,200,327,345,410,190
00000831.jpg,191,200,327,345,410,190
00000832.jpg,192,200,328,345,410,190
00000833.jpg,192,200,328,345,412,191
00000834.jpg,192,200,328,345,412,191
00000835.jpg,192,200,328,345,412,191
00000836.jpg,192,200,328,345,412,191
00000837.jpg,192,200,328,345,412,191
00000838.jpg,192,200,328,345,411,191
00000839.jpg,192,200,328,345,408,191
00000840.jpg,192,200,328,345,407,193
00000841.jpg,191,200,327,345,404,195
00000842.jpg,191,200,327,345,402,196
00000843.jpg,191,200,327,345,399,196
00000844.jpg,191,200,327,345,395,199
00000845.jpg,191,200,327,345,391,201
00000846.jpg,191,200,327,345,388,204
00000847.jpg,192,200,328,345,386,207
00000848.jpg,192,200,328,345,384,209
00000849.jpg,192,200,328,345,384,209
00000850.jpg,192,200,328,345,381,210
00000851.jpg,192,200,328,345,380,210
00000852.jpg,192,200,328,345,380,210
00000853.jpg,192,200,328,345,379,210
00000854.jpg,192,200,328,345,379,210
00000855.jpg,192,200,328,345,379,210
00000856.jpg,192,200,328,345,379,210
00000857.jpg,192,200,328,345,378,210
00000858.jpg,192,200,328,345,376,215
00000859.jpg,192,200,328,345,376,215
00000860.jpg,192,200,328,345,376,215
00000861.jpg,192,200,328,345,376,215
00000862.jpg,192,200,328,345,376,215
00000863.jpg,192,200,328,345,378,215
00000864.jpg,192,200,328,345,378,215
00000865.jpg,192,200,328,345,378,215
00000866.jpg,192,200,328,345,378,215
00000867.jpg,192,200,328,345,378,215
00000868.jpg,192,200,328,345,378,215
00000869.jpg,192,200,328,345,378,215
00000870.jpg,192,200,328,345,378,215
