00002337.jpg,1568,176,1746,365,-1,-1
00002338.jpg,1568,176,1746,365,-1,-1
00002339.jpg,1568,176,1746,365,-1,-1
00002340.jpg,1568,176,1746,365,-1,-1
00002341.jpg,1568,176,1746,365,-1,-1
00002342.jpg,1567,176,1745,365,-1,-1
00002343.jpg,1566,177,1744,366,-1,-1
00002344.jpg,1565,177,1743,366,-1,-1
00002345.jpg,1563,177,1741,366,-1,-1
00002346.jpg,1562,178,1740,367,-1,-1
00002347.jpg,1561,178,1739,367,-1,-1
00002348.jpg,1559,178,1737,367,-1,-1
00002349.jpg,1558,178,1736,367,-1,-1
00002350.jpg,1557,179,1735,368,-1,-1
00002351.jpg,1556,179,1734,368,-1,-1
00002352.jpg,1555,179,1733,368,-1,-1
00002353.jpg,1554,179,1732,368,-1,-1
00002354.jpg,1553,179,1731,368,-1,-1
00002355.jpg,1551,180,1729,369,-1,-1
00002356.jpg,1548,180,1726,369,-1,-1
00002357.jpg,1546,180,1724,369,-1,-1
00002358.jpg,1543,180,1721,369,-1,-1
00002359.jpg,1540,181,1718,370,-1,-1
00002360.jpg,1536,181,1714,370,-1,-1
00002361.jpg,1531,181,1709,370,-1,-1
00002362.jpg,1526,183,1704,372,-1,-1
00002363.jpg,1523,184,1701,373,-1,-1
00002364.jpg,1522,184,1700,373,-1,-1
00002365.jpg,1521,184,1699,373,-1,-1
00002366.jpg,1520,184,1698,373,-1,-1
00002367.jpg,1518,186,1696,375,-1,-1
00002368.jpg,1519,184,1697,373,-1,-1
00002369.jpg,1518,186,1696,375,-1,-1
00002370.jpg,1517,185,1695,374,-1,-1
00002371.jpg,1514,188,1692,377,-1,-1
00002372.jpg,1513,189,1691,378,-1,-1
00002373.jpg,1512,188,1690,377,-1,-1
00002374.jpg,1511,188,1689,377,-1,-1
00002375.jpg,1509,189,1687,378,-1,-1
00002376.jpg,1507,190,1685,379,-1,-1
00002377.jpg,1524,192,1686,370,-1,-1
00002378.jpg,1524,192,1686,370,-1,-1
00002379.jpg,1522,193,1684,371,-1,-1
00002380.jpg,1520,195,1682,373,-1,-1
00002381.jpg,1519,195,1681,373,-1,-1
00002382.jpg,1519,195,1681,373,306,374
00002383.jpg,1519,195,1681,373,306,369
00002384.jpg,1519,194,1681,372,306,373
00002385.jpg,1519,194,1681,372,306,371
00002386.jpg,1519,193,1681,371,310,368
00002387.jpg,1519,193,1681,371,310,363
00002388.jpg,1519,193,1681,371,311,363
00002389.jpg,1519,193,1681,371,312,360
00002390.jpg,1519,193,1681,371,311,359
00002391.jpg,1519,192,1681,370,311,363
00002392.jpg,1519,192,1681,370,313,363
00002393.jpg,1519,192,1681,370,315,364
00002394.jpg,1520,192,1682,370,316,364
00002395.jpg,1520,191,1682,369,310,370
00002396.jpg,1520,191,1682,369,317,364
00002397.jpg,1522,190,1684,368,317,363
00002398.jpg,1522,190,1684,368,312,359
00002399.jpg,1523,189,1685,367,311,356
00002400.jpg,1523,188,1685,366,315,358
00002401.jpg,1524,188,1686,366,315,358
00002402.jpg,1524,188,1686,366,316,358
00002403.jpg,1525,187,1687,365,316,356
00002404.jpg,1527,186,1689,364,313,353
00002405.jpg,1529,185,1691,363,315,353
00002406.jpg,1531,184,1693,362,312,353
00002407.jpg,1533,184,1695,362,-1,-1
00002408.jpg,1535,183,1697,361,1187,684
00002409.jpg,1538,182,1700,360,1188,680
00002410.jpg,1541,181,1703,359,1192,681
00002411.jpg,1544,180,1706,358,1186,686
00002412.jpg,1547,180,1709,358,1186,694
00002413.jpg,1551,180,1713,358,1178,704
00002414.jpg,1554,180,1716,358,1168,708
00002415.jpg,1541,178,1710,367,1158,711
00002416.jpg,1541,178,1710,367,1148,719
00002417.jpg,1544,177,1713,366,1085,546
00002418.jpg,1547,177,1716,366,1075,464
00002419.jpg,1552,176,1721,365,1072,464
00002420.jpg,1558,175,1727,364,1070,464
00002421.jpg,1563,174,1732,363,1070,464
00002422.jpg,1567,173,1736,362,-1,-1
00002423.jpg,1569,173,1738,362,-1,-1
00002424.jpg,1571,173,1740,362,-1,-1
00002425.jpg,1574,173,1743,362,-1,-1
00002426.jpg,1576,173,1745,362,-1,-1
00002427.jpg,1578,173,1747,362,-1,-1
00002428.jpg,1580,173,1749,362,-1,-1
00002429.jpg,1581,174,1750,363,-1,-1
00002430.jpg,1582,174,1751,363,-1,-1
00002431.jpg,1583,174,1752,363,-1,-1
00002432.jpg,1583,175,1752,364,-1,-1
00002433.jpg,1583,176,1752,365,-1,-1
00002434.jpg,1583,177,1752,366,-1,-1
00002435.jpg,1583,178,1752,367,-1,-1
00002436.jpg,1583,179,1752,368,-1,-1
00002437.jpg,1583,180,1752,369,-1,-1
00002438.jpg,1584,181,1753,370,-1,-1
00002439.jpg,1584,181,1753,370,-1,-1
00002440.jpg,1583,182,1752,371,-1,-1
00002441.jpg,1583,182,1752,371,-1,-1
00002442.jpg,1580,183,1749,372,-1,-1
00002443.jpg,1581,183,1750,372,-1,-1
00002444.jpg,1578,184,1747,373,-1,-1
00002445.jpg,1577,184,1746,373,-1,-1
00002446.jpg,1576,184,1745,373,-1,-1
00002447.jpg,1575,185,1744,374,-1,-1
00002448.jpg,1573,185,1742,374,-1,-1
00002449.jpg,1572,185,1741,374,-1,-1
00002450.jpg,1570,185,1739,374,-1,-1
00002451.jpg,1568,186,1737,375,-1,-1
00002452.jpg,1566,186,1735,375,-1,-1
00002453.jpg,1563,187,1732,376,-1,-1
00002454.jpg,1560,188,1729,377,-1,-1
00002455.jpg,1557,189,1726,378,346,189
00002456.jpg,1551,192,1720,381,595,208
00002457.jpg,1546,195,1715,384,1122,353
00002458.jpg,1541,197,1710,386,1120,353
00002459.jpg,1537,198,1706,387,1121,353
00002460.jpg,1534,199,1703,388,1123,353
00002461.jpg,1531,200,1700,389,1122,353
00002462.jpg,1539,196,1720,378,1120,349
00002463.jpg,1539,196,1720,378,1120,349
00002464.jpg,1538,196,1719,378,1117,346
00002465.jpg,1537,197,1718,379,593,213
00002466.jpg,1536,197,1717,379,357,201
00002467.jpg,1535,198,1716,380,353,201
00002468.jpg,1533,199,1714,381,353,204
00002469.jpg,1533,199,1714,381,353,205
00002470.jpg,1532,199,1713,381,353,203
00002471.jpg,1532,199,1713,381,357,203
00002472.jpg,1532,199,1713,381,357,205
00002473.jpg,1532,199,1713,381,357,208
00002474.jpg,1532,199,1713,381,357,206
00002475.jpg,1532,199,1713,381,355,205
00002476.jpg,1532,199,1713,381,355,206
00002477.jpg,1533,199,1714,381,356,208
00002478.jpg,1533,199,1714,381,358,209
00002479.jpg,1535,198,1716,380,360,213
00002480.jpg,1536,197,1717,379,361,216
00002481.jpg,1538,196,1719,378,362,216
00002482.jpg,1539,195,1720,377,363,218
00002483.jpg,1541,194,1722,376,-1,-1
00002484.jpg,1542,194,1723,376,-1,-1
00002485.jpg,1544,195,1715,391,-1,-1
00002486.jpg,1544,195,1715,391,-1,-1
00002487.jpg,1547,194,1718,390,-1,-1
00002488.jpg,1552,192,1723,388,-1,-1
00002489.jpg,1555,191,1726,387,-1,-1
00002490.jpg,1558,190,1729,386,-1,-1
00002491.jpg,1560,189,1731,385,-1,-1
00002492.jpg,1562,188,1733,384,-1,-1
00002493.jpg,1564,187,1735,383,-1,-1
00002494.jpg,1565,186,1736,382,-1,-1
00002495.jpg,1565,185,1736,381,-1,-1
00002496.jpg,1565,185,1736,381,-1,-1
00002497.jpg,1565,183,1736,379,-1,-1
00002498.jpg,1565,182,1736,378,-1,-1
00002499.jpg,1566,182,1737,378,-1,-1
00002500.jpg,1566,182,1737,378,-1,-1
00002501.jpg,1567,181,1738,377,-1,-1
00002502.jpg,1568,181,1739,377,-1,-1
00002503.jpg,1569,181,1740,377,-1,-1
00002504.jpg,1570,181,1741,377,-1,-1
00002505.jpg,1572,181,1743,377,-1,-1
00002506.jpg,1573,182,1744,378,-1,-1
00002507.jpg,1574,182,1745,378,-1,-1
00002508.jpg,1574,183,1745,379,-1,-1
00002509.jpg,1574,184,1745,380,-1,-1
00002510.jpg,1574,184,1745,380,-1,-1
00002511.jpg,1574,185,1745,381,-1,-1
00002512.jpg,1575,185,1746,381,-1,-1
00002513.jpg,1576,184,1747,380,-1,-1
00002514.jpg,1576,185,1747,381,-1,-1
00002515.jpg,1577,185,1748,381,-1,-1
00002516.jpg,1577,185,1748,381,-1,-1
00002517.jpg,1576,185,1747,381,-1,-1
00002518.jpg,1576,185,1747,381,-1,-1
00002519.jpg,1576,186,1747,382,-1,-1
00002520.jpg,1575,186,1746,382,-1,-1
00002521.jpg,1575,186,1746,382,-1,-1
00002522.jpg,1575,186,1746,382,-1,-1
00002523.jpg,1574,186,1745,382,-1,-1
00002524.jpg,1573,186,1744,382,-1,-1
00002525.jpg,1572,187,1743,383,-1,-1
00002526.jpg,1570,187,1741,383,308,371
00002527.jpg,1584,187,1747,367,307,371
00002528.jpg,1584,187,1747,367,873,371
00002529.jpg,1583,187,1746,367,872,375
00002530.jpg,1581,188,1744,368,1046,316
00002531.jpg,1580,188,1743,368,1046,321
00002532.jpg,1579,189,1742,369,1047,323
00002533.jpg,1579,189,1742,369,1045,318
00002534.jpg,1579,189,1742,369,1047,318
00002535.jpg,1579,190,1742,370,1048,318
00002536.jpg,1580,190,1743,370,1051,318
00002537.jpg,1581,190,1744,370,1052,318
00002538.jpg,1581,190,1744,370,1053,318
00002539.jpg,1581,190,1744,370,1055,318
00002540.jpg,1581,191,1744,371,1056,318
00002541.jpg,1581,191,1744,371,1061,319
00002542.jpg,1581,190,1744,370,1061,321
00002543.jpg,1581,189,1744,369,1061,320
00002544.jpg,1581,188,1744,368,1060,321
00002545.jpg,1582,187,1745,367,1061,321
00002546.jpg,1583,186,1746,366,1057,323
00002547.jpg,1584,185,1747,365,1057,320
00002548.jpg,1584,185,1747,365,1060,321
