00002337.jpg,791,157,934,313,-1,-1
00002338.jpg,791,157,934,313,-1,-1
00002339.jpg,791,157,934,313,-1,-1
00002340.jpg,791,157,934,313,-1,-1
00002341.jpg,791,157,934,313,-1,-1
00002342.jpg,791,157,934,313,-1,-1
00002343.jpg,791,157,934,313,-1,-1
00002344.jpg,791,157,934,313,-1,-1
00002345.jpg,791,157,934,313,-1,-1
00002346.jpg,791,157,934,313,-1,-1
00002347.jpg,790,157,933,313,-1,-1
00002348.jpg,790,157,933,313,-1,-1
00002349.jpg,790,157,933,313,-1,-1
00002350.jpg,790,157,933,313,-1,-1
00002351.jpg,791,157,934,313,-1,-1
00002352.jpg,791,157,934,313,-1,-1
00002353.jpg,791,157,934,313,-1,-1
00002354.jpg,791,157,934,313,-1,-1
00002355.jpg,791,157,934,313,-1,-1
00002356.jpg,791,157,934,313,-1,-1
00002357.jpg,791,157,934,313,-1,-1
00002358.jpg,791,157,934,313,-1,-1
00002359.jpg,791,157,934,313,-1,-1
00002360.jpg,791,157,934,313,-1,-1
00002361.jpg,791,157,934,313,-1,-1
00002362.jpg,791,157,934,313,-1,-1
00002363.jpg,791,157,934,313,-1,-1
00002364.jpg,791,157,934,313,-1,-1
00002365.jpg,791,157,934,313,-1,-1
00002366.jpg,791,157,934,313,-1,-1
00002367.jpg,790,157,933,313,-1,-1
00002368.jpg,790,157,933,313,-1,-1
00002369.jpg,790,157,933,313,-1,-1
00002370.jpg,790,157,933,313,-1,-1
00002371.jpg,790,157,933,313,-1,-1
00002372.jpg,790,157,933,313,-1,-1
00002373.jpg,790,157,933,313,-1,-1
00002374.jpg,790,157,933,313,-1,-1
00002375.jpg,790,157,933,313,-1,-1
00002376.jpg,790,157,933,313,-1,-1
00002377.jpg,790,157,933,313,-1,-1
00002378.jpg,789,157,932,313,-1,-1
00002379.jpg,789,157,932,313,-1,-1
00002380.jpg,789,157,932,313,-1,-1
00002381.jpg,790,157,933,313,-1,-1
00002382.jpg,790,157,933,313,-1,-1
00002383.jpg,790,157,933,313,-1,-1
00002384.jpg,789,157,932,313,-1,-1
00002385.jpg,789,157,932,313,-1,-1
00002386.jpg,789,157,932,313,-1,-1
00002387.jpg,789,157,932,313,1065,331
00002388.jpg,790,156,933,312,1477,514
00002389.jpg,791,156,934,312,1477,506
00002390.jpg,791,156,934,312,1583,396
00002391.jpg,792,156,935,312,1585,389
00002392.jpg,792,156,935,312,1551,296
00002393.jpg,792,155,935,311,1550,294
00002394.jpg,792,155,935,311,1548,290
00002395.jpg,792,155,935,311,1548,289
00002396.jpg,792,154,935,310,1547,289
00002397.jpg,792,154,935,310,1547,289
00002398.jpg,792,154,935,310,1546,284
00002399.jpg,792,153,935,309,1546,284
00002400.jpg,792,153,935,309,1548,284
00002401.jpg,792,153,935,309,1551,284
00002402.jpg,791,153,934,309,1551,283
00002403.jpg,791,153,934,309,1551,283
00002404.jpg,791,153,934,309,1552,283
00002405.jpg,791,153,934,309,1556,283
00002406.jpg,791,153,934,309,1560,286
00002407.jpg,791,153,934,309,1561,284
00002408.jpg,791,153,934,309,1562,284
00002409.jpg,791,153,934,309,1562,283
00002410.jpg,792,153,935,309,1565,283
00002411.jpg,792,153,935,309,1568,283
00002412.jpg,791,153,934,309,1578,281
00002413.jpg,791,153,934,309,-1,-1
00002414.jpg,791,153,934,309,-1,-1
00002415.jpg,792,153,935,309,-1,-1
00002416.jpg,792,153,935,309,-1,-1
00002417.jpg,792,153,935,309,-1,-1
00002418.jpg,792,153,935,309,-1,-1
00002419.jpg,792,153,935,309,-1,-1
00002420.jpg,792,153,935,309,-1,-1
00002421.jpg,792,153,935,309,-1,-1
00002422.jpg,792,153,935,309,-1,-1
00002423.jpg,792,153,935,309,-1,-1
00002424.jpg,791,153,934,309,-1,-1
00002425.jpg,791,153,934,309,-1,-1
00002426.jpg,791,153,934,309,-1,-1
00002427.jpg,791,153,934,309,-1,-1
00002428.jpg,791,153,934,309,-1,-1
00002429.jpg,791,153,934,309,-1,-1
00002430.jpg,791,153,934,309,-1,-1
00002431.jpg,791,153,934,309,-1,-1
00002432.jpg,790,153,933,309,-1,-1
00002433.jpg,790,153,933,309,-1,-1
00002434.jpg,790,153,933,309,-1,-1
00002435.jpg,790,153,933,309,-1,-1
00002436.jpg,790,153,933,309,-1,-1
00002437.jpg,790,153,933,309,-1,-1
00002438.jpg,790,153,933,309,-1,-1
00002439.jpg,791,153,934,309,-1,-1
00002440.jpg,791,153,934,309,-1,-1
00002441.jpg,791,153,934,309,-1,-1
00002442.jpg,791,153,934,309,-1,-1
00002443.jpg,791,153,934,309,-1,-1
00002444.jpg,791,153,934,309,-1,-1
00002445.jpg,791,153,934,309,-1,-1
00002446.jpg,791,153,934,309,-1,-1
00002447.jpg,791,153,934,309,-1,-1
00002448.jpg,791,153,934,309,-1,-1
00002449.jpg,791,153,934,309,-1,-1
00002450.jpg,796,155,941,317,-1,-1
00002451.jpg,796,155,941,317,-1,-1
00002452.jpg,796,155,941,317,-1,-1
00002453.jpg,796,155,941,317,-1,-1
00002454.jpg,801,164,943,328,-1,-1
00002455.jpg,801,164,943,328,-1,-1
00002456.jpg,801,164,943,328,937,470
00002457.jpg,801,164,943,328,932,479
00002458.jpg,801,178,943,345,926,478
00002459.jpg,801,178,943,345,920,478
00002460.jpg,800,179,946,352,917,478
00002461.jpg,800,179,946,352,916,473
00002462.jpg,803,194,951,351,910,466
00002463.jpg,803,194,951,351,905,469
00002464.jpg,806,199,949,349,901,470
00002465.jpg,806,199,949,349,897,471
00002466.jpg,812,200,953,354,896,474
00002467.jpg,812,200,953,354,896,476
00002468.jpg,812,200,953,354,895,478
00002469.jpg,813,200,954,354,897,479
00002470.jpg,813,200,954,354,900,476
00002471.jpg,813,200,954,354,902,475
00002472.jpg,807,183,960,352,905,471
00002473.jpg,807,183,960,352,995,445
00002474.jpg,812,172,958,345,1077,355
00002475.jpg,812,172,958,345,1441,416
00002476.jpg,812,172,958,345,1575,300
00002477.jpg,812,172,958,345,1572,299
00002478.jpg,812,172,958,345,1567,296
00002479.jpg,802,163,954,334,1567,296
00002480.jpg,802,163,954,334,1568,294
00002481.jpg,802,163,954,334,1572,291
00002482.jpg,802,163,954,334,1575,291
00002483.jpg,802,163,954,334,1575,290
00002484.jpg,802,163,954,334,1580,293
00002485.jpg,802,163,954,334,1582,294
00002486.jpg,802,163,954,334,1587,294
00002487.jpg,802,163,954,334,1600,298
00002488.jpg,802,163,954,334,1611,293
00002489.jpg,802,163,954,334,1612,291
00002490.jpg,802,163,954,334,1616,290
00002491.jpg,802,163,954,334,1618,290
00002492.jpg,794,157,946,328,1618,290
00002493.jpg,793,157,945,328,1618,285
00002494.jpg,792,157,944,328,1617,283
00002495.jpg,791,156,943,327,1616,283
00002496.jpg,791,156,943,327,1617,283
00002497.jpg,790,156,942,327,1620,285
00002498.jpg,790,156,942,327,1625,286
00002499.jpg,789,155,941,326,1625,286
00002500.jpg,789,155,941,326,1627,286
00002501.jpg,789,155,941,326,1631,286
00002502.jpg,788,154,940,325,1637,286
00002503.jpg,788,154,940,325,1638,286
00002504.jpg,788,154,940,325,1642,285
00002505.jpg,788,154,940,325,1640,279
00002506.jpg,788,154,940,325,1635,281
00002507.jpg,788,155,940,326,1632,281
00002508.jpg,788,155,940,326,1630,284
00002509.jpg,788,155,940,326,1628,284
00002510.jpg,788,155,940,326,1630,284
00002511.jpg,788,156,940,327,1631,284
00002512.jpg,788,155,940,326,1631,284
00002513.jpg,788,155,940,326,1631,284
00002514.jpg,788,155,940,326,1631,281
00002515.jpg,788,155,940,326,1631,281
00002516.jpg,788,155,940,326,1631,281
00002517.jpg,788,154,940,325,1631,281
00002518.jpg,788,153,940,324,1631,281
00002519.jpg,788,153,940,324,1630,281
00002520.jpg,788,153,940,324,1628,283
00002521.jpg,788,153,940,324,1627,286
00002522.jpg,788,153,940,324,1626,286
00002523.jpg,788,154,940,325,1625,286
00002524.jpg,789,156,941,327,1625,286
00002525.jpg,789,156,941,327,1625,286
00002526.jpg,789,156,941,327,1625,286
00002527.jpg,789,156,941,327,1621,286
00002528.jpg,789,155,941,326,1617,284
00002529.jpg,789,155,941,326,1613,281
00002530.jpg,789,155,941,326,1611,280
00002531.jpg,789,156,941,327,1610,280
00002532.jpg,789,156,941,327,1610,280
00002533.jpg,789,156,941,327,1610,283
00002534.jpg,789,156,941,327,1540,568
00002535.jpg,789,156,941,327,-1,-1
00002536.jpg,789,156,941,327,-1,-1
00002537.jpg,786,154,938,325,-1,-1
00002538.jpg,785,153,937,324,-1,-1
00002539.jpg,785,153,937,324,-1,-1
00002540.jpg,800,156,940,324,-1,-1
00002541.jpg,800,156,940,324,-1,-1
00002542.jpg,800,156,940,324,-1,-1
00002543.jpg,800,156,940,324,-1,-1
00002544.jpg,799,156,939,324,-1,-1
00002545.jpg,799,156,939,324,-1,-1
00002546.jpg,799,156,939,324,-1,-1
00002547.jpg,799,155,939,323,-1,-1
00002548.jpg,799,155,939,323,-1,-1
