00002337.jpg,747,304,908,481,1627,259
00002338.jpg,747,304,908,481,1627,259
00002339.jpg,747,304,908,481,1627,263
00002340.jpg,747,304,908,481,1625,263
00002341.jpg,747,304,908,481,1622,263
00002342.jpg,747,304,908,481,1622,263
00002343.jpg,747,304,908,481,1622,263
00002344.jpg,747,304,908,481,1622,263
00002345.jpg,747,304,908,481,1620,265
00002346.jpg,747,304,908,481,1620,265
00002347.jpg,747,304,908,481,1618,265
00002348.jpg,747,304,908,481,1617,268
00002349.jpg,747,304,908,481,1617,266
00002350.jpg,747,304,908,481,1615,266
00002351.jpg,747,304,908,481,1613,268
00002352.jpg,747,304,908,481,1612,269
00002353.jpg,747,304,908,481,1615,270
00002354.jpg,746,304,907,481,1612,268
00002355.jpg,746,304,907,481,1613,270
00002356.jpg,746,304,907,481,1612,270
00002357.jpg,746,304,907,481,1611,270
00002358.jpg,746,304,907,481,1601,270
00002359.jpg,746,304,907,481,1596,270
00002360.jpg,746,304,907,481,1595,271
00002361.jpg,746,304,907,481,1587,273
00002362.jpg,746,305,907,482,1583,273
00002363.jpg,746,305,907,482,1576,275
00002364.jpg,746,305,907,482,1571,278
00002365.jpg,746,305,907,482,1570,278
00002366.jpg,746,305,907,482,1565,279
00002367.jpg,746,304,907,481,1565,279
00002368.jpg,746,304,907,481,1565,279
00002369.jpg,746,304,907,481,1562,280
00002370.jpg,746,304,907,481,1562,281
00002371.jpg,746,304,907,481,1562,284
00002372.jpg,746,304,907,481,1560,289
00002373.jpg,746,304,907,481,1558,285
00002374.jpg,746,303,907,480,1557,285
00002375.jpg,746,303,907,480,1552,288
00002376.jpg,746,303,907,480,1552,289
00002377.jpg,746,303,907,480,1552,289
00002378.jpg,746,302,907,479,1551,290
00002379.jpg,746,302,907,479,1548,295
00002380.jpg,745,303,906,480,-1,-1
00002381.jpg,745,303,906,480,-1,-1
00002382.jpg,744,303,905,480,-1,-1
00002383.jpg,744,303,905,480,-1,-1
00002384.jpg,739,289,902,468,-1,-1
00002385.jpg,739,289,902,468,-1,-1
00002386.jpg,739,288,902,467,-1,-1
00002387.jpg,738,288,901,467,-1,-1
00002388.jpg,738,287,901,466,-1,-1
00002389.jpg,738,287,901,466,-1,-1
00002390.jpg,728,268,894,446,-1,-1
00002391.jpg,728,268,894,446,-1,-1
00002392.jpg,728,268,894,446,-1,-1
00002393.jpg,728,267,894,445,-1,-1
00002394.jpg,728,267,894,445,-1,-1
00002395.jpg,728,267,894,445,-1,-1
00002396.jpg,728,267,894,445,-1,-1
00002397.jpg,728,266,894,444,-1,-1
00002398.jpg,728,266,894,444,-1,-1
00002399.jpg,729,266,895,444,-1,-1
00002400.jpg,729,265,895,443,-1,-1
00002401.jpg,729,265,895,443,-1,-1
00002402.jpg,729,265,895,443,-1,-1
00002403.jpg,729,265,895,443,-1,-1
00002404.jpg,729,265,895,443,-1,-1
00002405.jpg,729,265,895,443,-1,-1
00002406.jpg,729,265,895,443,-1,-1
00002407.jpg,722,273,889,457,-1,-1
00002408.jpg,722,273,889,457,-1,-1
00002409.jpg,722,274,889,458,-1,-1
00002410.jpg,721,274,888,458,-1,-1
00002411.jpg,721,273,888,457,-1,-1
00002412.jpg,721,273,888,457,-1,-1
00002413.jpg,721,273,888,457,-1,-1
00002414.jpg,722,274,889,458,-1,-1
00002415.jpg,722,274,889,458,-1,-1
00002416.jpg,723,274,890,458,-1,-1
00002417.jpg,723,274,890,458,-1,-1
00002418.jpg,723,275,890,459,-1,-1
00002419.jpg,723,275,890,459,-1,-1
00002420.jpg,722,275,889,459,-1,-1
00002421.jpg,722,275,889,459,-1,-1
00002422.jpg,722,275,889,459,-1,-1
00002423.jpg,723,275,890,459,-1,-1
00002424.jpg,723,275,890,459,-1,-1
00002425.jpg,724,275,891,459,-1,-1
00002426.jpg,725,275,892,459,-1,-1
00002427.jpg,726,275,893,459,-1,-1
00002428.jpg,727,275,894,459,-1,-1
00002429.jpg,728,274,895,458,-1,-1
00002430.jpg,729,275,896,459,-1,-1
00002431.jpg,723,274,890,458,-1,-1
00002432.jpg,722,274,889,458,-1,-1
00002433.jpg,722,274,889,458,-1,-1
00002434.jpg,722,274,889,458,-1,-1
00002435.jpg,722,274,889,458,-1,-1
00002436.jpg,740,278,904,453,-1,-1
00002437.jpg,740,278,904,453,-1,-1
00002438.jpg,740,278,904,453,-1,-1
00002439.jpg,740,278,904,453,-1,-1
00002440.jpg,740,278,904,453,-1,-1
00002441.jpg,740,278,904,453,-1,-1
00002442.jpg,740,278,904,453,-1,-1
00002443.jpg,740,278,904,453,-1,-1
00002444.jpg,740,278,904,453,-1,-1
00002445.jpg,740,278,904,453,-1,-1
00002446.jpg,740,278,904,453,-1,-1
00002447.jpg,740,278,904,453,-1,-1
00002448.jpg,741,278,905,453,-1,-1
00002449.jpg,741,278,905,453,-1,-1
00002450.jpg,741,278,905,453,-1,-1
00002451.jpg,740,279,904,454,-1,-1
00002452.jpg,740,278,904,453,-1,-1
00002453.jpg,740,279,904,454,-1,-1
00002454.jpg,735,281,901,468,-1,-1
00002455.jpg,735,281,901,468,-1,-1
00002456.jpg,735,281,901,468,-1,-1
00002457.jpg,735,281,901,468,-1,-1
00002458.jpg,734,281,900,468,-1,-1
00002459.jpg,734,281,900,468,-1,-1
00002460.jpg,734,281,900,468,-1,-1
00002461.jpg,734,281,900,468,-1,-1
00002462.jpg,733,281,899,468,-1,-1
00002463.jpg,733,281,899,468,-1,-1
00002464.jpg,732,281,898,468,1570,298
00002465.jpg,732,282,898,469,1567,298
00002466.jpg,732,282,898,469,1567,298
00002467.jpg,732,282,898,469,1567,296
00002468.jpg,732,282,898,469,1566,294
00002469.jpg,732,281,898,468,1567,293
00002470.jpg,732,281,898,468,1566,293
00002471.jpg,732,281,898,468,1566,293
00002472.jpg,732,281,898,468,1565,293
00002473.jpg,732,281,898,468,1565,291
00002474.jpg,732,280,898,467,1565,291
00002475.jpg,732,280,898,467,1565,291
00002476.jpg,732,280,898,467,1565,291
00002477.jpg,739,285,905,472,1565,291
00002478.jpg,740,284,906,471,1566,290
00002479.jpg,740,284,906,471,1566,290
00002480.jpg,740,284,906,471,1567,290
00002481.jpg,740,284,906,471,1570,290
00002482.jpg,740,283,906,470,1571,290
00002483.jpg,739,283,905,470,1572,289
00002484.jpg,739,283,905,470,1577,293
00002485.jpg,739,283,905,470,1586,296
00002486.jpg,738,284,904,471,1596,296
00002487.jpg,738,283,904,470,1605,294
00002488.jpg,738,283,904,470,1610,293
00002489.jpg,737,283,903,470,1613,291
00002490.jpg,737,283,903,470,1615,291
00002491.jpg,736,283,902,470,1615,288
00002492.jpg,735,282,901,469,1617,285
00002493.jpg,735,282,901,469,1620,284
00002494.jpg,735,282,901,469,1623,284
00002495.jpg,735,282,901,469,1626,284
00002496.jpg,735,282,901,469,1628,283
00002497.jpg,735,282,901,469,1628,283
00002498.jpg,735,282,901,469,1630,283
00002499.jpg,734,281,900,468,1632,283
00002500.jpg,734,281,900,468,1633,280
00002501.jpg,734,281,900,468,1636,280
00002502.jpg,734,282,900,469,1633,279
00002503.jpg,734,282,900,469,1633,279
00002504.jpg,734,282,900,469,1635,279
00002505.jpg,734,282,900,469,1637,280
00002506.jpg,734,282,900,469,1636,281
00002507.jpg,734,282,900,469,1632,281
00002508.jpg,734,282,900,469,1630,281
00002509.jpg,734,282,900,469,1627,283
00002510.jpg,734,282,900,469,1627,283
00002511.jpg,734,282,900,469,1628,283
00002512.jpg,734,282,900,469,1627,283
00002513.jpg,734,282,900,469,1627,283
00002514.jpg,735,282,901,469,1626,283
00002515.jpg,735,282,901,469,1626,283
00002516.jpg,735,282,901,469,1625,283
00002517.jpg,735,282,901,469,1625,281
00002518.jpg,735,282,901,469,1626,284
00002519.jpg,735,282,901,469,1626,285
00002520.jpg,735,282,901,469,1623,283
00002521.jpg,735,282,901,469,1623,280
00002522.jpg,736,282,902,469,1621,280
00002523.jpg,736,282,902,469,1618,280
00002524.jpg,736,282,902,469,1618,280
00002525.jpg,736,282,902,469,1617,278
00002526.jpg,736,282,902,469,1617,278
00002527.jpg,736,282,902,469,1613,278
00002528.jpg,736,282,902,469,1611,278
00002529.jpg,736,282,902,469,1610,278
00002530.jpg,736,282,902,469,1606,278
00002531.jpg,736,282,902,469,1606,278
00002532.jpg,736,282,902,469,1606,278
00002533.jpg,737,282,903,469,1606,278
00002534.jpg,737,282,903,469,1606,279
00002535.jpg,737,282,903,469,1605,278
00002536.jpg,737,282,903,469,1605,279
00002537.jpg,737,282,903,469,1606,279
00002538.jpg,737,281,903,468,-1,-1
00002539.jpg,737,281,903,468,-1,-1
00002540.jpg,737,281,903,468,-1,-1
00002541.jpg,737,281,903,468,-1,-1
00002542.jpg,737,281,903,468,-1,-1
00002543.jpg,736,281,902,468,-1,-1
00002544.jpg,736,281,902,468,-1,-1
00002545.jpg,736,281,902,468,-1,-1
00002546.jpg,736,281,902,468,-1,-1
00002547.jpg,736,281,902,468,-1,-1
00002548.jpg,736,281,902,468,-1,-1
