00015044.jpg,789,155,931,304,1152,417
00015045.jpg,789,155,931,304,1152,417
00015046.jpg,789,155,931,304,1152,417
00015047.jpg,789,155,931,304,1152,417
00015048.jpg,788,156,930,305,1152,417
00015049.jpg,787,156,929,305,1152,417
00015050.jpg,785,155,927,304,1152,417
00015051.jpg,785,156,927,305,1152,417
00015052.jpg,783,157,925,306,1151,421
00015053.jpg,780,156,922,305,1151,421
00015054.jpg,777,157,919,306,1151,421
00015055.jpg,774,158,916,307,1148,421
00015056.jpg,771,158,913,307,1147,421
00015057.jpg,769,158,911,307,1146,421
00015058.jpg,766,158,908,307,1143,421
00015059.jpg,765,159,907,308,1143,418
00015060.jpg,763,159,905,308,1140,417
00015061.jpg,760,158,902,307,1092,557
00015062.jpg,759,158,901,307,-1,-1
00015063.jpg,758,158,900,307,-1,-1
00015064.jpg,757,158,899,307,-1,-1
00015065.jpg,755,158,897,307,-1,-1
00015066.jpg,752,154,882,303,-1,-1
00015067.jpg,752,154,882,303,-1,-1
00015068.jpg,751,153,881,302,-1,-1
00015069.jpg,750,152,880,301,-1,-1
00015070.jpg,745,145,874,279,-1,-1
00015071.jpg,745,145,874,279,-1,-1
00015072.jpg,744,145,873,279,-1,-1
00015073.jpg,743,145,872,279,-1,-1
00015074.jpg,738,137,872,267,-1,-1
00015075.jpg,738,137,872,267,-1,-1
00015076.jpg,737,137,871,267,-1,-1
00015077.jpg,736,136,870,266,-1,-1
00015078.jpg,735,137,869,267,-1,-1
00015079.jpg,734,137,868,267,-1,-1
00015080.jpg,734,137,868,267,-1,-1
00015081.jpg,733,137,867,267,-1,-1
00015082.jpg,731,137,865,267,-1,-1
00015083.jpg,729,138,863,268,-1,-1
00015084.jpg,727,138,861,268,-1,-1
00015085.jpg,726,138,860,268,-1,-1
00015086.jpg,726,138,860,268,-1,-1
00015087.jpg,726,138,860,268,-1,-1
00015088.jpg,725,138,859,268,-1,-1
00015089.jpg,725,139,859,269,-1,-1
00015090.jpg,725,139,859,269,-1,-1
00015091.jpg,726,139,860,269,-1,-1
00015092.jpg,726,139,860,269,-1,-1
00015093.jpg,726,139,860,269,-1,-1
00015094.jpg,726,139,860,269,-1,-1
00015095.jpg,726,139,860,269,-1,-1
00015096.jpg,726,139,860,269,-1,-1
00015097.jpg,726,140,860,270,-1,-1
00015098.jpg,725,140,859,270,-1,-1
00015099.jpg,725,140,859,270,-1,-1
00015100.jpg,725,140,859,270,-1,-1
00015101.jpg,726,141,860,271,-1,-1
00015102.jpg,726,141,860,271,-1,-1
00015103.jpg,727,142,861,272,-1,-1
00015104.jpg,727,142,861,272,-1,-1
00015105.jpg,726,142,860,272,-1,-1
00015106.jpg,726,142,860,272,-1,-1
00015107.jpg,727,143,861,273,-1,-1
00015108.jpg,727,142,861,272,-1,-1
00015109.jpg,728,143,862,273,-1,-1
00015110.jpg,729,143,863,273,-1,-1
00015111.jpg,728,142,862,272,-1,-1
00015112.jpg,728,143,862,273,-1,-1
00015113.jpg,729,143,863,273,-1,-1
00015114.jpg,729,143,863,273,1139,393
00015115.jpg,727,144,860,283,1139,393
00015116.jpg,727,144,860,283,1139,393
00015117.jpg,727,144,860,283,1139,393
00015118.jpg,728,144,861,283,1139,393
00015119.jpg,728,144,861,283,1139,393
00015120.jpg,728,144,861,283,1139,393
00015121.jpg,729,144,862,283,1139,393
00015122.jpg,730,145,863,284,1139,393
00015123.jpg,729,145,862,284,1138,393
00015124.jpg,736,154,865,295,1139,393
00015125.jpg,736,154,865,295,1140,393
00015126.jpg,736,154,865,295,1140,393
00015127.jpg,737,154,866,295,1140,393
00015128.jpg,737,155,866,296,-1,-1
00015129.jpg,738,155,867,296,-1,-1
00015130.jpg,737,155,866,296,-1,-1
00015131.jpg,737,155,866,296,-1,-1
00015132.jpg,737,155,866,296,-1,-1
00015133.jpg,733,152,860,286,-1,-1
00015134.jpg,733,152,860,286,-1,-1
00015135.jpg,732,152,859,286,-1,-1
00015136.jpg,731,152,858,286,-1,-1
00015137.jpg,731,152,858,286,-1,-1
00015138.jpg,731,152,858,286,-1,-1
00015139.jpg,732,153,859,287,-1,-1
00015140.jpg,732,153,859,287,-1,-1
00015141.jpg,730,154,857,288,-1,-1
00015142.jpg,729,154,856,288,-1,-1
00015143.jpg,728,155,855,289,-1,-1
00015144.jpg,728,155,855,289,-1,-1
00015145.jpg,730,157,857,291,-1,-1
00015146.jpg,729,158,856,292,-1,-1
00015147.jpg,727,159,854,293,-1,-1
00015148.jpg,725,159,852,293,-1,-1
00015149.jpg,723,159,850,293,-1,-1
00015150.jpg,724,159,851,293,-1,-1
00015151.jpg,724,160,851,294,-1,-1
00015152.jpg,723,160,850,294,-1,-1
00015153.jpg,720,165,847,299,-1,-1
00015154.jpg,719,166,846,300,-1,-1
00015155.jpg,717,167,844,301,-1,-1
00015156.jpg,715,168,842,302,1143,396
00015157.jpg,714,168,841,302,1143,396
00015158.jpg,713,168,840,302,1143,394
00015159.jpg,713,168,840,302,1143,394
00015160.jpg,713,169,840,303,1143,394
00015161.jpg,713,170,840,304,1143,394
00015162.jpg,714,171,841,305,1143,394
00015163.jpg,713,172,840,306,1143,394
00015164.jpg,713,173,840,307,1143,394
00015165.jpg,713,173,840,307,1143,394
