00061714.jpg,1123,43,1253,166,969,660
00061715.jpg,1123,43,1253,166,929,581
00061716.jpg,1123,43,1253,166,929,581
00061717.jpg,1123,43,1253,166,928,581
00061718.jpg,1123,43,1253,166,800,436
00061719.jpg,1122,44,1252,167,809,201
00061720.jpg,1122,44,1252,167,809,201
00061721.jpg,1122,44,1252,167,809,201
00061722.jpg,1122,44,1252,167,809,201
00061723.jpg,1122,43,1252,166,809,201
00061724.jpg,1122,43,1252,166,809,201
00061725.jpg,1122,43,1252,166,809,201
00061726.jpg,1122,43,1252,166,809,201
00061727.jpg,1122,43,1252,166,809,201
00061728.jpg,1122,43,1252,166,809,201
00061729.jpg,1122,43,1252,166,809,201
00061730.jpg,1122,43,1252,166,809,201
00061731.jpg,1122,43,1252,166,809,201
00061732.jpg,1122,43,1252,166,809,201
00061733.jpg,1122,43,1252,166,809,201
00061734.jpg,1122,43,1252,166,809,201
00061735.jpg,1122,43,1252,166,809,201
00061736.jpg,1122,43,1252,166,809,201
00061737.jpg,1122,43,1252,166,809,201
00061738.jpg,1121,43,1251,166,809,201
00061739.jpg,1121,43,1251,166,809,201
00061740.jpg,1121,43,1251,166,809,201
00061741.jpg,1121,43,1251,166,809,201
00061742.jpg,1121,43,1251,166,809,201
00061743.jpg,1121,43,1251,166,809,201
00061744.jpg,1121,43,1251,166,809,201
00061745.jpg,1121,43,1251,166,809,201
00061746.jpg,1120,44,1250,167,809,201
00061747.jpg,1120,44,1250,167,809,201
00061748.jpg,1120,44,1250,167,809,201
00061749.jpg,1120,44,1250,167,809,201
00061750.jpg,1120,44,1250,167,809,201
00061751.jpg,1120,44,1250,167,801,330
00061752.jpg,1120,44,1250,167,798,433
00061753.jpg,1120,44,1250,167,808,200
00061754.jpg,1119,45,1249,168,808,200
00061755.jpg,1119,45,1249,168,804,433
00061756.jpg,1119,44,1249,167,902,536
00061757.jpg,1120,43,1250,166,902,536
00061758.jpg,1120,43,1250,166,902,537
00061759.jpg,1121,42,1251,165,900,536
00061760.jpg,1121,42,1251,165,901,536
00061761.jpg,1121,42,1251,165,901,536
00061762.jpg,1121,42,1251,165,901,536
00061763.jpg,1121,41,1251,164,901,536
00061764.jpg,1121,41,1251,164,770,537
00061765.jpg,1121,41,1251,164,770,538
00061766.jpg,1120,42,1250,165,769,537
00061767.jpg,1120,42,1250,165,770,537
00061768.jpg,1120,42,1250,165,770,537
00061769.jpg,1120,42,1250,165,770,536
00061770.jpg,1120,42,1250,165,770,536
00061771.jpg,1120,42,1250,165,770,536
00061772.jpg,1120,42,1250,165,770,536
00061773.jpg,1121,41,1251,164,770,536
00061774.jpg,1121,41,1251,164,770,536
00061775.jpg,1121,41,1251,164,770,536
00061776.jpg,1121,41,1251,164,770,536
00061777.jpg,1121,41,1251,164,770,536
00061778.jpg,1121,41,1251,164,770,536
00061779.jpg,1121,41,1251,164,770,536
00061780.jpg,1121,41,1251,164,770,536
00061781.jpg,1121,41,1251,164,770,536
00061782.jpg,1121,40,1251,163,770,536
00061783.jpg,1121,40,1251,163,770,536
00061784.jpg,1121,40,1251,163,770,536
00061785.jpg,1121,40,1251,163,770,536
00061786.jpg,1121,40,1251,163,770,536
00061787.jpg,1121,40,1251,163,770,536
00061788.jpg,1121,40,1251,163,770,536
00061789.jpg,1121,39,1251,162,770,536
00061790.jpg,1121,39,1251,162,770,536
00061791.jpg,1121,39,1251,162,770,536
00061792.jpg,1121,39,1251,162,770,536
00061793.jpg,1121,39,1251,162,770,536
00061794.jpg,1121,38,1251,161,770,536
00061795.jpg,1121,38,1251,161,770,536
00061796.jpg,1121,38,1251,161,770,536
00061797.jpg,1122,37,1252,160,770,536
00061798.jpg,1122,37,1252,160,770,536
00061799.jpg,1122,37,1252,160,770,536
00061800.jpg,1122,36,1252,159,770,536
00061801.jpg,1122,36,1252,159,770,536
00061802.jpg,1122,36,1252,159,770,536
00061803.jpg,1122,36,1252,159,770,536
00061804.jpg,1122,36,1252,159,770,536
00061805.jpg,1122,35,1252,158,770,536
00061806.jpg,1122,35,1252,158,770,536
00061807.jpg,1122,35,1252,158,768,526
00061808.jpg,1122,35,1252,158,770,514
00061809.jpg,1122,35,1252,158,770,509
00061810.jpg,1122,35,1252,158,770,498
00061811.jpg,1122,34,1252,157,770,489
00061812.jpg,1122,34,1252,157,770,489
00061813.jpg,1122,34,1252,157,769,484
00061814.jpg,1122,34,1252,157,769,480
00061815.jpg,1122,34,1252,157,769,478
00061816.jpg,1122,34,1252,157,772,470
00061817.jpg,1122,34,1252,157,772,470
00061818.jpg,1122,34,1252,157,772,466
00061819.jpg,1122,34,1252,157,772,462
00061820.jpg,1123,33,1253,156,769,448
00061821.jpg,1123,33,1253,156,760,449
00061822.jpg,1124,33,1254,156,760,449
00061823.jpg,1124,33,1254,156,756,449
00061824.jpg,1124,34,1254,157,749,449
00061825.jpg,1124,34,1254,157,741,449
00061826.jpg,1124,34,1254,157,728,449
00061827.jpg,1124,34,1254,157,718,448
00061828.jpg,1124,34,1254,157,712,448
00061829.jpg,1124,35,1254,158,701,448
00061830.jpg,1124,35,1254,158,693,446
00061831.jpg,1124,35,1254,158,686,444
00061832.jpg,1123,36,1253,159,669,442
00061833.jpg,1123,36,1253,159,665,444
00061834.jpg,1123,37,1253,160,660,446
00061835.jpg,1123,37,1253,160,654,450
