00007582.jpg,347,71,698,456,-1,-1
00007583.jpg,347,71,698,456,-1,-1
00007584.jpg,347,71,698,456,-1,-1
00007585.jpg,347,71,698,456,-1,-1
00007586.jpg,347,71,698,456,-1,-1
00007587.jpg,348,72,699,457,-1,-1
00007588.jpg,352,72,703,457,-1,-1
00007589.jpg,357,73,708,458,-1,-1
00007590.jpg,362,73,713,458,-1,-1
00007591.jpg,362,73,713,458,-1,-1
00007592.jpg,364,71,715,456,-1,-1
00007593.jpg,364,70,715,455,-1,-1
00007594.jpg,364,69,715,454,-1,-1
00007595.jpg,366,69,717,454,-1,-1
00007596.jpg,366,69,717,454,-1,-1
00007597.jpg,368,67,719,452,-1,-1
00007598.jpg,372,64,723,449,-1,-1
00007599.jpg,377,61,728,446,-1,-1
00007600.jpg,381,59,732,444,-1,-1
00007601.jpg,381,59,732,444,-1,-1
00007602.jpg,385,58,736,443,-1,-1
00007603.jpg,387,58,738,443,-1,-1
00007604.jpg,389,58,740,443,-1,-1
00007605.jpg,391,58,742,443,-1,-1
00007606.jpg,391,58,742,443,-1,-1
00007607.jpg,390,58,741,443,-1,-1
00007608.jpg,388,59,739,444,-1,-1
00007609.jpg,384,59,735,444,-1,-1
00007610.jpg,381,60,732,445,-1,-1
00007611.jpg,381,60,732,445,-1,-1
00007612.jpg,378,60,729,445,-1,-1
00007613.jpg,376,59,727,444,-1,-1
00007614.jpg,376,58,727,443,-1,-1
00007615.jpg,377,58,728,443,-1,-1
00007616.jpg,377,58,728,443,-1,-1
00007617.jpg,378,57,729,442,-1,-1
00007618.jpg,379,54,730,439,-1,-1
00007619.jpg,382,51,733,436,-1,-1
00007620.jpg,385,48,736,433,-1,-1
00007621.jpg,385,48,736,433,-1,-1
00007622.jpg,390,45,741,430,-1,-1
00007623.jpg,390,44,741,429,-1,-1
00007624.jpg,391,43,742,428,-1,-1
00007625.jpg,392,44,743,429,-1,-1
00007626.jpg,387,51,789,503,-1,-1
00007627.jpg,387,51,789,503,-1,-1
00007628.jpg,386,55,788,507,-1,-1
00007629.jpg,384,59,786,511,-1,-1
00007630.jpg,383,61,785,513,-1,-1
00007631.jpg,383,61,785,513,-1,-1
00007632.jpg,382,63,784,515,-1,-1
00007633.jpg,382,65,784,517,-1,-1
00007634.jpg,381,66,783,518,-1,-1
00007635.jpg,380,68,782,520,-1,-1
00007636.jpg,380,68,782,520,-1,-1
00007637.jpg,378,68,780,520,-1,-1
00007638.jpg,377,69,779,521,-1,-1
00007639.jpg,376,69,778,521,-1,-1
00007640.jpg,376,69,778,521,-1,-1
00007641.jpg,376,69,778,521,-1,-1
00007642.jpg,376,69,778,521,-1,-1
00007643.jpg,375,70,777,522,-1,-1
00007644.jpg,375,69,777,521,-1,-1
00007645.jpg,373,69,775,521,-1,-1
00007646.jpg,373,69,775,521,-1,-1
00007647.jpg,370,69,772,521,-1,-1
00007648.jpg,366,69,768,521,-1,-1
00007649.jpg,363,70,765,522,-1,-1
00007650.jpg,362,69,764,521,-1,-1
00007651.jpg,362,69,764,521,-1,-1
00007652.jpg,362,68,764,520,-1,-1
00007653.jpg,362,66,764,518,-1,-1
00007654.jpg,364,66,766,518,-1,-1
00007655.jpg,364,64,766,516,-1,-1
00007656.jpg,296,65,775,532,-1,-1
00007657.jpg,296,64,775,531,-1,-1
00007658.jpg,295,64,774,531,-1,-1
00007659.jpg,295,63,774,530,-1,-1
00007660.jpg,296,62,775,529,-1,-1
00007661.jpg,296,62,775,529,-1,-1
00007662.jpg,297,61,776,528,-1,-1
00007663.jpg,300,57,779,524,-1,-1
00007664.jpg,304,49,783,516,-1,-1
00007665.jpg,304,43,783,510,-1,-1
00007666.jpg,346,46,773,495,-1,-1
00007667.jpg,346,46,773,495,-1,-1
00007668.jpg,347,43,774,492,-1,-1
00007669.jpg,344,43,771,492,-1,-1
00007670.jpg,340,43,767,492,-1,-1
00007671.jpg,340,43,767,492,-1,-1
00007672.jpg,358,41,728,475,-1,-1
00007673.jpg,358,41,728,475,-1,-1
00007674.jpg,357,42,727,476,-1,-1
00007675.jpg,324,40,748,482,-1,-1
00007676.jpg,324,40,748,482,-1,-1
00007677.jpg,324,43,748,485,-1,-1
00007678.jpg,331,46,755,488,-1,-1
00007679.jpg,324,46,748,488,-1,-1
00007680.jpg,312,46,736,488,-1,-1
00007681.jpg,312,46,736,488,-1,-1
00007682.jpg,306,48,730,490,-1,-1
00007683.jpg,304,49,728,491,-1,-1
00007684.jpg,306,52,730,494,-1,-1
00007685.jpg,306,57,730,499,-1,-1
00007686.jpg,306,57,730,499,-1,-1
00007687.jpg,300,61,724,503,-1,-1
00007688.jpg,294,64,718,506,-1,-1
00007689.jpg,291,68,715,510,-1,-1
00007690.jpg,290,71,714,513,-1,-1
00007691.jpg,290,71,714,513,-1,-1
00007692.jpg,288,69,712,511,-1,-1
00007693.jpg,286,69,710,511,-1,-1
00007694.jpg,286,69,710,511,-1,-1
00007695.jpg,289,71,713,513,-1,-1
00007696.jpg,289,71,713,513,-1,-1
00007697.jpg,291,76,715,518,-1,-1
00007698.jpg,293,75,717,517,-1,-1
00007699.jpg,292,71,716,513,-1,-1
00007700.jpg,292,69,716,511,-1,-1
00007701.jpg,292,69,716,511,-1,-1
00007702.jpg,287,68,711,510,-1,-1
00007703.jpg,289,69,713,511,-1,-1
00007704.jpg,291,56,713,454,-1,-1
00007705.jpg,288,39,718,483,-1,-1
00007706.jpg,288,39,718,483,-1,-1
00007707.jpg,288,41,718,485,-1,-1
00007708.jpg,286,42,716,486,-1,-1
00007709.jpg,285,44,715,488,-1,-1
00007710.jpg,284,45,714,489,-1,-1
00007711.jpg,284,45,714,489,-1,-1
00007712.jpg,281,45,711,489,-1,-1
00007713.jpg,280,45,710,489,-1,-1
00007714.jpg,274,45,704,489,-1,-1
00007715.jpg,274,46,704,490,-1,-1
00007716.jpg,274,46,704,490,-1,-1
00007717.jpg,275,44,705,488,-1,-1
00007718.jpg,278,43,708,487,-1,-1
00007719.jpg,281,43,711,487,-1,-1
00007720.jpg,288,42,718,486,-1,-1
00007721.jpg,288,42,718,486,-1,-1
00007722.jpg,294,39,724,483,-1,-1
00007723.jpg,299,37,729,481,-1,-1
00007724.jpg,303,35,733,479,-1,-1
00007725.jpg,307,33,737,477,-1,-1
00007726.jpg,307,33,737,477,-1,-1
00007727.jpg,311,32,741,476,-1,-1
00007728.jpg,326,18,756,462,-1,-1
00007729.jpg,331,17,761,461,-1,-1
00007730.jpg,319,36,759,480,-1,-1
00007731.jpg,319,36,759,480,-1,-1
00007732.jpg,325,33,765,477,-1,-1
00007733.jpg,325,33,765,477,-1,-1
