00030168.jpg,273,59,484,284,908,122
00030169.jpg,273,59,484,284,910,122
00030170.jpg,273,59,484,284,910,122
00030171.jpg,273,59,484,284,911,122
00030172.jpg,273,59,484,284,912,123
00030173.jpg,271,60,482,285,911,120
00030174.jpg,269,59,480,284,910,120
00030175.jpg,267,58,478,283,909,122
00030176.jpg,265,55,476,280,912,120
00030177.jpg,264,54,475,279,912,120
00030178.jpg,263,52,474,277,912,120
00030179.jpg,261,50,472,275,912,118
00030180.jpg,260,49,471,274,912,118
00030181.jpg,260,47,471,272,912,118
00030182.jpg,258,45,469,270,912,115
00030183.jpg,255,42,466,267,912,114
00030184.jpg,252,40,463,265,913,114
00030185.jpg,250,39,461,264,913,114
00030186.jpg,247,39,458,264,912,113
00030187.jpg,245,39,456,264,912,112
00030188.jpg,243,40,454,265,911,112
00030189.jpg,242,40,453,265,911,111
00030190.jpg,243,43,454,268,911,111
00030191.jpg,244,44,455,269,910,114
00030192.jpg,245,45,456,270,911,112
00030193.jpg,247,46,458,271,913,113
00030194.jpg,249,46,460,271,914,114
00030195.jpg,250,47,461,272,916,113
00030196.jpg,250,47,461,272,916,113
00030197.jpg,250,47,461,272,918,113
00030198.jpg,249,48,460,273,921,114
00030199.jpg,248,48,459,273,921,114
00030200.jpg,247,49,458,274,921,114
00030201.jpg,245,50,456,275,919,115
00030202.jpg,243,50,454,275,919,115
00030203.jpg,240,50,451,275,920,115
00030204.jpg,238,50,449,275,920,115
00030205.jpg,237,50,448,275,920,115
00030206.jpg,236,50,447,275,920,115
00030207.jpg,234,50,445,275,920,115
00030208.jpg,233,50,444,275,920,115
00030209.jpg,232,51,443,276,916,115
00030210.jpg,230,52,441,277,916,115
00030211.jpg,229,54,440,279,916,115
00030212.jpg,228,55,439,280,916,114
00030213.jpg,227,57,438,282,915,114
00030214.jpg,226,59,437,284,913,114
00030215.jpg,224,60,435,285,911,115
00030216.jpg,224,61,435,286,911,115
00030217.jpg,223,62,434,287,908,118
00030218.jpg,223,63,434,288,907,118
00030219.jpg,221,60,432,285,904,118
00030220.jpg,220,60,431,285,904,118
00030221.jpg,219,60,430,285,903,118
00030222.jpg,218,60,429,285,903,118
00030223.jpg,217,60,428,285,900,117
00030224.jpg,216,61,427,286,898,117
00030225.jpg,215,61,426,286,897,117
00030226.jpg,214,62,425,287,895,117
00030227.jpg,213,62,424,287,895,117
00030228.jpg,214,61,425,286,895,117
00030229.jpg,215,60,426,285,894,117
00030230.jpg,217,60,428,285,894,117
00030231.jpg,218,60,429,285,894,117
00030232.jpg,219,60,430,285,894,117
00030233.jpg,219,58,430,283,894,117
00030234.jpg,221,58,432,283,895,117
00030235.jpg,221,57,432,282,895,117
00030236.jpg,222,57,433,282,895,117
00030237.jpg,222,57,433,282,895,117
00030238.jpg,222,56,433,281,896,117
00030239.jpg,222,56,433,281,893,117
00030240.jpg,222,56,433,281,892,116
00030241.jpg,222,56,433,281,892,116
00030242.jpg,223,57,434,282,893,116
00030243.jpg,224,58,435,283,893,116
00030244.jpg,226,59,437,284,893,116
00030245.jpg,227,61,438,286,894,116
00030246.jpg,228,65,439,290,894,116
00030247.jpg,230,66,441,291,896,118
00030248.jpg,231,67,442,292,898,118
00030249.jpg,233,66,444,291,900,119
00030250.jpg,233,66,444,291,902,119
