00030168.jpg,873,54,999,191,-1,-1
00030169.jpg,873,54,999,191,-1,-1
00030170.jpg,873,54,999,191,-1,-1
00030171.jpg,873,54,999,191,-1,-1
00030172.jpg,873,54,999,191,-1,-1
00030173.jpg,873,53,999,190,-1,-1
00030174.jpg,874,53,1000,190,-1,-1
00030175.jpg,874,52,1000,189,-1,-1
00030176.jpg,874,51,1000,188,-1,-1
00030177.jpg,874,50,1000,187,-1,-1
00030178.jpg,875,49,1001,186,-1,-1
00030179.jpg,875,48,1001,185,-1,-1
00030180.jpg,876,46,1002,183,-1,-1
00030181.jpg,876,45,1002,182,-1,-1
00030182.jpg,876,44,1002,181,-1,-1
00030183.jpg,876,43,1002,180,-1,-1
00030184.jpg,876,42,1002,179,-1,-1
00030185.jpg,875,42,1001,179,-1,-1
00030186.jpg,874,42,1000,179,-1,-1
00030187.jpg,874,41,1000,178,-1,-1
00030188.jpg,874,42,1000,179,-1,-1
00030189.jpg,874,42,1000,179,-1,-1
00030190.jpg,874,43,1000,180,-1,-1
00030191.jpg,875,43,1001,180,-1,-1
00030192.jpg,876,44,1002,181,-1,-1
00030193.jpg,878,44,1004,181,-1,-1
00030194.jpg,879,44,1005,181,-1,-1
00030195.jpg,881,45,1007,182,409,147
00030196.jpg,882,45,1008,182,409,147
00030197.jpg,882,45,1008,182,408,147
00030198.jpg,883,46,1009,183,408,147
00030199.jpg,883,46,1009,183,407,145
00030200.jpg,883,47,1009,184,404,145
00030201.jpg,883,47,1009,184,404,145
00030202.jpg,883,47,1009,184,402,145
00030203.jpg,882,48,1008,185,400,145
00030204.jpg,882,47,1008,184,401,146
00030205.jpg,882,47,1008,184,400,147
00030206.jpg,881,47,1007,184,398,147
00030207.jpg,881,46,1007,183,398,148
00030208.jpg,880,46,1006,183,396,148
00030209.jpg,879,46,1005,183,396,148
00030210.jpg,878,46,1004,183,395,147
00030211.jpg,876,48,1002,185,390,147
00030212.jpg,875,48,1001,185,391,148
00030213.jpg,873,49,999,186,392,148
00030214.jpg,872,49,998,186,390,151
00030215.jpg,870,50,996,187,388,151
00030216.jpg,869,50,995,187,385,154
00030217.jpg,867,52,993,189,385,154
00030218.jpg,866,52,992,189,385,154
00030219.jpg,866,51,992,188,387,154
00030220.jpg,865,51,991,188,386,154
00030221.jpg,864,50,990,187,385,157
00030222.jpg,862,51,988,188,385,157
00030223.jpg,861,52,987,189,385,157
00030224.jpg,860,52,986,189,384,157
00030225.jpg,859,52,985,189,384,157
00030226.jpg,857,53,983,190,384,157
00030227.jpg,856,53,982,190,381,158
00030228.jpg,856,53,982,190,381,158
00030229.jpg,856,53,982,190,380,158
00030230.jpg,857,51,983,188,380,158
00030231.jpg,857,51,983,188,380,158
00030232.jpg,857,51,983,188,380,158
00030233.jpg,857,50,983,187,380,158
00030234.jpg,857,49,983,186,381,159
00030235.jpg,858,47,984,184,381,155
00030236.jpg,857,47,983,184,382,157
00030237.jpg,857,46,983,183,382,157
00030238.jpg,857,46,983,183,382,159
00030239.jpg,856,47,982,184,384,159
00030240.jpg,856,47,982,184,384,158
00030241.jpg,856,47,982,184,384,158
00030242.jpg,856,48,982,185,384,158
00030243.jpg,856,49,982,186,384,158
00030244.jpg,857,49,983,186,384,158
00030245.jpg,858,49,984,186,384,160
00030246.jpg,858,50,984,187,387,161
00030247.jpg,859,51,985,188,389,162
00030248.jpg,860,51,986,188,394,164
00030249.jpg,861,51,987,188,399,165
00030250.jpg,861,51,987,188,400,162
