00050109.jpg,945,52,1143,265,1483,640
00050110.jpg,945,52,1143,265,1483,640
00050111.jpg,945,52,1143,265,1482,635
00050112.jpg,945,52,1143,265,1478,625
00050113.jpg,944,52,1142,265,1478,618
00050114.jpg,943,53,1141,266,1482,616
00050115.jpg,943,54,1141,267,1478,611
00050116.jpg,942,54,1140,267,1482,613
00050117.jpg,942,54,1140,267,1482,611
00050118.jpg,941,54,1139,267,1482,609
00050119.jpg,940,54,1138,267,1485,604
00050120.jpg,940,54,1138,267,1485,601
00050121.jpg,940,54,1138,267,1485,598
00050122.jpg,941,54,1139,267,1485,598
00050123.jpg,942,54,1140,267,1487,594
00050124.jpg,942,53,1140,266,1483,596
00050125.jpg,943,53,1141,266,1486,594
00050126.jpg,944,52,1142,265,1482,596
00050127.jpg,945,51,1143,264,1485,596
00050128.jpg,945,51,1143,264,1486,596
00050129.jpg,947,50,1145,263,1487,594
00050130.jpg,948,50,1146,263,1487,594
00050131.jpg,950,50,1148,263,1487,594
00050132.jpg,952,50,1150,263,1487,594
00050133.jpg,952,50,1150,263,1487,594
00050134.jpg,954,49,1152,262,1487,591
00050135.jpg,955,49,1153,262,1487,590
00050136.jpg,956,49,1154,262,1488,590
00050137.jpg,958,49,1156,262,1488,590
00050138.jpg,958,49,1156,262,1490,589
00050139.jpg,959,48,1157,261,1491,589
00050140.jpg,959,49,1157,262,1491,589
00050141.jpg,961,48,1159,261,1492,589
00050142.jpg,961,47,1159,260,1493,588
00050143.jpg,960,47,1158,260,1495,586
00050144.jpg,958,46,1156,259,1496,586
00050145.jpg,957,45,1155,258,1496,588
00050146.jpg,954,44,1152,257,1497,586
00050147.jpg,953,43,1151,256,1498,586
00050148.jpg,953,43,1151,256,1498,586
00050149.jpg,954,43,1152,256,1498,586
00050150.jpg,955,43,1153,256,1498,584
00050151.jpg,961,43,1159,256,1498,584
00050152.jpg,972,44,1170,257,1496,584
00050153.jpg,974,48,1172,261,1493,586
00050154.jpg,976,54,1174,267,1493,586
00050155.jpg,975,56,1173,269,1493,586
00050156.jpg,975,54,1173,267,1493,586
00050157.jpg,974,52,1172,265,1493,586
00050158.jpg,974,52,1172,265,1493,586
00050159.jpg,975,53,1173,266,1493,586
00050160.jpg,977,54,1175,267,1493,586
00050161.jpg,984,55,1182,268,1492,586
00050162.jpg,988,59,1186,272,1492,586
00050163.jpg,987,57,1185,270,1492,586
00050164.jpg,982,48,1180,261,1490,588
00050165.jpg,974,41,1172,254,1492,588
00050166.jpg,961,40,1159,253,1492,588
00050167.jpg,950,35,1148,248,1492,588
00050168.jpg,948,33,1146,246,1492,588
00050169.jpg,947,31,1145,244,1490,588
00050170.jpg,947,31,1145,244,1490,588
00050171.jpg,948,33,1146,246,1490,588
00050172.jpg,948,32,1146,245,1490,588
00050173.jpg,949,32,1147,245,1490,588
00050174.jpg,950,32,1148,245,1490,588
00050175.jpg,951,31,1149,244,1490,588
00050176.jpg,952,32,1150,245,1490,588
00050177.jpg,956,34,1154,247,1490,588
00050178.jpg,960,33,1158,246,1490,588
00050179.jpg,963,35,1161,248,1490,588
00050180.jpg,961,38,1159,251,1490,588
00050181.jpg,962,38,1160,251,1487,588
00050182.jpg,965,41,1163,254,1487,588
00050183.jpg,964,41,1162,254,1487,594
00050184.jpg,963,40,1161,253,1486,596
00050185.jpg,963,39,1161,252,1482,598
00050186.jpg,966,42,1164,255,1482,598
00050187.jpg,968,45,1166,258,1481,599
00050188.jpg,970,45,1168,258,1481,599
00050189.jpg,974,46,1172,259,1482,603
00050190.jpg,977,48,1175,261,1486,603
00050191.jpg,984,52,1182,265,1491,606
00050192.jpg,991,54,1189,267,1490,608
00050193.jpg,995,56,1193,269,1492,610
00050194.jpg,1002,62,1200,275,1492,610
00050195.jpg,1004,65,1202,278,1490,616
00050196.jpg,1009,68,1207,281,1490,616
00050197.jpg,1014,71,1212,284,1490,616
00050198.jpg,1016,72,1214,285,1490,616
00050199.jpg,1021,71,1219,284,1490,616
00050200.jpg,1021,71,1219,284,1488,616
