00011517.jpg,1380,198,1757,623,-1,-1
00011518.jpg,1380,198,1757,623,-1,-1
00011519.jpg,1380,198,1757,623,-1,-1
00011520.jpg,1380,198,1757,623,-1,-1
00011521.jpg,1380,198,1757,623,-1,-1
00011522.jpg,1342,211,1741,621,-1,-1
00011523.jpg,1342,211,1741,621,-1,-1
00011524.jpg,1341,218,1740,628,-1,-1
00011525.jpg,1342,218,1741,628,-1,-1
00011526.jpg,1342,218,1741,628,-1,-1
00011527.jpg,1321,212,1732,638,565,468
00011528.jpg,1321,212,1732,638,565,467
00011529.jpg,1320,211,1731,637,565,462
00011530.jpg,1321,214,1732,640,565,460
00011531.jpg,1321,214,1732,640,567,463
00011532.jpg,1322,217,1733,643,567,463
00011533.jpg,1322,213,1733,639,569,463
00011534.jpg,1323,214,1734,640,573,462
00011535.jpg,1323,218,1734,644,570,462
00011536.jpg,1323,218,1734,644,573,462
00011537.jpg,1323,218,1734,644,-1,-1
00011538.jpg,1354,206,1738,623,-1,-1
00011539.jpg,1354,206,1738,623,-1,-1
00011540.jpg,1354,201,1738,618,-1,-1
00011541.jpg,1354,201,1738,618,-1,-1
00011542.jpg,1355,199,1739,616,-1,-1
00011543.jpg,1355,203,1739,620,-1,-1
00011544.jpg,1356,204,1740,621,-1,-1
00011545.jpg,1358,202,1742,619,-1,-1
00011546.jpg,1358,202,1742,619,-1,-1
00011547.jpg,1359,203,1743,620,-1,-1
00011548.jpg,1360,216,1744,633,-1,-1
00011549.jpg,1360,218,1744,635,-1,-1
00011550.jpg,1363,208,1747,625,-1,-1
00011551.jpg,1363,208,1747,625,-1,-1
00011552.jpg,1364,207,1748,624,-1,-1
00011553.jpg,1362,219,1746,636,-1,-1
00011554.jpg,1363,227,1747,644,-1,-1
00011555.jpg,1367,218,1751,635,-1,-1
00011556.jpg,1367,218,1751,635,-1,-1
00011557.jpg,1365,210,1749,627,-1,-1
00011558.jpg,1364,217,1748,634,-1,-1
00011559.jpg,1365,222,1749,639,-1,-1
00011560.jpg,1365,220,1749,637,-1,-1
00011561.jpg,1365,220,1749,637,-1,-1
00011562.jpg,1365,213,1749,630,-1,-1
00011563.jpg,1363,211,1747,628,-1,-1
00011564.jpg,1362,214,1746,631,-1,-1
00011565.jpg,1362,222,1746,639,-1,-1
00011566.jpg,1362,222,1746,639,-1,-1
00011567.jpg,1362,214,1746,631,-1,-1
00011568.jpg,1362,212,1746,629,-1,-1
00011569.jpg,1364,217,1748,634,-1,-1
00011570.jpg,1365,215,1749,632,-1,-1
00011571.jpg,1365,215,1749,632,-1,-1
00011572.jpg,1361,210,1745,627,-1,-1
00011573.jpg,1358,213,1742,630,-1,-1
00011574.jpg,1356,210,1740,627,-1,-1
00011575.jpg,1355,217,1739,634,-1,-1
00011576.jpg,1355,217,1739,634,-1,-1
00011577.jpg,1356,216,1740,633,-1,-1
00011578.jpg,1358,203,1742,620,-1,-1
00011579.jpg,1358,199,1742,616,-1,-1
00011580.jpg,1360,208,1744,625,-1,-1
00011581.jpg,1360,208,1744,625,-1,-1
00011582.jpg,1363,210,1747,627,-1,-1
00011583.jpg,1361,207,1745,624,-1,-1
00011584.jpg,1360,207,1744,624,-1,-1
00011585.jpg,1358,210,1742,627,-1,-1
00011586.jpg,1359,210,1743,627,-1,-1
00011587.jpg,1356,211,1740,628,-1,-1
00011588.jpg,1354,208,1738,625,-1,-1
00011589.jpg,1352,203,1736,620,-1,-1
00011590.jpg,1352,207,1736,624,-1,-1
00011591.jpg,1352,207,1736,624,-1,-1
00011592.jpg,1356,214,1740,631,-1,-1
00011593.jpg,1357,212,1741,629,-1,-1
00011594.jpg,1356,202,1740,619,-1,-1
00011595.jpg,1357,196,1741,613,-1,-1
00011596.jpg,1357,196,1741,613,-1,-1
00011597.jpg,1359,202,1743,619,-1,-1
00011598.jpg,1360,204,1744,621,-1,-1
00011599.jpg,1360,207,1744,624,-1,-1
00011600.jpg,1361,204,1745,621,-1,-1
00011601.jpg,1361,204,1745,621,-1,-1
00011602.jpg,1359,204,1743,621,-1,-1
00011603.jpg,1358,211,1742,628,-1,-1
00011604.jpg,1355,214,1739,631,-1,-1
00011605.jpg,1354,208,1738,625,487,475
00011606.jpg,1354,208,1738,625,487,475
00011607.jpg,1336,205,1738,619,474,476
00011608.jpg,1336,205,1738,619,463,480
00011609.jpg,1333,205,1735,619,454,472
00011610.jpg,1332,200,1734,614,446,468
00011611.jpg,1332,200,1734,614,443,467
00011612.jpg,1333,200,1735,614,445,467
00011613.jpg,1335,196,1737,610,445,460
00011614.jpg,1336,202,1738,616,450,460
00011615.jpg,1337,204,1739,618,453,467
00011616.jpg,1337,204,1739,618,454,467
00011617.jpg,1340,202,1742,616,462,464
00011618.jpg,1340,200,1742,614,465,460
00011619.jpg,1343,205,1745,619,467,462
00011620.jpg,1345,215,1747,629,-1,-1
00011621.jpg,1345,215,1747,629,-1,-1
00011622.jpg,1345,205,1747,619,-1,-1
00011623.jpg,1344,198,1746,612,-1,-1
00011624.jpg,1346,206,1730,635,-1,-1
00011625.jpg,1346,206,1730,635,-1,-1
00011626.jpg,1346,206,1730,635,-1,-1
00011627.jpg,1348,205,1732,634,-1,-1
00011628.jpg,1349,205,1733,634,-1,-1
00011629.jpg,1348,207,1732,636,-1,-1
00011630.jpg,1347,210,1731,639,-1,-1
00011631.jpg,1346,210,1730,639,-1,-1
00011632.jpg,1346,205,1730,634,-1,-1
00011633.jpg,1345,210,1729,639,-1,-1
00011634.jpg,1345,212,1729,641,-1,-1
00011635.jpg,1345,210,1729,639,-1,-1
00011636.jpg,1345,210,1729,639,-1,-1
00011637.jpg,1344,210,1728,639,-1,-1
00011638.jpg,1344,212,1728,641,-1,-1
00011639.jpg,1343,213,1727,642,-1,-1
00011640.jpg,1345,210,1729,639,-1,-1
00011641.jpg,1345,210,1729,639,-1,-1
00011642.jpg,1346,210,1730,639,-1,-1
00011643.jpg,1346,209,1730,638,-1,-1
00011644.jpg,1347,205,1731,634,-1,-1
00011645.jpg,1347,209,1731,638,-1,-1
00011646.jpg,1347,209,1731,638,-1,-1
00011647.jpg,1348,209,1732,638,-1,-1
00011648.jpg,1347,210,1731,639,-1,-1
00011649.jpg,1347,214,1731,643,-1,-1
00011650.jpg,1346,217,1730,646,-1,-1
00011651.jpg,1346,217,1730,646,-1,-1
00011652.jpg,1345,216,1729,645,-1,-1
00011653.jpg,1345,212,1729,641,-1,-1
00011654.jpg,1346,212,1730,641,518,479
00011655.jpg,1346,213,1730,642,518,479
00011656.jpg,1346,213,1730,642,513,479
00011657.jpg,1343,222,1727,651,513,470
00011658.jpg,1344,218,1728,647,513,467
00011659.jpg,1346,217,1730,646,513,460
00011660.jpg,1346,218,1730,647,513,458
00011661.jpg,1346,218,1730,647,513,456
00011662.jpg,1346,221,1730,650,-1,-1
00011663.jpg,1346,222,1730,651,-1,-1
00011664.jpg,1342,212,1726,641,-1,-1
00011665.jpg,1344,208,1728,637,-1,-1
00011666.jpg,1344,208,1728,637,-1,-1
00011667.jpg,1347,208,1731,637,-1,-1
00011668.jpg,1346,214,1730,643,-1,-1
00011669.jpg,1347,218,1731,647,-1,-1
00011670.jpg,1347,217,1731,646,-1,-1
00011671.jpg,1347,217,1731,646,-1,-1
00011672.jpg,1345,200,1729,629,-1,-1
00011673.jpg,1346,200,1730,629,-1,-1
00011674.jpg,1349,213,1733,642,-1,-1
00011675.jpg,1349,221,1733,650,-1,-1
00011676.jpg,1349,221,1733,650,-1,-1
00011677.jpg,1347,205,1731,634,-1,-1
00011678.jpg,1345,205,1729,634,-1,-1
00011679.jpg,1344,208,1728,637,-1,-1
00011680.jpg,1345,211,1729,640,-1,-1
00011681.jpg,1345,211,1729,640,-1,-1
00011682.jpg,1345,216,1729,645,-1,-1
00011683.jpg,1344,213,1728,642,-1,-1
00011684.jpg,1343,209,1727,638,-1,-1
00011685.jpg,1343,211,1727,640,-1,-1
00011686.jpg,1343,211,1727,640,-1,-1
00011687.jpg,1344,213,1728,642,-1,-1
00011688.jpg,1345,211,1729,640,-1,-1
00011689.jpg,1345,210,1729,639,-1,-1
00011690.jpg,1345,208,1729,637,-1,-1
00011691.jpg,1345,208,1729,637,-1,-1
00011692.jpg,1345,204,1729,633,-1,-1
00011693.jpg,1326,217,1710,646,-1,-1
00011694.jpg,1328,215,1712,644,-1,-1
00011695.jpg,1342,213,1726,642,-1,-1
00011696.jpg,1342,213,1726,642,-1,-1
00011697.jpg,1343,206,1727,635,-1,-1
00011698.jpg,1339,206,1723,635,-1,-1
00011699.jpg,1340,208,1724,637,-1,-1
00011700.jpg,1340,213,1724,642,-1,-1
00011701.jpg,1340,213,1724,642,-1,-1
00011702.jpg,1344,209,1728,638,-1,-1
00011703.jpg,1344,208,1728,637,-1,-1
00011704.jpg,1344,206,1728,635,-1,-1
00011705.jpg,1346,210,1730,639,-1,-1
00011706.jpg,1346,210,1730,639,-1,-1
00011707.jpg,1345,211,1729,640,-1,-1
00011708.jpg,1345,211,1729,640,-1,-1
00011709.jpg,1345,208,1729,637,-1,-1
00011710.jpg,1345,212,1729,641,-1,-1
00011711.jpg,1345,212,1729,641,-1,-1
00011712.jpg,1359,212,1713,608,-1,-1
00011713.jpg,1359,212,1713,608,-1,-1
00011714.jpg,1361,216,1715,612,-1,-1
00011715.jpg,1363,219,1717,615,-1,-1
00011716.jpg,1363,219,1717,615,-1,-1
00011717.jpg,1363,217,1717,613,-1,-1
00011718.jpg,1365,214,1719,610,-1,-1
00011719.jpg,1364,215,1718,611,-1,-1
00011720.jpg,1361,222,1715,618,-1,-1
00011721.jpg,1361,222,1715,618,-1,-1
00011722.jpg,1360,221,1714,617,-1,-1
00011723.jpg,1359,216,1713,612,-1,-1
00011724.jpg,1359,210,1713,606,-1,-1
00011725.jpg,1361,213,1715,609,-1,-1
00011726.jpg,1361,213,1715,609,-1,-1
00011727.jpg,1362,218,1716,614,-1,-1
00011728.jpg,1395,218,1762,634,-1,-1
00011729.jpg,1395,218,1762,634,-1,-1
00011730.jpg,1400,220,1767,636,-1,-1
00011731.jpg,1400,220,1767,636,-1,-1
00011732.jpg,1416,222,1783,638,-1,-1
00011733.jpg,1428,222,1795,638,-1,-1
00011734.jpg,1433,223,1800,639,-1,-1
00011735.jpg,1445,213,1812,629,-1,-1
00011736.jpg,1445,213,1812,629,-1,-1
00011737.jpg,1455,212,1822,628,-1,-1
00011738.jpg,1465,214,1832,630,-1,-1
00011739.jpg,1472,216,1839,632,-1,-1
00011740.jpg,1474,214,1841,630,-1,-1
00011741.jpg,1474,214,1841,630,-1,-1
00011742.jpg,1491,225,1841,632,-1,-1
00011743.jpg,1491,225,1841,632,-1,-1
00011744.jpg,1485,219,1835,626,-1,-1
00011745.jpg,1482,210,1832,617,-1,-1
00011746.jpg,1482,210,1832,617,-1,-1
00011747.jpg,1480,211,1830,618,-1,-1
00011748.jpg,1474,199,1824,606,-1,-1
00011749.jpg,1479,214,1829,621,-1,-1
00011750.jpg,1479,211,1829,618,-1,-1
00011751.jpg,1479,211,1829,618,-1,-1
00011752.jpg,1471,196,1821,603,-1,-1
00011753.jpg,1481,210,1831,617,-1,-1
00011754.jpg,1482,212,1832,619,-1,-1
00011755.jpg,1456,220,1816,619,-1,-1
00011756.jpg,1456,220,1816,619,-1,-1
00011757.jpg,1457,216,1817,615,-1,-1
00011758.jpg,1455,214,1815,613,-1,-1
00011759.jpg,1456,211,1816,610,-1,-1
00011760.jpg,1453,209,1813,608,-1,-1
00011761.jpg,1453,209,1813,608,-1,-1
00011762.jpg,1452,212,1812,611,-1,-1
00011763.jpg,1453,207,1813,606,-1,-1
00011764.jpg,1451,208,1811,607,-1,-1
00011765.jpg,1452,207,1812,606,-1,-1
00011766.jpg,1452,207,1812,606,-1,-1
00011767.jpg,1418,209,1799,636,-1,-1
00011768.jpg,1418,209,1799,636,-1,-1
00011769.jpg,1415,200,1796,627,-1,-1
00011770.jpg,1417,194,1798,621,-1,-1
00011771.jpg,1417,194,1798,621,-1,-1
00011772.jpg,1416,193,1797,620,-1,-1
00011773.jpg,1414,199,1795,626,-1,-1
00011774.jpg,1392,217,1778,631,-1,-1
00011775.jpg,1392,217,1778,631,-1,-1
00011776.jpg,1392,217,1778,631,-1,-1
00011777.jpg,1390,199,1776,613,-1,-1
00011778.jpg,1391,201,1777,615,-1,-1
00011779.jpg,1391,201,1777,615,-1,-1
