00004540.jpg,378,58,666,397,327,615
00004541.jpg,380,56,667,400,327,615
00004542.jpg,381,57,665,397,329,615
00004543.jpg,383,59,666,394,329,615
00004544.jpg,383,59,668,395,332,615
00004545.jpg,383,59,668,395,-1,-1
00004546.jpg,387,36,710,391,-1,-1
00004547.jpg,387,36,710,391,-1,-1
00004548.jpg,388,34,711,389,-1,-1
00004549.jpg,391,28,714,383,-1,-1
00004550.jpg,402,19,725,374,-1,-1
00004551.jpg,408,14,731,369,-1,-1
00004552.jpg,410,10,733,365,-1,-1
00004553.jpg,410,7,733,362,-1,-1
00004554.jpg,410,5,733,360,-1,-1
00004555.jpg,410,2,733,357,-1,-1
00004556.jpg,408,1,731,356,-1,-1
00004557.jpg,345,12,693,372,-1,-1
00004558.jpg,345,12,693,372,-1,-1
00004559.jpg,342,12,690,372,-1,-1
00004560.jpg,340,11,688,371,-1,-1
00004561.jpg,340,9,688,369,-1,-1
00004562.jpg,340,6,688,366,-1,-1
00004563.jpg,341,4,689,364,-1,-1
00004564.jpg,341,2,689,362,-1,-1
00004565.jpg,343,0,691,360,-1,-1
00004566.jpg,345,0,693,360,-1,-1
00004567.jpg,346,0,694,360,-1,-1
00004568.jpg,348,1,696,361,-1,-1
00004569.jpg,350,2,698,362,-1,-1
00004570.jpg,357,3,705,363,-1,-1
00004571.jpg,360,3,708,363,-1,-1
00004572.jpg,362,3,710,363,-1,-1
00004573.jpg,365,2,713,362,-1,-1
00004574.jpg,369,1,717,361,-1,-1
00004575.jpg,376,1,724,361,-1,-1
00004576.jpg,380,1,728,361,-1,-1
00004577.jpg,384,1,732,361,-1,-1
00004578.jpg,386,1,734,361,-1,-1
00004579.jpg,388,1,736,361,-1,-1
00004580.jpg,392,1,740,361,-1,-1
00004581.jpg,393,1,741,361,-1,-1
00004582.jpg,394,1,742,361,-1,-1
00004583.jpg,394,1,742,361,-1,-1
00004584.jpg,393,1,741,361,-1,-1
00004585.jpg,392,2,740,362,-1,-1
00004586.jpg,391,3,739,363,-1,-1
00004587.jpg,390,3,738,363,-1,-1
00004588.jpg,390,4,738,364,-1,-1
00004589.jpg,389,4,737,364,-1,-1
00004590.jpg,388,5,736,365,-1,-1
00004591.jpg,388,5,736,365,-1,-1
00004592.jpg,387,5,735,365,-1,-1
00004593.jpg,387,5,735,365,-1,-1
00004594.jpg,386,5,734,365,-1,-1
00004595.jpg,386,5,734,365,-1,-1
00004596.jpg,386,6,734,366,-1,-1
00004597.jpg,385,6,733,366,-1,-1
00004598.jpg,385,6,733,366,-1,-1
00004599.jpg,385,6,733,366,-1,-1
00004600.jpg,384,6,732,366,-1,-1
00004601.jpg,384,6,732,366,-1,-1
00004602.jpg,384,6,732,366,-1,-1
00004603.jpg,384,6,732,366,-1,-1
00004604.jpg,383,6,731,366,-1,-1
00004605.jpg,383,6,731,366,-1,-1
00004606.jpg,383,6,731,366,-1,-1
00004607.jpg,383,6,731,366,-1,-1
00004608.jpg,383,6,731,366,-1,-1
00004609.jpg,383,7,731,367,-1,-1
00004610.jpg,383,8,731,368,-1,-1
00004611.jpg,383,8,731,368,-1,-1
00004612.jpg,384,9,732,369,-1,-1
00004613.jpg,384,9,732,369,-1,-1
00004614.jpg,384,10,732,370,-1,-1
00004615.jpg,381,13,729,373,-1,-1
00004616.jpg,373,16,721,376,-1,-1
00004617.jpg,364,21,712,381,481,519
00004618.jpg,359,23,707,383,481,519
00004619.jpg,389,22,698,354,481,519
00004620.jpg,389,22,698,354,481,519
00004621.jpg,388,23,697,355,481,519
00004622.jpg,387,23,696,355,481,519
00004623.jpg,387,24,696,356,481,519
00004624.jpg,387,24,696,356,481,520
00004625.jpg,386,26,695,358,477,523
00004626.jpg,386,27,695,359,472,524
00004627.jpg,386,28,695,360,472,524
00004628.jpg,386,29,695,361,472,524
00004629.jpg,386,30,695,362,466,526
00004630.jpg,385,32,694,364,466,526
00004631.jpg,385,32,694,364,466,526
00004632.jpg,385,32,694,364,465,526
00004633.jpg,385,32,694,364,465,526
00004634.jpg,385,32,694,364,465,526
00004635.jpg,385,32,694,364,465,526
00004636.jpg,386,32,695,364,465,526
00004637.jpg,386,32,695,364,462,525
00004638.jpg,386,31,695,363,462,525
00004639.jpg,386,31,695,363,462,525
00004640.jpg,389,29,698,361,462,525
00004641.jpg,390,27,699,359,462,525
00004642.jpg,390,26,699,358,-1,-1
00004643.jpg,375,23,714,387,-1,-1
00004644.jpg,375,23,714,387,-1,-1
00004645.jpg,376,21,715,385,-1,-1
00004646.jpg,387,15,726,379,-1,-1
00004647.jpg,387,15,726,379,-1,-1
00004648.jpg,388,14,727,378,-1,-1
00004649.jpg,388,14,727,378,-1,-1
00004650.jpg,388,14,727,378,-1,-1
00004651.jpg,388,14,727,378,-1,-1
00004652.jpg,388,15,727,379,-1,-1
00004653.jpg,388,15,727,379,-1,-1
00004654.jpg,388,15,727,379,-1,-1
00004655.jpg,388,15,727,379,-1,-1
00004656.jpg,388,15,727,379,-1,-1
00004657.jpg,388,15,727,379,-1,-1
00004658.jpg,387,16,726,380,-1,-1
00004659.jpg,387,16,726,380,-1,-1
00004660.jpg,377,19,716,383,-1,-1
00004661.jpg,376,22,715,386,-1,-1
00004662.jpg,376,23,715,387,-1,-1
00004663.jpg,375,25,714,389,-1,-1
00004664.jpg,375,26,714,390,457,531
00004665.jpg,375,26,714,390,457,531
00004666.jpg,375,27,714,391,457,531
00004667.jpg,375,27,714,391,457,531
00004668.jpg,391,11,691,382,457,531
00004669.jpg,391,11,691,382,455,533
00004670.jpg,391,11,691,382,451,533
00004671.jpg,391,12,691,383,446,533
00004672.jpg,391,12,691,383,442,533
00004673.jpg,391,12,691,383,437,533
00004674.jpg,391,12,691,383,436,533
00004675.jpg,391,12,691,383,430,533
00004676.jpg,391,12,691,383,426,533
00004677.jpg,391,12,691,383,417,533
00004678.jpg,391,12,691,383,415,533
00004679.jpg,391,12,691,383,410,533
00004680.jpg,391,12,691,383,404,530
00004681.jpg,391,12,691,383,392,526
00004682.jpg,392,12,692,383,381,520
00004683.jpg,392,11,692,382,375,516
00004684.jpg,385,7,685,378,361,505
00004685.jpg,385,5,685,376,319,490
00004686.jpg,384,3,684,374,287,474
00004687.jpg,383,1,683,372,271,465
00004688.jpg,380,0,680,371,250,453
00004689.jpg,377,0,677,371,230,444
00004690.jpg,376,0,676,371,222,438
00004691.jpg,372,0,672,371,192,423
00004692.jpg,370,0,670,371,179,409
00004693.jpg,370,0,670,371,166,403
00004694.jpg,370,0,670,371,154,403
00004695.jpg,390,13,731,372,146,398
00004696.jpg,390,13,731,372,146,395
00004697.jpg,393,13,734,372,146,394
00004698.jpg,396,12,737,371,151,361
00004699.jpg,406,10,747,369,-1,-1
00004700.jpg,414,9,755,368,-1,-1
00004701.jpg,364,18,721,383,-1,-1
00004702.jpg,364,18,721,383,-1,-1
00004703.jpg,367,19,724,384,-1,-1
00004704.jpg,369,21,726,386,-1,-1
00004705.jpg,371,23,728,388,-1,-1
00004706.jpg,375,27,732,392,-1,-1
00004707.jpg,376,28,733,393,-1,-1
00004708.jpg,377,30,734,395,-1,-1
00004709.jpg,378,32,735,397,-1,-1
00004710.jpg,379,34,736,399,-1,-1
00004711.jpg,381,38,738,403,-1,-1
00004712.jpg,382,40,739,405,-1,-1
00004713.jpg,383,41,740,406,-1,-1
00004714.jpg,384,42,741,407,-1,-1
00004715.jpg,385,43,742,408,-1,-1
00004716.jpg,387,47,744,412,-1,-1
00004717.jpg,388,49,745,414,-1,-1
00004718.jpg,390,51,747,416,-1,-1
00004719.jpg,391,52,748,417,-1,-1
00004720.jpg,393,54,750,419,-1,-1
00004721.jpg,396,57,753,422,-1,-1
00004722.jpg,398,59,755,424,-1,-1
00004723.jpg,400,60,757,425,-1,-1
00004724.jpg,392,24,787,452,-1,-1
00004725.jpg,392,24,787,452,-1,-1
00004726.jpg,397,26,792,454,-1,-1
00004727.jpg,399,26,794,454,-1,-1
00004728.jpg,401,26,796,454,-1,-1
00004729.jpg,403,27,798,455,-1,-1
00004730.jpg,405,27,800,455,-1,-1
00004731.jpg,409,29,804,457,-1,-1
00004732.jpg,411,29,806,457,-1,-1
00004733.jpg,413,29,808,457,-1,-1
00004734.jpg,414,30,809,458,-1,-1
00004735.jpg,416,30,811,458,-1,-1
00004736.jpg,419,30,814,458,-1,-1
00004737.jpg,407,29,825,484,-1,-1
00004738.jpg,407,29,825,484,-1,-1
00004739.jpg,408,29,826,484,-1,-1
00004740.jpg,409,30,827,485,-1,-1
00004741.jpg,411,30,829,485,-1,-1
00004742.jpg,412,30,830,485,-1,-1
00004743.jpg,412,30,830,485,-1,-1
00004744.jpg,406,18,834,503,-1,-1
00004745.jpg,406,18,834,503,-1,-1
00004746.jpg,406,18,834,503,-1,-1
00004747.jpg,406,17,834,502,-1,-1
00004748.jpg,406,17,834,502,-1,-1
00004749.jpg,405,16,833,501,-1,-1
00004750.jpg,405,16,833,501,-1,-1
00004751.jpg,405,16,833,501,-1,-1
00004752.jpg,405,16,833,501,-1,-1
00004753.jpg,404,16,832,501,-1,-1
00004754.jpg,404,16,832,501,-1,-1
00004755.jpg,404,16,832,501,-1,-1
00004756.jpg,404,17,832,502,-1,-1
00004757.jpg,404,17,832,502,-1,-1
00004758.jpg,405,17,833,502,-1,-1
00004759.jpg,405,17,833,502,-1,-1
00004760.jpg,405,17,833,502,-1,-1
00004761.jpg,404,17,832,502,-1,-1
00004762.jpg,403,17,831,502,-1,-1
00004763.jpg,402,18,830,503,-1,-1
00004764.jpg,391,17,819,502,-1,-1
00004765.jpg,378,17,806,502,-1,-1
00004766.jpg,424,14,820,462,115,408
00004767.jpg,424,14,820,462,116,409
00004768.jpg,422,14,818,462,114,420
00004769.jpg,412,14,808,462,111,429
00004770.jpg,404,20,869,502,110,433
00004771.jpg,404,20,869,502,107,436
00004772.jpg,403,20,868,502,102,441
00004773.jpg,402,20,867,502,100,454
00004774.jpg,402,20,867,502,96,456
00004775.jpg,402,20,867,502,92,464
00004776.jpg,402,19,867,501,107,488
00004777.jpg,402,19,867,501,121,494
00004778.jpg,402,18,867,500,127,493
00004779.jpg,402,17,867,499,127,493
00004780.jpg,401,15,866,497,146,500
00004781.jpg,400,12,865,494,196,511
00004782.jpg,400,10,865,492,212,514
00004783.jpg,399,9,864,491,224,515
00004784.jpg,402,5,867,487,225,518
00004785.jpg,406,2,871,484,245,524
00004786.jpg,385,13,816,465,259,544
00004787.jpg,385,13,816,465,274,545
00004788.jpg,382,14,813,466,282,543
00004789.jpg,380,15,811,467,282,543
00004790.jpg,377,17,808,469,292,543
00004791.jpg,370,21,801,473,300,543
00004792.jpg,369,21,800,473,304,546
00004793.jpg,368,21,799,473,299,549
00004794.jpg,367,23,798,475,292,555
00004795.jpg,367,26,798,478,294,556
00004796.jpg,367,30,798,482,294,561
00004797.jpg,368,31,799,483,294,564
00004798.jpg,369,31,800,483,292,566
00004799.jpg,370,31,801,483,292,566
00004800.jpg,371,31,802,483,294,568
00004801.jpg,373,31,804,483,294,568
00004802.jpg,375,31,806,483,297,570
00004803.jpg,375,31,806,483,299,571
00004804.jpg,376,30,807,482,300,571
00004805.jpg,377,30,808,482,302,573
00004806.jpg,378,28,809,480,305,573
00004807.jpg,378,27,809,479,309,573
00004808.jpg,379,26,810,478,302,579
00004809.jpg,379,26,810,478,302,579
00004810.jpg,379,26,810,478,304,579
00004811.jpg,379,28,810,480,304,579
00004812.jpg,379,29,810,481,304,579
00004813.jpg,379,29,810,481,304,579
00004814.jpg,378,29,809,481,304,579
00004815.jpg,378,30,809,482,304,579
00004816.jpg,378,30,809,482,304,579
00004817.jpg,378,31,809,483,304,579
00004818.jpg,379,32,810,484,304,579
00004819.jpg,379,32,810,484,304,579
00004820.jpg,379,32,810,484,304,580
00004821.jpg,382,11,799,480,304,580
00004822.jpg,382,11,799,480,304,580
00004823.jpg,382,11,799,480,304,580
00004824.jpg,382,11,799,480,301,581
00004825.jpg,382,11,799,480,301,581
00004826.jpg,383,10,800,479,301,581
00004827.jpg,383,8,800,477,301,581
00004828.jpg,387,3,804,472,301,581
00004829.jpg,392,0,809,469,-1,-1
00004830.jpg,393,0,810,469,-1,-1
00004831.jpg,395,0,812,469,-1,-1
00004832.jpg,354,11,798,463,-1,-1
00004833.jpg,354,11,798,463,-1,-1
00004834.jpg,354,10,798,462,-1,-1
00004835.jpg,354,10,798,462,-1,-1
00004836.jpg,354,10,798,462,-1,-1
00004837.jpg,353,10,797,462,-1,-1
00004838.jpg,353,9,797,461,-1,-1
00004839.jpg,362,7,806,459,-1,-1
00004840.jpg,365,6,809,458,-1,-1
00004841.jpg,366,6,810,458,-1,-1
00004842.jpg,377,8,821,460,-1,-1
00004843.jpg,377,10,821,462,-1,-1
00004844.jpg,377,10,821,462,-1,-1
00004845.jpg,377,11,821,463,-1,-1
00004846.jpg,336,9,757,473,-1,-1
00004847.jpg,336,9,757,473,-1,-1
00004848.jpg,336,10,757,474,-1,-1
00004849.jpg,335,10,756,474,-1,-1
00004850.jpg,335,11,756,475,-1,-1
00004851.jpg,334,12,755,476,-1,-1
00004852.jpg,334,16,755,480,-1,-1
00004853.jpg,334,16,755,480,-1,-1
00004854.jpg,334,17,755,481,-1,-1
00004855.jpg,333,16,754,480,-1,-1
00004856.jpg,333,16,754,480,-1,-1
00004857.jpg,331,17,752,481,-1,-1
00004858.jpg,330,17,751,481,-1,-1
00004859.jpg,330,16,751,480,-1,-1
00004860.jpg,329,16,750,480,-1,-1
00004861.jpg,328,17,749,481,-1,-1
00004862.jpg,366,20,789,495,-1,-1
00004863.jpg,366,20,789,495,-1,-1
00004864.jpg,365,21,788,496,-1,-1
00004865.jpg,365,21,788,496,276,614
00004866.jpg,350,25,773,500,276,614
00004867.jpg,352,16,801,482,276,614
00004868.jpg,352,16,801,482,276,614
00004869.jpg,351,16,800,482,279,614
00004870.jpg,351,17,800,483,282,613
00004871.jpg,350,17,799,483,284,613
00004872.jpg,350,18,799,484,285,613
00004873.jpg,350,17,799,483,285,613
00004874.jpg,350,17,799,483,289,611
00004875.jpg,350,17,799,483,292,610
00004876.jpg,349,17,798,483,292,610
00004877.jpg,349,16,798,482,292,610
00004878.jpg,339,20,788,486,286,608
00004879.jpg,338,20,787,486,285,608
00004880.jpg,338,20,787,486,285,608
00004881.jpg,337,21,786,487,285,608
00004882.jpg,337,22,786,488,285,608
00004883.jpg,337,22,786,488,282,608
00004884.jpg,336,23,785,489,282,608
00004885.jpg,336,23,785,489,281,608
00004886.jpg,336,23,785,489,280,608
00004887.jpg,335,25,784,491,280,608
00004888.jpg,335,25,784,491,280,608
00004889.jpg,335,26,784,492,280,608
00004890.jpg,335,26,784,492,280,608
00004891.jpg,335,27,784,493,280,608
00004892.jpg,334,28,783,494,280,608
00004893.jpg,334,29,783,495,279,608
00004894.jpg,334,29,783,495,272,608
00004895.jpg,334,29,783,495,271,605
00004896.jpg,334,29,783,495,270,605
00004897.jpg,334,30,783,496,269,605
00004898.jpg,340,11,793,480,266,604
00004899.jpg,340,11,793,480,265,604
00004900.jpg,340,11,793,480,265,604
00004901.jpg,340,11,793,480,265,604
00004902.jpg,339,10,792,479,265,604
00004903.jpg,340,8,793,477,265,604
00004904.jpg,340,7,793,476,265,604
00004905.jpg,339,7,792,476,-1,-1
00004906.jpg,348,2,801,471,-1,-1
00004907.jpg,351,0,804,469,-1,-1
00004908.jpg,360,0,813,469,-1,-1
00004909.jpg,342,9,780,480,-1,-1
00004910.jpg,342,9,780,480,-1,-1
00004911.jpg,342,7,780,478,-1,-1
00004912.jpg,342,4,780,475,-1,-1
00004913.jpg,343,1,781,472,-1,-1
00004914.jpg,343,0,781,471,-1,-1
00004915.jpg,342,0,780,471,-1,-1
00004916.jpg,342,0,780,471,-1,-1
00004917.jpg,344,0,782,471,-1,-1
00004918.jpg,344,0,782,471,-1,-1
00004919.jpg,346,0,784,471,-1,-1
00004920.jpg,347,0,785,471,-1,-1
00004921.jpg,348,0,786,471,-1,-1
00004922.jpg,349,0,787,471,-1,-1
00004923.jpg,350,0,788,471,-1,-1
00004924.jpg,350,0,788,471,-1,-1
00004925.jpg,350,0,788,471,-1,-1
00004926.jpg,349,0,787,471,-1,-1
00004927.jpg,347,0,785,471,-1,-1
00004928.jpg,345,0,783,471,-1,-1
00004929.jpg,354,0,792,471,-1,-1
00004930.jpg,354,0,792,471,-1,-1
00004931.jpg,353,0,791,471,-1,-1
00004932.jpg,358,0,796,471,-1,-1
00004933.jpg,359,0,797,471,-1,-1
00004934.jpg,318,12,780,479,-1,-1
00004935.jpg,318,12,780,479,-1,-1
00004936.jpg,318,13,780,480,-1,-1
00004937.jpg,319,14,781,481,-1,-1
00004938.jpg,319,15,781,482,-1,-1
00004939.jpg,320,15,782,482,-1,-1
00004940.jpg,320,15,782,482,-1,-1
00004941.jpg,320,15,782,482,-1,-1
00004942.jpg,322,15,784,482,-1,-1
00004943.jpg,322,15,784,482,-1,-1
00004944.jpg,323,15,785,482,-1,-1
00004945.jpg,323,15,785,482,-1,-1
00004946.jpg,323,14,785,481,-1,-1
00004947.jpg,323,14,785,481,-1,-1
00004948.jpg,323,14,785,481,-1,-1
00004949.jpg,324,14,786,481,-1,-1
00004950.jpg,324,14,786,481,-1,-1
00004951.jpg,313,10,775,477,-1,-1
00004952.jpg,345,7,789,485,-1,-1
00004953.jpg,345,7,789,485,-1,-1
00004954.jpg,345,7,789,485,-1,-1
00004955.jpg,345,7,789,485,-1,-1
00004956.jpg,345,7,789,485,-1,-1
00004957.jpg,345,7,789,485,-1,-1
00004958.jpg,345,7,789,485,-1,-1
00004959.jpg,346,7,790,485,-1,-1
00004960.jpg,346,7,790,485,-1,-1
00004961.jpg,346,7,790,485,-1,-1
00004962.jpg,347,7,791,485,-1,-1
00004963.jpg,347,7,791,485,-1,-1
00004964.jpg,347,7,791,485,-1,-1
00004965.jpg,348,7,792,485,-1,-1
00004966.jpg,348,7,792,485,-1,-1
00004967.jpg,336,7,780,485,-1,-1
00004968.jpg,325,8,769,486,-1,-1
00004969.jpg,323,9,767,487,-1,-1
00004970.jpg,311,11,755,489,99,674
00004971.jpg,365,10,781,466,102,659
00004972.jpg,365,10,781,466,117,630
00004973.jpg,366,10,782,466,120,614
00004974.jpg,367,11,783,467,119,605
00004975.jpg,368,10,784,466,119,591
00004976.jpg,368,10,784,466,121,575
00004977.jpg,369,8,785,464,125,568
00004978.jpg,370,7,786,463,131,550
00004979.jpg,370,5,786,461,137,543
00004980.jpg,370,4,786,460,140,536
00004981.jpg,370,3,786,459,144,526
00004982.jpg,369,3,785,459,146,515
00004983.jpg,367,4,783,460,142,503
00004984.jpg,366,5,782,461,146,501
00004985.jpg,365,7,781,463,156,499
00004986.jpg,365,8,781,464,160,498
00004987.jpg,364,9,780,465,164,501
00004988.jpg,364,9,780,465,167,506
00004989.jpg,364,10,780,466,176,506
00004990.jpg,364,10,780,466,176,499
00004991.jpg,365,11,781,467,179,505
00004992.jpg,366,11,782,467,179,508
00004993.jpg,367,11,783,467,190,509
00004994.jpg,367,12,783,468,190,510
00004995.jpg,368,12,784,468,194,513
00004996.jpg,368,12,784,468,197,510
