00002217.jpg,414,51,638,290,479,574
00002218.jpg,414,51,638,290,478,574
00002219.jpg,415,51,639,290,478,574
00002220.jpg,416,51,640,290,478,574
00002221.jpg,417,51,641,290,476,573
00002222.jpg,418,51,642,290,476,573
00002223.jpg,419,51,643,290,476,573
00002224.jpg,420,51,644,290,473,568
00002225.jpg,420,51,644,290,473,566
00002226.jpg,421,52,645,291,473,567
00002227.jpg,421,52,645,291,473,567
00002228.jpg,432,49,639,291,473,567
00002229.jpg,432,49,639,291,473,567
00002230.jpg,432,49,639,291,471,567
00002231.jpg,433,50,640,292,473,563
00002232.jpg,433,51,640,293,473,562
00002233.jpg,433,51,640,293,476,560
00002234.jpg,444,48,646,290,476,559
00002235.jpg,444,48,646,290,475,556
00002236.jpg,444,48,646,290,475,554
00002237.jpg,444,49,646,291,474,554
00002238.jpg,444,49,646,291,474,554
00002239.jpg,444,49,646,291,474,554
00002240.jpg,444,50,646,292,474,551
00002241.jpg,444,50,646,292,474,549
00002242.jpg,445,50,647,292,474,549
00002243.jpg,445,50,647,292,469,548
00002244.jpg,446,50,648,292,468,548
00002245.jpg,446,50,648,292,468,551
00002246.jpg,446,50,648,292,468,551
00002247.jpg,447,50,649,292,468,551
00002248.jpg,447,50,649,292,469,553
00002249.jpg,446,51,648,293,469,556
00002250.jpg,446,51,648,293,469,556
00002251.jpg,445,51,647,293,469,561
00002252.jpg,444,51,646,293,472,563
00002253.jpg,443,51,645,293,475,563
00002254.jpg,442,52,644,294,478,564
00002255.jpg,441,52,643,294,478,564
00002256.jpg,440,52,642,294,478,564
00002257.jpg,438,52,640,294,476,563
00002258.jpg,437,49,638,295,476,561
00002259.jpg,437,49,638,295,476,557
00002260.jpg,435,49,636,295,476,555
00002261.jpg,433,49,634,295,473,554
00002262.jpg,429,44,623,294,473,554
00002263.jpg,429,44,623,294,473,554
00002264.jpg,418,45,610,295,473,556
00002265.jpg,418,45,610,295,470,556
00002266.jpg,416,45,608,295,464,559
00002267.jpg,414,45,606,295,457,563
00002268.jpg,412,46,604,296,455,564
00002269.jpg,410,46,602,296,454,568
00002270.jpg,406,45,598,295,454,572
00002271.jpg,394,43,586,291,450,576
00002272.jpg,394,43,586,291,449,579
00002273.jpg,392,43,584,291,448,581
00002274.jpg,382,43,572,290,445,581
00002275.jpg,382,43,572,290,444,581
00002276.jpg,381,43,571,290,444,581
00002277.jpg,365,38,563,298,445,581
00002278.jpg,365,38,563,298,444,580
00002279.jpg,364,38,562,298,445,580
00002280.jpg,363,38,561,298,675,612
00002281.jpg,361,38,559,298,668,420
00002282.jpg,360,37,558,297,672,417
00002283.jpg,359,37,557,297,674,417
00002284.jpg,359,37,557,297,676,416
00002285.jpg,348,39,545,298,679,411
00002286.jpg,348,39,545,298,681,409
00002287.jpg,348,39,545,298,681,409
00002288.jpg,348,39,545,298,690,403
00002289.jpg,348,38,545,297,693,402
00002290.jpg,345,38,541,301,695,401
00002291.jpg,345,38,541,301,698,399
00002292.jpg,345,38,541,301,705,398
00002293.jpg,345,38,541,301,706,398
00002294.jpg,345,38,541,301,708,398
00002295.jpg,345,38,541,301,708,402
00002296.jpg,345,39,541,302,708,402
00002297.jpg,346,39,542,302,709,403
00002298.jpg,346,39,542,302,709,404
00002299.jpg,342,35,543,303,709,407
00002300.jpg,342,35,543,303,709,408
00002301.jpg,342,35,543,303,710,413
00002302.jpg,343,36,544,304,712,416
00002303.jpg,343,37,544,305,715,417
00002304.jpg,344,38,545,306,716,417
00002305.jpg,345,38,546,306,718,420
00002306.jpg,345,39,546,307,718,420
00002307.jpg,346,39,547,307,720,421
00002308.jpg,346,40,547,308,721,421
00002309.jpg,346,40,547,308,724,422
00002310.jpg,347,41,548,309,726,422
00002311.jpg,347,41,548,309,731,421
00002312.jpg,347,41,548,309,733,421
00002313.jpg,347,41,548,309,733,419
00002314.jpg,344,43,551,316,734,416
00002315.jpg,344,43,551,316,735,414
00002316.jpg,344,43,551,316,735,413
00002317.jpg,344,42,551,315,735,411
00002318.jpg,345,42,552,315,735,411
00002319.jpg,345,42,552,315,735,411
00002320.jpg,346,42,553,315,732,410
00002321.jpg,348,42,555,315,732,411
00002322.jpg,350,42,557,315,732,411
00002323.jpg,350,42,557,315,729,411
00002324.jpg,350,42,557,315,731,416
00002325.jpg,350,42,557,315,731,414
00002326.jpg,349,42,556,315,731,414
00002327.jpg,349,42,556,315,731,414
00002328.jpg,349,42,556,315,731,414
00002329.jpg,349,42,556,315,728,414
00002330.jpg,348,41,555,314,726,414
00002331.jpg,348,41,555,314,726,414
00002332.jpg,348,41,555,314,724,414
00002333.jpg,343,40,550,313,724,414
00002334.jpg,342,40,549,313,724,411
00002335.jpg,341,39,548,312,724,410
00002336.jpg,341,39,548,312,724,410
00002337.jpg,347,32,554,305,724,408
00002338.jpg,347,32,554,305,726,407
00002339.jpg,347,31,554,304,727,406
00002340.jpg,346,29,553,308,730,404
00002341.jpg,346,29,553,308,731,404
00002342.jpg,345,29,552,308,732,404
00002343.jpg,345,28,552,307,734,403
00002344.jpg,344,28,551,307,735,403
00002345.jpg,343,27,550,306,736,403
00002346.jpg,342,26,549,305,736,403
00002347.jpg,341,26,548,305,737,403
00002348.jpg,340,26,547,305,715,513
00002349.jpg,338,25,545,304,710,634
00002350.jpg,345,30,547,294,494,591
00002351.jpg,345,30,547,294,494,592
00002352.jpg,344,30,546,294,492,592
00002353.jpg,344,30,546,294,490,592
00002354.jpg,343,30,545,294,485,592
00002355.jpg,342,29,544,293,483,591
00002356.jpg,351,29,556,295,482,591
00002357.jpg,351,29,556,295,476,591
00002358.jpg,351,29,556,295,474,591
00002359.jpg,350,29,555,295,470,591
00002360.jpg,362,27,561,289,468,591
00002361.jpg,362,27,561,289,463,590
00002362.jpg,362,27,561,289,461,586
00002363.jpg,361,27,560,289,457,585
00002364.jpg,361,27,560,289,454,584
00002365.jpg,374,29,563,292,451,582
00002366.jpg,374,29,563,292,447,581
00002367.jpg,374,29,563,292,435,581
00002368.jpg,374,28,563,291,428,575
00002369.jpg,387,30,579,283,421,571
00002370.jpg,387,30,579,283,415,566
00002371.jpg,387,30,579,283,403,561
00002372.jpg,387,29,579,282,382,555
00002373.jpg,388,29,580,282,363,552
00002374.jpg,388,29,580,282,349,552
00002375.jpg,388,29,580,282,334,550
00002376.jpg,389,29,581,282,327,547
00002377.jpg,389,29,581,282,325,546
00002378.jpg,396,28,590,264,322,543
00002379.jpg,396,28,590,264,317,541
00002380.jpg,396,28,590,264,317,537
00002381.jpg,396,28,590,264,315,534
00002382.jpg,402,29,595,250,316,530
00002383.jpg,402,29,595,250,315,528
00002384.jpg,403,29,596,250,316,525
00002385.jpg,403,30,596,251,321,522
00002386.jpg,403,30,596,251,323,519
00002387.jpg,415,33,608,254,326,515
00002388.jpg,417,34,610,255,330,510
00002389.jpg,427,38,620,259,333,509
00002390.jpg,431,41,624,262,334,501
00002391.jpg,432,44,626,271,337,499
00002392.jpg,437,58,621,271,344,498
00002393.jpg,437,58,621,271,350,500
00002394.jpg,437,60,621,273,352,502
00002395.jpg,445,70,620,282,356,503
00002396.jpg,445,70,620,282,357,505
00002397.jpg,445,72,620,284,362,509
00002398.jpg,455,88,628,293,365,512
00002399.jpg,455,88,628,293,364,514
00002400.jpg,455,89,628,294,363,517
00002401.jpg,455,91,628,296,363,521
00002402.jpg,454,92,627,297,363,517
00002403.jpg,453,92,626,297,363,522
00002404.jpg,452,93,625,298,360,525
00002405.jpg,462,102,622,304,359,525
00002406.jpg,462,102,622,304,359,526
00002407.jpg,461,102,621,304,357,526
00002408.jpg,461,102,621,304,357,525
00002409.jpg,461,103,621,305,354,526
00002410.jpg,460,103,620,305,350,527
00002411.jpg,459,103,619,305,350,527
00002412.jpg,459,104,619,306,350,527
00002413.jpg,462,105,622,307,348,531
00002414.jpg,464,106,624,308,349,531
00002415.jpg,464,106,624,308,349,532
00002416.jpg,467,107,627,309,350,532
00002417.jpg,467,107,627,309,353,537
00002418.jpg,470,108,630,310,351,541
00002419.jpg,471,108,631,310,351,541
00002420.jpg,471,107,631,309,354,545
00002421.jpg,469,105,627,323,356,545
00002422.jpg,469,105,627,323,359,546
00002423.jpg,469,104,627,322,361,547
00002424.jpg,470,103,628,321,361,549
00002425.jpg,470,102,628,320,362,554
00002426.jpg,471,101,629,319,362,554
00002427.jpg,471,100,629,318,362,556
00002428.jpg,471,98,629,316,362,556
00002429.jpg,473,96,638,310,363,556
00002430.jpg,473,96,638,310,363,556
00002431.jpg,472,94,637,308,363,556
00002432.jpg,472,93,637,307,361,556
00002433.jpg,471,91,636,305,357,556
00002434.jpg,468,89,633,303,356,557
00002435.jpg,466,87,631,301,355,558
00002436.jpg,463,85,628,299,353,559
00002437.jpg,461,83,626,297,352,559
00002438.jpg,456,80,621,294,348,562
00002439.jpg,452,82,617,296,344,566
00002440.jpg,450,82,615,296,341,571
00002441.jpg,447,81,612,295,339,574
00002442.jpg,445,79,617,304,339,574
00002443.jpg,445,79,617,304,340,577
00002444.jpg,445,78,617,303,341,582
00002445.jpg,444,77,616,302,341,582
00002446.jpg,440,76,612,301,339,586
00002447.jpg,439,76,611,301,339,585
00002448.jpg,437,75,609,300,339,584
00002449.jpg,436,75,608,300,339,584
00002450.jpg,436,74,608,299,337,584
00002451.jpg,435,77,607,302,344,590
00002452.jpg,433,81,605,306,348,595
00002453.jpg,433,83,605,308,350,598
00002454.jpg,432,86,604,311,353,603
00002455.jpg,431,87,603,312,358,605
00002456.jpg,431,88,603,313,361,606
00002457.jpg,431,92,603,317,363,606
00002458.jpg,431,93,603,318,367,607
00002459.jpg,432,94,604,319,370,608
00002460.jpg,433,96,605,321,370,611
00002461.jpg,434,97,606,322,375,612
00002462.jpg,435,98,607,323,377,613
00002463.jpg,436,98,608,323,377,617
00002464.jpg,438,98,610,323,377,617
00002465.jpg,439,99,611,324,375,617
00002466.jpg,441,99,613,324,374,621
00002467.jpg,442,98,614,323,374,622
00002468.jpg,444,97,616,322,371,621
00002469.jpg,446,96,618,321,372,620
00002470.jpg,447,95,619,320,374,618
00002471.jpg,448,93,620,318,372,617
00002472.jpg,449,91,621,316,371,616
00002473.jpg,451,90,623,315,371,616
00002474.jpg,452,89,624,314,374,615
00002475.jpg,453,88,625,313,373,615
00002476.jpg,454,87,626,312,373,615
00002477.jpg,455,86,627,311,373,615
00002478.jpg,457,84,629,309,373,615
00002479.jpg,459,83,631,308,373,615
00002480.jpg,460,83,632,308,373,615
00002481.jpg,462,82,634,307,372,614
00002482.jpg,464,82,636,307,371,611
00002483.jpg,466,81,638,306,370,608
00002484.jpg,468,80,640,305,374,606
00002485.jpg,469,78,641,303,374,602
00002486.jpg,471,75,643,300,376,603
00002487.jpg,472,74,644,299,376,604
00002488.jpg,474,72,646,297,377,604
00002489.jpg,475,71,647,296,379,603
00002490.jpg,476,70,648,295,384,598
00002491.jpg,477,66,649,291,386,593
00002492.jpg,478,65,650,290,385,591
00002493.jpg,478,64,650,289,387,590
00002494.jpg,479,63,651,288,387,590
00002495.jpg,479,62,651,287,387,589
00002496.jpg,480,62,652,287,386,589
00002497.jpg,481,62,653,287,386,587
00002498.jpg,481,61,653,286,387,584
00002499.jpg,482,61,654,286,387,584
00002500.jpg,483,61,655,286,391,584
00002501.jpg,484,60,656,285,391,580
00002502.jpg,485,60,657,285,391,580
00002503.jpg,485,60,657,285,391,580
00002504.jpg,486,60,658,285,391,580
00002505.jpg,487,61,659,286,391,580
00002506.jpg,487,61,659,286,391,580
00002507.jpg,488,61,660,286,391,580
00002508.jpg,488,61,660,286,391,580
00002509.jpg,488,62,660,287,391,580
00002510.jpg,488,62,660,287,392,580
00002511.jpg,488,62,660,287,393,580
00002512.jpg,488,63,660,288,393,580
00002513.jpg,488,63,660,288,393,583
00002514.jpg,488,63,660,288,395,583
00002515.jpg,487,67,659,292,395,583
00002516.jpg,487,67,659,292,395,585
00002517.jpg,487,68,659,293,395,587
00002518.jpg,486,69,658,294,395,587
00002519.jpg,485,70,657,295,396,589
00002520.jpg,484,70,656,295,396,591
00002521.jpg,484,70,656,295,394,589
00002522.jpg,483,71,655,296,396,589
00002523.jpg,482,71,654,296,396,589
00002524.jpg,481,70,653,295,396,589
00002525.jpg,481,70,653,295,396,589
00002526.jpg,480,70,652,295,395,589
00002527.jpg,479,69,651,294,395,589
00002528.jpg,478,69,650,294,395,589
00002529.jpg,478,69,650,294,395,588
00002530.jpg,477,68,649,293,395,587
00002531.jpg,476,68,648,293,395,587
00002532.jpg,476,68,648,293,395,587
00002533.jpg,476,68,648,293,395,587
00002534.jpg,476,68,648,293,395,587
00002535.jpg,476,68,648,293,395,587
00002536.jpg,476,68,648,293,395,587
00002537.jpg,476,68,648,293,395,587
00002538.jpg,477,69,649,294,395,587
00002539.jpg,477,69,649,294,395,587
00002540.jpg,476,74,648,299,395,587
00002541.jpg,469,72,641,293,394,588
00002542.jpg,469,72,641,293,393,588
00002543.jpg,469,72,641,293,390,588
00002544.jpg,470,73,642,294,390,588
00002545.jpg,470,73,642,294,390,591
00002546.jpg,470,73,642,294,391,594
00002547.jpg,471,73,643,294,392,594
00002548.jpg,471,73,643,294,393,594
00002549.jpg,472,74,644,295,395,595
00002550.jpg,472,74,644,295,395,595
00002551.jpg,472,74,644,295,393,595
00002552.jpg,473,73,645,294,393,595
00002553.jpg,473,73,645,294,393,595
00002554.jpg,474,73,646,294,392,595
00002555.jpg,474,74,646,295,392,595
00002556.jpg,477,72,649,293,393,595
00002557.jpg,478,72,650,293,393,595
00002558.jpg,479,72,651,293,393,601
00002559.jpg,480,73,652,294,396,601
00002560.jpg,481,73,653,294,396,601
00002561.jpg,482,74,654,295,396,603
00002562.jpg,483,74,655,295,396,605
00002563.jpg,483,74,655,295,398,606
00002564.jpg,484,74,656,295,401,606
00002565.jpg,484,75,656,296,402,606
00002566.jpg,484,75,656,296,402,606
00002567.jpg,484,76,656,297,402,606
00002568.jpg,484,76,656,297,404,606
00002569.jpg,483,76,655,297,405,607
00002570.jpg,483,76,655,297,407,608
00002571.jpg,483,77,655,298,407,608
00002572.jpg,483,77,655,298,408,608
00002573.jpg,483,77,655,298,408,608
00002574.jpg,483,77,655,298,410,608
00002575.jpg,483,77,655,298,413,608
00002576.jpg,483,77,655,298,413,608
00002577.jpg,483,77,655,298,416,608
00002578.jpg,483,77,655,298,416,608
00002579.jpg,482,78,654,299,416,608
00002580.jpg,482,78,654,299,418,608
00002581.jpg,480,78,652,299,418,607
00002582.jpg,480,78,652,299,416,607
00002583.jpg,480,78,652,299,418,607
00002584.jpg,480,78,652,299,419,607
00002585.jpg,480,78,652,299,421,607
00002586.jpg,480,78,652,299,421,607
00002587.jpg,481,78,653,299,423,608
00002588.jpg,481,77,653,298,423,608
00002589.jpg,479,77,651,298,426,608
00002590.jpg,478,77,650,298,429,607
00002591.jpg,478,77,650,298,431,607
00002592.jpg,478,77,650,298,434,605
00002593.jpg,478,77,650,298,434,605
00002594.jpg,478,77,650,298,436,604
00002595.jpg,478,77,650,298,436,604
00002596.jpg,478,77,650,298,436,604
00002597.jpg,478,78,650,299,436,604
00002598.jpg,478,78,650,299,436,604
00002599.jpg,478,79,650,300,437,604
00002600.jpg,478,79,650,300,437,604
00002601.jpg,478,80,650,301,437,604
00002602.jpg,478,80,650,301,438,604
00002603.jpg,479,81,651,302,438,605
00002604.jpg,479,79,651,300,438,606
00002605.jpg,479,79,651,300,438,606
00002606.jpg,474,77,644,300,438,609
00002607.jpg,474,77,644,300,440,611
00002608.jpg,474,77,644,300,442,612
00002609.jpg,474,78,644,301,444,613
00002610.jpg,474,78,644,301,446,613
00002611.jpg,474,78,644,301,447,613
00002612.jpg,474,79,644,302,447,614
00002613.jpg,473,80,643,303,450,616
00002614.jpg,473,81,643,304,451,618
00002615.jpg,472,82,642,305,451,618
00002616.jpg,472,82,642,305,453,620
00002617.jpg,471,83,641,306,453,622
00002618.jpg,471,84,641,307,457,624
00002619.jpg,471,85,641,308,457,624
00002620.jpg,471,85,641,308,460,625
00002621.jpg,468,86,638,309,463,628
00002622.jpg,468,86,638,309,467,630
00002623.jpg,468,87,638,310,470,633
00002624.jpg,468,87,638,310,474,636
00002625.jpg,469,87,639,310,473,636
00002626.jpg,468,87,638,310,477,634
00002627.jpg,468,88,638,311,479,635
00002628.jpg,467,88,637,311,478,634
00002629.jpg,467,89,637,312,479,632
00002630.jpg,467,89,637,312,481,632
00002631.jpg,470,88,640,311,480,632
00002632.jpg,470,88,640,311,480,632
00002633.jpg,471,89,641,312,480,632
00002634.jpg,471,89,641,312,480,632
00002635.jpg,478,90,657,311,480,632
00002636.jpg,478,90,657,311,480,632
00002637.jpg,479,91,658,312,480,632
00002638.jpg,480,91,659,312,480,632
00002639.jpg,480,92,659,313,478,632
00002640.jpg,481,92,660,313,478,632
00002641.jpg,482,93,661,314,478,632
00002642.jpg,482,93,661,314,478,631
00002643.jpg,483,93,662,314,478,634
00002644.jpg,483,93,662,314,477,634
00002645.jpg,484,94,663,315,477,634
00002646.jpg,484,94,663,315,477,635
00002647.jpg,484,94,663,315,477,636
00002648.jpg,485,94,664,315,477,636
00002649.jpg,485,94,664,315,477,636
00002650.jpg,485,94,664,315,477,636
00002651.jpg,485,94,664,315,477,634
00002652.jpg,485,93,664,314,477,633
00002653.jpg,485,93,664,314,477,631
00002654.jpg,484,93,663,314,477,629
00002655.jpg,484,93,663,314,476,629
00002656.jpg,484,94,663,315,476,629
00002657.jpg,484,94,663,315,474,628
00002658.jpg,484,94,663,315,474,628
00002659.jpg,484,94,663,315,474,628
00002660.jpg,484,95,663,316,474,628
00002661.jpg,484,95,663,316,474,627
00002662.jpg,484,96,663,317,474,627
00002663.jpg,484,96,663,317,474,627
00002664.jpg,484,96,663,317,474,627
00002665.jpg,483,96,662,317,474,627
00002666.jpg,483,96,662,317,474,627
00002667.jpg,483,96,662,317,474,627
00002668.jpg,483,96,662,317,474,627
00002669.jpg,483,96,662,317,474,627
00002670.jpg,483,96,662,317,474,627
00002671.jpg,482,96,661,317,474,627
00002672.jpg,482,96,661,317,473,628
00002673.jpg,482,96,661,317,471,630
00002674.jpg,482,96,661,317,470,631
00002675.jpg,482,96,661,317,468,631
00002676.jpg,482,97,661,318,470,632
00002677.jpg,482,97,661,318,470,632
00002678.jpg,482,97,661,318,469,632
00002679.jpg,482,97,661,318,467,632
00002680.jpg,482,97,661,318,469,632
00002681.jpg,482,97,661,318,469,631
00002682.jpg,482,97,661,318,468,631
00002683.jpg,482,97,661,318,465,630
00002684.jpg,482,97,661,318,465,630
00002685.jpg,482,97,661,318,465,630
00002686.jpg,482,97,661,318,466,628
00002687.jpg,482,97,661,318,466,628
00002688.jpg,482,97,661,318,463,628
00002689.jpg,482,97,661,318,463,628
00002690.jpg,489,98,668,319,461,628
00002691.jpg,490,98,669,319,458,628
00002692.jpg,490,98,669,319,455,628
00002693.jpg,491,98,670,319,455,628
00002694.jpg,489,98,673,322,456,628
00002695.jpg,489,98,673,322,457,630
00002696.jpg,489,98,673,322,458,631
00002697.jpg,490,98,674,322,460,631
00002698.jpg,490,98,674,322,460,631
00002699.jpg,490,98,674,322,461,631
00002700.jpg,491,98,675,322,460,632
00002701.jpg,491,98,675,322,460,632
00002702.jpg,491,98,675,322,458,632
00002703.jpg,491,98,675,322,458,628
00002704.jpg,491,97,675,321,455,625
00002705.jpg,491,97,675,321,455,624
00002706.jpg,491,96,675,320,461,620
00002707.jpg,491,96,675,320,463,616
00002708.jpg,491,95,675,319,463,616
00002709.jpg,491,94,675,318,467,614
00002710.jpg,491,94,675,318,467,614
00002711.jpg,484,89,687,333,467,614
00002712.jpg,484,89,687,333,467,614
00002713.jpg,484,89,687,333,467,614
00002714.jpg,483,88,686,332,465,617
00002715.jpg,483,87,686,331,465,618
00002716.jpg,482,87,685,331,462,621
00002717.jpg,482,86,685,330,462,622
00002718.jpg,481,85,684,329,461,623
00002719.jpg,477,70,680,318,459,627
00002720.jpg,477,70,680,318,458,627
00002721.jpg,476,69,679,317,456,629
00002722.jpg,476,69,679,317,455,629
00002723.jpg,475,69,678,317,455,629
00002724.jpg,474,69,677,317,453,629
00002725.jpg,474,68,677,316,455,629
00002726.jpg,474,68,677,316,455,629
00002727.jpg,473,68,676,316,455,629
00002728.jpg,473,68,676,316,455,629
00002729.jpg,472,68,675,316,461,625
00002730.jpg,472,67,675,315,469,623
00002731.jpg,473,63,680,310,473,620
00002732.jpg,473,63,680,310,473,620
00002733.jpg,472,63,679,310,473,620
00002734.jpg,472,63,679,310,473,620
00002735.jpg,471,62,678,309,472,620
00002736.jpg,471,62,678,309,472,620
00002737.jpg,471,62,678,309,469,620
00002738.jpg,470,62,677,309,469,620
00002739.jpg,470,62,677,309,468,620
00002740.jpg,470,62,677,309,467,621
00002741.jpg,469,62,676,309,466,622
00002742.jpg,469,63,676,310,465,622
00002743.jpg,468,63,675,310,465,622
00002744.jpg,468,63,675,310,465,620
00002745.jpg,468,64,675,311,466,620
00002746.jpg,468,64,675,311,466,620
00002747.jpg,468,64,675,311,467,617
00002748.jpg,467,65,674,312,467,617
00002749.jpg,467,65,674,312,467,617
00002750.jpg,467,65,674,312,467,618
00002751.jpg,467,65,674,312,465,618
00002752.jpg,466,65,673,312,464,618
00002753.jpg,466,65,673,312,463,618
00002754.jpg,465,65,672,312,460,618
00002755.jpg,465,65,672,312,463,617
00002756.jpg,473,71,667,318,463,616
00002757.jpg,473,71,667,318,463,615
00002758.jpg,473,71,667,318,463,612
00002759.jpg,473,71,667,318,465,608
00002760.jpg,472,71,666,318,466,606
00002761.jpg,472,70,666,317,466,602
00002762.jpg,474,78,666,329,466,600
00002763.jpg,474,78,666,329,466,598
00002764.jpg,474,78,666,329,464,596
00002765.jpg,474,78,666,329,464,594
00002766.jpg,475,78,667,329,464,590
00002767.jpg,475,78,667,329,463,586
00002768.jpg,475,78,667,329,463,584
00002769.jpg,475,78,667,329,465,583
00002770.jpg,475,78,667,329,465,583
00002771.jpg,475,78,667,329,465,583
00002772.jpg,475,78,667,329,465,583
00002773.jpg,474,79,666,330,465,582
00002774.jpg,474,79,666,330,465,583
00002775.jpg,474,79,666,330,465,586
00002776.jpg,474,79,666,330,465,586
00002777.jpg,474,80,666,331,465,588
00002778.jpg,474,80,666,331,464,590
00002779.jpg,474,80,666,331,461,592
00002780.jpg,474,80,666,331,461,592
00002781.jpg,474,80,666,331,461,592
00002782.jpg,475,81,667,332,461,592
00002783.jpg,475,81,667,332,461,591
00002784.jpg,467,79,653,332,462,590
00002785.jpg,467,79,653,332,461,588
00002786.jpg,467,79,653,332,461,587
00002787.jpg,467,79,653,332,463,587
00002788.jpg,467,80,653,333,461,587
00002789.jpg,466,80,652,333,462,590
00002790.jpg,466,81,652,334,462,590
00002791.jpg,465,82,651,335,462,590
00002792.jpg,465,83,651,336,460,598
00002793.jpg,464,84,650,337,463,598
00002794.jpg,464,85,650,338,462,600
00002795.jpg,464,86,650,339,463,599
00002796.jpg,464,87,650,340,464,600
00002797.jpg,464,87,650,340,463,599
00002798.jpg,464,88,650,341,465,600
00002799.jpg,464,88,650,341,465,600
00002800.jpg,464,88,650,341,464,604
00002801.jpg,464,88,650,341,465,607
00002802.jpg,463,88,649,341,464,607
00002803.jpg,461,88,647,341,464,607
00002804.jpg,460,88,646,341,464,607
00002805.jpg,454,87,640,340,464,607
00002806.jpg,454,87,640,340,464,607
00002807.jpg,454,87,640,340,460,607
00002808.jpg,453,87,639,340,460,607
00002809.jpg,452,86,638,339,459,606
00002810.jpg,452,86,638,339,459,606
00002811.jpg,451,86,637,339,515,381
00002812.jpg,451,86,637,339,-1,-1
00002813.jpg,447,83,622,325,-1,-1
00002814.jpg,447,83,622,325,-1,-1
00002815.jpg,447,82,622,324,-1,-1
00002816.jpg,447,82,622,324,-1,-1
00002817.jpg,448,81,623,323,-1,-1
00002818.jpg,448,80,623,322,-1,-1
00002819.jpg,449,80,624,322,-1,-1
00002820.jpg,450,79,625,321,-1,-1
00002821.jpg,450,79,625,321,-1,-1
00002822.jpg,451,78,626,320,-1,-1
00002823.jpg,452,78,627,320,-1,-1
00002824.jpg,452,77,627,319,-1,-1
00002825.jpg,453,77,628,319,-1,-1
00002826.jpg,454,76,629,318,-1,-1
00002827.jpg,455,76,630,318,-1,-1
00002828.jpg,456,76,631,318,-1,-1
00002829.jpg,456,76,631,318,-1,-1
00002830.jpg,457,76,632,318,-1,-1
00002831.jpg,457,76,632,318,-1,-1
00002832.jpg,457,76,632,318,-1,-1
00002833.jpg,457,76,632,318,-1,-1
00002834.jpg,457,76,632,318,-1,-1
00002835.jpg,457,76,632,318,-1,-1
00002836.jpg,457,76,632,318,-1,-1
00002837.jpg,457,77,632,319,-1,-1
00002838.jpg,457,77,632,319,-1,-1
00002839.jpg,457,77,632,319,-1,-1
00002840.jpg,457,77,632,319,-1,-1
00002841.jpg,457,77,632,319,-1,-1
00002842.jpg,457,77,632,319,-1,-1
00002843.jpg,457,77,632,319,-1,-1
00002844.jpg,458,77,633,319,-1,-1
00002845.jpg,458,78,633,320,-1,-1
00002846.jpg,458,78,633,320,-1,-1
00002847.jpg,459,78,634,320,-1,-1
00002848.jpg,459,78,634,320,-1,-1
00002849.jpg,459,78,634,320,-1,-1
00002850.jpg,460,78,635,320,-1,-1
00002851.jpg,460,78,635,320,-1,-1
00002852.jpg,460,78,635,320,-1,-1
00002853.jpg,461,78,636,320,-1,-1
00002854.jpg,461,78,636,320,-1,-1
00002855.jpg,461,78,636,320,-1,-1
00002856.jpg,461,78,636,320,-1,-1
00002857.jpg,460,78,635,320,-1,-1
00002858.jpg,460,78,635,320,-1,-1
00002859.jpg,460,78,635,320,-1,-1
00002860.jpg,460,78,635,320,-1,-1
00002861.jpg,459,79,634,321,-1,-1
00002862.jpg,455,88,635,315,579,390
00002863.jpg,455,88,635,315,508,564
00002864.jpg,455,88,635,315,506,565
00002865.jpg,455,88,635,315,506,566
00002866.jpg,455,88,635,315,504,561
00002867.jpg,455,88,635,315,504,559
00002868.jpg,455,88,635,315,502,557
00002869.jpg,455,88,635,315,501,554
00002870.jpg,454,88,634,315,501,554
00002871.jpg,454,88,634,315,500,552
00002872.jpg,454,88,634,315,500,552
00002873.jpg,454,87,634,314,500,552
00002874.jpg,454,87,634,314,500,552
00002875.jpg,454,87,634,314,500,552
00002876.jpg,454,87,634,314,499,552
00002877.jpg,451,91,615,325,496,554
00002878.jpg,451,91,615,325,-1,-1
00002879.jpg,451,91,615,325,-1,-1
00002880.jpg,451,91,615,325,-1,-1
00002881.jpg,451,91,615,325,-1,-1
00002882.jpg,451,91,615,325,-1,-1
00002883.jpg,452,91,616,325,-1,-1
00002884.jpg,452,90,616,324,-1,-1
00002885.jpg,452,90,616,324,-1,-1
00002886.jpg,452,89,616,323,-1,-1
00002887.jpg,452,89,616,323,-1,-1
00002888.jpg,452,89,616,323,-1,-1
00002889.jpg,452,89,616,323,-1,-1
00002890.jpg,452,88,616,322,-1,-1
00002891.jpg,452,88,616,322,-1,-1
00002892.jpg,452,88,616,322,-1,-1
00002893.jpg,453,88,617,322,-1,-1
00002894.jpg,453,88,617,322,-1,-1
00002895.jpg,453,87,617,321,-1,-1
00002896.jpg,454,87,618,321,-1,-1
00002897.jpg,454,87,618,321,-1,-1
00002898.jpg,454,87,618,321,-1,-1
00002899.jpg,454,87,618,321,-1,-1
00002900.jpg,454,86,618,320,-1,-1
00002901.jpg,453,86,617,320,-1,-1
00002902.jpg,451,86,615,320,-1,-1
00002903.jpg,450,85,614,319,-1,-1
00002904.jpg,450,85,614,319,-1,-1
00002905.jpg,450,85,614,319,-1,-1
00002906.jpg,452,85,616,319,-1,-1
00002907.jpg,453,85,617,319,-1,-1
00002908.jpg,454,85,618,319,-1,-1
00002909.jpg,454,85,618,319,-1,-1
00002910.jpg,454,85,618,319,-1,-1
00002911.jpg,453,85,617,319,492,589
00002912.jpg,453,85,617,319,492,589
00002913.jpg,452,85,616,319,492,589
00002914.jpg,452,84,616,318,484,593
00002915.jpg,452,84,616,318,482,599
00002916.jpg,452,84,616,318,482,603
00002917.jpg,452,83,616,317,479,610
00002918.jpg,452,83,616,317,479,610
00002919.jpg,452,82,616,316,479,610
00002920.jpg,452,82,616,316,479,610
00002921.jpg,452,82,616,316,479,611
00002922.jpg,452,81,616,315,479,611
00002923.jpg,453,81,617,315,479,613
00002924.jpg,453,81,617,315,479,615
00002925.jpg,451,82,630,310,479,628
00002926.jpg,451,82,630,310,478,638
00002927.jpg,451,82,630,310,477,641
00002928.jpg,452,82,631,310,477,641
00002929.jpg,452,82,631,310,475,643
00002930.jpg,452,82,631,310,475,643
00002931.jpg,452,82,631,310,475,643
00002932.jpg,452,82,631,310,475,643
00002933.jpg,452,83,631,311,475,643
00002934.jpg,452,83,631,311,474,643
00002935.jpg,452,83,631,311,472,643
00002936.jpg,453,83,632,311,472,643
00002937.jpg,453,84,632,312,464,645
00002938.jpg,453,84,632,312,460,648
00002939.jpg,453,84,632,312,459,648
00002940.jpg,453,84,632,312,457,648
00002941.jpg,453,84,632,312,455,650
00002942.jpg,453,84,632,312,454,655
00002943.jpg,453,83,632,311,454,655
00002944.jpg,453,83,632,311,454,655
00002945.jpg,453,83,632,311,448,656
00002946.jpg,453,82,632,310,448,656
00002947.jpg,453,82,632,310,448,656
00002948.jpg,453,81,632,309,447,658
00002949.jpg,453,81,632,309,447,658
00002950.jpg,453,80,632,308,447,658
00002951.jpg,454,80,633,308,447,659
00002952.jpg,454,79,633,307,447,659
00002953.jpg,454,79,633,307,447,659
00002954.jpg,455,79,634,307,447,660
00002955.jpg,455,78,634,306,450,661
00002956.jpg,455,78,634,306,458,661
00002957.jpg,456,78,635,306,459,661
00002958.jpg,463,77,642,305,460,661
00002959.jpg,464,77,643,305,460,661
00002960.jpg,465,77,644,305,467,659
00002961.jpg,466,77,645,305,467,659
00002962.jpg,466,76,645,304,467,659
00002963.jpg,467,76,646,304,467,659
00002964.jpg,468,75,647,303,467,659
00002965.jpg,468,75,647,303,467,659
00002966.jpg,469,75,648,303,467,659
00002967.jpg,469,75,648,303,467,659
00002968.jpg,469,75,648,303,467,659
00002969.jpg,469,75,648,303,467,659
00002970.jpg,469,75,648,303,467,659
00002971.jpg,470,75,649,303,467,659
00002972.jpg,470,76,649,304,467,659
00002973.jpg,470,76,649,304,467,659
00002974.jpg,471,76,650,304,467,659
00002975.jpg,471,76,650,304,467,659
00002976.jpg,471,77,650,305,467,659
00002977.jpg,472,78,651,306,467,659
00002978.jpg,472,80,651,308,467,659
00002979.jpg,473,81,652,309,467,659
00002980.jpg,473,83,652,311,467,659
00002981.jpg,474,84,653,312,467,659
00002982.jpg,473,85,652,313,467,659
00002983.jpg,473,86,652,314,467,659
00002984.jpg,473,87,652,315,467,659
00002985.jpg,473,87,652,315,470,653
00002986.jpg,473,87,652,315,470,653
00002987.jpg,472,87,651,315,472,651
00002988.jpg,472,86,651,314,474,649
00002989.jpg,471,85,650,313,474,649
00002990.jpg,471,85,650,313,474,649
00002991.jpg,470,84,649,312,474,649
00002992.jpg,470,83,649,311,474,649
00002993.jpg,470,83,649,311,477,645
00002994.jpg,470,81,649,309,477,645
00002995.jpg,470,79,649,307,477,645
00002996.jpg,470,78,649,306,477,643
00002997.jpg,470,76,649,304,478,636
00002998.jpg,470,74,649,302,479,633
00002999.jpg,470,72,649,300,479,633
00003000.jpg,470,71,649,299,479,633
00003001.jpg,470,69,649,297,479,633
00003002.jpg,469,68,648,296,473,626
00003003.jpg,469,67,648,295,473,624
00003004.jpg,469,65,648,293,473,616
00003005.jpg,468,64,647,292,473,616
00003006.jpg,469,63,648,291,473,616
00003007.jpg,469,62,648,290,473,616
00003008.jpg,469,62,648,290,475,613
00003009.jpg,470,61,649,289,477,609
00003010.jpg,470,61,649,289,477,609
00003011.jpg,470,61,649,289,477,606
00003012.jpg,470,61,649,289,477,606
00003013.jpg,470,62,649,290,477,605
00003014.jpg,469,63,648,291,477,605
00003015.jpg,469,63,648,291,478,601
00003016.jpg,468,64,647,292,480,600
00003017.jpg,468,65,647,293,480,600
00003018.jpg,467,66,646,294,480,600
00003019.jpg,466,67,645,295,480,600
00003020.jpg,465,67,644,295,480,599
00003021.jpg,464,68,643,296,480,599
00003022.jpg,462,69,641,297,480,599
00003023.jpg,460,70,639,298,480,599
00003024.jpg,459,70,638,298,480,599
00003025.jpg,458,71,637,299,474,606
00003026.jpg,458,71,637,299,474,606
00003027.jpg,458,71,637,299,474,606
00003028.jpg,458,71,637,299,474,608
00003029.jpg,458,71,637,299,474,608
00003030.jpg,457,71,636,299,470,605
00003031.jpg,457,71,636,299,468,605
00003032.jpg,458,71,637,299,467,605
00003033.jpg,458,71,637,299,467,606
00003034.jpg,458,70,637,298,467,606
00003035.jpg,458,70,637,298,467,606
00003036.jpg,458,70,637,298,467,606
00003037.jpg,458,71,637,299,467,606
00003038.jpg,457,71,636,299,467,606
00003039.jpg,457,72,636,300,467,606
00003040.jpg,457,73,636,301,467,606
00003041.jpg,457,74,636,302,467,606
00003042.jpg,456,75,635,303,467,606
00003043.jpg,455,80,634,308,467,606
00003044.jpg,455,80,634,308,467,606
00003045.jpg,455,81,634,309,467,606
00003046.jpg,454,81,633,309,467,606
00003047.jpg,454,81,633,309,467,606
00003048.jpg,454,82,633,310,467,606
00003049.jpg,454,82,633,310,467,606
00003050.jpg,454,82,633,310,467,605
00003051.jpg,454,82,633,310,467,605
00003052.jpg,453,82,632,310,467,605
00003053.jpg,453,82,632,310,467,605
00003054.jpg,453,82,632,310,467,605
00003055.jpg,452,82,631,310,467,605
00003056.jpg,452,82,631,310,467,605
00003057.jpg,452,82,631,310,467,605
00003058.jpg,452,82,631,310,467,605
00003059.jpg,451,81,630,309,469,598
00003060.jpg,451,75,630,303,470,586
00003061.jpg,451,73,630,301,478,575
00003062.jpg,448,71,627,299,478,568
00003063.jpg,448,70,627,298,478,564
00003064.jpg,448,68,627,296,478,550
00003065.jpg,449,67,628,295,477,530
00003066.jpg,449,66,628,294,477,526
00003067.jpg,450,66,629,294,474,510
00003068.jpg,450,65,629,293,472,505
00003069.jpg,451,66,630,294,467,479
00003070.jpg,451,66,630,294,464,461
00003071.jpg,451,65,630,293,474,433
00003072.jpg,451,66,630,294,492,429
00003073.jpg,452,66,631,294,502,414
00003074.jpg,452,66,631,294,-1,-1
00003075.jpg,452,67,631,295,-1,-1
00003076.jpg,453,68,632,296,-1,-1
00003077.jpg,453,69,632,297,-1,-1
00003078.jpg,454,74,626,296,-1,-1
00003079.jpg,454,74,626,296,-1,-1
00003080.jpg,454,74,626,296,-1,-1
00003081.jpg,454,74,626,296,-1,-1
00003082.jpg,454,74,626,296,-1,-1
00003083.jpg,454,74,626,296,-1,-1
00003084.jpg,454,75,626,297,-1,-1
00003085.jpg,454,75,626,297,-1,-1
00003086.jpg,455,76,627,298,-1,-1
00003087.jpg,455,76,627,298,-1,-1
00003088.jpg,455,77,627,299,-1,-1
00003089.jpg,455,77,627,299,-1,-1
00003090.jpg,455,78,627,300,-1,-1
00003091.jpg,455,78,627,300,-1,-1
00003092.jpg,454,78,626,300,-1,-1
00003093.jpg,455,79,627,301,-1,-1
00003094.jpg,455,79,627,301,-1,-1
00003095.jpg,454,79,626,301,-1,-1
00003096.jpg,454,79,626,301,-1,-1
00003097.jpg,454,79,626,301,-1,-1
00003098.jpg,454,79,626,301,-1,-1
00003099.jpg,454,79,626,301,555,398
00003100.jpg,452,86,616,306,555,398
00003101.jpg,452,86,616,306,553,398
00003102.jpg,452,86,616,306,550,398
00003103.jpg,451,86,615,306,550,398
00003104.jpg,451,86,615,306,547,398
00003105.jpg,451,86,615,306,545,396
00003106.jpg,451,86,615,306,545,396
00003107.jpg,450,85,614,305,545,396
00003108.jpg,450,85,614,305,545,396
00003109.jpg,450,85,614,305,545,396
00003110.jpg,450,84,614,304,545,396
00003111.jpg,450,83,614,303,545,396
00003112.jpg,450,83,614,303,545,396
00003113.jpg,450,82,614,302,545,396
00003114.jpg,450,81,614,301,545,396
00003115.jpg,451,81,615,301,545,396
00003116.jpg,451,80,615,300,543,395
00003117.jpg,451,79,615,299,543,393
00003118.jpg,451,78,615,298,545,390
00003119.jpg,451,78,615,298,545,390
00003120.jpg,452,77,616,297,545,388
00003121.jpg,452,77,616,297,545,388
00003122.jpg,452,76,616,296,545,388
00003123.jpg,452,76,616,296,545,388
00003124.jpg,451,75,615,295,545,386
00003125.jpg,451,75,615,295,545,386
00003126.jpg,451,75,615,295,545,386
00003127.jpg,450,75,614,295,545,385
00003128.jpg,450,75,614,295,545,383
00003129.jpg,449,75,613,295,545,383
00003130.jpg,449,75,613,295,545,383
00003131.jpg,448,74,612,294,545,383
00003132.jpg,448,74,612,294,545,383
00003133.jpg,448,74,612,294,545,383
00003134.jpg,447,73,611,293,545,383
00003135.jpg,447,73,611,293,545,383
00003136.jpg,447,72,611,292,545,381
00003137.jpg,447,72,611,292,545,380
00003138.jpg,447,71,611,291,545,379
00003139.jpg,447,71,611,291,545,379
00003140.jpg,447,70,611,290,545,378
00003141.jpg,447,70,611,290,545,378
00003142.jpg,447,69,611,289,545,376
00003143.jpg,447,69,611,289,545,375
00003144.jpg,446,68,610,288,545,375
00003145.jpg,446,67,610,287,545,375
00003146.jpg,446,67,610,287,545,373
00003147.jpg,446,67,610,287,548,369
00003148.jpg,445,67,609,287,548,369
00003149.jpg,445,67,609,287,548,369
00003150.jpg,444,67,608,287,548,369
00003151.jpg,444,68,608,288,548,369
00003152.jpg,443,68,607,288,548,369
00003153.jpg,443,68,607,288,548,369
00003154.jpg,442,68,606,288,549,366
00003155.jpg,442,69,606,289,549,366
00003156.jpg,442,69,606,289,550,365
00003157.jpg,441,69,605,289,553,364
00003158.jpg,441,69,605,289,555,363
00003159.jpg,441,69,605,289,557,363
00003160.jpg,440,69,604,289,560,361
00003161.jpg,440,69,604,289,560,361
00003162.jpg,439,68,603,288,563,361
00003163.jpg,439,68,603,288,565,360
00003164.jpg,439,68,603,288,565,360
00003165.jpg,438,68,602,288,567,360
00003166.jpg,438,68,602,288,567,360
00003167.jpg,437,67,601,287,567,360
00003168.jpg,437,67,601,287,567,360
00003169.jpg,436,67,600,287,567,360
00003170.jpg,436,67,600,287,567,360
00003171.jpg,435,67,599,287,567,360
00003172.jpg,435,67,599,287,567,360
00003173.jpg,434,67,598,287,567,360
00003174.jpg,433,66,597,286,567,360
00003175.jpg,433,66,597,286,567,360
00003176.jpg,432,66,596,286,567,360
00003177.jpg,432,66,596,286,567,360
00003178.jpg,431,66,595,286,567,360
00003179.jpg,431,66,595,286,567,360
00003180.jpg,430,66,594,286,567,360
00003181.jpg,430,66,594,286,567,360
00003182.jpg,429,65,593,285,568,359
00003183.jpg,428,65,592,285,568,359
00003184.jpg,428,65,592,285,568,359
00003185.jpg,427,65,591,285,568,359
00003186.jpg,426,65,590,285,568,358
00003187.jpg,426,65,590,285,568,358
00003188.jpg,425,65,589,285,567,358
00003189.jpg,425,65,589,285,567,358
00003190.jpg,424,65,588,285,567,358
00003191.jpg,424,65,588,285,567,358
00003192.jpg,423,65,587,285,565,356
00003193.jpg,422,64,586,284,565,356
00003194.jpg,422,64,586,284,565,356
00003195.jpg,421,64,585,284,564,356
00003196.jpg,421,64,585,284,562,356
00003197.jpg,420,64,584,284,557,356
00003198.jpg,420,64,584,284,555,356
00003199.jpg,420,64,584,284,554,356
00003200.jpg,419,64,583,284,554,356
00003201.jpg,419,64,583,284,554,356
00003202.jpg,418,64,582,284,554,356
00003203.jpg,418,64,582,284,554,356
00003204.jpg,417,63,581,283,554,356
00003205.jpg,417,64,581,284,554,356
00003206.jpg,416,63,580,283,554,356
00003207.jpg,416,63,580,283,554,356
00003208.jpg,415,63,579,283,554,356
00003209.jpg,415,63,579,283,554,356
00003210.jpg,415,63,579,283,554,356
00003211.jpg,414,63,578,283,554,356
00003212.jpg,414,63,578,283,554,356
00003213.jpg,414,63,578,283,554,356
00003214.jpg,413,63,577,283,554,356
00003215.jpg,414,65,592,289,554,356
00003216.jpg,414,65,592,289,553,355
00003217.jpg,414,65,592,289,553,355
00003218.jpg,414,65,592,289,552,354
00003219.jpg,414,65,592,289,552,354
00003220.jpg,414,65,592,289,552,354
00003221.jpg,413,64,591,288,550,353
00003222.jpg,413,64,591,288,550,353
00003223.jpg,413,64,591,288,550,353
00003224.jpg,413,64,591,288,547,353
00003225.jpg,413,63,591,287,547,353
00003226.jpg,413,63,591,287,547,353
00003227.jpg,413,63,591,287,547,353
00003228.jpg,413,63,591,287,547,353
00003229.jpg,413,62,591,286,547,353
00003230.jpg,413,62,591,286,547,353
00003231.jpg,413,62,591,286,547,353
00003232.jpg,412,61,590,285,547,353
00003233.jpg,412,61,590,285,547,353
00003234.jpg,411,60,589,284,547,353
00003235.jpg,411,60,589,284,547,353
00003236.jpg,410,59,588,283,617,366
00003237.jpg,410,59,588,283,727,393
00003238.jpg,410,59,588,283,742,393
00003239.jpg,410,59,588,283,733,393
00003240.jpg,409,58,587,282,732,393
00003241.jpg,409,58,587,282,730,393
00003242.jpg,408,58,586,282,730,393
00003243.jpg,408,58,586,282,730,393
00003244.jpg,407,57,585,281,730,393
00003245.jpg,407,57,585,281,730,393
00003246.jpg,406,57,584,281,730,393
00003247.jpg,406,57,584,281,730,393
00003248.jpg,406,57,584,281,730,393
00003249.jpg,406,58,584,282,730,393
00003250.jpg,405,57,583,281,730,395
00003251.jpg,406,58,584,282,730,396
00003252.jpg,405,58,583,282,730,396
00003253.jpg,405,58,583,282,732,396
00003254.jpg,405,58,583,282,734,396
00003255.jpg,405,58,583,282,735,396
00003256.jpg,406,60,584,284,735,396
00003257.jpg,406,61,584,285,735,396
00003258.jpg,406,62,584,286,735,396
00003259.jpg,406,62,584,286,735,396
00003260.jpg,406,63,584,287,735,396
00003261.jpg,406,63,584,287,737,396
00003262.jpg,399,55,590,286,737,396
00003263.jpg,399,55,590,286,737,396
00003264.jpg,399,55,590,286,737,396
00003265.jpg,398,55,589,286,737,396
00003266.jpg,398,56,589,287,737,396
00003267.jpg,398,56,589,287,737,396
00003268.jpg,398,56,589,287,737,396
00003269.jpg,397,55,588,286,737,396
00003270.jpg,397,55,588,286,738,398
00003271.jpg,397,55,588,286,738,398
00003272.jpg,397,55,588,286,738,398
00003273.jpg,397,55,588,286,738,398
00003274.jpg,397,55,588,286,738,398
00003275.jpg,397,55,588,286,738,398
00003276.jpg,397,55,588,286,738,398
00003277.jpg,397,55,588,286,738,398
00003278.jpg,397,56,588,287,738,398
00003279.jpg,398,56,589,287,738,398
00003280.jpg,397,56,588,287,738,398
00003281.jpg,397,56,588,287,738,398
00003282.jpg,397,56,588,287,738,398
00003283.jpg,397,56,588,287,738,398
00003284.jpg,397,57,588,288,738,398
00003285.jpg,397,57,588,288,738,398
00003286.jpg,397,57,588,288,738,398
00003287.jpg,397,57,588,288,735,398
00003288.jpg,396,58,587,289,734,400
00003289.jpg,396,58,587,289,732,403
00003290.jpg,396,58,587,289,728,406
00003291.jpg,396,59,587,290,728,406
00003292.jpg,396,59,587,290,728,406
00003293.jpg,395,59,586,290,724,408
00003294.jpg,395,59,586,290,724,408
00003295.jpg,395,60,586,291,724,408
00003296.jpg,395,60,586,291,724,408
00003297.jpg,395,60,586,291,722,411
