00003330.jpg,689,112,1009,488,504,326
00003331.jpg,689,112,1009,488,504,326
00003332.jpg,689,112,1009,488,504,326
00003333.jpg,689,112,1009,488,504,326
00003334.jpg,690,112,1010,488,504,326
00003335.jpg,691,112,1011,488,504,326
00003336.jpg,692,112,1012,488,504,325
00003337.jpg,694,113,1014,489,504,325
00003338.jpg,695,114,1015,490,504,325
00003339.jpg,696,114,1016,490,502,325
00003340.jpg,696,114,1016,490,500,324
00003341.jpg,697,113,1017,489,500,324
00003342.jpg,698,113,1018,489,500,324
00003343.jpg,699,113,1019,489,500,324
00003344.jpg,700,113,1020,489,-1,-1
00003345.jpg,700,113,1020,489,-1,-1
00003346.jpg,701,114,1021,490,-1,-1
00003347.jpg,700,115,1020,491,-1,-1
00003348.jpg,700,115,1020,491,-1,-1
00003349.jpg,699,114,1019,490,-1,-1
00003350.jpg,698,114,1018,490,-1,-1
00003351.jpg,697,113,1017,489,-1,-1
00003352.jpg,696,112,1016,488,-1,-1
00003353.jpg,695,112,1015,488,-1,-1
00003354.jpg,694,113,1014,489,-1,-1
00003355.jpg,694,113,1014,489,-1,-1
00003356.jpg,693,114,1013,490,-1,-1
00003357.jpg,692,114,1012,490,-1,-1
00003358.jpg,692,114,1012,490,-1,-1
00003359.jpg,691,114,1011,490,-1,-1
00003360.jpg,691,114,1011,490,-1,-1
00003361.jpg,691,114,1011,490,-1,-1
00003362.jpg,692,114,1012,490,-1,-1
00003363.jpg,691,114,1011,490,-1,-1
00003364.jpg,691,115,1011,491,-1,-1
00003365.jpg,690,115,1010,491,-1,-1
00003366.jpg,690,115,1010,491,-1,-1
00003367.jpg,690,115,1010,491,792,696
00003368.jpg,691,115,1011,491,717,576
00003369.jpg,692,115,1012,491,649,534
00003370.jpg,693,115,1013,491,526,322
00003371.jpg,694,115,1014,491,529,325
00003372.jpg,695,115,1015,491,534,325
00003373.jpg,696,115,1016,491,538,328
00003374.jpg,698,115,1018,491,542,328
00003375.jpg,699,115,1019,491,548,329
00003376.jpg,701,115,1021,491,552,334
00003377.jpg,703,115,1023,491,561,334
00003378.jpg,704,114,1024,490,564,334
00003379.jpg,706,114,1026,490,568,337
00003380.jpg,707,114,1027,490,668,549
00003381.jpg,707,114,1027,490,670,549
00003382.jpg,708,114,1028,490,670,550
00003383.jpg,708,115,1028,491,-1,-1
00003384.jpg,708,115,1028,491,-1,-1
00003385.jpg,708,116,1028,492,-1,-1
00003386.jpg,708,117,1028,493,-1,-1
00003387.jpg,707,118,1027,494,-1,-1
00003388.jpg,707,118,1027,494,-1,-1
00003389.jpg,706,118,1026,494,-1,-1
00003390.jpg,705,118,1025,494,-1,-1
00003391.jpg,704,117,1024,493,-1,-1
00003392.jpg,702,117,1022,493,-1,-1
00003393.jpg,701,116,1021,492,-1,-1
00003394.jpg,700,115,1020,491,-1,-1
00003395.jpg,699,115,1019,491,-1,-1
00003396.jpg,698,115,1018,491,-1,-1
00003397.jpg,698,114,1018,490,-1,-1
00003398.jpg,696,113,1016,489,-1,-1
00003399.jpg,695,113,1015,489,-1,-1
00003400.jpg,695,113,1015,489,-1,-1
00003401.jpg,695,113,1015,489,-1,-1
00003402.jpg,695,113,1015,489,-1,-1
00003403.jpg,694,113,1014,489,-1,-1
00003404.jpg,694,113,1014,489,-1,-1
00003405.jpg,694,113,1014,489,-1,-1
00003406.jpg,694,113,1014,489,-1,-1
00003407.jpg,694,113,1014,489,-1,-1
00003408.jpg,694,112,1014,488,-1,-1
00003409.jpg,694,112,1014,488,-1,-1
00003410.jpg,695,113,1015,489,-1,-1
00003411.jpg,695,113,1015,489,-1,-1
00003412.jpg,695,113,1015,489,-1,-1
00003413.jpg,695,113,1015,489,-1,-1
00003414.jpg,695,113,1015,489,-1,-1
00003415.jpg,695,114,1015,490,-1,-1
00003416.jpg,695,114,1015,490,-1,-1
00003417.jpg,695,114,1015,490,-1,-1
00003418.jpg,696,114,1016,490,-1,-1
00003419.jpg,696,114,1016,490,-1,-1
00003420.jpg,696,114,1016,490,-1,-1
00003421.jpg,696,115,1016,491,-1,-1
00003422.jpg,696,115,1016,491,-1,-1
00003423.jpg,696,115,1016,491,-1,-1
00003424.jpg,696,116,1016,492,-1,-1
00003425.jpg,696,116,1016,492,-1,-1
00003426.jpg,696,117,1016,493,-1,-1
00003427.jpg,696,118,1016,494,-1,-1
00003428.jpg,695,118,1015,494,-1,-1
00003429.jpg,695,118,1015,494,-1,-1
00003430.jpg,695,119,1015,495,-1,-1
00003431.jpg,694,119,1014,495,-1,-1
00003432.jpg,694,120,1014,496,-1,-1
00003433.jpg,694,120,1014,496,-1,-1
00003434.jpg,694,121,1014,497,-1,-1
00003435.jpg,695,121,1015,497,-1,-1
00003436.jpg,696,121,1016,497,-1,-1
00003437.jpg,697,120,1017,496,-1,-1
00003438.jpg,697,119,1017,495,-1,-1
00003439.jpg,697,118,1017,494,-1,-1
00003440.jpg,698,116,1018,492,-1,-1
00003441.jpg,698,115,1018,491,-1,-1
00003442.jpg,698,114,1018,490,-1,-1
00003443.jpg,698,114,1018,490,-1,-1
00003444.jpg,698,114,1018,490,-1,-1
00003445.jpg,698,114,1018,490,-1,-1
00003446.jpg,697,114,1017,490,-1,-1
00003447.jpg,697,114,1017,490,-1,-1
00003448.jpg,697,114,1017,490,-1,-1
00003449.jpg,697,114,1017,490,-1,-1
00003450.jpg,698,114,1018,490,-1,-1
00003451.jpg,698,113,1018,489,-1,-1
00003452.jpg,698,113,1018,489,-1,-1
00003453.jpg,699,112,1019,488,-1,-1
00003454.jpg,700,112,1020,488,-1,-1
00003455.jpg,701,112,1021,488,-1,-1
00003456.jpg,702,113,1022,489,-1,-1
00003457.jpg,703,113,1023,489,-1,-1
00003458.jpg,703,113,1023,489,-1,-1
00003459.jpg,703,113,1023,489,-1,-1
00003460.jpg,703,113,1023,489,-1,-1
00003461.jpg,703,113,1023,489,-1,-1
00003462.jpg,703,114,1023,490,-1,-1
00003463.jpg,703,114,1023,490,-1,-1
00003464.jpg,703,114,1023,490,-1,-1
00003465.jpg,703,115,1023,491,-1,-1
00003466.jpg,703,115,1023,491,-1,-1
00003467.jpg,702,115,1022,491,-1,-1
00003468.jpg,702,115,1022,491,-1,-1
00003469.jpg,702,115,1022,491,-1,-1
00003470.jpg,701,115,1021,491,-1,-1
00003471.jpg,700,114,1020,490,-1,-1
00003472.jpg,699,113,1019,489,-1,-1
00003473.jpg,698,113,1018,489,-1,-1
00003474.jpg,698,112,1018,488,-1,-1
00003475.jpg,698,112,1018,488,-1,-1
00003476.jpg,697,113,1017,489,-1,-1
00003477.jpg,697,114,1017,490,-1,-1
00003478.jpg,697,115,1017,491,-1,-1
00003479.jpg,697,115,1017,491,-1,-1
00003480.jpg,696,115,1016,491,-1,-1
00003481.jpg,696,115,1016,491,-1,-1
00003482.jpg,696,115,1016,491,-1,-1
00003483.jpg,696,114,1016,490,-1,-1
00003484.jpg,696,114,1016,490,-1,-1
00003485.jpg,696,114,1016,490,-1,-1
00003486.jpg,697,113,1017,489,-1,-1
00003487.jpg,697,113,1017,489,-1,-1
00003488.jpg,697,113,1017,489,-1,-1
00003489.jpg,697,113,1017,489,-1,-1
00003490.jpg,697,113,1017,489,-1,-1
00003491.jpg,698,113,1018,489,-1,-1
00003492.jpg,699,113,1019,489,-1,-1
00003493.jpg,700,113,1020,489,-1,-1
00003494.jpg,700,113,1020,489,-1,-1
00003495.jpg,701,113,1021,489,-1,-1
00003496.jpg,702,113,1022,489,-1,-1
00003497.jpg,702,113,1022,489,-1,-1
00003498.jpg,702,113,1022,489,-1,-1
00003499.jpg,703,114,1023,490,-1,-1
00003500.jpg,703,114,1023,490,-1,-1
00003501.jpg,703,114,1023,490,-1,-1
00003502.jpg,703,114,1023,490,-1,-1
00003503.jpg,703,115,1023,491,-1,-1
00003504.jpg,702,115,1022,491,-1,-1
00003505.jpg,702,116,1022,492,-1,-1
00003506.jpg,701,117,1021,493,-1,-1
00003507.jpg,700,117,1020,493,-1,-1
00003508.jpg,699,117,1019,493,-1,-1
00003509.jpg,699,117,1019,493,-1,-1
00003510.jpg,698,116,1018,492,-1,-1
00003511.jpg,698,116,1018,492,-1,-1
00003512.jpg,698,115,1018,491,-1,-1
00003513.jpg,698,115,1018,491,-1,-1
00003514.jpg,699,114,1019,490,-1,-1
00003515.jpg,699,113,1019,489,-1,-1
00003516.jpg,700,112,1020,488,-1,-1
00003517.jpg,700,112,1020,488,-1,-1
00003518.jpg,701,113,1021,489,-1,-1
00003519.jpg,701,113,1021,489,-1,-1
00003520.jpg,703,113,1023,489,-1,-1
00003521.jpg,704,113,1024,489,-1,-1
00003522.jpg,704,113,1024,489,-1,-1
00003523.jpg,705,113,1025,489,-1,-1
00003524.jpg,705,113,1025,489,-1,-1
00003525.jpg,706,113,1026,489,-1,-1
00003526.jpg,707,114,1027,490,-1,-1
00003527.jpg,708,114,1028,490,-1,-1
00003528.jpg,708,114,1028,490,-1,-1
00003529.jpg,708,114,1028,490,-1,-1
00003530.jpg,709,114,1029,490,-1,-1
00003531.jpg,709,114,1029,490,-1,-1
00003532.jpg,709,114,1029,490,-1,-1
00003533.jpg,710,114,1030,490,-1,-1
00003534.jpg,710,114,1030,490,-1,-1
00003535.jpg,710,114,1030,490,-1,-1
00003536.jpg,710,113,1030,489,-1,-1
00003537.jpg,710,113,1030,489,-1,-1
00003538.jpg,710,113,1030,489,-1,-1
00003539.jpg,710,113,1030,489,-1,-1
00003540.jpg,710,113,1030,489,-1,-1
00003541.jpg,710,113,1030,489,-1,-1
00003542.jpg,710,113,1030,489,-1,-1
00003543.jpg,709,113,1029,489,-1,-1
00003544.jpg,709,113,1029,489,-1,-1
00003545.jpg,709,112,1029,488,-1,-1
00003546.jpg,708,111,1028,487,-1,-1
00003547.jpg,708,111,1028,487,-1,-1
00003548.jpg,707,111,1027,487,-1,-1
00003549.jpg,707,112,1027,488,-1,-1
00003550.jpg,706,113,1026,489,-1,-1
00003551.jpg,706,113,1026,489,-1,-1
00003552.jpg,705,113,1025,489,-1,-1
00003553.jpg,705,113,1025,489,-1,-1
00003554.jpg,705,113,1025,489,-1,-1
00003555.jpg,705,112,1025,488,-1,-1
00003556.jpg,705,112,1025,488,-1,-1
00003557.jpg,705,112,1025,488,-1,-1
00003558.jpg,706,112,1026,488,-1,-1
00003559.jpg,705,112,1025,488,-1,-1
00003560.jpg,705,112,1025,488,-1,-1
00003561.jpg,705,112,1025,488,-1,-1
00003562.jpg,705,112,1025,488,-1,-1
00003563.jpg,705,112,1025,488,-1,-1
00003564.jpg,705,112,1025,488,-1,-1
00003565.jpg,705,112,1025,488,-1,-1
00003566.jpg,705,112,1025,488,-1,-1
00003567.jpg,706,112,1026,488,-1,-1
00003568.jpg,706,112,1026,488,-1,-1
00003569.jpg,706,112,1026,488,-1,-1
00003570.jpg,706,112,1026,488,-1,-1
00003571.jpg,706,112,1026,488,-1,-1
00003572.jpg,706,112,1026,488,-1,-1
00003573.jpg,706,113,1026,489,-1,-1
00003574.jpg,707,113,1027,489,-1,-1
00003575.jpg,704,113,1024,489,1201,396
00003576.jpg,703,113,1023,489,1204,397
00003577.jpg,702,113,1022,489,1204,397
00003578.jpg,701,113,1021,489,1204,401
00003579.jpg,700,113,1020,489,1204,401
00003580.jpg,699,114,1019,490,1204,401
00003581.jpg,698,114,1018,490,1204,401
00003582.jpg,697,114,1017,490,1204,401
00003583.jpg,696,115,1016,491,1204,401
00003584.jpg,696,114,1016,490,1204,401
00003585.jpg,696,114,1016,490,1204,401
00003586.jpg,697,114,1017,490,1204,401
00003587.jpg,697,113,1017,489,1204,401
00003588.jpg,698,112,1018,488,1204,401
00003589.jpg,698,112,1018,488,1204,401
00003590.jpg,698,112,1018,488,1204,401
00003591.jpg,699,112,1019,488,1204,401
00003592.jpg,700,112,1020,488,1204,401
00003593.jpg,700,112,1020,488,1204,401
00003594.jpg,701,112,1021,488,1204,401
00003595.jpg,702,113,1022,489,1204,401
00003596.jpg,703,113,1023,489,1204,401
00003597.jpg,704,112,1024,488,1205,401
00003598.jpg,705,112,1025,488,1209,401
00003599.jpg,707,112,1027,488,1209,401
00003600.jpg,707,112,1027,488,1209,401
00003601.jpg,707,112,1027,488,1210,401
00003602.jpg,707,112,1027,488,1212,401
00003603.jpg,708,113,1028,489,1212,401
00003604.jpg,707,113,1027,489,1209,409
00003605.jpg,707,112,1027,488,1206,413
00003606.jpg,707,112,1027,488,1204,414
00003607.jpg,707,112,1027,488,1204,416
00003608.jpg,707,112,1027,488,866,525
00003609.jpg,707,112,1027,488,865,525
00003610.jpg,707,113,1027,489,866,522
00003611.jpg,707,113,1027,489,862,522
00003612.jpg,707,113,1027,489,861,522
00003613.jpg,707,113,1027,489,860,522
00003614.jpg,707,113,1027,489,861,522
00003615.jpg,707,112,1027,488,860,524
00003616.jpg,707,112,1027,488,861,524
00003617.jpg,707,112,1027,488,860,520
00003618.jpg,708,111,1028,487,862,521
00003619.jpg,708,111,1028,487,860,521
00003620.jpg,709,110,1029,486,858,521
00003621.jpg,710,110,1030,486,860,521
00003622.jpg,711,111,1031,487,857,521
00003623.jpg,711,111,1031,487,858,521
00003624.jpg,712,112,1032,488,857,521
00003625.jpg,712,113,1032,489,858,520
00003626.jpg,713,113,1033,489,856,520
00003627.jpg,713,113,1033,489,857,520
00003628.jpg,714,113,1034,489,854,520
00003629.jpg,714,112,1034,488,856,520
00003630.jpg,715,112,1035,488,856,520
00003631.jpg,715,112,1035,488,857,520
00003632.jpg,715,111,1035,487,856,520
00003633.jpg,715,111,1035,487,856,520
00003634.jpg,715,111,1035,487,858,521
00003635.jpg,715,110,1035,486,-1,-1
00003636.jpg,714,110,1034,486,-1,-1
00003637.jpg,713,109,1033,485,-1,-1
00003638.jpg,712,108,1032,484,-1,-1
00003639.jpg,712,108,1032,484,-1,-1
00003640.jpg,711,107,1031,483,-1,-1
00003641.jpg,707,107,1027,483,-1,-1
00003642.jpg,706,107,1026,483,-1,-1
00003643.jpg,706,107,1026,483,1194,406
00003644.jpg,706,107,1026,483,1196,406
00003645.jpg,709,107,1029,483,1197,404
00003646.jpg,709,107,1029,483,1200,397
00003647.jpg,708,108,1028,484,1202,398
00003648.jpg,708,108,1028,484,1208,404
00003649.jpg,705,108,1025,484,1208,404
00003650.jpg,707,107,1027,483,1210,405
00003651.jpg,707,107,1027,483,1216,405
00003652.jpg,707,107,1027,483,1218,405
00003653.jpg,706,107,1026,483,1220,406
00003654.jpg,706,108,1026,484,1220,406
00003655.jpg,706,108,1026,484,1221,406
00003656.jpg,706,108,1026,484,1221,406
00003657.jpg,705,107,1025,483,1222,408
00003658.jpg,705,107,1025,483,1222,408
00003659.jpg,705,108,1025,484,1222,408
00003660.jpg,704,108,1024,484,1222,408
00003661.jpg,704,108,1024,484,1222,408
00003662.jpg,704,109,1024,485,1226,408
00003663.jpg,704,109,1024,485,1226,408
00003664.jpg,704,109,1024,485,1226,408
00003665.jpg,704,109,1024,485,1226,408
00003666.jpg,704,109,1024,485,1226,408
00003667.jpg,705,109,1025,485,1226,408
00003668.jpg,705,109,1025,485,1220,408
00003669.jpg,705,109,1025,485,1221,408
00003670.jpg,705,109,1025,485,1222,408
00003671.jpg,705,109,1025,485,1222,408
00003672.jpg,705,109,1025,485,1222,408
00003673.jpg,705,109,1025,485,1222,408
00003674.jpg,705,108,1025,484,1220,414
00003675.jpg,706,108,1026,484,1217,422
00003676.jpg,706,107,1026,483,1213,425
00003677.jpg,707,107,1027,483,1206,418
00003678.jpg,707,106,1027,482,1200,401
00003679.jpg,707,106,1027,482,1200,401
00003680.jpg,708,106,1028,482,1200,401
00003681.jpg,708,105,1028,481,1200,400
00003682.jpg,708,104,1028,480,1200,400
00003683.jpg,709,103,1029,479,1198,401
00003684.jpg,710,103,1030,479,1202,404
00003685.jpg,710,103,1030,479,1202,404
00003686.jpg,710,102,1030,478,1202,404
00003687.jpg,711,102,1031,478,1202,404
00003688.jpg,711,102,1031,478,1202,404
00003689.jpg,711,102,1031,478,1202,404
00003690.jpg,711,101,1031,477,1202,404
00003691.jpg,711,100,1031,476,1202,404
00003692.jpg,712,100,1032,476,1202,404
00003693.jpg,712,99,1032,475,1202,404
00003694.jpg,712,98,1032,474,1202,404
00003695.jpg,712,98,1032,474,1204,404
00003696.jpg,712,97,1032,473,1204,402
00003697.jpg,712,97,1032,473,1202,401
00003698.jpg,712,97,1032,473,1202,401
00003699.jpg,712,96,1032,472,1202,400
00003700.jpg,711,96,1031,472,1202,400
00003701.jpg,711,96,1031,472,1202,397
00003702.jpg,710,95,1030,471,1200,396
00003703.jpg,709,94,1029,470,1198,393
00003704.jpg,709,93,1029,469,1198,393
00003705.jpg,708,93,1028,469,1198,393
00003706.jpg,707,93,1027,469,1198,393
00003707.jpg,707,92,1027,468,1198,392
00003708.jpg,708,92,1028,468,1198,392
00003709.jpg,708,92,1028,468,1197,392
00003710.jpg,708,92,1028,468,1198,389
