00004945.jpg,432,0,641,200,-1,-1
00004946.jpg,432,0,641,200,-1,-1
00004947.jpg,432,0,641,200,-1,-1
00004948.jpg,432,0,641,200,-1,-1
00004949.jpg,428,0,637,200,-1,-1
00004950.jpg,425,0,634,200,-1,-1
00004951.jpg,423,0,632,200,-1,-1
00004952.jpg,423,0,632,200,-1,-1
00004953.jpg,421,1,630,201,-1,-1
00004954.jpg,418,0,627,198,-1,-1
00004955.jpg,415,0,629,201,-1,-1
00004956.jpg,415,0,628,199,-1,-1
00004957.jpg,415,0,628,199,-1,-1
00004958.jpg,417,1,626,197,-1,-1
00004959.jpg,419,4,623,194,-1,-1
00004960.jpg,418,4,624,194,-1,-1
00004961.jpg,418,4,625,194,-1,-1
00004962.jpg,418,4,625,195,-1,-1
00004963.jpg,417,3,626,196,-1,-1
00004964.jpg,416,2,626,198,-1,-1
00004965.jpg,416,3,627,199,-1,-1
00004966.jpg,415,0,634,202,-1,-1
00004967.jpg,415,0,634,202,-1,-1
00004968.jpg,416,0,634,201,-1,-1
00004969.jpg,417,0,639,204,969,702
00004970.jpg,421,0,642,202,969,701
00004971.jpg,439,8,648,208,969,701
00004972.jpg,439,8,648,208,969,701
00004973.jpg,442,8,651,208,969,701
00004974.jpg,445,8,654,208,972,700
00004975.jpg,446,6,655,206,1020,624
00004976.jpg,446,6,655,206,1040,548
