00004945.jpg,209,175,576,542,-1,-1
00004946.jpg,209,175,576,542,-1,-1
00004947.jpg,209,175,576,542,-1,-1
00004948.jpg,209,175,576,542,-1,-1
00004949.jpg,202,173,569,540,-1,-1
00004950.jpg,192,172,559,539,-1,-1
00004951.jpg,182,174,549,541,-1,-1
00004952.jpg,182,174,549,541,-1,-1
00004953.jpg,157,168,529,535,1154,168
00004954.jpg,147,165,513,525,1052,441
00004955.jpg,133,163,499,522,1022,512
00004956.jpg,119,161,485,520,1021,512
00004957.jpg,119,161,485,520,1022,513
00004958.jpg,104,161,470,520,1020,513
00004959.jpg,92,159,458,518,1020,513
00004960.jpg,83,156,449,515,1020,513
00004961.jpg,75,153,441,512,1018,513
00004962.jpg,75,153,441,512,1017,513
00004963.jpg,67,150,433,509,1008,520
00004964.jpg,61,149,427,508,1032,436
00004965.jpg,57,150,423,509,1034,437
00004966.jpg,58,150,424,509,1037,434
00004967.jpg,58,150,424,509,1037,434
00004968.jpg,62,151,428,510,1037,434
00004969.jpg,67,151,433,510,1044,436
00004970.jpg,74,150,440,509,1050,436
00004971.jpg,81,149,447,508,1050,436
00004972.jpg,81,149,447,508,1053,436
00004973.jpg,88,149,454,508,1053,436
00004974.jpg,94,149,460,508,1053,436
00004975.jpg,98,148,464,507,1061,440
00004976.jpg,98,148,464,507,1061,440
