00042704.jpg,326,166,396,238,295,224
00042705.jpg,326,166,396,238,295,224
00042706.jpg,326,166,396,238,296,222
00042707.jpg,326,166,396,238,297,221
00042708.jpg,326,166,396,238,297,221
00042709.jpg,326,165,396,237,297,220
00042710.jpg,326,165,396,237,300,218
00042711.jpg,326,165,396,237,300,218
00042712.jpg,325,165,395,237,301,220
00042713.jpg,324,165,394,237,301,220
00042714.jpg,323,165,393,237,300,224
00042715.jpg,323,166,393,238,300,224
00042716.jpg,322,166,392,238,300,224
00042717.jpg,322,167,392,239,298,227
00042718.jpg,323,167,393,239,298,227
00042719.jpg,323,167,393,239,298,227
00042720.jpg,324,167,394,239,298,227
00042721.jpg,325,167,395,239,296,225
00042722.jpg,325,167,395,239,296,225
00042723.jpg,326,167,396,239,295,225
00042724.jpg,327,167,397,239,295,225
00042725.jpg,328,167,398,239,295,225
00042726.jpg,328,166,398,238,295,224
00042727.jpg,329,166,399,238,295,224
00042728.jpg,331,166,401,238,295,224
00042729.jpg,331,166,401,238,295,224
00042730.jpg,332,166,402,238,295,224
00042731.jpg,332,166,402,238,295,224
00042732.jpg,332,167,402,239,295,224
00042733.jpg,332,167,402,239,295,224
00042734.jpg,332,167,402,239,295,224
00042735.jpg,332,167,402,239,295,224
00042736.jpg,332,167,402,239,295,224
00042737.jpg,332,167,402,239,295,224
00042738.jpg,332,167,402,239,295,224
00042739.jpg,332,167,402,239,295,224
00042740.jpg,332,167,402,239,295,224
00042741.jpg,332,166,402,238,295,224
00042742.jpg,332,166,402,238,295,224
00042743.jpg,332,166,402,238,295,224
00042744.jpg,332,166,402,238,295,224
00042745.jpg,332,166,402,238,295,224
00042746.jpg,332,166,402,238,295,224
00042747.jpg,332,166,402,238,295,224
00042748.jpg,332,166,402,238,295,224
00042749.jpg,332,166,402,238,295,224
00042750.jpg,332,165,402,237,295,224
00042751.jpg,332,165,402,237,296,226
00042752.jpg,332,163,402,235,296,227
00042753.jpg,332,163,402,235,296,227
00042754.jpg,331,161,401,233,296,227
00042755.jpg,331,161,401,233,296,227
00042756.jpg,330,161,400,233,296,227
00042757.jpg,330,161,400,233,296,227
00042758.jpg,330,162,400,234,296,227
00042759.jpg,329,161,399,233,296,227
00042760.jpg,329,161,399,233,296,227
00042761.jpg,329,161,399,233,296,227
00042762.jpg,329,162,399,234,296,227
00042763.jpg,329,162,399,234,296,227
00042764.jpg,329,162,399,234,296,227
00042765.jpg,329,162,399,234,296,227
00042766.jpg,329,162,399,234,296,227
00042767.jpg,329,162,399,234,296,227
00042768.jpg,329,163,399,235,296,228
00042769.jpg,329,163,399,235,297,228
00042770.jpg,329,163,399,235,297,228
00042771.jpg,330,164,400,236,297,228
00042772.jpg,330,164,400,236,297,227
00042773.jpg,330,163,400,235,297,227
00042774.jpg,331,164,401,236,297,227
00042775.jpg,331,163,401,235,295,227
00042776.jpg,331,163,401,235,-1,-1
00042777.jpg,326,164,395,233,-1,-1
00042778.jpg,326,164,395,233,-1,-1
00042779.jpg,327,164,396,233,-1,-1
00042780.jpg,329,163,398,232,-1,-1
00042781.jpg,331,163,400,232,-1,-1
00042782.jpg,332,163,401,232,-1,-1
00042783.jpg,333,162,402,231,-1,-1
00042784.jpg,333,162,402,231,-1,-1
00042785.jpg,334,162,403,231,-1,-1
00042786.jpg,333,163,402,232,-1,-1
00042787.jpg,333,163,402,232,-1,-1
00042788.jpg,333,163,402,232,-1,-1
00042789.jpg,334,163,403,232,-1,-1
00042790.jpg,334,163,403,232,-1,-1
00042791.jpg,334,163,403,232,-1,-1
00042792.jpg,334,163,403,232,-1,-1
00042793.jpg,334,163,403,232,-1,-1
00042794.jpg,334,163,403,232,-1,-1
00042795.jpg,334,163,403,232,-1,-1
00042796.jpg,334,163,403,232,-1,-1
00042797.jpg,334,163,403,232,-1,-1
00042798.jpg,334,163,403,232,-1,-1
00042799.jpg,334,163,403,232,-1,-1
00042800.jpg,334,164,403,233,-1,-1
00042801.jpg,334,164,403,233,-1,-1
00042802.jpg,334,164,403,233,-1,-1
00042803.jpg,334,164,403,233,-1,-1
00042804.jpg,335,164,404,233,-1,-1
00042805.jpg,335,165,404,234,-1,-1
00042806.jpg,336,166,405,235,-1,-1
00042807.jpg,336,167,405,236,-1,-1
00042808.jpg,331,171,401,244,-1,-1
00042809.jpg,331,171,401,244,-1,-1
00042810.jpg,331,171,401,244,-1,-1
00042811.jpg,332,171,402,244,-1,-1
00042812.jpg,332,171,402,244,-1,-1
00042813.jpg,332,171,402,244,-1,-1
00042814.jpg,333,171,403,244,-1,-1
00042815.jpg,333,171,403,244,-1,-1
00042816.jpg,334,171,404,244,-1,-1
00042817.jpg,335,171,405,244,-1,-1
00042818.jpg,335,171,405,244,-1,-1
00042819.jpg,336,171,406,244,-1,-1
00042820.jpg,337,171,407,244,-1,-1
00042821.jpg,337,171,407,244,-1,-1
00042822.jpg,337,171,407,244,-1,-1
00042823.jpg,337,171,407,244,-1,-1
00042824.jpg,337,171,407,244,-1,-1
00042825.jpg,337,171,407,244,-1,-1
00042826.jpg,337,171,407,244,-1,-1
00042827.jpg,337,170,407,243,-1,-1
00042828.jpg,337,171,407,244,-1,-1
00042829.jpg,337,171,407,244,-1,-1
00042830.jpg,337,171,407,244,-1,-1
00042831.jpg,336,171,406,244,-1,-1
00042832.jpg,336,171,406,244,-1,-1
00042833.jpg,336,171,406,244,-1,-1
00042834.jpg,336,171,406,244,-1,-1
00042835.jpg,336,171,406,244,-1,-1
00042836.jpg,335,171,405,244,-1,-1
00042837.jpg,335,171,405,244,-1,-1
00042838.jpg,335,171,405,244,-1,-1
00042839.jpg,335,171,405,244,-1,-1
00042840.jpg,335,171,405,244,-1,-1
00042841.jpg,335,171,405,244,-1,-1
00042842.jpg,335,171,405,244,-1,-1
00042843.jpg,335,170,405,243,-1,-1
00042844.jpg,334,170,404,243,-1,-1
00042845.jpg,334,170,404,243,-1,-1
00042846.jpg,334,170,404,243,-1,-1
00042847.jpg,334,170,404,243,-1,-1
00042848.jpg,334,170,404,243,-1,-1
00042849.jpg,334,170,404,243,-1,-1
00042850.jpg,334,170,404,243,-1,-1
00042851.jpg,334,169,404,242,-1,-1
00042852.jpg,334,169,404,242,-1,-1
00042853.jpg,334,169,404,242,-1,-1
00042854.jpg,334,170,404,243,-1,-1
00042855.jpg,333,171,403,244,-1,-1
00042856.jpg,333,171,403,244,-1,-1
00042857.jpg,333,171,403,244,-1,-1
00042858.jpg,333,170,403,243,-1,-1
00042859.jpg,333,170,403,243,-1,-1
00042860.jpg,333,171,403,244,-1,-1
00042861.jpg,333,171,403,244,-1,-1
00042862.jpg,333,171,403,244,-1,-1
00042863.jpg,333,171,403,244,-1,-1
00042864.jpg,333,171,403,244,-1,-1
00042865.jpg,333,171,403,244,-1,-1
00042866.jpg,333,171,403,244,-1,-1
00042867.jpg,333,171,403,244,-1,-1
00042868.jpg,333,171,403,244,-1,-1
00042869.jpg,333,171,403,244,-1,-1
00042870.jpg,333,172,403,245,-1,-1
00042871.jpg,334,172,404,245,-1,-1
00042872.jpg,334,172,404,245,-1,-1
00042873.jpg,334,172,404,245,-1,-1
00042874.jpg,334,172,404,245,-1,-1
00042875.jpg,334,171,404,244,-1,-1
00042876.jpg,334,171,404,244,-1,-1
00042877.jpg,334,171,404,244,-1,-1
00042878.jpg,335,170,405,243,-1,-1
00042879.jpg,335,170,405,243,-1,-1
00042880.jpg,335,170,405,243,-1,-1
00042881.jpg,335,170,405,243,-1,-1
00042882.jpg,335,170,405,243,-1,-1
00042883.jpg,335,170,405,243,-1,-1
00042884.jpg,335,170,405,243,-1,-1
00042885.jpg,335,170,405,243,-1,-1
00042886.jpg,335,170,405,243,-1,-1
00042887.jpg,335,170,405,243,-1,-1
00042888.jpg,335,170,405,243,-1,-1
00042889.jpg,335,173,405,246,-1,-1
00042890.jpg,335,172,405,245,-1,-1
00042891.jpg,335,172,405,245,-1,-1
00042892.jpg,335,172,405,245,-1,-1
00042893.jpg,336,172,406,245,-1,-1
00042894.jpg,336,172,406,245,-1,-1
00042895.jpg,336,171,406,244,-1,-1
00042896.jpg,336,172,406,245,-1,-1
00042897.jpg,336,171,406,244,-1,-1
00042898.jpg,336,172,406,245,-1,-1
00042899.jpg,336,171,406,244,-1,-1
00042900.jpg,336,171,406,244,-1,-1
00042901.jpg,337,171,407,244,-1,-1
00042902.jpg,337,172,407,245,-1,-1
00042903.jpg,337,172,407,245,-1,-1
00042904.jpg,337,172,407,245,-1,-1
00042905.jpg,337,172,407,245,-1,-1
00042906.jpg,336,171,406,244,-1,-1
00042907.jpg,336,171,406,244,-1,-1
00042908.jpg,336,171,406,244,-1,-1
00042909.jpg,336,170,406,243,-1,-1
00042910.jpg,336,170,406,243,-1,-1
00042911.jpg,337,170,407,243,-1,-1
00042912.jpg,338,170,408,243,-1,-1
00042913.jpg,338,171,408,244,-1,-1
00042914.jpg,338,171,408,244,-1,-1
00042915.jpg,339,171,409,244,-1,-1
00042916.jpg,339,171,409,244,-1,-1
00042917.jpg,339,171,409,244,-1,-1
00042918.jpg,338,171,408,244,-1,-1
00042919.jpg,338,170,408,243,-1,-1
00042920.jpg,338,171,408,244,-1,-1
00042921.jpg,338,171,408,244,-1,-1
00042922.jpg,337,171,407,244,-1,-1
00042923.jpg,336,170,406,243,-1,-1
00042924.jpg,335,170,405,243,-1,-1
00042925.jpg,334,170,404,243,-1,-1
00042926.jpg,337,172,403,241,-1,-1
00042927.jpg,337,172,403,241,-1,-1
00042928.jpg,336,172,402,241,304,228
00042929.jpg,335,173,401,242,304,228
00042930.jpg,335,173,401,242,304,228
00042931.jpg,336,174,402,243,304,228
00042932.jpg,336,174,402,243,304,228
00042933.jpg,336,174,402,243,304,228
00042934.jpg,336,175,402,244,304,228
00042935.jpg,336,175,402,244,304,228
00042936.jpg,336,175,402,244,304,228
00042937.jpg,337,175,403,244,304,228
00042938.jpg,337,175,403,244,304,228
00042939.jpg,337,175,403,244,304,228
00042940.jpg,338,174,404,243,-1,-1
00042941.jpg,338,174,404,243,-1,-1
00042942.jpg,339,174,405,243,-1,-1
00042943.jpg,340,174,406,243,-1,-1
00042944.jpg,340,174,406,243,-1,-1
00042945.jpg,341,174,407,243,-1,-1
00042946.jpg,342,174,408,243,-1,-1
00042947.jpg,342,174,408,243,-1,-1
00042948.jpg,342,174,408,243,-1,-1
00042949.jpg,342,173,408,242,-1,-1
00042950.jpg,342,173,408,242,-1,-1
00042951.jpg,342,173,408,242,-1,-1
00042952.jpg,342,172,408,241,-1,-1
00042953.jpg,342,172,408,241,-1,-1
00042954.jpg,342,172,408,241,-1,-1
00042955.jpg,342,171,408,240,-1,-1
00042956.jpg,343,170,409,239,-1,-1
00042957.jpg,343,170,409,239,-1,-1
00042958.jpg,343,170,409,239,-1,-1
00042959.jpg,343,170,409,239,-1,-1
00042960.jpg,344,170,410,239,-1,-1
00042961.jpg,344,170,410,239,-1,-1
00042962.jpg,344,170,410,239,-1,-1
00042963.jpg,343,170,409,239,-1,-1
00042964.jpg,343,171,409,240,-1,-1
00042965.jpg,343,172,409,241,-1,-1
00042966.jpg,343,173,409,242,-1,-1
00042967.jpg,344,172,410,241,-1,-1
00042968.jpg,343,172,409,241,-1,-1
00042969.jpg,343,172,409,241,-1,-1
00042970.jpg,343,172,409,241,-1,-1
00042971.jpg,342,172,408,241,-1,-1
00042972.jpg,339,173,405,242,-1,-1
00042973.jpg,336,172,402,241,-1,-1
00042974.jpg,332,171,398,240,306,229
00042975.jpg,338,168,409,245,306,229
00042976.jpg,338,168,409,245,306,229
00042977.jpg,337,169,408,246,306,229
00042978.jpg,338,169,409,246,306,229
00042979.jpg,338,169,409,246,306,229
00042980.jpg,338,170,409,247,306,229
00042981.jpg,338,170,409,247,306,229
00042982.jpg,338,170,409,247,306,229
00042983.jpg,338,169,409,246,306,229
00042984.jpg,338,169,409,246,306,229
00042985.jpg,338,168,409,245,306,229
00042986.jpg,338,168,409,245,306,229
00042987.jpg,339,168,410,245,-1,-1
00042988.jpg,339,168,410,245,-1,-1
00042989.jpg,340,169,411,246,-1,-1
00042990.jpg,340,169,411,246,-1,-1
