00000149.jpg,1484,224,1769,475,-1,-1
00000150.jpg,1480,221,1772,476,-1,-1
00000151.jpg,1480,221,1772,477,-1,-1
00000152.jpg,1480,221,1772,477,-1,-1
00000153.jpg,1478,221,1770,477,-1,-1
00000154.jpg,1472,219,1768,483,-1,-1
00000155.jpg,1476,221,1765,479,-1,-1
00000156.jpg,1475,220,1767,479,-1,-1
00000157.jpg,1479,223,1762,474,-1,-1
00000158.jpg,1480,224,1763,474,-1,-1
00000159.jpg,1479,222,1765,476,-1,-1
00000160.jpg,1478,221,1766,479,-1,-1
00000161.jpg,1478,221,1766,479,-1,-1
00000162.jpg,1478,222,1766,479,-1,-1
00000163.jpg,1476,222,1765,482,-1,-1
00000164.jpg,1479,225,1762,481,525,289
00000165.jpg,1478,229,1757,479,525,289
00000166.jpg,1478,229,1756,479,525,289
00000167.jpg,1477,229,1762,481,526,292
00000168.jpg,1480,230,1760,479,526,292
00000169.jpg,1477,228,1762,480,528,292
00000170.jpg,1477,229,1759,482,529,290
00000171.jpg,1477,229,1759,482,529,290
00000172.jpg,1475,230,1759,481,529,290
00000173.jpg,1477,233,1756,480,526,290
00000174.jpg,1482,235,1756,477,529,289
00000175.jpg,1481,236,1755,477,524,289
00000176.jpg,1481,235,1756,478,525,289
00000177.jpg,1480,234,1755,478,520,286
00000178.jpg,1480,232,1756,478,513,282
00000179.jpg,1482,232,1755,476,513,282
00000180.jpg,1480,232,1756,478,513,282
00000181.jpg,1479,231,1757,479,512,280
00000182.jpg,1479,232,1756,479,509,280
00000183.jpg,1477,233,1755,480,502,281
00000184.jpg,1480,236,1755,480,498,282
00000185.jpg,1484,237,1764,480,492,284
00000186.jpg,1483,237,1764,481,504,289
00000187.jpg,1481,236,1767,483,494,288
00000188.jpg,1479,235,1765,484,490,286
00000189.jpg,1477,233,1766,483,486,282
00000190.jpg,1473,232,1770,487,482,282
00000191.jpg,1473,232,1770,487,478,286
00000192.jpg,1472,230,1779,492,944,197
00000193.jpg,1473,234,1779,493,946,197
00000194.jpg,1474,235,1773,490,945,196
00000195.jpg,1473,236,1773,489,944,197
00000196.jpg,1472,235,1774,490,944,197
00000197.jpg,1472,232,1780,491,945,197
00000198.jpg,1476,233,1780,489,945,197
00000199.jpg,1479,232,1782,486,945,197
00000200.jpg,1485,232,1774,478,410,296
00000201.jpg,1485,231,1776,479,408,297
00000202.jpg,1485,230,1775,478,400,297
00000203.jpg,1483,229,1775,481,394,297
00000204.jpg,1486,228,1768,477,389,296
00000205.jpg,1489,230,1765,476,381,297
00000206.jpg,1490,230,1765,475,384,300
00000207.jpg,1490,231,1769,476,381,298
00000208.jpg,1494,231,1768,475,380,301
00000209.jpg,1495,229,1776,479,378,301
00000210.jpg,1491,227,1777,478,378,300
00000211.jpg,1491,227,1777,478,377,300
00000212.jpg,1492,223,1781,483,378,300
00000213.jpg,1497,227,1780,483,376,300
00000214.jpg,1500,228,1779,481,380,301
00000215.jpg,1504,224,1779,481,380,300
00000216.jpg,1504,225,1779,481,380,297
00000217.jpg,1505,223,1783,483,380,298
00000218.jpg,1509,225,1783,481,380,300
00000219.jpg,1507,225,1779,479,378,297
00000220.jpg,1508,222,1781,481,381,297
00000221.jpg,1508,222,1781,482,382,297
00000222.jpg,1514,237,1806,493,381,297
00000223.jpg,1514,237,1806,493,384,294
00000224.jpg,1514,237,1806,493,386,290
00000225.jpg,1514,237,1806,493,388,290
00000226.jpg,1514,237,1806,493,393,285
00000227.jpg,1514,237,1806,493,396,286
00000228.jpg,1514,237,1806,493,402,280
00000229.jpg,1513,237,1805,493,408,280
00000230.jpg,1512,237,1804,493,1080,209
00000231.jpg,1512,237,1804,493,409,214
00000232.jpg,1525,255,1769,497,1080,206
00000233.jpg,1525,255,1769,497,1081,209
00000234.jpg,1524,255,1768,497,1081,209
00000235.jpg,1523,256,1767,498,1082,210
00000236.jpg,1523,256,1767,498,1081,209
00000237.jpg,1522,256,1766,498,1082,209
00000238.jpg,1520,256,1764,498,1057,273
00000239.jpg,1518,255,1762,497,1061,373
00000240.jpg,1518,255,1762,497,1233,484
