00010161.jpg,290,27,514,257,-1,-1
00010162.jpg,290,27,514,257,-1,-1
00010163.jpg,290,27,514,257,-1,-1
00010164.jpg,290,27,514,257,-1,-1
00010165.jpg,289,28,513,258,-1,-1
00010166.jpg,289,28,513,258,-1,-1
00010167.jpg,287,28,511,258,-1,-1
00010168.jpg,286,29,510,259,-1,-1
00010169.jpg,284,29,508,259,-1,-1
00010170.jpg,281,29,505,259,-1,-1
00010171.jpg,278,29,502,259,-1,-1
00010172.jpg,278,29,502,259,-1,-1
00010173.jpg,275,30,499,260,-1,-1
00010174.jpg,271,30,495,260,-1,-1
00010175.jpg,267,31,491,261,-1,-1
00010176.jpg,262,33,486,263,-1,-1
00010177.jpg,258,34,482,264,-1,-1
00010178.jpg,258,34,482,264,-1,-1
00010179.jpg,254,34,478,264,-1,-1
00010180.jpg,251,35,475,265,-1,-1
00010181.jpg,247,35,471,265,-1,-1
00010182.jpg,242,35,466,265,-1,-1
00010183.jpg,237,35,461,265,-1,-1
00010184.jpg,237,35,461,265,-1,-1
00010185.jpg,233,35,457,265,-1,-1
00010186.jpg,229,35,453,265,-1,-1
00010187.jpg,226,35,450,265,-1,-1
00010188.jpg,223,35,447,265,-1,-1
00010189.jpg,219,34,443,264,791,74
00010190.jpg,219,34,443,264,781,76
