00009484.jpg,968,288,1211,560,1242,709
00009485.jpg,968,288,1211,560,1242,709
00009486.jpg,968,288,1211,560,1242,709
00009487.jpg,972,289,1215,561,1242,709
00009488.jpg,977,289,1220,561,1242,706
00009489.jpg,981,290,1224,562,1242,706
00009490.jpg,985,290,1228,562,1243,712
00009491.jpg,985,290,1228,562,1243,716
00009492.jpg,988,290,1231,562,1269,713
00009493.jpg,991,290,1234,562,1279,721
00009494.jpg,993,290,1236,562,1290,717
00009495.jpg,995,290,1238,562,1288,706
00009496.jpg,995,290,1238,562,1290,704
00009497.jpg,996,290,1239,562,1288,693
00009498.jpg,997,290,1240,562,1284,677
00009499.jpg,998,291,1241,563,1280,654
00009500.jpg,1000,292,1243,564,1268,650
00009501.jpg,1000,292,1243,564,1268,651
00009502.jpg,1002,292,1245,564,1248,642
00009503.jpg,1005,296,1248,568,1249,632
00009504.jpg,1008,299,1251,571,1242,632
00009505.jpg,1010,300,1253,572,1240,635
00009506.jpg,1010,300,1253,572,1241,634
00009507.jpg,1011,301,1254,573,1238,632
00009508.jpg,1012,302,1255,574,1226,634
00009509.jpg,1012,302,1255,574,1210,630
00009510.jpg,1012,302,1255,574,1193,626
00009511.jpg,1012,302,1255,574,1195,623
00009512.jpg,1012,301,1255,573,1179,618
00009513.jpg,1013,297,1256,569,1174,608
00009514.jpg,1014,294,1257,566,1161,602
00009515.jpg,1044,301,1260,572,1154,590
00009516.jpg,1044,301,1260,572,1154,588
00009517.jpg,1046,299,1262,570,1167,589
00009518.jpg,1050,299,1266,570,1149,576
00009519.jpg,1054,298,1270,569,1186,576
00009520.jpg,1057,298,1273,569,1179,577
00009521.jpg,1057,298,1273,569,1178,576
00009522.jpg,1060,298,1276,569,1169,576
00009523.jpg,1062,297,1278,568,1157,573
00009524.jpg,1066,299,1282,570,1195,574
00009525.jpg,1069,301,1285,572,1201,574
00009526.jpg,1069,301,1285,572,1205,576
00009527.jpg,1072,302,1288,573,1205,577
00009528.jpg,1073,302,1289,573,1207,572
00009529.jpg,1074,301,1290,572,1207,576
00009530.jpg,1077,303,1293,574,1215,580
00009531.jpg,1077,303,1293,574,1218,580
00009532.jpg,1078,304,1294,575,1219,580
00009533.jpg,1078,304,1294,575,1221,584
00009534.jpg,1079,304,1295,575,1225,580
00009535.jpg,1080,304,1296,575,1226,576
00009536.jpg,1080,304,1296,575,1231,577
00009537.jpg,1083,305,1299,576,1233,581
00009538.jpg,1085,304,1301,575,1230,582
00009539.jpg,1087,305,1303,576,1230,582
00009540.jpg,1088,305,1304,576,1233,580
00009541.jpg,1088,305,1304,576,1234,582
00009542.jpg,1088,306,1304,577,1234,584
00009543.jpg,1088,308,1304,579,1234,589
00009544.jpg,1088,311,1304,582,1231,592
00009545.jpg,1088,312,1304,583,1233,596
00009546.jpg,1088,312,1304,583,1233,594
00009547.jpg,1088,313,1304,584,1231,594
00009548.jpg,1089,314,1305,585,1133,604
00009549.jpg,1090,313,1306,584,1137,604
00009550.jpg,1090,313,1306,584,1135,606
00009551.jpg,1093,314,1309,585,1134,613
00009552.jpg,1096,314,1312,585,1134,618
00009553.jpg,1097,316,1313,587,1143,621
00009554.jpg,1098,316,1314,587,1146,616
00009555.jpg,1098,316,1314,587,1134,616
00009556.jpg,1097,298,1330,588,1139,624
00009557.jpg,1097,298,1330,588,1147,622
00009558.jpg,1097,299,1330,589,1150,622
00009559.jpg,1097,300,1330,590,1146,626
00009560.jpg,1097,300,1330,590,1145,626
00009561.jpg,1097,301,1330,591,1145,626
00009562.jpg,1096,301,1329,591,1142,626
00009563.jpg,1096,302,1329,592,1141,628
00009564.jpg,1095,302,1328,592,1141,629
00009565.jpg,1095,302,1328,592,1141,629
00009566.jpg,1093,301,1326,591,1138,630
00009567.jpg,1091,300,1324,590,1125,650
00009568.jpg,1090,300,1323,590,1175,673
00009569.jpg,1088,300,1321,590,1179,676
00009570.jpg,1088,300,1321,590,1182,677
00009571.jpg,1088,301,1321,591,1182,677
00009572.jpg,1080,299,1332,582,1182,677
00009573.jpg,1080,299,1332,582,1182,677
00009574.jpg,1080,299,1332,582,1190,678
00009575.jpg,1080,299,1332,582,1190,678
00009576.jpg,1081,299,1333,582,1190,678
00009577.jpg,1082,299,1334,582,1190,678
00009578.jpg,1083,298,1335,581,1190,678
00009579.jpg,1084,298,1336,581,1190,678
00009580.jpg,1084,298,1336,581,1190,678
00009581.jpg,1085,297,1337,580,1190,678
00009582.jpg,1086,297,1338,580,1190,678
00009583.jpg,1086,298,1338,581,1190,678
00009584.jpg,1085,299,1337,582,1199,692
00009585.jpg,1085,299,1337,582,1198,692
00009586.jpg,1085,299,1337,582,1198,692
00009587.jpg,1085,299,1337,582,1198,692
00009588.jpg,1084,300,1336,583,1198,692
00009589.jpg,1084,302,1336,585,1198,692
00009590.jpg,1084,302,1336,585,1198,692
00009591.jpg,1083,304,1335,587,1198,692
00009592.jpg,1082,304,1334,587,1198,692
00009593.jpg,1083,305,1335,588,1198,692
00009594.jpg,1082,306,1334,589,1198,692
00009595.jpg,1082,306,1334,589,1198,692
00009596.jpg,1080,307,1332,590,1198,692
00009597.jpg,1076,307,1328,590,1198,692
00009598.jpg,1071,306,1323,589,1198,692
00009599.jpg,1065,303,1317,586,1198,692
00009600.jpg,1065,303,1317,586,1198,693
00009601.jpg,1059,300,1311,583,1198,697
00009602.jpg,1053,297,1305,580,-1,-1
00009603.jpg,1048,295,1300,578,-1,-1
00009604.jpg,1045,293,1297,576,-1,-1
00009605.jpg,1045,293,1297,576,-1,-1
00009606.jpg,1044,291,1296,574,-1,-1
00009607.jpg,1045,289,1297,572,613,285
00009608.jpg,1047,286,1299,569,601,277
00009609.jpg,1048,286,1300,569,595,277
00009610.jpg,1048,286,1300,569,591,278
00009611.jpg,1046,288,1298,571,585,276
00009612.jpg,1046,288,1298,571,578,278
00009613.jpg,1046,286,1298,569,578,278
00009614.jpg,1047,286,1299,569,579,278
00009615.jpg,1047,286,1299,569,579,278
00009616.jpg,1048,287,1300,570,579,278
00009617.jpg,1048,284,1300,567,579,278
00009618.jpg,1046,275,1298,558,579,278
00009619.jpg,1065,293,1301,556,579,278
00009620.jpg,1065,293,1301,556,579,278
00009621.jpg,1064,293,1300,556,579,278
00009622.jpg,1064,293,1300,556,579,278
00009623.jpg,1065,293,1301,556,-1,-1
00009624.jpg,1066,293,1302,556,-1,-1
00009625.jpg,1066,293,1302,556,-1,-1
00009626.jpg,1048,293,1294,570,-1,-1
00009627.jpg,1048,293,1294,570,-1,-1
00009628.jpg,1050,296,1296,573,-1,-1
00009629.jpg,1053,298,1299,575,-1,-1
00009630.jpg,1053,298,1299,575,-1,-1
00009631.jpg,1029,302,1285,570,1257,741
00009632.jpg,1029,302,1285,570,1257,741
00009633.jpg,1030,304,1286,572,1257,741
00009634.jpg,1031,304,1287,572,1257,741
00009635.jpg,1031,304,1287,572,1251,737
00009636.jpg,1032,305,1288,573,1251,737
00009637.jpg,1033,305,1289,573,1234,736
00009638.jpg,1033,305,1289,573,1234,736
00009639.jpg,1032,304,1288,572,1234,736
00009640.jpg,1032,304,1288,572,1234,736
00009641.jpg,1028,305,1284,573,1234,736
00009642.jpg,1023,307,1279,575,1231,736
00009643.jpg,1017,309,1273,577,1231,736
00009644.jpg,1011,311,1267,579,1231,736
00009645.jpg,1011,311,1267,579,1231,736
00009646.jpg,1004,311,1260,579,1231,734
00009647.jpg,999,311,1255,579,1231,734
00009648.jpg,994,309,1250,577,1231,734
00009649.jpg,988,304,1244,572,1231,734
00009650.jpg,988,304,1244,572,1231,734
00009651.jpg,977,300,1233,568,-1,-1
00009652.jpg,990,301,1243,580,577,301
00009653.jpg,990,301,1243,580,566,306
00009654.jpg,988,302,1241,581,567,310
00009655.jpg,988,302,1241,581,566,308
00009656.jpg,988,302,1241,581,570,309
00009657.jpg,987,303,1240,582,575,316
00009658.jpg,987,303,1240,582,575,321
00009659.jpg,989,304,1242,583,579,322
00009660.jpg,989,304,1242,583,581,322
00009661.jpg,990,304,1243,583,583,324
00009662.jpg,989,304,1242,583,589,328
00009663.jpg,986,303,1239,582,593,332
00009664.jpg,984,302,1237,581,598,334
00009665.jpg,984,302,1237,581,598,334
00009666.jpg,981,302,1234,581,601,336
00009667.jpg,977,303,1230,582,602,336
00009668.jpg,974,304,1227,583,602,336
00009669.jpg,972,305,1225,584,606,336
00009670.jpg,972,305,1225,584,606,336
00009671.jpg,971,305,1224,584,605,336
00009672.jpg,972,305,1225,584,605,336
00009673.jpg,973,303,1226,582,605,336
00009674.jpg,975,303,1228,582,602,342
00009675.jpg,975,303,1228,582,598,340
00009676.jpg,975,304,1228,583,597,338
00009677.jpg,973,304,1226,583,591,333
00009678.jpg,972,306,1225,585,-1,-1
00009679.jpg,971,308,1224,587,-1,-1
00009680.jpg,971,308,1224,587,-1,-1
00009681.jpg,970,310,1223,589,-1,-1
00009682.jpg,961,310,1220,573,-1,-1
00009683.jpg,961,310,1220,573,-1,-1
00009684.jpg,961,310,1220,573,1206,718
00009685.jpg,952,309,1212,588,1206,718
00009686.jpg,952,309,1212,588,1206,718
00009687.jpg,949,309,1209,588,1206,718
00009688.jpg,945,309,1205,588,1206,718
00009689.jpg,941,309,1201,588,1206,718
00009690.jpg,941,309,1201,588,1206,720
