00009484.jpg,907,63,1152,294,1179,725
00009485.jpg,907,63,1152,294,1179,725
00009486.jpg,907,63,1152,294,1179,725
00009487.jpg,905,64,1150,295,1179,725
00009488.jpg,903,64,1148,295,1179,725
00009489.jpg,902,65,1147,296,1179,725
00009490.jpg,902,64,1147,295,1210,732
00009491.jpg,902,64,1147,295,1213,732
00009492.jpg,903,63,1148,294,1237,734
00009493.jpg,904,63,1149,294,1242,741
00009494.jpg,907,63,1152,294,1246,749
00009495.jpg,910,63,1155,294,1245,746
00009496.jpg,910,63,1155,294,1245,746
00009497.jpg,915,62,1160,293,1241,729
00009498.jpg,920,61,1165,292,1234,713
00009499.jpg,925,61,1170,292,1235,689
00009500.jpg,931,59,1176,290,1221,674
00009501.jpg,931,59,1176,290,1221,674
00009502.jpg,937,59,1182,290,1214,654
00009503.jpg,942,57,1187,288,1210,640
00009504.jpg,947,54,1192,285,1210,638
00009505.jpg,952,51,1197,282,1201,636
00009506.jpg,952,51,1197,282,1201,636
00009507.jpg,955,47,1200,278,1186,640
00009508.jpg,958,44,1203,275,1173,640
00009509.jpg,960,42,1205,273,1155,640
00009510.jpg,961,43,1206,274,-1,-1
00009511.jpg,961,43,1206,274,-1,-1
00009512.jpg,961,45,1206,276,-1,-1
00009513.jpg,961,48,1206,279,-1,-1
00009514.jpg,961,51,1206,282,-1,-1
00009515.jpg,961,52,1206,283,-1,-1
00009516.jpg,961,52,1206,283,-1,-1
00009517.jpg,962,52,1207,283,-1,-1
00009518.jpg,963,52,1208,283,-1,-1
00009519.jpg,965,54,1210,285,-1,-1
00009520.jpg,967,55,1212,286,-1,-1
00009521.jpg,967,55,1212,286,-1,-1
00009522.jpg,969,56,1214,287,-1,-1
00009523.jpg,971,57,1216,288,-1,-1
00009524.jpg,974,58,1219,289,-1,-1
00009525.jpg,976,60,1221,291,-1,-1
00009526.jpg,976,60,1221,291,-1,-1
00009527.jpg,979,61,1224,292,-1,-1
00009528.jpg,981,62,1226,293,-1,-1
00009529.jpg,984,63,1229,294,-1,-1
00009530.jpg,985,63,1230,294,-1,-1
00009531.jpg,985,63,1230,294,-1,-1
00009532.jpg,986,62,1231,293,-1,-1
00009533.jpg,988,62,1233,293,-1,-1
00009534.jpg,989,62,1234,293,-1,-1
00009535.jpg,988,63,1233,294,-1,-1
00009536.jpg,988,63,1233,294,-1,-1
00009537.jpg,987,64,1232,295,-1,-1
00009538.jpg,986,64,1231,295,-1,-1
00009539.jpg,985,64,1230,295,-1,-1
00009540.jpg,983,64,1228,295,-1,-1
00009541.jpg,983,64,1228,295,-1,-1
00009542.jpg,981,66,1226,297,-1,-1
00009543.jpg,979,68,1224,299,-1,-1
00009544.jpg,977,71,1222,302,-1,-1
00009545.jpg,975,76,1220,307,-1,-1
00009546.jpg,975,76,1220,307,-1,-1
00009547.jpg,975,77,1220,308,-1,-1
00009548.jpg,976,77,1221,308,-1,-1
00009549.jpg,980,74,1225,305,-1,-1
00009550.jpg,980,74,1225,305,-1,-1
00009551.jpg,987,70,1232,301,-1,-1
00009552.jpg,995,68,1240,299,917,153
00009553.jpg,1003,66,1248,297,923,153
00009554.jpg,1010,64,1255,295,923,153
00009555.jpg,1010,64,1255,295,923,153
00009556.jpg,1017,62,1262,293,923,153
00009557.jpg,1024,60,1269,291,923,153
00009558.jpg,1033,59,1278,290,923,153
00009559.jpg,1041,58,1286,289,923,153
00009560.jpg,1041,58,1286,289,923,153
00009561.jpg,1048,57,1293,288,923,153
00009562.jpg,1056,57,1301,288,1106,277
00009563.jpg,1063,57,1308,288,1110,281
00009564.jpg,1070,56,1315,287,1114,282
00009565.jpg,1070,56,1315,287,1114,284
00009566.jpg,1077,56,1322,287,1115,284
00009567.jpg,1083,56,1328,287,1115,284
00009568.jpg,1088,56,1333,287,1119,284
00009569.jpg,1092,56,1337,287,1121,284
00009570.jpg,1092,56,1337,287,1120,284
00009571.jpg,1095,56,1340,287,1121,285
00009572.jpg,1097,56,1342,287,1123,285
00009573.jpg,1097,56,1342,287,1124,286
00009574.jpg,1098,56,1343,287,1123,284
00009575.jpg,1098,56,1343,287,1123,284
00009576.jpg,1098,56,1343,287,1124,284
00009577.jpg,1098,56,1343,287,1124,286
00009578.jpg,1097,57,1342,288,1123,293
00009579.jpg,1097,58,1342,289,1123,296
00009580.jpg,1097,58,1342,289,1123,295
00009581.jpg,1097,57,1342,288,1126,295
00009582.jpg,1097,57,1342,288,1124,295
00009583.jpg,1097,57,1342,288,1124,295
00009584.jpg,1097,57,1342,288,1125,293
00009585.jpg,1097,57,1342,288,1125,293
00009586.jpg,1096,58,1341,289,1126,292
00009587.jpg,1095,58,1340,289,1127,289
00009588.jpg,1094,58,1339,289,1129,285
00009589.jpg,1092,58,1337,289,1129,280
00009590.jpg,1092,58,1337,289,1131,280
00009591.jpg,1090,59,1335,290,1133,279
00009592.jpg,1087,60,1332,291,1142,282
00009593.jpg,1084,62,1329,293,1096,322
00009594.jpg,1082,63,1327,294,1088,328
00009595.jpg,1082,63,1327,294,1087,328
00009596.jpg,1078,64,1323,295,1078,341
00009597.jpg,1073,64,1318,295,1068,346
00009598.jpg,1069,64,1314,295,1057,360
00009599.jpg,1065,64,1310,295,1045,368
00009600.jpg,1065,64,1310,295,1050,367
00009601.jpg,1061,64,1306,295,1032,373
00009602.jpg,1056,64,1301,295,1013,379
00009603.jpg,1051,66,1296,297,992,381
00009604.jpg,1046,64,1291,295,976,384
00009605.jpg,1046,64,1291,295,978,386
00009606.jpg,1041,64,1286,295,960,394
00009607.jpg,1036,63,1281,294,948,402
00009608.jpg,1030,61,1275,292,932,403
00009609.jpg,1024,61,1269,292,918,401
00009610.jpg,1024,61,1269,292,917,402
00009611.jpg,1018,63,1263,294,906,402
00009612.jpg,1012,63,1257,294,-1,-1
00009613.jpg,1005,61,1250,292,-1,-1
00009614.jpg,998,62,1243,293,-1,-1
00009615.jpg,998,62,1243,293,-1,-1
00009616.jpg,992,63,1237,294,-1,-1
00009617.jpg,986,62,1231,293,-1,-1
00009618.jpg,981,64,1226,295,-1,-1
00009619.jpg,978,68,1223,299,-1,-1
00009620.jpg,978,68,1223,299,-1,-1
00009621.jpg,976,68,1221,299,-1,-1
00009622.jpg,976,68,1221,299,-1,-1
00009623.jpg,977,68,1222,299,-1,-1
00009624.jpg,979,67,1224,298,-1,-1
00009625.jpg,979,67,1224,298,-1,-1
00009626.jpg,981,67,1226,298,-1,-1
00009627.jpg,984,67,1229,298,-1,-1
00009628.jpg,988,68,1233,299,-1,-1
00009629.jpg,995,69,1240,300,-1,-1
00009630.jpg,995,69,1240,300,-1,-1
00009631.jpg,1003,66,1248,297,-1,-1
00009632.jpg,1012,66,1257,297,-1,-1
00009633.jpg,1020,66,1265,297,-1,-1
00009634.jpg,1027,65,1272,296,-1,-1
00009635.jpg,1027,65,1272,296,-1,-1
00009636.jpg,1033,62,1278,293,-1,-1
00009637.jpg,1039,61,1284,292,-1,-1
00009638.jpg,1045,59,1290,290,-1,-1
00009639.jpg,1051,58,1296,289,-1,-1
00009640.jpg,1051,58,1296,289,-1,-1
00009641.jpg,1057,58,1302,289,-1,-1
00009642.jpg,1064,58,1309,289,-1,-1
00009643.jpg,1069,58,1314,289,-1,-1
00009644.jpg,1072,58,1317,289,-1,-1
00009645.jpg,1072,58,1317,289,-1,-1
00009646.jpg,1075,58,1320,289,-1,-1
00009647.jpg,1078,58,1323,289,-1,-1
00009648.jpg,1079,58,1324,289,-1,-1
00009649.jpg,1080,58,1325,289,-1,-1
00009650.jpg,1080,58,1325,289,-1,-1
00009651.jpg,1080,58,1325,289,-1,-1
00009652.jpg,1080,57,1325,288,-1,-1
00009653.jpg,1078,57,1323,288,-1,-1
00009654.jpg,1075,58,1320,289,-1,-1
00009655.jpg,1075,58,1320,289,-1,-1
00009656.jpg,1072,57,1317,288,-1,-1
00009657.jpg,1069,55,1314,286,-1,-1
00009658.jpg,1067,55,1312,286,-1,-1
00009659.jpg,1064,57,1309,288,-1,-1
00009660.jpg,1064,57,1309,288,-1,-1
00009661.jpg,1063,58,1308,289,-1,-1
00009662.jpg,1061,58,1306,289,-1,-1
00009663.jpg,1060,58,1305,289,-1,-1
00009664.jpg,1060,57,1305,288,-1,-1
00009665.jpg,1060,57,1305,288,-1,-1
00009666.jpg,1060,57,1305,288,-1,-1
00009667.jpg,1059,56,1304,287,-1,-1
00009668.jpg,1058,56,1303,287,-1,-1
00009669.jpg,1055,57,1300,288,-1,-1
00009670.jpg,1055,56,1300,287,-1,-1
00009671.jpg,1052,58,1297,289,-1,-1
00009672.jpg,1048,59,1293,290,-1,-1
00009673.jpg,1043,60,1288,291,-1,-1
00009674.jpg,1039,60,1284,291,-1,-1
00009675.jpg,1039,60,1284,291,-1,-1
00009676.jpg,1036,60,1281,291,-1,-1
00009677.jpg,1032,61,1277,292,-1,-1
00009678.jpg,1028,61,1273,292,-1,-1
00009679.jpg,1025,62,1270,293,-1,-1
00009680.jpg,1025,62,1270,293,-1,-1
00009681.jpg,1021,63,1266,294,-1,-1
00009682.jpg,1018,63,1263,294,-1,-1
00009683.jpg,1016,63,1261,294,-1,-1
00009684.jpg,1014,64,1259,295,-1,-1
00009685.jpg,1014,64,1259,295,-1,-1
00009686.jpg,1013,64,1258,295,-1,-1
00009687.jpg,1011,65,1256,296,-1,-1
00009688.jpg,1009,65,1254,296,-1,-1
00009689.jpg,1008,65,1253,296,-1,-1
00009690.jpg,1008,65,1253,296,-1,-1
