00007994.jpg,519,160,890,516,1258,326
00007995.jpg,519,160,890,516,1255,342
00007996.jpg,516,162,875,523,1255,348
00007997.jpg,511,160,868,527,1254,354
00007998.jpg,509,156,859,523,1251,361
00007999.jpg,504,150,861,521,1251,368
00008000.jpg,504,150,861,521,1254,369
00008001.jpg,504,150,861,521,1258,366
00008002.jpg,510,138,867,509,1259,357
00008003.jpg,515,135,872,506,1255,345
00008004.jpg,518,139,875,510,-1,-1
00008005.jpg,526,152,883,523,-1,-1
00008006.jpg,526,152,883,523,-1,-1
00008007.jpg,526,170,883,541,-1,-1
00008008.jpg,524,188,881,559,-1,-1
00008009.jpg,528,189,883,553,-1,-1
00008010.jpg,528,189,883,553,-1,-1
00008011.jpg,528,189,883,553,-1,-1
00008012.jpg,516,190,871,554,-1,-1
00008013.jpg,507,187,862,551,-1,-1
00008014.jpg,508,175,863,539,-1,-1
00008015.jpg,485,176,835,542,-1,-1
00008016.jpg,485,176,835,542,-1,-1
00008017.jpg,473,165,823,531,-1,-1
00008018.jpg,457,160,807,526,-1,-1
00008019.jpg,450,165,800,531,-1,-1
00008020.jpg,448,171,798,537,-1,-1
00008021.jpg,448,171,798,537,-1,-1
00008022.jpg,446,182,796,548,-1,-1
00008023.jpg,447,187,797,553,-1,-1
00008024.jpg,442,244,792,591,-1,-1
00008025.jpg,442,244,792,591,-1,-1
00008026.jpg,442,244,792,591,-1,-1
00008027.jpg,441,248,791,595,-1,-1
00008028.jpg,438,252,788,599,-1,-1
00008029.jpg,432,255,782,602,-1,-1
00008030.jpg,435,255,785,602,-1,-1
00008031.jpg,435,255,785,602,-1,-1
00008032.jpg,421,263,747,582,-1,-1
00008033.jpg,421,263,747,582,-1,-1
00008034.jpg,431,226,785,567,-1,-1
00008035.jpg,431,226,785,567,-1,-1
00008036.jpg,431,226,785,567,-1,-1
00008037.jpg,439,230,793,571,-1,-1
00008038.jpg,449,239,803,580,-1,-1
00008039.jpg,456,254,810,595,-1,-1
00008040.jpg,465,273,819,614,-1,-1
00008041.jpg,465,273,819,614,-1,-1
00008042.jpg,471,287,825,628,-1,-1
00008043.jpg,480,297,834,638,-1,-1
00008044.jpg,488,299,842,640,-1,-1
00008045.jpg,496,295,850,636,-1,-1
00008046.jpg,496,295,850,636,-1,-1
00008047.jpg,502,284,856,625,-1,-1
00008048.jpg,509,273,863,614,-1,-1
00008049.jpg,515,263,869,604,-1,-1
00008050.jpg,521,257,875,598,-1,-1
00008051.jpg,521,257,875,598,-1,-1
00008052.jpg,526,259,880,600,-1,-1
00008053.jpg,525,271,879,612,-1,-1
00008054.jpg,519,286,873,627,-1,-1
00008055.jpg,519,308,873,649,-1,-1
00008056.jpg,519,308,873,649,-1,-1
00008057.jpg,505,326,859,667,-1,-1
00008058.jpg,505,341,859,682,-1,-1
00008059.jpg,488,342,842,683,-1,-1
00008060.jpg,486,341,840,682,-1,-1
00008061.jpg,486,341,840,682,-1,-1
00008062.jpg,478,336,832,677,-1,-1
00008063.jpg,478,324,832,665,-1,-1
00008064.jpg,483,311,837,652,-1,-1
00008065.jpg,487,300,841,641,-1,-1
00008066.jpg,487,300,841,641,-1,-1
00008067.jpg,494,289,848,630,-1,-1
00008068.jpg,515,288,869,629,-1,-1
00008069.jpg,529,289,883,630,-1,-1
00008070.jpg,546,298,900,639,-1,-1
00008071.jpg,546,298,900,639,-1,-1
00008072.jpg,558,308,912,649,-1,-1
00008073.jpg,586,300,909,649,-1,-1
00008074.jpg,586,300,909,649,-1,-1
00008075.jpg,597,299,920,648,-1,-1
00008076.jpg,597,299,920,648,-1,-1
00008077.jpg,611,295,934,644,-1,-1
00008078.jpg,622,285,945,634,-1,-1
00008079.jpg,632,269,955,618,-1,-1
00008080.jpg,641,249,964,598,-1,-1
00008081.jpg,641,249,964,598,-1,-1
00008082.jpg,649,229,972,578,-1,-1
00008083.jpg,653,219,976,568,-1,-1
00008084.jpg,658,216,981,565,-1,-1
00008085.jpg,663,223,986,572,-1,-1
00008086.jpg,663,223,986,572,-1,-1
00008087.jpg,669,237,992,586,-1,-1
00008088.jpg,675,252,998,601,-1,-1
00008089.jpg,683,259,1006,608,-1,-1
00008090.jpg,689,265,1012,614,-1,-1
00008091.jpg,689,265,1012,614,-1,-1
00008092.jpg,696,266,1019,615,-1,-1
00008093.jpg,702,263,1025,612,-1,-1
00008094.jpg,710,255,1033,604,-1,-1
00008095.jpg,719,245,1042,594,-1,-1
00008096.jpg,719,245,1042,594,-1,-1
00008097.jpg,731,234,1054,583,-1,-1
00008098.jpg,745,222,1068,571,-1,-1
00008099.jpg,763,209,1086,558,-1,-1
00008100.jpg,782,203,1105,552,-1,-1
00008101.jpg,782,203,1105,552,-1,-1
00008102.jpg,799,204,1122,553,-1,-1
00008103.jpg,844,211,1162,553,-1,-1
00008104.jpg,844,211,1162,553,-1,-1
00008105.jpg,869,229,1192,575,-1,-1
00008106.jpg,869,229,1192,575,-1,-1
00008107.jpg,874,230,1197,576,-1,-1
00008108.jpg,877,226,1200,572,-1,-1
00008109.jpg,881,220,1204,566,-1,-1
00008110.jpg,886,214,1209,560,-1,-1
00008111.jpg,886,214,1209,560,-1,-1
00008112.jpg,893,202,1216,548,-1,-1
00008113.jpg,893,189,1216,535,-1,-1
00008114.jpg,894,178,1217,524,-1,-1
00008115.jpg,893,173,1216,519,-1,-1
00008116.jpg,893,173,1216,519,-1,-1
00008117.jpg,893,177,1216,523,-1,-1
00008118.jpg,900,196,1223,542,-1,-1
00008119.jpg,879,203,1202,549,-1,-1
00008120.jpg,867,219,1190,565,-1,-1
00008121.jpg,867,219,1190,565,-1,-1
00008122.jpg,852,229,1175,575,-1,-1
00008123.jpg,838,235,1161,581,-1,-1
00008124.jpg,832,235,1155,581,-1,-1
00008125.jpg,834,242,1122,546,-1,-1
00008126.jpg,834,242,1122,546,-1,-1
00008127.jpg,829,240,1117,544,-1,-1
00008128.jpg,819,232,1107,536,-1,-1
00008129.jpg,812,223,1100,527,-1,-1
00008130.jpg,809,210,1097,514,-1,-1
00008131.jpg,809,210,1097,514,-1,-1
00008132.jpg,807,200,1095,504,-1,-1
00008133.jpg,807,195,1095,499,-1,-1
00008134.jpg,809,197,1097,501,-1,-1
00008135.jpg,809,206,1097,510,-1,-1
00008136.jpg,809,206,1097,510,-1,-1
00008137.jpg,798,223,1086,527,-1,-1
00008138.jpg,801,233,1089,537,-1,-1
00008139.jpg,806,234,1094,538,-1,-1
00008140.jpg,789,235,1077,539,1278,301
00008141.jpg,789,235,1077,539,1276,301
00008142.jpg,786,236,1074,540,1266,292
00008143.jpg,769,245,1057,549,1254,274
00008144.jpg,753,240,1041,544,1246,265
00008145.jpg,740,239,1028,543,1231,257
00008146.jpg,740,239,1028,543,1230,254
00008147.jpg,783,230,1009,476,1224,254
00008148.jpg,783,230,1009,476,1211,257
00008149.jpg,783,227,1009,473,1196,270
00008150.jpg,779,228,1005,474,1186,286
00008151.jpg,779,228,1005,474,1190,290
00008152.jpg,779,228,1005,474,1182,294
