00003332.jpg,304,46,473,201,511,116
00003333.jpg,304,46,472,200,512,115
00003334.jpg,304,47,472,199,512,115
00003335.jpg,303,46,471,199,512,115
00003336.jpg,301,46,471,199,512,115
00003337.jpg,299,44,470,199,512,115
00003338.jpg,300,45,467,198,512,115
00003339.jpg,300,44,466,199,512,115
00003340.jpg,300,44,465,197,512,115
00003341.jpg,299,44,465,197,512,115
00003342.jpg,298,44,464,196,512,115
00003343.jpg,298,44,464,196,512,115
00003344.jpg,296,45,464,197,512,115
00003345.jpg,298,47,461,196,512,115
00003346.jpg,297,48,460,196,512,115
00003347.jpg,297,49,460,196,512,115
00003348.jpg,297,49,460,196,512,115
00003349.jpg,299,49,459,196,512,115
00003350.jpg,299,49,458,196,512,115
00003351.jpg,300,49,458,197,512,115
00003352.jpg,301,50,458,196,512,115
00003353.jpg,301,50,458,197,512,115
00003354.jpg,302,51,457,197,512,115
00003355.jpg,301,51,456,196,512,115
00003356.jpg,301,52,456,197,512,115
00003357.jpg,302,52,456,196,512,115
00003358.jpg,301,53,455,197,512,115
00003359.jpg,302,53,455,196,512,115
00003360.jpg,302,53,455,196,512,115
00003361.jpg,301,53,456,197,512,115
00003362.jpg,301,53,456,197,512,115
00003363.jpg,301,54,456,197,512,115
00003364.jpg,301,54,456,197,512,115
00003365.jpg,300,54,455,197,512,115
00003366.jpg,299,54,455,198,512,115
00003367.jpg,299,54,454,197,512,115
00003368.jpg,300,54,453,196,512,115
00003369.jpg,300,55,452,196,512,115
00003370.jpg,300,55,453,196,512,115
00003371.jpg,299,55,452,197,512,115
00003372.jpg,298,55,452,197,512,115
00003373.jpg,297,55,452,197,512,115
00003374.jpg,299,55,452,197,512,115
00003375.jpg,297,55,451,196,513,115
00003376.jpg,297,55,451,197,513,115
00003377.jpg,298,55,451,196,513,115
00003378.jpg,298,54,451,196,513,115
00003379.jpg,298,55,450,196,513,115
00003380.jpg,298,56,450,196,513,115
00003381.jpg,298,56,449,196,513,115
00003382.jpg,296,56,449,197,513,115
00003383.jpg,296,55,450,197,513,115
00003384.jpg,295,55,449,196,-1,-1
00003385.jpg,295,55,449,196,-1,-1
00003386.jpg,295,55,449,196,-1,-1
00003387.jpg,294,55,448,196,-1,-1
00003388.jpg,295,55,449,196,-1,-1
00003389.jpg,295,55,449,196,-1,-1
00003390.jpg,289,55,443,196,-1,-1
00003391.jpg,286,55,440,196,-1,-1
00003392.jpg,283,55,437,196,-1,-1
00003393.jpg,284,51,435,199,-1,-1
00003394.jpg,282,51,434,198,-1,-1
00003395.jpg,281,51,433,199,-1,-1
00003396.jpg,279,51,432,199,-1,-1
00003397.jpg,278,51,431,199,-1,-1
00003398.jpg,277,51,430,199,-1,-1
00003399.jpg,276,51,430,200,-1,-1
00003400.jpg,276,51,429,200,-1,-1
00003401.jpg,275,51,429,199,-1,-1
00003402.jpg,275,51,429,200,-1,-1
00003403.jpg,275,51,428,199,-1,-1
00003404.jpg,274,51,428,200,-1,-1
00003405.jpg,274,51,428,200,-1,-1
