00014595.jpg,495,228,776,539,-1,-1
00014596.jpg,495,228,776,539,-1,-1
00014597.jpg,495,228,776,539,-1,-1
00014598.jpg,495,228,776,539,-1,-1
00014599.jpg,492,227,773,538,-1,-1
00014600.jpg,491,227,772,538,-1,-1
00014601.jpg,487,226,768,537,-1,-1
00014602.jpg,484,226,765,537,-1,-1
00014603.jpg,480,225,761,536,-1,-1
00014604.jpg,477,226,758,537,-1,-1
00014605.jpg,473,225,754,536,-1,-1
00014606.jpg,468,224,749,535,-1,-1
00014607.jpg,464,224,745,535,-1,-1
00014608.jpg,460,224,741,535,-1,-1
00014609.jpg,456,224,737,535,-1,-1
00014610.jpg,452,224,733,535,-1,-1
00014611.jpg,447,224,728,535,-1,-1
00014612.jpg,443,224,724,535,-1,-1
00014613.jpg,434,222,715,533,-1,-1
00014614.jpg,429,222,710,533,-1,-1
00014615.jpg,424,222,705,533,-1,-1
00014616.jpg,416,220,697,531,-1,-1
00014617.jpg,409,221,700,534,-1,-1
00014618.jpg,402,222,702,539,-1,-1
00014619.jpg,395,221,695,538,-1,-1
00014620.jpg,388,222,688,539,-1,-1
00014621.jpg,384,222,684,539,1076,950
00014622.jpg,377,222,677,539,1058,945
00014623.jpg,372,223,672,540,1050,935
00014624.jpg,368,223,668,540,1040,935
00014625.jpg,363,223,663,540,1028,933
00014626.jpg,357,222,657,539,1006,926
00014627.jpg,352,222,652,539,992,925
00014628.jpg,347,222,647,539,996,926
00014629.jpg,342,222,642,539,998,920
00014630.jpg,338,222,638,539,-1,-1
00014631.jpg,334,222,634,539,-1,-1
00014632.jpg,330,221,630,538,-1,-1
00014633.jpg,325,221,625,538,-1,-1
00014634.jpg,322,221,622,538,-1,-1
00014635.jpg,318,221,618,538,-1,-1
00014636.jpg,315,222,615,539,-1,-1
00014637.jpg,312,223,612,540,-1,-1
00014638.jpg,310,224,610,541,-1,-1
00014639.jpg,308,224,608,541,-1,-1
00014640.jpg,306,224,606,541,-1,-1
00014641.jpg,305,225,605,542,-1,-1
00014642.jpg,304,225,604,542,-1,-1
00014643.jpg,304,225,604,542,-1,-1
00014644.jpg,303,225,603,542,-1,-1
00014645.jpg,303,225,603,542,-1,-1
00014646.jpg,303,225,603,542,-1,-1
00014647.jpg,304,223,604,540,-1,-1
00014648.jpg,304,222,604,539,-1,-1
00014649.jpg,305,221,605,538,-1,-1
00014650.jpg,306,218,606,535,-1,-1
00014651.jpg,307,217,607,534,-1,-1
00014652.jpg,308,216,608,533,-1,-1
00014653.jpg,309,215,609,532,-1,-1
00014654.jpg,310,214,610,531,-1,-1
00014655.jpg,310,214,610,531,-1,-1
00014656.jpg,312,213,612,530,-1,-1
00014657.jpg,312,212,612,529,-1,-1
00014658.jpg,313,211,613,528,-1,-1
00014659.jpg,314,210,614,527,-1,-1
00014660.jpg,315,208,615,525,-1,-1
00014661.jpg,316,207,616,524,-1,-1
00014662.jpg,317,206,617,523,1181,893
00014663.jpg,316,204,616,521,1377,575
00014664.jpg,317,202,617,519,1260,436
00014665.jpg,317,200,617,517,1256,433
00014666.jpg,315,205,615,522,1255,431
00014667.jpg,316,205,616,522,1246,430
00014668.jpg,316,204,616,521,1237,429
00014669.jpg,316,204,616,521,1237,429
00014670.jpg,316,204,616,521,1227,420
00014671.jpg,316,203,616,520,1221,414
00014672.jpg,317,203,617,520,1213,410
00014673.jpg,317,202,617,519,1205,411
00014674.jpg,318,202,618,519,1197,416
00014675.jpg,318,201,618,518,1200,419
00014676.jpg,318,201,618,518,1200,419
00014677.jpg,319,201,619,518,1200,419
00014678.jpg,320,200,620,517,1205,420
00014679.jpg,320,200,620,517,1215,428
00014680.jpg,321,200,621,517,1375,565
00014681.jpg,322,200,622,517,-1,-1
00014682.jpg,323,200,623,517,-1,-1
00014683.jpg,326,199,626,516,-1,-1
00014684.jpg,327,199,627,516,-1,-1
00014685.jpg,328,199,628,516,-1,-1
00014686.jpg,329,198,629,515,-1,-1
00014687.jpg,330,198,630,515,-1,-1
00014688.jpg,330,198,630,515,-1,-1
00014689.jpg,331,198,631,515,-1,-1
00014690.jpg,332,197,632,514,-1,-1
00014691.jpg,332,197,632,514,-1,-1
00014692.jpg,333,197,633,514,-1,-1
00014693.jpg,334,197,634,514,-1,-1
00014694.jpg,334,197,634,514,-1,-1
00014695.jpg,334,197,634,514,-1,-1
00014696.jpg,335,197,635,514,-1,-1
00014697.jpg,335,197,635,514,-1,-1
00014698.jpg,335,196,635,513,-1,-1
00014699.jpg,336,197,636,514,-1,-1
00014700.jpg,336,197,636,514,-1,-1
00014701.jpg,336,197,636,514,-1,-1
00014702.jpg,336,197,636,514,-1,-1
00014703.jpg,336,197,636,514,-1,-1
00014704.jpg,336,197,636,514,-1,-1
00014705.jpg,336,197,636,514,-1,-1
00014706.jpg,336,197,636,514,-1,-1
00014707.jpg,336,197,636,514,-1,-1
00014708.jpg,336,197,636,514,-1,-1
00014709.jpg,337,197,637,514,-1,-1
00014710.jpg,337,197,637,514,-1,-1
00014711.jpg,337,197,637,514,-1,-1
00014712.jpg,337,197,637,514,-1,-1
00014713.jpg,337,198,637,515,-1,-1
00014714.jpg,337,198,637,515,-1,-1
00014715.jpg,337,199,637,516,-1,-1
00014716.jpg,337,199,637,516,-1,-1
00014717.jpg,337,200,637,517,-1,-1
00014718.jpg,337,202,637,519,-1,-1
00014719.jpg,336,202,636,519,-1,-1
00014720.jpg,336,203,636,520,-1,-1
00014721.jpg,335,203,635,520,-1,-1
00014722.jpg,333,202,633,519,-1,-1
00014723.jpg,332,201,632,518,-1,-1
00014724.jpg,331,201,631,518,-1,-1
00014725.jpg,330,202,630,519,-1,-1
00014726.jpg,329,202,629,519,-1,-1
00014727.jpg,328,202,628,519,-1,-1
00014728.jpg,326,202,626,519,-1,-1
00014729.jpg,325,202,625,519,-1,-1
00014730.jpg,321,201,621,518,-1,-1
00014731.jpg,321,202,621,519,-1,-1
00014732.jpg,320,202,620,519,-1,-1
00014733.jpg,318,202,618,519,-1,-1
00014734.jpg,317,202,617,519,-1,-1
00014735.jpg,316,202,616,519,-1,-1
00014736.jpg,315,202,615,519,-1,-1
00014737.jpg,314,202,614,519,-1,-1
00014738.jpg,313,201,613,518,1528,591
00014739.jpg,312,201,612,518,1532,585
00014740.jpg,311,201,611,518,1430,574
00014741.jpg,310,201,610,518,1331,619
00014742.jpg,310,201,610,518,1335,609
00014743.jpg,310,201,610,518,1345,603
00014744.jpg,310,201,610,518,1342,606
00014745.jpg,310,201,610,518,1342,603
00014746.jpg,310,201,610,518,1342,594
