00014595.jpg,1201,172,1549,546,555,389
00014596.jpg,1201,172,1549,546,553,391
00014597.jpg,1201,172,1549,546,548,391
00014598.jpg,1201,172,1549,546,550,389
00014599.jpg,1199,173,1547,547,545,386
00014600.jpg,1196,174,1544,548,540,386
00014601.jpg,1193,175,1541,549,540,386
00014602.jpg,1192,174,1540,548,537,386
00014603.jpg,1190,174,1538,548,537,386
00014604.jpg,1191,173,1539,547,533,386
00014605.jpg,1191,173,1539,547,533,386
00014606.jpg,1190,173,1538,547,532,386
00014607.jpg,1190,174,1538,548,527,386
00014608.jpg,1187,175,1535,549,527,386
00014609.jpg,1185,176,1533,550,523,388
00014610.jpg,1183,177,1531,551,520,388
00014611.jpg,1180,179,1528,553,516,388
00014612.jpg,1178,181,1526,555,505,388
00014613.jpg,1177,183,1525,557,498,386
00014614.jpg,1176,186,1524,560,492,386
00014615.jpg,1175,189,1523,563,492,386
00014616.jpg,1174,192,1522,566,491,386
00014617.jpg,1174,195,1522,569,486,389
00014618.jpg,1174,197,1522,571,490,393
00014619.jpg,1175,199,1523,573,487,394
00014620.jpg,1176,202,1524,576,480,398
00014621.jpg,1177,205,1525,579,476,398
00014622.jpg,1180,206,1528,580,476,398
00014623.jpg,1181,209,1529,583,476,398
00014624.jpg,1182,211,1530,585,476,398
00014625.jpg,1184,213,1532,587,472,398
00014626.jpg,1186,215,1534,589,471,398
00014627.jpg,1189,216,1537,590,465,400
00014628.jpg,1192,217,1540,591,463,400
00014629.jpg,1196,219,1544,593,458,400
00014630.jpg,1199,220,1547,594,458,400
00014631.jpg,1204,222,1552,596,458,396
00014632.jpg,1208,223,1556,597,456,396
00014633.jpg,1212,225,1560,599,456,396
00014634.jpg,1216,227,1564,601,455,396
00014635.jpg,1219,228,1567,602,455,396
00014636.jpg,1221,230,1569,604,455,395
00014637.jpg,1223,231,1571,605,453,394
00014638.jpg,1225,233,1573,607,453,394
00014639.jpg,1226,235,1574,609,452,394
00014640.jpg,1226,237,1574,611,452,394
00014641.jpg,1225,239,1573,613,455,394
00014642.jpg,1227,239,1575,613,452,394
00014643.jpg,1226,240,1574,614,455,394
00014644.jpg,1228,241,1576,615,455,394
00014645.jpg,1228,242,1576,616,457,394
00014646.jpg,1229,243,1577,617,463,394
00014647.jpg,1230,242,1578,616,467,391
00014648.jpg,1230,241,1578,615,468,391
00014649.jpg,1229,240,1570,613,468,391
00014650.jpg,1229,240,1570,613,470,390
00014651.jpg,1229,239,1570,612,470,390
00014652.jpg,1229,238,1570,611,475,388
00014653.jpg,1226,238,1567,611,478,386
00014654.jpg,1222,238,1563,611,478,386
00014655.jpg,1220,238,1561,611,478,381
00014656.jpg,1217,239,1558,612,481,381
00014657.jpg,1214,239,1555,612,482,381
00014658.jpg,1213,240,1554,613,488,381
00014659.jpg,1209,240,1550,613,488,381
00014660.jpg,1204,242,1545,615,490,381
00014661.jpg,1202,239,1543,612,497,381
00014662.jpg,1201,239,1542,612,502,379
00014663.jpg,1194,238,1535,611,505,379
00014664.jpg,1190,239,1531,612,508,376
00014665.jpg,1182,241,1523,614,510,376
00014666.jpg,1178,240,1519,613,510,370
00014667.jpg,1172,240,1513,613,512,371
00014668.jpg,1166,239,1507,612,512,371
00014669.jpg,1162,238,1503,611,516,370
00014670.jpg,1157,235,1498,608,516,370
00014671.jpg,1156,232,1497,605,518,370
00014672.jpg,1148,231,1489,604,517,369
00014673.jpg,1139,226,1480,599,518,368
00014674.jpg,1129,229,1470,602,521,368
00014675.jpg,1126,232,1467,605,523,366
00014676.jpg,1125,230,1466,603,523,366
00014677.jpg,1127,230,1468,603,523,366
00014678.jpg,1131,233,1472,606,523,366
00014679.jpg,1138,240,1479,613,523,366
00014680.jpg,1143,245,1484,618,523,366
00014681.jpg,1147,250,1488,623,526,366
00014682.jpg,1150,253,1491,626,530,368
00014683.jpg,1154,254,1495,627,530,368
00014684.jpg,1155,252,1496,625,530,371
00014685.jpg,1156,251,1497,624,530,371
00014686.jpg,1155,246,1496,619,532,373
00014687.jpg,1155,239,1496,612,532,373
00014688.jpg,1156,231,1497,604,535,373
00014689.jpg,1158,221,1499,594,532,371
00014690.jpg,1163,211,1504,584,530,370
00014691.jpg,1165,201,1506,574,530,368
00014692.jpg,1169,189,1510,562,528,368
00014693.jpg,1171,182,1512,555,531,368
00014694.jpg,1168,186,1509,559,530,370
00014695.jpg,1166,181,1504,551,531,365
00014696.jpg,1166,181,1504,551,531,365
00014697.jpg,1162,183,1500,553,532,366
00014698.jpg,1157,184,1495,554,531,368
00014699.jpg,1152,185,1490,555,532,369
00014700.jpg,1149,187,1487,557,533,369
00014701.jpg,1146,186,1484,556,533,369
00014702.jpg,1147,188,1485,558,532,366
00014703.jpg,1147,188,1485,558,532,373
00014704.jpg,1150,187,1488,557,531,373
00014705.jpg,1150,185,1488,555,530,368
00014706.jpg,1149,185,1487,555,531,370
00014707.jpg,1150,184,1488,554,531,370
00014708.jpg,1150,184,1488,554,526,371
00014709.jpg,1152,184,1490,554,526,371
00014710.jpg,1156,184,1486,552,528,375
00014711.jpg,1156,184,1486,552,528,371
00014712.jpg,1157,184,1487,552,526,371
00014713.jpg,1158,183,1488,551,525,373
00014714.jpg,1157,183,1487,551,525,373
00014715.jpg,1154,183,1484,551,525,373
00014716.jpg,1151,185,1481,553,525,373
00014717.jpg,1145,186,1475,554,525,373
00014718.jpg,1144,187,1474,555,525,373
00014719.jpg,1144,187,1474,555,520,374
00014720.jpg,1145,186,1475,554,521,369
00014721.jpg,1146,184,1476,552,516,370
00014722.jpg,1147,182,1477,550,512,371
00014723.jpg,1151,183,1481,551,512,373
00014724.jpg,1149,184,1479,552,511,373
00014725.jpg,1147,186,1477,554,507,370
00014726.jpg,1145,188,1475,556,507,370
00014727.jpg,1143,191,1473,559,505,368
00014728.jpg,1140,194,1470,562,505,368
00014729.jpg,1139,193,1469,561,502,368
00014730.jpg,1139,194,1469,562,502,368
00014731.jpg,1140,194,1470,562,497,365
00014732.jpg,1141,193,1471,561,495,365
00014733.jpg,1141,192,1471,560,496,363
00014734.jpg,1142,192,1472,560,492,361
00014735.jpg,1141,192,1471,560,491,361
00014736.jpg,1141,193,1471,561,493,356
00014737.jpg,1138,194,1468,562,491,355
00014738.jpg,1137,195,1467,563,496,355
00014739.jpg,1136,196,1466,564,496,356
00014740.jpg,1134,196,1464,564,497,354
00014741.jpg,1133,196,1463,564,497,354
00014742.jpg,1133,196,1463,564,498,354
00014743.jpg,1134,196,1464,564,500,353
00014744.jpg,1135,196,1465,564,501,354
00014745.jpg,1135,196,1465,564,501,354
00014746.jpg,1135,196,1465,564,501,354
