00000029.jpg,793,175,942,361,-1,-1
00000030.jpg,778,175,919,347,-1,-1
00000031.jpg,778,175,919,347,-1,-1
00000032.jpg,778,170,919,342,-1,-1
00000033.jpg,778,170,919,342,-1,-1
00000034.jpg,779,166,920,338,-1,-1
00000035.jpg,783,165,924,337,-1,-1
00000036.jpg,787,165,928,337,-1,-1
00000037.jpg,791,167,932,339,-1,-1
00000038.jpg,791,167,932,339,-1,-1
00000039.jpg,797,169,938,341,670,604
00000040.jpg,805,170,946,342,670,604
00000041.jpg,813,170,954,342,674,604
00000042.jpg,821,170,962,342,674,604
00000043.jpg,813,163,977,349,676,601
00000044.jpg,813,163,977,349,682,598
00000045.jpg,819,160,983,346,685,600
00000046.jpg,825,155,989,341,688,600
00000047.jpg,832,150,996,336,692,596
00000048.jpg,832,150,996,336,698,592
00000049.jpg,841,145,1005,331,701,594
00000050.jpg,850,141,1014,327,708,589
00000051.jpg,858,136,1022,322,713,585
00000052.jpg,871,111,1045,319,720,581
00000053.jpg,871,111,1045,319,721,580
00000054.jpg,880,104,1054,312,729,576
00000055.jpg,891,100,1065,308,737,569
00000056.jpg,904,100,1078,308,748,560
00000057.jpg,917,102,1091,310,-1,-1
00000058.jpg,917,102,1091,310,-1,-1
00000059.jpg,929,105,1103,313,-1,-1
00000060.jpg,929,105,1103,313,-1,-1
