00039536.jpg,458,132,775,465,1000,283
00039537.jpg,458,132,775,465,995,283
00039538.jpg,458,132,775,465,993,285
00039539.jpg,458,132,775,465,989,285
00039540.jpg,458,132,775,465,988,288
00039541.jpg,457,132,774,465,985,289
00039542.jpg,457,132,774,465,984,293
00039543.jpg,457,132,774,465,983,293
00039544.jpg,457,132,774,465,983,293
00039545.jpg,457,132,774,465,983,293
00039546.jpg,457,132,774,465,983,293
00039547.jpg,457,132,774,465,984,290
00039548.jpg,457,132,774,465,986,289
00039549.jpg,457,132,774,465,993,288
00039550.jpg,457,132,774,465,999,284
00039551.jpg,457,132,774,465,1000,279
00039552.jpg,457,131,774,464,1004,279
00039553.jpg,457,131,774,464,1005,276
00039554.jpg,457,131,774,464,1005,276
00039555.jpg,457,131,774,464,1006,273
00039556.jpg,457,131,774,464,1006,278
00039557.jpg,457,131,774,464,1008,279
00039558.jpg,458,131,775,464,1010,276
00039559.jpg,458,131,775,464,1010,270
00039560.jpg,457,131,774,464,1010,270
00039561.jpg,457,131,774,464,1011,268
00039562.jpg,457,130,774,463,1011,268
00039563.jpg,456,130,773,463,1014,265
00039564.jpg,456,130,773,463,1014,265
00039565.jpg,455,130,772,463,1013,259
00039566.jpg,455,130,772,463,1013,260
00039567.jpg,454,130,771,463,1013,260
00039568.jpg,454,130,771,463,1013,260
00039569.jpg,454,130,771,463,1037,346
00039570.jpg,454,131,771,464,1097,522
00039571.jpg,454,132,771,465,1126,547
00039572.jpg,455,133,772,466,1128,555
00039573.jpg,455,133,772,466,1124,555
00039574.jpg,455,133,772,466,1137,556
00039575.jpg,453,132,770,465,1149,563
00039576.jpg,454,133,771,466,1147,567
00039577.jpg,455,134,772,467,1145,565
00039578.jpg,456,134,773,467,1144,569
00039579.jpg,456,134,773,467,1141,565
00039580.jpg,457,134,774,467,1073,380
00039581.jpg,463,138,780,471,1030,271
00039582.jpg,464,137,781,470,1016,265
00039583.jpg,465,137,782,470,1014,268
00039584.jpg,466,138,783,471,1014,268
00039585.jpg,466,138,783,471,-1,-1
00039586.jpg,468,140,785,473,-1,-1
00039587.jpg,470,142,790,477,-1,-1
00039588.jpg,470,142,790,477,-1,-1
00039589.jpg,471,142,791,477,-1,-1
00039590.jpg,471,141,791,476,-1,-1
00039591.jpg,472,140,792,475,-1,-1
00039592.jpg,473,139,793,474,-1,-1
00039593.jpg,473,139,793,474,1014,270
00039594.jpg,474,139,794,474,1014,270
00039595.jpg,474,138,794,473,1014,270
00039596.jpg,471,135,788,470,1014,270
00039597.jpg,471,135,788,470,1014,270
00039598.jpg,469,134,786,469,1014,270
00039599.jpg,468,134,785,469,1014,270
00039600.jpg,466,133,783,468,1014,270
00039601.jpg,464,133,781,468,1014,270
00039602.jpg,462,132,779,467,1014,270
00039603.jpg,460,132,777,467,1014,270
00039604.jpg,458,131,775,466,1014,270
00039605.jpg,456,131,773,466,1014,270
00039606.jpg,455,131,772,466,1014,270
00039607.jpg,454,132,771,467,1014,270
00039608.jpg,453,132,770,467,1014,270
00039609.jpg,452,133,769,468,1014,270
00039610.jpg,451,133,768,468,1014,270
00039611.jpg,450,133,767,468,1014,270
00039612.jpg,450,133,767,468,1014,270
00039613.jpg,450,132,767,467,1014,270
00039614.jpg,451,132,768,467,1014,270
00039615.jpg,452,132,769,467,1014,270
00039616.jpg,453,132,770,467,1014,270
00039617.jpg,454,132,771,467,1014,270
00039618.jpg,455,132,772,467,1014,270
00039619.jpg,457,132,774,467,1014,270
00039620.jpg,457,132,774,467,1014,270
00039621.jpg,458,132,775,467,1014,270
00039622.jpg,459,132,776,467,1014,270
00039623.jpg,459,132,776,467,1014,270
00039624.jpg,459,132,776,467,1014,270
00039625.jpg,460,132,777,467,1014,270
00039626.jpg,460,131,777,466,1014,270
00039627.jpg,462,132,779,467,1014,270
00039628.jpg,462,132,779,467,1014,270
00039629.jpg,463,132,780,467,1014,270
00039630.jpg,464,133,781,468,1014,270
00039631.jpg,464,133,781,468,1011,270
00039632.jpg,464,133,781,468,1011,270
00039633.jpg,464,133,781,468,1011,271
00039634.jpg,464,133,781,468,1011,271
00039635.jpg,464,133,781,468,1011,273
00039636.jpg,464,133,781,468,1011,273
00039637.jpg,464,133,781,468,1011,273
00039638.jpg,465,133,782,468,1009,273
00039639.jpg,465,133,782,468,1009,273
00039640.jpg,466,133,783,468,1009,273
00039641.jpg,466,133,783,468,1009,273
00039642.jpg,466,133,783,468,1009,273
00039643.jpg,466,134,783,469,1009,273
00039644.jpg,466,134,783,469,1009,273
00039645.jpg,465,134,782,469,1009,273
00039646.jpg,465,134,782,469,1009,273
00039647.jpg,464,134,781,469,1009,273
00039648.jpg,464,134,781,469,1009,273
00039649.jpg,464,134,781,469,1009,273
00039650.jpg,463,133,780,468,1009,273
00039651.jpg,463,133,780,468,1009,273
00039652.jpg,463,134,780,469,1009,273
00039653.jpg,464,134,781,469,1009,273
00039654.jpg,464,134,781,469,1009,273
00039655.jpg,463,134,780,469,1009,273
00039656.jpg,463,134,780,469,1008,273
00039657.jpg,463,134,780,469,1008,273
00039658.jpg,463,134,780,469,1008,273
00039659.jpg,463,134,780,469,1008,273
00039660.jpg,463,134,780,469,1008,273
00039661.jpg,464,135,781,470,1008,273
00039662.jpg,463,134,780,469,1008,273
00039663.jpg,463,134,780,469,1008,273
00039664.jpg,462,133,779,468,1008,273
00039665.jpg,462,133,779,468,1008,273
00039666.jpg,462,133,779,468,1008,274
00039667.jpg,461,132,783,470,1008,274
00039668.jpg,461,132,783,470,1008,274
00039669.jpg,460,132,782,470,1008,274
00039670.jpg,460,131,782,469,1008,274
00039671.jpg,460,131,782,469,1008,274
00039672.jpg,460,131,782,469,1008,274
00039673.jpg,460,131,782,469,1008,274
00039674.jpg,459,130,781,468,1008,274
00039675.jpg,459,130,781,468,1008,274
00039676.jpg,459,130,781,468,1008,274
00039677.jpg,459,130,781,468,1008,274
00039678.jpg,459,130,781,468,1008,274
00039679.jpg,458,130,780,468,1008,274
00039680.jpg,458,131,780,469,1008,274
00039681.jpg,458,131,780,469,1008,274
00039682.jpg,458,131,780,469,1006,275
00039683.jpg,458,131,780,469,1006,275
00039684.jpg,458,131,780,469,1006,275
00039685.jpg,458,131,780,469,1006,275
00039686.jpg,458,131,780,469,1006,275
00039687.jpg,458,131,780,469,1006,275
00039688.jpg,458,131,780,469,1006,275
00039689.jpg,458,131,780,469,1006,275
00039690.jpg,458,131,780,469,1006,275
00039691.jpg,458,131,780,469,1006,275
00039692.jpg,458,131,780,469,1006,275
00039693.jpg,458,131,780,469,1006,275
00039694.jpg,458,131,780,469,1006,275
00039695.jpg,458,132,780,470,1006,275
00039696.jpg,459,132,781,470,-1,-1
00039697.jpg,461,133,783,471,-1,-1
00039698.jpg,462,133,784,471,-1,-1
00039699.jpg,464,133,786,471,-1,-1
00039700.jpg,465,133,787,471,-1,-1
00039701.jpg,466,133,788,471,-1,-1
00039702.jpg,467,132,789,470,-1,-1
00039703.jpg,467,132,789,470,1006,275
00039704.jpg,468,132,790,470,1006,275
00039705.jpg,468,132,790,470,1006,275
00039706.jpg,468,132,790,470,1006,275
00039707.jpg,469,132,791,470,1006,275
00039708.jpg,469,133,791,471,1006,275
00039709.jpg,470,133,792,471,1006,275
00039710.jpg,470,133,792,471,1006,275
00039711.jpg,470,133,792,471,1006,275
00039712.jpg,471,133,793,471,1006,275
00039713.jpg,472,133,794,471,1006,275
00039714.jpg,473,133,795,471,1006,275
00039715.jpg,473,133,795,471,1006,275
00039716.jpg,473,133,795,471,1006,275
00039717.jpg,474,133,796,471,1006,275
00039718.jpg,474,133,796,471,1006,275
00039719.jpg,474,133,796,471,1006,275
00039720.jpg,473,132,795,470,1006,275
00039721.jpg,472,132,794,470,1006,275
00039722.jpg,471,132,793,470,1006,275
00039723.jpg,470,132,792,470,1006,275
00039724.jpg,469,131,791,469,1006,275
00039725.jpg,469,131,791,469,1006,275
00039726.jpg,468,131,790,469,1006,275
00039727.jpg,468,131,790,469,1006,275
00039728.jpg,468,132,790,470,1006,275
00039729.jpg,467,132,789,470,1006,275
00039730.jpg,467,132,789,470,1006,275
00039731.jpg,467,132,789,470,1006,275
00039732.jpg,466,133,788,471,1006,275
00039733.jpg,467,133,789,471,1003,276
00039734.jpg,467,133,789,471,1003,276
00039735.jpg,467,133,789,471,1003,276
00039736.jpg,467,133,789,471,1003,276
00039737.jpg,466,133,788,471,1003,276
00039738.jpg,466,134,788,472,1003,276
00039739.jpg,466,134,788,472,1003,276
00039740.jpg,467,133,789,471,1003,276
00039741.jpg,467,133,789,471,1003,276
00039742.jpg,467,133,789,471,1003,276
00039743.jpg,467,133,789,471,1003,276
00039744.jpg,468,133,790,471,1003,276
00039745.jpg,468,133,790,471,1003,276
00039746.jpg,468,133,790,471,1003,276
00039747.jpg,468,133,790,471,1003,276
00039748.jpg,468,133,790,471,1003,276
00039749.jpg,467,133,789,471,1003,276
00039750.jpg,466,133,788,471,1003,276
00039751.jpg,466,133,788,471,1003,276
00039752.jpg,467,133,789,471,1003,276
00039753.jpg,467,133,789,471,1003,276
00039754.jpg,468,134,790,472,1003,276
00039755.jpg,468,134,790,472,1003,276
00039756.jpg,470,133,792,471,1003,276
00039757.jpg,470,133,792,471,1003,276
00039758.jpg,470,132,792,470,1003,276
00039759.jpg,471,132,793,470,1003,276
00039760.jpg,471,132,793,470,1003,276
00039761.jpg,472,132,794,470,1003,276
00039762.jpg,472,132,794,470,1003,276
00039763.jpg,473,132,795,470,1003,276
00039764.jpg,474,132,796,470,1003,276
00039765.jpg,476,133,798,471,1003,276
00039766.jpg,477,133,799,471,1003,276
00039767.jpg,476,133,798,471,1003,276
00039768.jpg,477,133,799,471,1003,276
00039769.jpg,477,133,799,471,1003,276
00039770.jpg,477,133,799,471,1003,276
00039771.jpg,477,134,799,472,1003,276
00039772.jpg,477,134,799,472,1003,276
00039773.jpg,477,134,799,472,1003,276
00039774.jpg,477,134,799,472,1003,276
00039775.jpg,477,134,799,472,1003,276
00039776.jpg,477,134,799,472,1003,276
00039777.jpg,477,134,799,472,1003,276
