00039536.jpg,1306,95,1658,486,806,311
00039537.jpg,1306,95,1658,486,806,311
00039538.jpg,1306,95,1658,486,806,311
00039539.jpg,1306,95,1658,486,806,311
00039540.jpg,1306,95,1658,486,806,311
00039541.jpg,1305,95,1657,486,806,311
00039542.jpg,1305,95,1657,486,806,311
00039543.jpg,1305,95,1657,486,806,311
00039544.jpg,1305,95,1657,486,806,311
00039545.jpg,1305,95,1657,486,806,311
00039546.jpg,1304,95,1656,486,806,311
00039547.jpg,1304,95,1656,486,806,311
00039548.jpg,1304,95,1656,486,806,311
00039549.jpg,1304,95,1656,486,806,311
00039550.jpg,1304,95,1656,486,806,311
00039551.jpg,1304,95,1656,486,806,311
00039552.jpg,1304,95,1656,486,809,310
00039553.jpg,1304,95,1656,486,804,310
00039554.jpg,1304,95,1656,486,804,311
00039555.jpg,1304,95,1656,486,804,311
00039556.jpg,1304,95,1656,486,803,309
00039557.jpg,1305,95,1657,486,804,310
00039558.jpg,1305,95,1657,486,804,310
00039559.jpg,1306,95,1658,486,804,310
00039560.jpg,1306,95,1658,486,804,310
00039561.jpg,1307,95,1659,486,804,310
00039562.jpg,1307,95,1659,486,804,310
00039563.jpg,1308,95,1660,486,804,310
00039564.jpg,1309,95,1661,486,804,309
00039565.jpg,1309,95,1661,486,804,305
00039566.jpg,1310,95,1662,486,804,305
00039567.jpg,1310,95,1662,486,804,305
00039568.jpg,1311,95,1663,486,804,305
00039569.jpg,1311,95,1663,486,804,305
00039570.jpg,1312,95,1664,486,804,305
00039571.jpg,1313,95,1665,486,804,306
00039572.jpg,1313,95,1665,486,804,306
00039573.jpg,1314,95,1666,486,804,309
00039574.jpg,1314,95,1666,486,804,309
00039575.jpg,1315,95,1667,486,804,309
00039576.jpg,1315,95,1667,486,804,309
00039577.jpg,1315,95,1667,486,804,309
00039578.jpg,1316,95,1668,486,804,309
00039579.jpg,1317,95,1669,486,804,309
00039580.jpg,1317,95,1669,486,804,309
00039581.jpg,1318,95,1670,486,804,309
00039582.jpg,1319,95,1671,486,804,309
00039583.jpg,1320,95,1672,486,804,309
00039584.jpg,1321,95,1673,486,804,309
00039585.jpg,1321,95,1673,486,804,309
00039586.jpg,1322,95,1674,486,804,309
00039587.jpg,1322,95,1674,486,804,309
00039588.jpg,1323,95,1675,486,804,309
00039589.jpg,1323,95,1675,486,804,309
00039590.jpg,1324,95,1676,486,804,309
00039591.jpg,1324,95,1676,486,804,309
00039592.jpg,1324,95,1676,486,804,309
00039593.jpg,1324,95,1676,486,804,309
00039594.jpg,1324,95,1676,486,804,309
00039595.jpg,1324,95,1676,486,804,309
00039596.jpg,1324,95,1676,486,804,309
00039597.jpg,1324,95,1676,486,804,309
00039598.jpg,1324,95,1676,486,804,309
00039599.jpg,1324,95,1676,486,804,309
00039600.jpg,1324,95,1676,486,804,309
00039601.jpg,1324,95,1676,486,804,309
00039602.jpg,1324,95,1676,486,804,309
00039603.jpg,1324,95,1676,486,804,309
00039604.jpg,1324,95,1676,486,804,309
00039605.jpg,1324,95,1676,486,804,309
00039606.jpg,1324,95,1676,486,804,309
00039607.jpg,1324,95,1676,486,804,309
00039608.jpg,1324,95,1676,486,804,309
00039609.jpg,1323,96,1675,487,804,309
00039610.jpg,1322,96,1674,487,804,309
00039611.jpg,1322,96,1674,487,804,309
00039612.jpg,1321,96,1673,487,804,309
00039613.jpg,1320,96,1672,487,804,309
00039614.jpg,1320,96,1672,487,804,309
00039615.jpg,1319,96,1671,487,804,309
00039616.jpg,1318,96,1670,487,804,309
00039617.jpg,1317,96,1669,487,804,309
00039618.jpg,1316,96,1668,487,804,309
00039619.jpg,1316,96,1668,487,804,309
00039620.jpg,1316,96,1668,487,804,309
00039621.jpg,1316,96,1668,487,804,309
00039622.jpg,1315,97,1667,488,804,309
00039623.jpg,1315,97,1667,488,804,309
00039624.jpg,1315,97,1667,488,804,309
00039625.jpg,1315,97,1667,488,804,309
00039626.jpg,1316,97,1668,488,804,309
00039627.jpg,1316,97,1668,488,804,309
00039628.jpg,1316,97,1668,488,800,308
00039629.jpg,1316,97,1668,488,800,308
00039630.jpg,1317,97,1669,488,800,308
00039631.jpg,1317,97,1669,488,800,308
00039632.jpg,1317,97,1669,488,800,308
00039633.jpg,1317,97,1669,488,800,308
00039634.jpg,1317,97,1669,488,800,308
00039635.jpg,1317,97,1669,488,800,308
00039636.jpg,1317,97,1669,488,800,308
00039637.jpg,1317,97,1669,488,800,308
00039638.jpg,1317,97,1669,488,800,308
00039639.jpg,1317,96,1669,487,800,308
00039640.jpg,1317,96,1669,487,800,308
00039641.jpg,1316,97,1668,488,800,308
00039642.jpg,1316,96,1668,487,800,308
00039643.jpg,1316,96,1668,487,800,308
00039644.jpg,1316,96,1668,487,800,308
00039645.jpg,1316,96,1668,487,800,308
00039646.jpg,1315,96,1667,487,800,308
00039647.jpg,1315,96,1667,487,800,308
00039648.jpg,1314,97,1666,488,800,308
00039649.jpg,1314,97,1666,488,800,308
00039650.jpg,1315,96,1667,487,800,308
00039651.jpg,1315,96,1667,487,800,308
00039652.jpg,1315,96,1667,487,800,308
00039653.jpg,1316,96,1668,487,800,308
00039654.jpg,1316,96,1668,487,800,308
00039655.jpg,1316,96,1668,487,800,308
00039656.jpg,1316,96,1668,487,800,308
00039657.jpg,1315,97,1667,488,800,308
00039658.jpg,1315,97,1667,488,800,308
00039659.jpg,1315,97,1667,488,800,308
00039660.jpg,1315,97,1667,488,800,308
00039661.jpg,1315,97,1667,488,800,308
00039662.jpg,1315,97,1667,488,800,308
00039663.jpg,1314,97,1666,488,800,308
00039664.jpg,1314,97,1666,488,800,308
00039665.jpg,1314,97,1666,488,800,308
00039666.jpg,1314,97,1666,488,800,308
00039667.jpg,1314,97,1666,488,800,308
00039668.jpg,1312,98,1664,489,800,308
00039669.jpg,1312,98,1664,489,800,308
00039670.jpg,1312,98,1664,489,800,308
00039671.jpg,1312,98,1664,489,800,308
00039672.jpg,1310,99,1662,490,800,308
00039673.jpg,1309,99,1661,490,-1,-1
00039674.jpg,1308,100,1660,491,-1,-1
00039675.jpg,1307,100,1659,491,-1,-1
00039676.jpg,1299,103,1649,503,-1,-1
00039677.jpg,1299,103,1649,503,-1,-1
00039678.jpg,1298,103,1648,503,-1,-1
00039679.jpg,1298,103,1648,503,-1,-1
00039680.jpg,1292,110,1638,506,-1,-1
00039681.jpg,1292,110,1638,506,-1,-1
00039682.jpg,1291,110,1637,506,-1,-1
00039683.jpg,1290,110,1636,506,-1,-1
00039684.jpg,1290,110,1636,506,-1,-1
00039685.jpg,1289,110,1635,506,-1,-1
00039686.jpg,1288,110,1634,506,-1,-1
00039687.jpg,1287,110,1633,506,-1,-1
00039688.jpg,1286,110,1632,506,-1,-1
00039689.jpg,1285,110,1631,506,-1,-1
00039690.jpg,1283,111,1629,507,-1,-1
00039691.jpg,1282,111,1628,507,-1,-1
00039692.jpg,1281,111,1627,507,-1,-1
00039693.jpg,1280,111,1626,507,-1,-1
00039694.jpg,1279,111,1625,507,-1,-1
00039695.jpg,1277,111,1623,507,-1,-1
00039696.jpg,1276,111,1622,507,-1,-1
00039697.jpg,1274,112,1620,508,-1,-1
00039698.jpg,1273,112,1619,508,-1,-1
00039699.jpg,1272,112,1618,508,-1,-1
00039700.jpg,1271,113,1617,509,-1,-1
00039701.jpg,1270,113,1616,509,-1,-1
00039702.jpg,1270,113,1616,509,-1,-1
00039703.jpg,1270,113,1616,509,-1,-1
00039704.jpg,1271,113,1617,509,-1,-1
00039705.jpg,1272,113,1618,509,-1,-1
00039706.jpg,1272,113,1618,509,-1,-1
00039707.jpg,1274,113,1620,509,-1,-1
00039708.jpg,1275,113,1621,509,-1,-1
00039709.jpg,1275,113,1621,509,-1,-1
00039710.jpg,1275,114,1621,510,-1,-1
00039711.jpg,1276,114,1622,510,-1,-1
00039712.jpg,1276,114,1622,510,-1,-1
00039713.jpg,1277,114,1623,510,-1,-1
00039714.jpg,1277,114,1623,510,-1,-1
00039715.jpg,1276,115,1622,511,-1,-1
00039716.jpg,1277,115,1623,511,-1,-1
00039717.jpg,1276,116,1622,512,-1,-1
00039718.jpg,1276,116,1622,512,-1,-1
00039719.jpg,1277,116,1623,512,-1,-1
00039720.jpg,1277,116,1623,512,-1,-1
00039721.jpg,1278,115,1628,517,-1,-1
00039722.jpg,1278,115,1628,517,-1,-1
00039723.jpg,1278,115,1628,517,-1,-1
00039724.jpg,1279,115,1629,517,-1,-1
00039725.jpg,1279,115,1629,517,-1,-1
00039726.jpg,1280,115,1630,517,-1,-1
00039727.jpg,1280,115,1630,517,-1,-1
00039728.jpg,1281,115,1631,517,-1,-1
00039729.jpg,1281,115,1631,517,-1,-1
00039730.jpg,1281,115,1631,517,-1,-1
00039731.jpg,1281,115,1631,517,-1,-1
00039732.jpg,1282,115,1632,517,-1,-1
00039733.jpg,1282,115,1632,517,-1,-1
00039734.jpg,1282,115,1632,517,-1,-1
00039735.jpg,1282,115,1632,517,-1,-1
00039736.jpg,1282,115,1632,517,-1,-1
00039737.jpg,1282,115,1632,517,-1,-1
00039738.jpg,1282,115,1632,517,-1,-1
00039739.jpg,1282,115,1632,517,-1,-1
00039740.jpg,1282,115,1632,517,-1,-1
00039741.jpg,1282,115,1632,517,-1,-1
00039742.jpg,1282,115,1632,517,-1,-1
00039743.jpg,1282,115,1632,517,-1,-1
00039744.jpg,1281,115,1631,517,-1,-1
00039745.jpg,1281,115,1631,517,-1,-1
00039746.jpg,1281,115,1631,517,-1,-1
00039747.jpg,1281,115,1631,517,-1,-1
00039748.jpg,1281,115,1631,517,-1,-1
00039749.jpg,1281,115,1631,517,-1,-1
00039750.jpg,1280,115,1630,517,-1,-1
00039751.jpg,1280,115,1630,517,-1,-1
00039752.jpg,1279,115,1629,517,-1,-1
00039753.jpg,1279,115,1629,517,-1,-1
00039754.jpg,1279,114,1629,516,-1,-1
00039755.jpg,1278,114,1628,516,-1,-1
00039756.jpg,1278,114,1628,516,-1,-1
00039757.jpg,1277,114,1627,516,-1,-1
00039758.jpg,1276,114,1626,516,-1,-1
00039759.jpg,1276,114,1626,516,-1,-1
00039760.jpg,1275,114,1625,516,-1,-1
00039761.jpg,1275,114,1625,516,-1,-1
00039762.jpg,1274,114,1624,516,-1,-1
00039763.jpg,1274,114,1624,516,-1,-1
00039764.jpg,1273,114,1623,516,-1,-1
00039765.jpg,1273,114,1623,516,-1,-1
00039766.jpg,1273,114,1623,516,-1,-1
00039767.jpg,1273,114,1623,516,-1,-1
00039768.jpg,1272,114,1622,516,-1,-1
00039769.jpg,1272,114,1622,516,-1,-1
00039770.jpg,1272,114,1622,516,-1,-1
00039771.jpg,1272,114,1622,516,-1,-1
00039772.jpg,1271,114,1621,516,-1,-1
00039773.jpg,1271,114,1621,516,-1,-1
00039774.jpg,1271,114,1621,516,-1,-1
00039775.jpg,1271,114,1621,516,-1,-1
00039776.jpg,1271,114,1621,516,-1,-1
00039777.jpg,1271,114,1621,516,-1,-1
