00002028.jpg,1035,187,1318,490,-1,-1
00002029.jpg,1028,190,1311,493,-1,-1
00002030.jpg,1019,193,1302,496,-1,-1
00002031.jpg,1008,196,1291,499,-1,-1
00002032.jpg,996,199,1279,502,-1,-1
00002033.jpg,996,199,1279,502,-1,-1
00002034.jpg,982,203,1265,506,-1,-1
00002035.jpg,970,207,1253,510,-1,-1
00002036.jpg,958,212,1241,515,-1,-1
00002037.jpg,946,216,1229,519,-1,-1
00002038.jpg,946,216,1229,519,-1,-1
00002039.jpg,935,218,1218,521,-1,-1
00002040.jpg,924,219,1207,522,-1,-1
00002041.jpg,914,218,1197,521,-1,-1
00002042.jpg,905,217,1188,520,-1,-1
00002043.jpg,904,217,1187,520,-1,-1
00002044.jpg,896,215,1179,518,-1,-1
00002045.jpg,887,214,1170,517,-1,-1
00002046.jpg,877,212,1160,515,-1,-1
00002047.jpg,866,212,1149,515,-1,-1
00002048.jpg,866,212,1149,515,-1,-1
00002049.jpg,856,212,1139,515,-1,-1
00002050.jpg,843,213,1126,516,-1,-1
00002051.jpg,834,214,1117,517,704,311
00002052.jpg,831,213,1114,516,702,309
00002053.jpg,831,213,1114,516,702,305
00002054.jpg,833,209,1116,512,702,305
00002055.jpg,841,200,1124,503,692,303
00002056.jpg,851,190,1134,493,680,297
00002057.jpg,865,181,1148,484,684,297
00002058.jpg,865,181,1148,484,684,304
00002059.jpg,880,177,1163,480,684,313
00002060.jpg,898,175,1181,478,691,313
00002061.jpg,919,173,1202,476,695,311
00002062.jpg,937,168,1220,471,700,303
00002063.jpg,937,168,1220,471,700,303
00002064.jpg,955,168,1217,453,704,295
00002065.jpg,955,168,1217,453,704,276
00002066.jpg,969,170,1217,435,711,269
00002067.jpg,969,170,1217,435,716,267
00002068.jpg,969,170,1217,435,723,265
00002069.jpg,971,168,1219,433,734,253
00002070.jpg,974,168,1222,433,747,252
00002071.jpg,979,171,1227,436,752,252
00002072.jpg,981,175,1229,440,768,251
00002073.jpg,981,175,1229,440,766,252
00002074.jpg,982,181,1230,446,778,256
00002075.jpg,984,187,1232,452,786,260
00002076.jpg,989,194,1237,459,795,265
00002077.jpg,993,201,1241,466,799,273
00002078.jpg,995,200,1242,466,799,273
00002079.jpg,995,200,1242,466,804,269
00002080.jpg,1000,205,1247,471,811,283
00002081.jpg,1006,209,1253,475,818,296
00002082.jpg,1014,213,1261,479,823,303
00002083.jpg,1014,213,1261,479,823,308
00002084.jpg,1022,214,1269,480,820,312
00002085.jpg,1030,213,1277,479,826,316
00002086.jpg,1038,211,1285,477,830,323
00002087.jpg,1044,208,1291,474,832,329
00002088.jpg,1044,209,1291,475,830,332
00002089.jpg,1048,207,1295,473,830,333
00002090.jpg,1049,207,1296,473,831,335
00002091.jpg,1051,207,1298,473,831,336
00002092.jpg,1050,206,1297,472,831,336
00002093.jpg,1050,206,1297,472,831,336
00002094.jpg,1049,206,1292,469,831,336
00002095.jpg,1049,206,1292,469,831,336
00002096.jpg,1048,205,1291,468,831,336
00002097.jpg,1044,204,1287,467,820,336
00002098.jpg,1044,204,1287,467,811,336
