00037140.jpg,97,3,336,256,-1,-1
00037141.jpg,97,3,336,256,-1,-1
00037142.jpg,92,4,331,257,-1,-1
00037143.jpg,88,6,327,259,-1,-1
00037144.jpg,83,8,322,261,-1,-1
00037145.jpg,76,10,315,263,-1,-1
00037146.jpg,68,12,307,265,-1,-1
00037147.jpg,63,14,302,267,-1,-1
00037148.jpg,59,16,298,269,-1,-1
00037149.jpg,57,17,296,270,-1,-1
00037150.jpg,57,19,296,272,-1,-1
00037151.jpg,58,19,297,272,-1,-1
00037152.jpg,61,18,300,271,-1,-1
00037153.jpg,64,17,303,270,-1,-1
00037154.jpg,69,16,308,269,-1,-1
00037155.jpg,74,16,313,269,-1,-1
00037156.jpg,80,17,319,270,-1,-1
00037157.jpg,86,16,325,269,-1,-1
00037158.jpg,93,16,332,269,-1,-1
00037159.jpg,99,15,338,268,-1,-1
00037160.jpg,105,15,344,268,-1,-1
00037161.jpg,111,14,350,267,-1,-1
00037162.jpg,116,13,355,266,-1,-1
00037163.jpg,119,12,358,265,-1,-1
00037164.jpg,122,11,361,264,-1,-1
00037165.jpg,124,10,363,263,-1,-1
00037166.jpg,126,9,365,262,-1,-1
00037167.jpg,128,8,367,261,-1,-1
00037168.jpg,131,7,370,260,-1,-1
00037169.jpg,133,6,372,259,-1,-1
00037170.jpg,135,6,374,259,-1,-1
00037171.jpg,137,5,376,258,-1,-1
00037172.jpg,139,4,378,257,-1,-1
00037173.jpg,141,4,380,257,-1,-1
00037174.jpg,141,3,380,256,-1,-1
00037175.jpg,143,4,382,257,-1,-1
00037176.jpg,144,4,383,257,-1,-1
00037177.jpg,144,5,383,258,-1,-1
00037178.jpg,145,5,384,258,-1,-1
00037179.jpg,145,5,384,258,-1,-1
00037180.jpg,146,6,385,259,-1,-1
00037181.jpg,146,6,385,259,-1,-1
00037182.jpg,146,6,385,259,-1,-1
