00037183.jpg,424,90,626,317,264,119
00037184.jpg,424,90,626,317,264,119
00037185.jpg,424,90,626,317,263,118
00037186.jpg,423,90,625,317,262,118
00037187.jpg,423,90,625,317,261,116
00037188.jpg,423,90,625,317,261,116
00037189.jpg,423,90,625,317,262,116
00037190.jpg,424,90,626,317,262,117
00037191.jpg,425,90,627,317,261,116
00037192.jpg,425,90,627,317,261,116
00037193.jpg,426,90,628,317,261,116
00037194.jpg,427,90,629,317,261,116
00037195.jpg,427,90,629,317,261,116
00037196.jpg,428,90,630,317,261,116
00037197.jpg,429,90,631,317,261,116
00037198.jpg,429,90,631,317,261,116
00037199.jpg,429,91,631,318,261,116
00037200.jpg,429,91,631,318,261,116
00037201.jpg,428,90,630,317,261,116
00037202.jpg,428,90,630,317,261,116
00037203.jpg,427,90,629,317,261,116
00037204.jpg,427,89,629,316,261,116
00037205.jpg,427,89,629,316,261,116
00037206.jpg,426,89,628,316,261,116
00037207.jpg,426,89,628,316,261,116
00037208.jpg,426,89,628,316,261,116
00037209.jpg,426,89,628,316,261,116
00037210.jpg,426,89,628,316,261,116
00037211.jpg,426,89,628,316,261,116
00037212.jpg,426,89,628,316,261,116
00037213.jpg,426,88,628,315,261,116
00037214.jpg,426,88,628,315,261,116
00037215.jpg,426,87,628,314,261,116
00037216.jpg,426,87,628,314,260,114
00037217.jpg,426,86,628,313,259,110
00037218.jpg,426,86,628,313,258,110
00037219.jpg,426,86,628,313,255,106
00037220.jpg,425,86,627,313,-1,-1
00037221.jpg,425,85,627,312,-1,-1
00037222.jpg,425,85,627,312,-1,-1
00037223.jpg,425,85,627,312,-1,-1
00037224.jpg,425,85,627,312,-1,-1
00037225.jpg,424,85,626,312,-1,-1
00037226.jpg,424,85,626,312,-1,-1
00037227.jpg,424,85,626,312,-1,-1
00037228.jpg,424,85,626,312,-1,-1
00037229.jpg,424,86,626,313,-1,-1
00037230.jpg,423,86,625,313,-1,-1
00037231.jpg,423,86,625,313,-1,-1
00037232.jpg,423,85,625,312,-1,-1
00037233.jpg,423,85,625,312,-1,-1
00037234.jpg,423,85,625,312,-1,-1
00037235.jpg,423,85,625,312,-1,-1
00037236.jpg,423,85,625,312,-1,-1
00037237.jpg,423,85,625,312,-1,-1
00037238.jpg,423,85,625,312,-1,-1
00037239.jpg,422,85,624,312,-1,-1
00037240.jpg,422,84,624,311,-1,-1
00037241.jpg,422,84,624,311,-1,-1
00037242.jpg,422,84,624,311,-1,-1
00037243.jpg,422,85,624,312,227,122
00037244.jpg,423,85,625,312,227,120
00037245.jpg,424,86,626,313,227,116
00037246.jpg,425,86,627,313,226,117
00037247.jpg,425,87,627,314,224,114
00037248.jpg,425,87,627,314,222,114
00037249.jpg,426,87,628,314,224,107
00037250.jpg,426,87,628,314,226,110
00037251.jpg,426,87,628,314,-1,-1
00037252.jpg,426,88,628,315,-1,-1
00037253.jpg,426,88,628,315,-1,-1
00037254.jpg,426,88,628,315,-1,-1
00037255.jpg,426,88,628,315,-1,-1
00037256.jpg,426,89,628,316,-1,-1
00037257.jpg,426,89,628,316,246,114
00037258.jpg,425,89,627,316,248,114
00037259.jpg,425,89,627,316,252,114
00037260.jpg,425,89,627,316,-1,-1
00037261.jpg,425,89,627,316,-1,-1
00037262.jpg,425,88,627,315,-1,-1
00037263.jpg,425,88,627,315,-1,-1
00037264.jpg,425,88,627,315,-1,-1
00037265.jpg,425,88,627,315,-1,-1
00037266.jpg,425,88,627,315,-1,-1
00037267.jpg,425,88,627,315,-1,-1
00037268.jpg,425,88,627,315,-1,-1
00037269.jpg,424,89,626,316,-1,-1
00037270.jpg,424,89,626,316,-1,-1
00037271.jpg,424,89,626,316,-1,-1
00037272.jpg,424,89,626,316,-1,-1
00037273.jpg,424,89,626,316,-1,-1
00037274.jpg,424,89,626,316,260,116
00037275.jpg,425,89,627,316,260,116
00037276.jpg,426,89,628,316,260,116
00037277.jpg,427,88,629,315,260,116
