00001168.jpg,1077,327,1412,687,890,980
00001169.jpg,1077,327,1412,687,777,970
00001170.jpg,1077,327,1412,687,778,970
00001171.jpg,1077,327,1412,687,693,974
00001172.jpg,1076,327,1411,687,693,974
00001173.jpg,1070,327,1405,687,692,973
00001174.jpg,1069,327,1404,687,692,973
00001175.jpg,1069,327,1404,687,692,973
00001176.jpg,1068,327,1403,687,692,973
00001177.jpg,1067,328,1402,688,692,973
00001178.jpg,1068,328,1403,688,692,973
00001179.jpg,1069,328,1404,688,692,973
00001180.jpg,1069,328,1404,688,692,973
00001181.jpg,1069,329,1404,689,692,973
00001182.jpg,1070,329,1405,689,692,973
00001183.jpg,1071,329,1406,689,692,973
00001184.jpg,1077,328,1412,688,692,973
00001185.jpg,1077,328,1412,688,692,973
00001186.jpg,1078,328,1413,688,692,973
00001187.jpg,1078,328,1413,688,692,973
00001188.jpg,1079,327,1414,687,692,973
00001189.jpg,1082,327,1417,687,692,973
00001190.jpg,1082,327,1417,687,692,973
00001191.jpg,1087,326,1422,686,692,973
00001192.jpg,1088,326,1423,686,697,972
00001193.jpg,1094,326,1429,686,697,972
00001194.jpg,1095,326,1430,686,698,972
00001195.jpg,1095,326,1430,686,698,972
00001196.jpg,1102,326,1437,686,698,972
00001197.jpg,1103,326,1438,686,698,972
00001198.jpg,1104,326,1439,686,698,972
00001199.jpg,1104,326,1439,686,698,972
