00001168.jpg,350,276,675,611,678,972
00001169.jpg,350,276,675,611,678,972
00001170.jpg,350,276,675,611,676,972
00001171.jpg,350,276,675,611,674,972
00001172.jpg,349,276,674,611,674,972
00001173.jpg,349,276,674,611,672,972
00001174.jpg,348,276,673,611,672,972
00001175.jpg,348,276,673,611,673,972
00001176.jpg,347,275,672,610,672,973
00001177.jpg,347,275,672,610,672,973
00001178.jpg,346,275,671,610,672,973
00001179.jpg,345,275,670,610,673,973
00001180.jpg,345,275,670,610,672,973
00001181.jpg,345,275,670,610,672,972
00001182.jpg,346,276,671,611,672,972
00001183.jpg,346,276,671,611,673,972
00001184.jpg,345,277,670,612,673,973
00001185.jpg,345,277,670,612,674,972
00001186.jpg,347,282,672,617,674,972
00001187.jpg,349,290,674,625,674,972
00001188.jpg,351,293,676,628,674,972
00001189.jpg,350,290,675,625,674,972
00001190.jpg,350,290,675,625,674,972
00001191.jpg,350,285,675,620,674,972
00001192.jpg,349,281,674,616,674,972
00001193.jpg,349,278,674,613,674,972
00001194.jpg,350,277,675,612,674,972
00001195.jpg,350,277,675,612,674,972
00001196.jpg,350,275,675,610,674,972
00001197.jpg,350,274,675,609,674,972
00001198.jpg,350,274,675,609,674,972
00001199.jpg,350,274,675,609,674,972
