00049366.jpg,487,60,921,526,-1,-1
00049367.jpg,487,60,921,526,-1,-1
00049368.jpg,487,60,921,526,-1,-1
00049369.jpg,487,60,921,526,-1,-1
00049370.jpg,489,61,923,527,1178,505
00049371.jpg,491,62,925,528,1178,505
00049372.jpg,494,64,928,530,1178,505
00049373.jpg,496,65,930,531,1178,505
00049374.jpg,497,67,931,533,1178,505
00049375.jpg,499,68,933,534,1178,505
00049376.jpg,499,69,933,535,1178,505
00049377.jpg,500,69,934,535,1178,505
00049378.jpg,501,69,935,535,1178,505
00049379.jpg,501,70,935,536,1178,505
00049380.jpg,502,70,936,536,-1,-1
00049381.jpg,503,71,937,537,-1,-1
00049382.jpg,503,70,937,536,-1,-1
00049383.jpg,504,69,938,535,-1,-1
00049384.jpg,504,68,938,534,-1,-1
00049385.jpg,507,67,941,533,-1,-1
00049386.jpg,511,65,945,531,-1,-1
00049387.jpg,514,62,948,528,-1,-1
00049388.jpg,517,61,951,527,-1,-1
00049389.jpg,521,62,955,528,-1,-1
00049390.jpg,526,64,960,530,-1,-1
00049391.jpg,528,66,962,532,1171,503
00049392.jpg,528,67,962,533,1171,503
00049393.jpg,527,69,961,535,1171,503
00049394.jpg,526,74,960,540,1173,501
00049395.jpg,524,78,958,544,1173,501
00049396.jpg,525,81,959,547,1171,501
00049397.jpg,528,84,962,550,1173,501
00049398.jpg,530,86,964,552,1173,501
00049399.jpg,533,87,967,553,1171,501
00049400.jpg,535,87,969,553,1169,498
00049401.jpg,537,87,971,553,-1,-1
00049402.jpg,537,86,971,552,-1,-1
00049403.jpg,536,85,970,551,-1,-1
00049404.jpg,535,85,969,551,-1,-1
00049405.jpg,533,84,967,550,-1,-1
00049406.jpg,532,84,966,550,-1,-1
00049407.jpg,529,83,963,549,-1,-1
00049408.jpg,528,84,962,550,-1,-1
00049409.jpg,525,84,959,550,-1,-1
00049410.jpg,523,84,957,550,-1,-1
00049411.jpg,520,83,954,549,-1,-1
00049412.jpg,518,82,952,548,-1,-1
00049413.jpg,516,82,950,548,-1,-1
00049414.jpg,515,82,949,548,-1,-1
00049415.jpg,515,82,949,548,-1,-1
00049416.jpg,515,82,949,548,-1,-1
00049417.jpg,515,82,949,548,-1,-1
00049418.jpg,517,83,951,549,-1,-1
00049419.jpg,518,85,952,551,-1,-1
00049420.jpg,519,85,953,551,-1,-1
00049421.jpg,520,85,954,551,-1,-1
00049422.jpg,521,85,955,551,-1,-1
00049423.jpg,521,84,955,550,-1,-1
00049424.jpg,521,84,955,550,-1,-1
00049425.jpg,522,84,956,550,-1,-1
00049426.jpg,523,84,957,550,-1,-1
00049427.jpg,524,84,958,550,-1,-1
00049428.jpg,525,84,959,550,-1,-1
00049429.jpg,526,83,960,549,1161,509
00049430.jpg,527,84,961,550,1161,509
00049431.jpg,529,85,963,551,1161,509
00049432.jpg,529,86,963,552,1161,509
00049433.jpg,529,85,963,551,1161,509
00049434.jpg,529,85,963,551,1164,509
00049435.jpg,528,84,962,550,1164,509
00049436.jpg,528,84,962,550,1164,509
00049437.jpg,528,85,962,551,1165,508
00049438.jpg,530,87,964,553,1165,508
00049439.jpg,533,91,967,557,1169,508
00049440.jpg,529,86,963,552,901,901
00049441.jpg,539,101,973,567,904,886
00049442.jpg,568,126,997,600,896,861
00049443.jpg,605,170,1010,632,901,843
00049444.jpg,605,170,1010,632,901,825
00049445.jpg,616,187,1021,649,899,805
00049446.jpg,630,206,1035,668,898,790
00049447.jpg,642,225,1047,687,898,778
00049448.jpg,654,244,1059,706,895,755
00049449.jpg,665,263,1070,725,886,749
00049450.jpg,674,278,1079,740,883,744
00049451.jpg,680,287,1085,749,881,744
00049452.jpg,684,293,1089,755,881,744
00049453.jpg,687,296,1092,758,881,744
00049454.jpg,690,296,1095,758,881,744
00049455.jpg,692,296,1097,758,881,744
00049456.jpg,695,295,1100,757,881,744
00049457.jpg,696,294,1101,756,881,744
00049458.jpg,697,292,1102,754,881,744
00049459.jpg,697,290,1102,752,881,744
00049460.jpg,693,280,1098,742,881,744
00049461.jpg,688,266,1093,728,891,759
00049462.jpg,680,249,1085,711,-1,-1
00049463.jpg,672,230,1077,692,-1,-1
00049464.jpg,665,215,1070,677,-1,-1
00049465.jpg,661,203,1066,665,-1,-1
00049466.jpg,652,187,1057,649,-1,-1
00049467.jpg,644,173,1049,635,-1,-1
00049468.jpg,638,164,1043,626,-1,-1
00049469.jpg,634,158,1039,620,-1,-1
00049470.jpg,631,153,1036,615,-1,-1
00049471.jpg,628,148,1033,610,-1,-1
00049472.jpg,626,145,1031,607,-1,-1
00049473.jpg,627,146,1042,616,-1,-1
00049474.jpg,627,146,1042,616,-1,-1
00049475.jpg,624,143,1039,613,-1,-1
00049476.jpg,621,140,1036,610,-1,-1
00049477.jpg,618,138,1033,608,-1,-1
00049478.jpg,615,135,1030,605,-1,-1
00049479.jpg,612,132,1027,602,-1,-1
00049480.jpg,608,129,1023,599,-1,-1
00049481.jpg,605,126,1020,596,-1,-1
00049482.jpg,601,121,1016,591,-1,-1
00049483.jpg,596,116,1011,586,-1,-1
00049484.jpg,590,108,1005,578,-1,-1
00049485.jpg,584,100,999,570,-1,-1
00049486.jpg,579,92,994,562,-1,-1
00049487.jpg,579,92,994,562,-1,-1
