00049366.jpg,1025,278,1401,687,-1,-1
00049367.jpg,1025,278,1401,687,-1,-1
00049368.jpg,1025,278,1401,687,-1,-1
00049369.jpg,1025,278,1401,687,-1,-1
00049370.jpg,1026,278,1402,687,-1,-1
00049371.jpg,1026,277,1402,686,-1,-1
00049372.jpg,1026,277,1402,686,-1,-1
00049373.jpg,1026,277,1402,686,-1,-1
00049374.jpg,1026,277,1402,686,-1,-1
00049375.jpg,1025,276,1401,685,-1,-1
00049376.jpg,1024,277,1400,686,-1,-1
00049377.jpg,1024,277,1400,686,-1,-1
00049378.jpg,1024,277,1400,686,-1,-1
00049379.jpg,1024,277,1400,686,-1,-1
00049380.jpg,1023,277,1399,686,-1,-1
00049381.jpg,1024,278,1400,687,-1,-1
00049382.jpg,1023,278,1399,687,-1,-1
00049383.jpg,1023,278,1399,687,-1,-1
00049384.jpg,1023,279,1399,688,-1,-1
00049385.jpg,1023,278,1399,687,-1,-1
00049386.jpg,1024,278,1400,687,-1,-1
00049387.jpg,1024,279,1400,688,-1,-1
00049388.jpg,1023,279,1399,688,-1,-1
00049389.jpg,1023,279,1399,688,-1,-1
00049390.jpg,1022,279,1398,688,-1,-1
00049391.jpg,1023,280,1399,689,-1,-1
00049392.jpg,1023,280,1399,689,573,610
00049393.jpg,1024,279,1400,688,573,610
00049394.jpg,1024,278,1400,687,573,610
00049395.jpg,1023,278,1399,687,570,611
00049396.jpg,1023,278,1399,687,565,615
00049397.jpg,1023,278,1399,687,565,615
00049398.jpg,1022,278,1398,687,565,615
00049399.jpg,1021,278,1397,687,560,614
00049400.jpg,1020,278,1396,687,553,606
00049401.jpg,1018,278,1394,687,553,606
00049402.jpg,1016,278,1392,687,550,599
00049403.jpg,1014,279,1390,688,541,600
00049404.jpg,1012,280,1388,689,540,599
00049405.jpg,1010,281,1386,690,540,605
00049406.jpg,1008,282,1384,691,541,600
00049407.jpg,1007,283,1383,692,543,601
00049408.jpg,1007,283,1383,692,534,594
00049409.jpg,1006,284,1382,693,534,601
00049410.jpg,1006,285,1382,694,528,598
00049411.jpg,1006,284,1382,693,525,599
00049412.jpg,1006,284,1382,693,521,604
00049413.jpg,1006,284,1382,693,521,611
00049414.jpg,1006,284,1382,693,525,611
00049415.jpg,1007,284,1383,693,533,613
00049416.jpg,1007,284,1383,693,529,618
00049417.jpg,1007,283,1383,692,526,614
00049418.jpg,1007,283,1383,692,530,615
00049419.jpg,1008,282,1384,691,533,610
00049420.jpg,1008,283,1384,692,533,610
00049421.jpg,1008,283,1384,692,533,610
00049422.jpg,1010,282,1386,691,-1,-1
00049423.jpg,1011,282,1387,691,-1,-1
00049424.jpg,1011,282,1387,691,-1,-1
00049425.jpg,1011,282,1387,691,-1,-1
00049426.jpg,1012,282,1388,691,-1,-1
00049427.jpg,1012,282,1388,691,-1,-1
00049428.jpg,1013,282,1389,691,-1,-1
00049429.jpg,1014,282,1390,691,-1,-1
00049430.jpg,1014,282,1390,691,-1,-1
00049431.jpg,1015,282,1391,691,-1,-1
00049432.jpg,1015,282,1391,691,-1,-1
00049433.jpg,1016,282,1392,691,-1,-1
00049434.jpg,1017,282,1393,691,-1,-1
00049435.jpg,1017,282,1393,691,-1,-1
00049436.jpg,1017,282,1393,691,-1,-1
00049437.jpg,1018,282,1394,691,-1,-1
00049438.jpg,1019,282,1395,691,-1,-1
00049439.jpg,1020,282,1396,691,-1,-1
00049440.jpg,1021,282,1397,691,-1,-1
00049441.jpg,1022,282,1398,691,-1,-1
00049442.jpg,1023,283,1399,692,-1,-1
00049443.jpg,1024,283,1400,692,-1,-1
00049444.jpg,1025,283,1401,692,-1,-1
00049445.jpg,1026,284,1402,693,-1,-1
00049446.jpg,1027,284,1403,693,-1,-1
00049447.jpg,1028,285,1404,694,-1,-1
00049448.jpg,1030,285,1406,694,-1,-1
00049449.jpg,1030,285,1406,694,-1,-1
00049450.jpg,1031,284,1407,693,-1,-1
00049451.jpg,1030,284,1406,693,-1,-1
00049452.jpg,1030,284,1406,693,-1,-1
00049453.jpg,1029,284,1405,693,-1,-1
00049454.jpg,1029,284,1405,693,-1,-1
00049455.jpg,1030,284,1406,693,-1,-1
00049456.jpg,1031,284,1407,693,-1,-1
00049457.jpg,1032,284,1408,693,-1,-1
00049458.jpg,1033,284,1409,693,-1,-1
00049459.jpg,1035,284,1411,693,-1,-1
00049460.jpg,1036,284,1412,693,-1,-1
00049461.jpg,1038,283,1414,692,-1,-1
00049462.jpg,1040,283,1416,692,-1,-1
00049463.jpg,1040,283,1416,692,-1,-1
00049464.jpg,1040,283,1416,692,-1,-1
00049465.jpg,1040,282,1416,691,-1,-1
00049466.jpg,1040,282,1416,691,-1,-1
00049467.jpg,1041,281,1417,690,-1,-1
00049468.jpg,1040,281,1416,690,-1,-1
00049469.jpg,1039,281,1415,690,-1,-1
00049470.jpg,1038,281,1414,690,-1,-1
00049471.jpg,1036,280,1412,689,-1,-1
00049472.jpg,1035,280,1411,689,-1,-1
00049473.jpg,1035,280,1411,689,-1,-1
00049474.jpg,1036,280,1412,689,-1,-1
00049475.jpg,1035,281,1411,690,-1,-1
00049476.jpg,1035,281,1411,690,-1,-1
00049477.jpg,1034,281,1410,690,-1,-1
00049478.jpg,1034,281,1410,690,-1,-1
00049479.jpg,1034,281,1410,690,-1,-1
00049480.jpg,1032,281,1408,690,-1,-1
00049481.jpg,1032,281,1408,690,-1,-1
00049482.jpg,1031,281,1407,690,-1,-1
00049483.jpg,1029,281,1405,690,-1,-1
00049484.jpg,1028,282,1404,691,-1,-1
00049485.jpg,1027,282,1403,691,-1,-1
00049486.jpg,1026,283,1402,692,-1,-1
00049487.jpg,1026,283,1402,692,-1,-1
