00000001.jpg,284,50,505,260,-1,-1
00000002.jpg,284,49,506,261,-1,-1
00000003.jpg,283,49,508,262,-1,-1
00000004.jpg,284,48,508,261,-1,-1
00000005.jpg,285,48,507,261,-1,-1
00000006.jpg,285,48,507,261,-1,-1
00000007.jpg,285,48,507,261,-1,-1
00000008.jpg,286,48,508,261,-1,-1
00000009.jpg,286,48,508,261,-1,-1
00000010.jpg,287,48,509,261,-1,-1
00000011.jpg,287,48,509,261,-1,-1
00000012.jpg,288,48,510,261,-1,-1
00000013.jpg,288,47,510,260,-1,-1
00000014.jpg,288,47,510,260,-1,-1
00000015.jpg,288,48,510,261,-1,-1
00000016.jpg,289,48,511,261,-1,-1
00000017.jpg,289,48,511,261,-1,-1
00000018.jpg,289,48,511,261,-1,-1
00000019.jpg,289,48,511,261,-1,-1
00000020.jpg,289,48,511,261,-1,-1
00000021.jpg,289,48,511,261,-1,-1
00000022.jpg,289,48,511,261,-1,-1
00000023.jpg,289,48,511,261,-1,-1
00000024.jpg,289,47,511,260,-1,-1
00000025.jpg,289,47,511,260,-1,-1
00000026.jpg,288,47,510,260,-1,-1
00000027.jpg,288,47,510,260,-1,-1
00000028.jpg,288,47,510,260,-1,-1
00000029.jpg,287,47,509,260,-1,-1
00000030.jpg,287,47,509,260,-1,-1
00000031.jpg,287,47,509,260,-1,-1
00000032.jpg,287,47,509,260,-1,-1
00000033.jpg,287,47,509,260,-1,-1
00000034.jpg,287,47,509,260,-1,-1
00000035.jpg,286,47,508,260,-1,-1
00000036.jpg,286,47,508,260,-1,-1
00000037.jpg,286,47,508,260,-1,-1
00000038.jpg,286,47,508,260,-1,-1
00000039.jpg,286,47,508,260,-1,-1
00000040.jpg,286,47,508,260,-1,-1
00000041.jpg,286,47,508,260,-1,-1
00000042.jpg,286,43,516,267,-1,-1
00000043.jpg,292,46,512,261,-1,-1
00000044.jpg,286,48,508,261,-1,-1
00000045.jpg,285,48,507,261,647,439
00000046.jpg,285,49,507,262,656,440
00000047.jpg,286,50,508,263,657,444
00000048.jpg,286,51,508,264,661,487
00000049.jpg,287,52,509,265,683,568
00000050.jpg,287,53,509,266,684,639
00000051.jpg,286,53,508,266,681,667
00000052.jpg,286,54,508,267,-1,-1
00000053.jpg,285,52,507,265,788,199
00000054.jpg,284,52,506,265,782,199
00000055.jpg,284,52,506,265,775,198
00000056.jpg,273,38,488,262,769,198
00000057.jpg,273,38,488,262,762,194
00000058.jpg,268,39,483,263,757,191
00000059.jpg,262,40,477,264,754,191
00000060.jpg,256,42,471,266,754,194
00000061.jpg,251,43,466,267,752,197
00000062.jpg,245,43,460,267,752,194
00000063.jpg,240,44,455,268,753,191
00000064.jpg,235,44,450,268,752,193
00000065.jpg,231,44,446,268,752,193
00000066.jpg,227,44,442,268,752,190
00000067.jpg,223,44,438,268,752,189
00000068.jpg,220,44,435,268,752,189
00000069.jpg,216,44,431,268,752,189
00000070.jpg,212,43,427,267,752,188
00000071.jpg,209,43,424,267,752,188
00000072.jpg,205,44,420,268,752,188
00000073.jpg,205,44,420,268,752,188
00000074.jpg,205,44,420,268,753,188
