00000072.jpg,659,172,759,269,900,245
00000073.jpg,659,172,759,269,902,244
00000074.jpg,659,172,759,269,904,245
00000075.jpg,659,172,759,269,904,245
00000076.jpg,659,172,759,269,904,245
00000077.jpg,659,172,759,269,904,245
00000078.jpg,659,172,759,269,904,245
00000079.jpg,659,171,759,268,904,245
00000080.jpg,659,171,759,268,902,245
00000081.jpg,658,171,758,268,902,245
00000082.jpg,658,171,758,268,905,246
00000083.jpg,658,171,758,268,905,247
00000084.jpg,658,172,758,269,905,251
00000085.jpg,658,172,758,269,907,253
00000086.jpg,658,172,758,269,-1,-1
00000087.jpg,658,172,758,269,-1,-1
00000088.jpg,658,172,758,269,-1,-1
00000089.jpg,658,171,758,268,-1,-1
00000090.jpg,659,171,759,268,-1,-1
00000091.jpg,659,170,759,267,-1,-1
00000092.jpg,658,170,758,267,-1,-1
00000093.jpg,656,169,756,266,-1,-1
00000094.jpg,656,169,756,266,-1,-1
00000095.jpg,655,168,755,265,-1,-1
00000096.jpg,654,167,754,264,-1,-1
00000097.jpg,653,167,753,264,-1,-1
00000098.jpg,653,166,753,263,-1,-1
00000099.jpg,653,166,753,263,-1,-1
00000100.jpg,653,166,753,263,-1,-1
00000101.jpg,653,166,753,263,-1,-1
00000102.jpg,653,166,753,263,-1,-1
00000103.jpg,653,165,753,262,-1,-1
00000104.jpg,653,165,753,262,-1,-1
00000105.jpg,654,165,754,262,-1,-1
00000106.jpg,654,165,754,262,-1,-1
00000107.jpg,654,165,754,262,-1,-1
00000108.jpg,654,165,754,262,-1,-1
00000109.jpg,654,165,754,262,-1,-1
00000110.jpg,654,165,754,262,-1,-1
00000111.jpg,654,165,754,262,-1,-1
00000112.jpg,654,165,754,262,-1,-1
00000113.jpg,654,165,754,262,-1,-1
00000114.jpg,654,165,754,262,-1,-1
00000115.jpg,654,165,754,262,-1,-1
00000116.jpg,654,165,754,262,-1,-1
00000117.jpg,653,165,753,262,-1,-1
00000118.jpg,653,165,753,262,-1,-1
00000119.jpg,652,165,752,262,-1,-1
00000120.jpg,652,165,752,262,-1,-1
00000121.jpg,652,165,752,262,-1,-1
00000122.jpg,652,166,752,263,-1,-1
00000123.jpg,653,166,753,263,-1,-1
00000124.jpg,653,165,753,262,-1,-1
00000125.jpg,652,166,752,263,-1,-1
00000126.jpg,652,165,752,262,-1,-1
00000127.jpg,652,165,752,262,-1,-1
00000128.jpg,652,165,752,262,-1,-1
00000129.jpg,652,165,752,262,-1,-1
00000130.jpg,652,165,752,262,-1,-1
00000131.jpg,652,165,752,262,-1,-1
00000132.jpg,652,165,752,262,-1,-1
00000133.jpg,652,165,752,262,-1,-1
00000134.jpg,651,165,751,262,-1,-1
00000135.jpg,650,165,750,262,-1,-1
00000136.jpg,650,165,750,262,-1,-1
00000137.jpg,648,164,748,261,-1,-1
00000138.jpg,645,164,745,261,-1,-1
00000139.jpg,643,163,743,260,-1,-1
00000140.jpg,640,163,740,260,-1,-1
00000141.jpg,636,163,736,260,-1,-1
00000142.jpg,636,163,736,260,-1,-1
00000143.jpg,632,163,732,260,-1,-1
00000144.jpg,627,163,727,260,-1,-1
00000145.jpg,621,162,721,259,-1,-1
00000146.jpg,615,163,715,260,-1,-1
00000147.jpg,609,163,709,260,-1,-1
00000148.jpg,609,163,709,260,-1,-1
00000149.jpg,604,163,704,260,-1,-1
00000150.jpg,598,163,698,260,-1,-1
00000151.jpg,593,163,693,260,-1,-1
00000152.jpg,589,163,689,260,-1,-1
00000153.jpg,584,162,684,259,-1,-1
00000154.jpg,584,162,684,259,-1,-1
00000155.jpg,579,162,679,259,-1,-1
00000156.jpg,575,160,675,257,-1,-1
00000157.jpg,569,159,669,256,-1,-1
00000158.jpg,563,157,663,254,-1,-1
00000159.jpg,557,155,657,252,-1,-1
00000160.jpg,557,155,657,252,-1,-1
00000161.jpg,549,153,649,250,-1,-1
00000162.jpg,541,151,641,248,-1,-1
00000163.jpg,534,149,634,246,-1,-1
00000164.jpg,527,147,627,244,-1,-1
00000165.jpg,522,144,622,241,-1,-1
00000166.jpg,522,144,622,241,-1,-1
00000167.jpg,519,140,619,237,-1,-1
00000168.jpg,518,136,618,233,-1,-1
00000169.jpg,518,134,618,231,-1,-1
00000170.jpg,518,131,618,228,-1,-1
00000171.jpg,518,129,618,226,-1,-1
00000172.jpg,518,129,618,226,-1,-1
00000173.jpg,518,128,618,225,-1,-1
00000174.jpg,517,127,617,224,-1,-1
00000175.jpg,518,127,618,224,-1,-1
00000176.jpg,518,126,618,223,-1,-1
00000177.jpg,519,126,619,223,-1,-1
00000178.jpg,519,126,619,223,-1,-1
00000179.jpg,520,126,620,223,-1,-1
00000180.jpg,520,126,620,223,-1,-1
