00011993.jpg,164,38,386,291,572,511
00011994.jpg,164,38,386,291,571,508
00011995.jpg,164,38,386,291,571,504
00011996.jpg,164,38,386,291,571,506
00011997.jpg,164,39,386,292,575,503
00011998.jpg,164,39,386,292,577,499
00011999.jpg,164,40,386,293,577,494
00012000.jpg,164,41,386,294,583,493
00012001.jpg,164,41,386,294,587,489
00012002.jpg,165,41,387,294,588,486
00012003.jpg,165,41,387,294,588,486
00012004.jpg,165,41,387,294,592,486
00012005.jpg,165,41,387,294,593,485
00012006.jpg,166,42,388,295,593,485
00012007.jpg,166,42,388,295,597,486
00012008.jpg,166,42,388,295,592,491
00012009.jpg,166,42,388,295,592,491
00012010.jpg,167,43,389,296,588,493
00012011.jpg,166,43,388,296,588,493
00012012.jpg,175,44,397,297,582,491
00012013.jpg,175,45,397,298,580,489
00012014.jpg,176,45,398,298,581,486
00012015.jpg,176,45,398,298,581,481
00012016.jpg,176,45,398,298,581,481
00012017.jpg,176,46,398,299,573,468
00012018.jpg,176,46,398,299,570,463
00012019.jpg,176,46,398,299,567,453
00012020.jpg,176,46,398,299,558,448
00012021.jpg,176,46,398,299,553,434
00012022.jpg,175,46,397,299,548,421
00012023.jpg,175,46,397,299,545,405
00012024.jpg,174,46,396,299,536,393
00012025.jpg,173,45,395,298,530,380
00012026.jpg,172,45,394,298,530,368
00012027.jpg,170,44,392,297,526,366
00012028.jpg,168,44,390,297,522,365
00012029.jpg,166,43,388,296,520,363
00012030.jpg,163,43,385,296,520,363
00012031.jpg,160,43,382,296,518,363
00012032.jpg,158,43,380,296,518,363
00012033.jpg,155,44,377,297,516,369
00012034.jpg,152,45,374,298,513,371
00012035.jpg,150,46,372,299,515,375
00012036.jpg,149,46,371,299,511,379
00012037.jpg,148,47,370,300,513,374
00012038.jpg,147,48,369,301,511,380
00012039.jpg,146,49,368,302,512,383
00012040.jpg,147,50,369,303,512,385
00012041.jpg,147,51,369,304,513,388
00012042.jpg,146,52,368,305,513,389
00012043.jpg,145,52,367,305,515,393
00012044.jpg,143,52,365,305,512,393
00012045.jpg,141,51,363,304,515,391
00012046.jpg,139,51,361,304,512,391
00012047.jpg,136,50,358,303,513,389
00012048.jpg,133,50,355,303,515,391
00012049.jpg,131,49,353,302,512,390
00012050.jpg,129,49,351,302,512,393
00012051.jpg,126,50,348,303,510,393
00012052.jpg,125,49,347,302,510,393
00012053.jpg,124,49,346,302,508,393
00012054.jpg,124,49,346,302,508,393
00012055.jpg,125,49,347,302,508,393
00012056.jpg,126,49,348,302,508,393
00012057.jpg,127,49,349,302,511,393
00012058.jpg,128,50,350,303,513,391
00012059.jpg,131,50,353,303,515,391
00012060.jpg,133,51,355,304,516,391
00012061.jpg,136,51,358,304,516,391
00012062.jpg,137,52,359,305,521,393
00012063.jpg,138,53,360,306,522,393
00012064.jpg,139,53,361,306,525,394
00012065.jpg,140,54,362,307,528,396
00012066.jpg,140,55,362,308,536,398
00012067.jpg,141,55,363,308,537,398
00012068.jpg,141,57,363,310,538,399
00012069.jpg,141,58,363,311,541,400
00012070.jpg,141,59,363,312,541,400
00012071.jpg,142,60,364,313,546,401
00012072.jpg,142,61,364,314,550,404
00012073.jpg,142,62,364,315,555,409
00012074.jpg,143,63,365,316,556,410
00012075.jpg,143,63,365,316,556,410
00012076.jpg,142,64,364,317,561,410
00012077.jpg,141,64,363,317,565,415
00012078.jpg,140,64,362,317,567,420
00012079.jpg,139,64,361,317,568,426
00012080.jpg,139,63,361,316,571,430
00012081.jpg,138,62,360,315,572,434
00012082.jpg,137,61,359,314,573,439
00012083.jpg,137,60,359,313,577,446
00012084.jpg,136,59,358,312,580,453
00012085.jpg,134,58,356,311,581,456
00012086.jpg,132,57,354,310,587,459
00012087.jpg,124,55,346,308,592,463
00012088.jpg,122,54,344,307,598,468
00012089.jpg,119,52,341,305,602,469
00012090.jpg,121,53,341,313,603,470
00012091.jpg,119,52,339,312,606,474
00012092.jpg,118,52,338,312,606,476
00012093.jpg,113,51,325,309,607,479
00012094.jpg,113,51,325,309,612,483
00012095.jpg,112,51,324,309,615,485
00012096.jpg,110,55,319,311,618,488
00012097.jpg,110,55,319,311,622,489
00012098.jpg,109,55,318,311,621,491
00012099.jpg,106,62,318,324,625,493
00012100.jpg,106,62,318,324,625,493
00012101.jpg,105,63,317,325,623,494
00012102.jpg,104,65,316,327,623,494
00012103.jpg,102,70,314,332,623,494
00012104.jpg,101,73,313,335,623,496
00012105.jpg,100,76,312,338,628,501
00012106.jpg,102,78,314,340,632,506
00012107.jpg,103,81,315,343,632,506
00012108.jpg,104,83,316,345,635,511
00012109.jpg,106,85,318,347,635,511
00012110.jpg,111,86,323,348,636,511
00012111.jpg,113,88,325,350,636,511
00012112.jpg,115,89,327,351,636,513
00012113.jpg,121,85,333,340,637,516
00012114.jpg,121,85,333,340,637,519
00012115.jpg,124,86,336,341,640,524
00012116.jpg,129,87,341,342,641,525
00012117.jpg,134,87,346,342,643,529
00012118.jpg,138,88,350,343,647,531
00012119.jpg,145,89,357,344,650,531
00012120.jpg,149,86,357,333,655,534
00012121.jpg,149,86,357,333,658,536
00012122.jpg,152,86,360,333,658,536
00012123.jpg,161,86,369,333,658,536
00012124.jpg,166,86,374,333,663,539
00012125.jpg,172,86,380,333,663,539
00012126.jpg,176,85,384,332,661,538
00012127.jpg,184,85,392,332,666,541
00012128.jpg,187,84,395,331,673,546
00012129.jpg,190,84,398,331,665,541
00012130.jpg,192,83,400,330,666,541
00012131.jpg,199,83,407,330,671,541
00012132.jpg,202,82,410,329,673,536
00012133.jpg,205,82,413,329,678,530
00012134.jpg,208,82,416,329,678,530
00012135.jpg,209,82,417,329,678,530
00012136.jpg,211,82,419,329,678,530
00012137.jpg,211,81,419,328,683,531
00012138.jpg,213,81,421,328,688,533
00012139.jpg,214,80,422,327,692,531
00012140.jpg,214,78,422,325,692,531
00012141.jpg,214,75,422,322,690,529
00012142.jpg,213,70,421,317,692,531
00012143.jpg,215,61,431,321,-1,-1
00012144.jpg,215,61,431,321,-1,-1
00012145.jpg,215,59,431,319,-1,-1
00012146.jpg,221,56,432,313,-1,-1
00012147.jpg,221,56,432,313,-1,-1
00012148.jpg,221,55,432,312,-1,-1
00012149.jpg,221,53,432,310,-1,-1
00012150.jpg,223,50,438,304,-1,-1
00012151.jpg,223,50,438,304,-1,-1
00012152.jpg,223,49,438,303,-1,-1
00012153.jpg,223,48,438,302,-1,-1
00012154.jpg,223,48,438,302,-1,-1
00012155.jpg,223,47,438,301,-1,-1
00012156.jpg,223,46,438,300,-1,-1
00012157.jpg,224,45,439,299,-1,-1
00012158.jpg,225,45,440,299,-1,-1
00012159.jpg,226,44,441,298,-1,-1
00012160.jpg,226,44,441,298,-1,-1
00012161.jpg,227,43,442,297,-1,-1
00012162.jpg,228,43,443,297,-1,-1
00012163.jpg,228,42,443,296,-1,-1
00012164.jpg,229,41,444,295,-1,-1
00012165.jpg,230,40,445,294,-1,-1
00012166.jpg,230,40,445,294,-1,-1
00012167.jpg,231,39,446,293,-1,-1
00012168.jpg,233,39,448,293,-1,-1
00012169.jpg,234,38,449,292,-1,-1
00012170.jpg,234,38,449,292,-1,-1
00012171.jpg,235,38,450,292,-1,-1
00012172.jpg,236,36,451,290,-1,-1
00012173.jpg,237,35,452,289,-1,-1
00012174.jpg,236,32,451,286,-1,-1
00012175.jpg,236,31,451,285,-1,-1
00012176.jpg,236,30,451,284,-1,-1
00012177.jpg,237,30,452,284,-1,-1
00012178.jpg,237,29,452,283,-1,-1
00012179.jpg,237,29,452,283,-1,-1
00012180.jpg,238,29,453,283,-1,-1
00012181.jpg,240,29,455,283,-1,-1
00012182.jpg,242,29,457,283,-1,-1
00012183.jpg,243,29,458,283,-1,-1
00012184.jpg,247,31,462,285,-1,-1
00012185.jpg,249,33,464,287,-1,-1
00012186.jpg,249,38,464,292,-1,-1
00012187.jpg,257,40,472,294,-1,-1
00012188.jpg,259,43,474,297,708,546
00012189.jpg,261,46,476,300,706,546
00012190.jpg,260,53,475,307,705,548
00012191.jpg,260,54,475,308,707,548
00012192.jpg,263,52,469,311,705,549
00012193.jpg,263,52,469,311,706,548
00012194.jpg,263,52,469,311,705,549
00012195.jpg,267,50,464,317,706,549
00012196.jpg,267,50,464,317,703,548
00012197.jpg,267,50,464,317,706,548
00012198.jpg,273,43,473,311,705,548
00012199.jpg,273,43,473,311,702,548
00012200.jpg,272,43,472,311,705,548
00012201.jpg,275,44,472,316,705,548
00012202.jpg,275,44,472,316,705,548
00012203.jpg,279,47,480,313,705,549
00012204.jpg,279,47,480,313,705,549
00012205.jpg,278,47,479,313,705,549
00012206.jpg,283,51,483,312,705,549
00012207.jpg,283,51,483,312,705,549
00012208.jpg,281,53,495,309,703,549
00012209.jpg,281,53,495,309,700,546
00012210.jpg,280,53,494,309,696,545
00012211.jpg,279,54,493,310,695,545
00012212.jpg,278,54,492,310,692,545
00012213.jpg,286,58,500,314,691,545
00012214.jpg,288,59,502,315,691,545
00012215.jpg,289,60,503,316,688,545
00012216.jpg,289,61,503,317,687,544
00012217.jpg,289,62,503,318,687,544
00012218.jpg,290,63,504,319,685,543
00012219.jpg,291,63,505,319,685,543
00012220.jpg,293,63,507,319,685,543
00012221.jpg,294,62,508,318,685,543
00012222.jpg,294,62,508,318,685,543
00012223.jpg,293,62,507,318,685,543
00012224.jpg,293,62,507,318,685,540
00012225.jpg,292,62,506,318,685,538
00012226.jpg,291,63,505,319,685,536
00012227.jpg,291,63,505,319,685,536
00012228.jpg,291,64,505,320,683,539
00012229.jpg,296,64,510,320,683,539
00012230.jpg,297,65,511,321,683,536
00012231.jpg,297,65,511,321,683,536
00012232.jpg,296,65,510,321,683,536
00012233.jpg,296,65,510,321,683,536
00012234.jpg,294,65,508,321,683,536
00012235.jpg,293,65,507,321,683,536
00012236.jpg,292,66,506,322,683,536
00012237.jpg,291,66,505,322,683,535
00012238.jpg,290,66,504,322,683,535
00012239.jpg,289,66,503,322,682,534
00012240.jpg,288,65,502,321,682,534
00012241.jpg,287,65,501,321,678,533
00012242.jpg,286,64,500,320,678,531
00012243.jpg,287,64,501,320,678,531
00012244.jpg,288,63,502,319,678,531
00012245.jpg,287,62,501,318,678,531
00012246.jpg,286,62,500,318,678,531
00012247.jpg,284,61,498,317,678,531
00012248.jpg,283,61,497,317,678,531
00012249.jpg,282,61,496,317,678,530
00012250.jpg,280,61,494,317,678,530
00012251.jpg,279,60,493,316,677,530
00012252.jpg,277,60,491,316,676,530
00012253.jpg,276,61,490,317,676,530
00012254.jpg,275,61,489,317,675,524
00012255.jpg,274,61,488,317,675,524
00012256.jpg,272,62,486,318,675,524
00012257.jpg,271,62,485,318,675,524
00012258.jpg,270,62,484,318,673,520
00012259.jpg,269,62,483,318,681,500
00012260.jpg,269,62,483,318,680,495
00012261.jpg,267,61,481,317,675,491
00012262.jpg,268,61,482,317,670,489
00012263.jpg,270,59,484,315,666,485
00012264.jpg,269,58,483,314,662,483
00012265.jpg,268,57,482,313,658,481
00012266.jpg,267,55,481,311,650,478
00012267.jpg,266,54,480,310,648,478
00012268.jpg,265,54,479,310,641,476
00012269.jpg,263,53,477,309,638,480
00012270.jpg,262,52,476,308,637,480
00012271.jpg,260,52,474,308,635,479
00012272.jpg,259,51,473,307,631,478
00012273.jpg,258,50,472,306,627,478
00012274.jpg,256,50,470,306,623,479
00012275.jpg,255,50,469,306,620,479
00012276.jpg,254,50,468,306,620,479
00012277.jpg,253,50,467,306,620,479
00012278.jpg,252,50,466,306,620,479
00012279.jpg,251,49,465,305,621,479
00012280.jpg,251,48,465,304,621,479
00012281.jpg,259,47,473,303,621,479
00012282.jpg,258,46,472,302,621,479
00012283.jpg,258,45,472,301,622,479
00012284.jpg,257,44,471,300,622,479
00012285.jpg,257,43,471,299,622,479
00012286.jpg,257,43,471,299,622,479
00012287.jpg,269,45,483,301,622,479
00012288.jpg,269,45,483,301,622,479
00012289.jpg,269,45,483,301,622,479
00012290.jpg,283,46,497,302,623,480
00012291.jpg,283,46,497,302,626,481
00012292.jpg,283,46,497,302,630,481
00012293.jpg,282,47,496,303,630,481
00012294.jpg,281,48,495,304,630,481
00012295.jpg,294,48,508,304,632,481
00012296.jpg,293,50,507,306,633,479
00012297.jpg,294,55,508,311,632,479
00012298.jpg,295,58,509,314,636,479
00012299.jpg,295,61,509,317,637,479
00012300.jpg,296,62,510,318,638,478
00012301.jpg,304,60,518,316,640,478
00012302.jpg,303,60,517,316,640,478
00012303.jpg,303,60,517,316,640,478
00012304.jpg,302,59,516,315,640,478
00012305.jpg,308,60,522,316,637,479
00012306.jpg,309,59,523,315,635,480
00012307.jpg,308,59,522,315,631,481
00012308.jpg,308,59,522,315,628,483
00012309.jpg,308,59,522,315,627,483
00012310.jpg,308,58,522,314,625,484
00012311.jpg,308,58,522,314,622,485
00012312.jpg,315,54,529,310,618,486
00012313.jpg,315,52,529,308,613,489
00012314.jpg,314,49,528,305,610,490
00012315.jpg,313,47,527,303,600,498
00012316.jpg,310,46,524,302,598,496
00012317.jpg,309,45,523,301,596,495
00012318.jpg,308,43,522,299,596,494
00012319.jpg,307,42,521,298,600,495
00012320.jpg,306,39,520,295,590,490
00012321.jpg,305,37,519,293,600,495
00012322.jpg,304,36,518,292,585,490
00012323.jpg,300,38,514,294,585,490
00012324.jpg,296,38,510,294,581,490
00012325.jpg,295,38,509,294,581,491
00012326.jpg,294,37,508,293,581,498
00012327.jpg,294,37,508,293,583,509
00012328.jpg,281,37,495,293,592,524
00012329.jpg,281,37,495,293,601,543
00012330.jpg,280,37,494,293,612,558
00012331.jpg,279,37,493,293,620,573
00012332.jpg,278,36,492,292,623,588
00012333.jpg,276,35,490,291,631,609
00012334.jpg,274,35,488,291,635,623
00012335.jpg,272,35,486,291,643,640
00012336.jpg,270,36,484,292,653,658
00012337.jpg,267,37,481,293,660,674
00012338.jpg,266,37,480,293,667,694
00012339.jpg,265,37,479,293,671,703
00012340.jpg,264,37,478,293,688,703
00012341.jpg,263,36,477,292,707,708
00012342.jpg,263,35,477,291,723,706
00012343.jpg,262,34,476,290,-1,-1
00012344.jpg,260,32,474,288,-1,-1
00012345.jpg,258,29,472,285,-1,-1
00012346.jpg,252,26,466,282,-1,-1
00012347.jpg,247,25,461,281,-1,-1
00012348.jpg,247,25,461,281,-1,-1
