00011993.jpg,558,98,757,344,567,511
00011994.jpg,558,98,757,344,567,508
00011995.jpg,557,99,756,345,570,508
00011996.jpg,556,99,755,345,571,503
00011997.jpg,555,100,754,346,573,499
00011998.jpg,554,100,753,346,575,495
00011999.jpg,553,100,752,346,575,495
00012000.jpg,552,100,751,346,576,491
00012001.jpg,551,100,750,346,581,488
00012002.jpg,550,100,749,346,586,485
00012003.jpg,550,100,749,346,587,485
00012004.jpg,549,100,748,346,592,484
00012005.jpg,548,100,747,346,598,484
00012006.jpg,547,100,746,346,600,485
00012007.jpg,547,101,746,347,600,488
00012008.jpg,546,101,745,347,598,489
00012009.jpg,545,101,744,347,596,490
00012010.jpg,545,102,744,348,590,493
00012011.jpg,544,104,743,350,586,491
00012012.jpg,548,108,747,354,582,491
00012013.jpg,549,108,748,354,578,486
00012014.jpg,549,108,748,354,580,484
00012015.jpg,549,108,748,354,580,478
00012016.jpg,549,107,748,353,580,473
00012017.jpg,549,105,748,351,575,469
00012018.jpg,550,104,749,350,566,460
00012019.jpg,550,103,749,349,565,454
00012020.jpg,551,102,750,348,560,441
00012021.jpg,553,102,752,348,550,426
00012022.jpg,554,102,753,348,546,419
00012023.jpg,554,103,753,349,543,406
00012024.jpg,554,103,753,349,540,399
00012025.jpg,553,102,752,348,532,384
00012026.jpg,552,102,751,348,-1,-1
00012027.jpg,550,102,749,348,-1,-1
00012028.jpg,548,101,747,347,-1,-1
00012029.jpg,545,101,744,347,-1,-1
00012030.jpg,538,99,737,345,-1,-1
00012031.jpg,536,99,735,345,-1,-1
00012032.jpg,534,99,733,345,-1,-1
00012033.jpg,533,99,732,345,-1,-1
00012034.jpg,531,99,730,345,-1,-1
00012035.jpg,530,100,729,346,-1,-1
00012036.jpg,529,100,728,346,-1,-1
00012037.jpg,538,102,737,348,-1,-1
00012038.jpg,538,102,737,348,-1,-1
00012039.jpg,537,103,736,349,-1,-1
00012040.jpg,537,103,736,349,-1,-1
00012041.jpg,536,103,735,349,-1,-1
00012042.jpg,535,103,734,349,-1,-1
00012043.jpg,534,103,733,349,-1,-1
00012044.jpg,532,103,731,349,-1,-1
00012045.jpg,530,102,729,348,-1,-1
00012046.jpg,528,102,727,348,-1,-1
00012047.jpg,526,102,725,348,-1,-1
00012048.jpg,524,102,723,348,-1,-1
00012049.jpg,521,102,720,348,-1,-1
00012050.jpg,519,102,718,348,-1,-1
00012051.jpg,518,102,717,348,-1,-1
00012052.jpg,518,102,717,348,-1,-1
00012053.jpg,518,102,717,348,-1,-1
00012054.jpg,528,104,727,350,-1,-1
00012055.jpg,528,104,727,350,-1,-1
00012056.jpg,529,104,728,350,-1,-1
00012057.jpg,530,104,729,350,-1,-1
00012058.jpg,532,105,731,351,-1,-1
00012059.jpg,533,105,732,351,-1,-1
00012060.jpg,534,105,733,351,-1,-1
00012061.jpg,536,106,735,352,-1,-1
00012062.jpg,537,106,736,352,-1,-1
00012063.jpg,539,107,738,353,-1,-1
00012064.jpg,541,107,740,353,-1,-1
00012065.jpg,543,108,742,354,-1,-1
00012066.jpg,544,108,743,354,-1,-1
00012067.jpg,546,109,745,355,-1,-1
00012068.jpg,547,110,746,356,-1,-1
00012069.jpg,548,111,747,357,-1,-1
00012070.jpg,549,112,748,358,-1,-1
00012071.jpg,550,113,749,359,-1,-1
00012072.jpg,550,114,749,360,-1,-1
00012073.jpg,551,115,750,361,-1,-1
00012074.jpg,552,116,751,362,-1,-1
00012075.jpg,554,117,753,363,-1,-1
00012076.jpg,558,117,757,363,651,393
00012077.jpg,560,118,759,364,566,414
00012078.jpg,560,119,759,365,568,421
00012079.jpg,560,119,759,365,570,428
00012080.jpg,561,120,760,366,575,428
00012081.jpg,561,121,760,367,575,435
00012082.jpg,561,124,760,370,578,440
00012083.jpg,561,126,760,372,580,449
00012084.jpg,561,127,760,373,585,451
00012085.jpg,562,130,761,376,586,456
00012086.jpg,563,133,762,379,590,460
00012087.jpg,564,135,763,381,593,464
00012088.jpg,565,136,764,382,596,466
00012089.jpg,564,140,763,386,600,468
00012090.jpg,563,141,762,387,601,471
00012091.jpg,563,142,762,388,603,474
00012092.jpg,563,143,762,389,603,480
00012093.jpg,563,144,762,390,606,481
00012094.jpg,564,146,763,392,611,484
00012095.jpg,565,147,764,393,616,488
00012096.jpg,565,148,764,394,621,489
00012097.jpg,565,149,764,395,622,489
00012098.jpg,565,150,764,396,625,491
00012099.jpg,570,150,769,396,626,491
00012100.jpg,572,152,771,398,626,491
00012101.jpg,573,153,772,399,626,493
00012102.jpg,574,153,773,399,628,493
00012103.jpg,575,153,774,399,630,495
00012104.jpg,576,153,775,399,630,496
00012105.jpg,577,153,776,399,630,496
00012106.jpg,579,153,778,399,630,500
00012107.jpg,580,153,779,399,630,503
00012108.jpg,582,154,781,400,630,504
00012109.jpg,584,154,783,400,631,508
00012110.jpg,585,155,784,401,632,508
00012111.jpg,586,155,785,401,632,508
00012112.jpg,587,155,786,401,636,513
00012113.jpg,589,156,788,402,636,513
00012114.jpg,593,157,792,403,637,514
00012115.jpg,595,157,794,403,641,523
00012116.jpg,596,157,795,403,643,526
00012117.jpg,598,157,797,403,646,528
00012118.jpg,599,157,798,403,646,531
00012119.jpg,597,156,796,402,650,533
00012120.jpg,597,155,796,401,656,534
00012121.jpg,600,153,796,393,656,534
00012122.jpg,600,153,796,393,660,535
00012123.jpg,602,152,798,392,660,535
00012124.jpg,604,151,800,391,662,536
00012125.jpg,606,150,802,390,662,536
00012126.jpg,609,150,805,390,662,538
00012127.jpg,612,149,808,389,666,539
00012128.jpg,615,148,811,388,672,541
00012129.jpg,618,146,814,386,676,543
00012130.jpg,621,145,817,385,677,543
00012131.jpg,624,145,820,385,681,543
00012132.jpg,627,144,823,384,686,540
00012133.jpg,629,143,825,383,687,538
00012134.jpg,630,142,826,382,695,536
00012135.jpg,632,142,828,382,700,535
00012136.jpg,634,142,830,382,700,535
00012137.jpg,636,141,832,381,700,535
00012138.jpg,638,141,834,381,698,533
00012139.jpg,639,141,835,381,698,533
00012140.jpg,640,141,836,381,698,533
00012141.jpg,642,140,838,380,701,531
00012142.jpg,643,140,839,380,701,531
00012143.jpg,644,140,840,380,701,531
00012144.jpg,646,140,842,380,703,531
00012145.jpg,647,139,843,379,705,528
00012146.jpg,648,139,844,379,705,526
00012147.jpg,649,139,845,379,705,526
00012148.jpg,649,138,845,378,705,526
00012149.jpg,650,138,846,378,706,526
00012150.jpg,651,138,847,378,706,526
00012151.jpg,651,138,847,378,706,526
00012152.jpg,651,138,847,378,706,526
00012153.jpg,651,138,847,378,703,523
00012154.jpg,651,138,847,378,703,523
00012155.jpg,651,138,847,378,703,523
00012156.jpg,651,139,847,379,703,523
00012157.jpg,651,139,847,379,703,523
00012158.jpg,651,139,847,379,703,523
00012159.jpg,651,139,847,379,700,521
00012160.jpg,651,140,847,380,700,521
00012161.jpg,650,140,846,380,698,521
00012162.jpg,650,140,846,380,697,521
00012163.jpg,649,141,845,381,697,523
00012164.jpg,649,141,845,381,697,525
00012165.jpg,648,141,844,381,696,526
00012166.jpg,648,141,844,381,695,526
00012167.jpg,648,141,844,381,695,526
00012168.jpg,647,142,843,382,695,526
00012169.jpg,647,142,843,382,695,526
00012170.jpg,647,142,843,382,693,526
00012171.jpg,647,142,843,382,693,526
00012172.jpg,647,142,843,382,693,526
00012173.jpg,646,142,842,382,693,526
00012174.jpg,646,142,842,382,693,526
00012175.jpg,645,142,841,382,693,526
00012176.jpg,644,142,840,382,692,526
00012177.jpg,644,142,840,382,691,528
00012178.jpg,644,141,840,381,691,528
00012179.jpg,643,141,839,381,690,530
00012180.jpg,643,141,839,381,688,534
00012181.jpg,644,141,840,381,690,535
00012182.jpg,645,141,841,381,691,535
00012183.jpg,645,141,841,381,691,539
00012184.jpg,644,140,840,380,692,540
00012185.jpg,644,140,840,380,695,540
00012186.jpg,643,139,839,379,695,540
00012187.jpg,643,138,839,378,695,541
00012188.jpg,642,138,838,378,695,541
00012189.jpg,641,138,837,378,698,543
00012190.jpg,641,138,837,378,698,543
00012191.jpg,640,137,836,377,697,541
00012192.jpg,640,137,836,377,696,541
00012193.jpg,640,137,836,377,696,541
00012194.jpg,640,136,836,376,696,541
00012195.jpg,640,136,836,376,696,541
00012196.jpg,639,135,835,375,696,541
00012197.jpg,639,135,835,375,692,541
00012198.jpg,638,134,834,374,691,539
00012199.jpg,637,134,833,374,693,541
00012200.jpg,636,133,832,373,693,541
00012201.jpg,634,133,830,373,693,541
00012202.jpg,633,133,829,373,693,541
00012203.jpg,631,132,827,372,693,541
00012204.jpg,630,132,826,372,693,541
00012205.jpg,628,132,824,372,691,541
00012206.jpg,627,132,823,372,690,540
00012207.jpg,626,132,822,372,690,540
00012208.jpg,625,132,821,372,688,540
00012209.jpg,624,132,820,372,685,539
00012210.jpg,624,133,820,373,685,539
00012211.jpg,623,133,819,373,682,538
00012212.jpg,622,133,818,373,682,538
00012213.jpg,621,134,817,374,682,538
00012214.jpg,620,133,816,373,680,538
00012215.jpg,618,133,814,373,680,538
00012216.jpg,617,133,813,373,680,538
00012217.jpg,616,132,812,372,680,538
00012218.jpg,621,130,819,367,680,538
00012219.jpg,621,130,819,367,680,538
00012220.jpg,620,129,818,366,680,538
00012221.jpg,620,129,818,366,678,538
00012222.jpg,619,128,817,365,678,535
00012223.jpg,619,128,817,365,678,534
00012224.jpg,618,128,816,365,678,534
00012225.jpg,618,128,816,365,678,534
00012226.jpg,618,128,816,365,678,534
00012227.jpg,618,128,816,365,678,534
00012228.jpg,617,129,815,366,678,534
00012229.jpg,616,129,814,366,678,530
00012230.jpg,615,129,813,366,678,534
00012231.jpg,615,130,813,367,678,534
00012232.jpg,620,128,808,356,678,534
00012233.jpg,620,128,808,356,678,534
00012234.jpg,619,128,807,356,678,534
00012235.jpg,619,128,807,356,678,534
00012236.jpg,618,127,806,355,678,534
00012237.jpg,617,127,805,355,678,534
00012238.jpg,617,127,805,355,678,534
00012239.jpg,616,126,804,354,678,534
00012240.jpg,616,126,804,354,678,534
00012241.jpg,616,126,804,354,678,533
00012242.jpg,615,125,803,353,678,533
00012243.jpg,615,125,803,353,676,530
00012244.jpg,614,124,802,352,676,526
00012245.jpg,613,124,801,352,676,526
00012246.jpg,613,123,801,351,676,526
00012247.jpg,612,123,800,351,676,526
00012248.jpg,611,122,799,350,675,526
00012249.jpg,610,122,798,350,675,526
00012250.jpg,610,122,798,350,672,525
00012251.jpg,609,122,797,350,672,525
00012252.jpg,608,122,796,350,672,525
00012253.jpg,608,122,796,350,672,525
00012254.jpg,607,122,795,350,672,525
00012255.jpg,606,122,794,350,672,525
00012256.jpg,606,123,794,351,671,525
00012257.jpg,605,123,793,351,671,525
00012258.jpg,605,123,793,351,671,523
00012259.jpg,605,123,793,351,671,523
00012260.jpg,604,123,792,351,671,523
00012261.jpg,604,123,792,351,672,519
00012262.jpg,603,122,791,350,676,519
00012263.jpg,603,122,791,350,676,516
00012264.jpg,602,121,790,349,677,520
00012265.jpg,602,121,790,349,681,518
00012266.jpg,601,120,789,348,677,518
00012267.jpg,600,120,788,348,676,516
00012268.jpg,599,119,787,347,672,516
00012269.jpg,599,119,787,347,676,516
00012270.jpg,598,118,786,346,670,514
00012271.jpg,598,114,786,342,673,514
00012272.jpg,597,113,785,341,653,500
00012273.jpg,596,113,784,341,647,495
00012274.jpg,596,112,784,340,640,491
00012275.jpg,596,111,784,339,637,489
00012276.jpg,596,110,784,338,633,488
00012277.jpg,595,111,783,339,638,488
00012278.jpg,595,110,783,338,638,488
00012279.jpg,594,110,782,338,638,488
00012280.jpg,593,110,781,338,640,489
00012281.jpg,593,109,781,337,640,489
00012282.jpg,592,108,780,336,640,489
00012283.jpg,592,108,780,336,640,489
00012284.jpg,592,107,780,335,640,489
00012285.jpg,602,108,787,331,640,490
00012286.jpg,602,108,787,331,638,491
00012287.jpg,602,108,787,331,638,491
00012288.jpg,602,108,787,331,638,491
00012289.jpg,602,107,787,330,640,491
00012290.jpg,605,108,790,331,640,491
00012291.jpg,606,107,791,330,643,485
00012292.jpg,607,107,792,330,643,485
00012293.jpg,608,106,793,329,643,485
00012294.jpg,610,104,795,327,643,485
00012295.jpg,611,104,796,327,643,485
00012296.jpg,614,106,799,329,646,486
00012297.jpg,615,106,800,329,647,486
00012298.jpg,615,106,800,329,647,481
00012299.jpg,615,107,800,330,651,484
00012300.jpg,616,108,801,331,651,484
00012301.jpg,617,109,802,332,653,484
00012302.jpg,619,109,804,332,653,484
00012303.jpg,623,109,808,332,643,495
00012304.jpg,623,108,808,331,656,486
00012305.jpg,624,107,809,330,668,479
00012306.jpg,624,104,809,327,671,476
00012307.jpg,624,103,809,326,673,471
00012308.jpg,624,101,809,324,682,465
00012309.jpg,624,100,809,323,683,465
00012310.jpg,629,96,814,319,686,463
00012311.jpg,629,95,814,318,686,460
00012312.jpg,628,96,813,319,686,456
00012313.jpg,627,98,812,321,687,451
00012314.jpg,626,99,811,322,690,446
00012315.jpg,626,100,811,323,701,443
00012316.jpg,626,100,811,323,708,441
00012317.jpg,625,101,810,324,712,438
00012318.jpg,625,101,810,324,717,438
00012319.jpg,625,100,810,323,722,438
00012320.jpg,625,100,810,323,723,438
00012321.jpg,625,98,810,321,723,438
00012322.jpg,628,93,807,319,723,438
00012323.jpg,628,93,807,319,723,438
00012324.jpg,628,93,807,319,721,438
00012325.jpg,627,92,806,318,713,438
00012326.jpg,626,92,805,318,615,508
00012327.jpg,626,92,805,318,613,516
00012328.jpg,625,92,804,318,613,520
00012329.jpg,624,92,803,318,613,545
00012330.jpg,622,92,801,318,616,566
00012331.jpg,621,92,800,318,626,589
00012332.jpg,620,92,799,318,632,599
00012333.jpg,619,92,798,318,632,606
00012334.jpg,618,92,797,318,632,616
00012335.jpg,616,92,795,318,638,635
00012336.jpg,616,93,795,319,656,654
00012337.jpg,615,93,794,319,658,661
00012338.jpg,614,93,793,319,660,669
00012339.jpg,613,93,792,319,668,689
00012340.jpg,612,93,791,319,678,694
00012341.jpg,611,93,790,319,697,695
00012342.jpg,610,92,789,318,713,700
00012343.jpg,608,91,787,317,745,703
00012344.jpg,606,89,785,315,761,703
00012345.jpg,604,88,783,314,765,704
00012346.jpg,602,86,781,312,-1,-1
00012347.jpg,601,85,780,311,-1,-1
00012348.jpg,601,85,780,311,-1,-1
