00007947.jpg,303,107,479,273,148,167
00007948.jpg,303,107,479,273,148,167
00007949.jpg,303,107,479,273,150,167
00007950.jpg,303,107,479,273,152,167
00007951.jpg,308,107,484,273,154,167
00007952.jpg,313,107,489,273,158,169
00007953.jpg,316,108,492,274,159,169
00007954.jpg,316,108,492,274,159,169
00007955.jpg,318,109,494,275,159,169
00007956.jpg,320,109,496,275,157,169
00007957.jpg,320,109,496,275,157,169
00007958.jpg,319,108,495,274,155,169
00007959.jpg,319,108,495,274,155,169
00007960.jpg,317,107,493,273,150,167
00007961.jpg,311,105,487,271,143,167
00007962.jpg,302,104,478,270,134,166
00007963.jpg,295,103,471,269,122,166
00007964.jpg,295,103,471,269,123,166
00007965.jpg,291,102,467,268,118,166
00007966.jpg,289,102,465,268,116,167
00007967.jpg,290,102,466,268,118,167
00007968.jpg,292,102,468,268,120,166
00007969.jpg,292,102,468,268,121,166
00007970.jpg,295,102,471,268,122,165
00007971.jpg,298,100,474,266,121,168
00007972.jpg,300,98,476,264,123,166
00007973.jpg,301,95,477,261,122,164
00007974.jpg,301,95,477,261,122,164
00007975.jpg,300,93,476,259,122,164
00007976.jpg,297,92,473,258,119,162
00007977.jpg,292,91,468,257,119,163
00007978.jpg,290,87,474,269,111,159
00007979.jpg,290,87,474,269,111,159
00007980.jpg,285,88,469,270,108,158
00007981.jpg,281,91,465,273,107,159
00007982.jpg,280,94,464,276,106,162
00007983.jpg,281,97,465,279,109,162
00007984.jpg,281,97,465,279,109,162
00007985.jpg,283,98,467,280,112,158
00007986.jpg,284,99,468,281,114,157
00007987.jpg,285,98,469,280,113,157
00007988.jpg,286,97,470,279,115,155
00007989.jpg,286,97,470,279,118,154
00007990.jpg,287,95,471,277,119,150
00007991.jpg,288,93,472,275,110,282
00007992.jpg,290,92,474,274,171,384
00007993.jpg,293,91,477,273,171,384
00007994.jpg,293,91,477,273,171,384
00007995.jpg,298,91,482,273,171,384
00007996.jpg,304,91,488,273,173,384
00007997.jpg,310,92,494,274,172,384
00007998.jpg,316,94,500,276,171,384
00007999.jpg,316,94,500,276,172,385
00008000.jpg,322,97,506,279,172,385
00008001.jpg,327,99,511,281,173,385
00008002.jpg,331,101,515,283,173,386
00008003.jpg,334,101,518,283,173,387
00008004.jpg,329,99,513,291,172,391
00008005.jpg,329,99,513,291,171,393
00008006.jpg,331,99,515,291,170,395
00008007.jpg,334,100,518,292,168,397
00008008.jpg,336,101,520,293,166,400
00008009.jpg,336,101,520,293,162,404
00008010.jpg,339,102,523,294,161,405
00008011.jpg,340,103,524,295,160,406
00008012.jpg,342,104,526,296,156,408
00008013.jpg,343,105,527,297,147,410
00008014.jpg,343,105,527,297,146,411
00008015.jpg,343,107,527,299,146,411
00008016.jpg,343,108,527,300,138,409
00008017.jpg,343,109,527,301,136,407
00008018.jpg,342,110,526,302,131,406
00008019.jpg,342,110,526,302,129,405
00008020.jpg,340,110,524,302,126,404
00008021.jpg,337,110,521,302,127,404
00008022.jpg,334,109,518,301,125,405
00008023.jpg,332,107,516,299,122,402
00008024.jpg,332,107,516,299,122,402
00008025.jpg,330,105,514,297,122,402
00008026.jpg,327,103,511,295,121,400
00008027.jpg,326,101,510,293,121,400
00008028.jpg,325,99,509,291,121,400
00008029.jpg,325,99,509,291,121,400
00008030.jpg,324,98,508,290,121,400
00008031.jpg,323,98,507,290,121,400
00008032.jpg,323,98,507,290,123,400
