00002648.jpg,63,8,470,443,652,258
00002649.jpg,63,8,470,443,652,258
00002650.jpg,63,8,470,443,658,257
00002651.jpg,63,8,470,443,661,259
00002652.jpg,64,8,471,443,661,259
00002653.jpg,64,8,471,443,661,259
00002654.jpg,65,8,472,443,661,259
00002655.jpg,65,8,472,443,666,259
00002656.jpg,65,8,472,443,667,256
00002657.jpg,65,8,472,443,667,256
00002658.jpg,66,8,473,443,673,259
00002659.jpg,66,8,473,443,673,258
00002660.jpg,66,8,473,443,673,256
00002661.jpg,66,8,473,443,673,256
00002662.jpg,66,7,473,442,673,256
00002663.jpg,66,7,473,442,672,258
00002664.jpg,66,7,473,442,672,258
00002665.jpg,66,7,473,442,672,258
00002666.jpg,66,7,473,442,673,258
00002667.jpg,67,6,474,441,674,258
00002668.jpg,67,6,474,441,673,259
00002669.jpg,67,6,474,441,673,259
00002670.jpg,68,6,475,441,673,259
00002671.jpg,67,6,474,441,673,259
00002672.jpg,68,6,475,441,680,267
00002673.jpg,67,6,474,441,678,269
00002674.jpg,66,7,473,442,678,268
00002675.jpg,64,8,471,443,688,271
00002676.jpg,64,8,471,443,689,271
00002677.jpg,64,8,471,443,688,273
00002678.jpg,65,8,472,443,688,273
00002679.jpg,69,8,476,443,689,275
00002680.jpg,69,8,476,443,689,275
00002681.jpg,69,8,476,443,691,275
00002682.jpg,79,9,486,444,691,276
00002683.jpg,85,9,492,444,697,277
00002684.jpg,85,9,492,444,697,277
00002685.jpg,85,9,492,444,697,277
00002686.jpg,99,6,506,441,700,277
00002687.jpg,116,1,523,436,700,277
00002688.jpg,116,1,523,436,701,277
00002689.jpg,124,0,531,435,701,277
00002690.jpg,124,0,531,435,701,277
00002691.jpg,139,0,546,435,701,277
00002692.jpg,139,0,546,435,702,277
00002693.jpg,139,0,546,435,702,277
00002694.jpg,146,0,553,435,702,276
00002695.jpg,153,0,560,435,703,276
00002696.jpg,153,0,560,435,705,276
00002697.jpg,160,0,567,435,707,276
00002698.jpg,160,0,567,435,712,276
