00002234.jpg,68,6,213,150,256,82
00002235.jpg,68,6,213,150,256,82
00002236.jpg,68,6,213,150,256,83
00002237.jpg,68,6,213,150,257,83
00002238.jpg,71,5,216,149,257,86
00002239.jpg,72,5,217,149,258,86
00002240.jpg,72,5,217,149,258,86
00002241.jpg,72,5,217,149,260,86
00002242.jpg,73,5,218,149,261,85
00002243.jpg,74,5,219,149,263,85
00002244.jpg,74,5,219,149,263,85
00002245.jpg,74,5,219,149,263,85
00002246.jpg,73,5,218,149,263,85
00002247.jpg,72,6,217,150,263,82
00002248.jpg,72,6,217,150,262,82
00002249.jpg,72,6,217,150,261,82
00002250.jpg,71,6,216,150,261,82
00002251.jpg,70,6,215,150,259,82
00002252.jpg,69,6,214,150,259,84
00002253.jpg,69,6,214,150,259,84
00002254.jpg,69,6,214,150,259,87
00002255.jpg,69,6,214,150,258,86
00002256.jpg,70,5,215,149,257,85
00002257.jpg,70,5,215,149,258,83
00002258.jpg,70,6,215,150,258,83
00002259.jpg,70,6,215,150,260,83
00002260.jpg,70,5,215,149,260,84
00002261.jpg,70,5,215,149,261,85
00002262.jpg,70,5,215,149,261,86
00002263.jpg,70,5,215,149,263,85
00002264.jpg,70,4,215,148,263,85
00002265.jpg,70,3,215,147,265,85
00002266.jpg,70,3,215,147,266,86
00002267.jpg,70,2,215,146,269,87
00002268.jpg,70,2,215,146,272,88
00002269.jpg,70,2,215,146,272,88
00002270.jpg,69,1,214,145,275,89
00002271.jpg,68,0,213,144,275,89
00002272.jpg,66,0,211,144,277,89
00002273.jpg,64,0,209,144,279,90
00002274.jpg,64,0,209,144,279,90
00002275.jpg,63,0,208,144,282,90
00002276.jpg,62,0,207,144,282,90
00002277.jpg,60,0,205,144,282,88
00002278.jpg,60,0,205,144,282,87
