00002234.jpg,439,8,575,139,257,84
00002235.jpg,439,8,575,139,255,84
00002236.jpg,439,8,575,139,256,84
00002237.jpg,439,8,575,139,256,84
00002238.jpg,439,8,575,139,257,85
00002239.jpg,439,8,575,139,259,86
00002240.jpg,439,8,575,139,260,86
00002241.jpg,439,8,575,139,262,85
00002242.jpg,439,8,575,139,262,85
00002243.jpg,439,8,575,139,264,83
00002244.jpg,439,8,575,139,262,82
00002245.jpg,439,8,575,139,262,82
00002246.jpg,438,9,574,140,262,81
00002247.jpg,437,9,573,140,260,80
00002248.jpg,437,9,573,140,260,80
00002249.jpg,435,9,571,140,259,81
00002250.jpg,434,9,570,140,259,81
00002251.jpg,433,9,569,140,257,83
00002252.jpg,433,8,569,139,256,85
00002253.jpg,433,8,569,139,257,87
00002254.jpg,432,8,568,139,256,86
00002255.jpg,432,8,568,139,258,85
00002256.jpg,432,8,568,139,258,85
00002257.jpg,432,8,568,139,258,83
00002258.jpg,432,8,568,139,258,83
00002259.jpg,433,8,569,139,257,83
00002260.jpg,433,8,569,139,258,83
00002261.jpg,433,8,569,139,259,83
00002262.jpg,433,8,569,139,260,84
00002263.jpg,434,8,570,139,262,84
00002264.jpg,434,8,570,139,264,85
00002265.jpg,434,9,570,140,266,85
00002266.jpg,434,9,570,140,266,85
00002267.jpg,434,9,570,140,270,86
00002268.jpg,435,9,571,140,271,87
00002269.jpg,435,9,571,140,271,87
00002270.jpg,435,9,571,140,275,87
00002271.jpg,435,9,571,140,275,87
00002272.jpg,435,9,571,140,277,87
00002273.jpg,435,9,571,140,278,87
00002274.jpg,435,9,571,140,278,87
00002275.jpg,435,8,571,139,280,87
00002276.jpg,434,8,570,139,280,87
00002277.jpg,433,8,569,139,282,87
00002278.jpg,433,8,569,139,283,85
