00010285.jpg,408,251,505,353,822,295
00010286.jpg,408,251,505,353,822,298
00010287.jpg,405,256,502,358,819,301
00010288.jpg,402,262,499,364,815,302
00010289.jpg,401,263,498,365,809,299
00010290.jpg,399,255,496,357,804,288
00010291.jpg,395,247,492,349,799,276
00010292.jpg,390,243,487,345,789,269
00010293.jpg,386,238,483,340,783,263
00010294.jpg,382,236,479,338,778,256
00010295.jpg,378,230,476,336,773,251
00010296.jpg,378,230,476,336,772,248
00010297.jpg,376,227,474,333,769,246
00010298.jpg,374,224,472,330,779,244
00010299.jpg,373,222,471,328,782,241
00010300.jpg,372,222,470,328,785,243
00010301.jpg,370,226,468,332,788,247
00010302.jpg,368,231,466,337,787,255
00010303.jpg,367,233,465,339,788,257
00010304.jpg,358,233,465,343,788,257
00010305.jpg,358,233,465,343,782,259
00010306.jpg,357,232,464,342,780,259
00010307.jpg,356,229,463,339,778,256
00010308.jpg,356,227,463,337,774,253
00010309.jpg,356,225,463,335,772,254
00010310.jpg,357,222,464,332,772,251
00010311.jpg,357,216,464,326,772,247
00010312.jpg,350,208,466,330,769,246
00010313.jpg,350,208,466,330,771,241
00010314.jpg,350,206,466,328,770,239
00010315.jpg,349,205,465,327,770,239
00010316.jpg,348,203,464,325,771,235
00010317.jpg,346,202,462,324,771,235
00010318.jpg,343,203,459,325,767,235
00010319.jpg,339,198,464,328,767,235
00010320.jpg,339,198,464,328,766,233
00010321.jpg,335,197,460,327,765,232
00010322.jpg,330,197,455,327,760,231
00010323.jpg,325,198,450,328,773,395
00010324.jpg,321,199,446,329,772,396
00010325.jpg,319,198,444,328,562,452
00010326.jpg,318,194,443,324,564,448
00010327.jpg,313,188,446,332,564,448
00010328.jpg,313,188,446,332,563,447
00010329.jpg,309,184,442,328,563,442
00010330.jpg,305,181,438,325,564,439
00010331.jpg,301,178,434,322,564,439
00010332.jpg,297,173,430,317,564,440
00010333.jpg,294,171,427,315,564,435
00010334.jpg,291,170,424,314,586,449
00010335.jpg,289,170,422,314,586,451
00010336.jpg,288,174,421,318,587,450
00010337.jpg,279,171,422,322,-1,-1
00010338.jpg,279,171,422,322,-1,-1
00010339.jpg,277,170,420,321,-1,-1
00010340.jpg,274,170,417,321,-1,-1
00010341.jpg,272,173,415,324,-1,-1
00010342.jpg,269,174,412,325,-1,-1
00010343.jpg,266,175,409,326,-1,-1
00010344.jpg,263,173,406,324,548,487
00010345.jpg,261,169,404,320,548,487
00010346.jpg,255,158,405,324,547,489
00010347.jpg,255,158,405,324,470,547
00010348.jpg,254,155,404,321,473,547
00010349.jpg,255,152,405,318,482,544
00010350.jpg,255,152,405,318,498,545
