00008200.jpg,767,48,1116,442,-1,-1
00008201.jpg,767,48,1116,442,-1,-1
00008202.jpg,767,48,1116,442,-1,-1
00008203.jpg,767,48,1116,442,-1,-1
00008204.jpg,767,53,1116,447,-1,-1
00008205.jpg,768,55,1117,449,-1,-1
00008206.jpg,768,55,1117,449,-1,-1
00008207.jpg,767,52,1116,446,-1,-1
00008208.jpg,767,49,1116,443,-1,-1
00008209.jpg,767,46,1116,440,-1,-1
00008210.jpg,766,44,1115,438,-1,-1
00008211.jpg,765,41,1114,435,-1,-1
00008212.jpg,764,37,1113,431,-1,-1
00008213.jpg,763,30,1112,424,-1,-1
00008214.jpg,760,28,1109,422,-1,-1
00008215.jpg,791,44,1128,397,-1,-1
00008216.jpg,791,44,1128,397,-1,-1
00008217.jpg,787,40,1124,393,-1,-1
00008218.jpg,787,39,1124,392,-1,-1
00008219.jpg,786,39,1123,392,-1,-1
00008220.jpg,785,40,1122,393,-1,-1
00008221.jpg,787,40,1124,393,-1,-1
00008222.jpg,776,43,1113,396,-1,-1
00008223.jpg,779,45,1116,398,-1,-1
00008224.jpg,776,46,1113,399,-1,-1
00008225.jpg,786,43,1140,425,-1,-1
00008226.jpg,786,43,1140,425,-1,-1
00008227.jpg,783,43,1137,425,-1,-1
00008228.jpg,782,43,1136,425,-1,-1
00008229.jpg,781,44,1135,426,-1,-1
00008230.jpg,780,46,1134,428,-1,-1
00008231.jpg,780,49,1134,431,-1,-1
00008232.jpg,780,51,1134,433,-1,-1
00008233.jpg,780,52,1134,434,-1,-1
00008234.jpg,780,52,1134,434,-1,-1
00008235.jpg,780,51,1134,433,-1,-1
00008236.jpg,780,51,1134,433,-1,-1
00008237.jpg,780,50,1134,432,-1,-1
00008238.jpg,780,48,1134,430,-1,-1
00008239.jpg,782,45,1136,427,-1,-1
00008240.jpg,786,42,1140,424,-1,-1
00008241.jpg,793,39,1147,421,-1,-1
00008242.jpg,793,39,1147,421,-1,-1
