00058169.jpg,334,67,521,303,520,376
00058170.jpg,334,67,521,303,520,376
00058171.jpg,334,67,521,303,520,376
00058172.jpg,334,67,521,303,520,376
00058173.jpg,334,68,521,304,520,376
00058174.jpg,332,70,519,306,520,376
00058175.jpg,330,70,517,306,509,368
00058176.jpg,331,70,518,306,508,366
00058177.jpg,336,71,523,307,489,350
00058178.jpg,334,69,535,297,879,478
00058179.jpg,334,69,535,297,874,472
00058180.jpg,334,68,535,296,881,474
00058181.jpg,334,69,535,297,812,222
00058182.jpg,330,70,531,298,812,225
00058183.jpg,328,70,529,298,812,225
00058184.jpg,325,70,526,298,812,225
00058185.jpg,322,69,523,297,813,225
00058186.jpg,321,69,522,297,816,224
00058187.jpg,321,69,522,297,831,222
00058188.jpg,321,69,522,297,832,222
00058189.jpg,321,68,522,296,844,220
00058190.jpg,331,73,527,312,855,218
00058191.jpg,331,73,527,312,-1,-1
00058192.jpg,343,76,532,305,-1,-1
00058193.jpg,357,78,538,309,-1,-1
00058194.jpg,357,78,538,309,411,381
00058195.jpg,361,77,542,308,409,383
00058196.jpg,366,75,547,306,409,383
00058197.jpg,369,73,550,304,408,383
00058198.jpg,379,66,557,300,404,383
00058199.jpg,379,66,557,300,404,383
00058200.jpg,379,66,557,300,404,383
