00006413.jpg,915,213,1217,584,-1,-1
00006414.jpg,915,213,1217,584,-1,-1
00006415.jpg,906,212,1208,583,-1,-1
00006416.jpg,897,211,1199,582,-1,-1
00006417.jpg,887,214,1189,585,-1,-1
00006418.jpg,876,218,1178,589,-1,-1
00006419.jpg,876,218,1178,589,-1,-1
00006420.jpg,866,219,1168,590,-1,-1
00006421.jpg,853,207,1155,578,-1,-1
00006422.jpg,843,200,1136,570,-1,-1
00006423.jpg,843,200,1136,570,-1,-1
00006424.jpg,843,200,1136,570,-1,-1
00006425.jpg,832,200,1125,570,-1,-1
00006426.jpg,809,200,1100,550,-1,-1
00006427.jpg,799,203,1086,542,-1,-1
00006428.jpg,799,203,1086,542,-1,-1
00006429.jpg,799,203,1086,542,-1,-1
00006430.jpg,788,195,1079,532,-1,-1
00006431.jpg,779,199,1076,526,-1,-1
00006432.jpg,779,199,1076,526,-1,-1
00006433.jpg,782,197,1079,524,618,384
00006434.jpg,776,198,1084,529,619,376
00006435.jpg,776,198,1084,529,619,376
00006436.jpg,781,200,1089,531,620,388
00006437.jpg,786,205,1094,536,628,398
00006438.jpg,795,207,1103,538,631,397
00006439.jpg,795,207,1103,538,631,396
00006440.jpg,805,205,1113,536,632,396
00006441.jpg,811,205,1119,536,632,397
00006442.jpg,817,203,1125,534,-1,-1
00006443.jpg,827,197,1135,528,-1,-1
00006444.jpg,827,197,1135,528,-1,-1
