00057500.jpg,1550,604,1732,804,1121,488
00057501.jpg,1550,604,1732,804,1121,488
00057502.jpg,1550,604,1732,804,1117,495
00057503.jpg,1550,604,1732,804,1122,499
00057504.jpg,1552,604,1734,804,1122,499
00057505.jpg,1553,604,1735,804,1118,488
00057506.jpg,1554,605,1736,805,1118,488
00057507.jpg,1555,605,1737,805,1120,485
00057508.jpg,1556,605,1738,805,1120,471
00057509.jpg,1557,606,1739,806,1120,471
00057510.jpg,1557,606,1739,806,1121,468
00057511.jpg,1558,606,1740,806,1122,459
00057512.jpg,1558,606,1740,806,1123,456
00057513.jpg,1558,606,1740,806,1125,455
00057514.jpg,1558,606,1740,806,1120,453
00057515.jpg,1558,606,1740,806,1108,456
00057516.jpg,1558,605,1740,805,1103,458
00057517.jpg,1557,607,1739,807,1096,456
00057518.jpg,1558,605,1740,805,1088,460
00057519.jpg,1559,607,1741,807,1081,466
00057520.jpg,1558,606,1740,806,1072,469
00057521.jpg,1558,606,1740,806,1061,469
00057522.jpg,1558,607,1740,807,1055,469
00057523.jpg,1558,607,1740,807,1045,466
00057524.jpg,1558,608,1740,808,1040,466
00057525.jpg,1557,606,1739,806,1020,466
00057526.jpg,1557,608,1739,808,1011,461
00057527.jpg,1558,607,1740,807,1015,458
00057528.jpg,1559,606,1741,806,1012,456
00057529.jpg,1558,607,1740,807,1007,455
00057530.jpg,1559,606,1741,806,1005,455
00057531.jpg,1558,606,1740,806,997,456
00057532.jpg,1558,606,1740,806,988,461
00057533.jpg,1558,606,1740,806,983,471
00057534.jpg,1558,606,1740,806,982,478
00057535.jpg,1559,606,1741,806,987,491
00057536.jpg,1558,606,1740,806,993,496
00057537.jpg,1559,606,1741,806,997,498
00057538.jpg,1559,606,1741,806,1003,500
00057539.jpg,1560,606,1742,806,1012,499
00057540.jpg,1560,606,1742,806,1017,499
00057541.jpg,1559,607,1741,807,1026,491
00057542.jpg,1559,607,1741,807,1035,488
00057543.jpg,1558,608,1740,808,1046,483
00057544.jpg,1554,608,1736,808,1058,483
00057545.jpg,1551,610,1733,810,1061,483
00057546.jpg,1545,608,1737,808,1075,483
00057547.jpg,1544,607,1726,802,1086,485
00057548.jpg,1544,607,1726,802,1095,486
00057549.jpg,1543,608,1725,803,1097,486
00057550.jpg,1541,610,1723,805,1096,483
00057551.jpg,1538,613,1720,808,1096,483
00057552.jpg,1536,615,1718,810,1096,483
00057553.jpg,1533,617,1715,812,1091,481
00057554.jpg,1533,618,1715,813,1088,481
00057555.jpg,1533,618,1715,813,1082,485
00057556.jpg,1533,618,1715,813,1078,486
00057557.jpg,1534,618,1716,813,1077,486
00057558.jpg,1533,618,1715,813,1077,491
00057559.jpg,1534,618,1716,813,1082,491
00057560.jpg,1534,618,1716,813,1087,491
00057561.jpg,1534,617,1716,812,1091,491
00057562.jpg,1534,618,1716,813,1092,491
00057563.jpg,1535,617,1717,812,1096,494
00057564.jpg,1535,617,1717,812,1098,494
00057565.jpg,1535,617,1717,812,1100,494
00057566.jpg,1536,616,1718,811,1098,495
00057567.jpg,1537,616,1719,811,1092,496
00057568.jpg,1537,615,1719,810,1090,495
00057569.jpg,1537,614,1719,809,1090,489
00057570.jpg,1537,614,1719,809,1090,484
00057571.jpg,1536,613,1718,808,1097,476
00057572.jpg,1536,613,1718,808,1101,475
00057573.jpg,1536,613,1718,808,1112,470
00057574.jpg,1535,613,1717,808,1117,468
00057575.jpg,1535,614,1717,809,1120,466
00057576.jpg,1535,614,1717,809,1123,463
00057577.jpg,1535,614,1717,809,1125,455
00057578.jpg,1535,614,1717,809,1127,455
00057579.jpg,1535,614,1717,809,1131,451
00057580.jpg,1535,615,1717,810,1132,450
00057581.jpg,1536,614,1718,809,1132,450
00057582.jpg,1536,615,1718,810,1127,451
00057583.jpg,1537,614,1719,809,1125,451
00057584.jpg,1538,614,1720,809,1121,454
00057585.jpg,1538,614,1720,809,1118,455
00057586.jpg,1538,614,1720,809,1116,456
00057587.jpg,1540,612,1722,807,1120,458
00057588.jpg,1540,613,1722,808,1123,456
00057589.jpg,1541,611,1723,806,1128,455
00057590.jpg,1540,612,1722,807,1135,455
00057591.jpg,1541,611,1723,806,1145,451
00057592.jpg,1541,612,1723,807,1157,451
00057593.jpg,1541,612,1723,807,1168,455
00057594.jpg,1541,612,1723,807,1175,454
00057595.jpg,1542,612,1724,807,1185,453
00057596.jpg,1542,611,1724,806,1203,459
00057597.jpg,1542,612,1724,807,1221,464
00057598.jpg,1542,611,1724,806,1238,468
00057599.jpg,1542,612,1724,807,1247,470
00057600.jpg,1542,612,1724,807,1258,470
00057601.jpg,1543,611,1725,806,1276,476
00057602.jpg,1543,612,1725,807,1287,480
00057603.jpg,1543,612,1725,807,1305,484
