00032799.jpg,129,131,366,361,1009,277
00032800.jpg,129,131,366,361,1009,277
00032801.jpg,129,131,366,361,1009,277
00032802.jpg,129,131,366,361,1009,277
00032803.jpg,130,130,367,360,1009,277
00032804.jpg,131,130,368,360,1010,276
00032805.jpg,132,129,369,359,1010,275
00032806.jpg,133,128,370,358,1010,275
00032807.jpg,134,127,371,357,1010,275
00032808.jpg,136,126,373,356,1010,273
00032809.jpg,137,126,374,356,1010,273
00032810.jpg,138,126,375,356,1010,271
00032811.jpg,139,126,376,356,1012,269
00032812.jpg,140,126,377,356,1015,269
00032813.jpg,140,126,377,356,1015,269
00032814.jpg,140,126,377,356,1015,269
00032815.jpg,139,130,376,360,1015,269
00032816.jpg,138,130,375,360,1014,268
00032817.jpg,136,130,373,360,1014,268
00032818.jpg,134,130,371,360,1014,268
00032819.jpg,131,130,368,360,1014,268
00032820.jpg,129,130,366,360,1014,268
00032821.jpg,126,130,363,360,1014,268
00032822.jpg,123,130,360,360,1014,268
00032823.jpg,121,131,358,361,1014,268
00032824.jpg,119,131,356,361,1014,268
00032825.jpg,118,131,355,361,1014,268
00032826.jpg,117,131,354,361,1014,268
00032827.jpg,116,131,353,361,1014,268
00032828.jpg,116,131,353,361,1015,272
00032829.jpg,116,131,353,361,1015,272
00032830.jpg,116,131,353,361,1015,272
00032831.jpg,117,131,354,361,1015,272
00032832.jpg,118,131,355,361,1015,272
00032833.jpg,119,131,356,361,1015,272
00032834.jpg,120,131,357,361,1015,272
00032835.jpg,121,131,358,361,1015,272
00032836.jpg,122,131,359,361,1015,272
00032837.jpg,123,131,360,361,1015,272
00032838.jpg,124,131,361,361,1015,272
00032839.jpg,125,131,362,361,1015,272
00032840.jpg,125,131,362,361,-1,-1
00032841.jpg,126,131,363,361,-1,-1
00032842.jpg,125,131,362,361,-1,-1
00032843.jpg,125,131,362,361,-1,-1
00032844.jpg,125,131,362,361,-1,-1
00032845.jpg,125,131,362,361,-1,-1
00032846.jpg,124,132,361,362,-1,-1
00032847.jpg,124,132,361,362,-1,-1
00032848.jpg,123,132,360,362,-1,-1
00032849.jpg,122,132,359,362,-1,-1
00032850.jpg,122,132,359,362,-1,-1
00032851.jpg,122,131,359,361,-1,-1
00032852.jpg,121,131,358,361,-1,-1
00032853.jpg,121,131,358,361,-1,-1
00032854.jpg,121,131,358,361,-1,-1
00032855.jpg,121,131,358,361,-1,-1
00032856.jpg,121,131,358,361,-1,-1
00032857.jpg,121,131,358,361,-1,-1
00032858.jpg,121,131,358,361,-1,-1
00032859.jpg,122,131,359,361,-1,-1
00032860.jpg,122,131,359,361,-1,-1
00032861.jpg,123,131,360,361,-1,-1
00032862.jpg,123,131,360,361,-1,-1
00032863.jpg,123,131,360,361,-1,-1
00032864.jpg,124,131,361,361,-1,-1
00032865.jpg,124,131,361,361,-1,-1
00032866.jpg,123,131,360,361,-1,-1
00032867.jpg,123,131,360,361,-1,-1
00032868.jpg,123,131,360,361,-1,-1
00032869.jpg,123,131,360,361,-1,-1
00032870.jpg,123,131,360,361,-1,-1
00032871.jpg,123,131,360,361,-1,-1
00032872.jpg,123,131,360,361,620,609
00032873.jpg,124,131,361,361,994,583
00032874.jpg,125,131,362,361,994,583
00032875.jpg,126,131,363,361,1045,463
00032876.jpg,127,131,364,361,1045,463
00032877.jpg,128,131,365,361,1045,463
00032878.jpg,129,132,366,362,1045,463
00032879.jpg,131,132,368,362,1045,463
00032880.jpg,132,132,369,362,1045,463
00032881.jpg,133,132,370,362,1045,463
00032882.jpg,135,132,372,362,1045,463
00032883.jpg,137,132,374,362,1045,463
00032884.jpg,139,133,376,363,1045,463
00032885.jpg,140,133,377,363,1045,463
00032886.jpg,141,133,378,363,1045,463
00032887.jpg,143,133,380,363,1045,463
00032888.jpg,144,133,381,363,1045,463
00032889.jpg,146,133,383,363,1045,463
00032890.jpg,147,133,384,363,1045,463
00032891.jpg,148,133,385,363,1045,463
00032892.jpg,150,134,387,364,1045,463
00032893.jpg,151,133,388,363,1045,463
00032894.jpg,151,133,388,363,1045,463
00032895.jpg,152,133,389,363,1045,463
00032896.jpg,153,134,390,364,1045,463
00032897.jpg,153,134,390,364,1045,463
00032898.jpg,153,134,390,364,1045,463
00032899.jpg,153,134,390,364,1045,463
00032900.jpg,153,134,390,364,1045,463
00032901.jpg,153,134,390,364,1045,463
00032902.jpg,153,134,390,364,1045,463
00032903.jpg,154,134,391,364,1045,463
00032904.jpg,154,134,391,364,1045,463
00032905.jpg,153,134,390,364,1045,463
00032906.jpg,153,134,390,364,1045,463
00032907.jpg,152,134,389,364,1045,463
00032908.jpg,151,134,388,364,1045,463
00032909.jpg,150,133,387,363,1045,463
00032910.jpg,149,133,386,363,1045,463
00032911.jpg,149,133,386,363,1045,463
00032912.jpg,148,133,385,363,1045,463
00032913.jpg,147,133,384,363,1045,463
00032914.jpg,146,133,383,363,1045,463
00032915.jpg,145,133,382,363,1045,463
00032916.jpg,144,133,381,363,1045,463
00032917.jpg,143,133,380,363,1045,463
00032918.jpg,142,132,379,362,1045,463
00032919.jpg,142,132,379,362,1045,463
00032920.jpg,141,132,378,362,1045,463
00032921.jpg,141,132,378,362,1045,463
00032922.jpg,140,132,377,362,1045,463
00032923.jpg,139,132,376,362,1045,463
00032924.jpg,139,131,376,361,1045,463
00032925.jpg,138,131,375,361,1045,463
00032926.jpg,138,131,375,361,1045,463
00032927.jpg,139,131,376,361,1045,463
00032928.jpg,139,130,376,360,1045,463
00032929.jpg,140,130,377,360,1045,463
00032930.jpg,141,130,378,360,1045,463
00032931.jpg,142,130,379,360,1045,463
00032932.jpg,143,130,380,360,1045,463
00032933.jpg,144,130,381,360,1045,463
00032934.jpg,145,130,382,360,1045,463
00032935.jpg,146,130,383,360,1045,463
00032936.jpg,148,130,385,360,1045,463
00032937.jpg,148,130,385,360,1045,463
00032938.jpg,149,130,386,360,1045,463
00032939.jpg,149,130,386,360,1045,463
00032940.jpg,150,130,387,360,-1,-1
00032941.jpg,149,130,386,360,-1,-1
00032942.jpg,149,130,386,360,-1,-1
00032943.jpg,149,130,386,360,623,575
00032944.jpg,148,130,385,360,984,596
00032945.jpg,147,130,384,360,1046,469
00032946.jpg,146,130,383,360,1046,469
00032947.jpg,146,130,383,360,1046,469
00032948.jpg,146,130,383,360,1046,469
00032949.jpg,146,130,383,360,1046,469
00032950.jpg,146,130,383,360,808,586
00032951.jpg,146,130,383,360,609,591
00032952.jpg,145,130,382,360,-1,-1
00032953.jpg,145,129,382,359,-1,-1
00032954.jpg,144,129,381,359,-1,-1
00032955.jpg,144,129,381,359,-1,-1
00032956.jpg,144,129,381,359,-1,-1
00032957.jpg,144,129,381,359,-1,-1
00032958.jpg,144,129,381,359,-1,-1
00032959.jpg,144,129,381,359,-1,-1
00032960.jpg,144,129,381,359,-1,-1
00032961.jpg,144,129,381,359,-1,-1
00032962.jpg,145,129,382,359,-1,-1
00032963.jpg,145,129,382,359,-1,-1
00032964.jpg,145,129,382,359,-1,-1
00032965.jpg,146,129,383,359,-1,-1
00032966.jpg,146,129,383,359,-1,-1
00032967.jpg,148,129,385,359,-1,-1
00032968.jpg,149,129,386,359,-1,-1
00032969.jpg,151,129,388,359,-1,-1
00032970.jpg,153,129,390,359,-1,-1
00032971.jpg,155,129,392,359,-1,-1
00032972.jpg,158,129,395,359,-1,-1
00032973.jpg,160,129,397,359,-1,-1
00032974.jpg,163,129,400,359,-1,-1
00032975.jpg,165,129,402,359,-1,-1
00032976.jpg,168,129,405,359,-1,-1
00032977.jpg,171,129,408,359,-1,-1
00032978.jpg,174,129,411,359,-1,-1
00032979.jpg,177,129,414,359,-1,-1
00032980.jpg,180,133,412,357,-1,-1
00032981.jpg,181,130,412,355,-1,-1
00032982.jpg,184,128,414,354,-1,-1
00032983.jpg,185,126,416,352,-1,-1
00032984.jpg,186,125,417,352,-1,-1
00032985.jpg,186,124,416,351,-1,-1
00032986.jpg,186,124,416,352,-1,-1
00032987.jpg,185,126,414,353,-1,-1
00032988.jpg,181,128,412,354,-1,-1
00032989.jpg,180,132,409,354,-1,-1
00032990.jpg,178,134,405,355,-1,-1
00032991.jpg,176,133,402,352,-1,-1
00032992.jpg,174,134,397,352,-1,-1
00032993.jpg,170,132,393,352,-1,-1
00032994.jpg,166,130,391,355,-1,-1
00032995.jpg,165,130,387,355,-1,-1
00032996.jpg,164,130,383,354,-1,-1
00032997.jpg,163,130,380,354,-1,-1
00032998.jpg,161,130,379,355,-1,-1
00032999.jpg,159,129,378,356,-1,-1
00033000.jpg,158,129,378,357,-1,-1
00033001.jpg,158,129,378,359,-1,-1
00033002.jpg,140,129,377,359,-1,-1
00033003.jpg,139,129,376,359,-1,-1
00033004.jpg,137,129,374,359,-1,-1
00033005.jpg,136,129,373,359,-1,-1
00033006.jpg,135,129,372,359,-1,-1
00033007.jpg,133,129,370,359,-1,-1
00033008.jpg,132,129,369,359,-1,-1
00033009.jpg,131,128,368,358,-1,-1
00033010.jpg,131,128,368,358,-1,-1
00033011.jpg,131,128,368,358,-1,-1
00033012.jpg,130,128,367,358,-1,-1
00033013.jpg,130,129,367,359,-1,-1
00033014.jpg,129,129,366,359,-1,-1
00033015.jpg,129,128,366,358,-1,-1
00033016.jpg,129,128,366,358,-1,-1
00033017.jpg,129,128,366,358,-1,-1
00033018.jpg,129,128,366,358,-1,-1
00033019.jpg,129,128,366,358,-1,-1
00033020.jpg,129,128,366,358,-1,-1
00033021.jpg,129,128,366,358,-1,-1
00033022.jpg,129,128,366,358,-1,-1
00033023.jpg,129,128,366,358,-1,-1
00033024.jpg,129,128,366,358,-1,-1
00033025.jpg,129,128,366,358,-1,-1
00033026.jpg,129,128,366,358,-1,-1
00033027.jpg,129,128,366,358,-1,-1
00033028.jpg,129,128,366,358,-1,-1
00033029.jpg,129,128,366,358,-1,-1
00033030.jpg,129,128,366,358,-1,-1
00033031.jpg,129,128,366,358,-1,-1
00033032.jpg,129,128,366,358,-1,-1
00033033.jpg,128,128,365,358,-1,-1
00033034.jpg,128,128,365,358,-1,-1
00033035.jpg,127,128,364,358,-1,-1
00033036.jpg,127,128,364,358,-1,-1
00033037.jpg,127,129,364,359,-1,-1
00033038.jpg,126,129,363,359,-1,-1
00033039.jpg,125,129,362,359,-1,-1
00033040.jpg,124,129,361,359,-1,-1
00033041.jpg,123,129,360,359,-1,-1
00033042.jpg,122,129,359,359,-1,-1
00033043.jpg,121,129,358,359,-1,-1
00033044.jpg,121,129,358,359,-1,-1
00033045.jpg,120,129,357,359,-1,-1
00033046.jpg,119,129,356,359,-1,-1
00033047.jpg,118,129,355,359,-1,-1
00033048.jpg,117,129,354,359,-1,-1
00033049.jpg,117,129,354,359,-1,-1
00033050.jpg,117,129,354,359,1010,269
00033051.jpg,117,129,354,359,1009,270
00033052.jpg,116,129,353,359,1009,270
00033053.jpg,117,129,354,359,1010,270
00033054.jpg,117,129,354,359,1010,270
00033055.jpg,117,129,354,359,1012,270
00033056.jpg,118,129,355,359,1012,270
00033057.jpg,118,129,355,359,1010,270
00033058.jpg,119,129,356,359,1010,270
00033059.jpg,119,129,356,359,1010,270
00033060.jpg,120,129,357,359,1010,270
00033061.jpg,120,129,357,359,1010,270
00033062.jpg,121,129,358,359,1010,270
00033063.jpg,121,129,358,359,1010,270
00033064.jpg,121,128,358,358,601,548
00033065.jpg,122,128,359,358,465,537
00033066.jpg,123,128,360,358,465,537
00033067.jpg,123,128,360,358,465,537
00033068.jpg,124,128,361,358,464,537
00033069.jpg,124,128,361,358,465,537
00033070.jpg,124,128,361,358,467,537
00033071.jpg,124,128,361,358,465,536
00033072.jpg,125,128,362,358,466,536
00033073.jpg,125,128,362,358,465,536
00033074.jpg,125,128,362,358,466,536
00033075.jpg,126,128,363,358,464,536
00033076.jpg,126,128,363,358,465,536
00033077.jpg,126,128,363,358,463,536
00033078.jpg,126,128,363,358,465,536
00033079.jpg,126,128,363,358,464,536
00033080.jpg,126,128,363,358,465,536
00033081.jpg,127,128,364,358,464,536
00033082.jpg,127,128,364,358,465,536
00033083.jpg,127,128,364,358,463,536
00033084.jpg,128,128,365,358,465,536
00033085.jpg,128,128,365,358,463,536
00033086.jpg,129,128,366,358,465,536
00033087.jpg,129,128,366,358,462,536
00033088.jpg,129,128,366,358,465,536
00033089.jpg,130,128,367,358,463,536
00033090.jpg,131,128,368,358,465,536
00033091.jpg,132,128,369,358,465,536
00033092.jpg,133,128,370,358,465,536
00033093.jpg,134,129,371,359,983,569
00033094.jpg,135,129,372,359,1066,413
00033095.jpg,135,129,372,359,1017,271
00033096.jpg,136,129,373,359,1017,271
00033097.jpg,137,129,374,359,1017,271
00033098.jpg,138,129,375,359,1017,271
00033099.jpg,138,129,375,359,1017,271
00033100.jpg,138,129,375,359,1017,271
00033101.jpg,138,129,375,359,1017,271
00033102.jpg,137,129,374,359,1017,271
00033103.jpg,136,129,373,359,1017,271
00033104.jpg,135,129,372,359,1017,271
00033105.jpg,134,129,371,359,1017,271
00033106.jpg,133,129,370,359,1017,271
00033107.jpg,132,129,369,359,1017,271
00033108.jpg,131,129,368,359,1017,271
00033109.jpg,130,129,367,359,1017,271
00033110.jpg,128,129,365,359,1017,271
00033111.jpg,127,129,364,359,1017,271
00033112.jpg,126,129,363,359,1017,271
00033113.jpg,125,129,362,359,1017,271
00033114.jpg,124,129,361,359,1017,271
00033115.jpg,123,129,360,359,1017,271
00033116.jpg,122,129,359,359,1017,271
00033117.jpg,121,129,358,359,1017,271
00033118.jpg,121,129,358,359,1017,271
00033119.jpg,120,129,357,359,1017,271
00033120.jpg,120,129,357,359,1017,271
00033121.jpg,121,129,358,359,1017,271
00033122.jpg,121,129,358,359,1017,271
00033123.jpg,122,129,359,359,1017,271
00033124.jpg,122,129,359,359,1017,271
00033125.jpg,122,129,359,359,1017,271
00033126.jpg,122,129,359,359,1017,271
00033127.jpg,122,129,359,359,1017,271
00033128.jpg,121,129,358,359,1017,271
00033129.jpg,121,129,358,359,1017,271
00033130.jpg,121,129,358,359,1017,271
00033131.jpg,120,129,357,359,1017,271
00033132.jpg,120,129,357,359,1017,271
00033133.jpg,120,129,357,359,1017,271
00033134.jpg,120,129,357,359,1017,271
00033135.jpg,120,129,357,359,1017,271
00033136.jpg,120,129,357,359,1017,271
00033137.jpg,120,129,357,359,1017,271
00033138.jpg,120,129,357,359,1017,271
00033139.jpg,120,129,357,359,1017,271
00033140.jpg,120,129,357,359,1017,271
00033141.jpg,121,129,358,359,1017,271
00033142.jpg,121,129,358,359,1017,271
00033143.jpg,121,129,358,359,1017,271
00033144.jpg,121,129,358,359,1017,271
00033145.jpg,121,129,358,359,1017,271
00033146.jpg,122,129,359,359,1017,271
00033147.jpg,122,129,359,359,1017,271
00033148.jpg,122,129,359,359,1017,271
00033149.jpg,122,129,359,359,1017,271
00033150.jpg,122,129,359,359,1017,271
00033151.jpg,122,129,359,359,1017,271
00033152.jpg,121,129,358,359,1017,271
00033153.jpg,121,129,358,359,1017,271
00033154.jpg,121,129,358,359,1017,271
00033155.jpg,121,129,358,359,1017,271
00033156.jpg,121,129,358,359,1017,271
00033157.jpg,121,129,358,359,1017,271
00033158.jpg,121,129,358,359,1017,271
00033159.jpg,121,129,358,359,1017,271
00033160.jpg,121,129,358,359,1017,271
00033161.jpg,121,129,358,359,1017,271
00033162.jpg,121,129,358,359,1017,271
00033163.jpg,121,129,358,359,1017,271
00033164.jpg,121,129,358,359,637,555
00033165.jpg,121,129,358,359,622,489
00033166.jpg,121,129,358,359,622,489
00033167.jpg,121,128,358,358,622,489
00033168.jpg,121,128,358,358,620,489
00033169.jpg,120,128,357,358,620,489
00033170.jpg,120,128,357,358,620,489
00033171.jpg,120,128,357,358,620,489
00033172.jpg,120,128,357,358,620,489
00033173.jpg,120,128,357,358,620,489
00033174.jpg,119,128,356,358,620,489
00033175.jpg,119,128,356,358,619,489
00033176.jpg,119,128,356,358,619,489
00033177.jpg,119,128,356,358,619,489
00033178.jpg,119,128,356,358,618,489
00033179.jpg,119,127,356,357,613,489
00033180.jpg,118,127,355,357,609,489
00033181.jpg,118,127,355,357,607,489
00033182.jpg,118,127,355,357,721,487
00033183.jpg,117,127,354,357,704,386
00033184.jpg,117,127,354,357,630,309
00033185.jpg,116,127,353,357,620,310
00033186.jpg,116,127,353,357,612,309
00033187.jpg,116,127,353,357,603,308
00033188.jpg,115,127,352,357,596,308
00033189.jpg,115,127,352,357,592,307
00033190.jpg,115,127,352,357,595,307
00033191.jpg,115,127,352,357,595,307
00033192.jpg,115,127,352,357,595,307
00033193.jpg,115,127,352,357,592,298
00033194.jpg,114,127,351,357,592,298
00033195.jpg,114,127,351,357,592,298
00033196.jpg,114,127,351,357,592,298
00033197.jpg,114,127,351,357,592,298
00033198.jpg,114,127,351,357,592,298
00033199.jpg,114,127,351,357,592,298
00033200.jpg,113,127,350,357,592,298
00033201.jpg,113,127,350,357,592,298
00033202.jpg,113,127,350,357,592,298
00033203.jpg,112,127,349,357,592,298
00033204.jpg,112,127,349,357,593,298
00033205.jpg,112,127,349,357,593,298
00033206.jpg,111,127,348,357,594,299
00033207.jpg,111,127,348,357,594,299
00033208.jpg,111,127,348,357,594,299
00033209.jpg,111,127,348,357,595,299
00033210.jpg,111,127,348,357,595,299
00033211.jpg,111,127,348,357,595,299
00033212.jpg,111,127,348,357,595,299
00033213.jpg,111,127,348,357,595,299
00033214.jpg,111,127,348,357,595,299
00033215.jpg,110,127,347,357,597,301
00033216.jpg,110,127,347,357,597,301
00033217.jpg,110,127,347,357,597,301
00033218.jpg,110,127,347,357,598,303
00033219.jpg,110,127,347,357,598,303
00033220.jpg,110,127,347,357,598,303
00033221.jpg,110,127,347,357,598,306
00033222.jpg,110,127,347,357,598,306
00033223.jpg,110,127,347,357,598,306
00033224.jpg,110,127,347,357,596,306
00033225.jpg,110,127,347,357,596,306
00033226.jpg,110,127,347,357,596,306
00033227.jpg,110,127,347,357,596,306
00033228.jpg,110,127,347,357,596,306
00033229.jpg,110,127,347,357,596,306
00033230.jpg,109,127,346,357,596,306
00033231.jpg,109,127,346,357,596,306
