00038374.jpg,417,62,719,403,750,332
00038375.jpg,417,62,719,403,750,332
00038376.jpg,417,62,719,403,750,332
00038377.jpg,417,62,719,403,750,332
00038378.jpg,416,62,718,403,750,332
00038379.jpg,416,62,718,403,750,332
00038380.jpg,416,62,718,403,750,332
00038381.jpg,416,62,718,403,750,332
00038382.jpg,416,62,718,403,750,332
00038383.jpg,416,62,718,403,750,332
00038384.jpg,416,62,718,403,750,332
00038385.jpg,416,62,718,403,750,332
00038386.jpg,416,62,718,403,750,332
00038387.jpg,416,62,718,403,750,332
00038388.jpg,417,62,719,403,750,332
00038389.jpg,417,62,719,403,750,332
00038390.jpg,417,62,719,403,750,332
00038391.jpg,418,62,720,403,750,332
00038392.jpg,418,62,720,403,750,332
00038393.jpg,418,62,720,403,750,332
00038394.jpg,418,62,720,403,750,332
00038395.jpg,418,62,720,403,750,332
00038396.jpg,418,62,720,403,750,332
00038397.jpg,418,62,720,403,750,332
00038398.jpg,418,62,720,403,750,332
00038399.jpg,418,62,720,403,750,332
00038400.jpg,418,62,720,403,750,332
00038401.jpg,418,62,720,403,750,332
00038402.jpg,418,62,720,403,750,332
00038403.jpg,419,61,721,402,750,332
00038404.jpg,419,61,721,402,750,332
00038405.jpg,419,60,721,401,750,332
00038406.jpg,419,59,721,400,-1,-1
00038407.jpg,419,59,721,400,-1,-1
00038408.jpg,418,59,720,400,-1,-1
00038409.jpg,418,59,720,400,-1,-1
00038410.jpg,418,59,720,400,-1,-1
00038411.jpg,417,59,719,400,-1,-1
00038412.jpg,417,59,719,400,-1,-1
00038413.jpg,417,59,719,400,-1,-1
00038414.jpg,416,60,718,401,-1,-1
00038415.jpg,416,60,718,401,-1,-1
00038416.jpg,415,60,717,401,-1,-1
00038417.jpg,415,60,717,401,-1,-1
00038418.jpg,415,60,717,401,-1,-1
00038419.jpg,415,60,717,401,-1,-1
00038420.jpg,414,61,716,402,-1,-1
00038421.jpg,414,61,716,402,-1,-1
00038422.jpg,414,61,716,402,-1,-1
00038423.jpg,414,61,716,402,-1,-1
00038424.jpg,414,62,716,403,-1,-1
00038425.jpg,414,62,716,403,-1,-1
00038426.jpg,414,62,716,403,-1,-1
00038427.jpg,414,62,716,403,-1,-1
00038428.jpg,413,62,715,403,-1,-1
00038429.jpg,413,62,715,403,-1,-1
00038430.jpg,413,62,715,403,-1,-1
00038431.jpg,413,62,715,403,-1,-1
00038432.jpg,413,62,715,403,-1,-1
00038433.jpg,413,62,715,403,-1,-1
00038434.jpg,413,62,715,403,-1,-1
00038435.jpg,412,62,714,403,-1,-1
00038436.jpg,412,62,714,403,-1,-1
00038437.jpg,412,62,714,403,-1,-1
00038438.jpg,412,62,714,403,-1,-1
00038439.jpg,412,62,714,403,-1,-1
00038440.jpg,411,61,713,402,-1,-1
00038441.jpg,411,61,713,402,-1,-1
00038442.jpg,411,61,713,402,-1,-1
00038443.jpg,411,61,713,402,-1,-1
00038444.jpg,410,61,712,402,-1,-1
00038445.jpg,410,60,712,401,-1,-1
00038446.jpg,409,60,711,401,-1,-1
00038447.jpg,409,60,711,401,-1,-1
00038448.jpg,409,59,711,400,-1,-1
00038449.jpg,408,59,710,400,-1,-1
00038450.jpg,408,59,710,400,-1,-1
00038451.jpg,408,59,710,400,-1,-1
00038452.jpg,408,59,710,400,-1,-1
00038453.jpg,407,58,709,399,-1,-1
00038454.jpg,406,58,708,399,-1,-1
00038455.jpg,406,58,708,399,-1,-1
00038456.jpg,405,58,707,399,-1,-1
00038457.jpg,405,58,707,399,-1,-1
00038458.jpg,404,57,706,398,-1,-1
00038459.jpg,404,57,706,398,-1,-1
00038460.jpg,403,57,705,398,-1,-1
00038461.jpg,403,57,705,398,-1,-1
00038462.jpg,403,57,705,398,-1,-1
00038463.jpg,403,57,705,398,-1,-1
00038464.jpg,402,57,704,398,-1,-1
00038465.jpg,402,57,704,398,-1,-1
00038466.jpg,401,57,703,398,-1,-1
00038467.jpg,401,57,703,398,-1,-1
00038468.jpg,401,57,703,398,-1,-1
00038469.jpg,400,57,702,398,-1,-1
00038470.jpg,400,58,702,399,-1,-1
00038471.jpg,399,58,701,399,-1,-1
00038472.jpg,399,58,701,399,-1,-1
00038473.jpg,398,58,700,399,-1,-1
00038474.jpg,398,59,700,400,-1,-1
00038475.jpg,398,59,700,400,-1,-1
00038476.jpg,397,59,699,400,-1,-1
00038477.jpg,397,59,699,400,-1,-1
00038478.jpg,397,59,699,400,-1,-1
00038479.jpg,396,59,698,400,-1,-1
00038480.jpg,397,59,699,400,-1,-1
00038481.jpg,397,59,699,400,-1,-1
00038482.jpg,397,59,699,400,-1,-1
00038483.jpg,397,59,699,400,-1,-1
00038484.jpg,398,59,700,400,-1,-1
00038485.jpg,399,59,701,400,-1,-1
00038486.jpg,399,59,701,400,-1,-1
00038487.jpg,399,59,701,400,-1,-1
00038488.jpg,399,59,701,400,-1,-1
00038489.jpg,399,59,701,400,-1,-1
00038490.jpg,399,59,701,400,-1,-1
