00002577.jpg,891,5,1274,451,-1,-1
00002578.jpg,891,5,1274,451,-1,-1
00002579.jpg,891,5,1274,451,-1,-1
00002580.jpg,891,5,1274,451,-1,-1
00002581.jpg,896,4,1279,450,-1,-1
00002582.jpg,896,4,1279,450,-1,-1
00002583.jpg,896,4,1279,450,-1,-1
00002584.jpg,896,4,1279,450,-1,-1
00002585.jpg,896,4,1279,450,-1,-1
00002586.jpg,897,5,1280,451,-1,-1
00002587.jpg,897,5,1280,451,-1,-1
00002588.jpg,897,5,1280,451,-1,-1
00002589.jpg,897,5,1280,451,-1,-1
00002590.jpg,897,4,1280,450,719,214
00002591.jpg,897,4,1280,450,719,214
00002592.jpg,897,4,1280,450,713,210
00002593.jpg,897,4,1280,450,710,210
00002594.jpg,897,4,1280,450,710,210
00002595.jpg,897,4,1280,450,710,210
00002596.jpg,897,4,1280,450,710,210
00002597.jpg,897,4,1280,450,710,210
00002598.jpg,897,5,1280,451,707,210
00002599.jpg,897,6,1280,452,700,210
00002600.jpg,897,6,1280,452,700,210
00002601.jpg,897,6,1280,452,692,210
00002602.jpg,897,7,1280,453,689,210
00002603.jpg,897,8,1280,454,685,213
00002604.jpg,897,8,1280,454,672,213
00002605.jpg,897,8,1280,454,668,213
00002606.jpg,897,9,1280,455,668,213
00002607.jpg,897,9,1280,455,664,213
00002608.jpg,897,9,1280,455,662,213
