00044163.jpg,1094,35,1224,178,928,110
00044164.jpg,1094,35,1224,178,918,113
00044165.jpg,1089,34,1219,177,911,113
00044166.jpg,1085,34,1215,177,902,113
00044167.jpg,1080,34,1210,177,901,113
00044168.jpg,1076,33,1206,176,898,113
00044169.jpg,1072,33,1202,176,893,113
00044170.jpg,1067,33,1197,176,890,113
00044171.jpg,1063,32,1193,175,888,113
00044172.jpg,1059,32,1189,175,877,113
00044173.jpg,1055,32,1185,175,871,110
00044174.jpg,1051,31,1181,174,867,110
00044175.jpg,1048,31,1178,174,865,110
00044176.jpg,1044,31,1174,174,862,109
00044177.jpg,1040,31,1170,174,857,109
00044178.jpg,1036,31,1166,174,853,108
00044179.jpg,1033,31,1163,174,850,108
00044180.jpg,1029,30,1159,173,846,108
00044181.jpg,1026,30,1156,173,845,106
00044182.jpg,1022,30,1152,173,845,106
00044183.jpg,1019,30,1149,173,842,105
00044184.jpg,1015,30,1145,173,842,105
00044185.jpg,1012,30,1142,173,837,105
00044186.jpg,1009,30,1139,173,828,104
00044187.jpg,1004,31,1134,174,823,103
00044188.jpg,1000,31,1130,174,820,103
00044189.jpg,996,31,1126,174,816,103
00044190.jpg,992,31,1122,174,812,103
00044191.jpg,988,31,1118,174,810,101
00044192.jpg,984,32,1114,175,806,101
00044193.jpg,982,32,1112,175,805,100
00044194.jpg,979,32,1109,175,801,100
00044195.jpg,977,32,1107,175,798,100
00044196.jpg,974,31,1104,174,797,100
00044197.jpg,972,31,1102,174,797,100
00044198.jpg,970,31,1100,174,797,100
00044199.jpg,968,31,1098,174,797,100
00044200.jpg,966,31,1096,174,796,100
00044201.jpg,964,31,1094,174,792,100
00044202.jpg,961,31,1091,174,791,100
00044203.jpg,960,31,1090,174,785,100
00044204.jpg,958,31,1088,174,780,100
00044205.jpg,956,31,1086,174,777,100
00044206.jpg,954,32,1084,175,775,100
00044207.jpg,951,32,1081,175,771,100
00044208.jpg,950,33,1080,176,771,100
00044209.jpg,948,34,1078,177,770,100
00044210.jpg,946,34,1076,177,776,100
00044211.jpg,945,35,1075,178,776,100
00044212.jpg,943,35,1073,178,777,100
00044213.jpg,941,35,1071,178,777,100
00044214.jpg,940,35,1070,178,777,101
00044215.jpg,938,35,1068,178,778,101
00044216.jpg,936,35,1066,178,778,101
00044217.jpg,934,35,1064,178,776,105
00044218.jpg,932,35,1062,178,770,108
00044219.jpg,930,35,1060,178,761,108
00044220.jpg,929,36,1059,179,760,108
00044221.jpg,927,36,1057,179,757,108
00044222.jpg,925,36,1055,179,757,108
00044223.jpg,923,36,1053,179,753,108
00044224.jpg,921,36,1051,179,745,108
00044225.jpg,920,37,1050,180,737,108
00044226.jpg,918,37,1048,180,735,108
00044227.jpg,916,38,1046,181,731,108
00044228.jpg,914,38,1044,181,731,108
00044229.jpg,912,38,1042,181,728,108
00044230.jpg,910,38,1040,181,723,109
00044231.jpg,908,39,1038,182,722,109
00044232.jpg,907,40,1037,183,721,109
00044233.jpg,905,40,1035,183,717,109
00044234.jpg,903,41,1033,184,711,109
00044235.jpg,901,41,1031,184,693,108
00044236.jpg,899,42,1029,185,686,108
00044237.jpg,897,42,1027,185,682,108
00044238.jpg,895,43,1025,186,680,108
00044239.jpg,893,43,1023,186,673,106
00044240.jpg,891,44,1021,187,680,110
00044241.jpg,889,44,1019,187,680,110
00044242.jpg,887,45,1017,188,677,110
00044243.jpg,885,46,1015,189,672,110
00044244.jpg,883,46,1013,189,672,110
00044245.jpg,881,47,1011,190,668,110
00044246.jpg,879,47,1009,190,666,110
00044247.jpg,877,48,1007,191,665,110
00044248.jpg,875,48,1005,191,662,110
00044249.jpg,873,49,1003,192,656,116
00044250.jpg,871,49,1001,192,653,116
00044251.jpg,869,49,999,192,650,116
00044252.jpg,867,50,997,193,647,116
00044253.jpg,865,50,995,193,646,116
00044254.jpg,863,51,993,194,645,116
00044255.jpg,861,51,991,194,643,116
00044256.jpg,859,52,989,195,643,116
00044257.jpg,857,52,987,195,642,116
00044258.jpg,855,53,985,196,641,116
00044259.jpg,853,53,983,196,641,116
00044260.jpg,851,54,981,197,631,118
00044261.jpg,849,54,979,197,631,118
00044262.jpg,848,55,978,198,631,118
00044263.jpg,847,57,983,198,620,120
00044264.jpg,847,57,983,198,615,120
00044265.jpg,845,58,981,199,615,120
00044266.jpg,843,58,979,199,607,121
00044267.jpg,841,59,977,200,602,121
00044268.jpg,839,60,975,201,596,125
00044269.jpg,837,61,973,202,596,125
00044270.jpg,835,61,971,202,586,130
00044271.jpg,832,62,968,203,582,130
00044272.jpg,830,62,966,203,581,130
00044273.jpg,828,63,964,204,576,134
00044274.jpg,826,64,962,205,575,134
00044275.jpg,824,64,960,205,572,134
00044276.jpg,822,65,958,206,568,135
00044277.jpg,820,65,956,206,563,135
00044278.jpg,818,66,954,207,623,296
00044279.jpg,816,66,952,207,756,359
00044280.jpg,814,67,950,208,752,359
00044281.jpg,812,67,948,208,750,359
00044282.jpg,810,68,946,209,748,359
00044283.jpg,808,69,944,210,746,359
00044284.jpg,806,69,942,210,745,358
00044285.jpg,804,70,940,211,740,358
00044286.jpg,802,70,938,211,738,358
00044287.jpg,801,71,937,212,736,359
00044288.jpg,799,72,935,213,735,363
00044289.jpg,797,72,933,213,731,363
00044290.jpg,796,73,932,214,735,363
00044291.jpg,794,73,930,214,735,363
00044292.jpg,793,73,929,214,730,363
00044293.jpg,791,73,927,214,728,363
