00044163.jpg,492,20,649,174,-1,-1
00044164.jpg,492,20,649,174,-1,-1
00044165.jpg,488,19,645,173,-1,-1
00044166.jpg,485,18,642,172,-1,-1
00044167.jpg,481,18,638,172,-1,-1
00044168.jpg,477,18,634,172,-1,-1
00044169.jpg,473,17,630,171,-1,-1
00044170.jpg,469,17,626,171,-1,-1
00044171.jpg,466,16,623,170,-1,-1
00044172.jpg,462,16,619,170,-1,-1
00044173.jpg,458,16,615,170,-1,-1
00044174.jpg,454,15,611,169,-1,-1
00044175.jpg,450,15,607,169,-1,-1
00044176.jpg,447,15,604,169,-1,-1
00044177.jpg,443,15,600,169,-1,-1
00044178.jpg,439,16,596,170,-1,-1
00044179.jpg,436,15,593,169,-1,-1
00044180.jpg,432,15,589,169,-1,-1
00044181.jpg,428,15,585,169,-1,-1
00044182.jpg,424,15,581,169,-1,-1
00044183.jpg,421,15,578,169,-1,-1
00044184.jpg,417,15,574,169,-1,-1
00044185.jpg,414,14,571,168,-1,-1
00044186.jpg,411,14,568,168,-1,-1
00044187.jpg,407,14,564,168,-1,-1
00044188.jpg,404,14,561,168,-1,-1
00044189.jpg,400,14,557,168,-1,-1
00044190.jpg,397,14,554,168,-1,-1
00044191.jpg,394,14,551,168,-1,-1
00044192.jpg,392,14,549,168,-1,-1
00044193.jpg,389,14,546,168,-1,-1
00044194.jpg,386,19,538,175,-1,-1
00044195.jpg,386,19,538,175,-1,-1
00044196.jpg,383,19,535,175,-1,-1
00044197.jpg,381,19,533,175,-1,-1
00044198.jpg,378,20,530,176,-1,-1
00044199.jpg,376,20,528,176,-1,-1
00044200.jpg,374,20,526,176,-1,-1
00044201.jpg,372,20,524,176,-1,-1
00044202.jpg,370,20,522,176,-1,-1
00044203.jpg,368,20,520,176,-1,-1
00044204.jpg,366,20,518,176,-1,-1
00044205.jpg,364,20,516,176,-1,-1
00044206.jpg,363,21,515,177,-1,-1
00044207.jpg,361,21,513,177,-1,-1
00044208.jpg,359,21,511,177,-1,-1
00044209.jpg,357,22,509,178,-1,-1
00044210.jpg,355,22,507,178,-1,-1
00044211.jpg,353,22,505,178,-1,-1
00044212.jpg,352,23,504,179,-1,-1
00044213.jpg,350,23,502,179,-1,-1
00044214.jpg,348,23,500,179,-1,-1
00044215.jpg,346,23,498,179,-1,-1
00044216.jpg,344,23,496,179,-1,-1
00044217.jpg,342,23,494,179,-1,-1
00044218.jpg,341,23,493,179,-1,-1
00044219.jpg,339,24,491,180,-1,-1
00044220.jpg,337,24,489,180,-1,-1
00044221.jpg,335,24,487,180,-1,-1
00044222.jpg,334,24,486,180,-1,-1
00044223.jpg,332,24,484,180,-1,-1
00044224.jpg,330,25,482,181,-1,-1
00044225.jpg,329,25,481,181,-1,-1
00044226.jpg,327,25,479,181,-1,-1
00044227.jpg,325,25,477,181,-1,-1
00044228.jpg,324,25,476,181,-1,-1
00044229.jpg,323,25,475,181,-1,-1
00044230.jpg,321,26,473,182,-1,-1
00044231.jpg,320,26,472,182,-1,-1
00044232.jpg,319,26,471,182,-1,-1
00044233.jpg,317,26,469,182,-1,-1
00044234.jpg,315,27,467,183,-1,-1
00044235.jpg,313,27,465,183,-1,-1
00044236.jpg,311,28,463,184,-1,-1
00044237.jpg,309,28,461,184,-1,-1
00044238.jpg,306,29,458,185,-1,-1
00044239.jpg,304,30,456,186,-1,-1
00044240.jpg,301,31,453,187,-1,-1
00044241.jpg,298,32,450,188,-1,-1
00044242.jpg,296,33,448,189,-1,-1
00044243.jpg,294,33,446,189,-1,-1
00044244.jpg,291,34,443,190,-1,-1
00044245.jpg,290,35,442,191,-1,-1
00044246.jpg,288,35,440,191,-1,-1
00044247.jpg,287,36,439,192,-1,-1
00044248.jpg,285,37,437,193,-1,-1
00044249.jpg,284,37,436,193,-1,-1
00044250.jpg,278,39,441,199,-1,-1
00044251.jpg,278,39,441,199,-1,-1
00044252.jpg,276,40,439,200,-1,-1
00044253.jpg,273,40,436,200,-1,-1
00044254.jpg,271,41,434,201,-1,-1
00044255.jpg,268,42,431,202,-1,-1
00044256.jpg,266,42,429,202,-1,-1
00044257.jpg,264,43,427,203,-1,-1
00044258.jpg,261,43,424,203,-1,-1
00044259.jpg,260,43,423,203,-1,-1
00044260.jpg,259,43,422,203,-1,-1
00044261.jpg,257,43,420,203,-1,-1
00044262.jpg,256,44,419,204,-1,-1
00044263.jpg,254,45,417,205,-1,-1
00044264.jpg,251,45,414,205,-1,-1
00044265.jpg,249,46,412,206,-1,-1
00044266.jpg,246,47,409,207,-1,-1
00044267.jpg,243,47,406,207,-1,-1
00044268.jpg,241,48,404,208,-1,-1
00044269.jpg,238,49,401,209,-1,-1
00044270.jpg,235,49,398,209,-1,-1
00044271.jpg,233,50,396,210,-1,-1
00044272.jpg,232,50,395,210,-1,-1
00044273.jpg,230,50,393,210,-1,-1
00044274.jpg,229,51,392,211,-1,-1
00044275.jpg,227,51,390,211,-1,-1
00044276.jpg,218,46,382,218,-1,-1
00044277.jpg,218,46,382,218,-1,-1
00044278.jpg,216,47,380,219,-1,-1
00044279.jpg,215,48,379,220,-1,-1
00044280.jpg,213,49,377,221,-1,-1
00044281.jpg,211,49,375,221,-1,-1
00044282.jpg,208,50,372,222,-1,-1
00044283.jpg,206,51,370,223,-1,-1
00044284.jpg,203,52,367,224,-1,-1
00044285.jpg,200,53,364,225,-1,-1
00044286.jpg,197,54,361,226,-1,-1
00044287.jpg,194,54,358,226,-1,-1
00044288.jpg,191,54,355,226,-1,-1
00044289.jpg,189,55,353,227,-1,-1
00044290.jpg,187,55,351,227,-1,-1
00044291.jpg,186,56,350,228,-1,-1
00044292.jpg,184,56,348,228,-1,-1
00044293.jpg,182,57,346,229,-1,-1
00044294.jpg,181,57,345,229,-1,-1
00044295.jpg,178,58,342,230,-1,-1
00044296.jpg,176,58,340,230,-1,-1
00044297.jpg,174,59,338,231,-1,-1
00044298.jpg,172,59,336,231,-1,-1
00044299.jpg,170,60,334,232,-1,-1
00044300.jpg,168,60,332,232,-1,-1
00044301.jpg,166,60,330,232,-1,-1
00044302.jpg,165,61,329,233,-1,-1
00044303.jpg,164,61,328,233,-1,-1
00044304.jpg,164,60,328,232,-1,-1
00044305.jpg,164,60,328,232,-1,-1
00044306.jpg,163,60,327,232,-1,-1
00044307.jpg,164,60,328,232,-1,-1
00044308.jpg,164,60,328,232,-1,-1
