00005636.jpg,345,78,650,392,-1,-1
00005637.jpg,322,81,633,398,-1,-1
00005638.jpg,322,81,633,398,-1,-1
00005639.jpg,319,84,630,401,-1,-1
00005640.jpg,318,88,629,405,-1,-1
00005641.jpg,318,92,629,409,-1,-1
00005642.jpg,321,95,632,412,-1,-1
00005643.jpg,327,94,638,411,-1,-1
00005644.jpg,334,93,645,410,-1,-1
00005645.jpg,343,92,654,409,-1,-1
00005646.jpg,355,91,666,408,-1,-1
00005647.jpg,367,90,678,407,-1,-1
00005648.jpg,381,89,692,406,-1,-1
00005649.jpg,394,88,705,405,-1,-1
00005650.jpg,407,87,718,404,-1,-1
00005651.jpg,420,85,731,402,-1,-1
00005652.jpg,431,85,742,402,-1,-1
00005653.jpg,440,85,751,402,-1,-1
00005654.jpg,446,87,757,404,-1,-1
00005655.jpg,451,87,762,404,-1,-1
00005656.jpg,453,89,764,406,-1,-1
00005657.jpg,455,89,766,406,-1,-1
00005658.jpg,455,90,766,407,-1,-1
00005659.jpg,455,90,766,407,-1,-1
