00000749.jpg,272,24,768,601,-1,-1
00000750.jpg,272,24,768,601,-1,-1
00000751.jpg,272,24,768,601,-1,-1
00000752.jpg,272,24,768,601,-1,-1
00000753.jpg,273,23,769,600,-1,-1
00000754.jpg,273,23,769,600,-1,-1
00000755.jpg,274,22,770,599,-1,-1
00000756.jpg,275,23,771,600,-1,-1
00000757.jpg,275,23,771,600,-1,-1
00000758.jpg,276,23,772,600,-1,-1
00000759.jpg,277,25,773,602,-1,-1
00000760.jpg,278,28,774,605,-1,-1
00000761.jpg,279,30,775,607,-1,-1
00000762.jpg,279,30,775,607,-1,-1
00000763.jpg,281,33,777,610,-1,-1
00000764.jpg,282,35,778,612,-1,-1
00000765.jpg,283,37,779,614,-1,-1
00000766.jpg,284,38,780,615,-1,-1
00000767.jpg,284,38,780,615,-1,-1
00000768.jpg,284,39,780,616,-1,-1
00000769.jpg,284,39,780,616,-1,-1
00000770.jpg,284,38,780,615,-1,-1
00000771.jpg,283,37,779,614,-1,-1
00000772.jpg,283,37,779,614,-1,-1
00000773.jpg,283,34,779,611,-1,-1
00000774.jpg,282,28,778,605,-1,-1
00000775.jpg,283,22,779,599,-1,-1
00000776.jpg,282,18,778,595,-1,-1
00000777.jpg,282,18,778,595,-1,-1
00000778.jpg,281,15,777,592,-1,-1
00000779.jpg,279,13,775,590,681,1051
00000780.jpg,279,12,775,589,707,1046
00000781.jpg,279,11,775,588,748,1061
00000782.jpg,279,11,775,588,751,1056
00000783.jpg,279,12,775,589,-1,-1
00000784.jpg,280,14,776,591,-1,-1
00000785.jpg,281,16,777,593,-1,-1
00000786.jpg,282,19,778,596,-1,-1
00000787.jpg,282,19,778,596,-1,-1
00000788.jpg,282,20,778,597,-1,-1
00000789.jpg,282,21,778,598,-1,-1
00000790.jpg,282,20,778,597,-1,-1
00000791.jpg,282,19,778,596,-1,-1
00000792.jpg,282,19,778,596,-1,-1
00000793.jpg,280,19,776,596,-1,-1
00000794.jpg,277,19,773,596,-1,-1
00000795.jpg,274,20,770,597,-1,-1
00000796.jpg,270,21,766,598,-1,-1
00000797.jpg,270,21,766,598,-1,-1
00000798.jpg,268,20,764,597,-1,-1
00000799.jpg,266,20,762,597,-1,-1
00000800.jpg,264,20,760,597,-1,-1
00000801.jpg,262,21,758,598,-1,-1
00000802.jpg,262,21,758,598,-1,-1
00000803.jpg,262,21,758,598,-1,-1
00000804.jpg,261,21,757,598,-1,-1
00000805.jpg,260,20,756,597,-1,-1
00000806.jpg,259,20,755,597,-1,-1
00000807.jpg,259,20,755,597,-1,-1
00000808.jpg,260,21,756,598,-1,-1
00000809.jpg,262,22,758,599,-1,-1
00000810.jpg,262,22,758,599,-1,-1
