00000749.jpg,1267,15,1873,641,-1,-1
00000750.jpg,1267,15,1873,641,-1,-1
00000751.jpg,1267,15,1873,641,-1,-1
00000752.jpg,1267,15,1873,641,-1,-1
00000753.jpg,1258,17,1864,643,-1,-1
00000754.jpg,1249,18,1855,644,-1,-1
00000755.jpg,1241,18,1847,644,-1,-1
00000756.jpg,1234,19,1840,645,-1,-1
00000757.jpg,1234,19,1840,645,-1,-1
00000758.jpg,1229,21,1835,647,-1,-1
00000759.jpg,1225,23,1831,649,-1,-1
00000760.jpg,1223,25,1829,651,-1,-1
00000761.jpg,1223,28,1829,654,-1,-1
00000762.jpg,1223,28,1829,654,-1,-1
00000763.jpg,1226,31,1832,657,-1,-1
00000764.jpg,1230,34,1836,660,-1,-1
00000765.jpg,1237,36,1843,662,-1,-1
00000766.jpg,1244,37,1850,663,-1,-1
00000767.jpg,1244,37,1850,663,-1,-1
00000768.jpg,1251,38,1857,664,-1,-1
00000769.jpg,1259,39,1865,665,-1,-1
00000770.jpg,1265,39,1871,665,-1,-1
00000771.jpg,1272,40,1878,666,-1,-1
00000772.jpg,1272,40,1878,666,-1,-1
00000773.jpg,1277,38,1883,664,-1,-1
00000774.jpg,1283,38,1889,664,-1,-1
00000775.jpg,1289,38,1895,664,-1,-1
00000776.jpg,1287,38,1893,664,-1,-1
00000777.jpg,1287,38,1893,664,-1,-1
00000778.jpg,1287,42,1893,668,-1,-1
00000779.jpg,1290,43,1896,669,597,1053
00000780.jpg,1292,41,1898,667,670,1029
00000781.jpg,1297,38,1903,664,671,1029
00000782.jpg,1297,38,1903,664,671,1029
00000783.jpg,1303,35,1909,661,680,1045
00000784.jpg,1307,34,1913,660,695,1061
00000785.jpg,1308,33,1914,659,-1,-1
00000786.jpg,1309,32,1915,658,-1,-1
00000787.jpg,1309,32,1915,658,-1,-1
00000788.jpg,1307,33,1913,659,-1,-1
00000789.jpg,1305,33,1911,659,-1,-1
00000790.jpg,1304,34,1910,660,-1,-1
00000791.jpg,1304,36,1910,662,-1,-1
00000792.jpg,1304,36,1910,662,-1,-1
00000793.jpg,1306,38,1912,664,-1,-1
00000794.jpg,1308,40,1914,666,-1,-1
00000795.jpg,1310,40,1916,666,-1,-1
00000796.jpg,1312,41,1918,667,-1,-1
00000797.jpg,1312,41,1918,667,-1,-1
00000798.jpg,1312,41,1918,667,-1,-1
00000799.jpg,1313,41,1919,667,-1,-1
00000800.jpg,1312,40,1918,666,-1,-1
00000801.jpg,1313,39,1919,665,-1,-1
00000802.jpg,1313,39,1919,665,-1,-1
00000803.jpg,1307,27,1899,652,-1,-1
00000804.jpg,1307,27,1899,652,-1,-1
00000805.jpg,1306,27,1898,652,-1,-1
00000806.jpg,1306,27,1898,652,-1,-1
00000807.jpg,1306,27,1898,652,-1,-1
00000808.jpg,1306,28,1898,653,-1,-1
00000809.jpg,1306,28,1898,653,-1,-1
00000810.jpg,1306,28,1898,653,-1,-1
