00004918.jpg,741,306,891,485,1253,491
00004919.jpg,741,306,891,485,1253,491
00004920.jpg,741,306,891,485,1253,491
00004921.jpg,741,306,891,485,1247,490
00004922.jpg,739,306,889,485,1247,490
00004923.jpg,739,306,889,485,1247,493
00004924.jpg,737,307,887,486,1247,494
00004925.jpg,734,307,884,486,1248,494
00004926.jpg,731,307,881,486,1248,494
00004927.jpg,728,307,878,486,1248,494
00004928.jpg,728,307,878,486,1248,494
00004929.jpg,724,308,874,487,1248,494
00004930.jpg,721,309,871,488,1248,494
00004931.jpg,718,309,868,488,1248,494
00004932.jpg,715,310,865,489,1248,494
00004933.jpg,715,310,865,489,1248,494
00004934.jpg,713,309,863,488,1248,494
00004935.jpg,710,308,860,487,1248,494
00004936.jpg,708,307,858,486,1248,494
00004937.jpg,706,307,856,486,1248,494
00004938.jpg,706,307,856,486,1248,494
00004939.jpg,706,307,856,486,1248,494
00004940.jpg,707,309,857,488,1248,494
00004941.jpg,709,310,859,489,1248,494
00004942.jpg,710,311,860,490,1248,494
00004943.jpg,710,311,860,490,1248,494
00004944.jpg,712,313,862,492,1248,494
00004945.jpg,716,314,866,493,1248,494
00004946.jpg,721,315,871,494,1248,494
00004947.jpg,726,315,876,494,1248,494
00004948.jpg,726,315,876,494,1250,494
00004949.jpg,731,315,881,494,1248,494
00004950.jpg,735,315,885,494,1247,495
00004951.jpg,739,317,889,496,1248,496
00004952.jpg,739,317,889,496,1247,496
00004953.jpg,745,318,895,497,1247,496
00004954.jpg,753,319,903,498,1248,496
00004955.jpg,757,320,907,499,1247,496
00004956.jpg,761,320,911,499,1246,498
00004957.jpg,761,320,911,499,1246,496
00004958.jpg,765,321,915,500,1246,498
00004959.jpg,758,321,914,502,1250,498
00004960.jpg,758,321,914,502,1245,499
00004961.jpg,760,322,916,503,1245,500
00004962.jpg,760,322,916,503,1247,500
00004963.jpg,764,323,920,504,1245,500
00004964.jpg,767,325,923,506,1246,500
00004965.jpg,770,327,926,508,697,210
00004966.jpg,775,328,931,509,696,210
00004967.jpg,775,328,931,509,696,209
00004968.jpg,778,330,934,511,691,209
00004969.jpg,781,332,937,513,692,215
00004970.jpg,785,335,941,516,692,215
00004971.jpg,788,339,944,520,692,215
00004972.jpg,788,339,944,520,691,215
00004973.jpg,789,341,945,522,690,213
00004974.jpg,791,341,947,522,690,213
00004975.jpg,792,340,948,521,682,209
00004976.jpg,792,340,948,521,682,209
