00004918.jpg,406,5,789,395,1238,505
00004919.jpg,406,5,789,395,1238,505
00004920.jpg,406,5,789,395,1233,503
00004921.jpg,406,5,789,395,1227,500
00004922.jpg,409,6,792,396,1227,500
00004923.jpg,409,6,792,396,1227,500
00004924.jpg,412,7,795,397,1227,500
00004925.jpg,415,7,798,397,1227,500
00004926.jpg,416,7,799,397,1227,500
00004927.jpg,417,6,800,396,1227,500
00004928.jpg,417,6,800,396,1230,500
00004929.jpg,416,5,799,395,1230,500
00004930.jpg,414,3,797,393,1233,501
00004931.jpg,412,2,795,392,1233,501
00004932.jpg,409,1,792,391,1237,498
00004933.jpg,409,1,792,391,1242,498
00004934.jpg,405,0,788,390,1243,498
00004935.jpg,401,0,784,390,1243,498
00004936.jpg,398,0,781,390,1245,498
00004937.jpg,395,0,778,390,1245,498
00004938.jpg,395,0,778,390,1245,498
00004939.jpg,393,0,776,390,1245,498
00004940.jpg,391,0,774,390,1245,498
00004941.jpg,390,0,773,390,1245,498
00004942.jpg,390,0,773,390,1245,498
00004943.jpg,390,0,773,390,1245,498
00004944.jpg,391,0,774,390,1245,498
00004945.jpg,394,1,777,391,1245,498
00004946.jpg,397,2,780,392,1245,498
00004947.jpg,400,3,783,393,1337,719
00004948.jpg,400,3,783,393,1337,719
00004949.jpg,403,4,786,394,1321,833
00004950.jpg,404,5,787,395,1173,709
00004951.jpg,403,5,786,395,1056,501
00004952.jpg,403,5,786,395,1053,503
00004953.jpg,405,7,788,397,1053,503
00004954.jpg,407,9,790,399,1053,503
00004955.jpg,406,8,789,398,1053,501
00004956.jpg,405,8,788,398,1053,508
00004957.jpg,405,8,788,398,1050,511
00004958.jpg,403,8,786,398,1048,511
00004959.jpg,401,8,784,398,1048,511
00004960.jpg,397,8,780,398,1047,514
00004961.jpg,394,9,777,399,1043,513
00004962.jpg,394,9,777,399,1040,506
00004963.jpg,391,10,774,400,1040,506
00004964.jpg,389,12,772,402,1040,506
00004965.jpg,387,14,770,404,1035,509
00004966.jpg,385,15,768,405,1036,510
00004967.jpg,385,15,768,405,1036,510
00004968.jpg,383,16,766,406,1036,510
00004969.jpg,381,17,764,407,1031,516
00004970.jpg,380,18,763,408,1031,516
00004971.jpg,378,18,761,408,1030,515
00004972.jpg,378,18,761,408,1030,513
00004973.jpg,375,17,758,407,1030,513
00004974.jpg,372,16,755,406,1025,509
00004975.jpg,370,15,753,405,1022,508
00004976.jpg,370,15,753,405,1021,508
