00000001.jpg,662,340,813,498,437,221
00000002.jpg,662,340,813,498,-1,-1
00000003.jpg,662,340,813,498,-1,-1
00000004.jpg,662,340,813,498,-1,-1
00000005.jpg,662,340,813,498,-1,-1
00000006.jpg,662,340,813,498,-1,-1
00000007.jpg,662,340,813,498,-1,-1
00000008.jpg,662,340,813,498,-1,-1
00000009.jpg,662,340,813,498,-1,-1
00000010.jpg,662,340,813,498,-1,-1
00000011.jpg,662,340,813,498,-1,-1
00000012.jpg,662,340,813,498,-1,-1
00000013.jpg,662,340,813,498,-1,-1
00000014.jpg,661,341,812,499,-1,-1
00000015.jpg,661,341,812,499,-1,-1
00000016.jpg,660,341,811,499,-1,-1
00000017.jpg,660,341,811,499,-1,-1
00000018.jpg,660,341,811,499,-1,-1
00000019.jpg,660,341,811,499,-1,-1
00000020.jpg,659,341,810,499,-1,-1
00000021.jpg,659,340,810,498,-1,-1
00000022.jpg,659,340,810,498,-1,-1
00000023.jpg,659,340,810,498,-1,-1
00000024.jpg,659,340,810,498,-1,-1
00000025.jpg,660,340,811,498,-1,-1
00000026.jpg,660,340,811,498,428,214
00000027.jpg,665,346,805,493,428,214
00000028.jpg,665,346,805,493,428,214
00000029.jpg,664,345,804,492,428,214
00000030.jpg,663,345,803,492,428,214
00000031.jpg,658,344,798,491,428,214
00000032.jpg,664,343,813,492,428,214
00000033.jpg,664,343,813,492,428,214
00000034.jpg,664,344,813,493,427,210
00000035.jpg,665,344,814,493,427,210
00000036.jpg,667,345,816,494,427,210
00000037.jpg,668,345,817,494,427,210
00000038.jpg,669,345,818,494,427,210
00000039.jpg,670,344,819,493,427,210
00000040.jpg,671,344,820,493,427,210
00000041.jpg,672,344,821,493,-1,-1
00000042.jpg,663,338,812,487,-1,-1
00000043.jpg,661,339,810,488,-1,-1
00000044.jpg,661,339,810,488,-1,-1
00000045.jpg,661,339,810,488,-1,-1
00000046.jpg,663,340,812,489,-1,-1
00000047.jpg,668,343,817,492,-1,-1
00000048.jpg,670,344,819,493,-1,-1
00000049.jpg,670,345,819,494,-1,-1
00000050.jpg,669,345,818,494,-1,-1
00000051.jpg,668,345,817,494,-1,-1
00000052.jpg,665,345,814,494,-1,-1
00000053.jpg,658,342,807,491,-1,-1
00000054.jpg,655,340,796,490,-1,-1
00000055.jpg,655,340,796,490,-1,-1
00000056.jpg,653,339,794,489,-1,-1
00000057.jpg,651,338,792,488,-1,-1
00000058.jpg,649,338,790,488,-1,-1
00000059.jpg,648,339,789,489,-1,-1
00000060.jpg,649,339,790,489,-1,-1
00000061.jpg,653,339,794,489,-1,-1
00000062.jpg,653,339,794,489,420,210
00000063.jpg,652,339,793,489,420,210
00000064.jpg,652,339,793,489,420,210
00000065.jpg,651,338,792,488,420,210
00000066.jpg,649,338,790,488,420,210
00000067.jpg,647,338,788,488,420,210
00000068.jpg,646,337,787,487,420,210
00000069.jpg,648,338,789,488,420,210
00000070.jpg,648,339,789,489,418,206
00000071.jpg,648,339,789,489,418,206
00000072.jpg,650,337,798,490,417,205
00000073.jpg,650,337,798,490,417,205
00000074.jpg,650,336,798,489,417,205
00000075.jpg,651,336,799,489,403,203
00000076.jpg,652,336,800,489,417,205
00000077.jpg,655,339,796,487,342,484
00000078.jpg,655,339,796,487,353,470
00000079.jpg,655,339,796,487,359,448
00000080.jpg,655,340,796,488,366,429
00000081.jpg,655,340,796,488,367,411
00000082.jpg,655,340,796,488,370,392
00000083.jpg,654,340,795,488,376,373
00000084.jpg,652,341,793,489,378,358
00000085.jpg,651,341,792,489,389,342
00000086.jpg,649,342,790,490,391,333
00000087.jpg,647,342,788,490,391,327
00000088.jpg,645,342,786,490,393,325
00000089.jpg,643,343,784,491,393,336
00000090.jpg,642,338,790,483,399,351
00000091.jpg,642,338,790,483,399,388
00000092.jpg,641,338,789,483,408,442
00000093.jpg,641,338,789,483,440,215
00000094.jpg,641,338,789,483,440,212
00000095.jpg,641,338,789,483,442,209
00000096.jpg,639,338,787,483,442,209
00000097.jpg,638,339,786,484,447,210
00000098.jpg,637,339,785,484,445,210
00000099.jpg,635,338,783,483,445,210
00000100.jpg,633,338,781,483,445,210
00000101.jpg,630,338,778,483,445,210
00000102.jpg,627,338,775,483,433,216
00000103.jpg,625,338,773,483,433,216
00000104.jpg,623,339,771,484,424,220
00000105.jpg,621,339,769,484,421,220
00000106.jpg,620,339,768,484,421,223
00000107.jpg,619,340,767,485,418,224
00000108.jpg,619,340,767,485,421,228
00000109.jpg,616,340,764,485,419,237
00000110.jpg,614,340,762,485,415,236
00000111.jpg,627,341,775,486,421,240
00000112.jpg,627,342,775,487,421,240
00000113.jpg,626,342,774,487,421,240
00000114.jpg,625,342,773,487,417,249
00000115.jpg,624,342,772,487,424,249
00000116.jpg,622,342,770,487,375,439
00000117.jpg,620,342,768,487,377,445
00000118.jpg,604,340,752,485,376,444
00000119.jpg,603,340,751,485,372,447
00000120.jpg,603,340,751,485,373,447
00000121.jpg,603,340,751,485,369,448
00000122.jpg,603,339,751,484,368,448
00000123.jpg,603,339,751,484,369,450
00000124.jpg,603,339,751,484,368,454
00000125.jpg,603,339,751,484,367,448
00000126.jpg,603,339,751,484,364,447
00000127.jpg,603,339,751,484,369,443
00000128.jpg,602,338,750,483,370,436
00000129.jpg,602,338,750,483,374,427
00000130.jpg,602,338,750,483,382,421
00000131.jpg,602,338,750,483,375,395
00000132.jpg,602,338,750,483,380,381
00000133.jpg,602,338,750,483,395,353
00000134.jpg,601,337,749,482,406,341
00000135.jpg,613,338,761,483,406,335
00000136.jpg,601,337,749,482,397,222
00000137.jpg,615,338,763,483,398,223
00000138.jpg,616,338,764,483,398,223
00000139.jpg,616,338,764,483,398,232
00000140.jpg,617,338,765,483,395,237
00000141.jpg,618,338,766,483,395,237
00000142.jpg,618,338,766,483,395,237
00000143.jpg,618,338,766,483,395,237
00000144.jpg,619,338,767,483,395,237
00000145.jpg,619,338,767,483,395,235
00000146.jpg,620,338,768,483,395,232
00000147.jpg,620,338,768,483,395,232
00000148.jpg,620,338,768,483,395,232
00000149.jpg,620,338,768,483,395,232
00000150.jpg,620,338,768,483,395,232
00000151.jpg,620,338,768,483,391,231
00000152.jpg,620,338,768,483,471,328
00000153.jpg,619,338,767,483,473,330
00000154.jpg,619,338,767,483,472,331
00000155.jpg,619,338,767,483,471,333
00000156.jpg,618,338,766,483,473,332
00000157.jpg,618,338,766,483,472,335
00000158.jpg,619,338,767,483,473,337
00000159.jpg,619,338,767,483,470,341
00000160.jpg,619,338,767,483,475,343
00000161.jpg,619,338,767,483,475,348
00000162.jpg,618,338,766,483,396,220
00000163.jpg,618,338,766,483,395,214
00000164.jpg,618,338,766,483,397,214
00000165.jpg,618,338,766,483,397,212
00000166.jpg,618,338,766,483,398,206
00000167.jpg,618,338,766,483,398,206
00000168.jpg,619,338,767,483,398,207
00000169.jpg,619,338,767,483,399,203
00000170.jpg,620,338,768,483,400,202
00000171.jpg,620,338,768,483,402,201
00000172.jpg,620,338,768,483,402,201
00000173.jpg,621,338,769,483,400,194
00000174.jpg,621,338,769,483,400,194
00000175.jpg,622,338,770,483,398,191
00000176.jpg,622,338,770,483,398,191
00000177.jpg,622,338,770,483,398,191
00000178.jpg,622,338,770,483,398,191
00000179.jpg,623,338,771,483,396,182
00000180.jpg,624,338,772,483,396,182
00000181.jpg,623,338,771,483,396,182
00000182.jpg,622,338,770,483,394,176
00000183.jpg,622,338,770,483,392,177
00000184.jpg,622,338,770,483,391,173
00000185.jpg,622,338,770,483,388,173
00000186.jpg,622,338,770,483,388,173
00000187.jpg,621,338,769,483,385,169
00000188.jpg,621,338,769,483,385,169
00000189.jpg,621,338,769,483,385,166
00000190.jpg,621,338,769,483,382,163
00000191.jpg,621,338,769,483,-1,-1
00000192.jpg,618,339,766,484,-1,-1
00000193.jpg,618,339,766,484,-1,-1
00000194.jpg,618,339,766,484,-1,-1
00000195.jpg,598,337,746,482,-1,-1
00000196.jpg,598,337,746,482,-1,-1
00000197.jpg,599,338,747,483,-1,-1
00000198.jpg,599,338,747,483,-1,-1
00000199.jpg,598,338,746,483,-1,-1
00000200.jpg,598,338,746,483,-1,-1
00000201.jpg,598,338,746,483,-1,-1
00000202.jpg,597,338,745,483,-1,-1
00000203.jpg,597,338,745,483,-1,-1
00000204.jpg,597,338,745,483,-1,-1
00000205.jpg,596,338,744,483,-1,-1
00000206.jpg,595,338,743,483,-1,-1
00000207.jpg,594,338,742,483,-1,-1
00000208.jpg,594,338,742,483,-1,-1
00000209.jpg,593,338,741,483,-1,-1
00000210.jpg,593,338,741,483,-1,-1
00000211.jpg,592,339,740,484,-1,-1
00000212.jpg,592,339,740,484,-1,-1
00000213.jpg,591,339,739,484,875,583
00000214.jpg,591,340,739,485,875,583
00000215.jpg,590,340,738,485,875,583
00000216.jpg,589,340,737,485,875,583
00000217.jpg,589,340,737,485,868,586
00000218.jpg,590,341,738,486,870,587
00000219.jpg,589,341,737,486,876,585
00000220.jpg,589,341,737,486,878,585
00000221.jpg,588,341,736,486,684,627
00000222.jpg,588,342,736,487,684,635
00000223.jpg,587,342,735,487,684,648
00000224.jpg,587,343,735,488,674,660
00000225.jpg,586,344,734,489,674,667
00000226.jpg,586,344,734,489,674,667
00000227.jpg,585,345,733,490,674,667
00000228.jpg,585,346,733,491,674,667
00000229.jpg,585,347,733,492,674,667
00000230.jpg,585,348,733,493,674,667
00000231.jpg,567,357,722,513,673,667
00000232.jpg,567,357,722,513,673,667
00000233.jpg,566,358,721,514,673,667
00000234.jpg,566,358,721,514,673,667
00000235.jpg,565,359,720,515,673,667
00000236.jpg,564,359,719,515,674,667
00000237.jpg,564,359,719,515,674,667
00000238.jpg,564,359,719,515,674,667
00000239.jpg,564,359,719,515,-1,-1
00000240.jpg,564,359,719,515,-1,-1
00000241.jpg,564,359,719,515,-1,-1
00000242.jpg,565,359,720,515,-1,-1
00000243.jpg,566,359,721,515,-1,-1
00000244.jpg,567,360,722,516,-1,-1
00000245.jpg,567,360,722,516,-1,-1
00000246.jpg,568,360,723,516,-1,-1
00000247.jpg,568,360,723,516,-1,-1
00000248.jpg,568,361,723,517,-1,-1
00000249.jpg,569,361,724,517,-1,-1
00000250.jpg,570,361,725,517,-1,-1
00000251.jpg,571,361,726,517,-1,-1
00000252.jpg,571,361,726,517,-1,-1
00000253.jpg,571,361,726,517,-1,-1
00000254.jpg,571,361,726,517,-1,-1
00000255.jpg,572,361,727,517,-1,-1
00000256.jpg,572,362,727,518,-1,-1
00000257.jpg,573,356,729,517,-1,-1
00000258.jpg,573,356,729,517,-1,-1
00000259.jpg,573,356,729,517,-1,-1
00000260.jpg,573,356,729,517,-1,-1
00000261.jpg,573,357,729,518,-1,-1
00000262.jpg,573,358,729,519,-1,-1
00000263.jpg,574,357,730,518,-1,-1
00000264.jpg,574,357,730,518,-1,-1
00000265.jpg,573,357,729,518,-1,-1
00000266.jpg,573,357,729,518,-1,-1
00000267.jpg,574,357,730,518,951,140
00000268.jpg,574,357,730,518,948,142
00000269.jpg,575,357,731,518,945,141
00000270.jpg,576,357,732,518,943,140
00000271.jpg,560,357,716,518,943,140
00000272.jpg,559,357,715,518,938,144
00000273.jpg,558,358,714,519,936,143
00000274.jpg,555,359,711,520,931,142
00000275.jpg,564,360,720,521,929,139
00000276.jpg,564,360,720,521,925,140
00000277.jpg,561,361,717,522,921,142
00000278.jpg,558,362,714,523,908,139
00000279.jpg,555,363,711,524,906,139
00000280.jpg,553,363,709,524,899,142
00000281.jpg,552,364,708,525,896,139
00000282.jpg,558,364,714,525,891,140
00000283.jpg,558,364,714,525,888,136
00000284.jpg,558,364,714,525,883,139
00000285.jpg,559,364,715,525,874,140
00000286.jpg,560,364,716,525,868,139
00000287.jpg,563,364,719,525,866,144
00000288.jpg,565,363,721,524,866,144
00000289.jpg,568,362,724,523,866,144
00000290.jpg,569,362,725,523,866,144
00000291.jpg,571,362,727,523,872,144
00000292.jpg,572,363,728,524,879,143
00000293.jpg,574,363,730,524,885,139
00000294.jpg,575,364,731,525,891,137
00000295.jpg,578,364,734,525,897,137
00000296.jpg,580,364,736,525,903,137
00000297.jpg,583,364,739,525,909,136
00000298.jpg,585,364,741,525,915,138
00000299.jpg,584,365,740,526,921,139
00000300.jpg,587,364,743,525,926,139
00000301.jpg,591,364,747,525,932,140
00000302.jpg,592,364,748,525,939,141
00000303.jpg,593,364,749,525,943,140
00000304.jpg,592,364,748,525,953,140
00000305.jpg,593,364,749,525,957,140
00000306.jpg,594,364,750,525,961,140
00000307.jpg,596,364,752,525,966,138
00000308.jpg,597,364,753,525,970,137
00000309.jpg,598,364,754,525,974,137
00000310.jpg,600,364,756,525,976,137
00000311.jpg,602,364,758,525,982,135
00000312.jpg,603,364,759,525,985,137
00000313.jpg,604,364,760,525,989,135
00000314.jpg,605,364,761,525,992,135
00000315.jpg,606,364,762,525,997,135
00000316.jpg,607,364,763,525,1000,133
00000317.jpg,609,362,765,523,1000,133
00000318.jpg,609,364,765,525,1005,134
00000319.jpg,611,365,767,526,1005,134
00000320.jpg,611,364,767,525,1005,134
00000321.jpg,613,362,769,523,1007,141
00000322.jpg,615,362,771,523,1008,141
00000323.jpg,615,363,771,524,1010,141
00000324.jpg,616,365,772,526,1015,141
00000325.jpg,615,366,771,527,1015,141
00000326.jpg,625,361,781,522,1015,141
00000327.jpg,619,364,775,525,1015,141
00000328.jpg,619,365,775,526,1015,141
00000329.jpg,618,366,774,527,1015,141
00000330.jpg,618,367,774,528,1015,141
00000331.jpg,619,367,775,528,1015,146
00000332.jpg,619,367,775,528,1015,146
00000333.jpg,619,367,775,528,1015,146
