00000001.jpg,330,111,474,282,699,395
00000002.jpg,330,111,474,282,699,395
00000003.jpg,330,111,474,282,699,395
00000004.jpg,330,111,474,282,699,395
00000005.jpg,330,111,474,282,699,395
00000006.jpg,330,111,474,282,698,396
00000007.jpg,329,111,473,282,697,399
00000008.jpg,329,111,473,282,697,399
00000009.jpg,330,111,474,282,697,399
00000010.jpg,330,111,474,282,697,399
00000011.jpg,330,111,474,282,697,399
00000012.jpg,330,110,474,281,697,401
00000013.jpg,330,110,474,281,697,401
00000014.jpg,329,110,473,281,697,401
00000015.jpg,329,110,473,281,696,401
00000016.jpg,329,110,473,281,696,401
00000017.jpg,328,109,472,280,696,401
00000018.jpg,328,109,472,280,696,401
00000019.jpg,327,109,471,280,696,401
00000020.jpg,327,109,471,280,696,401
00000021.jpg,327,108,471,279,696,401
00000022.jpg,326,108,470,279,696,401
00000023.jpg,326,108,470,279,696,401
00000024.jpg,326,108,470,279,696,401
00000025.jpg,326,107,470,278,696,401
00000026.jpg,326,107,470,278,696,401
00000027.jpg,326,107,470,278,699,396
00000028.jpg,326,107,470,278,699,396
00000029.jpg,326,107,470,278,699,396
00000030.jpg,326,107,470,278,699,396
00000031.jpg,325,106,469,277,697,390
00000032.jpg,325,106,469,277,695,390
00000033.jpg,325,105,469,276,694,392
00000034.jpg,325,105,469,276,694,395
00000035.jpg,325,105,469,276,694,395
00000036.jpg,325,105,469,276,695,396
00000037.jpg,325,104,469,275,696,397
00000038.jpg,325,104,469,275,697,397
00000039.jpg,324,104,468,275,699,397
00000040.jpg,324,103,468,274,699,392
00000041.jpg,324,103,468,274,698,392
00000042.jpg,323,103,467,274,704,395
00000043.jpg,323,103,467,274,705,396
00000044.jpg,322,103,466,274,707,397
00000045.jpg,322,103,466,274,704,397
00000046.jpg,321,103,465,274,704,396
00000047.jpg,321,103,465,274,704,394
00000048.jpg,320,103,464,274,702,394
00000049.jpg,320,102,464,273,698,394
00000050.jpg,319,102,463,273,698,394
00000051.jpg,319,102,463,273,698,393
00000052.jpg,318,102,462,273,698,393
00000053.jpg,318,102,462,273,698,393
00000054.jpg,318,102,462,273,698,393
00000055.jpg,318,102,462,273,696,393
00000056.jpg,318,102,462,273,690,393
00000057.jpg,318,102,462,273,690,393
00000058.jpg,318,102,462,273,690,393
00000059.jpg,318,102,462,273,679,396
00000060.jpg,318,102,462,273,680,394
00000061.jpg,318,102,462,273,680,394
00000062.jpg,318,102,462,273,679,394
00000063.jpg,317,102,461,273,678,393
00000064.jpg,317,101,461,272,674,392
00000065.jpg,317,101,461,272,674,390
00000066.jpg,316,101,460,272,674,390
00000067.jpg,316,100,460,271,672,390
00000068.jpg,315,99,459,270,672,391
00000069.jpg,315,98,459,269,673,391
00000070.jpg,315,96,459,267,616,592
00000071.jpg,316,97,460,268,619,612
00000072.jpg,316,98,460,269,627,617
00000073.jpg,317,100,461,271,634,622
00000074.jpg,318,103,462,274,634,622
00000075.jpg,319,103,463,274,640,628
00000076.jpg,319,103,463,274,636,628
00000077.jpg,320,104,464,275,626,626
00000078.jpg,322,104,466,275,624,628
00000079.jpg,326,105,470,276,624,627
00000080.jpg,329,106,473,277,596,621
00000081.jpg,330,106,474,277,572,617
00000082.jpg,331,106,475,277,546,625
00000083.jpg,332,106,476,277,477,590
00000084.jpg,334,105,478,276,462,585
00000085.jpg,335,106,479,277,455,577
00000086.jpg,336,106,480,277,433,559
00000087.jpg,338,107,482,278,425,548
00000088.jpg,340,108,484,279,425,540
00000089.jpg,341,109,485,280,424,531
00000090.jpg,342,108,486,279,425,525
00000091.jpg,343,108,487,279,427,519
00000092.jpg,344,108,488,279,434,515
00000093.jpg,344,107,488,278,448,510
00000094.jpg,344,106,488,277,679,388
00000095.jpg,344,104,488,275,677,388
00000096.jpg,343,105,487,276,677,386
00000097.jpg,342,103,486,274,678,387
00000098.jpg,340,103,484,274,675,387
00000099.jpg,339,104,483,275,673,386
00000100.jpg,336,104,480,275,672,385
00000101.jpg,334,106,478,277,667,385
00000102.jpg,331,107,475,278,665,386
00000103.jpg,329,109,473,280,659,387
00000104.jpg,326,110,470,281,658,389
00000105.jpg,324,111,468,282,659,389
00000106.jpg,322,112,466,283,659,389
00000107.jpg,321,114,465,285,659,389
00000108.jpg,320,118,464,289,659,389
00000109.jpg,318,122,462,293,659,389
00000110.jpg,316,126,460,297,659,389
00000111.jpg,318,131,460,302,662,391
00000112.jpg,318,131,460,302,665,391
00000113.jpg,317,132,459,303,665,391
00000114.jpg,316,132,458,303,667,391
00000115.jpg,314,132,456,303,667,391
00000116.jpg,313,131,455,302,667,391
00000117.jpg,312,131,454,302,659,392
00000118.jpg,311,131,453,302,656,393
00000119.jpg,321,148,458,306,655,393
00000120.jpg,321,148,458,306,655,393
00000121.jpg,321,148,458,306,652,394
00000122.jpg,321,147,458,305,648,392
00000123.jpg,320,147,457,305,648,392
00000124.jpg,319,147,456,305,648,392
00000125.jpg,319,147,456,305,647,395
00000126.jpg,320,147,457,305,647,395
00000127.jpg,320,146,457,304,647,395
00000128.jpg,305,137,446,289,1080,120
00000129.jpg,305,137,446,289,1085,120
00000130.jpg,304,136,445,288,1086,118
00000131.jpg,301,136,442,288,1087,114
00000132.jpg,299,136,440,288,1084,117
00000133.jpg,298,136,439,288,1091,119
00000134.jpg,296,136,437,288,1090,121
00000135.jpg,294,136,435,288,1091,118
00000136.jpg,287,125,430,284,1090,118
00000137.jpg,287,125,430,284,1093,118
00000138.jpg,287,126,430,285,657,390
00000139.jpg,287,126,430,285,658,388
00000140.jpg,287,126,430,285,660,390
00000141.jpg,287,126,430,285,661,386
00000142.jpg,286,125,429,284,660,391
00000143.jpg,286,125,429,284,657,391
00000144.jpg,297,141,434,291,657,389
00000145.jpg,297,141,434,291,657,391
00000146.jpg,297,141,434,291,657,391
00000147.jpg,298,141,435,291,657,391
00000148.jpg,298,141,435,291,657,391
00000149.jpg,298,140,435,290,657,391
00000150.jpg,297,140,434,290,657,391
00000151.jpg,297,140,434,290,657,391
00000152.jpg,298,140,435,290,657,391
00000153.jpg,298,140,435,290,657,391
00000154.jpg,298,140,435,290,657,391
00000155.jpg,297,140,434,290,657,391
00000156.jpg,297,140,434,290,657,391
00000157.jpg,297,140,434,290,657,391
00000158.jpg,297,140,434,290,657,391
00000159.jpg,298,140,435,290,657,391
00000160.jpg,298,140,435,290,665,394
00000161.jpg,297,140,434,290,666,392
00000162.jpg,297,140,434,290,657,391
00000163.jpg,297,140,434,290,661,391
00000164.jpg,297,140,434,290,657,392
00000165.jpg,290,122,436,278,1051,111
00000166.jpg,290,122,436,278,1048,114
00000167.jpg,290,121,436,277,1041,114
00000168.jpg,290,121,436,277,1034,113
00000169.jpg,290,121,436,277,1033,114
00000170.jpg,290,121,436,277,1033,113
00000171.jpg,290,122,436,278,1031,113
00000172.jpg,290,122,436,278,1026,113
00000173.jpg,290,122,436,278,1025,113
00000174.jpg,289,122,435,278,1024,111
00000175.jpg,289,122,435,278,1024,111
00000176.jpg,289,122,435,278,1024,111
00000177.jpg,283,106,438,271,1024,111
00000178.jpg,283,106,438,271,1020,108
00000179.jpg,282,105,437,270,1019,107
00000180.jpg,281,105,436,270,1018,109
00000181.jpg,281,105,436,270,1016,111
00000182.jpg,280,105,435,270,1016,112
00000183.jpg,280,106,435,271,1011,111
00000184.jpg,276,94,425,257,1006,108
00000185.jpg,276,94,425,257,1002,109
00000186.jpg,275,93,424,256,994,112
00000187.jpg,273,92,422,255,986,113
00000188.jpg,272,90,421,253,977,117
00000189.jpg,270,88,419,251,967,118
00000190.jpg,269,86,418,249,966,119
00000191.jpg,268,84,417,247,966,119
00000192.jpg,268,83,417,246,966,119
00000193.jpg,267,81,416,244,966,119
00000194.jpg,266,80,415,243,966,119
00000195.jpg,265,79,414,242,966,119
00000196.jpg,264,78,413,241,966,119
00000197.jpg,263,77,412,240,975,119
00000198.jpg,262,76,411,239,981,120
00000199.jpg,261,75,410,238,992,120
00000200.jpg,260,73,409,236,995,120
00000201.jpg,258,70,407,233,999,119
00000202.jpg,256,66,405,229,1004,114
00000203.jpg,254,61,403,224,1005,113
00000204.jpg,252,56,401,219,1017,110
00000205.jpg,249,51,398,214,1017,110
00000206.jpg,247,45,396,208,1018,108
00000207.jpg,244,40,393,203,1022,111
00000208.jpg,242,36,391,199,1024,113
00000209.jpg,239,31,388,194,1028,114
00000210.jpg,237,27,386,190,1028,114
00000211.jpg,232,25,389,180,1029,118
00000212.jpg,232,25,389,180,1029,118
00000213.jpg,229,22,386,177,1030,118
00000214.jpg,227,19,384,174,1030,118
00000215.jpg,225,17,382,172,1030,118
00000216.jpg,222,15,379,170,1030,118
00000217.jpg,220,14,377,169,1031,119
00000218.jpg,219,13,376,168,1031,120
00000219.jpg,217,12,374,167,1031,120
00000220.jpg,217,12,374,167,1031,120
00000221.jpg,216,13,373,168,1031,120
00000222.jpg,216,14,373,169,1024,120
00000223.jpg,225,36,369,174,1018,122
00000224.jpg,225,36,369,174,1012,124
00000225.jpg,225,37,369,175,1005,126
00000226.jpg,226,37,370,175,995,127
00000227.jpg,226,38,370,176,991,130
00000228.jpg,226,39,370,177,979,130
00000229.jpg,226,40,370,178,970,131
00000230.jpg,226,41,370,179,959,131
00000231.jpg,226,41,370,179,953,131
00000232.jpg,225,42,369,180,942,133
00000233.jpg,224,43,368,181,935,136
00000234.jpg,222,44,366,182,927,136
00000235.jpg,220,44,364,182,919,139
00000236.jpg,218,44,362,182,911,143
00000237.jpg,216,44,360,182,903,143
00000238.jpg,215,45,359,183,898,143
00000239.jpg,212,44,356,182,892,143
00000240.jpg,209,44,353,182,888,143
00000241.jpg,206,44,350,182,885,144
00000242.jpg,202,44,346,182,878,145
00000243.jpg,197,44,341,182,877,145
00000244.jpg,191,44,335,182,871,145
00000245.jpg,185,44,329,182,871,145
00000246.jpg,178,44,322,182,871,145
00000247.jpg,171,43,315,181,871,145
00000248.jpg,165,42,309,180,870,145
00000249.jpg,158,41,302,179,870,145
00000250.jpg,152,40,296,178,870,145
00000251.jpg,147,40,291,178,874,143
00000252.jpg,141,40,285,178,877,143
00000253.jpg,135,39,279,177,884,141
00000254.jpg,130,39,274,177,894,140
00000255.jpg,125,39,269,177,901,137
00000256.jpg,120,37,264,175,908,136
00000257.jpg,117,38,261,176,920,134
00000258.jpg,113,38,257,176,920,132
00000259.jpg,110,40,254,178,935,133
00000260.jpg,95,32,255,183,935,133
00000261.jpg,95,32,255,183,940,135
00000262.jpg,93,33,253,184,950,139
00000263.jpg,92,34,252,185,953,139
00000264.jpg,90,34,250,185,955,140
00000265.jpg,87,33,247,184,955,140
00000266.jpg,85,33,245,184,955,140
00000267.jpg,83,32,243,183,950,140
00000268.jpg,82,33,242,184,949,140
00000269.jpg,83,32,243,183,947,140
00000270.jpg,84,33,244,184,946,140
00000271.jpg,86,32,246,183,943,140
00000272.jpg,88,32,248,183,941,140
00000273.jpg,92,32,252,183,939,140
00000274.jpg,96,32,256,183,935,140
00000275.jpg,101,32,261,183,935,140
00000276.jpg,107,32,267,183,923,141
00000277.jpg,113,32,273,183,916,141
00000278.jpg,118,32,278,183,916,141
00000279.jpg,123,32,283,183,907,141
00000280.jpg,128,33,288,184,900,140
00000281.jpg,133,33,293,184,893,141
00000282.jpg,137,34,297,185,885,140
00000283.jpg,141,34,301,185,882,140
00000284.jpg,145,35,305,186,874,139
00000285.jpg,149,35,309,186,872,141
00000286.jpg,152,35,312,186,869,141
00000287.jpg,155,36,315,187,862,140
00000288.jpg,158,36,318,187,865,142
00000289.jpg,161,36,321,187,865,142
00000290.jpg,162,36,322,187,865,142
00000291.jpg,164,36,324,187,865,142
00000292.jpg,167,36,327,187,879,142
00000293.jpg,169,36,329,187,886,142
00000294.jpg,171,36,331,187,890,139
00000295.jpg,173,36,333,187,898,138
00000296.jpg,175,37,335,188,904,138
00000297.jpg,177,37,337,188,908,136
00000298.jpg,178,37,338,188,916,138
00000299.jpg,180,37,340,188,916,138
00000300.jpg,181,37,341,188,916,138
00000301.jpg,182,37,342,188,929,141
00000302.jpg,183,37,343,188,939,143
00000303.jpg,183,37,343,188,941,143
00000304.jpg,184,37,344,188,947,142
00000305.jpg,185,37,345,188,956,140
00000306.jpg,186,38,346,189,959,140
00000307.jpg,187,38,347,189,965,137
00000308.jpg,187,38,347,189,965,137
00000309.jpg,188,38,348,189,972,137
00000310.jpg,188,38,348,189,977,137
00000311.jpg,189,38,349,189,977,137
00000312.jpg,190,38,350,189,985,138
00000313.jpg,191,38,351,189,988,136
00000314.jpg,191,38,351,189,990,135
00000315.jpg,192,38,352,189,995,132
00000316.jpg,192,38,352,189,998,132
00000317.jpg,193,38,353,189,1003,134
00000318.jpg,194,39,354,190,1003,134
00000319.jpg,195,39,355,190,1004,136
00000320.jpg,196,39,356,190,1005,136
00000321.jpg,196,39,356,190,1005,136
00000322.jpg,197,39,357,190,1005,136
00000323.jpg,199,39,359,190,1005,137
00000324.jpg,199,39,359,190,1006,137
00000325.jpg,199,38,359,189,1007,138
00000326.jpg,200,38,360,189,1007,138
00000327.jpg,201,38,361,189,1008,139
00000328.jpg,202,38,362,189,1008,139
00000329.jpg,203,38,363,189,1008,139
00000330.jpg,203,39,363,190,1010,141
00000331.jpg,203,40,363,191,1010,143
00000332.jpg,204,41,364,192,1010,145
00000333.jpg,204,41,364,192,1012,146
