00037114.jpg,97,1,361,269,476,302
00037115.jpg,97,1,361,269,475,298
00037116.jpg,97,1,361,269,474,298
00037117.jpg,98,1,362,269,-1,-1
00037118.jpg,100,3,364,271,-1,-1
00037119.jpg,100,5,364,273,-1,-1
00037120.jpg,98,9,362,277,-1,-1
00037121.jpg,95,12,359,280,-1,-1
00037122.jpg,94,15,358,283,-1,-1
00037123.jpg,97,15,361,283,-1,-1
00037124.jpg,100,15,364,283,-1,-1
00037125.jpg,103,14,367,282,-1,-1
00037126.jpg,104,13,368,281,476,302
00037127.jpg,104,13,368,281,476,302
00037128.jpg,102,14,366,282,476,302
00037129.jpg,102,14,366,282,476,302
00037130.jpg,103,14,367,282,476,302
00037131.jpg,105,14,369,282,476,302
00037132.jpg,107,14,371,282,476,302
00037133.jpg,107,14,371,282,476,302
00037134.jpg,106,15,370,283,476,302
00037135.jpg,104,15,368,283,476,302
00037136.jpg,103,15,367,283,476,302
00037137.jpg,104,15,368,283,476,302
00037138.jpg,105,15,369,283,476,302
00037139.jpg,105,15,369,283,476,302
