00037183.jpg,88,1,349,228,460,197
00037184.jpg,88,1,349,228,460,195
00037185.jpg,87,0,348,227,460,195
00037186.jpg,86,0,347,227,460,195
00037187.jpg,85,0,346,227,460,195
00037188.jpg,85,0,346,227,460,195
00037189.jpg,86,0,347,227,460,195
00037190.jpg,86,0,347,227,460,195
00037191.jpg,85,0,346,227,460,195
00037192.jpg,85,0,346,227,462,195
00037193.jpg,84,0,345,227,463,196
00037194.jpg,84,0,345,227,466,194
00037195.jpg,84,0,345,227,466,195
00037196.jpg,84,0,345,227,468,197
00037197.jpg,84,0,345,227,468,197
00037198.jpg,84,0,345,227,470,198
00037199.jpg,84,0,345,227,470,198
00037200.jpg,84,0,345,227,468,196
00037201.jpg,84,0,345,227,468,196
00037202.jpg,84,0,345,227,467,196
00037203.jpg,84,0,345,227,467,196
00037204.jpg,84,0,345,227,467,196
00037205.jpg,84,0,345,227,467,196
00037206.jpg,84,0,345,227,467,196
00037207.jpg,84,0,345,227,466,196
00037208.jpg,84,0,345,227,466,196
00037209.jpg,83,0,344,227,466,196
00037210.jpg,83,0,344,227,466,196
00037211.jpg,83,0,344,227,466,196
00037212.jpg,83,0,344,227,466,196
00037213.jpg,83,0,344,227,466,196
00037214.jpg,83,0,344,227,466,195
00037215.jpg,82,0,343,227,466,195
00037216.jpg,82,0,343,227,466,192
00037217.jpg,81,0,342,227,466,192
00037218.jpg,80,0,341,227,463,192
00037219.jpg,79,0,340,227,463,190
00037220.jpg,78,0,339,227,462,190
00037221.jpg,78,0,339,227,460,190
00037222.jpg,80,0,341,227,460,190
00037223.jpg,83,0,344,227,-1,-1
00037224.jpg,87,0,348,227,-1,-1
00037225.jpg,90,0,350,227,-1,-1
00037226.jpg,90,0,350,227,-1,-1
00037227.jpg,88,1,349,228,-1,-1
00037228.jpg,88,1,349,228,-1,-1
00037229.jpg,89,2,350,229,-1,-1
00037230.jpg,89,2,350,229,-1,-1
00037231.jpg,87,2,348,229,-1,-1
00037232.jpg,85,3,346,230,-1,-1
00037233.jpg,83,3,344,230,-1,-1
00037234.jpg,78,3,339,230,-1,-1
00037235.jpg,68,1,329,228,-1,-1
00037236.jpg,60,0,321,227,-1,-1
00037237.jpg,53,0,314,227,-1,-1
00037238.jpg,49,0,310,227,-1,-1
00037239.jpg,47,0,308,227,-1,-1
00037240.jpg,45,1,306,228,457,201
00037241.jpg,42,1,303,228,457,201
00037242.jpg,40,2,301,229,457,201
00037243.jpg,37,2,298,229,456,201
00037244.jpg,35,2,296,229,456,201
00037245.jpg,34,1,295,228,459,200
00037246.jpg,33,1,294,228,459,200
00037247.jpg,32,0,293,227,459,200
00037248.jpg,32,0,293,227,459,200
00037249.jpg,32,0,293,227,459,200
00037250.jpg,33,0,294,227,460,200
00037251.jpg,36,0,297,227,461,200
00037252.jpg,40,0,301,227,460,202
00037253.jpg,43,2,304,229,460,202
00037254.jpg,47,3,308,230,460,202
00037255.jpg,51,3,312,230,460,200
00037256.jpg,55,3,316,230,460,198
00037257.jpg,53,4,314,231,460,196
00037258.jpg,54,4,315,231,460,196
00037259.jpg,56,4,317,231,460,196
00037260.jpg,59,4,320,231,460,196
00037261.jpg,61,4,322,231,460,196
00037262.jpg,64,3,325,230,460,196
00037263.jpg,65,3,326,230,459,200
00037264.jpg,65,3,326,230,459,200
00037265.jpg,65,3,326,230,458,202
00037266.jpg,65,3,326,230,458,202
00037267.jpg,65,3,326,230,458,202
00037268.jpg,65,3,326,230,458,202
00037269.jpg,64,3,325,230,458,202
00037270.jpg,63,3,324,230,458,202
00037271.jpg,62,3,323,230,458,202
00037272.jpg,62,3,323,230,458,202
00037273.jpg,61,3,322,230,458,197
00037274.jpg,61,3,322,230,458,194
00037275.jpg,61,3,322,230,460,190
00037276.jpg,62,3,323,230,461,190
00037277.jpg,62,3,323,230,462,192
