00001554.jpg,127,14,768,622,-1,-1
00001555.jpg,127,14,768,622,-1,-1
00001556.jpg,127,14,768,622,-1,-1
00001557.jpg,127,14,768,622,-1,-1
00001558.jpg,112,15,753,623,-1,-1
00001559.jpg,98,16,739,624,1211,396
00001560.jpg,86,18,727,626,1207,400
00001561.jpg,86,18,727,626,1207,400
00001562.jpg,78,19,719,627,1206,397
00001563.jpg,76,20,717,628,1206,397
00001564.jpg,76,21,717,629,1213,400
00001565.jpg,78,23,719,631,1214,400
00001566.jpg,78,23,719,631,1214,400
00001567.jpg,88,24,729,632,1214,398
00001568.jpg,96,25,737,633,1223,400
00001569.jpg,105,25,746,633,1227,402
00001570.jpg,111,27,752,635,1229,402
00001571.jpg,111,27,752,635,1235,405
00001572.jpg,115,28,756,636,1235,405
00001573.jpg,119,29,760,637,1241,404
00001574.jpg,122,29,763,637,1243,405
00001575.jpg,125,29,766,637,1243,405
00001576.jpg,125,29,766,637,1243,405
00001577.jpg,129,28,770,636,1259,400
00001578.jpg,133,26,774,634,1273,397
00001579.jpg,137,25,778,633,1279,390
00001580.jpg,141,23,782,631,1285,389
00001581.jpg,141,23,782,631,1285,389
00001582.jpg,145,20,786,628,1305,384
00001583.jpg,152,19,793,627,1305,384
00001584.jpg,159,18,800,626,1305,384
00001585.jpg,163,18,804,626,1306,378
00001586.jpg,163,18,804,626,1306,378
00001587.jpg,166,18,807,626,1309,378
00001588.jpg,169,18,810,626,1309,378
00001589.jpg,171,19,812,627,1309,378
00001590.jpg,176,20,817,628,1317,374
00001591.jpg,176,20,817,628,1309,378
00001592.jpg,184,21,825,629,1319,378
00001593.jpg,192,22,833,630,-1,-1
00001594.jpg,195,23,836,631,-1,-1
00001595.jpg,196,22,837,630,-1,-1
00001596.jpg,196,22,837,630,-1,-1
00001597.jpg,198,23,839,631,-1,-1
00001598.jpg,206,25,847,633,-1,-1
00001599.jpg,209,27,850,635,-1,-1
00001600.jpg,219,29,860,637,-1,-1
00001601.jpg,219,29,860,637,-1,-1
00001602.jpg,225,30,866,638,-1,-1
00001603.jpg,233,32,874,640,-1,-1
00001604.jpg,238,34,879,642,-1,-1
00001605.jpg,242,36,883,644,-1,-1
00001606.jpg,242,36,883,644,-1,-1
00001607.jpg,249,40,890,648,-1,-1
00001608.jpg,255,40,896,648,-1,-1
00001609.jpg,256,40,897,648,-1,-1
00001610.jpg,256,42,897,650,-1,-1
00001611.jpg,256,42,897,650,-1,-1
00001612.jpg,359,43,1000,651,-1,-1
00001613.jpg,357,58,998,666,-1,-1
00001614.jpg,387,49,1028,657,-1,-1
00001615.jpg,387,49,1028,657,-1,-1
00001616.jpg,387,49,1028,657,-1,-1
00001617.jpg,390,48,1031,656,-1,-1
00001618.jpg,387,54,1028,662,-1,-1
00001619.jpg,381,59,1022,667,-1,-1
00001620.jpg,378,53,1019,661,-1,-1
00001621.jpg,378,53,1019,661,-1,-1
00001622.jpg,374,50,1015,658,-1,-1
00001623.jpg,367,42,1008,650,-1,-1
00001624.jpg,361,36,1002,644,-1,-1
00001625.jpg,362,32,1003,640,-1,-1
00001626.jpg,362,32,1003,640,-1,-1
00001627.jpg,351,28,992,636,-1,-1
00001628.jpg,348,28,989,636,-1,-1
00001629.jpg,342,27,983,635,-1,-1
00001630.jpg,344,23,985,631,-1,-1
00001631.jpg,344,23,985,631,-1,-1
00001632.jpg,347,22,988,630,-1,-1
00001633.jpg,350,14,991,622,-1,-1
00001634.jpg,352,3,993,611,-1,-1
00001635.jpg,355,0,996,608,-1,-1
00001636.jpg,355,0,996,608,-1,-1
00001637.jpg,358,0,999,608,-1,-1
00001638.jpg,360,0,1001,608,-1,-1
00001639.jpg,366,0,1007,608,-1,-1
00001640.jpg,378,9,1019,617,-1,-1
00001641.jpg,378,9,1019,617,-1,-1
00001642.jpg,381,14,1022,622,-1,-1
00001643.jpg,383,12,1024,620,-1,-1
00001644.jpg,382,15,1023,623,-1,-1
00001645.jpg,382,23,1023,631,-1,-1
00001646.jpg,382,23,1023,631,-1,-1
00001647.jpg,385,29,1026,637,-1,-1
00001648.jpg,390,30,1031,638,-1,-1
00001649.jpg,390,30,1031,638,-1,-1
