00031168.jpg,418,292,495,376,569,333
00031169.jpg,418,292,495,376,568,336
00031170.jpg,418,292,495,376,568,336
00031171.jpg,418,292,495,376,568,336
00031172.jpg,418,292,495,376,567,336
00031173.jpg,418,292,495,376,568,336
00031174.jpg,417,293,494,377,568,336
00031175.jpg,417,293,494,377,564,336
00031176.jpg,417,293,494,377,566,336
00031177.jpg,417,294,494,378,568,336
00031178.jpg,417,294,494,378,568,336
00031179.jpg,417,294,494,378,568,336
00031180.jpg,417,295,494,379,568,336
00031181.jpg,417,295,494,379,568,336
00031182.jpg,417,295,494,379,568,336
00031183.jpg,417,295,494,379,566,338
00031184.jpg,417,295,494,379,566,338
00031185.jpg,417,295,494,379,566,338
00031186.jpg,417,295,494,379,566,338
00031187.jpg,417,295,494,379,566,338
00031188.jpg,417,295,494,379,568,338
00031189.jpg,417,296,494,380,568,338
00031190.jpg,417,296,494,380,567,338
00031191.jpg,417,296,494,380,567,338
00031192.jpg,417,296,494,380,567,338
00031193.jpg,417,297,494,381,567,338
00031194.jpg,417,297,494,381,567,338
00031195.jpg,417,297,494,381,567,338
00031196.jpg,418,297,495,381,567,338
00031197.jpg,417,297,494,381,567,338
00031198.jpg,417,298,494,382,567,338
00031199.jpg,418,298,495,382,567,338
00031200.jpg,418,298,495,382,567,338
00031201.jpg,418,298,495,382,567,338
00031202.jpg,418,298,495,382,567,338
00031203.jpg,418,298,495,382,567,338
00031204.jpg,418,298,495,382,567,338
00031205.jpg,418,298,495,382,567,338
00031206.jpg,418,298,495,382,567,338
00031207.jpg,418,298,495,382,567,338
00031208.jpg,418,298,495,382,567,338
00031209.jpg,418,298,495,382,567,338
00031210.jpg,418,298,495,382,567,338
00031211.jpg,418,298,495,382,498,425
00031212.jpg,418,298,495,382,496,426
00031213.jpg,418,298,495,382,497,426
00031214.jpg,418,298,495,382,496,426
00031215.jpg,418,298,495,382,496,426
00031216.jpg,418,298,495,382,496,426
00031217.jpg,418,298,495,382,496,426
00031218.jpg,418,298,495,382,496,426
00031219.jpg,418,298,495,382,494,426
00031220.jpg,419,298,496,382,494,426
00031221.jpg,419,298,496,382,494,426
00031222.jpg,419,298,496,382,494,426
00031223.jpg,419,298,496,382,494,426
00031224.jpg,420,298,497,382,494,426
00031225.jpg,420,298,497,382,491,426
00031226.jpg,420,298,497,382,488,426
00031227.jpg,420,298,497,382,488,427
00031228.jpg,420,298,497,382,488,427
00031229.jpg,421,297,498,381,488,427
00031230.jpg,421,297,498,381,488,427
00031231.jpg,421,297,498,381,488,427
00031232.jpg,421,297,498,381,500,433
00031233.jpg,421,298,498,382,556,388
00031234.jpg,421,298,498,382,565,345
00031235.jpg,422,297,499,381,564,344
00031236.jpg,422,297,499,381,564,346
00031237.jpg,422,297,499,381,564,345
00031238.jpg,422,297,499,381,563,345
00031239.jpg,422,297,499,381,564,345
00031240.jpg,422,297,499,381,564,345
00031241.jpg,422,297,499,381,563,345
00031242.jpg,422,297,499,381,564,345
00031243.jpg,422,297,499,381,564,346
00031244.jpg,422,297,499,381,564,345
00031245.jpg,422,297,499,381,564,345
00031246.jpg,422,297,499,381,564,345
00031247.jpg,422,297,499,381,564,345
00031248.jpg,423,297,500,381,564,345
00031249.jpg,423,297,500,381,564,345
00031250.jpg,423,297,500,381,564,345
00031251.jpg,423,297,500,381,564,345
00031252.jpg,424,297,501,381,564,345
00031253.jpg,424,297,501,381,564,345
00031254.jpg,424,297,501,381,564,345
00031255.jpg,425,297,502,381,564,345
00031256.jpg,425,297,502,381,564,345
00031257.jpg,426,297,503,381,564,345
00031258.jpg,426,297,503,381,564,345
00031259.jpg,426,297,503,381,564,345
00031260.jpg,427,297,504,381,564,345
00031261.jpg,427,297,504,381,564,345
00031262.jpg,427,297,504,381,564,345
00031263.jpg,427,297,504,381,564,345
00031264.jpg,427,297,504,381,557,396
00031265.jpg,427,297,504,381,502,428
00031266.jpg,427,297,504,381,501,428
00031267.jpg,427,297,504,381,500,428
00031268.jpg,427,297,504,381,501,428
00031269.jpg,427,297,504,381,500,428
00031270.jpg,427,297,504,381,500,428
00031271.jpg,427,297,504,381,500,428
00031272.jpg,427,297,504,381,500,428
00031273.jpg,427,297,504,381,500,428
00031274.jpg,427,297,504,381,500,428
00031275.jpg,427,297,504,381,500,428
00031276.jpg,427,297,504,381,502,428
00031277.jpg,427,297,504,381,502,428
00031278.jpg,426,297,503,381,501,428
00031279.jpg,426,297,503,381,501,428
00031280.jpg,426,297,503,381,501,428
00031281.jpg,426,297,503,381,501,428
00031282.jpg,426,297,503,381,501,428
00031283.jpg,426,297,503,381,520,427
00031284.jpg,425,296,502,380,571,344
00031285.jpg,425,296,502,380,571,344
00031286.jpg,425,296,502,380,571,344
00031287.jpg,425,296,502,380,571,344
00031288.jpg,424,295,501,379,571,344
00031289.jpg,424,295,501,379,571,344
00031290.jpg,426,295,503,379,571,344
00031291.jpg,423,294,500,378,571,344
00031292.jpg,429,297,499,380,571,344
00031293.jpg,429,297,499,380,571,344
00031294.jpg,428,297,498,380,571,344
00031295.jpg,428,297,498,380,570,344
00031296.jpg,428,297,498,380,570,344
00031297.jpg,428,297,498,380,570,344
00031298.jpg,429,296,499,379,570,344
00031299.jpg,429,296,499,379,570,344
00031300.jpg,429,296,499,379,570,344
00031301.jpg,429,296,499,379,570,344
00031302.jpg,429,295,499,378,570,344
00031303.jpg,429,295,499,378,570,344
00031304.jpg,429,295,499,378,570,344
00031305.jpg,429,294,499,377,570,344
00031306.jpg,429,294,499,377,570,344
00031307.jpg,429,294,499,377,569,344
00031308.jpg,429,293,499,376,569,343
00031309.jpg,429,293,499,376,569,343
00031310.jpg,429,293,499,376,569,343
00031311.jpg,429,293,499,376,569,341
00031312.jpg,428,292,498,375,569,341
00031313.jpg,428,292,498,375,569,341
