00146061.jpg,835,71,986,224,-1,-1
00146062.jpg,835,71,986,224,-1,-1
00146063.jpg,835,71,986,224,-1,-1
00146064.jpg,847,76,991,235,-1,-1
00146065.jpg,847,76,991,235,-1,-1
00146066.jpg,847,81,991,240,-1,-1
00146067.jpg,847,86,991,245,-1,-1
00146068.jpg,847,87,991,246,-1,-1
00146069.jpg,848,86,992,245,-1,-1
00146070.jpg,861,94,998,240,-1,-1
00146071.jpg,861,94,998,240,-1,-1
00146072.jpg,861,92,998,238,-1,-1
00146073.jpg,861,90,998,236,-1,-1
00146074.jpg,861,88,998,234,-1,-1
00146075.jpg,861,87,998,233,-1,-1
00146076.jpg,861,86,998,232,-1,-1
00146077.jpg,860,87,997,233,-1,-1
00146078.jpg,860,89,997,235,-1,-1
00146079.jpg,859,95,996,241,-1,-1
00146080.jpg,859,100,996,246,-1,-1
00146081.jpg,845,108,982,254,-1,-1
00146082.jpg,844,109,981,255,-1,-1
00146083.jpg,844,108,981,254,-1,-1
00146084.jpg,842,106,979,252,-1,-1
00146085.jpg,828,96,975,255,-1,-1
00146086.jpg,828,96,975,255,-1,-1
00146087.jpg,825,91,969,245,-1,-1
00146088.jpg,825,91,969,245,-1,-1
00146089.jpg,824,91,968,245,-1,-1
00146090.jpg,824,91,968,245,-1,-1
00146091.jpg,818,94,969,250,-1,-1
00146092.jpg,818,94,969,250,-1,-1
00146093.jpg,818,95,969,251,-1,-1
00146094.jpg,818,96,969,252,-1,-1
00146095.jpg,818,98,969,254,-1,-1
00146096.jpg,802,88,971,259,-1,-1
00146097.jpg,802,88,971,259,-1,-1
00146098.jpg,802,89,971,260,-1,-1
00146099.jpg,802,90,971,261,-1,-1
00146100.jpg,802,90,971,261,-1,-1
00146101.jpg,802,89,971,260,-1,-1
00146102.jpg,802,89,971,260,-1,-1
00146103.jpg,802,88,971,259,-1,-1
00146104.jpg,802,89,971,260,-1,-1
00146105.jpg,802,89,971,260,-1,-1
00146106.jpg,802,90,971,261,-1,-1
00146107.jpg,802,89,971,260,-1,-1
00146108.jpg,801,89,970,260,-1,-1
00146109.jpg,790,92,961,275,-1,-1
00146110.jpg,790,92,961,275,-1,-1
00146111.jpg,789,92,960,275,-1,-1
00146112.jpg,781,91,952,266,-1,-1
00146113.jpg,781,91,952,266,-1,-1
00146114.jpg,770,98,949,276,-1,-1
00146115.jpg,770,98,949,276,288,314
00146116.jpg,768,99,947,277,288,314
00146117.jpg,755,101,934,279,288,314
00146118.jpg,750,102,929,280,288,314
00146119.jpg,735,105,914,283,288,314
00146120.jpg,724,105,903,283,288,314
00146121.jpg,716,104,895,282,288,314
00146122.jpg,705,103,884,281,288,314
00146123.jpg,690,101,869,279,288,314
00146124.jpg,691,90,868,272,288,314
00146125.jpg,674,87,846,267,288,314
00146126.jpg,674,87,846,267,288,314
00146127.jpg,660,85,829,263,288,314
00146128.jpg,660,85,829,263,288,314
00146129.jpg,646,78,815,260,288,314
00146130.jpg,633,78,804,251,288,314
00146131.jpg,633,78,804,251,288,314
00146132.jpg,615,80,799,270,288,314
00146133.jpg,615,80,799,270,288,314
00146134.jpg,600,76,776,262,288,314
00146135.jpg,600,76,776,262,288,314
00146136.jpg,596,77,772,263,288,314
00146137.jpg,586,77,762,263,288,314
00146138.jpg,579,77,755,263,288,314
00146139.jpg,572,76,748,262,288,314
00146140.jpg,552,84,725,258,288,314
00146141.jpg,552,84,725,258,288,314
00146142.jpg,531,81,714,259,288,314
00146143.jpg,531,81,714,259,288,314
00146144.jpg,517,84,698,269,288,314
00146145.jpg,517,84,698,269,288,314
00146146.jpg,516,84,697,269,288,314
00146147.jpg,498,81,668,261,288,314
00146148.jpg,498,81,668,261,288,314
00146149.jpg,497,81,667,261,288,314
00146150.jpg,486,83,658,261,288,314
00146151.jpg,485,83,657,261,288,314
00146152.jpg,472,80,649,259,-1,-1
00146153.jpg,472,80,649,259,-1,-1
00146154.jpg,461,80,634,262,-1,-1
00146155.jpg,461,80,634,262,-1,-1
00146156.jpg,461,80,634,262,-1,-1
00146157.jpg,450,84,628,265,-1,-1
00146158.jpg,450,84,628,265,-1,-1
