00008679.jpg,107,164,393,459,503,604
00008680.jpg,107,164,393,459,503,604
00008681.jpg,107,164,393,459,503,604
00008682.jpg,107,164,393,459,503,604
00008683.jpg,107,164,393,459,503,604
00008684.jpg,107,164,393,459,503,604
00008685.jpg,107,164,393,459,503,604
00008686.jpg,107,164,393,459,503,604
00008687.jpg,106,164,392,459,503,604
00008688.jpg,106,163,392,458,503,604
00008689.jpg,106,163,392,458,503,604
00008690.jpg,105,162,391,457,503,604
00008691.jpg,105,162,391,457,503,604
00008692.jpg,106,163,392,458,503,604
00008693.jpg,106,163,392,458,503,604
00008694.jpg,107,163,393,458,503,604
00008695.jpg,107,163,393,458,503,604
00008696.jpg,107,163,393,458,503,604
00008697.jpg,108,163,394,458,503,604
00008698.jpg,108,162,394,457,503,604
00008699.jpg,109,162,395,457,503,604
00008700.jpg,110,163,396,458,503,604
00008701.jpg,111,162,397,457,503,604
00008702.jpg,111,162,397,457,503,604
00008703.jpg,112,162,398,457,503,604
00008704.jpg,112,162,398,457,503,604
00008705.jpg,112,162,398,457,503,604
00008706.jpg,112,162,398,457,503,604
00008707.jpg,112,162,398,457,503,604
00008708.jpg,112,163,398,458,503,604
00008709.jpg,112,163,398,458,503,604
00008710.jpg,111,163,397,458,503,604
00008711.jpg,111,163,397,458,503,604
00008712.jpg,108,143,382,441,-1,-1
00008713.jpg,108,143,382,441,-1,-1
00008714.jpg,108,142,382,440,-1,-1
00008715.jpg,108,142,382,440,-1,-1
00008716.jpg,108,142,382,440,494,193
00008717.jpg,108,142,382,440,494,193
00008718.jpg,108,142,382,440,494,193
00008719.jpg,108,142,382,440,496,187
00008720.jpg,108,142,382,440,496,184
00008721.jpg,108,141,382,439,496,184
00008722.jpg,109,141,383,439,496,184
00008723.jpg,109,141,383,439,500,186
00008724.jpg,109,142,383,440,504,192
00008725.jpg,109,141,383,439,507,197
00008726.jpg,109,141,383,439,514,214
00008727.jpg,110,141,384,439,516,226
00008728.jpg,110,141,384,439,521,235
00008729.jpg,111,142,385,440,521,245
00008730.jpg,111,142,385,440,523,255
00008731.jpg,112,142,386,440,524,261
00008732.jpg,112,142,386,440,526,266
00008733.jpg,113,142,387,440,524,266
00008734.jpg,113,142,387,440,527,269
00008735.jpg,113,143,387,441,527,269
00008736.jpg,113,143,387,441,527,269
00008737.jpg,113,143,387,441,527,264
00008738.jpg,113,143,387,441,529,255
00008739.jpg,113,143,387,441,530,252
00008740.jpg,113,143,387,441,342,581
00008741.jpg,114,142,388,440,297,584
00008742.jpg,115,142,389,440,247,595
00008743.jpg,116,143,390,441,194,613
00008744.jpg,116,144,390,442,155,620
00008745.jpg,116,144,390,442,129,623
00008746.jpg,116,145,390,443,124,623
00008747.jpg,116,145,390,443,122,623
00008748.jpg,116,145,390,443,119,623
00008749.jpg,116,144,390,442,119,623
00008750.jpg,115,144,389,442,118,623
00008751.jpg,115,144,389,442,118,623
00008752.jpg,115,144,389,442,118,623
00008753.jpg,115,143,389,441,118,623
00008754.jpg,114,144,388,442,133,624
00008755.jpg,113,144,387,442,287,638
00008756.jpg,112,146,386,444,479,606
00008757.jpg,113,150,387,448,528,616
00008758.jpg,117,153,401,459,923,458
00008759.jpg,117,153,401,459,891,372
00008760.jpg,117,153,401,459,892,373
00008761.jpg,118,153,402,459,893,377
00008762.jpg,120,154,404,460,895,379
00008763.jpg,121,155,405,461,893,377
00008764.jpg,122,155,406,461,894,376
00008765.jpg,122,155,406,461,895,372
00008766.jpg,123,156,407,462,894,374
00008767.jpg,123,156,407,462,895,375
00008768.jpg,123,157,407,463,895,376
00008769.jpg,123,157,407,463,895,376
00008770.jpg,123,157,407,463,895,376
00008771.jpg,123,157,407,463,895,376
00008772.jpg,124,157,408,463,895,376
00008773.jpg,124,157,408,463,895,376
00008774.jpg,124,156,408,462,895,376
00008775.jpg,124,156,408,462,895,376
00008776.jpg,123,155,407,461,895,376
00008777.jpg,122,153,406,459,895,376
00008778.jpg,121,152,405,458,890,375
00008779.jpg,120,151,404,457,890,373
00008780.jpg,119,150,403,456,889,373
00008781.jpg,118,149,402,455,888,372
00008782.jpg,117,148,401,454,885,375
00008783.jpg,116,147,400,453,884,374
00008784.jpg,115,146,399,452,883,374
00008785.jpg,113,145,397,451,880,372
00008786.jpg,111,145,395,451,877,372
00008787.jpg,110,144,394,450,877,372
00008788.jpg,109,144,393,450,877,372
00008789.jpg,109,144,393,450,877,372
00008790.jpg,110,143,394,449,879,383
00008791.jpg,107,140,391,446,530,603
00008792.jpg,110,140,394,446,440,594
00008793.jpg,113,143,397,449,398,601
00008794.jpg,113,145,397,451,383,598
00008795.jpg,112,145,396,451,322,591
00008796.jpg,113,146,397,452,267,598
00008797.jpg,113,146,397,452,213,606
00008798.jpg,113,146,397,452,202,610
00008799.jpg,116,141,390,439,203,609
00008800.jpg,116,141,390,439,204,608
