00008679.jpg,845,266,1114,535,680,706
00008680.jpg,845,266,1114,535,679,706
00008681.jpg,845,266,1114,535,685,709
00008682.jpg,845,266,1114,535,684,709
00008683.jpg,845,266,1114,535,684,709
00008684.jpg,845,266,1114,535,687,709
00008685.jpg,845,266,1114,535,688,709
00008686.jpg,845,266,1114,535,688,711
00008687.jpg,845,266,1114,535,690,709
00008688.jpg,845,266,1114,535,684,709
00008689.jpg,845,267,1114,536,688,709
00008690.jpg,845,267,1114,536,765,700
00008691.jpg,845,267,1114,536,760,690
00008692.jpg,845,268,1114,537,750,680
00008693.jpg,845,268,1114,537,750,680
00008694.jpg,844,268,1113,537,750,680
00008695.jpg,843,269,1112,538,750,680
00008696.jpg,842,270,1111,539,750,680
00008697.jpg,842,270,1111,539,750,680
00008698.jpg,841,270,1110,539,750,680
00008699.jpg,840,271,1109,540,750,680
00008700.jpg,840,271,1109,540,750,680
00008701.jpg,840,271,1109,540,750,680
00008702.jpg,840,271,1109,540,750,680
00008703.jpg,840,272,1109,541,750,680
00008704.jpg,841,271,1110,540,750,680
00008705.jpg,841,272,1110,541,750,680
00008706.jpg,841,272,1110,541,750,680
00008707.jpg,841,272,1110,541,750,680
00008708.jpg,841,272,1110,541,750,680
00008709.jpg,840,272,1109,541,750,680
00008710.jpg,840,272,1109,541,750,680
00008711.jpg,840,272,1109,541,750,680
00008712.jpg,839,272,1108,541,750,680
00008713.jpg,839,273,1108,542,750,680
00008714.jpg,839,272,1108,541,750,680
00008715.jpg,839,272,1108,541,750,680
00008716.jpg,838,273,1107,542,750,680
00008717.jpg,838,273,1107,542,750,680
00008718.jpg,838,273,1107,542,750,680
00008719.jpg,838,273,1107,542,750,680
00008720.jpg,837,273,1106,542,750,680
00008721.jpg,835,272,1104,541,750,680
00008722.jpg,837,268,1106,537,-1,-1
00008723.jpg,838,266,1107,535,-1,-1
00008724.jpg,837,267,1106,536,-1,-1
00008725.jpg,838,264,1107,533,330,293
00008726.jpg,840,263,1109,532,330,293
00008727.jpg,841,262,1110,531,330,293
00008728.jpg,841,262,1110,531,330,293
00008729.jpg,841,262,1110,531,330,293
00008730.jpg,842,261,1111,530,330,293
00008731.jpg,842,261,1111,530,330,293
00008732.jpg,841,262,1110,531,330,293
00008733.jpg,841,261,1110,530,330,293
00008734.jpg,842,260,1111,529,330,293
00008735.jpg,842,260,1111,529,330,293
00008736.jpg,842,260,1111,529,330,293
00008737.jpg,842,260,1111,529,330,293
00008738.jpg,843,259,1112,528,330,293
00008739.jpg,843,259,1112,528,330,293
00008740.jpg,843,259,1112,528,330,293
00008741.jpg,844,258,1113,527,330,293
00008742.jpg,845,258,1114,527,330,293
00008743.jpg,845,258,1114,527,330,293
00008744.jpg,847,257,1116,526,330,293
00008745.jpg,847,258,1116,527,330,293
00008746.jpg,847,257,1116,526,413,520
00008747.jpg,847,258,1116,527,413,520
00008748.jpg,848,257,1117,526,413,520
00008749.jpg,848,257,1117,526,413,520
00008750.jpg,848,257,1117,526,413,520
00008751.jpg,849,256,1118,525,413,520
00008752.jpg,849,256,1118,525,413,520
00008753.jpg,849,256,1118,525,413,520
00008754.jpg,848,256,1117,525,413,520
00008755.jpg,847,242,1107,514,413,520
00008756.jpg,847,242,1107,514,-1,-1
00008757.jpg,846,242,1106,514,-1,-1
00008758.jpg,850,241,1110,513,-1,-1
00008759.jpg,854,241,1114,513,592,188
00008760.jpg,862,245,1101,501,592,188
00008761.jpg,862,245,1101,501,594,189
00008762.jpg,862,245,1101,501,597,190
00008763.jpg,863,245,1102,501,599,191
00008764.jpg,863,245,1102,501,601,191
00008765.jpg,864,246,1103,502,601,191
00008766.jpg,864,246,1103,502,603,191
00008767.jpg,864,246,1103,502,605,190
00008768.jpg,863,246,1102,502,606,189
00008769.jpg,863,246,1102,502,607,189
00008770.jpg,862,245,1101,501,607,189
00008771.jpg,862,245,1101,501,608,187
00008772.jpg,863,244,1102,500,608,187
00008773.jpg,863,244,1102,500,609,183
00008774.jpg,863,244,1102,500,610,181
00008775.jpg,862,244,1101,500,610,181
00008776.jpg,860,244,1099,500,613,184
00008777.jpg,858,245,1097,501,613,184
00008778.jpg,857,245,1096,501,615,185
00008779.jpg,855,245,1094,501,614,186
00008780.jpg,854,245,1093,501,614,186
00008781.jpg,853,245,1092,501,614,186
00008782.jpg,852,245,1091,501,615,186
00008783.jpg,850,246,1089,502,620,186
00008784.jpg,848,246,1087,502,617,188
00008785.jpg,846,246,1085,502,613,194
00008786.jpg,844,246,1083,502,611,200
00008787.jpg,841,246,1080,502,608,209
00008788.jpg,838,247,1077,503,606,218
00008789.jpg,835,247,1074,503,600,227
00008790.jpg,832,247,1071,503,600,234
00008791.jpg,829,247,1068,503,600,241
00008792.jpg,827,247,1066,503,601,244
00008793.jpg,824,247,1063,503,601,244
00008794.jpg,821,248,1060,504,601,244
00008795.jpg,817,249,1056,505,601,244
00008796.jpg,813,249,1052,505,601,237
00008797.jpg,810,250,1049,506,604,233
00008798.jpg,807,250,1046,506,613,215
00008799.jpg,804,249,1043,505,614,207
00008800.jpg,804,249,1043,505,616,199
