00007111.jpg,691,249,793,366,-1,-1
00007112.jpg,691,249,793,366,-1,-1
00007113.jpg,691,249,793,366,-1,-1
00007114.jpg,691,249,793,366,-1,-1
00007115.jpg,691,247,793,364,-1,-1
00007116.jpg,690,246,792,363,-1,-1
00007117.jpg,689,244,791,361,-1,-1
00007118.jpg,689,242,791,359,-1,-1
00007119.jpg,688,241,790,358,-1,-1
00007120.jpg,686,239,788,356,-1,-1
00007121.jpg,685,237,787,354,-1,-1
00007122.jpg,684,235,786,352,-1,-1
00007123.jpg,683,232,785,349,-1,-1
00007124.jpg,682,230,784,347,-1,-1
00007125.jpg,681,227,783,344,-1,-1
00007126.jpg,680,225,782,342,-1,-1
00007127.jpg,679,222,781,339,-1,-1
00007128.jpg,668,218,770,335,490,364
00007129.jpg,666,216,768,333,502,328
00007130.jpg,658,205,778,335,521,249
00007131.jpg,657,204,777,334,521,245
00007132.jpg,655,203,775,333,521,242
00007133.jpg,654,202,774,332,517,242
00007134.jpg,652,201,772,331,509,242
00007135.jpg,651,200,771,330,509,240
00007136.jpg,650,198,770,328,508,238
00007137.jpg,649,197,769,327,506,238
00007138.jpg,648,195,768,325,504,237
00007139.jpg,648,194,768,324,502,236
00007140.jpg,648,193,768,323,502,236
00007141.jpg,648,192,768,322,500,236
00007142.jpg,647,190,767,320,497,233
00007143.jpg,647,189,767,319,497,230
00007144.jpg,647,188,767,318,494,226
00007145.jpg,647,187,767,317,492,225
00007146.jpg,647,186,767,316,488,224
00007147.jpg,647,185,767,315,485,222
00007148.jpg,647,184,767,314,484,221
00007149.jpg,647,183,767,313,484,218
00007150.jpg,647,181,767,311,484,218
00007151.jpg,647,180,767,310,484,218
00007152.jpg,647,179,767,309,481,218
00007153.jpg,647,178,767,308,481,218
00007154.jpg,647,177,767,307,480,220
00007155.jpg,648,176,768,306,481,220
00007156.jpg,648,175,768,305,484,221
00007157.jpg,648,175,768,305,485,222
00007158.jpg,649,174,769,304,486,224
00007159.jpg,653,173,773,303,489,224
00007160.jpg,653,173,773,303,494,225
00007161.jpg,653,172,773,302,494,226
00007162.jpg,654,171,774,301,496,226
00007163.jpg,654,170,774,300,500,226
00007164.jpg,654,170,774,300,498,224
00007165.jpg,654,169,774,299,498,224
00007166.jpg,655,169,775,299,498,224
00007167.jpg,655,168,775,298,498,224
00007168.jpg,655,168,775,298,497,224
00007169.jpg,655,167,775,297,497,224
00007170.jpg,655,154,788,306,497,224
00007171.jpg,655,154,788,306,497,224
00007172.jpg,654,153,787,305,497,224
00007173.jpg,654,153,787,305,497,224
00007174.jpg,653,153,786,305,497,224
00007175.jpg,653,152,786,304,496,222
00007176.jpg,652,152,785,304,454,298
00007177.jpg,651,151,784,303,456,298
00007178.jpg,650,151,783,303,-1,-1
00007179.jpg,650,150,783,302,-1,-1
00007180.jpg,649,150,782,302,-1,-1
00007181.jpg,649,149,782,301,-1,-1
00007182.jpg,649,149,782,301,-1,-1
00007183.jpg,648,149,781,301,-1,-1
00007184.jpg,648,148,781,300,-1,-1
00007185.jpg,647,148,780,300,-1,-1
00007186.jpg,647,148,780,300,-1,-1
00007187.jpg,647,148,780,300,-1,-1
00007188.jpg,646,148,779,300,-1,-1
00007189.jpg,646,148,779,300,-1,-1
00007190.jpg,645,147,778,299,-1,-1
00007191.jpg,645,147,778,299,-1,-1
00007192.jpg,644,147,777,299,-1,-1
00007193.jpg,625,142,768,302,-1,-1
00007194.jpg,625,142,768,302,-1,-1
00007195.jpg,624,142,767,302,-1,-1
00007196.jpg,623,141,766,301,-1,-1
00007197.jpg,623,141,766,301,-1,-1
00007198.jpg,623,141,766,301,-1,-1
00007199.jpg,623,140,766,300,-1,-1
00007200.jpg,622,140,765,300,-1,-1
00007201.jpg,609,132,744,288,-1,-1
00007202.jpg,609,132,744,288,-1,-1
00007203.jpg,608,132,743,288,-1,-1
00007204.jpg,608,132,743,288,-1,-1
00007205.jpg,607,132,742,288,-1,-1
00007206.jpg,607,131,742,287,-1,-1
00007207.jpg,607,131,742,287,-1,-1
00007208.jpg,589,129,749,301,-1,-1
00007209.jpg,589,129,749,301,892,305
00007210.jpg,588,129,748,301,892,306
00007211.jpg,588,129,748,301,894,306
00007212.jpg,588,129,748,301,1157,325
00007213.jpg,588,129,748,301,1154,325
00007214.jpg,576,132,729,292,1157,325
00007215.jpg,576,132,729,292,1156,325
00007216.jpg,575,132,728,292,1665,264
00007217.jpg,574,132,727,292,1662,264
00007218.jpg,570,132,723,292,1660,262
00007219.jpg,568,132,721,292,1664,264
00007220.jpg,566,132,719,292,1661,264
00007221.jpg,564,132,717,292,1661,264
00007222.jpg,562,132,715,292,1660,264
00007223.jpg,561,132,714,292,1658,264
00007224.jpg,559,132,712,292,1657,264
00007225.jpg,558,131,711,291,1654,264
00007226.jpg,557,131,710,291,1650,264
00007227.jpg,556,131,709,291,1648,262
00007228.jpg,555,131,708,291,1641,261
00007229.jpg,555,130,708,290,1640,261
00007230.jpg,554,130,707,290,1634,264
00007231.jpg,554,130,707,290,1624,264
00007232.jpg,553,130,706,290,1614,264
00007233.jpg,553,130,706,290,1614,265
00007234.jpg,552,130,705,290,1609,265
00007235.jpg,552,129,705,289,1605,265
00007236.jpg,552,129,705,289,1604,265
00007237.jpg,551,129,704,289,1601,268
00007238.jpg,551,129,704,289,1597,268
00007239.jpg,551,129,704,289,1588,269
00007240.jpg,551,129,704,289,1584,270
00007241.jpg,550,129,703,289,1574,273
00007242.jpg,550,128,703,288,1574,273
00007243.jpg,550,128,703,288,1574,273
00007244.jpg,549,128,702,288,1570,272
00007245.jpg,549,128,702,288,1564,272
00007246.jpg,549,128,702,288,1560,273
00007247.jpg,549,128,702,288,1558,277
00007248.jpg,549,128,702,288,1554,277
00007249.jpg,549,128,702,288,1556,281
00007250.jpg,549,128,702,288,1550,280
00007251.jpg,550,128,703,288,1550,280
00007252.jpg,550,128,703,288,1546,280
00007253.jpg,551,128,704,288,1549,282
00007254.jpg,551,128,704,288,1549,284
00007255.jpg,551,128,704,288,1549,284
00007256.jpg,552,128,705,288,1546,284
00007257.jpg,553,127,706,287,1188,329
00007258.jpg,553,127,706,287,910,317
00007259.jpg,555,127,708,287,813,433
00007260.jpg,560,126,713,286,805,434
00007261.jpg,560,126,713,286,640,450
00007262.jpg,560,126,713,286,334,345
00007263.jpg,560,126,713,286,404,241
00007264.jpg,561,126,714,286,402,236
00007265.jpg,562,126,715,286,409,182
00007266.jpg,561,126,714,286,409,185
00007267.jpg,561,126,714,286,412,186
00007268.jpg,561,126,714,286,410,188
00007269.jpg,561,126,714,286,412,188
00007270.jpg,561,126,714,286,409,186
00007271.jpg,561,126,714,286,412,188
00007272.jpg,561,126,714,286,410,188
00007273.jpg,561,126,714,286,412,190
00007274.jpg,561,126,714,286,412,192
00007275.jpg,561,126,714,286,410,190
00007276.jpg,561,126,714,286,409,190
00007277.jpg,561,126,714,286,406,190
00007278.jpg,561,126,714,286,405,190
00007279.jpg,562,126,715,286,401,190
00007280.jpg,562,126,715,286,398,194
00007281.jpg,562,126,715,286,393,196
00007282.jpg,562,125,715,285,388,197
00007283.jpg,562,125,715,285,384,200
00007284.jpg,562,125,715,285,388,204
00007285.jpg,562,125,715,285,390,204
00007286.jpg,562,125,715,285,388,209
00007287.jpg,562,125,715,285,386,210
00007288.jpg,562,125,715,285,385,210
00007289.jpg,562,125,715,285,386,210
00007290.jpg,562,125,715,285,386,208
00007291.jpg,562,125,715,285,385,208
00007292.jpg,562,125,715,285,388,209
00007293.jpg,562,125,715,285,386,209
00007294.jpg,562,125,715,285,388,209
00007295.jpg,562,125,715,285,388,209
00007296.jpg,562,125,715,285,388,209
00007297.jpg,562,125,715,285,388,209
00007298.jpg,562,125,715,285,390,204
00007299.jpg,562,125,715,285,392,201
00007300.jpg,561,125,714,285,392,201
00007301.jpg,578,134,715,288,392,196
00007302.jpg,578,134,715,288,392,196
00007303.jpg,578,134,715,288,392,196
00007304.jpg,579,134,716,288,392,196
00007305.jpg,579,134,716,288,394,196
00007306.jpg,581,134,718,288,394,196
00007307.jpg,582,134,719,288,394,196
00007308.jpg,582,134,719,288,392,193
00007309.jpg,583,134,720,288,392,194
00007310.jpg,583,134,720,288,393,194
00007311.jpg,584,134,721,288,393,194
00007312.jpg,584,134,721,288,393,193
00007313.jpg,584,134,721,288,393,193
00007314.jpg,584,134,721,288,393,192
00007315.jpg,584,134,721,288,389,190
00007316.jpg,584,134,721,288,388,190
00007317.jpg,584,134,721,288,388,190
00007318.jpg,584,135,721,289,388,190
00007319.jpg,584,135,721,289,388,190
00007320.jpg,584,135,721,289,230,206
00007321.jpg,584,135,721,289,234,209
00007322.jpg,584,135,721,289,240,209
00007323.jpg,584,135,721,289,249,206
00007324.jpg,584,135,721,289,253,206
00007325.jpg,584,135,721,289,260,206
00007326.jpg,584,134,721,288,261,209
00007327.jpg,584,134,721,288,258,212
00007328.jpg,584,134,721,288,260,212
00007329.jpg,584,134,721,288,258,212
00007330.jpg,584,134,721,288,249,209
00007331.jpg,584,134,721,288,237,204
00007332.jpg,584,134,721,288,226,201
00007333.jpg,583,134,720,288,216,197
00007334.jpg,583,134,720,288,212,200
00007335.jpg,583,134,720,288,205,205
00007336.jpg,583,134,720,288,202,212
00007337.jpg,582,134,719,288,333,318
00007338.jpg,586,135,723,289,334,320
00007339.jpg,586,135,723,289,334,321
00007340.jpg,586,135,723,289,334,320
00007341.jpg,585,135,722,289,334,320
00007342.jpg,585,135,722,289,334,321
00007343.jpg,585,135,722,289,334,321
00007344.jpg,585,135,722,289,337,322
00007345.jpg,584,135,721,289,336,322
00007346.jpg,584,135,721,289,338,322
00007347.jpg,584,135,721,289,340,322
00007348.jpg,584,135,721,289,338,322
00007349.jpg,584,135,721,289,341,322
00007350.jpg,584,134,721,288,345,324
00007351.jpg,584,134,721,288,342,324
00007352.jpg,583,134,720,288,344,325
00007353.jpg,583,134,720,288,342,325
00007354.jpg,583,134,720,288,341,325
00007355.jpg,583,134,720,288,202,221
00007356.jpg,583,134,720,288,201,222
00007357.jpg,583,134,720,288,204,218
00007358.jpg,583,134,720,288,202,216
00007359.jpg,583,134,720,288,205,209
00007360.jpg,583,134,720,288,206,209
00007361.jpg,583,134,720,288,209,205
00007362.jpg,583,134,720,288,217,200
00007363.jpg,583,134,720,288,226,196
00007364.jpg,584,133,721,287,230,193
00007365.jpg,584,133,721,287,236,192
00007366.jpg,584,133,721,287,240,193
00007367.jpg,584,133,721,287,242,190
00007368.jpg,584,133,721,287,244,190
00007369.jpg,584,133,721,287,246,190
00007370.jpg,584,133,721,287,248,190
00007371.jpg,584,133,721,287,249,190
00007372.jpg,584,133,721,287,248,189
00007373.jpg,584,133,721,287,252,189
