00007111.jpg,489,328,618,469,-1,-1
00007112.jpg,489,328,618,469,-1,-1
00007113.jpg,489,328,618,469,-1,-1
00007114.jpg,489,328,618,469,-1,-1
00007115.jpg,470,327,600,466,-1,-1
00007116.jpg,470,327,600,466,-1,-1
00007117.jpg,468,327,598,466,-1,-1
00007118.jpg,467,326,597,465,-1,-1
00007119.jpg,465,324,595,463,-1,-1
00007120.jpg,459,321,580,464,-1,-1
00007121.jpg,459,321,580,464,-1,-1
00007122.jpg,456,317,577,460,-1,-1
00007123.jpg,453,313,574,456,-1,-1
00007124.jpg,451,310,572,453,-1,-1
00007125.jpg,449,309,570,452,-1,-1
00007126.jpg,447,308,568,451,-1,-1
00007127.jpg,445,308,566,451,-1,-1
00007128.jpg,444,307,565,450,-1,-1
00007129.jpg,442,306,563,449,-1,-1
00007130.jpg,429,307,550,450,-1,-1
00007131.jpg,426,307,547,450,-1,-1
00007132.jpg,423,306,544,449,-1,-1
00007133.jpg,420,305,541,448,-1,-1
00007134.jpg,418,305,539,448,-1,-1
00007135.jpg,416,305,537,448,-1,-1
00007136.jpg,416,298,537,441,-1,-1
00007137.jpg,413,298,534,441,-1,-1
00007138.jpg,411,297,532,440,-1,-1
00007139.jpg,409,296,530,439,-1,-1
00007140.jpg,407,295,528,438,-1,-1
00007141.jpg,405,294,526,437,-1,-1
00007142.jpg,402,292,523,435,-1,-1
00007143.jpg,395,292,516,435,-1,-1
00007144.jpg,388,287,523,449,-1,-1
00007145.jpg,388,287,523,449,-1,-1
00007146.jpg,386,287,521,449,-1,-1
00007147.jpg,384,286,519,448,-1,-1
00007148.jpg,383,286,518,448,-1,-1
00007149.jpg,382,285,517,447,-1,-1
00007150.jpg,380,285,515,447,-1,-1
00007151.jpg,379,285,514,447,-1,-1
00007152.jpg,378,284,513,446,-1,-1
00007153.jpg,376,284,511,446,-1,-1
00007154.jpg,375,284,510,446,-1,-1
00007155.jpg,375,283,510,445,-1,-1
00007156.jpg,374,283,509,445,-1,-1
00007157.jpg,374,283,509,445,-1,-1
00007158.jpg,374,283,509,445,-1,-1
00007159.jpg,374,282,509,444,-1,-1
00007160.jpg,374,281,509,443,-1,-1
00007161.jpg,374,280,509,442,-1,-1
00007162.jpg,375,278,510,440,-1,-1
00007163.jpg,375,277,510,439,-1,-1
00007164.jpg,376,276,511,438,-1,-1
00007165.jpg,377,275,512,437,-1,-1
00007166.jpg,378,275,513,437,-1,-1
00007167.jpg,380,274,515,436,-1,-1
00007168.jpg,381,273,516,435,-1,-1
00007169.jpg,382,271,517,433,-1,-1
00007170.jpg,382,269,517,431,-1,-1
00007171.jpg,383,266,518,428,-1,-1
00007172.jpg,383,265,518,427,-1,-1
00007173.jpg,384,264,519,426,-1,-1
00007174.jpg,384,262,519,424,-1,-1
00007175.jpg,384,261,519,423,-1,-1
00007176.jpg,384,262,519,424,-1,-1
00007177.jpg,384,262,519,424,-1,-1
00007178.jpg,384,263,519,425,-1,-1
00007179.jpg,369,248,524,426,-1,-1
00007180.jpg,369,248,524,426,-1,-1
00007181.jpg,368,248,523,426,-1,-1
00007182.jpg,368,247,523,425,-1,-1
00007183.jpg,367,247,522,425,-1,-1
00007184.jpg,366,247,521,425,-1,-1
00007185.jpg,365,247,520,425,-1,-1
00007186.jpg,364,247,519,425,-1,-1
00007187.jpg,363,247,518,425,-1,-1
00007188.jpg,362,247,517,425,-1,-1
00007189.jpg,376,251,526,423,-1,-1
00007190.jpg,376,251,526,423,-1,-1
00007191.jpg,375,251,525,423,-1,-1
00007192.jpg,374,251,524,423,-1,-1
00007193.jpg,373,251,523,423,-1,-1
00007194.jpg,372,252,522,424,-1,-1
00007195.jpg,371,251,521,423,-1,-1
00007196.jpg,370,256,520,428,-1,-1
00007197.jpg,369,250,519,422,-1,-1
00007198.jpg,366,262,516,434,426,986
00007199.jpg,364,264,514,436,424,957
00007200.jpg,363,265,513,437,424,936
00007201.jpg,360,268,510,440,422,914
00007202.jpg,358,269,508,441,422,896
00007203.jpg,356,271,506,443,420,877
00007204.jpg,354,272,504,444,422,861
00007205.jpg,354,284,504,456,422,850
00007206.jpg,353,283,503,455,424,838
00007207.jpg,351,276,501,448,424,830
00007208.jpg,352,281,502,453,426,833
00007209.jpg,350,281,500,453,426,830
00007210.jpg,349,280,499,452,424,840
00007211.jpg,349,281,499,453,420,848
00007212.jpg,348,280,498,452,418,856
00007213.jpg,346,280,496,452,422,866
00007214.jpg,345,280,495,452,418,880
00007215.jpg,344,280,494,452,420,902
00007216.jpg,344,280,494,452,421,930
00007217.jpg,342,280,492,452,420,957
00007218.jpg,341,280,491,452,420,986
00007219.jpg,340,278,490,450,498,985
00007220.jpg,327,268,486,442,-1,-1
00007221.jpg,327,268,486,442,-1,-1
00007222.jpg,326,268,485,442,-1,-1
00007223.jpg,326,267,485,441,-1,-1
00007224.jpg,325,267,484,441,-1,-1
00007225.jpg,324,267,483,441,-1,-1
00007226.jpg,323,267,482,441,-1,-1
00007227.jpg,322,267,481,441,-1,-1
00007228.jpg,322,267,481,441,-1,-1
00007229.jpg,321,266,480,440,-1,-1
00007230.jpg,321,266,480,440,-1,-1
00007231.jpg,320,266,479,440,-1,-1
00007232.jpg,319,266,478,440,-1,-1
00007233.jpg,319,266,478,440,-1,-1
00007234.jpg,302,272,469,451,-1,-1
00007235.jpg,302,272,469,451,-1,-1
00007236.jpg,301,272,468,451,-1,-1
00007237.jpg,300,271,467,450,-1,-1
00007238.jpg,300,271,467,450,-1,-1
00007239.jpg,300,271,467,450,-1,-1
00007240.jpg,279,281,440,448,-1,-1
00007241.jpg,279,281,440,448,-1,-1
00007242.jpg,278,281,439,448,-1,-1
00007243.jpg,274,281,435,448,-1,-1
00007244.jpg,271,282,432,449,-1,-1
00007245.jpg,269,282,430,449,-1,-1
00007246.jpg,267,283,428,450,-1,-1
00007247.jpg,265,283,426,450,-1,-1
00007248.jpg,264,283,425,450,-1,-1
00007249.jpg,262,283,423,450,-1,-1
00007250.jpg,262,283,423,450,-1,-1
00007251.jpg,261,284,422,451,-1,-1
00007252.jpg,261,284,422,451,-1,-1
00007253.jpg,260,284,421,451,-1,-1
00007254.jpg,260,284,421,451,-1,-1
00007255.jpg,260,284,421,451,-1,-1
00007256.jpg,261,285,422,452,-1,-1
00007257.jpg,261,285,422,452,-1,-1
00007258.jpg,261,285,422,452,-1,-1
00007259.jpg,262,286,423,453,-1,-1
00007260.jpg,262,287,423,454,-1,-1
00007261.jpg,263,288,424,455,-1,-1
00007262.jpg,263,288,424,455,-1,-1
00007263.jpg,263,289,424,456,-1,-1
00007264.jpg,263,290,424,457,-1,-1
00007265.jpg,263,290,424,457,-1,-1
00007266.jpg,263,291,424,458,-1,-1
00007267.jpg,262,291,423,458,-1,-1
00007268.jpg,262,291,423,458,-1,-1
00007269.jpg,262,291,423,458,-1,-1
00007270.jpg,261,290,422,457,-1,-1
00007271.jpg,261,290,422,457,-1,-1
00007272.jpg,261,289,422,456,-1,-1
00007273.jpg,277,284,438,451,-1,-1
00007274.jpg,277,285,438,452,-1,-1
00007275.jpg,277,285,438,452,-1,-1
00007276.jpg,277,285,438,452,-1,-1
00007277.jpg,277,285,438,452,-1,-1
00007278.jpg,277,285,438,452,-1,-1
00007279.jpg,277,286,438,453,-1,-1
00007280.jpg,276,286,437,453,-1,-1
00007281.jpg,276,285,437,452,-1,-1
00007282.jpg,277,286,438,453,-1,-1
00007283.jpg,277,286,438,453,-1,-1
00007284.jpg,276,285,437,452,-1,-1
00007285.jpg,276,285,437,452,-1,-1
00007286.jpg,276,278,437,445,-1,-1
00007287.jpg,276,278,437,445,-1,-1
00007288.jpg,276,278,437,445,-1,-1
00007289.jpg,276,278,437,445,-1,-1
00007290.jpg,277,279,438,446,-1,-1
00007291.jpg,277,279,438,446,-1,-1
00007292.jpg,277,279,438,446,-1,-1
00007293.jpg,278,279,439,446,-1,-1
00007294.jpg,278,280,439,447,-1,-1
00007295.jpg,278,280,439,447,-1,-1
00007296.jpg,278,280,439,447,-1,-1
00007297.jpg,278,280,439,447,-1,-1
00007298.jpg,277,286,438,453,-1,-1
00007299.jpg,277,286,438,453,-1,-1
00007300.jpg,277,286,438,453,-1,-1
00007301.jpg,277,286,438,453,-1,-1
00007302.jpg,277,286,438,453,-1,-1
00007303.jpg,276,286,437,453,-1,-1
00007304.jpg,276,286,437,453,-1,-1
00007305.jpg,276,286,437,453,-1,-1
00007306.jpg,276,286,437,453,-1,-1
00007307.jpg,276,286,437,453,-1,-1
00007308.jpg,276,286,437,453,-1,-1
00007309.jpg,276,286,437,453,-1,-1
00007310.jpg,276,286,437,453,-1,-1
00007311.jpg,275,285,436,452,-1,-1
00007312.jpg,275,285,436,452,-1,-1
00007313.jpg,275,285,436,452,-1,-1
00007314.jpg,275,285,436,452,-1,-1
00007315.jpg,274,283,435,450,-1,-1
00007316.jpg,274,284,435,451,-1,-1
00007317.jpg,274,284,435,451,-1,-1
00007318.jpg,274,284,435,451,-1,-1
00007319.jpg,273,284,434,451,-1,-1
00007320.jpg,273,284,434,451,-1,-1
00007321.jpg,273,284,434,451,-1,-1
00007322.jpg,273,285,434,452,-1,-1
00007323.jpg,273,285,434,452,-1,-1
00007324.jpg,273,286,434,453,-1,-1
00007325.jpg,273,286,434,453,-1,-1
00007326.jpg,273,286,434,453,-1,-1
00007327.jpg,273,286,434,453,-1,-1
00007328.jpg,273,286,434,453,-1,-1
00007329.jpg,273,286,434,453,-1,-1
00007330.jpg,273,286,434,453,-1,-1
00007331.jpg,272,285,433,452,-1,-1
00007332.jpg,272,286,433,453,-1,-1
00007333.jpg,271,285,432,452,-1,-1
00007334.jpg,271,285,432,452,-1,-1
00007335.jpg,271,286,432,453,-1,-1
00007336.jpg,270,285,431,452,-1,-1
00007337.jpg,270,285,431,452,-1,-1
00007338.jpg,270,286,431,453,-1,-1
00007339.jpg,270,286,431,453,-1,-1
00007340.jpg,270,286,431,453,-1,-1
00007341.jpg,270,286,431,453,-1,-1
00007342.jpg,270,286,431,453,-1,-1
00007343.jpg,269,286,430,453,-1,-1
00007344.jpg,269,286,430,453,-1,-1
00007345.jpg,269,286,430,453,-1,-1
00007346.jpg,269,286,430,453,-1,-1
00007347.jpg,269,286,430,453,-1,-1
00007348.jpg,269,286,430,453,-1,-1
00007349.jpg,269,286,430,453,-1,-1
00007350.jpg,268,285,429,452,-1,-1
00007351.jpg,268,285,429,452,-1,-1
00007352.jpg,268,285,429,452,-1,-1
00007353.jpg,268,285,429,452,-1,-1
00007354.jpg,268,285,429,452,-1,-1
00007355.jpg,267,284,428,451,-1,-1
00007356.jpg,267,284,428,451,-1,-1
00007357.jpg,267,285,428,452,-1,-1
00007358.jpg,266,287,427,454,-1,-1
00007359.jpg,266,287,427,454,-1,-1
00007360.jpg,266,287,427,454,-1,-1
00007361.jpg,266,286,427,453,-1,-1
00007362.jpg,266,286,427,453,-1,-1
00007363.jpg,266,286,427,453,-1,-1
00007364.jpg,266,286,427,453,-1,-1
00007365.jpg,265,286,426,453,-1,-1
00007366.jpg,265,286,426,453,-1,-1
00007367.jpg,267,287,428,454,-1,-1
00007368.jpg,267,287,428,454,-1,-1
00007369.jpg,265,286,426,453,-1,-1
00007370.jpg,265,286,426,453,-1,-1
00007371.jpg,265,286,426,453,-1,-1
00007372.jpg,265,287,426,454,-1,-1
00007373.jpg,265,287,426,454,-1,-1
