00007111.jpg,691,369,797,494,-1,-1
00007112.jpg,691,369,797,494,-1,-1
00007113.jpg,691,369,797,494,-1,-1
00007114.jpg,691,369,797,494,-1,-1
00007115.jpg,690,369,796,494,-1,-1
00007116.jpg,689,369,795,494,-1,-1
00007117.jpg,671,367,786,499,-1,-1
00007118.jpg,671,367,786,499,-1,-1
00007119.jpg,669,366,784,498,-1,-1
00007120.jpg,668,365,783,497,-1,-1
00007121.jpg,665,362,780,494,-1,-1
00007122.jpg,663,359,778,491,-1,-1
00007123.jpg,661,356,776,488,-1,-1
00007124.jpg,660,352,775,484,-1,-1
00007125.jpg,657,348,772,480,-1,-1
00007126.jpg,655,345,770,477,-1,-1
00007127.jpg,654,343,769,475,-1,-1
00007128.jpg,653,342,768,474,-1,-1
00007129.jpg,652,341,767,473,-1,-1
00007130.jpg,651,342,766,474,-1,-1
00007131.jpg,650,343,765,475,-1,-1
00007132.jpg,649,344,764,476,-1,-1
00007133.jpg,648,345,763,477,-1,-1
00007134.jpg,646,344,761,476,-1,-1
00007135.jpg,645,344,760,476,-1,-1
00007136.jpg,643,344,758,476,722,884
00007137.jpg,637,334,760,476,722,886
00007138.jpg,637,334,760,476,720,890
00007139.jpg,636,333,759,475,718,890
00007140.jpg,636,333,759,475,717,896
00007141.jpg,636,332,759,474,716,890
00007142.jpg,635,331,758,473,714,890
00007143.jpg,635,331,758,473,710,892
00007144.jpg,635,330,758,472,709,892
00007145.jpg,634,330,757,472,708,890
00007146.jpg,634,331,757,473,709,888
00007147.jpg,634,331,757,473,708,884
00007148.jpg,633,331,756,473,708,885
00007149.jpg,629,340,752,482,708,885
00007150.jpg,628,342,751,484,709,886
00007151.jpg,626,326,747,482,710,886
00007152.jpg,625,328,754,483,713,886
00007153.jpg,625,328,754,483,712,892
00007154.jpg,625,328,754,483,709,900
00007155.jpg,624,327,753,482,708,904
00007156.jpg,624,327,753,482,704,916
00007157.jpg,624,327,753,482,698,921
00007158.jpg,623,327,752,482,696,926
00007159.jpg,624,328,753,483,694,934
00007160.jpg,624,328,753,483,692,937
00007161.jpg,620,331,749,486,692,940
00007162.jpg,619,332,748,487,693,941
00007163.jpg,619,331,748,486,696,944
00007164.jpg,622,330,751,485,698,946
00007165.jpg,622,330,751,485,701,952
00007166.jpg,619,331,748,486,693,948
00007167.jpg,619,331,748,486,689,949
00007168.jpg,612,322,756,495,689,950
00007169.jpg,612,322,756,495,733,1002
00007170.jpg,612,322,756,495,772,1018
00007171.jpg,611,322,755,495,774,1020
00007172.jpg,611,321,755,494,774,1021
00007173.jpg,610,321,754,494,776,1022
00007174.jpg,610,321,754,494,777,1024
00007175.jpg,609,321,753,494,777,1025
00007176.jpg,608,321,752,494,780,1028
00007177.jpg,607,321,751,494,778,1028
00007178.jpg,606,320,750,493,781,1028
00007179.jpg,605,320,749,493,780,1028
00007180.jpg,604,320,748,493,770,1033
00007181.jpg,604,320,748,493,770,1029
00007182.jpg,603,320,747,493,773,1029
00007183.jpg,602,320,746,493,774,1029
00007184.jpg,601,320,745,493,774,1028
00007185.jpg,601,319,745,492,698,704
00007186.jpg,600,319,744,492,701,701
00007187.jpg,600,319,744,492,706,701
00007188.jpg,598,318,742,491,818,697
00007189.jpg,597,317,741,490,820,697
00007190.jpg,590,318,734,491,1014,697
00007191.jpg,586,323,742,498,-1,-1
00007192.jpg,586,323,742,498,-1,-1
00007193.jpg,585,323,741,498,-1,-1
00007194.jpg,583,323,739,498,-1,-1
00007195.jpg,582,323,738,498,-1,-1
00007196.jpg,581,322,737,497,-1,-1
00007197.jpg,580,321,736,496,-1,-1
00007198.jpg,579,320,735,495,-1,-1
00007199.jpg,578,319,734,494,-1,-1
00007200.jpg,577,319,733,494,-1,-1
00007201.jpg,577,318,733,493,-1,-1
00007202.jpg,575,317,731,492,-1,-1
00007203.jpg,576,321,732,496,-1,-1
00007204.jpg,575,321,731,496,-1,-1
00007205.jpg,575,320,731,495,-1,-1
00007206.jpg,575,320,731,495,-1,-1
00007207.jpg,574,319,730,494,-1,-1
00007208.jpg,574,318,730,493,-1,-1
00007209.jpg,574,317,730,492,-1,-1
00007210.jpg,575,317,731,492,-1,-1
00007211.jpg,575,317,731,492,-1,-1
00007212.jpg,575,318,731,493,-1,-1
00007213.jpg,575,318,731,493,-1,-1
00007214.jpg,575,319,731,494,-1,-1
00007215.jpg,575,319,731,494,-1,-1
00007216.jpg,575,320,731,495,-1,-1
00007217.jpg,574,320,730,495,-1,-1
00007218.jpg,573,319,729,494,-1,-1
00007219.jpg,572,319,728,494,-1,-1
00007220.jpg,572,319,728,494,-1,-1
00007221.jpg,570,318,726,493,-1,-1
00007222.jpg,570,318,726,493,-1,-1
00007223.jpg,569,317,725,492,-1,-1
00007224.jpg,569,317,725,492,-1,-1
00007225.jpg,568,318,724,493,-1,-1
00007226.jpg,567,318,723,493,-1,-1
00007227.jpg,566,318,722,493,-1,-1
00007228.jpg,566,318,722,493,-1,-1
00007229.jpg,565,318,721,493,-1,-1
00007230.jpg,565,319,721,494,-1,-1
00007231.jpg,564,319,720,494,-1,-1
00007232.jpg,563,319,719,494,-1,-1
00007233.jpg,563,319,719,494,-1,-1
00007234.jpg,562,319,718,494,-1,-1
00007235.jpg,561,317,717,492,-1,-1
00007236.jpg,561,317,717,492,-1,-1
00007237.jpg,562,317,718,492,-1,-1
00007238.jpg,562,317,718,492,-1,-1
00007239.jpg,561,317,717,492,-1,-1
00007240.jpg,561,317,717,492,-1,-1
00007241.jpg,561,317,717,492,-1,-1
00007242.jpg,561,318,717,493,-1,-1
00007243.jpg,560,318,716,493,-1,-1
00007244.jpg,560,318,716,493,-1,-1
00007245.jpg,560,318,716,493,-1,-1
00007246.jpg,560,317,716,492,-1,-1
00007247.jpg,560,317,716,492,-1,-1
00007248.jpg,560,317,716,492,-1,-1
00007249.jpg,560,317,716,492,-1,-1
00007250.jpg,560,317,716,492,-1,-1
00007251.jpg,560,318,716,493,-1,-1
00007252.jpg,560,319,716,494,1333,1032
00007253.jpg,560,320,716,495,1050,1045
00007254.jpg,560,321,716,496,834,1052
00007255.jpg,560,322,716,497,702,681
00007256.jpg,581,329,737,504,702,677
00007257.jpg,581,330,737,505,708,674
00007258.jpg,581,331,737,506,708,674
00007259.jpg,579,334,735,509,705,677
00007260.jpg,578,334,734,509,705,677
00007261.jpg,557,323,713,498,704,678
00007262.jpg,557,324,713,499,704,678
00007263.jpg,557,324,713,499,700,680
00007264.jpg,557,324,713,499,700,680
00007265.jpg,557,324,713,499,702,680
00007266.jpg,557,324,713,499,702,678
00007267.jpg,557,324,713,499,702,678
00007268.jpg,557,324,713,499,701,678
00007269.jpg,557,324,713,499,701,678
00007270.jpg,558,324,714,499,701,678
00007271.jpg,558,324,714,499,701,677
00007272.jpg,558,323,714,498,702,677
00007273.jpg,559,323,715,498,705,677
00007274.jpg,559,322,715,497,705,677
00007275.jpg,559,322,715,497,708,676
00007276.jpg,560,322,716,497,709,673
00007277.jpg,561,322,717,497,709,673
00007278.jpg,561,322,717,497,708,672
00007279.jpg,562,322,718,497,708,672
00007280.jpg,562,322,718,497,708,672
00007281.jpg,562,322,718,497,706,672
00007282.jpg,562,322,718,497,706,672
00007283.jpg,562,322,718,497,706,672
00007284.jpg,562,321,718,496,706,672
00007285.jpg,562,321,718,496,706,672
00007286.jpg,562,321,718,496,704,676
00007287.jpg,562,321,718,496,704,676
00007288.jpg,562,321,718,496,704,682
00007289.jpg,562,321,718,496,704,681
00007290.jpg,563,321,719,496,705,681
00007291.jpg,563,321,719,496,708,681
00007292.jpg,562,321,718,496,712,684
00007293.jpg,562,321,718,496,713,684
00007294.jpg,562,321,718,496,716,685
00007295.jpg,562,321,718,496,716,685
00007296.jpg,562,322,718,497,716,685
00007297.jpg,561,321,717,496,716,685
00007298.jpg,561,321,717,496,713,685
00007299.jpg,561,321,717,496,718,674
00007300.jpg,560,320,716,495,720,674
00007301.jpg,559,319,715,494,721,674
00007302.jpg,559,319,715,494,721,674
00007303.jpg,559,319,715,494,722,674
00007304.jpg,559,319,715,494,724,670
00007305.jpg,559,319,715,494,724,670
00007306.jpg,559,319,715,494,724,670
00007307.jpg,559,319,715,494,724,670
00007308.jpg,559,319,715,494,724,670
00007309.jpg,558,320,714,495,724,670
00007310.jpg,558,320,714,495,724,670
00007311.jpg,558,320,714,495,724,670
00007312.jpg,558,320,714,495,724,670
00007313.jpg,558,320,714,495,724,670
00007314.jpg,558,320,714,495,724,670
00007315.jpg,558,319,714,494,724,672
00007316.jpg,558,319,714,494,724,672
00007317.jpg,558,319,714,494,724,673
00007318.jpg,558,319,714,494,722,673
00007319.jpg,566,323,721,495,722,677
00007320.jpg,566,323,721,495,720,678
00007321.jpg,566,323,721,495,718,680
00007322.jpg,566,323,721,495,718,682
00007323.jpg,566,323,721,495,716,686
00007324.jpg,566,323,721,495,716,685
00007325.jpg,566,323,721,495,716,685
00007326.jpg,566,323,721,495,713,690
00007327.jpg,566,323,721,495,710,690
00007328.jpg,566,323,721,495,710,690
00007329.jpg,565,322,720,494,712,690
00007330.jpg,565,322,720,494,714,693
00007331.jpg,565,322,720,494,714,693
00007332.jpg,564,322,719,494,714,693
00007333.jpg,564,322,719,494,709,690
00007334.jpg,564,322,719,494,710,688
00007335.jpg,564,322,719,494,708,686
00007336.jpg,564,322,719,494,705,685
00007337.jpg,563,322,718,494,702,684
00007338.jpg,563,322,718,494,702,684
00007339.jpg,563,322,718,494,701,682
00007340.jpg,563,322,718,494,701,685
00007341.jpg,563,322,718,494,698,682
00007342.jpg,562,322,717,494,698,677
00007343.jpg,562,322,717,494,698,672
00007344.jpg,562,322,717,494,696,673
00007345.jpg,562,322,717,494,698,676
00007346.jpg,562,322,717,494,700,680
00007347.jpg,562,322,717,494,698,680
00007348.jpg,561,322,716,494,696,684
00007349.jpg,561,322,716,494,696,684
00007350.jpg,561,322,716,494,696,684
00007351.jpg,561,322,716,494,696,684
00007352.jpg,561,322,716,494,696,684
00007353.jpg,561,322,716,494,696,684
00007354.jpg,561,322,716,494,696,684
00007355.jpg,561,322,716,494,696,684
00007356.jpg,561,322,716,494,696,684
00007357.jpg,560,322,715,494,696,684
00007358.jpg,560,322,715,494,696,684
00007359.jpg,560,322,715,494,696,684
00007360.jpg,560,322,715,494,696,684
00007361.jpg,560,322,715,494,696,684
00007362.jpg,560,322,715,494,696,684
00007363.jpg,560,322,715,494,696,684
00007364.jpg,560,322,715,494,696,684
00007365.jpg,560,322,715,494,696,684
00007366.jpg,560,322,715,494,692,684
00007367.jpg,560,322,715,494,692,684
00007368.jpg,559,322,714,494,692,684
00007369.jpg,559,322,714,494,692,688
00007370.jpg,559,322,714,494,692,690
00007371.jpg,559,322,714,494,694,693
00007372.jpg,559,322,714,494,697,692
00007373.jpg,559,322,714,494,698,692
