00007111.jpg,888,359,998,488,-1,-1
00007112.jpg,888,359,998,488,-1,-1
00007113.jpg,888,359,998,488,-1,-1
00007114.jpg,888,359,998,488,-1,-1
00007115.jpg,888,338,1002,477,-1,-1
00007116.jpg,888,338,1002,477,-1,-1
00007117.jpg,888,335,1002,474,-1,-1
00007118.jpg,888,333,1002,472,-1,-1
00007119.jpg,887,330,1001,469,-1,-1
00007120.jpg,887,328,1001,467,-1,-1
00007121.jpg,886,326,1000,465,720,406
00007122.jpg,883,314,998,455,512,377
00007123.jpg,883,314,998,455,508,376
00007124.jpg,883,312,998,453,537,258
00007125.jpg,883,309,998,450,536,258
00007126.jpg,875,304,997,446,534,256
00007127.jpg,875,304,997,446,536,258
00007128.jpg,875,302,997,444,534,254
00007129.jpg,875,300,997,442,534,256
00007130.jpg,869,299,995,438,529,253
00007131.jpg,869,299,995,438,526,252
00007132.jpg,869,298,995,437,526,248
00007133.jpg,868,297,994,436,522,246
00007134.jpg,868,296,994,435,520,246
00007135.jpg,868,295,994,434,517,245
00007136.jpg,868,294,994,433,513,245
00007137.jpg,862,286,999,436,512,245
00007138.jpg,862,286,999,436,509,242
00007139.jpg,862,285,999,435,506,238
00007140.jpg,862,284,999,434,504,237
00007141.jpg,863,282,1000,432,500,234
00007142.jpg,863,281,1000,431,497,229
00007143.jpg,863,281,1000,431,492,229
00007144.jpg,863,280,1000,430,492,222
00007145.jpg,863,279,1000,429,493,224
00007146.jpg,863,279,1000,429,490,218
00007147.jpg,863,278,1000,428,489,218
00007148.jpg,863,278,1000,428,490,217
00007149.jpg,863,278,1000,428,488,217
00007150.jpg,863,278,1000,428,486,217
00007151.jpg,863,278,1000,428,485,216
00007152.jpg,863,277,1000,427,482,216
00007153.jpg,863,277,1000,427,481,218
00007154.jpg,852,266,1004,428,484,217
00007155.jpg,852,266,1004,428,484,221
00007156.jpg,852,265,1004,427,486,222
00007157.jpg,851,265,1003,427,486,224
00007158.jpg,851,265,1003,427,488,225
00007159.jpg,851,264,1003,426,489,226
00007160.jpg,851,264,1003,426,490,226
00007161.jpg,851,263,1003,425,492,226
00007162.jpg,850,263,1002,425,492,226
00007163.jpg,850,262,1002,424,492,226
00007164.jpg,849,261,1001,423,494,226
00007165.jpg,849,261,1001,423,494,226
00007166.jpg,849,260,1001,422,497,224
00007167.jpg,849,260,1001,422,497,222
00007168.jpg,849,260,1001,422,498,222
00007169.jpg,849,259,1001,421,497,225
00007170.jpg,850,259,1002,421,494,224
00007171.jpg,850,260,1002,422,494,222
00007172.jpg,852,258,1004,420,494,222
00007173.jpg,852,259,1004,421,494,222
00007174.jpg,852,259,1004,421,492,222
00007175.jpg,847,255,1009,417,492,222
00007176.jpg,847,255,1009,417,492,222
00007177.jpg,847,255,1009,417,492,220
00007178.jpg,847,254,1009,416,492,218
00007179.jpg,847,254,1009,416,-1,-1
00007180.jpg,846,253,1008,415,-1,-1
00007181.jpg,846,253,1008,415,-1,-1
00007182.jpg,845,253,1007,415,-1,-1
00007183.jpg,845,253,1007,415,-1,-1
00007184.jpg,845,252,1007,414,-1,-1
00007185.jpg,845,252,1007,414,-1,-1
00007186.jpg,848,245,1018,411,-1,-1
00007187.jpg,848,245,1018,411,-1,-1
00007188.jpg,848,245,1018,411,-1,-1
00007189.jpg,847,245,1017,411,-1,-1
00007190.jpg,847,245,1017,411,-1,-1
00007191.jpg,847,245,1017,411,-1,-1
00007192.jpg,846,245,1016,411,-1,-1
00007193.jpg,846,244,1016,410,-1,-1
00007194.jpg,846,244,1016,410,-1,-1
00007195.jpg,846,244,1016,410,-1,-1
00007196.jpg,845,244,1015,410,-1,-1
00007197.jpg,845,244,1015,410,-1,-1
00007198.jpg,845,244,1015,410,-1,-1
00007199.jpg,845,243,1015,409,-1,-1
00007200.jpg,845,243,1015,409,-1,-1
00007201.jpg,844,243,1014,409,-1,-1
00007202.jpg,844,243,1014,409,-1,-1
00007203.jpg,844,243,1014,409,-1,-1
00007204.jpg,843,243,1013,409,-1,-1
00007205.jpg,828,241,993,422,-1,-1
00007206.jpg,828,241,993,422,-1,-1
00007207.jpg,827,241,992,422,-1,-1
00007208.jpg,827,241,992,422,-1,-1
00007209.jpg,827,241,992,422,-1,-1
00007210.jpg,827,241,992,422,-1,-1
00007211.jpg,827,241,992,422,-1,-1
00007212.jpg,827,241,992,422,-1,-1
00007213.jpg,827,241,992,422,-1,-1
00007214.jpg,826,241,991,422,-1,-1
00007215.jpg,826,240,991,421,-1,-1
00007216.jpg,826,240,991,421,-1,-1
00007217.jpg,826,240,991,421,-1,-1
00007218.jpg,804,247,989,424,-1,-1
00007219.jpg,804,247,989,424,-1,-1
00007220.jpg,804,247,989,424,-1,-1
00007221.jpg,803,246,988,423,-1,-1
00007222.jpg,803,246,988,423,-1,-1
00007223.jpg,803,246,988,423,-1,-1
00007224.jpg,803,245,988,422,-1,-1
00007225.jpg,802,246,987,423,-1,-1
00007226.jpg,802,245,987,422,-1,-1
00007227.jpg,801,245,986,422,-1,-1
00007228.jpg,801,245,986,422,-1,-1
00007229.jpg,800,245,985,422,-1,-1
00007230.jpg,800,245,985,422,-1,-1
00007231.jpg,799,245,984,422,-1,-1
00007232.jpg,799,245,984,422,-1,-1
00007233.jpg,798,245,983,422,-1,-1
00007234.jpg,798,245,983,422,-1,-1
00007235.jpg,798,245,983,422,-1,-1
00007236.jpg,798,245,983,422,-1,-1
00007237.jpg,797,245,982,422,-1,-1
00007238.jpg,797,245,982,422,-1,-1
00007239.jpg,797,245,982,422,-1,-1
00007240.jpg,797,245,982,422,-1,-1
00007241.jpg,797,245,982,422,-1,-1
00007242.jpg,797,245,982,422,-1,-1
00007243.jpg,796,245,981,422,1568,269
00007244.jpg,796,246,981,423,1565,270
00007245.jpg,796,246,981,423,1560,273
00007246.jpg,796,246,981,423,1557,274
00007247.jpg,796,246,981,423,1552,274
00007248.jpg,796,246,981,423,1550,274
00007249.jpg,797,247,982,424,1546,276
00007250.jpg,797,247,982,424,1544,277
00007251.jpg,797,248,982,425,1544,278
00007252.jpg,798,248,983,425,1544,278
00007253.jpg,798,246,983,423,1544,278
00007254.jpg,798,246,983,423,1544,278
00007255.jpg,799,247,984,424,1546,278
00007256.jpg,799,246,984,423,1548,278
00007257.jpg,800,246,985,423,1549,280
00007258.jpg,800,246,985,423,1696,392
00007259.jpg,801,246,986,423,1729,566
00007260.jpg,802,245,987,422,1241,704
00007261.jpg,801,251,986,428,788,712
00007262.jpg,801,251,986,428,698,685
00007263.jpg,801,251,986,428,698,685
00007264.jpg,800,251,985,428,698,685
00007265.jpg,799,252,984,429,696,686
00007266.jpg,820,240,986,417,660,409
00007267.jpg,820,240,986,417,660,410
00007268.jpg,820,240,986,417,349,361
00007269.jpg,820,239,986,416,345,361
00007270.jpg,810,241,991,423,345,361
00007271.jpg,810,241,991,423,345,361
00007272.jpg,810,241,991,423,345,361
00007273.jpg,810,240,991,422,345,361
00007274.jpg,810,240,991,422,345,361
00007275.jpg,810,240,991,422,350,361
00007276.jpg,810,240,991,422,354,361
00007277.jpg,810,240,991,422,357,362
00007278.jpg,810,240,991,422,354,361
00007279.jpg,810,240,991,422,245,241
00007280.jpg,811,240,992,422,248,237
00007281.jpg,811,240,992,422,245,236
00007282.jpg,811,241,992,423,245,232
00007283.jpg,811,241,992,423,250,225
00007284.jpg,811,241,992,423,257,221
00007285.jpg,811,241,992,423,385,192
00007286.jpg,811,241,992,423,390,192
00007287.jpg,811,242,992,424,389,192
00007288.jpg,811,242,992,424,386,192
00007289.jpg,811,242,992,424,389,192
00007290.jpg,811,243,992,425,392,193
00007291.jpg,811,243,992,425,388,193
00007292.jpg,811,243,992,425,390,194
00007293.jpg,812,244,993,426,394,194
00007294.jpg,812,244,993,426,394,194
00007295.jpg,812,244,993,426,392,194
00007296.jpg,812,243,993,425,393,197
00007297.jpg,812,243,993,425,393,197
00007298.jpg,812,243,993,425,393,197
00007299.jpg,812,242,993,424,393,197
00007300.jpg,812,242,993,424,393,197
00007301.jpg,812,242,993,424,393,197
00007302.jpg,812,241,993,423,393,197
00007303.jpg,812,241,993,423,393,197
00007304.jpg,812,241,993,423,396,194
00007305.jpg,812,241,993,423,396,194
00007306.jpg,812,240,993,422,396,193
00007307.jpg,812,240,993,422,394,193
00007308.jpg,812,240,993,422,394,193
00007309.jpg,812,240,993,422,394,193
00007310.jpg,812,240,993,422,394,193
00007311.jpg,811,240,992,422,394,193
00007312.jpg,811,240,992,422,394,193
00007313.jpg,811,240,992,422,394,193
00007314.jpg,811,240,992,422,394,193
00007315.jpg,811,240,992,422,393,193
00007316.jpg,811,240,992,422,393,193
00007317.jpg,810,240,991,422,392,193
00007318.jpg,810,240,991,422,390,193
00007319.jpg,810,241,991,423,390,193
00007320.jpg,810,241,991,423,390,193
00007321.jpg,810,241,991,423,390,193
00007322.jpg,811,242,992,424,390,193
00007323.jpg,811,242,992,424,390,193
00007324.jpg,811,242,992,424,390,193
00007325.jpg,811,242,992,424,390,193
00007326.jpg,811,243,992,425,390,193
00007327.jpg,811,243,992,425,390,193
00007328.jpg,811,243,992,425,389,193
00007329.jpg,811,243,992,425,385,193
00007330.jpg,810,243,991,425,385,193
00007331.jpg,810,243,991,425,385,193
00007332.jpg,810,243,991,425,385,193
00007333.jpg,810,243,991,425,385,193
00007334.jpg,809,243,990,425,385,193
00007335.jpg,809,242,990,424,385,193
00007336.jpg,809,242,990,424,385,193
00007337.jpg,809,242,990,424,385,193
00007338.jpg,809,242,990,424,385,193
00007339.jpg,808,242,989,424,385,193
00007340.jpg,808,242,989,424,385,193
00007341.jpg,808,241,989,423,385,193
00007342.jpg,808,241,989,423,382,193
00007343.jpg,808,241,989,423,382,193
00007344.jpg,808,241,989,423,382,193
00007345.jpg,808,241,989,423,381,193
00007346.jpg,808,242,989,424,352,352
00007347.jpg,807,242,988,424,474,466
00007348.jpg,808,242,989,424,473,466
00007349.jpg,808,242,989,424,473,466
00007350.jpg,808,243,989,425,473,466
00007351.jpg,808,243,989,425,473,466
00007352.jpg,808,243,989,425,-1,-1
00007353.jpg,808,243,989,425,-1,-1
00007354.jpg,808,244,989,426,-1,-1
00007355.jpg,808,244,989,426,-1,-1
00007356.jpg,808,244,989,426,-1,-1
00007357.jpg,807,245,988,427,-1,-1
00007358.jpg,807,245,988,427,-1,-1
00007359.jpg,807,245,988,427,-1,-1
00007360.jpg,807,245,988,427,-1,-1
00007361.jpg,807,245,988,427,-1,-1
00007362.jpg,807,244,988,426,-1,-1
00007363.jpg,806,244,987,426,-1,-1
00007364.jpg,805,241,986,423,-1,-1
00007365.jpg,805,241,986,423,-1,-1
00007366.jpg,805,241,986,423,-1,-1
00007367.jpg,805,241,986,423,-1,-1
00007368.jpg,804,241,985,423,-1,-1
00007369.jpg,804,241,985,423,-1,-1
00007370.jpg,805,242,986,424,-1,-1
00007371.jpg,805,242,986,424,-1,-1
00007372.jpg,804,241,985,423,-1,-1
00007373.jpg,804,241,985,423,-1,-1
