00013528.jpg,465,141,629,313,-1,-1
00013529.jpg,465,141,629,313,-1,-1
00013530.jpg,465,141,629,313,-1,-1
00013531.jpg,465,141,629,313,-1,-1
00013532.jpg,465,141,629,313,-1,-1
00013533.jpg,464,141,628,313,-1,-1
00013534.jpg,464,140,628,312,-1,-1
00013535.jpg,464,140,628,312,-1,-1
00013536.jpg,463,140,627,312,-1,-1
00013537.jpg,463,139,627,311,-1,-1
00013538.jpg,462,139,626,311,-1,-1
00013539.jpg,462,139,626,311,-1,-1
00013540.jpg,462,139,626,311,-1,-1
00013541.jpg,461,138,625,310,-1,-1
00013542.jpg,461,138,625,310,-1,-1
00013543.jpg,460,137,624,309,-1,-1
00013544.jpg,460,137,624,309,-1,-1
00013545.jpg,459,137,623,309,-1,-1
00013546.jpg,459,136,623,308,-1,-1
00013547.jpg,459,136,623,308,-1,-1
00013548.jpg,458,136,622,308,-1,-1
00013549.jpg,458,136,622,308,-1,-1
00013550.jpg,458,135,622,307,-1,-1
00013551.jpg,458,135,622,307,-1,-1
00013552.jpg,458,135,622,307,-1,-1
00013553.jpg,458,135,622,307,-1,-1
00013554.jpg,458,134,622,306,-1,-1
00013555.jpg,459,134,623,306,-1,-1
00013556.jpg,459,134,623,306,-1,-1
00013557.jpg,459,132,623,304,-1,-1
00013558.jpg,460,132,624,304,-1,-1
00013559.jpg,460,131,624,303,-1,-1
00013560.jpg,460,130,624,302,-1,-1
00013561.jpg,460,130,624,302,-1,-1
00013562.jpg,461,129,625,301,-1,-1
00013563.jpg,461,129,625,301,-1,-1
00013564.jpg,461,128,625,300,-1,-1
00013565.jpg,463,130,627,302,-1,-1
00013566.jpg,464,131,628,303,-1,-1
00013567.jpg,466,132,630,304,-1,-1
00013568.jpg,466,131,630,303,-1,-1
00013569.jpg,467,129,631,301,-1,-1
00013570.jpg,468,128,632,300,-1,-1
00013571.jpg,469,127,633,299,-1,-1
00013572.jpg,471,127,635,299,-1,-1
00013573.jpg,473,127,637,299,-1,-1
00013574.jpg,475,128,639,300,-1,-1
00013575.jpg,475,128,639,300,-1,-1
