00003196.jpg,127,135,375,389,324,563
00003197.jpg,129,136,374,388,324,563
00003198.jpg,130,135,375,387,324,563
00003199.jpg,133,136,373,386,324,563
00003200.jpg,132,135,373,386,324,563
00003201.jpg,132,135,375,387,324,563
00003202.jpg,131,135,375,388,324,563
00003203.jpg,131,135,377,387,324,563
00003204.jpg,131,134,377,388,337,568
00003205.jpg,129,133,375,388,337,568
00003206.jpg,131,135,374,387,337,566
00003207.jpg,131,136,372,387,337,566
00003208.jpg,131,137,374,387,337,566
00003209.jpg,130,140,376,388,337,566
00003210.jpg,132,141,375,388,337,566
00003211.jpg,131,141,375,387,332,566
00003212.jpg,129,139,378,388,325,565
00003213.jpg,128,138,380,388,325,565
00003214.jpg,127,135,380,392,325,565
00003215.jpg,126,135,379,393,324,565
00003216.jpg,125,136,378,393,319,568
00003217.jpg,127,138,376,392,317,568
00003218.jpg,128,139,376,392,317,568
00003219.jpg,128,139,376,392,317,568
00003220.jpg,128,139,376,392,309,569
00003221.jpg,127,139,375,392,304,569
00003222.jpg,126,140,374,393,304,569
00003223.jpg,125,140,373,393,304,569
00003224.jpg,124,141,372,394,304,569
00003225.jpg,123,142,371,395,304,569
00003226.jpg,122,142,370,395,304,569
00003227.jpg,121,143,369,396,304,569
00003228.jpg,119,144,367,397,304,569
00003229.jpg,117,146,365,399,304,569
00003230.jpg,116,147,364,400,304,569
00003231.jpg,113,149,361,402,301,570
00003232.jpg,111,151,359,404,301,570
00003233.jpg,110,153,358,406,301,570
00003234.jpg,106,158,354,411,296,574
00003235.jpg,104,160,352,413,296,578
00003236.jpg,102,162,350,415,294,581
00003237.jpg,100,165,348,418,291,586
00003238.jpg,98,167,346,420,286,591
00003239.jpg,95,171,343,424,285,594
00003240.jpg,93,173,341,426,281,600
00003241.jpg,91,175,339,428,281,600
00003242.jpg,88,176,336,429,281,600
00003243.jpg,86,177,334,430,277,601
00003244.jpg,83,179,331,432,272,609
00003245.jpg,81,180,329,433,272,609
00003246.jpg,80,179,328,432,267,613
00003247.jpg,78,180,326,433,262,614
00003248.jpg,76,180,324,433,260,614
00003249.jpg,74,179,322,432,260,614
00003250.jpg,72,180,320,433,260,614
00003251.jpg,71,180,319,433,260,614
00003252.jpg,69,181,317,434,260,614
00003253.jpg,67,183,315,436,260,614
00003254.jpg,65,186,313,439,259,615
00003255.jpg,63,187,311,440,259,621
00003256.jpg,62,188,310,441,252,634
00003257.jpg,61,189,309,442,251,638
00003258.jpg,59,190,307,443,251,638
00003259.jpg,57,190,305,443,251,638
00003260.jpg,55,190,303,443,247,644
00003261.jpg,54,191,302,444,242,645
00003262.jpg,53,191,301,444,232,645
00003263.jpg,52,191,300,444,232,645
00003264.jpg,49,191,297,444,232,645
00003265.jpg,48,191,296,444,232,645
00003266.jpg,47,191,295,444,232,645
00003267.jpg,46,191,294,444,232,645
00003268.jpg,45,191,293,444,232,645
00003269.jpg,41,190,289,443,232,645
00003270.jpg,38,191,286,444,479,651
00003271.jpg,37,190,285,443,479,651
00003272.jpg,36,190,284,443,479,651
00003273.jpg,35,190,283,443,479,651
00003274.jpg,35,190,283,443,479,651
00003275.jpg,35,189,283,442,479,653
00003276.jpg,35,189,283,442,479,653
00003277.jpg,35,189,283,442,479,653
00003278.jpg,35,190,283,443,479,654
00003279.jpg,46,193,294,446,771,366
00003280.jpg,46,193,294,446,776,363
00003281.jpg,33,192,281,445,776,359
00003282.jpg,46,194,294,447,775,359
00003283.jpg,46,195,294,448,775,359
00003284.jpg,46,195,294,448,775,359
00003285.jpg,46,196,294,449,775,359
00003286.jpg,47,196,295,449,775,359
00003287.jpg,27,185,275,438,775,359
00003288.jpg,31,193,279,446,775,359
00003289.jpg,29,187,277,440,775,359
00003290.jpg,29,193,277,446,775,359
00003291.jpg,30,190,278,443,775,359
00003292.jpg,31,193,279,446,775,359
00003293.jpg,31,195,279,448,771,359
00003294.jpg,33,194,281,447,771,359
00003295.jpg,33,194,281,447,771,359
00003296.jpg,34,195,282,448,771,359
00003297.jpg,34,196,282,449,771,359
00003298.jpg,35,196,283,449,771,359
00003299.jpg,36,197,284,450,771,359
00003300.jpg,37,197,285,450,771,359
00003301.jpg,44,198,292,451,771,359
00003302.jpg,44,198,292,451,771,359
00003303.jpg,44,199,292,452,761,356
00003304.jpg,44,200,292,453,761,356
00003305.jpg,44,201,292,454,761,356
00003306.jpg,44,202,292,455,757,356
00003307.jpg,43,202,291,455,757,356
00003308.jpg,43,203,291,456,757,356
00003309.jpg,43,205,291,458,757,358
00003310.jpg,43,205,291,458,757,358
00003311.jpg,43,206,291,459,757,358
00003312.jpg,43,206,291,459,757,358
00003313.jpg,42,206,290,459,757,358
00003314.jpg,42,207,290,460,757,358
00003315.jpg,42,207,290,460,757,358
00003316.jpg,41,207,289,460,757,358
00003317.jpg,41,207,289,460,757,358
00003318.jpg,40,207,288,460,754,360
00003319.jpg,39,207,287,460,749,364
00003320.jpg,38,207,286,460,749,364
00003321.jpg,38,207,286,460,747,364
00003322.jpg,38,207,286,460,747,365
00003323.jpg,38,208,286,461,745,365
00003324.jpg,39,208,287,461,745,365
00003325.jpg,39,209,287,462,740,369
00003326.jpg,40,209,288,462,735,370
00003327.jpg,43,210,291,463,729,375
00003328.jpg,43,211,291,464,725,380
00003329.jpg,45,215,294,457,722,385
00003330.jpg,45,214,293,467,722,385
00003331.jpg,46,215,294,468,724,390
00003332.jpg,46,216,294,469,724,390
00003333.jpg,47,217,295,470,724,390
00003334.jpg,47,219,295,472,724,390
00003335.jpg,48,223,296,476,724,390
00003336.jpg,49,224,297,477,724,390
00003337.jpg,49,226,297,479,724,390
00003338.jpg,50,227,298,480,724,390
00003339.jpg,50,228,298,481,724,390
00003340.jpg,52,229,300,482,724,390
00003341.jpg,59,229,307,482,724,390
00003342.jpg,59,229,307,482,724,390
00003343.jpg,59,230,307,483,724,390
00003344.jpg,59,231,307,484,724,390
00003345.jpg,59,232,307,485,724,390
00003346.jpg,59,232,307,485,724,390
00003347.jpg,59,232,307,485,737,390
