00003196.jpg,784,189,999,409,275,298
00003197.jpg,783,190,997,409,275,298
00003198.jpg,782,190,996,409,275,298
00003199.jpg,782,190,995,409,275,298
00003200.jpg,782,190,996,409,275,298
00003201.jpg,782,190,995,409,275,298
00003202.jpg,781,189,995,409,275,298
00003203.jpg,781,189,995,410,275,298
00003204.jpg,780,188,996,408,275,298
00003205.jpg,779,186,996,409,275,298
00003206.jpg,777,186,994,408,275,298
00003207.jpg,777,186,994,406,275,298
00003208.jpg,777,187,994,406,275,299
00003209.jpg,776,188,990,405,275,299
00003210.jpg,775,188,990,405,275,299
00003211.jpg,774,189,990,404,270,301
00003212.jpg,773,189,988,405,270,303
00003213.jpg,772,190,985,404,272,301
00003214.jpg,772,192,982,404,274,301
00003215.jpg,770,194,981,404,274,301
00003216.jpg,770,195,979,406,274,301
00003217.jpg,769,196,978,407,271,301
00003218.jpg,771,196,978,405,271,301
00003219.jpg,768,197,976,404,271,301
00003220.jpg,767,198,974,404,270,301
00003221.jpg,767,198,972,404,269,301
00003222.jpg,763,198,969,404,265,303
00003223.jpg,762,199,967,404,265,303
00003224.jpg,760,198,967,405,265,303
00003225.jpg,758,198,967,405,265,303
00003226.jpg,757,198,965,406,262,303
00003227.jpg,754,197,965,408,262,303
00003228.jpg,752,198,966,409,262,303
00003229.jpg,752,198,966,409,262,303
00003230.jpg,750,200,964,411,262,303
00003231.jpg,748,202,962,413,261,304
00003232.jpg,747,204,961,415,255,308
00003233.jpg,745,206,959,417,255,308
00003234.jpg,743,211,957,422,251,309
00003235.jpg,742,213,956,424,246,318
00003236.jpg,741,215,955,426,246,318
00003237.jpg,740,218,954,429,240,321
00003238.jpg,738,220,952,431,240,323
00003239.jpg,735,223,949,434,236,325
00003240.jpg,733,225,947,436,232,329
00003241.jpg,731,226,945,437,229,334
00003242.jpg,729,227,943,438,227,336
00003243.jpg,727,228,941,439,221,340
00003244.jpg,724,229,938,440,220,340
00003245.jpg,722,230,936,441,219,340
00003246.jpg,721,230,935,441,219,340
00003247.jpg,719,230,933,441,219,341
00003248.jpg,718,230,932,441,219,341
00003249.jpg,715,230,929,441,219,341
00003250.jpg,714,231,928,442,209,343
00003251.jpg,712,232,926,443,209,343
00003252.jpg,711,233,925,444,209,343
00003253.jpg,709,234,923,445,205,343
00003254.jpg,706,237,920,448,205,344
00003255.jpg,704,239,918,450,-1,-1
00003256.jpg,703,240,917,451,-1,-1
00003257.jpg,701,241,915,452,-1,-1
00003258.jpg,699,243,913,454,-1,-1
00003259.jpg,696,244,910,455,-1,-1
00003260.jpg,695,245,909,456,-1,-1
00003261.jpg,693,246,907,457,-1,-1
00003262.jpg,692,246,906,457,-1,-1
00003263.jpg,691,246,905,457,-1,-1
00003264.jpg,689,247,903,458,-1,-1
00003265.jpg,688,247,902,458,-1,-1
00003266.jpg,687,247,901,458,-1,-1
00003267.jpg,687,247,901,458,-1,-1
00003268.jpg,686,247,900,458,-1,-1
00003269.jpg,686,247,900,458,-1,-1
00003270.jpg,686,247,900,458,-1,-1
00003271.jpg,686,247,900,458,-1,-1
00003272.jpg,686,247,900,458,-1,-1
00003273.jpg,686,247,900,458,-1,-1
00003274.jpg,686,247,900,458,-1,-1
00003275.jpg,686,247,900,458,-1,-1
00003276.jpg,686,247,900,458,-1,-1
00003277.jpg,686,247,900,458,-1,-1
00003278.jpg,685,248,899,459,-1,-1
00003279.jpg,685,248,899,459,-1,-1
00003280.jpg,685,249,899,460,-1,-1
00003281.jpg,685,249,899,460,-1,-1
00003282.jpg,685,249,899,460,-1,-1
00003283.jpg,685,250,899,461,-1,-1
00003284.jpg,684,250,898,461,-1,-1
00003285.jpg,684,250,898,461,-1,-1
00003286.jpg,684,250,898,461,-1,-1
00003287.jpg,684,250,898,461,-1,-1
00003288.jpg,684,250,898,461,-1,-1
00003289.jpg,684,250,898,461,-1,-1
00003290.jpg,684,250,898,461,-1,-1
00003291.jpg,683,250,897,461,-1,-1
00003292.jpg,683,251,897,462,-1,-1
00003293.jpg,683,251,897,462,-1,-1
00003294.jpg,683,251,897,462,-1,-1
00003295.jpg,683,251,897,462,-1,-1
00003296.jpg,683,251,897,462,-1,-1
00003297.jpg,683,251,897,462,-1,-1
00003298.jpg,683,251,897,462,-1,-1
00003299.jpg,682,251,896,462,-1,-1
00003300.jpg,682,251,896,462,-1,-1
00003301.jpg,682,252,896,463,-1,-1
00003302.jpg,682,252,896,463,-1,-1
00003303.jpg,682,253,896,464,-1,-1
00003304.jpg,681,254,895,465,-1,-1
00003305.jpg,681,255,895,466,-1,-1
00003306.jpg,681,255,895,466,-1,-1
00003307.jpg,681,256,895,467,-1,-1
00003308.jpg,681,257,895,468,-1,-1
00003309.jpg,681,258,895,469,-1,-1
00003310.jpg,681,259,895,470,-1,-1
00003311.jpg,680,260,894,471,-1,-1
00003312.jpg,680,260,894,471,-1,-1
00003313.jpg,680,261,894,472,-1,-1
00003314.jpg,679,262,893,473,-1,-1
00003315.jpg,679,262,893,473,-1,-1
00003316.jpg,678,262,892,473,205,333
00003317.jpg,678,262,892,473,205,333
00003318.jpg,677,263,891,474,205,333
00003319.jpg,676,263,890,474,205,333
00003320.jpg,673,264,887,475,205,333
00003321.jpg,671,264,885,475,205,333
00003322.jpg,668,265,882,476,205,333
00003323.jpg,666,266,880,477,203,333
00003324.jpg,662,267,876,478,197,333
00003325.jpg,661,268,875,479,197,333
00003326.jpg,660,269,874,480,196,333
00003327.jpg,659,270,873,481,198,333
00003328.jpg,659,265,867,482,202,334
00003329.jpg,660,267,868,484,204,337
00003330.jpg,661,268,866,483,208,339
00003331.jpg,661,269,866,484,208,339
00003332.jpg,661,271,864,484,210,339
00003333.jpg,660,272,863,484,213,339
00003334.jpg,660,274,861,483,215,339
00003335.jpg,660,276,861,484,215,339
00003336.jpg,662,278,861,485,219,341
00003337.jpg,662,279,861,485,220,343
00003338.jpg,663,280,860,486,224,345
00003339.jpg,662,280,861,486,226,346
00003340.jpg,664,283,860,486,229,347
00003341.jpg,665,284,859,485,229,347
00003342.jpg,664,284,859,485,229,347
00003343.jpg,665,284,858,486,231,349
00003344.jpg,666,285,857,486,232,350
00003345.jpg,664,283,858,484,-1,-1
00003346.jpg,666,281,860,482,-1,-1
00003347.jpg,666,281,860,482,-1,-1
