00001610.jpg,295,60,439,201,-1,-1
00001611.jpg,295,60,439,201,-1,-1
00001612.jpg,295,60,439,201,-1,-1
00001613.jpg,295,60,439,201,-1,-1
00001614.jpg,298,60,442,201,-1,-1
00001615.jpg,300,62,444,203,-1,-1
00001616.jpg,302,63,446,204,-1,-1
00001617.jpg,303,64,447,205,-1,-1
00001618.jpg,303,64,447,205,-1,-1
00001619.jpg,303,66,447,207,-1,-1
00001620.jpg,302,68,446,209,-1,-1
00001621.jpg,303,71,447,212,-1,-1
00001622.jpg,304,73,448,214,-1,-1
00001623.jpg,304,73,448,214,-1,-1
00001624.jpg,305,74,449,215,-1,-1
00001625.jpg,307,75,451,216,-1,-1
00001626.jpg,309,75,453,216,-1,-1
00001627.jpg,310,74,454,215,-1,-1
00001628.jpg,310,74,454,215,-1,-1
00001629.jpg,312,73,456,214,-1,-1
00001630.jpg,313,72,457,213,-1,-1
00001631.jpg,313,71,457,212,-1,-1
00001632.jpg,312,71,456,212,-1,-1
00001633.jpg,312,71,456,212,-1,-1
00001634.jpg,317,66,463,204,-1,-1
00001635.jpg,317,66,463,204,-1,-1
00001636.jpg,312,66,458,204,-1,-1
00001637.jpg,306,66,452,204,-1,-1
00001638.jpg,306,66,452,204,-1,-1
00001639.jpg,302,66,448,204,-1,-1
00001640.jpg,300,67,446,205,-1,-1
00001641.jpg,300,67,446,205,-1,-1
00001642.jpg,300,67,446,205,-1,-1
00001643.jpg,300,67,446,205,-1,-1
00001644.jpg,303,65,449,203,217,108
00001645.jpg,310,65,456,203,217,106
00001646.jpg,320,68,466,206,217,106
00001647.jpg,340,69,476,207,223,104
00001648.jpg,340,69,476,207,232,103
00001649.jpg,350,69,476,207,232,103
