00012708.jpg,1006,121,1233,341,853,354
00012709.jpg,1006,121,1233,341,853,354
00012710.jpg,1006,121,1233,341,848,357
00012711.jpg,1006,121,1233,341,816,358
00012712.jpg,1009,121,1236,341,777,364
00012713.jpg,1012,122,1239,342,773,360
00012714.jpg,1012,122,1239,342,762,361
00012715.jpg,1015,123,1242,343,740,364
00012716.jpg,1018,124,1245,344,732,364
00012717.jpg,1021,125,1248,345,716,365
00012718.jpg,1023,126,1250,346,713,365
00012719.jpg,1023,126,1250,346,708,365
00012720.jpg,1024,127,1251,347,704,366
00012721.jpg,1024,127,1251,347,704,370
00012722.jpg,1024,127,1251,347,698,372
00012723.jpg,1024,128,1251,348,698,377
00012724.jpg,1024,128,1251,348,690,377
00012725.jpg,1022,128,1249,348,686,384
00012726.jpg,1020,128,1247,348,685,388
00012727.jpg,1019,128,1246,348,678,396
00012728.jpg,1017,128,1244,348,678,402
00012729.jpg,1017,128,1244,348,677,404
00012730.jpg,1014,128,1241,348,669,413
00012731.jpg,1012,128,1239,348,669,414
00012732.jpg,1010,128,1237,348,669,416
00012733.jpg,1007,128,1234,348,669,416
00012734.jpg,1007,128,1234,348,669,416
00012735.jpg,1004,128,1231,348,669,416
00012736.jpg,1001,128,1228,348,669,416
00012737.jpg,998,128,1225,348,666,416
00012738.jpg,995,128,1222,348,666,416
00012739.jpg,995,128,1222,348,666,416
00012740.jpg,991,128,1218,348,666,416
00012741.jpg,987,128,1214,348,674,417
00012742.jpg,983,128,1210,348,665,413
00012743.jpg,978,128,1205,348,665,413
00012744.jpg,978,128,1205,348,664,413
00012745.jpg,973,128,1200,348,664,413
00012746.jpg,967,128,1194,348,664,413
00012747.jpg,962,128,1189,348,664,413
00012748.jpg,956,129,1183,349,664,413
00012749.jpg,956,129,1183,349,664,413
00012750.jpg,956,129,1183,349,664,413
