00012708.jpg,384,78,586,305,-1,-1
00012709.jpg,384,78,586,305,-1,-1
00012710.jpg,384,78,586,305,-1,-1
00012711.jpg,384,78,586,305,-1,-1
00012712.jpg,384,77,586,304,-1,-1
00012713.jpg,385,77,587,304,-1,-1
00012714.jpg,385,76,587,303,-1,-1
00012715.jpg,385,76,587,303,-1,-1
00012716.jpg,385,76,587,303,-1,-1
00012717.jpg,385,76,587,303,-1,-1
00012718.jpg,385,76,587,303,-1,-1
00012719.jpg,385,76,587,303,-1,-1
00012720.jpg,385,76,587,303,-1,-1
00012721.jpg,385,76,587,303,-1,-1
00012722.jpg,384,77,586,304,-1,-1
00012723.jpg,384,78,586,305,-1,-1
00012724.jpg,384,78,586,305,-1,-1
00012725.jpg,384,78,586,305,-1,-1
00012726.jpg,384,78,586,305,-1,-1
00012727.jpg,385,79,587,306,-1,-1
00012728.jpg,385,79,587,306,-1,-1
00012729.jpg,385,79,587,306,-1,-1
00012730.jpg,385,79,587,306,-1,-1
00012731.jpg,386,80,588,307,-1,-1
00012732.jpg,386,80,588,307,-1,-1
00012733.jpg,386,80,588,307,-1,-1
00012734.jpg,386,80,588,307,-1,-1
00012735.jpg,386,80,588,307,-1,-1
00012736.jpg,386,80,588,307,-1,-1
00012737.jpg,386,80,588,307,-1,-1
00012738.jpg,386,80,588,307,-1,-1
00012739.jpg,386,80,588,307,-1,-1
00012740.jpg,386,80,588,307,-1,-1
00012741.jpg,387,80,589,307,-1,-1
00012742.jpg,387,80,589,307,-1,-1
00012743.jpg,387,80,589,307,-1,-1
00012744.jpg,387,80,589,307,-1,-1
00012745.jpg,387,80,589,307,-1,-1
00012746.jpg,387,80,589,307,-1,-1
00012747.jpg,388,80,590,307,-1,-1
00012748.jpg,388,80,590,307,-1,-1
00012749.jpg,388,80,590,307,-1,-1
00012750.jpg,388,80,590,307,-1,-1
