00012708.jpg,184,507,426,792,-1,-1
00012709.jpg,184,507,426,792,-1,-1
00012710.jpg,184,507,426,792,-1,-1
00012711.jpg,184,507,426,792,-1,-1
00012712.jpg,184,507,426,792,-1,-1
00012713.jpg,185,508,427,793,-1,-1
00012714.jpg,185,508,427,793,-1,-1
00012715.jpg,185,509,427,794,-1,-1
00012716.jpg,185,509,427,794,-1,-1
00012717.jpg,185,510,427,795,-1,-1
00012718.jpg,185,510,427,795,-1,-1
00012719.jpg,185,510,427,795,-1,-1
00012720.jpg,185,510,427,795,-1,-1
00012721.jpg,185,510,427,795,-1,-1
00012722.jpg,185,510,427,795,-1,-1
00012723.jpg,185,511,427,796,-1,-1
00012724.jpg,185,511,427,796,-1,-1
00012725.jpg,185,512,427,797,-1,-1
00012726.jpg,185,512,427,797,-1,-1
00012727.jpg,185,513,427,798,-1,-1
00012728.jpg,185,513,427,798,-1,-1
00012729.jpg,185,513,427,798,-1,-1
00012730.jpg,186,513,428,798,-1,-1
00012731.jpg,186,513,428,798,-1,-1
00012732.jpg,187,513,429,798,-1,-1
00012733.jpg,187,513,429,798,-1,-1
00012734.jpg,187,513,429,798,-1,-1
00012735.jpg,187,513,429,798,-1,-1
00012736.jpg,187,513,429,798,-1,-1
00012737.jpg,187,513,429,798,-1,-1
00012738.jpg,187,513,429,798,-1,-1
00012739.jpg,187,514,429,799,-1,-1
00012740.jpg,187,514,429,799,-1,-1
00012741.jpg,187,515,429,800,-1,-1
00012742.jpg,187,515,429,800,-1,-1
00012743.jpg,187,515,429,800,-1,-1
00012744.jpg,187,515,429,800,-1,-1
00012745.jpg,187,515,429,800,-1,-1
00012746.jpg,187,515,429,800,-1,-1
00012747.jpg,188,516,430,801,-1,-1
00012748.jpg,189,516,431,801,-1,-1
00012749.jpg,189,516,431,801,-1,-1
00012750.jpg,189,516,431,801,-1,-1
