00002800.jpg,607,25,1034,474,742,573
00002801.jpg,607,25,1034,474,749,572
00002802.jpg,607,25,1034,474,750,572
00002803.jpg,607,25,1034,474,750,572
00002804.jpg,609,21,1036,470,845,604
00002805.jpg,612,16,1039,465,844,605
00002806.jpg,614,11,1041,460,-1,-1
00002807.jpg,618,6,1045,455,-1,-1
00002808.jpg,618,6,1045,455,-1,-1
00002809.jpg,621,1,1048,450,-1,-1
00002810.jpg,624,0,1051,449,-1,-1
00002811.jpg,627,0,1054,449,-1,-1
00002812.jpg,630,0,1057,449,-1,-1
00002813.jpg,630,0,1057,449,-1,-1
00002814.jpg,631,0,1058,449,-1,-1
00002815.jpg,631,0,1058,449,-1,-1
00002816.jpg,630,0,1057,449,-1,-1
00002817.jpg,629,0,1056,449,-1,-1
00002818.jpg,629,0,1056,449,-1,-1
