00000001.jpg,775,86,886,207,-1,-1
00000002.jpg,775,86,886,207,-1,-1
00000003.jpg,775,86,886,207,-1,-1
00000004.jpg,775,86,886,207,-1,-1
00000005.jpg,774,86,885,207,-1,-1
00000006.jpg,773,86,884,207,-1,-1
00000007.jpg,772,86,883,207,-1,-1
00000008.jpg,772,86,883,207,-1,-1
00000009.jpg,773,86,884,207,-1,-1
00000010.jpg,773,85,884,206,-1,-1
00000011.jpg,774,85,885,206,-1,-1
00000012.jpg,774,83,885,204,-1,-1
00000013.jpg,774,82,885,203,-1,-1
00000014.jpg,774,81,885,202,-1,-1
00000015.jpg,774,81,885,202,-1,-1
00000016.jpg,774,81,885,202,-1,-1
00000017.jpg,774,81,885,202,-1,-1
00000018.jpg,775,81,886,202,-1,-1
00000019.jpg,775,80,886,201,-1,-1
00000020.jpg,775,80,886,201,-1,-1
00000021.jpg,775,80,886,201,-1,-1
00000022.jpg,774,81,885,202,-1,-1
00000023.jpg,774,82,885,203,-1,-1
00000024.jpg,773,83,884,204,-1,-1
00000025.jpg,774,82,885,203,-1,-1
00000026.jpg,775,80,886,201,-1,-1
00000027.jpg,775,78,886,199,-1,-1
00000028.jpg,775,77,886,198,-1,-1
00000029.jpg,774,78,885,199,-1,-1
00000030.jpg,772,79,883,200,-1,-1
00000031.jpg,771,81,882,202,-1,-1
00000032.jpg,770,82,881,203,-1,-1
00000033.jpg,769,81,880,202,-1,-1
00000034.jpg,770,81,881,202,-1,-1
00000035.jpg,770,79,881,200,-1,-1
00000036.jpg,771,79,882,200,-1,-1
00000037.jpg,772,79,883,200,-1,-1
00000038.jpg,772,79,883,200,-1,-1
00000039.jpg,772,80,883,201,-1,-1
00000040.jpg,772,80,883,201,-1,-1
00000041.jpg,771,80,882,201,-1,-1
00000042.jpg,771,80,882,201,-1,-1
00000043.jpg,771,79,882,200,-1,-1
00000044.jpg,772,79,883,200,-1,-1
00000045.jpg,773,79,884,200,-1,-1
00000046.jpg,774,79,885,200,-1,-1
00000047.jpg,774,79,885,200,-1,-1
00000048.jpg,775,78,886,199,-1,-1
00000049.jpg,777,77,888,198,-1,-1
00000050.jpg,778,75,889,196,-1,-1
00000051.jpg,778,73,889,194,-1,-1
00000052.jpg,778,72,889,193,-1,-1
00000053.jpg,777,70,888,191,-1,-1
00000054.jpg,777,70,888,191,-1,-1
00000055.jpg,775,70,886,191,-1,-1
00000056.jpg,773,70,884,191,-1,-1
00000057.jpg,770,70,881,191,-1,-1
00000058.jpg,759,69,870,190,-1,-1
00000059.jpg,758,71,869,192,-1,-1
00000060.jpg,757,70,868,191,-1,-1
00000061.jpg,756,66,867,187,-1,-1
00000062.jpg,756,68,867,189,-1,-1
00000063.jpg,756,66,867,187,-1,-1
00000064.jpg,757,64,868,185,-1,-1
00000065.jpg,758,62,869,183,-1,-1
00000066.jpg,766,64,877,185,-1,-1
00000067.jpg,766,63,877,184,-1,-1
00000068.jpg,766,62,877,183,-1,-1
00000069.jpg,758,59,869,180,-1,-1
00000070.jpg,758,59,869,180,-1,-1
00000071.jpg,758,59,869,180,-1,-1
00000072.jpg,758,59,869,180,375,254
00000073.jpg,758,59,869,180,373,236
00000074.jpg,758,59,869,180,372,223
00000075.jpg,758,59,869,180,372,223
00000076.jpg,758,59,869,180,372,223
00000077.jpg,757,60,868,181,372,223
00000078.jpg,757,60,868,181,372,223
00000079.jpg,757,59,868,180,370,197
00000080.jpg,757,58,868,179,370,197
00000081.jpg,758,57,869,178,369,185
00000082.jpg,758,55,869,176,369,185
00000083.jpg,758,54,869,175,365,174
00000084.jpg,757,54,868,175,322,92
00000085.jpg,757,53,868,174,322,92
00000086.jpg,765,54,876,175,322,92
00000087.jpg,765,53,876,174,322,92
00000088.jpg,764,54,875,175,322,92
00000089.jpg,764,54,875,175,322,92
00000090.jpg,764,54,875,175,322,92
00000091.jpg,764,53,875,174,322,92
00000092.jpg,763,53,874,174,322,92
00000093.jpg,763,53,874,174,322,92
00000094.jpg,763,52,874,173,322,92
00000095.jpg,763,52,874,173,321,93
00000096.jpg,763,51,874,172,319,98
00000097.jpg,763,49,874,170,319,98
00000098.jpg,763,48,874,169,319,98
00000099.jpg,763,46,874,167,319,98
00000100.jpg,764,46,875,167,319,98
00000101.jpg,765,45,876,166,318,97
00000102.jpg,766,44,877,165,318,97
00000103.jpg,766,41,877,162,318,97
00000104.jpg,766,41,877,162,323,90
00000105.jpg,766,41,877,162,323,90
00000106.jpg,767,40,878,161,322,84
00000107.jpg,767,40,878,161,322,84
00000108.jpg,767,39,878,160,322,84
00000109.jpg,767,39,878,160,321,88
00000110.jpg,767,39,878,160,321,88
00000111.jpg,767,40,878,161,321,88
00000112.jpg,767,41,878,162,328,84
00000113.jpg,767,41,878,162,332,84
00000114.jpg,768,42,879,163,334,81
00000115.jpg,768,43,879,164,346,80
00000116.jpg,769,44,880,165,358,79
00000117.jpg,769,45,880,166,363,78
00000118.jpg,769,45,880,166,369,77
00000119.jpg,769,46,880,167,369,77
00000120.jpg,769,46,880,167,382,79
00000121.jpg,770,45,881,166,388,77
00000122.jpg,770,45,881,166,393,77
00000123.jpg,771,45,882,166,393,77
00000124.jpg,772,42,883,163,395,77
00000125.jpg,774,43,885,164,400,77
00000126.jpg,775,41,886,162,402,77
00000127.jpg,776,41,887,162,403,77
00000128.jpg,776,41,887,162,404,77
00000129.jpg,777,41,888,162,406,77
00000130.jpg,776,41,887,162,409,77
00000131.jpg,776,41,887,162,412,77
00000132.jpg,776,41,887,162,416,77
00000133.jpg,774,40,885,161,417,77
00000134.jpg,773,41,884,162,417,76
00000135.jpg,772,42,883,163,417,76
00000136.jpg,771,42,882,163,417,76
00000137.jpg,771,41,882,162,417,76
00000138.jpg,770,42,881,163,417,76
00000139.jpg,769,44,880,165,417,75
00000140.jpg,768,46,879,167,418,75
00000141.jpg,768,47,879,168,418,75
00000142.jpg,770,48,881,169,420,75
00000143.jpg,771,48,882,169,420,75
00000144.jpg,771,48,882,169,421,75
00000145.jpg,771,48,882,169,422,75
00000146.jpg,772,48,883,169,418,76
00000147.jpg,772,47,883,168,415,76
00000148.jpg,772,47,883,168,415,75
00000149.jpg,772,47,883,168,412,75
00000150.jpg,772,47,883,168,408,72
00000151.jpg,772,47,883,168,404,73
00000152.jpg,772,47,883,168,399,71
00000153.jpg,772,47,883,168,399,70
00000154.jpg,772,49,883,170,395,70
00000155.jpg,772,50,883,171,390,70
00000156.jpg,771,50,882,171,388,72
00000157.jpg,771,50,882,171,386,72
00000158.jpg,770,50,881,171,383,72
00000159.jpg,769,49,880,170,379,72
00000160.jpg,769,49,880,170,379,74
00000161.jpg,768,49,879,170,374,73
00000162.jpg,763,47,874,168,371,71
00000163.jpg,763,47,874,168,369,71
00000164.jpg,763,47,874,168,360,71
00000165.jpg,763,47,874,168,354,71
00000166.jpg,763,47,874,168,354,71
00000167.jpg,764,47,875,168,353,72
00000168.jpg,764,46,875,167,349,72
00000169.jpg,764,45,875,166,343,74
00000170.jpg,765,46,876,167,341,75
00000171.jpg,765,45,876,166,338,75
00000172.jpg,765,45,876,166,334,77
00000173.jpg,765,47,876,168,330,77
00000174.jpg,765,49,876,170,326,77
00000175.jpg,765,50,876,171,326,77
00000176.jpg,765,49,876,170,326,77
00000177.jpg,765,51,876,172,323,79
00000178.jpg,765,51,876,172,323,79
00000179.jpg,765,56,876,177,324,79
00000180.jpg,764,58,875,179,324,79
00000181.jpg,764,58,875,179,326,79
00000182.jpg,765,56,876,177,325,76
00000183.jpg,765,52,876,173,334,76
00000184.jpg,765,52,876,173,334,76
