00000001.jpg,307,49,430,176,811,149
00000002.jpg,307,49,430,176,811,149
00000003.jpg,307,49,430,176,811,149
00000004.jpg,307,49,430,176,809,154
00000005.jpg,305,48,428,175,808,154
00000006.jpg,304,47,427,174,808,153
00000007.jpg,303,47,426,174,808,153
00000008.jpg,303,46,426,173,805,152
00000009.jpg,303,46,426,173,805,152
00000010.jpg,303,45,426,172,805,152
00000011.jpg,303,45,426,172,805,152
00000012.jpg,303,45,426,172,805,151
00000013.jpg,302,44,425,171,805,150
00000014.jpg,302,44,425,171,807,149
00000015.jpg,302,44,425,171,808,147
00000016.jpg,303,44,426,171,809,144
00000017.jpg,303,43,426,170,809,144
00000018.jpg,306,43,429,170,809,144
00000019.jpg,308,43,431,170,809,144
00000020.jpg,311,44,434,171,809,144
00000021.jpg,315,45,438,172,809,144
00000022.jpg,318,44,441,171,809,144
00000023.jpg,322,43,445,170,809,144
00000024.jpg,327,44,450,171,809,144
00000025.jpg,332,44,455,171,809,145
00000026.jpg,337,45,460,172,809,145
00000027.jpg,343,45,466,172,-1,-1
00000028.jpg,347,46,470,173,-1,-1
00000029.jpg,351,46,474,173,-1,-1
00000030.jpg,353,46,476,173,-1,-1
00000031.jpg,355,46,478,173,-1,-1
00000032.jpg,357,47,480,174,-1,-1
00000033.jpg,360,48,483,175,-1,-1
00000034.jpg,362,48,485,175,-1,-1
00000035.jpg,364,48,487,175,-1,-1
00000036.jpg,366,49,489,176,-1,-1
00000037.jpg,367,49,490,176,294,567
00000038.jpg,368,50,491,177,294,568
00000039.jpg,370,51,493,178,293,567
00000040.jpg,370,51,493,178,289,567
00000041.jpg,369,52,492,179,288,566
00000042.jpg,367,52,490,179,287,563
00000043.jpg,366,52,489,179,289,563
00000044.jpg,361,58,476,173,285,563
00000045.jpg,361,58,476,173,289,560
00000046.jpg,359,58,474,173,288,564
00000047.jpg,357,57,472,172,290,565
00000048.jpg,354,57,469,172,291,566
00000049.jpg,351,56,466,171,291,566
00000050.jpg,346,55,461,170,290,573
00000051.jpg,341,55,456,170,-1,-1
00000052.jpg,335,54,450,169,-1,-1
00000053.jpg,329,53,444,168,-1,-1
00000054.jpg,324,53,439,168,-1,-1
00000055.jpg,318,51,433,166,-1,-1
00000056.jpg,312,50,427,165,-1,-1
00000057.jpg,306,49,421,164,-1,-1
00000058.jpg,301,49,416,164,-1,-1
00000059.jpg,296,48,411,163,-1,-1
00000060.jpg,291,47,406,162,-1,-1
00000061.jpg,288,47,403,162,-1,-1
00000062.jpg,285,46,400,161,-1,-1
00000063.jpg,282,46,397,161,-1,-1
00000064.jpg,280,46,395,161,-1,-1
00000065.jpg,279,46,394,161,-1,-1
00000066.jpg,277,46,392,161,-1,-1
00000067.jpg,276,45,391,160,-1,-1
00000068.jpg,274,45,389,160,-1,-1
00000069.jpg,273,45,388,160,-1,-1
00000070.jpg,272,44,387,159,-1,-1
00000071.jpg,270,44,385,159,-1,-1
00000072.jpg,269,44,384,159,-1,-1
00000073.jpg,267,44,382,159,-1,-1
00000074.jpg,266,43,381,158,-1,-1
00000075.jpg,265,43,380,158,-1,-1
00000076.jpg,264,43,379,158,-1,-1
00000077.jpg,263,43,378,158,-1,-1
00000078.jpg,262,43,377,158,-1,-1
00000079.jpg,261,43,376,158,-1,-1
00000080.jpg,261,43,376,158,-1,-1
00000081.jpg,260,43,375,158,-1,-1
00000082.jpg,259,43,374,158,-1,-1
00000083.jpg,258,43,373,158,-1,-1
00000084.jpg,257,43,372,158,-1,-1
00000085.jpg,255,42,370,157,-1,-1
00000086.jpg,253,42,368,157,-1,-1
00000087.jpg,252,42,367,157,-1,-1
00000088.jpg,251,42,366,157,-1,-1
00000089.jpg,250,42,365,157,-1,-1
00000090.jpg,249,42,364,157,-1,-1
00000091.jpg,248,42,363,157,-1,-1
00000092.jpg,248,43,363,158,-1,-1
00000093.jpg,247,43,362,158,-1,-1
00000094.jpg,247,43,362,158,-1,-1
00000095.jpg,246,43,361,158,-1,-1
00000096.jpg,246,43,361,158,-1,-1
00000097.jpg,245,43,360,158,-1,-1
00000098.jpg,244,43,359,158,-1,-1
00000099.jpg,244,43,359,158,-1,-1
00000100.jpg,245,42,360,157,-1,-1
00000101.jpg,246,41,361,156,-1,-1
00000102.jpg,248,41,363,156,-1,-1
00000103.jpg,250,41,365,156,-1,-1
00000104.jpg,252,40,367,155,-1,-1
00000105.jpg,255,39,370,154,-1,-1
00000106.jpg,257,38,372,153,-1,-1
00000107.jpg,260,38,375,153,-1,-1
00000108.jpg,264,37,379,152,-1,-1
00000109.jpg,267,37,382,152,-1,-1
00000110.jpg,270,37,385,152,-1,-1
00000111.jpg,273,36,388,151,-1,-1
00000112.jpg,278,36,393,151,-1,-1
00000113.jpg,282,36,397,151,-1,-1
00000114.jpg,287,36,402,151,-1,-1
00000115.jpg,292,36,407,151,-1,-1
00000116.jpg,297,37,412,152,-1,-1
00000117.jpg,302,37,417,152,-1,-1
00000118.jpg,307,37,422,152,-1,-1
00000119.jpg,311,38,426,153,791,104
00000120.jpg,316,38,431,153,791,104
00000121.jpg,319,38,434,153,791,104
00000122.jpg,321,38,436,153,791,103
00000123.jpg,323,38,438,153,793,101
00000124.jpg,326,38,441,153,799,98
00000125.jpg,328,38,443,153,799,98
00000126.jpg,330,38,445,153,799,97
00000127.jpg,331,38,446,153,799,97
00000128.jpg,333,38,448,153,799,97
00000129.jpg,335,38,450,153,801,95
00000130.jpg,344,38,459,153,801,95
00000131.jpg,347,39,462,154,801,95
00000132.jpg,348,39,463,154,801,95
00000133.jpg,350,40,465,155,801,95
00000134.jpg,352,40,467,155,-1,-1
00000135.jpg,354,40,469,155,-1,-1
00000136.jpg,355,40,470,155,-1,-1
00000137.jpg,357,41,472,156,-1,-1
00000138.jpg,354,39,467,153,-1,-1
00000139.jpg,354,39,467,153,-1,-1
00000140.jpg,355,39,468,153,-1,-1
00000141.jpg,356,39,469,153,-1,-1
00000142.jpg,357,39,470,153,-1,-1
00000143.jpg,357,40,470,154,-1,-1
00000144.jpg,357,40,470,154,-1,-1
00000145.jpg,357,40,470,154,-1,-1
00000146.jpg,356,40,469,154,-1,-1
00000147.jpg,355,40,468,154,-1,-1
00000148.jpg,354,41,467,155,-1,-1
00000149.jpg,351,41,464,155,-1,-1
00000150.jpg,349,40,462,154,-1,-1
00000151.jpg,346,39,459,153,-1,-1
00000152.jpg,344,39,457,153,-1,-1
00000153.jpg,341,39,454,153,-1,-1
00000154.jpg,338,39,451,153,-1,-1
00000155.jpg,336,39,449,153,-1,-1
00000156.jpg,333,39,446,153,-1,-1
00000157.jpg,330,39,443,153,-1,-1
00000158.jpg,328,39,441,153,-1,-1
00000159.jpg,325,40,438,154,-1,-1
00000160.jpg,322,40,435,154,-1,-1
00000161.jpg,319,40,432,154,-1,-1
00000162.jpg,317,39,430,153,-1,-1
00000163.jpg,314,39,427,153,-1,-1
00000164.jpg,311,39,424,153,-1,-1
00000165.jpg,308,39,421,153,-1,-1
00000166.jpg,306,39,419,153,-1,-1
00000167.jpg,303,39,416,153,-1,-1
00000168.jpg,299,36,412,150,-1,-1
00000169.jpg,297,36,410,150,-1,-1
00000170.jpg,295,36,408,150,-1,-1
00000171.jpg,294,37,407,151,-1,-1
00000172.jpg,292,45,405,159,-1,-1
00000173.jpg,291,45,404,159,-1,-1
00000174.jpg,290,45,403,159,-1,-1
00000175.jpg,290,37,403,151,-1,-1
00000176.jpg,292,34,403,153,-1,-1
00000177.jpg,292,34,403,153,-1,-1
00000178.jpg,292,34,403,153,-1,-1
00000179.jpg,292,34,403,153,-1,-1
00000180.jpg,293,34,404,153,-1,-1
00000181.jpg,293,34,404,153,-1,-1
00000182.jpg,295,34,406,153,-1,-1
00000183.jpg,297,35,408,154,-1,-1
00000184.jpg,297,35,408,154,-1,-1
