00003716.jpg,217,28,452,281,912,298
00003717.jpg,217,28,452,281,912,301
00003718.jpg,217,28,452,281,910,301
00003719.jpg,217,28,452,281,912,302
00003720.jpg,215,30,450,283,909,308
00003721.jpg,214,33,449,286,906,313
00003722.jpg,213,36,448,289,908,313
00003723.jpg,212,38,447,291,909,313
00003724.jpg,212,38,447,291,909,313
00003725.jpg,213,39,448,292,910,312
00003726.jpg,214,40,449,293,914,312
00003727.jpg,215,40,450,293,920,310
00003728.jpg,216,41,451,294,929,310
00003729.jpg,216,41,451,294,933,312
00003730.jpg,218,43,453,296,936,312
00003731.jpg,220,44,455,297,940,314
00003732.jpg,222,44,457,297,942,317
00003733.jpg,222,44,457,297,942,317
00003734.jpg,222,44,457,297,942,320
00003735.jpg,221,44,456,297,942,320
00003736.jpg,218,42,453,295,942,320
00003737.jpg,216,41,451,294,942,320
00003738.jpg,214,39,449,292,942,320
00003739.jpg,214,39,449,292,940,321
00003740.jpg,212,36,447,289,938,321
00003741.jpg,211,34,446,287,937,322
00003742.jpg,210,32,445,285,934,322
00003743.jpg,210,32,445,285,932,322
00003744.jpg,210,32,445,285,932,320
00003745.jpg,211,32,446,285,932,320
00003746.jpg,212,32,447,285,932,320
00003747.jpg,212,32,447,285,932,320
00003748.jpg,213,32,448,285,932,318
00003749.jpg,213,32,448,285,932,317
00003750.jpg,214,32,449,285,936,317
00003751.jpg,214,31,449,284,937,316
00003752.jpg,214,30,449,283,942,314
00003753.jpg,212,29,447,282,942,314
00003754.jpg,212,29,447,282,940,314
00003755.jpg,210,27,445,280,940,314
00003756.jpg,208,26,443,279,940,312
00003757.jpg,205,25,440,278,932,306
00003758.jpg,204,24,439,277,925,304
00003759.jpg,204,24,439,277,921,302
00003760.jpg,203,24,438,277,916,301
00003761.jpg,202,23,437,276,910,306
00003762.jpg,201,22,436,275,905,306
00003763.jpg,201,21,436,274,898,310
00003764.jpg,201,21,436,274,898,308
00003765.jpg,201,20,436,273,900,308
00003766.jpg,203,20,438,273,901,302
00003767.jpg,204,20,439,273,905,300
00003768.jpg,205,20,440,273,913,296
00003769.jpg,205,20,440,273,921,296
00003770.jpg,204,20,439,273,929,294
00003771.jpg,204,18,439,271,929,293
00003772.jpg,203,16,438,269,933,293
00003773.jpg,201,15,436,268,928,292
00003774.jpg,201,15,436,268,926,289
00003775.jpg,199,16,434,269,926,289
00003776.jpg,198,17,433,270,926,289
00003777.jpg,198,17,433,270,921,292
