00049936.jpg,379,111,803,577,-1,-1
00049937.jpg,379,111,803,577,-1,-1
00049938.jpg,379,111,803,577,-1,-1
00049939.jpg,379,111,803,577,-1,-1
00049940.jpg,378,110,802,576,-1,-1
00049941.jpg,377,110,801,576,-1,-1
00049942.jpg,376,110,800,576,-1,-1
00049943.jpg,375,110,799,576,-1,-1
00049944.jpg,374,109,798,575,-1,-1
00049945.jpg,374,109,798,575,-1,-1
00049946.jpg,372,109,796,575,-1,-1
00049947.jpg,371,109,795,575,-1,-1
00049948.jpg,371,108,795,574,-1,-1
00049949.jpg,371,108,795,574,-1,-1
00049950.jpg,371,108,795,574,-1,-1
00049951.jpg,371,109,795,575,-1,-1
00049952.jpg,371,109,795,575,-1,-1
00049953.jpg,371,109,795,575,-1,-1
00049954.jpg,371,109,795,575,-1,-1
00049955.jpg,371,109,795,575,-1,-1
00049956.jpg,371,109,795,575,-1,-1
00049957.jpg,371,109,795,575,-1,-1
00049958.jpg,371,109,795,575,-1,-1
00049959.jpg,371,109,795,575,-1,-1
00049960.jpg,371,109,795,575,-1,-1
00049961.jpg,371,109,795,575,-1,-1
