00006833.jpg,586,345,793,559,-1,-1
00006834.jpg,586,345,793,559,-1,-1
00006835.jpg,586,345,793,559,-1,-1
00006836.jpg,586,345,793,559,-1,-1
00006837.jpg,587,344,794,558,-1,-1
00006838.jpg,588,343,795,557,-1,-1
00006839.jpg,589,342,796,556,-1,-1
00006840.jpg,589,342,796,556,-1,-1
00006841.jpg,592,342,799,556,-1,-1
00006842.jpg,594,343,801,557,-1,-1
00006843.jpg,596,345,803,559,-1,-1
00006844.jpg,596,345,803,559,-1,-1
00006845.jpg,596,345,803,559,-1,-1
00006846.jpg,600,346,807,560,-1,-1
00006847.jpg,600,346,807,560,-1,-1
00006848.jpg,606,347,813,561,-1,-1
00006849.jpg,606,347,813,561,-1,-1
00006850.jpg,609,348,816,562,-1,-1
00006851.jpg,613,348,820,562,-1,-1
00006852.jpg,616,348,823,562,-1,-1
00006853.jpg,620,348,827,562,-1,-1
00006854.jpg,620,348,827,562,-1,-1
00006855.jpg,623,349,830,563,-1,-1
00006856.jpg,625,349,832,563,-1,-1
00006857.jpg,626,349,833,563,213,765
00006858.jpg,626,349,833,563,215,765
00006859.jpg,626,349,833,563,212,763
00006860.jpg,626,347,833,561,211,763
00006861.jpg,628,345,835,559,213,763
00006862.jpg,631,343,838,557,220,759
00006863.jpg,633,341,840,555,230,759
00006864.jpg,633,341,840,555,227,763
