00020970.jpg,410,245,616,460,531,424
00020971.jpg,410,245,616,460,531,425
00020972.jpg,410,245,616,460,543,425
00020973.jpg,410,245,616,460,547,426
00020974.jpg,411,245,617,460,558,426
00020975.jpg,412,246,618,461,568,430
00020976.jpg,412,246,618,461,583,444
00020977.jpg,415,248,621,463,593,453
00020978.jpg,417,249,623,464,623,474
00020979.jpg,423,243,625,458,666,493
00020980.jpg,423,243,625,458,681,526
00020981.jpg,424,244,626,459,681,536
00020982.jpg,427,247,629,462,668,534
00020983.jpg,427,247,629,462,660,534
00020984.jpg,428,248,630,463,660,536
00020985.jpg,428,248,630,463,655,540
00020986.jpg,428,248,630,463,658,539
00020987.jpg,426,247,628,462,656,539
00020988.jpg,426,248,628,463,648,541
00020989.jpg,424,247,626,462,637,540
00020990.jpg,422,246,624,461,640,533
00020991.jpg,422,246,624,461,637,531
00020992.jpg,421,245,623,460,638,530
00020993.jpg,421,245,623,460,816,745
00020994.jpg,420,242,622,457,-1,-1
00020995.jpg,419,241,621,456,-1,-1
00020996.jpg,418,240,620,455,-1,-1
00020997.jpg,417,239,619,454,-1,-1
00020998.jpg,416,238,618,453,-1,-1
00020999.jpg,414,236,616,451,-1,-1
00021000.jpg,413,235,615,450,-1,-1
00021001.jpg,413,235,615,450,-1,-1
00021002.jpg,412,235,614,450,-1,-1
00021003.jpg,411,234,613,449,-1,-1
00021004.jpg,410,233,612,448,-1,-1
00021005.jpg,409,232,611,447,-1,-1
00021006.jpg,408,231,610,446,-1,-1
00021007.jpg,406,230,608,445,-1,-1
00021008.jpg,405,229,607,444,-1,-1
00021009.jpg,397,225,599,440,-1,-1
00021010.jpg,392,220,602,418,-1,-1
00021011.jpg,392,220,602,418,-1,-1
00021012.jpg,386,217,596,415,-1,-1
00021013.jpg,383,215,593,413,-1,-1
00021014.jpg,378,213,588,411,-1,-1
00021015.jpg,375,211,585,409,-1,-1
00021016.jpg,373,210,583,408,-1,-1
00021017.jpg,370,210,580,408,-1,-1
00021018.jpg,370,210,580,408,-1,-1
00021019.jpg,370,210,580,408,-1,-1
00021020.jpg,372,210,582,408,-1,-1
00021021.jpg,373,211,583,409,-1,-1
00021022.jpg,379,213,589,411,-1,-1
00021023.jpg,368,210,587,429,1188,351
00021024.jpg,368,210,587,429,1076,516
00021025.jpg,378,216,597,435,776,649
00021026.jpg,379,218,598,437,735,658
00021027.jpg,389,223,602,471,702,656
00021028.jpg,389,223,602,471,650,658
00021029.jpg,385,223,598,471,646,590
00021030.jpg,381,222,594,470,642,578
00021031.jpg,379,222,592,470,640,569
00021032.jpg,376,221,589,469,633,569
00021033.jpg,373,220,586,468,628,555
00021034.jpg,370,220,583,468,622,569
00021035.jpg,369,220,582,468,616,569
00021036.jpg,370,220,583,468,618,561
00021037.jpg,372,220,585,468,666,644
00021038.jpg,373,220,586,468,901,591
00021039.jpg,379,220,592,468,1070,474
00021040.jpg,383,228,594,457,1127,289
00021041.jpg,383,228,594,457,1123,290
00021042.jpg,386,228,597,457,1120,293
00021043.jpg,387,228,598,457,1117,293
00021044.jpg,390,229,601,458,1117,294
00021045.jpg,393,230,604,459,1111,295
00021046.jpg,394,230,605,459,1106,291
00021047.jpg,395,231,606,460,1101,289
00021048.jpg,395,230,606,459,1096,284
00021049.jpg,395,230,606,459,1097,285
00021050.jpg,394,229,605,458,1085,285
00021051.jpg,393,229,604,458,1081,288
00021052.jpg,392,229,603,458,1076,291
00021053.jpg,391,229,602,458,1072,295
00021054.jpg,389,230,600,459,1072,296
00021055.jpg,386,230,597,459,746,486
00021056.jpg,383,230,594,459,715,486
00021057.jpg,379,232,590,461,657,488
00021058.jpg,376,233,587,462,625,484
00021059.jpg,373,236,584,465,583,495
00021060.jpg,369,237,580,466,630,509
00021061.jpg,368,238,579,467,627,508
00021062.jpg,367,238,578,467,625,509
00021063.jpg,367,239,578,468,630,508
00021064.jpg,367,238,578,467,910,574
00021065.jpg,369,238,580,467,978,298
00021066.jpg,370,238,581,467,977,301
00021067.jpg,371,238,582,467,971,305
00021068.jpg,371,239,582,468,967,308
00021069.jpg,371,239,582,468,948,315
