00020970.jpg,1216,254,1453,508,531,358
00020971.jpg,1216,254,1453,508,531,358
00020972.jpg,1216,254,1453,508,531,354
00020973.jpg,1216,254,1453,508,531,354
00020974.jpg,1216,255,1453,509,531,355
00020975.jpg,1216,255,1453,509,538,354
00020976.jpg,1216,255,1453,509,541,353
00020977.jpg,1216,256,1453,510,548,353
00020978.jpg,1216,256,1453,510,555,355
00020979.jpg,1216,256,1453,510,556,360
00020980.jpg,1216,256,1453,510,562,369
00020981.jpg,1216,256,1453,510,566,371
00020982.jpg,1217,256,1454,510,570,373
00020983.jpg,1217,255,1454,509,571,379
00020984.jpg,1217,255,1454,509,571,380
00020985.jpg,1218,255,1455,509,568,380
00020986.jpg,1218,255,1455,509,568,380
00020987.jpg,1218,255,1455,509,565,378
00020988.jpg,1219,255,1456,509,566,376
00020989.jpg,1219,255,1456,509,566,376
00020990.jpg,1220,255,1457,509,562,376
00020991.jpg,1221,255,1458,509,560,375
00020992.jpg,1222,255,1459,509,562,371
00020993.jpg,1223,255,1460,509,843,758
00020994.jpg,1224,254,1461,508,846,758
00020995.jpg,1225,253,1462,507,843,758
00020996.jpg,1225,253,1462,507,843,758
00020997.jpg,1225,251,1462,505,843,756
00020998.jpg,1225,250,1462,504,843,756
00020999.jpg,1225,247,1462,501,843,756
00021000.jpg,1223,243,1460,497,845,756
00021001.jpg,1221,240,1458,494,845,758
00021002.jpg,1217,236,1454,490,845,758
00021003.jpg,1215,234,1452,488,845,758
00021004.jpg,1209,231,1446,485,843,758
00021005.jpg,1201,227,1438,481,843,758
00021006.jpg,1197,226,1434,480,843,758
00021007.jpg,1188,224,1425,478,842,758
00021008.jpg,1184,223,1421,477,842,758
00021009.jpg,1176,223,1413,477,841,758
00021010.jpg,1169,222,1406,476,841,759
00021011.jpg,1166,221,1403,475,841,759
00021012.jpg,1161,221,1398,475,841,759
00021013.jpg,1159,221,1396,475,838,759
00021014.jpg,1156,221,1393,475,838,759
00021015.jpg,1146,219,1383,473,838,759
00021016.jpg,1143,219,1380,473,838,759
00021017.jpg,1139,217,1375,471,587,561
00021018.jpg,1139,217,1375,471,582,561
00021019.jpg,1140,216,1376,470,585,561
00021020.jpg,1140,215,1376,469,583,563
00021021.jpg,1141,214,1377,468,583,559
00021022.jpg,1143,213,1379,467,588,563
00021023.jpg,1144,213,1380,467,592,564
00021024.jpg,1144,212,1380,466,598,573
00021025.jpg,1144,211,1380,465,602,595
00021026.jpg,1143,211,1379,465,612,614
00021027.jpg,1142,211,1378,465,620,618
00021028.jpg,1139,211,1375,465,621,621
00021029.jpg,1128,199,1373,460,618,625
00021030.jpg,1128,199,1373,460,612,615
00021031.jpg,1126,198,1371,459,611,620
00021032.jpg,1119,197,1364,458,606,621
00021033.jpg,1116,197,1361,458,600,628
00021034.jpg,1110,195,1355,456,592,628
00021035.jpg,1104,194,1349,455,582,633
00021036.jpg,1102,194,1347,455,575,631
00021037.jpg,1096,194,1341,455,575,626
00021038.jpg,1093,194,1338,455,578,608
00021039.jpg,1088,192,1333,453,572,589
00021040.jpg,1084,190,1329,451,566,569
00021041.jpg,1082,189,1327,450,566,569
00021042.jpg,1078,186,1323,447,565,560
00021043.jpg,1073,179,1318,440,565,566
00021044.jpg,1069,179,1314,440,567,560
00021045.jpg,1065,178,1310,439,442,663
00021046.jpg,1063,179,1308,440,443,661
00021047.jpg,1059,179,1304,440,440,663
00021048.jpg,1056,178,1301,439,442,664
00021049.jpg,1050,168,1295,429,441,661
00021050.jpg,1044,168,1289,429,442,661
00021051.jpg,1040,169,1285,430,441,661
00021052.jpg,1033,170,1278,431,441,663
00021053.jpg,1029,171,1274,432,443,663
00021054.jpg,1020,172,1265,433,443,663
00021055.jpg,1014,172,1259,433,442,661
00021056.jpg,1010,172,1255,433,443,661
00021057.jpg,1003,170,1248,431,445,661
00021058.jpg,1000,169,1245,430,442,663
00021059.jpg,991,167,1236,428,443,661
00021060.jpg,981,164,1226,425,446,661
00021061.jpg,975,162,1220,423,442,661
00021062.jpg,963,161,1208,422,443,661
00021063.jpg,958,163,1203,424,443,661
00021064.jpg,944,168,1189,429,441,661
00021065.jpg,933,174,1178,435,442,661
00021066.jpg,929,176,1174,437,445,661
00021067.jpg,920,181,1165,442,443,661
00021068.jpg,916,185,1161,446,442,661
00021069.jpg,916,185,1161,446,442,664
