00004539.jpg,287,93,679,511,890,895
00004540.jpg,287,93,679,511,887,896
00004541.jpg,287,93,679,511,890,895
00004542.jpg,287,93,679,511,892,889
00004543.jpg,285,94,677,512,894,896
00004544.jpg,282,94,674,512,895,895
00004545.jpg,281,93,673,511,890,897
00004546.jpg,280,93,672,511,888,899
00004547.jpg,279,93,671,511,892,899
00004548.jpg,278,93,670,511,891,895
00004549.jpg,276,93,668,511,894,893
00004550.jpg,274,93,666,511,890,893
00004551.jpg,274,93,666,511,891,892
00004552.jpg,272,93,664,511,886,892
00004553.jpg,271,94,663,512,886,895
00004554.jpg,270,94,662,512,886,895
00004555.jpg,269,94,661,512,886,895
00004556.jpg,269,94,661,512,886,895
00004557.jpg,268,94,660,512,886,895
00004558.jpg,268,94,660,512,886,895
00004559.jpg,267,94,659,512,886,895
00004560.jpg,267,95,659,513,886,895
00004561.jpg,267,95,659,513,886,895
00004562.jpg,266,95,658,513,886,895
00004563.jpg,266,96,658,514,886,895
00004564.jpg,265,97,657,515,886,895
00004565.jpg,265,97,657,515,886,895
00004566.jpg,265,97,657,515,886,895
00004567.jpg,264,97,656,515,1179,649
00004568.jpg,264,96,656,514,1167,665
00004569.jpg,263,95,655,513,1150,673
00004570.jpg,259,90,651,508,1084,648
00004571.jpg,259,90,651,508,1076,653
00004572.jpg,254,87,646,505,1016,655
00004573.jpg,248,85,640,503,939,668
00004574.jpg,243,82,635,500,860,683
00004575.jpg,238,79,630,497,1583,204
00004576.jpg,238,79,630,497,1584,204
00004577.jpg,230,77,622,495,1579,208
00004578.jpg,225,77,617,495,1574,212
00004579.jpg,221,76,613,494,1570,212
00004580.jpg,215,74,607,492,1568,213
00004581.jpg,214,73,606,491,1568,211
00004582.jpg,210,72,602,490,1567,211
00004583.jpg,207,72,599,490,1566,207
00004584.jpg,203,72,595,490,1554,205
00004585.jpg,199,72,591,490,1551,207
00004586.jpg,199,72,591,490,1551,207
