00026490.jpg,337,98,508,276,666,182
00026491.jpg,337,98,509,276,666,182
00026492.jpg,337,98,510,277,663,182
00026493.jpg,337,97,511,278,663,180
00026494.jpg,336,97,510,278,663,180
00026495.jpg,336,97,511,278,665,181
00026496.jpg,335,97,511,279,669,183
00026497.jpg,335,97,510,279,662,179
00026498.jpg,334,97,510,279,662,179
00026499.jpg,334,96,510,279,662,179
00026500.jpg,333,96,510,280,662,179
00026501.jpg,332,96,510,280,662,179
00026502.jpg,332,96,510,280,662,179
00026503.jpg,331,96,509,280,660,181
00026504.jpg,331,96,508,280,660,181
00026505.jpg,330,95,508,280,660,181
00026506.jpg,331,96,505,279,660,181
00026507.jpg,331,98,503,278,660,181
00026508.jpg,330,98,501,279,660,181
00026509.jpg,331,99,501,279,660,181
00026510.jpg,330,98,500,279,660,181
00026511.jpg,330,98,500,279,660,181
00026512.jpg,328,97,500,279,655,184
00026513.jpg,327,98,498,279,655,184
00026514.jpg,327,98,498,279,652,184
00026515.jpg,327,98,497,279,650,185
00026516.jpg,326,99,496,278,646,183
00026517.jpg,324,98,497,277,648,185
00026518.jpg,323,100,495,276,650,189
00026519.jpg,323,100,494,277,651,188
00026520.jpg,322,101,492,275,653,191
00026521.jpg,320,101,490,274,661,197
00026522.jpg,318,99,491,275,669,200
00026523.jpg,316,99,491,276,681,203
00026524.jpg,316,99,491,276,681,205
00026525.jpg,315,99,490,276,691,207
00026526.jpg,315,98,488,276,700,212
00026527.jpg,312,98,488,278,715,212
00026528.jpg,312,98,489,279,729,222
00026529.jpg,311,98,489,279,726,219
00026530.jpg,311,97,488,279,737,224
00026531.jpg,310,97,488,280,751,226
00026532.jpg,311,96,488,281,763,230
00026533.jpg,311,95,486,280,779,233
00026534.jpg,311,95,486,280,777,234
00026535.jpg,311,97,482,281,788,235
00026536.jpg,313,97,481,280,800,238
00026537.jpg,314,98,479,277,-1,-1
00026538.jpg,312,98,482,277,-1,-1
00026539.jpg,312,97,481,277,-1,-1
00026540.jpg,312,96,482,281,-1,-1
00026541.jpg,313,98,479,281,-1,-1
00026542.jpg,312,96,479,280,-1,-1
00026543.jpg,312,95,481,280,-1,-1
00026544.jpg,311,95,481,281,-1,-1
00026545.jpg,311,95,481,279,797,558
00026546.jpg,311,96,479,277,797,558
00026547.jpg,311,97,479,277,797,558
00026548.jpg,310,96,480,275,797,558
00026549.jpg,310,96,480,275,797,558
00026550.jpg,311,97,479,275,797,558
00026551.jpg,312,98,480,277,797,558
00026552.jpg,312,98,482,279,797,558
00026553.jpg,313,100,482,279,797,558
00026554.jpg,313,100,482,279,797,558
00026555.jpg,313,101,484,281,797,558
00026556.jpg,311,102,484,282,797,558
00026557.jpg,313,103,482,281,797,558
00026558.jpg,312,104,483,280,797,558
00026559.jpg,312,103,484,280,797,558
00026560.jpg,311,102,488,282,797,558
00026561.jpg,310,100,489,283,797,558
00026562.jpg,310,99,491,283,797,558
00026563.jpg,309,98,492,286,797,558
00026564.jpg,309,98,493,286,793,559
00026565.jpg,309,97,492,288,791,552
00026566.jpg,311,98,492,288,789,545
00026567.jpg,313,97,494,287,784,528
00026568.jpg,313,98,493,287,769,506
00026569.jpg,314,98,493,287,767,507
00026570.jpg,311,96,494,288,752,488
00026571.jpg,310,96,494,287,732,460
00026572.jpg,308,97,493,289,712,443
00026573.jpg,308,99,492,287,690,425
00026574.jpg,308,99,491,287,693,423
00026575.jpg,308,101,488,282,673,410
00026576.jpg,309,104,483,279,651,392
00026577.jpg,307,103,484,281,635,383
00026578.jpg,307,103,483,279,615,374
00026579.jpg,308,103,483,279,617,377
00026580.jpg,308,103,483,279,605,373
