00026490.jpg,614,97,791,271,-1,-1
00026491.jpg,614,97,791,271,486,183
00026492.jpg,614,97,791,271,486,183
00026493.jpg,614,97,791,271,486,183
00026494.jpg,614,97,791,271,486,183
00026495.jpg,615,97,792,271,486,183
00026496.jpg,617,97,794,271,486,183
00026497.jpg,617,97,794,271,486,183
00026498.jpg,616,97,793,271,486,183
00026499.jpg,616,96,793,270,486,183
00026500.jpg,615,96,792,270,486,183
00026501.jpg,615,96,792,270,486,183
00026502.jpg,614,97,791,271,486,183
00026503.jpg,614,97,791,271,486,183
00026504.jpg,614,97,791,271,486,183
00026505.jpg,614,97,791,271,486,183
00026506.jpg,614,97,791,271,486,183
00026507.jpg,614,97,791,271,486,183
00026508.jpg,614,97,791,271,486,183
00026509.jpg,614,97,791,271,486,183
00026510.jpg,614,97,791,271,486,183
00026511.jpg,613,98,790,272,486,183
00026512.jpg,612,98,789,272,486,183
00026513.jpg,611,98,788,272,486,183
00026514.jpg,611,98,788,272,486,183
00026515.jpg,609,98,786,272,486,183
00026516.jpg,605,98,782,272,480,185
00026517.jpg,606,104,764,284,481,183
00026518.jpg,606,104,764,284,478,185
00026519.jpg,606,104,764,284,478,185
00026520.jpg,606,104,764,284,-1,-1
00026521.jpg,605,105,763,285,-1,-1
00026522.jpg,605,105,763,285,803,531
00026523.jpg,606,105,764,285,803,531
00026524.jpg,606,105,764,285,803,531
00026525.jpg,614,110,755,284,803,531
00026526.jpg,614,110,755,284,803,531
00026527.jpg,620,111,761,285,-1,-1
00026528.jpg,633,118,775,284,-1,-1
00026529.jpg,633,118,775,284,-1,-1
00026530.jpg,641,121,783,287,-1,-1
00026531.jpg,651,124,793,290,-1,-1
00026532.jpg,661,128,803,294,-1,-1
00026533.jpg,672,131,814,297,-1,-1
00026534.jpg,672,131,814,297,-1,-1
00026535.jpg,685,135,827,301,-1,-1
00026536.jpg,697,139,839,305,-1,-1
00026537.jpg,714,143,856,309,-1,-1
00026538.jpg,714,132,870,314,-1,-1
00026539.jpg,714,132,870,314,-1,-1
00026540.jpg,728,135,884,317,-1,-1
00026541.jpg,742,136,898,318,-1,-1
00026542.jpg,755,132,911,314,799,538
00026543.jpg,765,131,910,322,799,538
00026544.jpg,765,131,910,322,799,538
00026545.jpg,768,131,913,322,799,538
00026546.jpg,771,135,916,326,799,538
00026547.jpg,767,138,926,324,799,538
00026548.jpg,767,138,926,324,799,538
00026549.jpg,767,138,926,324,799,538
00026550.jpg,762,140,921,326,799,538
00026551.jpg,752,142,911,328,799,538
00026552.jpg,739,144,898,330,799,538
00026553.jpg,727,146,886,332,799,538
00026554.jpg,727,146,886,332,799,538
00026555.jpg,716,148,875,334,799,538
00026556.jpg,706,150,865,336,799,538
00026557.jpg,698,152,857,338,799,538
00026558.jpg,692,154,851,340,799,538
00026559.jpg,692,154,851,340,799,538
00026560.jpg,690,155,849,341,797,539
00026561.jpg,689,156,848,342,797,539
00026562.jpg,689,156,848,342,797,539
00026563.jpg,691,154,850,340,797,539
00026564.jpg,691,154,850,340,790,543
00026565.jpg,696,151,855,337,788,543
00026566.jpg,699,146,858,332,784,539
00026567.jpg,703,141,862,327,784,523
00026568.jpg,707,134,866,320,763,497
00026569.jpg,707,134,866,320,760,495
00026570.jpg,713,129,872,315,749,473
00026571.jpg,712,119,871,305,734,453
00026572.jpg,715,113,871,309,712,434
00026573.jpg,715,113,871,309,695,417
00026574.jpg,715,113,871,309,693,418
00026575.jpg,711,110,867,306,673,405
00026576.jpg,705,106,861,302,652,390
00026577.jpg,700,104,856,300,634,378
00026578.jpg,696,103,852,299,618,370
00026579.jpg,696,103,852,299,618,368
00026580.jpg,696,103,852,299,611,364
