00032799.jpg,539,188,706,378,474,586
00032800.jpg,539,188,706,378,474,586
00032801.jpg,539,188,706,378,475,586
00032802.jpg,539,188,706,378,474,586
00032803.jpg,539,188,706,378,472,586
00032804.jpg,539,188,706,378,474,586
00032805.jpg,540,188,707,378,473,586
00032806.jpg,540,188,707,378,475,586
00032807.jpg,540,188,707,378,475,586
00032808.jpg,540,188,707,378,475,586
00032809.jpg,540,188,707,378,475,586
00032810.jpg,540,188,707,378,475,586
00032811.jpg,540,187,707,377,476,586
00032812.jpg,540,187,707,377,608,592
00032813.jpg,540,187,707,377,609,591
00032814.jpg,540,187,707,377,608,591
00032815.jpg,539,187,706,377,608,591
00032816.jpg,539,187,706,377,609,591
00032817.jpg,539,187,706,377,608,591
00032818.jpg,539,187,706,377,608,592
00032819.jpg,539,187,706,377,608,591
00032820.jpg,539,187,706,377,608,591
00032821.jpg,538,187,705,377,609,591
00032822.jpg,538,187,705,377,609,591
00032823.jpg,538,187,705,377,608,591
00032824.jpg,538,187,705,377,608,591
00032825.jpg,538,187,705,377,608,591
00032826.jpg,537,187,704,377,866,604
00032827.jpg,537,187,704,377,865,605
00032828.jpg,537,187,704,377,866,605
00032829.jpg,537,187,704,377,866,604
00032830.jpg,536,187,703,377,866,604
00032831.jpg,536,187,703,377,866,605
00032832.jpg,536,187,703,377,866,604
00032833.jpg,535,187,702,377,866,604
00032834.jpg,535,187,702,377,866,605
00032835.jpg,534,187,701,377,866,606
00032836.jpg,534,187,701,377,867,606
00032837.jpg,533,186,700,376,866,606
00032838.jpg,533,186,700,376,867,606
00032839.jpg,533,186,700,376,867,606
00032840.jpg,532,186,699,376,867,606
00032841.jpg,532,186,699,376,867,606
00032842.jpg,531,186,698,376,867,606
00032843.jpg,531,187,698,377,867,606
00032844.jpg,530,187,697,377,867,606
00032845.jpg,529,187,696,377,867,606
00032846.jpg,529,187,696,377,867,606
00032847.jpg,529,188,696,378,867,606
00032848.jpg,528,188,695,378,867,606
00032849.jpg,528,188,695,378,867,606
00032850.jpg,528,187,695,377,867,606
00032851.jpg,528,187,695,377,867,606
00032852.jpg,528,187,695,377,867,606
00032853.jpg,528,187,695,377,867,606
00032854.jpg,529,187,696,377,-1,-1
00032855.jpg,530,187,697,377,-1,-1
00032856.jpg,530,187,697,377,-1,-1
00032857.jpg,531,187,698,377,-1,-1
00032858.jpg,532,186,699,376,-1,-1
00032859.jpg,532,186,699,376,-1,-1
00032860.jpg,533,186,700,376,-1,-1
00032861.jpg,533,186,700,376,-1,-1
00032862.jpg,533,186,700,376,-1,-1
00032863.jpg,534,186,701,376,-1,-1
00032864.jpg,534,186,701,376,-1,-1
00032865.jpg,534,187,701,377,-1,-1
00032866.jpg,535,187,702,377,-1,-1
00032867.jpg,536,187,703,377,-1,-1
00032868.jpg,536,187,703,377,-1,-1
00032869.jpg,536,187,703,377,-1,-1
00032870.jpg,536,187,703,377,1056,442
00032871.jpg,536,187,703,377,1056,442
00032872.jpg,536,188,703,378,1056,442
00032873.jpg,536,188,703,378,1056,442
00032874.jpg,536,188,703,378,1056,442
00032875.jpg,536,188,703,378,1056,442
00032876.jpg,537,188,704,378,1056,442
00032877.jpg,537,188,704,378,1056,442
00032878.jpg,537,188,704,378,1056,442
00032879.jpg,537,189,704,379,1056,442
00032880.jpg,537,189,704,379,1056,442
00032881.jpg,537,189,704,379,1056,442
00032882.jpg,537,189,704,379,1056,442
00032883.jpg,537,189,704,379,1056,442
00032884.jpg,537,190,704,380,1056,442
00032885.jpg,537,190,704,380,1056,442
00032886.jpg,537,190,704,380,1056,442
00032887.jpg,537,190,704,380,1056,442
00032888.jpg,537,190,704,380,1056,442
00032889.jpg,537,190,704,380,1056,442
00032890.jpg,537,190,704,380,1041,363
00032891.jpg,537,190,704,380,1009,279
00032892.jpg,537,190,704,380,1009,279
00032893.jpg,537,190,704,380,1009,278
00032894.jpg,537,190,704,380,1008,279
00032895.jpg,537,190,704,380,1008,279
00032896.jpg,537,190,704,380,1011,279
00032897.jpg,537,190,704,380,1009,279
00032898.jpg,537,190,704,380,1008,279
00032899.jpg,537,189,704,379,1010,279
00032900.jpg,537,189,704,379,1010,279
00032901.jpg,537,189,704,379,1010,279
00032902.jpg,537,189,704,379,1006,280
00032903.jpg,537,189,704,379,1007,280
00032904.jpg,537,189,704,379,1006,279
00032905.jpg,537,189,704,379,1006,279
00032906.jpg,537,189,704,379,1006,279
00032907.jpg,537,189,704,379,1006,279
00032908.jpg,537,189,704,379,1006,279
00032909.jpg,537,189,704,379,1006,279
00032910.jpg,537,189,704,379,1005,279
00032911.jpg,537,189,704,379,1006,279
00032912.jpg,537,189,704,379,1006,279
00032913.jpg,537,190,704,380,1006,279
00032914.jpg,537,191,704,381,1006,279
00032915.jpg,537,192,704,382,1004,279
00032916.jpg,537,192,704,382,1007,279
00032917.jpg,537,192,704,382,1006,279
00032918.jpg,537,191,704,381,1006,279
00032919.jpg,537,191,704,381,1006,279
00032920.jpg,537,190,704,380,1004,279
00032921.jpg,537,190,704,380,1006,279
00032922.jpg,537,190,704,380,1006,279
00032923.jpg,537,190,704,380,1006,279
00032924.jpg,537,190,704,380,1006,279
00032925.jpg,537,190,704,380,1006,279
00032926.jpg,537,189,704,379,1006,279
00032927.jpg,537,189,704,379,1006,279
00032928.jpg,537,189,704,379,1006,279
00032929.jpg,537,189,704,379,1006,279
00032930.jpg,537,189,704,379,1006,279
00032931.jpg,537,189,704,379,1006,279
00032932.jpg,537,189,704,379,1006,279
00032933.jpg,537,189,704,379,1006,279
00032934.jpg,537,188,704,378,1006,279
00032935.jpg,537,188,704,378,1006,279
00032936.jpg,537,188,704,378,1007,279
00032937.jpg,537,188,704,378,1007,279
00032938.jpg,537,188,704,378,1007,279
00032939.jpg,537,188,704,378,1007,279
00032940.jpg,537,188,704,378,1007,279
00032941.jpg,537,187,704,377,1007,279
00032942.jpg,537,187,704,377,1007,279
00032943.jpg,537,187,704,377,1007,279
00032944.jpg,537,187,704,377,1007,279
00032945.jpg,537,187,704,377,1007,279
00032946.jpg,537,187,704,377,1007,279
00032947.jpg,537,187,704,377,1007,279
00032948.jpg,537,187,704,377,1007,279
00032949.jpg,537,187,704,377,1007,279
00032950.jpg,537,187,704,377,1007,279
00032951.jpg,538,187,705,377,1007,279
00032952.jpg,538,186,705,376,1007,279
00032953.jpg,538,186,705,376,1007,279
00032954.jpg,538,186,705,376,1007,279
00032955.jpg,538,186,705,376,1007,279
00032956.jpg,538,186,705,376,1007,279
00032957.jpg,538,187,705,377,1007,279
00032958.jpg,538,187,705,377,1007,277
00032959.jpg,537,187,704,377,1007,277
00032960.jpg,537,187,704,377,1007,277
00032961.jpg,537,187,704,377,1007,276
00032962.jpg,537,187,704,377,1007,275
00032963.jpg,537,187,704,377,1007,275
00032964.jpg,537,187,704,377,1007,275
00032965.jpg,537,187,704,377,1007,275
00032966.jpg,537,187,704,377,1007,275
00032967.jpg,537,187,704,377,1007,274
00032968.jpg,537,187,704,377,1007,274
00032969.jpg,537,187,704,377,1007,274
00032970.jpg,537,187,704,377,1007,274
00032971.jpg,537,187,704,377,1007,274
00032972.jpg,537,187,704,377,1007,274
00032973.jpg,537,186,704,376,1007,274
00032974.jpg,537,186,704,376,1008,273
00032975.jpg,537,187,704,377,1008,273
00032976.jpg,537,187,704,377,1008,273
00032977.jpg,537,188,704,378,1008,273
00032978.jpg,537,188,704,378,1008,273
00032979.jpg,537,189,704,379,1008,273
00032980.jpg,537,190,704,380,1008,273
00032981.jpg,537,191,704,381,1008,273
00032982.jpg,537,192,704,382,1008,273
00032983.jpg,537,192,704,382,1008,273
00032984.jpg,537,192,704,382,1008,273
00032985.jpg,537,191,704,381,1008,273
00032986.jpg,537,190,704,380,1008,273
00032987.jpg,537,190,704,380,1008,273
00032988.jpg,537,189,704,379,1008,273
00032989.jpg,537,189,704,379,1008,273
00032990.jpg,537,190,704,380,1008,273
00032991.jpg,537,190,704,380,1008,273
00032992.jpg,537,190,704,380,1008,273
00032993.jpg,538,190,705,380,1008,273
00032994.jpg,538,190,705,380,1008,273
00032995.jpg,538,189,705,379,1008,273
00032996.jpg,538,188,705,378,1008,273
00032997.jpg,538,188,705,378,1008,273
00032998.jpg,537,188,704,378,1008,273
00032999.jpg,537,189,704,379,1008,273
00033000.jpg,537,189,704,379,1008,273
00033001.jpg,537,189,704,379,1008,273
00033002.jpg,537,188,704,378,1008,273
00033003.jpg,537,188,704,378,1008,273
00033004.jpg,537,188,704,378,1008,273
00033005.jpg,537,188,704,378,1008,273
00033006.jpg,537,188,704,378,1008,273
00033007.jpg,537,188,704,378,1008,273
00033008.jpg,537,188,704,378,1008,273
00033009.jpg,537,187,704,377,1008,273
00033010.jpg,537,187,704,377,1008,273
00033011.jpg,537,187,704,377,1008,273
00033012.jpg,537,187,704,377,1008,273
00033013.jpg,537,188,704,378,1008,273
00033014.jpg,537,188,704,378,1008,273
00033015.jpg,537,187,704,377,1008,273
00033016.jpg,537,187,704,377,1008,273
00033017.jpg,537,186,704,376,1008,273
00033018.jpg,537,186,704,376,1008,273
00033019.jpg,537,187,704,377,1008,273
00033020.jpg,537,187,704,377,1008,273
00033021.jpg,537,187,704,377,1008,273
00033022.jpg,537,186,704,376,1008,273
00033023.jpg,537,186,704,376,1008,273
00033024.jpg,537,186,704,376,1009,273
00033025.jpg,537,186,704,376,1009,273
00033026.jpg,537,187,704,377,1009,273
00033027.jpg,537,187,704,377,1009,273
00033028.jpg,538,187,705,377,1009,273
00033029.jpg,538,187,705,377,1009,273
00033030.jpg,538,187,705,377,1010,273
00033031.jpg,538,187,705,377,1012,273
00033032.jpg,538,187,705,377,1012,273
00033033.jpg,538,187,705,377,1012,273
00033034.jpg,538,188,705,378,1012,272
00033035.jpg,538,188,705,378,1011,272
00033036.jpg,538,188,705,378,1011,272
00033037.jpg,538,188,705,378,1011,272
00033038.jpg,538,188,705,378,1011,272
00033039.jpg,538,187,705,377,1011,272
00033040.jpg,538,187,705,377,1011,272
00033041.jpg,538,187,705,377,1011,272
00033042.jpg,538,188,705,378,1011,272
00033043.jpg,538,188,705,378,1011,272
00033044.jpg,538,188,705,378,1011,272
00033045.jpg,538,187,705,377,1011,272
00033046.jpg,538,187,705,377,1011,272
00033047.jpg,538,187,705,377,1011,272
00033048.jpg,538,188,705,378,1011,272
00033049.jpg,538,188,705,378,1011,272
00033050.jpg,538,188,705,378,1011,272
00033051.jpg,538,188,705,378,1011,272
00033052.jpg,538,187,705,377,1011,272
00033053.jpg,538,187,705,377,1011,272
00033054.jpg,538,187,705,377,1011,272
00033055.jpg,538,187,705,377,1011,272
00033056.jpg,538,187,705,377,1011,272
00033057.jpg,538,187,705,377,1011,272
00033058.jpg,538,187,705,377,1011,272
00033059.jpg,538,187,705,377,1011,272
00033060.jpg,538,187,705,377,1011,272
00033061.jpg,538,186,705,376,1011,272
00033062.jpg,538,186,705,376,1011,272
00033063.jpg,538,186,705,376,1011,272
00033064.jpg,538,186,705,376,1011,272
00033065.jpg,538,186,705,376,1011,272
00033066.jpg,538,186,705,376,1011,272
00033067.jpg,538,186,705,376,1011,272
00033068.jpg,538,186,705,376,1011,272
00033069.jpg,538,186,705,376,1011,272
00033070.jpg,538,186,705,376,1011,272
00033071.jpg,538,186,705,376,1011,272
00033072.jpg,538,186,705,376,1011,272
00033073.jpg,538,186,705,376,1011,272
00033074.jpg,538,186,705,376,1011,272
00033075.jpg,538,186,705,376,1011,272
00033076.jpg,538,185,705,375,1011,272
00033077.jpg,538,185,705,375,1011,272
00033078.jpg,538,185,705,375,1011,272
00033079.jpg,538,185,705,375,1011,272
00033080.jpg,538,185,705,375,1011,272
00033081.jpg,538,185,705,375,1011,272
00033082.jpg,538,185,705,375,1011,272
00033083.jpg,538,185,705,375,1011,272
00033084.jpg,538,185,705,375,1011,272
00033085.jpg,538,185,705,375,1011,272
00033086.jpg,538,185,705,375,1011,272
00033087.jpg,538,185,705,375,1011,272
00033088.jpg,538,185,705,375,1011,272
00033089.jpg,538,185,705,375,1011,272
00033090.jpg,537,185,704,375,1011,272
00033091.jpg,537,186,704,376,1011,272
00033092.jpg,537,186,704,376,1011,272
00033093.jpg,537,186,704,376,1011,272
00033094.jpg,537,186,704,376,1011,272
00033095.jpg,537,186,704,376,1011,272
00033096.jpg,537,186,704,376,1011,272
00033097.jpg,537,186,704,376,1011,272
00033098.jpg,537,186,704,376,1011,272
00033099.jpg,537,186,704,376,1011,272
00033100.jpg,537,186,704,376,1011,272
00033101.jpg,537,186,704,376,1011,272
00033102.jpg,537,186,704,376,1011,272
00033103.jpg,537,186,704,376,1011,272
00033104.jpg,537,186,704,376,1011,272
00033105.jpg,537,186,704,376,1011,272
00033106.jpg,537,186,704,376,1011,272
00033107.jpg,537,186,704,376,1011,272
00033108.jpg,537,186,704,376,1011,272
00033109.jpg,537,186,704,376,1011,272
00033110.jpg,537,186,704,376,1011,272
00033111.jpg,537,186,704,376,1011,272
00033112.jpg,537,186,704,376,1011,272
00033113.jpg,536,186,703,376,1011,272
00033114.jpg,536,186,703,376,1011,272
00033115.jpg,536,186,703,376,1011,272
00033116.jpg,536,186,703,376,1011,272
00033117.jpg,536,186,703,376,1011,272
00033118.jpg,536,186,703,376,1011,272
00033119.jpg,536,186,703,376,1011,272
00033120.jpg,536,187,703,377,1011,272
00033121.jpg,536,187,703,377,1011,272
00033122.jpg,536,187,703,377,1011,272
00033123.jpg,536,187,703,377,1011,272
00033124.jpg,536,186,703,376,1011,272
00033125.jpg,536,186,703,376,1011,272
00033126.jpg,536,186,703,376,1011,272
00033127.jpg,536,186,703,376,1011,272
00033128.jpg,536,186,703,376,1011,272
00033129.jpg,536,186,703,376,1011,272
00033130.jpg,536,186,703,376,1011,272
00033131.jpg,536,186,703,376,1011,272
00033132.jpg,536,186,703,376,1011,272
00033133.jpg,536,186,703,376,1011,272
00033134.jpg,536,186,703,376,1011,272
00033135.jpg,535,186,702,376,1011,272
00033136.jpg,535,186,702,376,1011,272
00033137.jpg,535,186,702,376,1011,272
00033138.jpg,535,186,702,376,1011,272
00033139.jpg,535,186,702,376,1011,272
00033140.jpg,535,186,702,376,1011,272
00033141.jpg,535,186,702,376,1011,272
00033142.jpg,535,186,702,376,1011,272
00033143.jpg,535,186,702,376,1011,272
00033144.jpg,535,186,702,376,1011,272
00033145.jpg,535,187,702,377,-1,-1
00033146.jpg,533,188,700,378,-1,-1
00033147.jpg,535,189,702,379,-1,-1
00033148.jpg,535,190,702,380,-1,-1
00033149.jpg,535,190,702,380,-1,-1
00033150.jpg,534,191,701,381,-1,-1
00033151.jpg,533,191,700,381,255,434
00033152.jpg,533,191,700,381,315,253
00033153.jpg,534,192,701,382,315,254
00033154.jpg,534,193,701,383,315,254
00033155.jpg,534,193,701,383,315,254
00033156.jpg,534,194,701,384,315,254
00033157.jpg,534,194,701,384,315,254
00033158.jpg,534,193,701,383,315,254
00033159.jpg,534,193,701,383,315,254
00033160.jpg,534,193,701,383,315,254
00033161.jpg,534,192,701,382,315,254
00033162.jpg,534,192,701,382,315,254
00033163.jpg,534,192,701,382,315,257
00033164.jpg,534,192,701,382,315,258
00033165.jpg,533,191,700,381,315,259
00033166.jpg,533,191,700,381,315,259
00033167.jpg,533,190,700,380,315,259
00033168.jpg,533,190,700,380,314,260
00033169.jpg,532,189,699,379,313,261
00033170.jpg,532,189,699,379,313,261
00033171.jpg,531,189,698,379,606,561
00033172.jpg,532,189,699,379,1013,277
00033173.jpg,535,189,702,379,1012,275
00033174.jpg,535,190,702,380,1012,277
00033175.jpg,531,192,698,382,1014,276
00033176.jpg,530,193,697,383,1014,276
00033177.jpg,530,193,697,383,1014,276
00033178.jpg,530,194,697,384,1011,277
00033179.jpg,530,193,697,383,1011,277
00033180.jpg,530,193,697,383,1011,276
00033181.jpg,529,193,696,383,1011,276
00033182.jpg,529,193,696,383,1011,276
00033183.jpg,531,192,698,382,1011,276
00033184.jpg,530,193,697,383,1011,276
00033185.jpg,529,194,696,384,1040,469
00033186.jpg,528,196,695,386,608,553
00033187.jpg,526,197,693,387,456,537
00033188.jpg,526,197,693,387,246,430
00033189.jpg,525,197,692,387,315,260
00033190.jpg,525,197,692,387,315,260
00033191.jpg,524,196,691,386,315,260
00033192.jpg,525,195,692,385,315,260
00033193.jpg,525,194,692,384,315,260
00033194.jpg,525,193,692,383,315,260
00033195.jpg,527,192,694,382,315,260
00033196.jpg,527,192,694,382,315,260
00033197.jpg,527,192,694,382,315,260
00033198.jpg,528,192,695,382,315,260
00033199.jpg,528,192,695,382,315,260
00033200.jpg,528,192,695,382,315,260
00033201.jpg,529,192,696,382,315,260
00033202.jpg,529,192,696,382,315,260
00033203.jpg,529,192,696,382,315,260
00033204.jpg,529,191,696,381,313,260
00033205.jpg,529,191,696,381,313,260
00033206.jpg,529,191,696,381,313,260
00033207.jpg,529,191,696,381,313,260
00033208.jpg,529,191,696,381,313,260
00033209.jpg,529,191,696,381,313,260
00033210.jpg,529,191,696,381,313,260
00033211.jpg,529,191,696,381,313,260
00033212.jpg,529,191,696,381,313,260
00033213.jpg,529,191,696,381,313,260
00033214.jpg,530,191,697,381,313,260
00033215.jpg,530,192,697,382,313,260
00033216.jpg,531,192,698,382,313,260
00033217.jpg,531,192,698,382,313,260
00033218.jpg,531,193,698,383,313,260
00033219.jpg,531,193,698,383,313,260
00033220.jpg,531,193,698,383,313,260
00033221.jpg,531,193,698,383,313,260
00033222.jpg,531,194,698,384,313,260
00033223.jpg,531,195,698,385,310,260
00033224.jpg,531,195,698,385,310,260
00033225.jpg,531,195,698,385,310,260
00033226.jpg,531,195,698,385,310,260
00033227.jpg,530,196,697,386,310,260
00033228.jpg,530,196,697,386,310,260
00033229.jpg,529,196,696,386,310,260
00033230.jpg,529,197,696,387,310,260
00033231.jpg,529,197,696,387,310,260
