00018791.jpg,591,84,835,317,-1,-1
00018792.jpg,591,84,835,317,-1,-1
00018793.jpg,591,84,835,317,-1,-1
00018794.jpg,591,84,835,317,-1,-1
00018795.jpg,593,84,837,317,-1,-1
00018796.jpg,597,84,841,317,-1,-1
00018797.jpg,602,85,846,318,-1,-1
00018798.jpg,602,85,846,318,-1,-1
00018799.jpg,607,86,851,319,-1,-1
00018800.jpg,613,88,857,321,-1,-1
00018801.jpg,620,88,864,321,-1,-1
00018802.jpg,627,87,871,320,-1,-1
00018803.jpg,627,87,871,320,-1,-1
00018804.jpg,635,87,879,320,-1,-1
00018805.jpg,644,87,888,320,-1,-1
00018806.jpg,653,86,897,319,-1,-1
00018807.jpg,662,87,906,320,-1,-1
00018808.jpg,662,87,906,320,-1,-1
00018809.jpg,672,87,916,320,-1,-1
00018810.jpg,682,87,926,320,-1,-1
00018811.jpg,692,88,936,321,-1,-1
00018812.jpg,701,88,945,321,-1,-1
00018813.jpg,701,88,945,321,-1,-1
00018814.jpg,709,87,953,320,-1,-1
00018815.jpg,717,87,961,320,-1,-1
00018816.jpg,725,87,969,320,-1,-1
00018817.jpg,732,87,976,320,-1,-1
00018818.jpg,732,86,976,319,-1,-1
00018819.jpg,739,86,983,319,-1,-1
00018820.jpg,745,85,989,318,-1,-1
00018821.jpg,751,84,995,317,-1,-1
00018822.jpg,756,84,1000,317,-1,-1
00018823.jpg,756,84,1000,317,-1,-1
00018824.jpg,761,84,1005,317,-1,-1
00018825.jpg,766,83,1010,316,-1,-1
00018826.jpg,770,82,1014,315,-1,-1
00018827.jpg,774,82,1018,315,-1,-1
00018828.jpg,774,82,1018,315,-1,-1
00018829.jpg,777,81,1021,314,-1,-1
00018830.jpg,780,80,1024,313,-1,-1
00018831.jpg,782,79,1026,312,-1,-1
00018832.jpg,784,79,1028,312,-1,-1
00018833.jpg,784,79,1028,312,-1,-1
00018834.jpg,785,77,1029,310,-1,-1
00018835.jpg,785,76,1029,309,-1,-1
00018836.jpg,784,74,1028,307,-1,-1
00018837.jpg,782,72,1026,305,-1,-1
00018838.jpg,782,72,1026,305,-1,-1
00018839.jpg,779,70,1023,303,-1,-1
00018840.jpg,777,69,1021,302,-1,-1
00018841.jpg,775,68,1019,301,-1,-1
00018842.jpg,773,68,1017,301,-1,-1
00018843.jpg,773,68,1017,301,-1,-1
00018844.jpg,771,67,1015,300,-1,-1
00018845.jpg,770,67,1014,300,-1,-1
00018846.jpg,769,67,1013,300,-1,-1
00018847.jpg,769,68,1013,301,-1,-1
00018848.jpg,769,68,1013,301,-1,-1
00018849.jpg,768,68,1012,301,-1,-1
00018850.jpg,768,69,1012,302,-1,-1
00018851.jpg,768,69,1012,302,-1,-1
00018852.jpg,768,69,1012,302,-1,-1
