00018791.jpg,435,34,604,203,729,378
00018792.jpg,435,34,604,203,729,382
00018793.jpg,435,34,604,203,728,381
00018794.jpg,411,29,584,190,709,368
00018795.jpg,411,29,584,190,680,338
00018796.jpg,402,26,575,187,670,321
00018797.jpg,385,23,561,201,666,314
00018798.jpg,385,23,561,201,664,313
00018799.jpg,378,23,554,201,614,698
00018800.jpg,356,22,532,200,614,694
00018801.jpg,349,26,525,204,-1,-1
00018802.jpg,343,27,519,205,-1,-1
00018803.jpg,343,27,519,205,-1,-1
00018804.jpg,340,28,532,204,-1,-1
00018805.jpg,342,27,518,205,-1,-1
00018806.jpg,363,41,522,205,-1,-1
00018807.jpg,363,41,522,205,-1,-1
00018808.jpg,363,41,522,205,-1,-1
00018809.jpg,368,45,527,209,-1,-1
00018810.jpg,374,49,533,213,-1,-1
00018811.jpg,381,53,540,217,-1,-1
00018812.jpg,388,56,547,220,-1,-1
00018813.jpg,388,56,547,220,-1,-1
00018814.jpg,396,58,555,222,-1,-1
00018815.jpg,405,61,564,225,-1,-1
00018816.jpg,412,60,571,224,-1,-1
00018817.jpg,420,59,579,223,-1,-1
00018818.jpg,420,59,579,223,-1,-1
00018819.jpg,427,58,586,222,-1,-1
00018820.jpg,432,57,591,221,-1,-1
00018821.jpg,439,56,598,220,-1,-1
00018822.jpg,446,56,605,220,-1,-1
00018823.jpg,446,56,605,220,-1,-1
00018824.jpg,447,56,614,247,-1,-1
00018825.jpg,447,56,614,247,-1,-1
00018826.jpg,453,58,620,249,-1,-1
00018827.jpg,459,61,626,252,-1,-1
00018828.jpg,459,61,626,252,-1,-1
00018829.jpg,464,65,631,256,-1,-1
00018830.jpg,467,70,634,261,-1,-1
00018831.jpg,477,82,663,275,-1,-1
00018832.jpg,477,82,663,275,-1,-1
00018833.jpg,477,82,663,275,-1,-1
00018834.jpg,475,87,661,280,-1,-1
00018835.jpg,472,91,658,284,-1,-1
00018836.jpg,467,93,653,286,-1,-1
00018837.jpg,462,92,648,285,-1,-1
00018838.jpg,462,92,648,285,-1,-1
00018839.jpg,455,91,641,284,-1,-1
00018840.jpg,448,90,634,283,-1,-1
00018841.jpg,442,88,628,281,-1,-1
00018842.jpg,437,88,623,281,-1,-1
00018843.jpg,437,88,623,281,-1,-1
00018844.jpg,434,87,620,280,-1,-1
00018845.jpg,429,86,615,279,-1,-1
00018846.jpg,427,83,613,276,846,382
00018847.jpg,427,81,613,274,889,326
00018848.jpg,427,81,613,274,888,326
00018849.jpg,399,81,599,290,889,326
00018850.jpg,399,81,599,290,964,370
00018851.jpg,397,81,597,290,964,369
00018852.jpg,397,81,597,290,965,369
