00012830.jpg,747,415,942,621,1146,508
00012831.jpg,747,415,942,621,1146,508
00012832.jpg,747,415,942,621,1146,508
00012833.jpg,747,415,942,621,1146,508
00012834.jpg,740,413,935,619,1146,508
00012835.jpg,731,411,926,617,1145,509
00012836.jpg,731,411,926,617,1145,509
00012837.jpg,721,409,916,615,1145,510
00012838.jpg,711,408,906,614,1145,510
00012839.jpg,703,406,898,612,1143,512
00012840.jpg,699,404,894,610,1143,512
00012841.jpg,699,404,894,610,1143,512
00012842.jpg,696,404,891,610,1143,513
00012843.jpg,694,405,889,611,1143,513
00012844.jpg,694,407,889,613,1143,513
00012845.jpg,694,410,889,616,1143,516
00012846.jpg,694,410,889,616,1143,516
00012847.jpg,693,416,888,622,1143,517
00012848.jpg,694,420,889,626,1143,517
00012849.jpg,695,422,890,628,1143,517
00012850.jpg,697,423,892,629,1143,517
00012851.jpg,697,423,892,629,1143,517
00012852.jpg,699,424,894,630,1143,518
00012853.jpg,700,425,895,631,1143,518
00012854.jpg,701,425,896,631,1143,520
00012855.jpg,702,424,897,630,1143,520
00012856.jpg,702,424,897,630,1145,520
00012857.jpg,704,424,899,630,1145,520
00012858.jpg,707,422,902,628,1149,520
00012859.jpg,710,419,905,625,1151,520
00012860.jpg,715,415,910,621,1151,520
00012861.jpg,715,415,910,621,1151,520
00012862.jpg,717,415,912,621,1155,517
00012863.jpg,720,415,915,621,1155,516
00012864.jpg,722,416,917,622,1155,516
00012865.jpg,725,417,920,623,1155,516
00012866.jpg,725,417,920,623,1155,516
00012867.jpg,728,418,923,624,1155,512
00012868.jpg,731,419,926,625,1155,512
00012869.jpg,733,419,928,625,1155,512
00012870.jpg,735,419,930,625,1155,512
00012871.jpg,735,419,930,625,1155,512
00012872.jpg,736,419,931,625,1157,509
00012873.jpg,737,419,932,625,1157,509
00012874.jpg,738,419,933,625,1157,509
00012875.jpg,738,419,933,625,1157,509
00012876.jpg,738,419,933,625,1157,509
00012877.jpg,739,419,934,625,1157,509
00012878.jpg,740,420,935,626,1157,509
00012879.jpg,740,419,935,625,1157,509
00012880.jpg,740,419,935,625,1157,509
00012881.jpg,740,419,935,625,1157,509
00012882.jpg,740,420,935,626,1157,509
00012883.jpg,741,420,936,626,1157,509
00012884.jpg,741,420,936,626,1157,509
00012885.jpg,742,420,937,626,1157,509
00012886.jpg,742,420,937,626,1157,509
00012887.jpg,742,420,937,626,1157,509
00012888.jpg,742,420,937,626,1159,510
