00001558.jpg,344,397,531,570,1527,216
00001559.jpg,344,397,531,570,1527,216
00001560.jpg,344,397,531,570,1521,221
00001561.jpg,344,397,531,570,1521,221
00001562.jpg,343,397,530,570,1520,221
00001563.jpg,331,395,510,575,1523,224
00001564.jpg,331,395,510,575,1522,223
00001565.jpg,330,395,509,575,1522,223
00001566.jpg,329,395,508,575,1528,220
00001567.jpg,329,395,508,575,1532,214
00001568.jpg,330,396,509,576,1537,211
00001569.jpg,330,396,509,576,1537,211
00001570.jpg,330,396,509,576,1542,209
00001571.jpg,330,397,509,577,1548,205
00001572.jpg,330,397,509,577,1555,201
00001573.jpg,329,397,508,577,1556,198
00001574.jpg,329,398,508,578,1562,194
00001575.jpg,329,398,508,578,1565,193
00001576.jpg,329,399,508,579,1572,190
00001577.jpg,328,399,507,579,1577,188
00001578.jpg,327,399,506,579,1582,185
00001579.jpg,335,406,506,570,1587,179
00001580.jpg,335,406,506,570,1590,178
00001581.jpg,334,407,505,571,1590,176
00001582.jpg,333,407,504,571,1591,178
00001583.jpg,333,409,504,573,968,344
00001584.jpg,333,410,504,574,773,371
00001585.jpg,332,410,503,574,768,356
00001586.jpg,343,396,510,563,766,349
00001587.jpg,343,396,510,563,763,340
00001588.jpg,343,397,510,564,760,326
00001589.jpg,342,397,509,564,760,319
00001590.jpg,342,397,509,564,760,313
00001591.jpg,341,398,508,565,760,308
00001592.jpg,342,400,509,567,756,305
00001593.jpg,346,405,513,572,942,326
00001594.jpg,345,399,512,566,1550,196
00001595.jpg,347,400,514,567,1546,189
00001596.jpg,348,401,515,568,1543,186
00001597.jpg,349,402,516,569,1541,186
00001598.jpg,350,403,517,570,1540,186
00001599.jpg,351,404,518,571,1535,189
00001600.jpg,353,405,520,572,1528,190
00001601.jpg,353,406,520,573,1527,191
00001602.jpg,354,406,521,573,1525,190
00001603.jpg,354,406,521,573,1522,193
00001604.jpg,354,407,521,574,1523,191
00001605.jpg,353,408,520,575,1525,194
00001606.jpg,351,408,518,575,1528,195
00001607.jpg,349,408,516,575,1526,189
00001608.jpg,347,407,514,574,1533,199
00001609.jpg,345,407,512,574,1536,203
00001610.jpg,343,407,510,574,1540,206
00001611.jpg,341,407,508,574,1545,209
00001612.jpg,340,407,507,574,1557,211
00001613.jpg,339,407,506,574,1562,210
00001614.jpg,338,407,505,574,1575,208
00001615.jpg,336,407,503,574,1582,204
00001616.jpg,335,407,502,574,1588,201
00001617.jpg,334,408,501,575,1597,196
00001618.jpg,333,408,500,575,1602,193
00001619.jpg,332,409,499,576,1606,186
00001620.jpg,331,409,498,576,1611,184
00001621.jpg,330,409,497,576,1613,180
00001622.jpg,329,408,496,575,1620,175
00001623.jpg,329,408,496,575,1621,175
00001624.jpg,328,407,495,574,1623,175
00001625.jpg,328,407,495,574,1626,175
00001626.jpg,327,407,494,574,1627,176
00001627.jpg,325,406,492,573,1631,176
00001628.jpg,324,406,491,573,1633,174
00001629.jpg,323,406,490,573,1633,173
00001630.jpg,322,406,489,573,1632,170
00001631.jpg,321,406,488,573,1635,168
00001632.jpg,319,405,486,572,1637,168
00001633.jpg,318,405,485,572,1638,168
00001634.jpg,317,405,484,572,1642,168
00001635.jpg,315,405,482,572,1646,175
00001636.jpg,314,404,481,571,1647,173
00001637.jpg,313,402,480,569,1646,168
00001638.jpg,312,402,479,569,1650,164
00001639.jpg,311,401,478,568,1655,159
00001640.jpg,310,401,477,568,1658,159
00001641.jpg,308,402,475,569,1663,160
00001642.jpg,306,403,473,570,1668,163
00001643.jpg,306,402,473,569,1668,164
00001644.jpg,304,402,471,569,1666,165
00001645.jpg,303,402,470,569,1662,158
00001646.jpg,302,402,469,569,1658,158
00001647.jpg,301,402,468,569,1652,156
00001648.jpg,300,402,467,569,1646,158
00001649.jpg,299,403,466,570,1641,161
00001650.jpg,298,403,465,570,1630,169
00001651.jpg,297,403,464,570,1622,175
00001652.jpg,296,403,463,570,1618,175
00001653.jpg,295,403,462,570,1605,181
00001654.jpg,294,403,461,570,1587,176
00001655.jpg,293,402,460,569,1566,181
00001656.jpg,292,402,459,569,1545,181
00001657.jpg,293,402,460,569,1527,183
00001658.jpg,293,402,460,569,1513,183
00001659.jpg,293,402,460,569,1501,188
00001660.jpg,293,401,460,568,1492,191
00001661.jpg,293,401,460,568,1483,196
00001662.jpg,293,400,460,567,1473,204
00001663.jpg,292,400,459,567,1466,214
00001664.jpg,291,399,458,566,1461,216
00001665.jpg,291,398,458,565,1457,220
00001666.jpg,286,392,453,559,1453,230
00001667.jpg,286,393,453,560,1453,230
00001668.jpg,287,396,454,563,1455,234
00001669.jpg,287,396,454,563,1461,236
00001670.jpg,286,396,453,563,1461,239
00001671.jpg,285,396,452,563,1466,241
00001672.jpg,285,396,452,563,1467,244
00001673.jpg,284,396,451,563,1472,243
00001674.jpg,284,396,451,563,1471,239
00001675.jpg,283,396,450,563,1477,238
00001676.jpg,283,396,450,563,1480,236
00001677.jpg,282,396,449,563,1483,234
00001678.jpg,281,395,448,562,1486,233
00001679.jpg,281,395,448,562,1491,231
00001680.jpg,269,395,438,563,1496,229
00001681.jpg,269,395,438,563,1501,228
00001682.jpg,267,394,436,562,1505,226
00001683.jpg,265,394,434,562,1507,223
00001684.jpg,263,393,432,561,-1,-1
00001685.jpg,258,385,427,553,-1,-1
00001686.jpg,254,377,423,545,-1,-1
00001687.jpg,251,375,420,543,-1,-1
00001688.jpg,254,374,421,553,-1,-1
00001689.jpg,254,374,421,553,-1,-1
00001690.jpg,252,374,419,553,-1,-1
00001691.jpg,251,374,418,553,-1,-1
00001692.jpg,247,373,414,552,-1,-1
00001693.jpg,245,373,412,552,-1,-1
00001694.jpg,251,375,418,554,-1,-1
00001695.jpg,250,375,417,554,-1,-1
00001696.jpg,250,375,417,554,-1,-1
00001697.jpg,249,374,416,553,-1,-1
00001698.jpg,249,373,416,552,-1,-1
00001699.jpg,249,372,416,551,-1,-1
00001700.jpg,250,372,417,551,-1,-1
00001701.jpg,251,370,418,549,-1,-1
00001702.jpg,252,369,419,548,-1,-1
00001703.jpg,253,368,420,547,-1,-1
00001704.jpg,255,366,422,545,-1,-1
00001705.jpg,257,364,424,543,-1,-1
00001706.jpg,258,361,425,540,-1,-1
00001707.jpg,258,359,425,538,-1,-1
00001708.jpg,259,358,426,537,-1,-1
00001709.jpg,260,356,427,535,-1,-1
00001710.jpg,260,354,427,533,-1,-1
00001711.jpg,261,352,428,531,-1,-1
00001712.jpg,261,350,428,529,-1,-1
00001713.jpg,261,349,428,528,-1,-1
00001714.jpg,261,347,428,526,-1,-1
00001715.jpg,262,345,429,524,-1,-1
00001716.jpg,262,343,429,522,-1,-1
00001717.jpg,262,341,429,520,-1,-1
00001718.jpg,261,341,428,520,-1,-1
00001719.jpg,261,343,428,522,-1,-1
00001720.jpg,261,342,428,521,-1,-1
00001721.jpg,263,342,430,521,-1,-1
00001722.jpg,263,341,430,520,-1,-1
00001723.jpg,264,340,431,519,-1,-1
00001724.jpg,265,340,432,519,-1,-1
00001725.jpg,266,340,433,519,-1,-1
00001726.jpg,267,340,434,519,-1,-1
00001727.jpg,269,341,436,520,-1,-1
00001728.jpg,269,341,436,520,-1,-1
00001729.jpg,289,347,453,518,-1,-1
00001730.jpg,289,347,453,518,-1,-1
00001731.jpg,290,348,454,519,-1,-1
00001732.jpg,292,349,456,520,-1,-1
00001733.jpg,293,349,457,520,-1,-1
00001734.jpg,310,362,468,530,-1,-1
00001735.jpg,310,362,468,530,-1,-1
00001736.jpg,311,363,469,531,-1,-1
00001737.jpg,312,363,470,531,-1,-1
00001738.jpg,313,363,471,531,-1,-1
00001739.jpg,313,363,471,531,-1,-1
00001740.jpg,314,364,472,532,-1,-1
00001741.jpg,331,380,469,537,-1,-1
00001742.jpg,331,380,469,537,-1,-1
00001743.jpg,332,381,470,538,-1,-1
00001744.jpg,332,381,470,538,-1,-1
00001745.jpg,332,381,470,538,-1,-1
00001746.jpg,333,382,471,539,-1,-1
00001747.jpg,332,382,470,539,-1,-1
00001748.jpg,332,381,470,538,-1,-1
00001749.jpg,331,381,469,538,-1,-1
00001750.jpg,331,381,469,538,-1,-1
00001751.jpg,330,381,468,538,-1,-1
00001752.jpg,319,383,468,538,-1,-1
00001753.jpg,319,383,468,538,-1,-1
00001754.jpg,318,383,467,538,-1,-1
00001755.jpg,317,383,466,538,-1,-1
00001756.jpg,306,381,455,536,-1,-1
00001757.jpg,303,380,452,535,-1,-1
00001758.jpg,299,378,448,533,-1,-1
00001759.jpg,293,375,442,530,-1,-1
00001760.jpg,286,374,435,529,-1,-1
00001761.jpg,279,370,428,525,-1,-1
00001762.jpg,275,368,424,523,-1,-1
00001763.jpg,273,363,422,518,-1,-1
00001764.jpg,267,364,426,515,-1,-1
00001765.jpg,267,364,426,515,-1,-1
00001766.jpg,266,364,425,515,-1,-1
00001767.jpg,258,354,417,505,-1,-1
00001768.jpg,253,349,412,500,-1,-1
00001769.jpg,250,345,409,496,-1,-1
00001770.jpg,247,341,406,492,-1,-1
00001771.jpg,245,339,404,490,-1,-1
00001772.jpg,243,338,402,489,-1,-1
00001773.jpg,242,339,401,490,-1,-1
00001774.jpg,241,342,400,493,-1,-1
00001775.jpg,247,346,406,497,-1,-1
00001776.jpg,244,341,395,502,-1,-1
00001777.jpg,244,341,395,502,-1,-1
00001778.jpg,248,344,399,505,-1,-1
00001779.jpg,253,345,404,506,-1,-1
00001780.jpg,258,344,409,505,-1,-1
00001781.jpg,261,341,412,502,-1,-1
00001782.jpg,267,339,418,500,-1,-1
00001783.jpg,269,339,420,500,-1,-1
00001784.jpg,272,340,423,501,-1,-1
00001785.jpg,273,339,424,500,-1,-1
00001786.jpg,275,343,428,497,-1,-1
00001787.jpg,275,343,428,497,-1,-1
00001788.jpg,275,342,428,496,-1,-1
00001789.jpg,275,341,428,495,-1,-1
00001790.jpg,276,341,429,495,-1,-1
00001791.jpg,276,341,429,495,-1,-1
00001792.jpg,276,341,429,495,-1,-1
00001793.jpg,275,341,428,495,-1,-1
00001794.jpg,274,341,427,495,-1,-1
00001795.jpg,274,341,427,495,-1,-1
00001796.jpg,273,341,426,495,-1,-1
00001797.jpg,273,341,426,495,-1,-1
00001798.jpg,268,341,421,495,-1,-1
00001799.jpg,268,341,421,495,963,1073
