00001558.jpg,592,352,755,508,1525,216
00001559.jpg,592,352,755,508,1525,216
00001560.jpg,592,352,755,508,1525,216
00001561.jpg,592,352,755,508,1523,219
00001562.jpg,592,352,755,508,1521,220
00001563.jpg,592,352,755,508,1522,220
00001564.jpg,591,351,754,507,1525,218
00001565.jpg,591,351,754,507,1526,218
00001566.jpg,590,351,753,507,1528,218
00001567.jpg,589,350,752,506,1530,216
00001568.jpg,589,350,752,506,1532,214
00001569.jpg,588,349,751,505,1537,211
00001570.jpg,588,349,751,505,1542,209
00001571.jpg,587,350,750,506,1545,205
00001572.jpg,587,350,750,506,1547,204
00001573.jpg,586,351,749,507,1551,200
00001574.jpg,585,352,748,508,1557,196
00001575.jpg,583,352,746,508,1560,195
00001576.jpg,583,352,746,508,1567,189
00001577.jpg,582,351,745,507,1575,185
00001578.jpg,581,350,744,506,1578,184
00001579.jpg,580,349,743,505,1585,179
00001580.jpg,577,348,740,504,1587,176
00001581.jpg,575,348,738,504,1588,176
00001582.jpg,578,350,741,506,1585,178
00001583.jpg,577,350,740,506,1578,179
00001584.jpg,576,350,739,506,1575,179
00001585.jpg,575,350,738,506,1572,180
00001586.jpg,574,350,737,506,1568,185
00001587.jpg,573,350,736,506,1565,191
00001588.jpg,572,350,735,506,1558,195
00001589.jpg,571,349,734,505,1555,196
00001590.jpg,570,348,733,504,1555,199
00001591.jpg,569,347,732,503,1551,199
00001592.jpg,569,347,732,503,1552,194
00001593.jpg,568,346,731,502,1548,193
00001594.jpg,569,346,732,502,1546,193
00001595.jpg,569,346,732,502,1546,189
00001596.jpg,570,346,733,502,1543,189
00001597.jpg,570,347,733,503,1541,189
00001598.jpg,570,348,733,504,1538,188
00001599.jpg,570,349,733,505,1533,188
00001600.jpg,570,350,733,506,1530,191
00001601.jpg,570,351,733,507,1522,193
00001602.jpg,569,351,732,507,1525,194
00001603.jpg,569,352,732,508,1525,195
00001604.jpg,570,352,733,508,1525,196
00001605.jpg,570,352,733,508,1527,198
00001606.jpg,569,352,732,508,1530,200
00001607.jpg,569,352,732,508,1531,200
00001608.jpg,568,352,731,508,1535,201
00001609.jpg,568,352,731,508,1540,201
00001610.jpg,568,353,731,509,1542,204
00001611.jpg,568,352,731,508,1547,205
00001612.jpg,569,352,732,508,1557,208
00001613.jpg,569,351,732,507,1566,209
00001614.jpg,569,350,732,506,1576,209
00001615.jpg,569,349,732,505,1585,205
00001616.jpg,567,350,730,506,1592,199
00001617.jpg,567,350,730,506,1598,196
00001618.jpg,567,350,730,506,1606,191
00001619.jpg,565,351,728,507,1608,186
00001620.jpg,565,351,728,507,1613,185
00001621.jpg,563,351,726,507,1618,180
00001622.jpg,562,351,725,507,1621,179
00001623.jpg,561,350,724,506,1626,176
00001624.jpg,558,350,721,506,1628,176
00001625.jpg,557,349,720,505,1631,176
00001626.jpg,556,349,719,505,1628,175
00001627.jpg,554,348,717,504,1632,175
00001628.jpg,552,348,715,504,1633,175
00001629.jpg,551,348,714,504,1636,171
00001630.jpg,550,348,713,504,1636,175
00001631.jpg,548,347,711,503,1637,173
00001632.jpg,546,347,709,503,1641,173
00001633.jpg,546,347,709,503,1642,173
00001634.jpg,544,347,707,503,1480,284
00001635.jpg,543,348,706,504,1576,329
00001636.jpg,543,349,706,505,1493,275
00001637.jpg,541,349,704,505,1501,268
00001638.jpg,540,348,703,504,1503,261
00001639.jpg,539,348,702,504,1505,259
00001640.jpg,537,347,700,503,1658,163
00001641.jpg,536,346,699,502,1666,164
00001642.jpg,535,348,698,504,1670,170
00001643.jpg,534,348,697,504,1662,168
00001644.jpg,533,349,696,505,1663,166
00001645.jpg,532,350,695,506,1662,161
00001646.jpg,531,350,694,506,1657,159
00001647.jpg,530,349,693,505,1652,164
00001648.jpg,529,350,692,506,-1,-1
00001649.jpg,528,350,691,506,-1,-1
00001650.jpg,527,350,690,506,-1,-1
00001651.jpg,525,351,688,507,-1,-1
00001652.jpg,524,351,687,507,-1,-1
00001653.jpg,525,352,688,508,-1,-1
00001654.jpg,525,355,688,511,-1,-1
00001655.jpg,526,348,683,507,-1,-1
00001656.jpg,526,348,683,507,-1,-1
00001657.jpg,525,348,682,507,-1,-1
00001658.jpg,524,349,681,508,-1,-1
00001659.jpg,524,350,681,509,-1,-1
00001660.jpg,524,351,681,510,-1,-1
00001661.jpg,523,351,680,510,-1,-1
00001662.jpg,522,351,679,510,-1,-1
00001663.jpg,539,348,695,508,-1,-1
00001664.jpg,539,348,695,508,-1,-1
00001665.jpg,538,348,694,508,-1,-1
00001666.jpg,538,348,694,508,-1,-1
00001667.jpg,538,348,694,508,-1,-1
00001668.jpg,544,355,700,515,-1,-1
00001669.jpg,546,357,702,517,-1,-1
00001670.jpg,547,358,703,518,-1,-1
00001671.jpg,548,358,704,518,-1,-1
00001672.jpg,550,359,706,519,-1,-1
00001673.jpg,550,359,706,519,-1,-1
00001674.jpg,555,360,711,520,-1,-1
00001675.jpg,556,360,712,520,-1,-1
00001676.jpg,557,361,713,521,-1,-1
00001677.jpg,557,362,713,522,-1,-1
00001678.jpg,557,362,713,522,-1,-1
00001679.jpg,557,364,713,524,-1,-1
00001680.jpg,557,365,713,525,-1,-1
00001681.jpg,557,366,713,526,-1,-1
00001682.jpg,558,366,714,526,-1,-1
00001683.jpg,557,365,713,525,-1,-1
00001684.jpg,556,365,712,525,-1,-1
00001685.jpg,555,364,711,524,-1,-1
00001686.jpg,555,363,711,523,-1,-1
00001687.jpg,555,363,711,523,-1,-1
00001688.jpg,553,361,709,521,-1,-1
00001689.jpg,552,363,708,523,-1,-1
00001690.jpg,552,360,708,520,-1,-1
00001691.jpg,551,362,707,522,-1,-1
00001692.jpg,550,363,706,523,-1,-1
00001693.jpg,549,365,705,525,-1,-1
00001694.jpg,548,367,704,527,-1,-1
00001695.jpg,551,364,707,524,-1,-1
00001696.jpg,550,364,706,524,-1,-1
00001697.jpg,549,366,705,526,-1,-1
00001698.jpg,548,368,704,528,-1,-1
00001699.jpg,547,369,703,529,-1,-1
00001700.jpg,547,369,703,529,-1,-1
00001701.jpg,547,369,703,529,-1,-1
00001702.jpg,547,370,703,530,-1,-1
00001703.jpg,547,373,703,533,-1,-1
00001704.jpg,548,374,704,534,-1,-1
00001705.jpg,547,374,703,534,-1,-1
00001706.jpg,548,375,704,535,-1,-1
00001707.jpg,553,370,705,544,-1,-1
00001708.jpg,553,370,705,544,-1,-1
00001709.jpg,552,370,704,544,-1,-1
00001710.jpg,552,370,704,544,-1,-1
00001711.jpg,551,370,703,544,-1,-1
00001712.jpg,550,371,702,545,-1,-1
00001713.jpg,550,372,702,546,-1,-1
00001714.jpg,549,371,701,545,-1,-1
00001715.jpg,548,370,700,544,-1,-1
00001716.jpg,547,370,699,544,-1,-1
00001717.jpg,547,369,699,543,-1,-1
00001718.jpg,546,369,698,543,-1,-1
00001719.jpg,546,368,698,542,-1,-1
00001720.jpg,546,367,698,541,-1,-1
00001721.jpg,546,367,698,541,-1,-1
00001722.jpg,546,366,698,540,-1,-1
00001723.jpg,547,366,699,540,-1,-1
00001724.jpg,550,376,691,546,-1,-1
00001725.jpg,550,376,691,546,-1,-1
00001726.jpg,550,375,691,545,-1,-1
00001727.jpg,551,375,692,545,-1,-1
00001728.jpg,552,374,693,544,-1,-1
00001729.jpg,552,374,693,544,-1,-1
00001730.jpg,553,373,694,543,-1,-1
00001731.jpg,554,373,695,543,-1,-1
00001732.jpg,554,373,695,543,-1,-1
00001733.jpg,555,373,696,543,-1,-1
00001734.jpg,555,374,696,544,-1,-1
00001735.jpg,555,374,696,544,-1,-1
00001736.jpg,555,374,696,544,-1,-1
00001737.jpg,555,375,696,545,-1,-1
00001738.jpg,554,375,695,545,-1,-1
00001739.jpg,554,376,695,546,-1,-1
00001740.jpg,554,376,695,546,-1,-1
00001741.jpg,554,377,695,547,-1,-1
00001742.jpg,553,376,694,546,-1,-1
00001743.jpg,553,376,694,546,-1,-1
00001744.jpg,553,375,694,545,-1,-1
00001745.jpg,555,375,696,545,-1,-1
00001746.jpg,557,376,698,546,-1,-1
00001747.jpg,558,376,699,546,-1,-1
00001748.jpg,558,375,699,545,-1,-1
00001749.jpg,555,372,696,542,-1,-1
00001750.jpg,556,372,697,542,-1,-1
00001751.jpg,556,371,697,541,-1,-1
00001752.jpg,556,371,697,541,-1,-1
00001753.jpg,556,371,697,541,-1,-1
00001754.jpg,559,373,700,543,-1,-1
00001755.jpg,558,374,699,544,-1,-1
00001756.jpg,559,375,700,545,-1,-1
00001757.jpg,557,376,698,546,-1,-1
00001758.jpg,553,375,694,545,-1,-1
00001759.jpg,549,380,691,534,-1,-1
00001760.jpg,549,380,691,534,-1,-1
00001761.jpg,549,380,691,534,-1,-1
00001762.jpg,546,380,688,534,-1,-1
00001763.jpg,543,379,685,533,-1,-1
00001764.jpg,541,379,683,533,-1,-1
00001765.jpg,538,378,680,532,-1,-1
00001766.jpg,536,378,678,532,-1,-1
00001767.jpg,537,382,682,539,-1,-1
00001768.jpg,537,382,682,539,-1,-1
00001769.jpg,537,382,682,539,-1,-1
00001770.jpg,536,382,681,539,-1,-1
00001771.jpg,536,381,681,538,-1,-1
00001772.jpg,536,381,681,538,-1,-1
00001773.jpg,537,381,682,538,-1,-1
00001774.jpg,537,381,682,538,-1,-1
00001775.jpg,537,381,682,538,-1,-1
00001776.jpg,537,381,682,538,-1,-1
00001777.jpg,543,373,686,530,-1,-1
00001778.jpg,543,373,686,530,-1,-1
00001779.jpg,540,375,683,532,-1,-1
00001780.jpg,537,376,680,533,-1,-1
00001781.jpg,540,377,683,534,-1,-1
00001782.jpg,544,373,687,530,-1,-1
00001783.jpg,545,372,688,529,-1,-1
00001784.jpg,545,372,688,529,-1,-1
00001785.jpg,546,372,689,529,-1,-1
00001786.jpg,546,371,689,528,-1,-1
00001787.jpg,546,371,689,528,-1,-1
00001788.jpg,546,370,689,527,-1,-1
00001789.jpg,547,370,690,527,-1,-1
00001790.jpg,548,368,691,525,-1,-1
00001791.jpg,548,368,691,525,-1,-1
00001792.jpg,548,367,691,524,-1,-1
00001793.jpg,549,367,692,524,-1,-1
00001794.jpg,548,367,691,524,-1,-1
00001795.jpg,548,367,691,524,-1,-1
00001796.jpg,548,367,691,524,-1,-1
00001797.jpg,547,366,690,523,-1,-1
00001798.jpg,547,365,690,522,-1,-1
00001799.jpg,547,365,690,522,-1,-1
