00001558.jpg,861,270,993,411,1526,216
00001559.jpg,861,270,993,411,1526,216
00001560.jpg,861,270,993,411,1522,218
00001561.jpg,861,270,993,411,1523,221
00001562.jpg,862,270,994,411,1520,221
00001563.jpg,862,269,994,410,1520,219
00001564.jpg,863,269,995,410,1521,220
00001565.jpg,865,269,997,410,1523,219
00001566.jpg,866,269,998,410,1527,219
00001567.jpg,869,269,1001,410,1527,214
00001568.jpg,871,269,1003,410,1528,214
00001569.jpg,874,270,1006,411,1532,210
00001570.jpg,877,270,1009,411,1537,209
00001571.jpg,878,270,1010,411,1542,209
00001572.jpg,881,271,1013,412,1547,205
00001573.jpg,883,271,1015,412,1550,204
00001574.jpg,885,272,1017,413,1556,199
00001575.jpg,885,271,1017,412,1563,195
00001576.jpg,885,271,1017,412,1568,188
00001577.jpg,885,271,1017,412,1576,186
00001578.jpg,885,271,1017,412,1581,184
00001579.jpg,885,270,1017,411,1582,183
00001580.jpg,885,270,1017,411,1585,179
00001581.jpg,885,270,1017,411,1586,179
00001582.jpg,884,269,1016,410,1587,175
00001583.jpg,884,269,1016,410,1586,175
00001584.jpg,884,269,1016,410,1581,176
00001585.jpg,878,268,1010,409,1577,184
00001586.jpg,876,268,1008,409,1566,188
00001587.jpg,872,265,1004,406,1562,191
00001588.jpg,870,264,1002,405,1560,198
00001589.jpg,868,264,1000,405,1556,199
00001590.jpg,866,263,998,404,1553,199
00001591.jpg,863,261,995,402,1552,199
00001592.jpg,861,260,993,401,1551,201
00001593.jpg,861,260,993,401,1550,198
00001594.jpg,861,259,993,400,1550,193
00001595.jpg,856,256,988,397,1546,190
00001596.jpg,854,255,986,396,1546,190
00001597.jpg,853,254,985,395,1545,190
00001598.jpg,852,254,984,395,1542,190
00001599.jpg,851,254,983,395,1536,193
00001600.jpg,849,253,981,394,1530,195
00001601.jpg,848,253,980,394,1526,195
00001602.jpg,847,253,979,394,1526,195
00001603.jpg,846,253,978,394,1525,195
00001604.jpg,845,253,977,394,1527,198
00001605.jpg,844,253,976,394,1528,201
00001606.jpg,843,253,975,394,1528,204
00001607.jpg,842,253,974,394,1533,206
00001608.jpg,850,264,969,398,1536,206
00001609.jpg,850,264,969,398,1538,206
00001610.jpg,849,264,968,398,1542,208
00001611.jpg,849,264,968,398,1550,209
00001612.jpg,849,264,968,398,1553,209
00001613.jpg,849,264,968,398,1563,209
00001614.jpg,850,265,969,399,1575,206
00001615.jpg,851,266,970,400,1582,204
00001616.jpg,852,267,971,401,1596,196
00001617.jpg,853,267,972,401,1597,196
00001618.jpg,853,266,972,400,1605,191
00001619.jpg,853,265,972,399,1607,186
00001620.jpg,855,266,974,400,1607,186
00001621.jpg,859,270,978,404,1613,179
00001622.jpg,860,270,979,404,1617,175
00001623.jpg,861,270,980,404,1620,175
00001624.jpg,862,270,981,404,1625,175
00001625.jpg,864,269,983,403,1626,176
00001626.jpg,866,269,985,403,1626,176
00001627.jpg,868,270,987,404,1630,171
00001628.jpg,872,272,991,406,1631,171
00001629.jpg,874,272,993,406,1631,171
00001630.jpg,874,263,995,408,1636,169
00001631.jpg,874,263,995,408,1636,169
00001632.jpg,876,263,997,408,1637,169
00001633.jpg,879,266,1000,411,1642,169
00001634.jpg,882,268,1003,413,1643,170
00001635.jpg,885,270,1006,415,1643,175
00001636.jpg,888,272,1009,417,1643,174
00001637.jpg,890,274,1011,419,1646,168
00001638.jpg,893,275,1014,420,1646,168
00001639.jpg,894,277,1015,422,1655,163
00001640.jpg,896,279,1017,424,1658,160
00001641.jpg,898,280,1019,425,1667,163
00001642.jpg,900,282,1021,427,1667,163
00001643.jpg,905,283,1026,428,1667,163
00001644.jpg,906,285,1027,430,1665,161
00001645.jpg,910,286,1031,431,1661,158
00001646.jpg,910,284,1031,429,1657,150
00001647.jpg,910,281,1031,426,1656,153
00001648.jpg,910,278,1031,423,1651,158
00001649.jpg,910,275,1031,420,1643,168
00001650.jpg,908,266,1029,411,1636,174
00001651.jpg,907,262,1028,407,1627,179
00001652.jpg,906,259,1027,404,1616,181
00001653.jpg,904,252,1025,397,1602,183
00001654.jpg,893,238,1026,392,1580,181
00001655.jpg,893,238,1026,392,1560,181
00001656.jpg,892,235,1025,389,1538,180
00001657.jpg,891,232,1024,386,1526,181
00001658.jpg,891,230,1024,384,1515,184
00001659.jpg,890,228,1023,382,1501,188
00001660.jpg,889,227,1022,381,1488,193
00001661.jpg,889,227,1022,381,1480,199
00001662.jpg,888,227,1021,381,1468,206
00001663.jpg,887,226,1020,380,1465,211
00001664.jpg,887,227,1020,381,1462,219
00001665.jpg,886,227,1019,381,1458,224
00001666.jpg,884,226,1017,380,1456,233
00001667.jpg,880,226,1013,380,1457,233
00001668.jpg,879,227,1012,381,1457,235
00001669.jpg,878,229,1011,383,1457,238
00001670.jpg,875,231,1008,385,1461,239
00001671.jpg,873,234,1006,388,1463,241
00001672.jpg,870,236,1003,390,1463,244
00001673.jpg,868,239,1001,393,1467,246
00001674.jpg,863,241,996,395,1470,248
00001675.jpg,858,244,991,398,1473,245
00001676.jpg,854,246,987,400,1477,244
00001677.jpg,862,248,992,403,1481,243
00001678.jpg,862,248,992,403,1488,241
00001679.jpg,861,248,991,403,1493,239
00001680.jpg,861,248,991,403,1493,238
00001681.jpg,861,247,991,402,1498,234
00001682.jpg,861,247,991,402,1501,234
00001683.jpg,836,256,966,414,1505,231
00001684.jpg,836,256,966,414,1507,231
00001685.jpg,835,256,965,414,1511,228
00001686.jpg,834,255,964,413,1518,221
00001687.jpg,834,255,964,413,1522,216
00001688.jpg,825,254,955,412,1525,211
00001689.jpg,823,254,953,412,1527,208
00001690.jpg,822,255,952,413,1532,204
00001691.jpg,832,254,962,412,1536,204
00001692.jpg,831,254,961,412,1541,204
00001693.jpg,830,254,960,412,1541,200
00001694.jpg,830,254,960,412,1543,198
00001695.jpg,829,254,959,412,1546,194
00001696.jpg,828,254,958,412,1548,193
00001697.jpg,828,254,958,412,1551,191
00001698.jpg,819,256,943,396,1553,188
00001699.jpg,819,256,943,396,1556,188
00001700.jpg,819,256,943,396,1560,186
00001701.jpg,819,256,943,396,1563,185
00001702.jpg,819,256,943,396,1568,185
00001703.jpg,820,256,944,396,1570,181
00001704.jpg,820,256,944,396,1575,180
00001705.jpg,825,256,949,396,1578,179
00001706.jpg,826,256,950,396,1581,176
00001707.jpg,827,257,951,397,1586,176
00001708.jpg,828,260,952,400,1581,174
00001709.jpg,829,261,953,401,1483,368
00001710.jpg,829,261,953,401,1496,378
00001711.jpg,831,265,952,409,1513,385
00001712.jpg,831,265,952,409,-1,-1
00001713.jpg,831,265,952,409,-1,-1
00001714.jpg,830,265,951,409,-1,-1
00001715.jpg,830,265,951,409,-1,-1
00001716.jpg,830,265,951,409,990,394
00001717.jpg,830,265,951,409,993,398
00001718.jpg,830,265,951,409,997,399
00001719.jpg,830,265,951,409,1005,399
00001720.jpg,830,265,951,409,1008,399
00001721.jpg,830,265,951,409,1011,400
00001722.jpg,830,265,951,409,1015,401
00001723.jpg,830,265,951,409,1015,403
00001724.jpg,830,265,951,409,1012,405
00001725.jpg,824,272,945,416,1011,405
00001726.jpg,833,267,942,415,1008,405
00001727.jpg,833,267,942,415,1010,404
00001728.jpg,833,267,942,415,1011,400
00001729.jpg,833,267,942,415,1013,400
00001730.jpg,833,267,942,415,1431,446
00001731.jpg,833,268,942,416,1435,446
00001732.jpg,833,271,942,419,1012,401
00001733.jpg,833,273,942,421,1016,405
00001734.jpg,833,273,942,421,1025,406
00001735.jpg,833,273,942,421,1026,411
00001736.jpg,833,273,942,421,1035,416
00001737.jpg,833,272,942,420,1042,426
00001738.jpg,833,275,942,423,1048,428
00001739.jpg,819,272,957,426,1053,421
00001740.jpg,819,272,957,426,1047,420
00001741.jpg,819,272,957,426,1040,411
00001742.jpg,819,272,957,426,1031,408
00001743.jpg,819,272,957,426,1447,433
00001744.jpg,819,272,957,426,1446,415
00001745.jpg,819,272,957,426,1438,393
00001746.jpg,819,272,957,426,1606,306
00001747.jpg,829,271,955,423,1590,181
00001748.jpg,829,271,955,423,1587,179
00001749.jpg,829,271,955,423,1588,176
00001750.jpg,829,271,955,423,1591,171
00001751.jpg,829,271,955,423,1593,171
00001752.jpg,829,271,955,423,1598,169
00001753.jpg,829,271,955,423,1602,164
00001754.jpg,829,271,955,423,1601,160
00001755.jpg,829,271,955,423,1601,158
00001756.jpg,829,271,955,423,1601,154
00001757.jpg,829,271,955,423,1601,149
00001758.jpg,828,271,954,423,1603,149
00001759.jpg,828,271,954,423,1603,149
00001760.jpg,828,271,954,423,1603,149
00001761.jpg,827,271,953,423,1601,150
00001762.jpg,827,271,953,423,1592,151
00001763.jpg,826,271,952,423,1593,154
00001764.jpg,823,269,950,412,1595,153
00001765.jpg,823,269,950,412,1595,149
00001766.jpg,823,269,950,412,1595,149
00001767.jpg,822,269,949,412,1595,149
00001768.jpg,822,269,949,412,1595,149
00001769.jpg,821,269,948,412,1591,149
00001770.jpg,821,269,948,412,1587,153
00001771.jpg,821,269,948,412,1585,155
00001772.jpg,821,269,948,412,1587,159
00001773.jpg,820,269,947,412,1588,156
00001774.jpg,820,269,947,412,1588,156
00001775.jpg,820,269,947,412,1587,156
00001776.jpg,820,269,947,412,1580,159
00001777.jpg,820,269,947,412,1576,164
00001778.jpg,819,268,946,411,1573,170
00001779.jpg,819,268,946,411,1571,174
00001780.jpg,819,268,946,411,1570,170
00001781.jpg,820,268,947,411,1571,170
00001782.jpg,820,268,947,411,1576,175
00001783.jpg,820,267,947,410,1575,180
00001784.jpg,820,267,947,410,1572,188
00001785.jpg,820,267,947,410,1567,196
00001786.jpg,820,267,947,410,1560,210
00001787.jpg,820,266,947,409,1560,214
00001788.jpg,820,266,947,409,1556,225
00001789.jpg,820,266,947,409,1552,238
00001790.jpg,820,265,947,408,1548,251
00001791.jpg,820,265,947,408,1546,266
00001792.jpg,820,265,947,408,1541,279
00001793.jpg,820,265,947,408,1541,290
00001794.jpg,820,265,947,408,1541,305
00001795.jpg,820,265,947,408,1536,318
00001796.jpg,820,265,947,408,1535,330
00001797.jpg,820,265,947,408,1015,443
00001798.jpg,820,264,947,407,981,486
00001799.jpg,820,264,947,407,955,505
