00001558.jpg,1485,125,1645,303,532,201
00001559.jpg,1485,125,1645,303,532,201
00001560.jpg,1485,125,1645,303,533,201
00001561.jpg,1485,125,1645,303,533,201
00001562.jpg,1484,125,1644,303,532,201
00001563.jpg,1484,125,1644,303,532,201
00001564.jpg,1485,124,1645,302,535,205
00001565.jpg,1486,122,1646,300,807,294
00001566.jpg,1488,121,1648,299,961,341
00001567.jpg,1490,119,1650,297,965,341
00001568.jpg,1493,117,1653,295,968,344
00001569.jpg,1497,114,1657,292,970,345
00001570.jpg,1501,111,1661,289,973,345
00001571.jpg,1505,109,1665,287,977,344
00001572.jpg,1510,106,1670,284,978,344
00001573.jpg,1515,104,1675,282,980,344
00001574.jpg,1521,101,1681,279,985,345
00001575.jpg,1527,97,1687,275,982,344
00001576.jpg,1530,94,1690,272,981,344
00001577.jpg,1535,90,1695,268,986,345
00001578.jpg,1540,87,1700,265,978,349
00001579.jpg,1544,85,1704,263,980,349
00001580.jpg,1546,83,1706,261,981,348
00001581.jpg,1546,83,1706,261,912,438
00001582.jpg,1546,83,1706,261,907,439
00001583.jpg,1543,84,1703,262,910,440
00001584.jpg,1538,86,1698,264,907,438
00001585.jpg,1533,89,1693,267,907,438
00001586.jpg,1528,92,1688,270,906,435
00001587.jpg,1523,96,1683,274,906,435
00001588.jpg,1519,99,1679,277,903,435
00001589.jpg,1516,102,1676,280,907,435
00001590.jpg,1514,103,1674,281,911,435
00001591.jpg,1513,102,1673,280,911,435
00001592.jpg,1512,101,1672,279,910,435
00001593.jpg,1511,100,1671,278,910,435
00001594.jpg,1510,97,1670,275,910,435
00001595.jpg,1508,95,1668,273,913,440
00001596.jpg,1505,94,1665,272,677,404
00001597.jpg,1502,94,1662,272,680,405
00001598.jpg,1499,96,1659,274,686,401
00001599.jpg,1495,98,1655,276,688,404
00001600.jpg,1491,100,1651,278,687,404
00001601.jpg,1488,101,1648,279,687,404
00001602.jpg,1486,102,1646,280,686,405
00001603.jpg,1486,103,1646,281,686,405
00001604.jpg,1486,104,1646,282,686,405
00001605.jpg,1487,105,1647,283,686,405
00001606.jpg,1488,106,1648,284,685,406
00001607.jpg,1491,107,1651,285,681,409
00001608.jpg,1494,108,1654,286,680,410
00001609.jpg,1499,110,1659,288,685,406
00001610.jpg,1505,113,1665,291,683,413
00001611.jpg,1511,115,1671,293,682,413
00001612.jpg,1517,117,1677,295,703,361
00001613.jpg,1525,117,1685,295,765,303
00001614.jpg,1534,115,1694,293,771,303
00001615.jpg,1543,110,1703,288,780,301
00001616.jpg,1551,105,1711,283,792,298
00001617.jpg,1557,100,1717,278,798,295
00001618.jpg,1561,95,1721,273,802,293
00001619.jpg,1563,90,1723,268,811,294
00001620.jpg,1566,86,1726,264,821,295
00001621.jpg,1570,83,1730,261,825,293
00001622.jpg,1574,81,1734,259,827,293
00001623.jpg,1578,79,1738,257,830,293
00001624.jpg,1581,78,1741,256,830,290
00001625.jpg,1584,77,1744,255,830,289
00001626.jpg,1586,76,1746,254,832,288
00001627.jpg,1589,75,1749,253,832,288
00001628.jpg,1591,73,1751,251,831,290
00001629.jpg,1593,72,1753,250,831,291
00001630.jpg,1596,71,1756,249,827,293
00001631.jpg,1600,70,1760,248,820,291
00001632.jpg,1604,68,1764,246,813,290
00001633.jpg,1600,77,1766,256,808,286
00001634.jpg,1600,77,1766,256,801,284
00001635.jpg,1601,79,1767,258,792,279
00001636.jpg,1603,79,1769,258,785,275
00001637.jpg,1606,75,1772,254,780,273
00001638.jpg,1612,71,1778,250,770,273
00001639.jpg,1615,68,1781,247,761,273
00001640.jpg,1619,66,1785,245,752,271
00001641.jpg,1622,67,1788,246,745,274
00001642.jpg,1622,69,1788,248,736,271
00001643.jpg,1622,69,1788,248,725,264
00001644.jpg,1624,66,1790,245,720,263
00001645.jpg,1623,64,1789,243,711,259
00001646.jpg,1619,65,1785,244,-1,-1
00001647.jpg,1614,66,1780,245,-1,-1
00001648.jpg,1608,69,1774,248,-1,-1
00001649.jpg,1601,71,1767,250,-1,-1
00001650.jpg,1592,75,1758,254,-1,-1
00001651.jpg,1583,77,1749,256,-1,-1
00001652.jpg,1571,79,1737,258,-1,-1
00001653.jpg,1557,81,1723,260,-1,-1
00001654.jpg,1540,85,1706,264,-1,-1
00001655.jpg,1522,88,1688,267,-1,-1
00001656.jpg,1504,91,1670,270,667,215
00001657.jpg,1486,94,1652,273,668,215
00001658.jpg,1471,99,1637,278,670,215
00001659.jpg,1459,103,1625,282,666,213
00001660.jpg,1448,108,1614,287,888,444
00001661.jpg,1440,112,1606,291,886,445
00001662.jpg,1434,119,1600,298,888,445
00001663.jpg,1428,125,1594,304,887,445
00001664.jpg,1423,131,1589,310,890,445
00001665.jpg,1421,136,1587,315,1043,421
00001666.jpg,1419,141,1585,320,1052,420
00001667.jpg,1418,146,1584,325,1056,424
00001668.jpg,1418,149,1584,328,1062,423
00001669.jpg,1420,151,1586,330,1068,423
00001670.jpg,1422,154,1588,333,1071,423
00001671.jpg,1423,156,1589,335,1070,420
00001672.jpg,1424,158,1590,337,1067,416
00001673.jpg,1426,158,1592,337,1070,416
00001674.jpg,1430,158,1596,337,1072,419
00001675.jpg,1434,156,1600,335,1067,419
00001676.jpg,1437,155,1603,334,1071,416
00001677.jpg,1440,154,1606,333,1068,415
00001678.jpg,1444,152,1610,331,1058,413
00001679.jpg,1447,151,1613,330,1052,408
00001680.jpg,1450,150,1616,329,1048,408
00001681.jpg,1453,148,1619,327,1041,405
00001682.jpg,1457,146,1623,325,1037,408
00001683.jpg,1462,143,1628,322,1023,409
00001684.jpg,1467,140,1633,319,1023,415
00001685.jpg,1472,135,1638,314,913,344
00001686.jpg,1478,131,1644,310,667,209
00001687.jpg,1483,126,1649,305,663,208
00001688.jpg,1489,122,1655,301,662,205
00001689.jpg,1494,118,1660,297,911,338
00001690.jpg,1499,117,1665,296,1010,425
00001691.jpg,1501,116,1667,295,1005,421
00001692.jpg,1502,116,1668,295,1007,421
00001693.jpg,1504,113,1670,292,1007,415
00001694.jpg,1507,111,1673,290,1007,409
00001695.jpg,1509,108,1675,287,1002,410
00001696.jpg,1512,105,1678,284,1002,413
00001697.jpg,1515,102,1681,281,1006,413
00001698.jpg,1518,100,1684,279,1006,413
00001699.jpg,1520,98,1686,277,1006,413
00001700.jpg,1523,96,1689,275,1006,410
00001701.jpg,1525,94,1691,273,1006,410
00001702.jpg,1528,93,1694,272,1008,410
00001703.jpg,1531,91,1697,270,1011,413
00001704.jpg,1535,90,1701,269,1013,413
00001705.jpg,1538,89,1704,268,1017,418
00001706.jpg,1542,88,1708,267,1018,420
00001707.jpg,1545,87,1711,266,1025,426
00001708.jpg,1546,85,1712,264,1023,425
00001709.jpg,1546,85,1712,264,1026,421
00001710.jpg,1545,86,1711,265,1022,419
00001711.jpg,1544,87,1710,266,1022,416
00001712.jpg,1542,88,1708,267,1022,415
00001713.jpg,1539,89,1705,268,1027,414
00001714.jpg,1536,90,1702,269,1031,414
00001715.jpg,1534,90,1700,269,1032,415
00001716.jpg,1531,91,1697,270,1033,416
00001717.jpg,1529,91,1695,270,1037,418
00001718.jpg,1526,93,1692,272,1038,420
00001719.jpg,1524,94,1690,273,1038,420
00001720.jpg,1520,96,1686,275,1041,420
00001721.jpg,1516,98,1682,277,1043,419
00001722.jpg,1512,100,1678,279,1045,419
00001723.jpg,1507,103,1673,282,1047,419
00001724.jpg,1504,108,1670,287,1047,419
00001725.jpg,1500,111,1666,290,1048,419
00001726.jpg,1496,114,1662,293,1048,418
00001727.jpg,1493,116,1659,295,1051,415
00001728.jpg,1491,119,1657,298,1052,413
00001729.jpg,1490,121,1656,300,1053,413
00001730.jpg,1489,122,1655,301,1057,424
00001731.jpg,1489,124,1655,303,1057,435
00001732.jpg,1490,125,1656,304,1061,444
00001733.jpg,1491,126,1657,305,1061,448
00001734.jpg,1493,127,1659,306,900,364
00001735.jpg,1495,129,1661,308,626,214
00001736.jpg,1498,130,1664,309,627,214
00001737.jpg,1501,132,1667,311,627,208
00001738.jpg,1503,130,1669,309,627,208
00001739.jpg,1507,129,1673,308,627,208
00001740.jpg,1512,129,1678,308,627,208
00001741.jpg,1517,127,1683,306,627,204
00001742.jpg,1522,124,1688,303,627,204
00001743.jpg,1527,121,1693,300,628,204
00001744.jpg,1532,116,1698,295,628,204
00001745.jpg,1536,111,1702,290,630,204
00001746.jpg,1540,105,1706,284,630,204
00001747.jpg,1543,100,1709,279,630,203
00001748.jpg,1547,94,1713,273,631,203
00001749.jpg,1551,88,1717,267,631,203
00001750.jpg,1553,84,1719,263,635,201
00001751.jpg,1553,81,1719,260,636,201
00001752.jpg,1554,78,1720,257,637,201
00001753.jpg,1556,75,1722,254,640,203
00001754.jpg,1557,73,1723,252,643,204
00001755.jpg,1559,69,1725,248,645,204
00001756.jpg,1557,68,1723,247,648,204
00001757.jpg,1556,67,1722,246,651,204
00001758.jpg,1555,66,1721,245,653,204
00001759.jpg,1555,66,1721,245,657,205
00001760.jpg,1554,66,1720,245,662,208
00001761.jpg,1553,66,1719,245,675,213
00001762.jpg,1551,66,1717,245,680,221
00001763.jpg,1550,66,1716,245,685,225
00001764.jpg,1549,66,1715,245,696,226
00001765.jpg,1548,66,1714,245,707,235
00001766.jpg,1547,66,1713,245,711,238
00001767.jpg,1546,66,1712,245,720,241
00001768.jpg,1545,66,1711,245,732,250
00001769.jpg,1544,66,1710,245,738,260
00001770.jpg,1543,67,1709,246,748,274
00001771.jpg,1541,70,1707,249,758,284
00001772.jpg,1540,70,1706,249,761,296
00001773.jpg,1539,71,1705,250,761,301
00001774.jpg,1538,72,1704,251,761,305
00001775.jpg,1537,73,1703,252,761,310
00001776.jpg,1536,75,1702,254,762,313
00001777.jpg,1533,80,1699,259,762,320
00001778.jpg,1529,86,1695,265,755,315
00001779.jpg,1527,89,1693,268,747,315
00001780.jpg,1528,89,1694,268,741,313
00001781.jpg,1529,91,1695,270,735,311
00001782.jpg,1529,94,1695,273,726,310
00001783.jpg,1528,99,1694,278,717,315
00001784.jpg,1525,105,1691,284,1013,410
00001785.jpg,1522,113,1688,292,1023,413
00001786.jpg,1518,129,1684,308,1023,413
00001787.jpg,1513,118,1679,289,1023,413
00001788.jpg,1513,118,1679,289,1023,413
00001789.jpg,1505,132,1680,312,1023,413
00001790.jpg,1500,149,1671,326,1318,653
00001791.jpg,1500,149,1671,326,1466,644
00001792.jpg,1495,161,1666,338,1462,643
00001793.jpg,1491,174,1662,351,1462,639
00001794.jpg,1488,187,1659,364,1460,639
00001795.jpg,1478,206,1647,381,1457,636
00001796.jpg,1478,206,1647,381,1458,636
00001797.jpg,1476,215,1645,390,1461,636
00001798.jpg,1477,238,1638,410,1462,636
00001799.jpg,1477,238,1638,410,1466,639
