00011342.jpg,463,120,551,219,555,318
00011343.jpg,463,120,551,219,555,318
00011344.jpg,463,120,551,219,555,318
00011345.jpg,463,120,551,219,555,318
00011346.jpg,463,120,551,219,555,318
00011347.jpg,464,120,552,219,555,318
00011348.jpg,464,120,552,219,555,318
00011349.jpg,464,120,552,219,555,318
00011350.jpg,464,120,552,219,555,318
00011351.jpg,465,120,553,219,555,318
00011352.jpg,465,120,553,219,555,318
00011353.jpg,465,120,553,219,555,318
00011354.jpg,465,120,553,219,555,318
00011355.jpg,465,120,553,219,555,318
00011356.jpg,465,120,553,219,555,318
00011357.jpg,466,120,554,219,555,318
00011358.jpg,466,120,554,219,555,318
00011359.jpg,466,120,554,219,555,318
00011360.jpg,466,120,554,219,555,318
00011361.jpg,467,120,555,219,555,318
00011362.jpg,467,120,555,219,555,318
00011363.jpg,467,120,555,219,555,318
00011364.jpg,467,120,555,219,555,318
00011365.jpg,468,120,556,219,555,318
00011366.jpg,468,120,556,219,555,318
00011367.jpg,468,120,556,219,555,318
00011368.jpg,468,120,556,219,555,318
00011369.jpg,468,120,556,219,555,318
00011370.jpg,468,120,556,219,555,318
00011371.jpg,468,121,556,220,555,318
00011372.jpg,468,121,556,220,555,318
00011373.jpg,468,121,556,220,555,318
00011374.jpg,468,121,556,220,555,318
00011375.jpg,468,121,556,220,555,318
00011376.jpg,468,121,556,220,555,318
00011377.jpg,468,121,556,220,555,318
00011378.jpg,468,121,556,220,555,318
00011379.jpg,468,121,556,220,555,318
00011380.jpg,468,121,556,220,555,318
00011381.jpg,468,121,556,220,555,318
00011382.jpg,468,121,556,220,555,318
00011383.jpg,468,121,556,220,555,318
00011384.jpg,468,121,556,220,555,318
00011385.jpg,468,121,556,220,555,318
00011386.jpg,468,121,556,220,555,318
00011387.jpg,468,120,556,219,555,318
00011388.jpg,468,120,556,219,555,318
00011389.jpg,468,120,556,219,555,318
00011390.jpg,468,120,556,219,555,318
00011391.jpg,470,124,555,224,555,318
00011392.jpg,470,124,555,224,555,318
00011393.jpg,470,124,555,224,555,318
00011394.jpg,470,124,555,224,555,318
00011395.jpg,470,124,555,224,555,318
00011396.jpg,470,124,555,224,555,318
00011397.jpg,470,124,555,224,555,318
00011398.jpg,470,124,555,224,555,318
00011399.jpg,470,124,555,224,555,318
00011400.jpg,470,124,555,224,555,318
00011401.jpg,470,124,555,224,555,318
00011402.jpg,470,124,555,224,555,318
00011403.jpg,471,124,556,224,555,318
00011404.jpg,471,124,556,224,555,318
00011405.jpg,471,124,556,224,555,318
00011406.jpg,471,124,556,224,555,318
00011407.jpg,471,125,556,225,555,318
00011408.jpg,471,125,556,225,555,318
00011409.jpg,471,125,556,225,555,318
00011410.jpg,471,125,556,225,555,318
00011411.jpg,471,125,556,225,555,318
00011412.jpg,471,125,556,225,555,318
00011413.jpg,471,125,556,225,555,318
00011414.jpg,471,125,556,225,555,318
00011415.jpg,471,125,556,225,555,318
00011416.jpg,471,124,556,224,555,318
00011417.jpg,472,124,557,224,555,318
00011418.jpg,471,124,556,224,555,318
00011419.jpg,471,124,556,224,555,318
00011420.jpg,471,124,556,224,555,318
00011421.jpg,471,124,556,224,555,318
00011422.jpg,471,124,556,224,555,318
00011423.jpg,471,124,556,224,555,318
00011424.jpg,471,124,556,224,555,318
00011425.jpg,470,124,555,224,555,318
00011426.jpg,470,124,555,224,555,318
00011427.jpg,470,124,555,224,555,318
00011428.jpg,470,124,555,224,555,318
00011429.jpg,469,124,554,224,555,318
00011430.jpg,469,124,554,224,555,318
00011431.jpg,469,124,554,224,555,318
00011432.jpg,469,124,554,224,555,318
00011433.jpg,468,125,553,225,555,318
00011434.jpg,468,125,553,225,555,318
00011435.jpg,468,125,553,225,555,318
00011436.jpg,468,125,553,225,555,318
00011437.jpg,468,125,553,225,555,318
00011438.jpg,468,125,553,225,555,318
00011439.jpg,467,125,552,225,555,318
00011440.jpg,467,125,552,225,555,318
00011441.jpg,467,125,552,225,555,318
00011442.jpg,467,125,552,225,555,318
00011443.jpg,467,125,552,225,555,318
00011444.jpg,467,125,552,225,555,318
00011445.jpg,467,125,552,225,555,318
00011446.jpg,467,125,552,225,555,318
00011447.jpg,467,125,552,225,555,318
00011448.jpg,467,125,552,225,555,318
00011449.jpg,467,125,552,225,555,318
