00011342.jpg,937,123,1030,218,350,153
00011343.jpg,937,123,1030,218,350,153
00011344.jpg,937,123,1030,218,350,153
00011345.jpg,937,123,1030,218,350,153
00011346.jpg,937,123,1030,218,350,153
00011347.jpg,938,123,1031,218,350,153
00011348.jpg,938,123,1031,218,350,153
00011349.jpg,938,123,1031,218,350,153
00011350.jpg,938,123,1031,218,350,153
00011351.jpg,938,123,1031,218,350,153
00011352.jpg,938,123,1031,218,350,153
00011353.jpg,939,122,1032,217,350,153
00011354.jpg,939,123,1032,218,350,153
00011355.jpg,939,123,1032,218,350,153
00011356.jpg,939,123,1032,218,350,153
00011357.jpg,939,123,1032,218,350,153
00011358.jpg,939,123,1032,218,350,153
00011359.jpg,939,123,1032,218,350,153
00011360.jpg,939,123,1032,218,215,161
00011361.jpg,939,123,1032,218,218,162
00011362.jpg,939,123,1032,218,218,166
00011363.jpg,940,123,1033,218,222,167
00011364.jpg,940,123,1033,218,220,170
00011365.jpg,940,123,1033,218,222,169
00011366.jpg,941,123,1034,218,221,169
00011367.jpg,941,123,1034,218,222,171
00011368.jpg,942,123,1035,218,-1,-1
00011369.jpg,942,123,1035,218,-1,-1
00011370.jpg,943,123,1036,218,-1,-1
00011371.jpg,943,122,1036,217,-1,-1
00011372.jpg,943,122,1036,217,-1,-1
00011373.jpg,944,122,1037,217,-1,-1
00011374.jpg,944,122,1037,217,-1,-1
00011375.jpg,944,122,1037,217,-1,-1
00011376.jpg,945,121,1038,216,1124,182
00011377.jpg,945,121,1038,216,1121,185
00011378.jpg,946,121,1039,216,1119,187
00011379.jpg,946,121,1039,216,1117,185
00011380.jpg,946,121,1039,216,1115,188
00011381.jpg,946,121,1039,216,1113,189
00011382.jpg,946,121,1039,216,1111,189
00011383.jpg,946,121,1039,216,1109,189
00011384.jpg,946,121,1039,216,1107,189
00011385.jpg,946,121,1039,216,1107,189
00011386.jpg,946,121,1039,216,1106,189
00011387.jpg,946,121,1039,216,1104,189
00011388.jpg,946,121,1039,216,1103,189
00011389.jpg,945,121,1038,216,1100,191
00011390.jpg,945,121,1038,216,1096,191
00011391.jpg,945,121,1038,216,1096,191
00011392.jpg,945,121,1038,216,1096,191
00011393.jpg,945,121,1038,216,1096,191
00011394.jpg,944,121,1037,216,1096,191
00011395.jpg,944,121,1037,216,1096,191
00011396.jpg,944,121,1037,216,1091,191
00011397.jpg,944,121,1037,216,1091,192
00011398.jpg,944,121,1037,216,1091,192
00011399.jpg,944,121,1037,216,-1,-1
00011400.jpg,944,121,1037,216,-1,-1
00011401.jpg,944,121,1037,216,-1,-1
00011402.jpg,944,121,1037,216,-1,-1
00011403.jpg,944,121,1037,216,-1,-1
00011404.jpg,944,121,1037,216,-1,-1
00011405.jpg,944,121,1037,216,-1,-1
00011406.jpg,944,121,1037,216,-1,-1
00011407.jpg,944,121,1037,216,-1,-1
00011408.jpg,944,121,1037,216,-1,-1
00011409.jpg,944,121,1037,216,-1,-1
00011410.jpg,944,122,1037,217,-1,-1
00011411.jpg,944,122,1037,217,-1,-1
00011412.jpg,944,122,1037,217,-1,-1
00011413.jpg,944,122,1037,217,-1,-1
00011414.jpg,944,122,1037,217,-1,-1
00011415.jpg,944,122,1037,217,-1,-1
00011416.jpg,944,122,1037,217,-1,-1
00011417.jpg,944,122,1037,217,-1,-1
00011418.jpg,944,122,1037,217,-1,-1
00011419.jpg,944,122,1037,217,-1,-1
00011420.jpg,944,122,1037,217,-1,-1
00011421.jpg,944,122,1037,217,-1,-1
00011422.jpg,944,122,1037,217,-1,-1
00011423.jpg,945,122,1038,217,-1,-1
00011424.jpg,944,122,1037,217,-1,-1
00011425.jpg,944,122,1037,217,-1,-1
00011426.jpg,944,122,1037,217,-1,-1
00011427.jpg,944,122,1037,217,-1,-1
00011428.jpg,944,122,1037,217,-1,-1
00011429.jpg,944,122,1037,217,-1,-1
00011430.jpg,944,122,1037,217,-1,-1
00011431.jpg,944,122,1037,217,-1,-1
00011432.jpg,943,122,1036,217,-1,-1
00011433.jpg,943,122,1036,217,-1,-1
00011434.jpg,943,122,1036,217,-1,-1
00011435.jpg,943,122,1036,217,-1,-1
00011436.jpg,943,122,1036,217,-1,-1
00011437.jpg,942,122,1035,217,-1,-1
00011438.jpg,942,122,1035,217,-1,-1
00011439.jpg,942,122,1035,217,-1,-1
00011440.jpg,942,122,1035,217,-1,-1
00011441.jpg,941,123,1034,218,-1,-1
00011442.jpg,941,123,1034,218,-1,-1
00011443.jpg,941,122,1034,217,-1,-1
00011444.jpg,941,123,1034,218,-1,-1
00011445.jpg,941,122,1034,217,-1,-1
00011446.jpg,941,122,1034,217,-1,-1
00011447.jpg,941,122,1034,217,-1,-1
00011448.jpg,940,122,1033,217,-1,-1
00011449.jpg,940,122,1033,217,-1,-1
