00018357.jpg,638,139,875,408,705,559
00018358.jpg,638,139,875,408,696,558
00018359.jpg,647,140,884,409,693,556
00018360.jpg,655,137,892,406,686,555
00018361.jpg,656,136,893,405,-1,-1
00018362.jpg,663,132,900,401,-1,-1
00018363.jpg,666,131,903,400,-1,-1
00018364.jpg,669,131,906,400,-1,-1
00018365.jpg,672,133,909,402,-1,-1
00018366.jpg,671,133,908,402,-1,-1
00018367.jpg,670,134,907,403,-1,-1
00018368.jpg,670,135,907,404,-1,-1
00018369.jpg,665,135,902,404,-1,-1
00018370.jpg,657,134,894,403,-1,-1
00018371.jpg,653,133,890,402,-1,-1
00018372.jpg,645,132,882,401,523,528
00018373.jpg,653,135,883,389,363,321
00018374.jpg,653,135,883,389,366,321
00018375.jpg,645,135,875,389,362,321
00018376.jpg,642,135,872,389,361,321
00018377.jpg,639,135,869,389,356,319
00018378.jpg,637,135,867,389,345,315
00018379.jpg,640,135,870,389,327,310
00018380.jpg,637,141,862,375,318,310
00018381.jpg,637,141,862,375,392,444
00018382.jpg,641,142,866,376,392,445
00018383.jpg,647,142,872,376,388,449
00018384.jpg,656,143,881,377,388,445
00018385.jpg,664,143,889,377,292,344
00018386.jpg,668,143,893,377,291,344
00018387.jpg,678,142,903,376,298,335
00018388.jpg,684,141,909,375,297,330
00018389.jpg,696,137,921,371,298,330
00018390.jpg,707,134,932,368,295,330
00018391.jpg,722,138,930,354,287,325
00018392.jpg,722,138,930,354,285,321
00018393.jpg,725,137,933,353,282,320
00018394.jpg,733,134,941,350,278,316
00018395.jpg,738,132,946,348,277,316
00018396.jpg,740,130,948,346,278,313
00018397.jpg,744,128,952,344,283,311
00018398.jpg,746,128,954,344,283,311
00018399.jpg,750,126,958,342,293,304
00018400.jpg,755,124,963,340,293,304
00018401.jpg,757,124,965,340,297,304
00018402.jpg,761,122,969,338,303,300
00018403.jpg,763,121,971,337,305,299
00018404.jpg,765,120,973,336,320,295
00018405.jpg,767,117,975,333,333,293
00018406.jpg,766,116,974,332,340,290
00018407.jpg,765,113,973,329,345,291
00018408.jpg,764,111,972,327,346,289
00018409.jpg,761,108,969,324,352,286
00018410.jpg,758,104,966,320,357,280
00018411.jpg,756,102,964,318,358,281
00018412.jpg,752,99,960,315,363,279
00018413.jpg,751,97,959,313,368,275
00018414.jpg,748,94,956,310,377,273
00018415.jpg,744,93,952,309,390,268
00018416.jpg,745,92,953,308,401,263
00018417.jpg,746,90,954,306,410,258
00018418.jpg,746,89,954,305,410,258
00018419.jpg,748,87,956,303,421,254
00018420.jpg,752,85,960,301,432,254
00018421.jpg,754,85,962,301,445,253
00018422.jpg,759,84,967,300,453,253
00018423.jpg,762,84,970,300,460,253
00018424.jpg,768,83,976,299,470,249
00018425.jpg,775,82,983,298,495,249
00018426.jpg,778,82,986,298,506,246
00018427.jpg,785,82,993,298,520,246
00018428.jpg,789,81,997,297,522,244
00018429.jpg,794,81,1002,297,528,246
00018430.jpg,800,82,1008,298,542,246
00018431.jpg,802,82,1010,298,551,245
00018432.jpg,806,82,1014,298,560,246
00018433.jpg,808,82,1016,298,565,246
00018434.jpg,812,83,1020,299,570,246
00018435.jpg,815,83,1023,299,580,249
00018436.jpg,817,84,1025,300,586,250
00018437.jpg,821,84,1029,300,588,250
00018438.jpg,822,85,1030,301,595,249
00018439.jpg,825,86,1033,302,601,249
00018440.jpg,828,86,1036,302,605,250
00018441.jpg,830,87,1038,303,606,250
00018442.jpg,832,88,1040,304,606,250
00018443.jpg,834,88,1042,304,606,250
00018444.jpg,836,89,1044,305,610,250
00018445.jpg,837,90,1045,306,610,250
00018446.jpg,838,90,1046,306,610,253
00018447.jpg,838,91,1046,307,607,253
00018448.jpg,838,92,1046,308,601,251
00018449.jpg,838,92,1046,308,588,250
00018450.jpg,838,92,1046,308,585,250
00018451.jpg,837,93,1045,309,583,249
00018452.jpg,837,93,1045,309,573,253
00018453.jpg,836,93,1044,309,568,253
00018454.jpg,835,93,1043,309,565,253
00018455.jpg,833,94,1041,310,553,253
00018456.jpg,833,94,1041,310,548,253
00018457.jpg,831,94,1039,310,543,253
00018458.jpg,831,93,1039,309,537,253
00018459.jpg,829,94,1037,310,533,251
00018460.jpg,828,94,1036,310,522,250
00018461.jpg,827,94,1035,310,517,253
00018462.jpg,827,94,1035,310,-1,-1
