00003956.jpg,563,187,663,289,662,270
00003957.jpg,563,187,663,289,661,270
00003958.jpg,558,185,652,289,663,270
00003959.jpg,558,185,652,289,660,270
00003960.jpg,551,182,648,288,660,270
00003961.jpg,551,182,648,288,660,271
00003962.jpg,544,182,643,290,657,275
00003963.jpg,544,182,643,290,657,275
00003964.jpg,539,184,631,290,657,275
00003965.jpg,539,184,631,290,657,276
00003966.jpg,538,184,630,290,654,277
00003967.jpg,529,183,620,290,653,280
00003968.jpg,529,183,620,290,651,280
00003969.jpg,528,183,619,290,649,281
00003970.jpg,522,184,611,288,647,281
00003971.jpg,522,184,611,288,647,281
00003972.jpg,521,184,610,288,647,281
00003973.jpg,520,183,609,287,647,281
00003974.jpg,520,183,609,287,646,281
00003975.jpg,520,183,609,287,646,281
00003976.jpg,515,182,604,286,646,281
00003977.jpg,514,181,603,285,596,381
00003978.jpg,514,181,603,285,594,380
00003979.jpg,513,180,602,284,590,379
00003980.jpg,514,179,603,283,590,375
00003981.jpg,515,179,604,283,588,371
00003982.jpg,513,178,606,283,582,364
00003983.jpg,513,178,606,283,579,357
00003984.jpg,514,178,607,283,578,352
00003985.jpg,516,178,609,283,578,346
00003986.jpg,518,178,611,283,575,339
00003987.jpg,520,178,613,283,568,334
00003988.jpg,521,178,614,283,568,330
00003989.jpg,523,178,616,283,568,326
00003990.jpg,525,178,618,283,565,325
00003991.jpg,527,178,620,283,563,324
00003992.jpg,528,178,621,283,559,321
00003993.jpg,529,178,622,283,560,320
00003994.jpg,529,178,622,283,560,320
00003995.jpg,530,178,623,283,-1,-1
00003996.jpg,530,178,623,283,-1,-1
00003997.jpg,530,178,623,283,-1,-1
00003998.jpg,526,177,618,279,-1,-1
00003999.jpg,526,177,618,279,-1,-1
00004000.jpg,526,177,618,279,-1,-1
00004001.jpg,526,177,618,279,-1,-1
00004002.jpg,525,177,617,279,-1,-1
00004003.jpg,525,177,617,279,-1,-1
00004004.jpg,524,177,616,279,-1,-1
00004005.jpg,524,177,616,279,-1,-1
00004006.jpg,523,177,615,279,-1,-1
00004007.jpg,523,178,615,280,-1,-1
00004008.jpg,522,178,614,280,-1,-1
00004009.jpg,522,178,614,280,-1,-1
00004010.jpg,521,178,613,280,-1,-1
00004011.jpg,520,178,612,280,-1,-1
00004012.jpg,519,178,611,280,-1,-1
00004013.jpg,518,178,610,280,-1,-1
00004014.jpg,516,178,608,280,-1,-1
00004015.jpg,514,177,606,279,-1,-1
00004016.jpg,512,178,604,280,-1,-1
00004017.jpg,511,179,603,281,-1,-1
00004018.jpg,509,179,601,281,-1,-1
00004019.jpg,507,180,599,282,-1,-1
00004020.jpg,502,180,598,280,-1,-1
00004021.jpg,502,180,598,280,-1,-1
00004022.jpg,500,180,596,280,-1,-1
00004023.jpg,498,181,594,281,-1,-1
00004024.jpg,496,181,592,281,-1,-1
00004025.jpg,493,181,589,281,-1,-1
00004026.jpg,491,181,587,281,-1,-1
00004027.jpg,490,181,586,281,-1,-1
00004028.jpg,488,181,584,281,-1,-1
00004029.jpg,487,179,580,283,-1,-1
00004030.jpg,487,179,580,283,-1,-1
00004031.jpg,482,177,574,280,-1,-1
00004032.jpg,482,177,574,280,-1,-1
00004033.jpg,482,176,574,279,-1,-1
00004034.jpg,482,175,574,278,-1,-1
00004035.jpg,482,174,574,277,-1,-1
00004036.jpg,480,172,572,278,-1,-1
00004037.jpg,480,172,572,278,-1,-1
00004038.jpg,481,171,573,277,-1,-1
00004039.jpg,481,170,573,276,-1,-1
00004040.jpg,477,168,570,273,-1,-1
00004041.jpg,477,168,570,273,-1,-1
00004042.jpg,477,167,570,272,-1,-1
00004043.jpg,477,166,570,271,-1,-1
00004044.jpg,477,166,570,271,-1,-1
00004045.jpg,477,165,570,270,-1,-1
00004046.jpg,476,165,569,270,-1,-1
00004047.jpg,472,164,565,269,-1,-1
00004048.jpg,471,163,564,268,-1,-1
00004049.jpg,470,163,563,268,-1,-1
00004050.jpg,469,162,562,267,-1,-1
00004051.jpg,468,162,561,267,-1,-1
00004052.jpg,467,163,560,268,-1,-1
00004053.jpg,466,163,559,268,-1,-1
00004054.jpg,465,163,558,268,-1,-1
00004055.jpg,464,163,557,268,-1,-1
00004056.jpg,465,163,558,268,-1,-1
00004057.jpg,464,163,557,268,-1,-1
00004058.jpg,464,163,557,268,-1,-1
00004059.jpg,465,164,558,269,-1,-1
00004060.jpg,465,164,558,269,-1,-1
00004061.jpg,464,164,557,269,-1,-1
00004062.jpg,464,164,557,269,-1,-1
00004063.jpg,464,163,557,268,-1,-1
00004064.jpg,464,163,557,268,-1,-1
00004065.jpg,464,162,557,267,-1,-1
00004066.jpg,463,161,556,266,-1,-1
00004067.jpg,463,161,556,266,-1,-1
00004068.jpg,463,160,556,265,-1,-1
00004069.jpg,463,159,556,264,-1,-1
00004070.jpg,462,159,555,264,-1,-1
00004071.jpg,462,158,555,263,-1,-1
00004072.jpg,461,158,554,263,-1,-1
00004073.jpg,462,157,555,262,-1,-1
00004074.jpg,462,156,555,261,-1,-1
00004075.jpg,461,156,554,261,-1,-1
00004076.jpg,461,156,554,261,-1,-1
00004077.jpg,461,155,554,260,-1,-1
00004078.jpg,461,155,554,260,-1,-1
00004079.jpg,460,156,553,261,-1,-1
00004080.jpg,460,156,553,261,-1,-1
00004081.jpg,466,158,555,259,-1,-1
00004082.jpg,466,158,555,259,-1,-1
00004083.jpg,466,158,555,259,-1,-1
00004084.jpg,466,159,555,260,-1,-1
00004085.jpg,466,159,555,260,-1,-1
00004086.jpg,466,160,555,261,-1,-1
00004087.jpg,466,160,555,261,-1,-1
00004088.jpg,466,161,555,262,-1,-1
00004089.jpg,466,161,555,262,-1,-1
00004090.jpg,466,162,555,263,-1,-1
00004091.jpg,466,162,555,263,-1,-1
00004092.jpg,466,163,555,264,-1,-1
00004093.jpg,466,163,555,264,-1,-1
00004094.jpg,466,163,555,264,-1,-1
00004095.jpg,465,164,554,265,-1,-1
00004096.jpg,465,164,554,265,-1,-1
00004097.jpg,465,164,554,265,-1,-1
00004098.jpg,465,164,554,265,-1,-1
00004099.jpg,465,164,554,265,-1,-1
00004100.jpg,465,164,554,265,-1,-1
00004101.jpg,464,165,553,266,-1,-1
00004102.jpg,464,165,553,266,-1,-1
00004103.jpg,464,164,553,265,-1,-1
00004104.jpg,464,164,553,265,-1,-1
00004105.jpg,463,163,552,264,-1,-1
00004106.jpg,463,163,552,264,-1,-1
00004107.jpg,469,161,557,258,-1,-1
00004108.jpg,469,161,557,258,-1,-1
00004109.jpg,469,160,557,257,-1,-1
00004110.jpg,468,160,556,257,-1,-1
00004111.jpg,468,159,556,256,-1,-1
00004112.jpg,467,159,555,256,-1,-1
00004113.jpg,466,158,554,255,-1,-1
00004114.jpg,466,158,554,255,-1,-1
00004115.jpg,465,157,553,254,-1,-1
00004116.jpg,465,157,553,254,-1,-1
00004117.jpg,464,156,552,253,-1,-1
00004118.jpg,464,156,552,253,-1,-1
00004119.jpg,463,156,551,253,-1,-1
00004120.jpg,464,155,552,252,-1,-1
00004121.jpg,463,154,551,251,-1,-1
00004122.jpg,462,154,550,251,-1,-1
00004123.jpg,462,154,550,251,-1,-1
00004124.jpg,464,153,552,250,-1,-1
00004125.jpg,462,153,550,250,-1,-1
00004126.jpg,461,153,549,250,-1,-1
00004127.jpg,461,153,549,250,-1,-1
00004128.jpg,460,153,548,250,-1,-1
00004129.jpg,459,152,547,249,-1,-1
00004130.jpg,458,153,546,250,-1,-1
00004131.jpg,458,152,546,249,-1,-1
00004132.jpg,458,152,546,249,-1,-1
00004133.jpg,457,152,545,249,-1,-1
00004134.jpg,457,152,545,249,-1,-1
00004135.jpg,456,152,544,249,-1,-1
00004136.jpg,456,152,544,249,-1,-1
