00007360.jpg,101,253,223,373,449,171
00007361.jpg,101,253,223,373,442,171
00007362.jpg,101,253,223,373,440,172
00007363.jpg,101,253,223,373,442,171
00007364.jpg,105,253,227,373,443,173
00007365.jpg,108,253,230,373,449,172
00007366.jpg,104,253,226,373,443,171
00007367.jpg,94,254,216,374,432,174
00007368.jpg,82,251,204,371,423,171
00007369.jpg,79,249,201,369,418,171
00007370.jpg,88,248,210,368,422,172
00007371.jpg,102,247,224,367,438,184
00007372.jpg,115,243,237,363,453,178
00007373.jpg,120,238,242,358,456,173
00007374.jpg,119,239,241,359,458,174
00007375.jpg,116,243,238,363,456,177
00007376.jpg,118,246,240,366,453,183
00007377.jpg,124,249,246,369,461,183
00007378.jpg,124,249,246,369,465,184
00007379.jpg,121,250,243,370,459,185
00007380.jpg,118,250,240,370,454,187
00007381.jpg,119,251,241,371,456,189
00007382.jpg,123,252,245,372,456,189
00007383.jpg,127,250,249,370,459,188
00007384.jpg,128,247,250,367,461,187
00007385.jpg,128,247,250,367,462,182
