00018611.jpg,341,455,473,593,422,625
00018612.jpg,341,455,473,593,416,624
00018613.jpg,341,455,473,593,416,624
00018614.jpg,341,455,473,593,412,623
00018615.jpg,341,455,473,593,415,624
00018616.jpg,341,455,473,593,971,738
00018617.jpg,341,454,473,592,972,733
00018618.jpg,341,454,473,592,1060,555
00018619.jpg,341,454,473,592,1062,545
00018620.jpg,341,453,473,591,1180,459
00018621.jpg,341,453,473,591,1183,453
00018622.jpg,341,452,473,590,1367,429
00018623.jpg,341,452,473,590,1382,416
00018624.jpg,341,452,473,590,1418,308
00018625.jpg,340,451,472,589,1392,235
00018626.jpg,340,451,472,589,1391,229
00018627.jpg,340,451,472,589,1386,234
00018628.jpg,339,451,471,589,1386,234
00018629.jpg,339,451,471,589,1385,235
00018630.jpg,339,451,471,589,1381,231
00018631.jpg,339,451,471,589,1376,230
00018632.jpg,338,451,470,589,1371,230
00018633.jpg,338,451,470,589,1370,226
00018634.jpg,338,451,470,589,1363,229
00018635.jpg,338,451,470,589,1361,230
00018636.jpg,338,451,470,589,1355,233
00018637.jpg,338,451,470,589,1347,233
00018638.jpg,338,451,470,589,1332,238
00018639.jpg,339,451,471,589,1322,234
00018640.jpg,339,451,471,589,1316,233
00018641.jpg,339,451,471,589,1317,238
00018642.jpg,339,451,471,589,1315,235
00018643.jpg,339,451,471,589,1315,234
00018644.jpg,339,451,471,589,1315,234
00018645.jpg,338,450,470,588,423,621
00018646.jpg,339,450,471,588,423,621
00018647.jpg,339,449,471,587,423,621
00018648.jpg,339,450,471,588,423,621
00018649.jpg,340,450,472,588,415,618
00018650.jpg,341,451,473,589,415,618
00018651.jpg,343,452,475,590,415,618
00018652.jpg,344,452,476,590,415,618
00018653.jpg,345,453,477,591,420,618
00018654.jpg,347,455,479,593,416,619
00018655.jpg,349,456,481,594,416,619
00018656.jpg,350,457,482,595,413,621
00018657.jpg,352,458,484,596,413,623
00018658.jpg,353,459,485,597,415,625
00018659.jpg,354,459,486,597,415,625
00018660.jpg,354,460,486,598,415,625
00018661.jpg,355,460,487,598,415,625
00018662.jpg,355,461,487,599,416,624
00018663.jpg,355,462,487,600,418,624
00018664.jpg,355,462,487,600,418,624
00018665.jpg,355,463,487,601,418,624
00018666.jpg,355,463,487,601,415,630
00018667.jpg,355,463,487,601,415,630
00018668.jpg,354,463,486,601,415,630
00018669.jpg,354,463,486,601,413,630
00018670.jpg,353,463,485,601,413,630
00018671.jpg,353,463,485,601,413,630
00018672.jpg,353,463,485,601,413,630
