00003476.jpg,814,50,1064,290,786,621
00003477.jpg,814,50,1064,290,786,621
00003478.jpg,814,50,1064,290,786,621
00003479.jpg,841,51,1086,292,786,621
00003480.jpg,841,51,1086,292,786,621
00003481.jpg,846,51,1091,292,786,621
00003482.jpg,850,51,1095,292,786,621
00003483.jpg,855,52,1100,293,786,621
00003484.jpg,859,52,1104,293,786,621
00003485.jpg,862,53,1107,294,786,621
00003486.jpg,865,53,1110,294,786,621
00003487.jpg,869,53,1114,294,786,621
00003488.jpg,873,53,1118,294,786,621
00003489.jpg,877,53,1122,294,786,621
00003490.jpg,881,54,1126,295,786,621
00003491.jpg,885,54,1130,295,786,621
00003492.jpg,888,53,1133,294,786,621
00003493.jpg,892,53,1137,294,786,621
00003494.jpg,895,53,1140,294,786,621
00003495.jpg,898,53,1143,294,786,621
00003496.jpg,901,53,1146,294,786,621
00003497.jpg,903,52,1148,293,786,621
00003498.jpg,906,53,1151,294,786,621
00003499.jpg,907,52,1152,293,786,621
00003500.jpg,909,52,1154,293,786,621
00003501.jpg,911,52,1156,293,-1,-1
00003502.jpg,912,52,1157,293,-1,-1
00003503.jpg,913,53,1158,294,-1,-1
00003504.jpg,913,53,1158,294,-1,-1
00003505.jpg,914,53,1159,294,-1,-1
00003506.jpg,915,53,1160,294,-1,-1
00003507.jpg,915,52,1160,293,-1,-1
00003508.jpg,916,53,1161,294,-1,-1
00003509.jpg,917,53,1162,294,-1,-1
00003510.jpg,918,52,1163,293,258,159
00003511.jpg,919,52,1164,293,258,159
00003512.jpg,919,52,1164,293,253,159
00003513.jpg,919,52,1164,293,250,159
00003514.jpg,918,51,1163,292,242,160
00003515.jpg,918,51,1163,292,240,157
00003516.jpg,917,50,1162,291,240,154
00003517.jpg,916,51,1161,292,240,153
00003518.jpg,914,51,1159,292,240,150
00003519.jpg,912,51,1157,292,-1,-1
00003520.jpg,910,50,1155,291,-1,-1
00003521.jpg,908,51,1153,292,-1,-1
00003522.jpg,903,50,1148,291,-1,-1
00003523.jpg,901,51,1146,292,-1,-1
00003524.jpg,899,53,1144,294,-1,-1
00003525.jpg,898,53,1143,294,-1,-1
00003526.jpg,896,53,1141,294,-1,-1
00003527.jpg,894,53,1139,294,-1,-1
00003528.jpg,893,54,1138,295,775,614
00003529.jpg,893,55,1138,296,775,614
00003530.jpg,892,55,1137,296,775,614
00003531.jpg,892,55,1137,296,775,614
00003532.jpg,891,55,1136,296,775,614
00003533.jpg,890,55,1135,296,775,614
00003534.jpg,889,56,1134,297,775,614
00003535.jpg,888,56,1133,297,775,614
00003536.jpg,887,56,1132,297,778,621
00003537.jpg,885,56,1130,297,778,621
00003538.jpg,884,56,1129,297,778,621
00003539.jpg,883,56,1128,297,778,621
00003540.jpg,882,56,1127,297,778,621
00003541.jpg,881,56,1126,297,778,621
00003542.jpg,881,56,1126,297,778,621
00003543.jpg,880,57,1125,298,778,621
00003544.jpg,879,58,1124,299,778,621
00003545.jpg,878,59,1123,300,778,621
00003546.jpg,877,61,1122,302,778,621
00003547.jpg,876,62,1121,303,778,621
00003548.jpg,875,62,1120,303,778,621
00003549.jpg,874,63,1119,304,778,621
00003550.jpg,873,64,1118,305,778,621
00003551.jpg,873,64,1118,305,778,621
00003552.jpg,873,64,1118,305,778,621
00003553.jpg,874,64,1119,305,778,621
00003554.jpg,874,64,1119,305,778,621
00003555.jpg,874,65,1119,306,778,621
00003556.jpg,874,65,1119,306,778,621
00003557.jpg,874,66,1119,307,778,621
00003558.jpg,874,66,1119,307,778,621
00003559.jpg,874,66,1119,307,778,621
00003560.jpg,874,66,1119,307,778,621
00003561.jpg,873,66,1118,307,778,621
00003562.jpg,873,66,1118,307,778,621
00003563.jpg,873,65,1118,306,778,621
00003564.jpg,873,65,1118,306,778,621
00003565.jpg,873,63,1118,304,778,621
00003566.jpg,873,62,1118,303,778,621
00003567.jpg,874,61,1119,302,778,621
00003568.jpg,874,61,1119,302,778,621
00003569.jpg,875,60,1120,301,778,621
00003570.jpg,875,61,1120,302,778,621
00003571.jpg,876,61,1121,302,778,621
00003572.jpg,876,62,1121,303,778,621
00003573.jpg,876,63,1121,304,778,621
00003574.jpg,876,63,1121,304,778,621
00003575.jpg,876,63,1121,304,778,621
00003576.jpg,876,63,1121,304,778,621
00003577.jpg,876,63,1121,304,778,621
00003578.jpg,877,63,1122,304,778,621
00003579.jpg,877,63,1122,304,778,621
00003580.jpg,878,62,1123,303,778,621
00003581.jpg,878,63,1123,304,778,621
00003582.jpg,879,63,1124,304,778,621
00003583.jpg,878,63,1123,304,778,621
00003584.jpg,878,63,1123,304,778,621
00003585.jpg,878,64,1123,305,778,621
00003586.jpg,878,64,1123,305,778,621
00003587.jpg,878,64,1123,305,778,621
00003588.jpg,878,63,1123,304,778,621
00003589.jpg,877,63,1122,304,778,621
00003590.jpg,877,63,1122,304,778,621
00003591.jpg,877,62,1122,303,778,621
00003592.jpg,877,62,1122,303,778,621
00003593.jpg,877,61,1122,302,778,621
00003594.jpg,876,61,1121,302,778,621
00003595.jpg,876,60,1121,301,-1,-1
00003596.jpg,876,60,1121,301,-1,-1
00003597.jpg,876,60,1121,301,-1,-1
00003598.jpg,876,60,1121,301,376,162
00003599.jpg,875,60,1120,301,378,164
00003600.jpg,873,60,1118,301,379,167
00003601.jpg,873,60,1118,301,383,169
00003602.jpg,873,59,1118,300,383,168
00003603.jpg,873,59,1118,300,382,163
00003604.jpg,874,58,1119,299,383,152
00003605.jpg,875,57,1120,298,381,148
00003606.jpg,875,56,1120,297,379,144
00003607.jpg,876,55,1121,296,377,141
00003608.jpg,875,54,1120,295,378,141
00003609.jpg,874,54,1119,295,378,141
00003610.jpg,873,53,1118,294,382,147
00003611.jpg,870,53,1115,294,385,151
00003612.jpg,868,53,1113,294,389,159
00003613.jpg,865,52,1110,293,389,166
00003614.jpg,862,53,1107,294,393,173
00003615.jpg,860,53,1105,294,396,179
00003616.jpg,859,55,1104,296,397,180
00003617.jpg,858,57,1103,298,397,182
00003618.jpg,857,59,1102,300,397,183
00003619.jpg,858,60,1103,301,394,175
00003620.jpg,857,62,1102,303,389,168
00003621.jpg,856,64,1101,305,-1,-1
00003622.jpg,856,65,1101,306,-1,-1
00003623.jpg,855,67,1100,308,-1,-1
00003624.jpg,855,70,1100,311,-1,-1
00003625.jpg,856,72,1101,313,-1,-1
00003626.jpg,856,74,1101,315,765,620
00003627.jpg,858,76,1103,317,765,620
00003628.jpg,861,79,1106,320,765,620
00003629.jpg,863,81,1108,322,765,620
00003630.jpg,865,82,1110,323,765,620
00003631.jpg,867,82,1112,323,765,620
00003632.jpg,868,83,1113,324,765,620
00003633.jpg,868,82,1113,323,765,620
00003634.jpg,869,82,1114,323,765,620
00003635.jpg,869,81,1114,322,765,620
00003636.jpg,869,80,1114,321,765,620
00003637.jpg,869,80,1114,321,765,620
00003638.jpg,869,79,1114,320,765,620
00003639.jpg,870,79,1115,320,765,620
00003640.jpg,870,78,1115,319,765,620
00003641.jpg,871,77,1116,318,765,619
00003642.jpg,872,76,1117,317,765,619
00003643.jpg,873,74,1118,315,765,619
00003644.jpg,873,72,1118,313,765,619
00003645.jpg,874,71,1119,312,765,619
00003646.jpg,875,69,1120,310,765,619
00003647.jpg,876,68,1121,309,765,619
00003648.jpg,875,67,1120,308,765,619
00003649.jpg,875,66,1120,307,765,619
00003650.jpg,875,65,1120,306,765,619
00003651.jpg,876,64,1121,305,765,619
00003652.jpg,876,63,1121,304,-1,-1
00003653.jpg,877,62,1122,303,-1,-1
00003654.jpg,877,61,1122,302,-1,-1
00003655.jpg,878,61,1123,302,-1,-1
00003656.jpg,878,60,1123,301,-1,-1
00003657.jpg,879,60,1124,301,-1,-1
00003658.jpg,880,59,1125,300,-1,-1
00003659.jpg,880,59,1125,300,-1,-1
00003660.jpg,881,57,1126,298,-1,-1
00003661.jpg,881,57,1126,298,-1,-1
00003662.jpg,881,57,1126,298,-1,-1
00003663.jpg,881,56,1126,297,-1,-1
00003664.jpg,881,56,1126,297,-1,-1
00003665.jpg,882,56,1127,297,-1,-1
00003666.jpg,883,55,1128,296,-1,-1
00003667.jpg,883,55,1128,296,-1,-1
00003668.jpg,883,55,1128,296,-1,-1
00003669.jpg,882,56,1127,297,-1,-1
00003670.jpg,882,58,1127,299,-1,-1
00003671.jpg,884,58,1129,299,369,158
00003672.jpg,885,57,1130,298,358,153
00003673.jpg,889,55,1134,296,349,152
00003674.jpg,893,55,1138,296,332,150
00003675.jpg,897,55,1142,296,327,154
00003676.jpg,900,54,1145,295,320,159
00003677.jpg,901,53,1146,294,314,162
00003678.jpg,902,53,1147,294,314,166
00003679.jpg,902,54,1147,295,314,166
00003680.jpg,902,54,1147,295,314,166
00003681.jpg,900,51,1145,292,314,166
00003682.jpg,900,50,1145,291,314,165
00003683.jpg,901,50,1146,291,313,153
00003684.jpg,902,50,1147,291,314,152
00003685.jpg,903,51,1148,292,316,149
00003686.jpg,905,52,1150,293,320,150
00003687.jpg,904,51,1149,292,-1,-1
00003688.jpg,904,53,1149,294,-1,-1
00003689.jpg,904,54,1149,295,-1,-1
00003690.jpg,903,56,1148,297,-1,-1
00003691.jpg,903,57,1148,298,770,618
00003692.jpg,902,57,1147,298,770,618
00003693.jpg,901,57,1146,298,770,618
00003694.jpg,901,59,1146,300,770,618
00003695.jpg,901,60,1146,301,770,618
00003696.jpg,900,62,1145,303,770,618
00003697.jpg,899,64,1144,305,770,618
00003698.jpg,897,66,1142,307,770,618
00003699.jpg,895,66,1140,307,770,618
00003700.jpg,894,67,1139,308,770,618
00003701.jpg,893,68,1138,309,770,618
00003702.jpg,892,68,1137,309,770,618
00003703.jpg,891,68,1136,309,770,618
00003704.jpg,891,69,1136,310,770,618
00003705.jpg,890,68,1135,309,770,618
00003706.jpg,890,68,1135,309,770,618
00003707.jpg,889,68,1134,309,770,618
00003708.jpg,889,68,1134,309,770,618
00003709.jpg,889,68,1134,309,770,618
00003710.jpg,889,68,1134,309,770,618
00003711.jpg,888,68,1133,309,770,618
00003712.jpg,888,68,1133,309,770,618
00003713.jpg,887,69,1132,310,770,618
00003714.jpg,887,69,1132,310,770,618
00003715.jpg,887,68,1132,309,770,618
00003716.jpg,887,68,1132,309,770,618
00003717.jpg,887,68,1132,309,770,618
00003718.jpg,888,67,1133,308,770,622
00003719.jpg,889,67,1134,308,770,618
00003720.jpg,890,68,1135,309,-1,-1
00003721.jpg,891,68,1136,309,-1,-1
00003722.jpg,891,66,1136,307,-1,-1
00003723.jpg,892,66,1137,307,-1,-1
00003724.jpg,894,66,1139,307,-1,-1
00003725.jpg,895,65,1140,306,-1,-1
00003726.jpg,896,66,1141,307,-1,-1
00003727.jpg,896,66,1141,307,-1,-1
00003728.jpg,895,66,1140,307,-1,-1
00003729.jpg,896,67,1141,308,-1,-1
00003730.jpg,896,67,1141,308,-1,-1
00003731.jpg,895,67,1140,308,-1,-1
00003732.jpg,895,67,1140,308,-1,-1
00003733.jpg,894,67,1139,308,-1,-1
00003734.jpg,894,67,1139,308,-1,-1
00003735.jpg,894,67,1139,308,-1,-1
00003736.jpg,894,67,1139,308,-1,-1
00003737.jpg,893,67,1138,308,-1,-1
00003738.jpg,893,67,1138,308,-1,-1
00003739.jpg,893,67,1138,308,-1,-1
00003740.jpg,893,67,1138,308,-1,-1
00003741.jpg,893,67,1138,308,-1,-1
00003742.jpg,892,67,1137,308,-1,-1
00003743.jpg,892,66,1137,307,-1,-1
00003744.jpg,892,66,1137,307,-1,-1
00003745.jpg,891,66,1136,307,-1,-1
00003746.jpg,890,67,1135,308,-1,-1
00003747.jpg,890,68,1135,309,-1,-1
00003748.jpg,890,68,1135,309,-1,-1
00003749.jpg,890,69,1135,310,-1,-1
00003750.jpg,889,70,1134,311,-1,-1
00003751.jpg,889,71,1134,312,372,167
00003752.jpg,888,71,1133,312,372,167
00003753.jpg,889,72,1134,313,372,166
00003754.jpg,889,72,1134,313,372,166
00003755.jpg,889,72,1134,313,372,166
00003756.jpg,889,71,1134,312,372,166
00003757.jpg,889,71,1134,312,372,164
00003758.jpg,877,74,1117,294,372,162
00003759.jpg,877,74,1117,294,372,162
00003760.jpg,878,73,1118,293,371,162
00003761.jpg,879,73,1119,293,370,162
00003762.jpg,879,73,1119,293,370,162
00003763.jpg,879,73,1119,293,369,162
00003764.jpg,878,74,1118,294,368,161
00003765.jpg,876,75,1116,295,366,161
00003766.jpg,875,75,1115,295,366,161
00003767.jpg,874,74,1114,294,366,161
00003768.jpg,875,73,1115,293,366,161
00003769.jpg,875,72,1115,292,366,161
00003770.jpg,876,71,1116,291,366,161
00003771.jpg,877,70,1117,290,366,161
00003772.jpg,877,69,1117,289,366,161
00003773.jpg,876,68,1116,288,366,161
00003774.jpg,875,68,1115,288,366,161
00003775.jpg,874,69,1114,289,366,161
00003776.jpg,874,70,1114,290,366,161
00003777.jpg,872,71,1112,291,366,161
00003778.jpg,870,72,1110,292,366,161
00003779.jpg,868,73,1108,293,366,162
00003780.jpg,866,74,1106,294,366,162
00003781.jpg,864,74,1104,294,366,162
00003782.jpg,863,74,1103,294,366,162
00003783.jpg,862,74,1102,294,366,162
00003784.jpg,862,72,1102,292,366,162
00003785.jpg,863,70,1103,290,366,162
00003786.jpg,865,67,1105,287,366,162
00003787.jpg,867,66,1107,286,366,162
00003788.jpg,867,66,1107,286,366,162
00003789.jpg,867,67,1107,287,366,162
00003790.jpg,866,67,1106,287,366,162
00003791.jpg,864,68,1104,288,366,162
00003792.jpg,864,70,1104,290,366,162
00003793.jpg,863,71,1103,291,362,162
00003794.jpg,861,72,1101,292,359,159
00003795.jpg,861,73,1101,293,349,155
00003796.jpg,861,74,1101,294,339,146
00003797.jpg,860,74,1100,294,325,141
00003798.jpg,860,74,1100,294,321,134
00003799.jpg,860,74,1100,294,319,134
00003800.jpg,860,74,1100,294,319,134
00003801.jpg,859,74,1099,294,328,129
00003802.jpg,859,74,1099,294,328,130
00003803.jpg,859,74,1099,294,325,131
00003804.jpg,859,74,1099,294,322,133
00003805.jpg,859,74,1099,294,320,133
00003806.jpg,859,74,1099,294,325,135
00003807.jpg,859,74,1099,294,334,139
