00000449.jpg,952,108,1192,351,803,220
00000450.jpg,952,108,1192,351,803,220
00000451.jpg,952,108,1192,351,798,219
00000452.jpg,952,108,1192,351,790,216
00000453.jpg,952,108,1192,351,786,215
00000454.jpg,953,109,1193,352,783,214
00000455.jpg,953,109,1193,352,779,214
00000456.jpg,954,109,1194,352,776,214
00000457.jpg,954,108,1194,351,775,214
00000458.jpg,954,108,1194,351,775,214
00000459.jpg,954,108,1194,351,770,212
00000460.jpg,954,108,1194,351,770,212
00000461.jpg,937,111,1194,367,766,211
00000462.jpg,937,111,1194,367,763,210
00000463.jpg,939,111,1196,367,323,300
00000464.jpg,939,110,1196,366,322,304
00000465.jpg,940,110,1197,366,325,303
00000466.jpg,935,103,1193,360,326,303
00000467.jpg,935,103,1193,360,326,303
00000468.jpg,937,103,1195,360,328,303
00000469.jpg,939,102,1197,359,333,305
00000470.jpg,941,102,1199,359,335,307
00000471.jpg,942,102,1200,359,336,307
00000472.jpg,945,101,1203,358,339,307
00000473.jpg,948,100,1206,357,341,308
00000474.jpg,951,99,1209,356,344,308
00000475.jpg,953,99,1211,356,345,308
00000476.jpg,955,98,1213,355,346,308
00000477.jpg,956,98,1214,355,348,308
00000478.jpg,957,98,1215,355,348,308
00000479.jpg,957,98,1215,355,348,308
00000480.jpg,957,98,1215,355,352,303
00000481.jpg,957,98,1215,355,356,301
00000482.jpg,956,99,1214,356,357,300
00000483.jpg,954,101,1212,358,359,299
00000484.jpg,951,102,1209,359,359,299
00000485.jpg,950,103,1208,360,360,297
00000486.jpg,948,105,1206,362,358,296
00000487.jpg,947,106,1205,363,358,296
00000488.jpg,947,105,1205,362,358,295
00000489.jpg,948,105,1206,362,356,295
00000490.jpg,949,105,1207,362,356,295
00000491.jpg,949,105,1207,362,356,295
00000492.jpg,949,104,1207,361,356,295
00000493.jpg,949,104,1207,361,358,300
00000494.jpg,949,104,1207,361,356,300
00000495.jpg,950,103,1208,360,355,300
00000496.jpg,950,102,1208,359,352,301
00000497.jpg,950,101,1208,358,352,301
00000498.jpg,950,101,1208,358,352,301
00000499.jpg,950,101,1208,358,352,301
00000500.jpg,950,101,1208,358,352,301
00000501.jpg,950,101,1208,358,349,301
00000502.jpg,949,102,1207,359,349,301
00000503.jpg,950,102,1208,359,348,301
00000504.jpg,950,102,1208,359,346,301
00000505.jpg,951,102,1209,359,346,301
00000506.jpg,951,102,1209,359,343,300
00000507.jpg,952,102,1210,359,575,235
00000508.jpg,952,102,1210,359,575,235
00000509.jpg,952,103,1210,360,575,235
00000510.jpg,952,103,1210,360,578,235
00000511.jpg,952,104,1210,361,580,235
00000512.jpg,953,104,1211,361,581,235
00000513.jpg,953,104,1211,361,582,235
00000514.jpg,953,105,1211,362,582,235
00000515.jpg,953,105,1211,362,583,235
00000516.jpg,954,105,1212,362,583,235
00000517.jpg,954,105,1212,362,583,235
00000518.jpg,955,105,1213,362,583,235
00000519.jpg,956,105,1214,362,582,235
00000520.jpg,957,105,1215,362,580,233
00000521.jpg,957,105,1215,362,575,231
00000522.jpg,958,105,1216,362,573,229
00000523.jpg,959,104,1217,361,569,228
00000524.jpg,959,104,1217,361,328,302
00000525.jpg,959,103,1217,360,328,305
00000526.jpg,959,103,1217,360,328,303
00000527.jpg,958,103,1216,360,328,303
00000528.jpg,956,103,1214,360,328,303
00000529.jpg,953,103,1211,360,328,304
00000530.jpg,951,103,1209,360,327,306
00000531.jpg,946,103,1204,360,327,306
00000532.jpg,939,104,1197,361,327,306
00000533.jpg,933,105,1191,362,327,308
00000534.jpg,926,107,1184,364,331,308
00000535.jpg,921,108,1179,365,570,214
00000536.jpg,916,109,1174,366,574,210
00000537.jpg,910,112,1168,369,574,206
00000538.jpg,905,114,1163,371,574,206
00000539.jpg,898,115,1156,372,578,203
00000540.jpg,898,115,1156,372,577,203
