00005639.jpg,614,51,1117,612,896,948
00005640.jpg,614,51,1117,612,894,942
00005641.jpg,614,51,1117,612,890,932
00005642.jpg,614,51,1117,612,892,936
00005643.jpg,614,52,1117,613,894,941
00005644.jpg,614,52,1117,613,1028,876
00005645.jpg,614,52,1117,613,1821,1000
00005646.jpg,614,51,1117,612,1862,818
00005647.jpg,615,50,1118,611,-1,-1
00005648.jpg,616,48,1119,609,-1,-1
00005649.jpg,617,47,1120,608,-1,-1
00005650.jpg,617,45,1120,606,-1,-1
00005651.jpg,618,43,1121,604,-1,-1
00005652.jpg,619,41,1122,602,-1,-1
00005653.jpg,620,39,1123,600,-1,-1
00005654.jpg,620,37,1123,598,-1,-1
00005655.jpg,621,36,1124,597,-1,-1
00005656.jpg,622,34,1125,595,-1,-1
00005657.jpg,623,32,1126,593,-1,-1
00005658.jpg,624,31,1127,592,-1,-1
00005659.jpg,623,35,1126,596,-1,-1
00005660.jpg,620,50,1123,611,-1,-1
00005661.jpg,620,50,1123,611,-1,-1
00005662.jpg,619,50,1122,611,-1,-1
00005663.jpg,619,50,1122,611,-1,-1
00005664.jpg,619,50,1122,611,-1,-1
00005665.jpg,619,50,1122,611,-1,-1
00005666.jpg,618,51,1121,612,-1,-1
00005667.jpg,618,51,1121,612,-1,-1
00005668.jpg,619,50,1122,611,-1,-1
00005669.jpg,618,51,1121,612,-1,-1
00005670.jpg,616,51,1119,612,-1,-1
00005671.jpg,617,50,1120,611,-1,-1
00005672.jpg,618,50,1121,611,-1,-1
00005673.jpg,617,50,1120,611,-1,-1
00005674.jpg,615,51,1118,612,-1,-1
00005675.jpg,616,51,1119,612,1866,736
00005676.jpg,616,51,1119,612,1846,896
00005677.jpg,615,52,1118,613,1849,822
00005678.jpg,614,53,1117,614,1805,922
00005679.jpg,613,53,1116,614,1805,922
00005680.jpg,614,53,1117,614,1805,922
00005681.jpg,613,53,1116,614,1805,922
00005682.jpg,613,53,1116,614,1805,922
00005683.jpg,613,53,1116,614,1806,922
00005684.jpg,613,52,1116,613,1806,922
00005685.jpg,613,52,1116,613,1806,922
00005686.jpg,613,53,1116,614,1806,922
00005687.jpg,613,53,1116,614,1806,922
00005688.jpg,614,53,1117,614,1806,922
00005689.jpg,614,53,1117,614,1806,922
00005690.jpg,614,53,1117,614,1806,922
00005691.jpg,613,53,1116,614,1806,922
00005692.jpg,614,52,1117,613,1806,922
00005693.jpg,614,52,1117,613,1806,922
00005694.jpg,613,53,1116,614,1806,922
00005695.jpg,613,53,1116,614,1806,922
00005696.jpg,613,53,1116,614,1806,922
00005697.jpg,613,52,1116,613,1806,922
00005698.jpg,613,52,1116,613,1806,922
00005699.jpg,612,52,1115,613,1806,922
00005700.jpg,611,53,1114,614,1806,922
00005701.jpg,611,53,1114,614,1806,922
00005702.jpg,611,53,1114,614,1806,922
00005703.jpg,610,53,1113,614,1806,922
00005704.jpg,610,53,1113,614,1806,922
00005705.jpg,610,52,1113,613,1806,922
00005706.jpg,610,52,1113,613,1806,922
00005707.jpg,609,52,1112,613,1806,922
00005708.jpg,609,52,1112,613,1806,922
00005709.jpg,610,52,1113,613,1806,922
00005710.jpg,610,52,1113,613,1806,922
00005711.jpg,609,52,1112,613,1806,922
00005712.jpg,609,52,1112,613,1806,922
00005713.jpg,609,52,1112,613,1806,922
00005714.jpg,610,52,1113,613,1806,922
00005715.jpg,610,52,1113,613,1806,922
00005716.jpg,610,52,1113,613,1806,922
00005717.jpg,609,52,1112,613,1806,922
00005718.jpg,609,52,1112,613,1806,922
00005719.jpg,610,53,1113,614,1806,922
00005720.jpg,610,53,1113,614,1806,922
00005721.jpg,610,53,1113,614,1806,922
00005722.jpg,609,53,1112,614,1806,922
00005723.jpg,609,53,1112,614,1806,922
00005724.jpg,609,53,1112,614,1806,922
00005725.jpg,609,53,1112,614,1806,922
