00004718.jpg,93,4,574,390,-1,-1
00004719.jpg,93,4,574,390,-1,-1
00004720.jpg,93,4,574,390,-1,-1
00004721.jpg,93,4,574,390,-1,-1
00004722.jpg,94,4,575,390,-1,-1
00004723.jpg,95,5,576,391,-1,-1
00004724.jpg,97,5,578,391,-1,-1
00004725.jpg,99,5,580,391,-1,-1
00004726.jpg,101,5,582,391,-1,-1
00004727.jpg,101,5,582,391,-1,-1
00004728.jpg,103,5,584,391,-1,-1
00004729.jpg,105,6,586,392,-1,-1
00004730.jpg,107,6,588,392,-1,-1
00004731.jpg,108,6,589,392,-1,-1
00004732.jpg,109,6,590,392,-1,-1
00004733.jpg,110,6,591,392,-1,-1
00004734.jpg,110,6,591,392,-1,-1
00004735.jpg,111,6,592,392,-1,-1
00004736.jpg,110,6,591,392,-1,-1
00004737.jpg,109,7,590,393,-1,-1
00004738.jpg,107,8,588,394,-1,-1
00004739.jpg,107,8,588,394,-1,-1
00004740.jpg,105,9,586,395,-1,-1
00004741.jpg,101,11,582,397,-1,-1
00004742.jpg,97,11,578,397,-1,-1
00004743.jpg,93,11,574,397,-1,-1
00004744.jpg,89,11,570,397,-1,-1
00004745.jpg,89,11,570,397,-1,-1
00004746.jpg,85,12,566,398,-1,-1
00004747.jpg,80,14,561,400,-1,-1
00004748.jpg,77,15,558,401,-1,-1
00004749.jpg,74,15,555,401,-1,-1
00004750.jpg,71,15,552,401,-1,-1
00004751.jpg,71,15,552,401,-1,-1
00004752.jpg,68,15,549,401,-1,-1
00004753.jpg,64,14,545,400,-1,-1
00004754.jpg,60,11,541,397,-1,-1
00004755.jpg,55,9,536,395,-1,-1
00004756.jpg,52,6,533,392,940,701
00004757.jpg,52,6,533,392,942,698
00004758.jpg,51,3,532,389,938,686
00004759.jpg,49,2,530,388,943,679
00004760.jpg,49,0,530,386,940,669
00004761.jpg,48,0,529,386,940,668
00004762.jpg,48,0,529,386,932,671
00004763.jpg,48,0,529,386,932,671
00004764.jpg,49,0,530,386,932,671
00004765.jpg,51,0,532,386,932,671
00004766.jpg,51,0,532,386,932,671
