00004718.jpg,756,116,1012,408,-1,-1
00004719.jpg,756,116,1012,408,-1,-1
00004720.jpg,756,116,1012,408,-1,-1
00004721.jpg,756,116,1012,408,-1,-1
00004722.jpg,756,114,1012,406,-1,-1
00004723.jpg,757,112,1013,404,-1,-1
00004724.jpg,758,110,1014,402,-1,-1
00004725.jpg,759,108,1015,400,-1,-1
00004726.jpg,762,107,1018,399,-1,-1
00004727.jpg,762,107,1018,399,-1,-1
00004728.jpg,765,107,1021,399,-1,-1
00004729.jpg,770,106,1026,398,-1,-1
00004730.jpg,773,106,1029,398,-1,-1
00004731.jpg,776,105,1032,397,-1,-1
00004732.jpg,779,105,1035,397,-1,-1
00004733.jpg,779,105,1035,397,-1,-1
00004734.jpg,780,104,1036,396,-1,-1
00004735.jpg,781,104,1037,396,-1,-1
00004736.jpg,780,105,1036,397,-1,-1
00004737.jpg,778,106,1034,398,-1,-1
00004738.jpg,776,106,1032,398,-1,-1
00004739.jpg,776,106,1032,398,-1,-1
00004740.jpg,772,106,1028,398,-1,-1
00004741.jpg,768,105,1024,397,-1,-1
00004742.jpg,765,104,1021,396,-1,-1
00004743.jpg,763,103,1019,395,-1,-1
00004744.jpg,761,103,1017,395,-1,-1
00004745.jpg,761,103,1017,395,-1,-1
00004746.jpg,758,102,1014,394,-1,-1
00004747.jpg,757,102,1013,394,-1,-1
00004748.jpg,756,102,1012,394,-1,-1
00004749.jpg,757,100,1013,392,-1,-1
00004750.jpg,756,99,1012,391,-1,-1
00004751.jpg,756,99,1012,391,-1,-1
00004752.jpg,754,99,1010,391,-1,-1
00004753.jpg,750,99,1006,391,-1,-1
00004754.jpg,747,100,1003,392,-1,-1
00004755.jpg,744,101,1000,393,-1,-1
00004756.jpg,740,105,996,397,931,697
00004757.jpg,740,105,996,397,931,697
00004758.jpg,737,107,993,399,931,697
00004759.jpg,735,108,991,400,931,697
00004760.jpg,733,108,989,400,931,697
00004761.jpg,731,108,987,400,934,684
00004762.jpg,727,109,983,401,931,679
00004763.jpg,727,109,983,401,927,676
00004764.jpg,724,109,980,401,927,676
00004765.jpg,721,109,977,401,927,676
00004766.jpg,721,109,977,401,924,676
