00021930.jpg,344,229,539,426,546,556
00021931.jpg,344,229,539,426,543,564
00021932.jpg,344,229,539,426,531,563
00021933.jpg,344,229,539,426,528,563
00021934.jpg,345,229,540,426,531,568
00021935.jpg,345,229,540,426,538,568
00021936.jpg,346,229,541,426,545,566
00021937.jpg,346,229,541,426,802,478
00021938.jpg,346,229,541,426,730,383
00021939.jpg,347,229,542,426,727,380
00021940.jpg,347,229,542,426,727,380
00021941.jpg,347,229,542,426,727,380
00021942.jpg,348,229,543,426,727,380
00021943.jpg,347,229,542,426,727,380
00021944.jpg,348,229,543,426,723,378
00021945.jpg,348,230,543,427,723,375
00021946.jpg,348,230,543,427,720,374
00021947.jpg,349,230,544,427,720,374
00021948.jpg,350,231,545,428,720,374
00021949.jpg,350,230,545,427,723,374
00021950.jpg,352,231,547,428,723,371
00021951.jpg,353,230,548,427,722,371
00021952.jpg,354,231,549,428,722,371
00021953.jpg,357,232,552,429,535,581
00021954.jpg,360,234,555,431,483,578
00021955.jpg,358,234,553,431,478,571
00021956.jpg,357,233,552,430,478,575
00021957.jpg,357,233,552,430,472,575
00021958.jpg,358,233,553,430,466,569
00021959.jpg,358,233,553,430,463,564
00021960.jpg,358,233,553,430,463,561
00021961.jpg,359,233,554,430,463,561
00021962.jpg,359,233,554,430,461,561
00021963.jpg,360,233,555,430,457,563
00021964.jpg,360,233,555,430,457,563
00021965.jpg,360,233,555,430,457,566
00021966.jpg,360,233,555,430,457,570
00021967.jpg,361,233,556,430,455,568
00021968.jpg,361,233,556,430,452,568
00021969.jpg,361,234,556,431,452,568
00021970.jpg,361,234,556,431,446,568
00021971.jpg,361,234,556,431,447,574
00021972.jpg,361,234,556,431,450,574
00021973.jpg,361,233,556,430,448,573
00021974.jpg,361,233,556,430,447,573
00021975.jpg,362,233,557,430,448,574
00021976.jpg,362,234,557,431,448,574
00021977.jpg,361,234,556,431,448,574
00021978.jpg,362,234,557,431,451,575
00021979.jpg,362,234,557,431,451,575
00021980.jpg,362,234,557,431,451,575
00021981.jpg,362,234,557,431,451,575
00021982.jpg,362,234,557,431,451,575
00021983.jpg,362,234,557,431,446,578
00021984.jpg,362,234,557,431,448,575
00021985.jpg,362,234,557,431,448,575
00021986.jpg,362,234,557,431,448,573
00021987.jpg,361,234,556,431,451,574
00021988.jpg,361,234,556,431,450,574
00021989.jpg,362,234,557,431,451,575
00021990.jpg,362,234,557,431,451,575
00021991.jpg,361,234,556,431,451,575
00021992.jpg,361,234,556,431,450,575
00021993.jpg,361,234,556,431,450,575
00021994.jpg,361,234,556,431,451,575
00021995.jpg,361,234,556,431,450,575
00021996.jpg,361,236,556,433,455,574
00021997.jpg,360,238,555,435,503,561
00021998.jpg,360,237,555,434,845,501
00021999.jpg,360,235,555,432,802,436
00022000.jpg,361,234,556,431,733,389
00022001.jpg,361,234,556,431,732,386
00022002.jpg,361,234,556,431,731,385
00022003.jpg,361,235,556,432,728,383
00022004.jpg,360,235,555,432,728,383
00022005.jpg,360,235,555,432,728,383
00022006.jpg,360,235,555,432,731,379
00022007.jpg,360,235,555,432,731,379
00022008.jpg,360,235,555,432,731,379
00022009.jpg,361,235,556,432,731,379
00022010.jpg,361,235,556,432,731,379
00022011.jpg,361,236,556,433,740,378
00022012.jpg,361,236,556,433,743,375
00022013.jpg,361,236,556,433,733,375
00022014.jpg,362,235,557,432,732,373
00022015.jpg,362,236,557,433,733,376
00022016.jpg,362,236,557,433,733,376
00022017.jpg,362,236,557,433,733,376
00022018.jpg,363,236,558,433,733,376
00022019.jpg,363,236,558,433,733,376
00022020.jpg,363,236,558,433,737,378
00022021.jpg,363,236,558,433,737,378
00022022.jpg,363,236,558,433,737,373
00022023.jpg,363,236,558,433,737,373
00022024.jpg,363,236,558,433,737,373
00022025.jpg,363,236,558,433,737,373
00022026.jpg,363,236,558,433,737,373
00022027.jpg,363,236,558,433,737,373
00022028.jpg,363,236,558,433,737,373
