00021930.jpg,679,280,862,460,540,565
00021931.jpg,679,280,862,460,540,565
00021932.jpg,679,280,862,460,532,571
00021933.jpg,679,280,862,460,532,575
00021934.jpg,678,280,861,460,533,576
00021935.jpg,678,280,861,460,538,579
00021936.jpg,677,280,860,460,542,579
00021937.jpg,676,281,859,461,540,581
00021938.jpg,676,281,859,461,540,581
00021939.jpg,676,281,859,461,536,581
00021940.jpg,676,281,859,461,536,581
00021941.jpg,675,282,858,462,531,585
00021942.jpg,676,282,859,462,530,584
00021943.jpg,675,282,858,462,526,579
00021944.jpg,675,281,858,461,487,339
00021945.jpg,675,281,858,461,487,341
00021946.jpg,675,281,858,461,487,341
00021947.jpg,675,281,858,461,487,341
00021948.jpg,675,281,858,461,491,343
00021949.jpg,675,281,858,461,491,343
00021950.jpg,676,281,859,461,492,343
00021951.jpg,676,281,859,461,492,343
00021952.jpg,676,281,859,461,488,346
00021953.jpg,676,280,859,460,488,348
00021954.jpg,677,280,860,460,488,348
00021955.jpg,677,280,860,460,488,348
00021956.jpg,678,280,861,460,480,353
00021957.jpg,678,281,861,461,477,358
00021958.jpg,679,281,862,461,475,360
00021959.jpg,680,281,863,461,473,360
00021960.jpg,681,281,864,461,472,358
00021961.jpg,681,281,864,461,471,360
00021962.jpg,682,282,865,462,468,361
00021963.jpg,683,282,866,462,468,361
00021964.jpg,683,282,866,462,468,361
00021965.jpg,683,282,866,462,468,361
00021966.jpg,684,283,867,463,468,361
00021967.jpg,684,283,867,463,468,361
00021968.jpg,684,283,867,463,442,468
00021969.jpg,685,283,868,463,456,551
00021970.jpg,685,284,868,464,453,569
00021971.jpg,685,284,868,464,451,574
00021972.jpg,685,284,868,464,453,574
00021973.jpg,685,284,868,464,452,574
00021974.jpg,685,284,868,464,455,574
00021975.jpg,685,284,868,464,460,575
00021976.jpg,684,284,867,464,457,575
00021977.jpg,684,284,867,464,460,575
00021978.jpg,684,284,867,464,458,575
00021979.jpg,683,284,866,464,456,575
00021980.jpg,683,284,866,464,451,575
00021981.jpg,683,285,866,465,451,575
00021982.jpg,683,285,866,465,452,576
00021983.jpg,682,285,865,465,452,576
00021984.jpg,682,285,865,465,452,576
00021985.jpg,681,285,864,465,452,576
00021986.jpg,681,285,864,465,451,576
00021987.jpg,681,286,864,466,451,579
00021988.jpg,681,286,864,466,448,579
00021989.jpg,681,286,864,466,450,579
00021990.jpg,681,286,864,466,451,580
00021991.jpg,680,286,863,466,451,580
00021992.jpg,680,286,863,466,450,580
00021993.jpg,680,286,863,466,450,580
00021994.jpg,680,286,863,466,453,580
00021995.jpg,680,286,863,466,453,580
00021996.jpg,680,287,863,467,453,580
00021997.jpg,680,287,863,467,453,580
00021998.jpg,679,287,862,467,458,584
00021999.jpg,679,287,862,467,458,584
00022000.jpg,680,287,863,467,458,586
00022001.jpg,680,287,863,467,457,586
00022002.jpg,680,286,863,466,456,505
00022003.jpg,680,286,863,466,498,353
00022004.jpg,681,286,864,466,-1,-1
00022005.jpg,681,285,864,465,500,349
00022006.jpg,682,285,865,465,496,344
00022007.jpg,683,285,866,465,498,344
00022008.jpg,683,284,866,464,498,344
00022009.jpg,684,284,867,464,498,344
00022010.jpg,684,283,867,463,498,344
00022011.jpg,684,283,867,463,498,344
00022012.jpg,685,283,868,463,500,344
00022013.jpg,685,282,868,462,497,348
00022014.jpg,686,282,869,462,498,348
00022015.jpg,686,282,869,462,500,348
00022016.jpg,687,282,870,462,500,348
00022017.jpg,687,282,870,462,503,348
00022018.jpg,687,282,870,462,503,348
00022019.jpg,687,282,870,462,503,348
00022020.jpg,688,282,871,462,505,346
00022021.jpg,688,282,871,462,505,346
00022022.jpg,688,281,871,461,505,346
00022023.jpg,688,281,871,461,502,343
00022024.jpg,688,281,871,461,502,343
00022025.jpg,689,281,872,461,502,343
00022026.jpg,689,281,872,461,502,343
00022027.jpg,689,281,872,461,502,343
00022028.jpg,689,281,872,461,502,343
