00009904.jpg,748,153,965,380,852,497
00009905.jpg,748,153,965,380,852,497
00009906.jpg,748,153,965,380,852,497
00009907.jpg,748,153,965,380,852,497
00009908.jpg,748,153,965,380,852,497
00009909.jpg,748,153,965,380,852,497
00009910.jpg,748,153,965,380,852,497
00009911.jpg,748,153,965,380,852,497
00009912.jpg,748,153,965,380,852,497
00009913.jpg,748,153,965,380,852,497
00009914.jpg,748,153,965,380,852,497
00009915.jpg,748,153,965,380,852,497
00009916.jpg,748,153,965,380,852,497
00009917.jpg,748,153,965,380,852,497
00009918.jpg,748,153,965,380,852,497
00009919.jpg,748,153,965,380,852,497
00009920.jpg,748,153,965,380,852,497
00009921.jpg,748,153,965,380,852,497
00009922.jpg,748,153,965,380,852,497
00009923.jpg,748,153,965,380,852,497
00009924.jpg,748,153,965,380,852,497
00009925.jpg,748,153,965,380,852,497
00009926.jpg,748,153,965,380,849,498
00009927.jpg,748,153,965,380,849,499
00009928.jpg,748,153,965,380,849,499
00009929.jpg,748,152,965,379,849,499
00009930.jpg,748,152,965,379,849,499
00009931.jpg,748,152,965,379,849,499
00009932.jpg,748,152,965,379,849,499
00009933.jpg,748,152,965,379,852,499
00009934.jpg,748,152,965,379,852,499
00009935.jpg,748,152,965,379,852,499
00009936.jpg,748,152,965,379,852,499
00009937.jpg,748,152,965,379,852,499
00009938.jpg,748,152,965,379,852,499
00009939.jpg,748,152,965,379,852,499
00009940.jpg,748,152,965,379,852,499
00009941.jpg,748,151,965,378,852,499
00009942.jpg,748,151,965,378,852,499
00009943.jpg,748,151,965,378,852,499
00009944.jpg,748,151,965,378,852,499
00009945.jpg,748,151,965,378,852,499
00009946.jpg,748,151,965,378,852,499
00009947.jpg,748,151,965,378,852,499
00009948.jpg,748,151,965,378,852,499
00009949.jpg,748,151,965,378,852,499
00009950.jpg,748,151,965,378,852,499
00009951.jpg,748,150,965,377,852,499
00009952.jpg,748,150,965,377,852,499
00009953.jpg,748,150,965,377,852,499
00009954.jpg,748,150,965,377,728,496
00009955.jpg,748,150,965,377,729,497
00009956.jpg,748,150,965,377,-1,-1
00009957.jpg,748,150,965,377,-1,-1
00009958.jpg,748,149,965,376,456,195
00009959.jpg,748,149,965,376,457,196
00009960.jpg,748,149,965,376,456,197
00009961.jpg,748,149,965,376,456,197
00009962.jpg,748,149,965,376,456,197
00009963.jpg,748,149,965,376,456,197
00009964.jpg,748,149,965,376,458,196
00009965.jpg,748,149,965,376,458,196
00009966.jpg,748,149,965,376,458,196
00009967.jpg,748,149,965,376,458,196
00009968.jpg,748,149,965,376,458,196
00009969.jpg,748,149,965,376,458,196
00009970.jpg,748,149,965,376,458,196
00009971.jpg,748,149,965,376,458,196
00009972.jpg,748,149,965,376,459,196
00009973.jpg,748,149,965,376,459,196
00009974.jpg,748,150,965,377,460,196
00009975.jpg,748,150,965,377,460,196
00009976.jpg,748,151,965,378,460,196
00009977.jpg,748,151,965,378,460,196
00009978.jpg,748,151,965,378,460,196
00009979.jpg,748,151,965,378,460,196
00009980.jpg,748,151,965,378,460,196
00009981.jpg,748,151,965,378,460,196
