00012237.jpg,717,0,1014,254,391,166
00012238.jpg,717,0,1014,254,391,166
00012239.jpg,717,0,1014,254,395,168
00012240.jpg,707,0,1004,254,395,168
00012241.jpg,699,0,996,254,399,170
00012242.jpg,691,0,988,254,401,168
00012243.jpg,679,0,976,254,401,168
00012244.jpg,674,0,971,254,401,168
00012245.jpg,669,0,966,254,401,168
00012246.jpg,665,0,962,254,401,168
00012247.jpg,660,0,957,254,401,168
00012248.jpg,650,0,947,254,401,168
00012249.jpg,645,0,942,254,401,168
00012250.jpg,640,0,937,254,397,165
00012251.jpg,635,0,932,254,397,165
00012252.jpg,630,0,927,254,390,163
00012253.jpg,620,0,917,254,389,163
00012254.jpg,615,0,912,254,380,159
00012255.jpg,611,0,908,254,375,156
00012256.jpg,607,0,904,254,375,156
00012257.jpg,602,0,899,254,371,158
00012258.jpg,596,0,893,254,371,158
00012259.jpg,588,0,901,258,361,156
00012260.jpg,587,0,902,258,361,156
00012261.jpg,585,0,902,256,357,156
00012262.jpg,581,0,902,257,357,154
00012263.jpg,578,0,900,256,357,154
00012264.jpg,576,0,899,255,355,150
00012265.jpg,575,0,899,256,354,149
00012266.jpg,573,0,900,256,352,148
00012267.jpg,574,0,900,256,350,141
00012268.jpg,576,0,900,254,350,141
00012269.jpg,575,0,902,255,350,141
00012270.jpg,577,0,902,255,350,141
00012271.jpg,577,0,902,255,350,141
00012272.jpg,578,0,901,256,350,141
00012273.jpg,581,0,901,255,350,141
00012274.jpg,584,0,901,254,350,141
00012275.jpg,584,0,900,254,352,145
00012276.jpg,584,0,902,254,352,145
00012277.jpg,585,0,901,253,356,145
00012278.jpg,586,0,902,255,356,145
00012279.jpg,586,0,902,256,356,145
00012280.jpg,586,0,903,255,356,145
00012281.jpg,586,0,903,256,356,145
00012282.jpg,586,0,903,255,359,145
00012283.jpg,585,0,904,255,360,144
00012284.jpg,585,0,904,254,360,144
00012285.jpg,583,0,903,253,360,144
00012286.jpg,583,0,904,252,360,144
00012287.jpg,582,0,901,255,360,144
00012288.jpg,581,0,901,254,360,144
00012289.jpg,579,0,900,253,360,144
00012290.jpg,579,0,899,254,360,144
00012291.jpg,579,0,897,255,360,144
00012292.jpg,578,0,897,255,360,144
00012293.jpg,578,0,897,255,360,144
00012294.jpg,579,0,898,255,360,144
00012295.jpg,580,0,897,255,360,144
00012296.jpg,581,0,896,254,360,144
00012297.jpg,581,0,896,254,356,148
00012298.jpg,579,0,896,255,356,148
00012299.jpg,579,0,896,254,356,148
00012300.jpg,580,0,896,254,356,148
00012301.jpg,579,0,896,253,352,148
00012302.jpg,580,0,896,253,352,148
00012303.jpg,578,0,898,253,352,148
00012304.jpg,578,0,898,254,352,148
00012305.jpg,577,0,900,254,349,144
00012306.jpg,577,0,900,254,347,144
00012307.jpg,577,0,901,254,344,135
00012308.jpg,578,0,903,254,344,135
00012309.jpg,577,0,904,256,344,133
00012310.jpg,576,0,905,256,342,133
00012311.jpg,576,0,907,255,337,124
00012312.jpg,577,0,907,254,337,124
00012313.jpg,578,0,905,253,339,121
00012314.jpg,577,0,905,254,339,119
00012315.jpg,576,0,905,255,339,119
00012316.jpg,573,0,905,254,335,119
00012317.jpg,573,0,907,254,336,119
00012318.jpg,573,0,908,252,339,119
00012319.jpg,573,0,910,249,339,118
00012320.jpg,571,0,913,248,342,115
00012321.jpg,570,0,914,245,342,115
00012322.jpg,572,0,915,243,342,115
00012323.jpg,572,0,913,240,345,115
00012324.jpg,574,0,914,239,346,113
00012325.jpg,576,0,914,237,346,113
00012326.jpg,576,0,914,236,346,113
00012327.jpg,577,0,914,235,351,111
00012328.jpg,576,0,914,233,351,111
00012329.jpg,576,0,915,232,354,110
00012330.jpg,577,0,916,232,354,109
00012331.jpg,577,0,916,231,354,109
00012332.jpg,578,0,915,231,354,108
00012333.jpg,579,0,915,230,354,108
00012334.jpg,579,0,914,230,354,108
00012335.jpg,577,0,915,231,354,108
00012336.jpg,577,0,916,231,354,108
00012337.jpg,577,0,916,231,354,113
00012338.jpg,577,0,916,231,355,116
