00041820.jpg,844,130,979,277,165,388
00041821.jpg,844,130,979,278,165,388
00041822.jpg,842,127,983,279,165,388
00041823.jpg,842,132,980,275,165,388
00041824.jpg,842,128,983,279,165,388
00041825.jpg,858,136,988,266,165,388
00041826.jpg,858,136,988,266,165,388
00041827.jpg,859,136,989,266,165,388
00041828.jpg,859,136,989,266,165,388
00041829.jpg,859,136,989,266,165,388
00041830.jpg,864,135,994,265,165,388
00041831.jpg,866,134,996,264,165,388
00041832.jpg,866,134,996,264,165,388
00041833.jpg,867,132,997,262,165,388
00041834.jpg,867,132,997,262,165,388
00041835.jpg,868,131,998,261,165,388
00041836.jpg,869,130,999,260,165,388
00041837.jpg,869,130,999,260,165,388
00041838.jpg,870,129,1000,259,165,388
00041839.jpg,871,127,1001,257,165,388
00041840.jpg,873,124,1003,254,165,388
00041841.jpg,875,122,1005,252,165,388
00041842.jpg,875,122,1005,252,165,388
00041843.jpg,876,120,1006,250,165,388
00041844.jpg,878,118,1008,248,165,388
00041845.jpg,879,118,1009,248,165,388
00041846.jpg,880,118,1010,248,165,388
00041847.jpg,880,118,1010,248,165,388
00041848.jpg,881,118,1011,248,165,388
00041849.jpg,882,117,1012,247,165,388
00041850.jpg,882,116,1012,246,165,388
00041851.jpg,882,115,1012,245,165,388
00041852.jpg,882,115,1012,245,165,388
00041853.jpg,883,114,1013,244,165,388
00041854.jpg,889,118,1014,248,165,388
00041855.jpg,889,118,1014,248,165,388
00041856.jpg,888,118,1013,248,165,388
00041857.jpg,888,118,1013,248,165,388
00041858.jpg,888,118,1013,248,165,388
00041859.jpg,887,118,1012,248,165,388
00041860.jpg,886,118,1011,248,165,388
00041861.jpg,886,117,1011,247,165,388
00041862.jpg,886,117,1011,247,165,388
00041863.jpg,885,117,1010,247,165,388
00041864.jpg,885,117,1010,247,165,388
00041865.jpg,885,117,1010,247,165,388
00041866.jpg,885,117,1010,247,165,388
00041867.jpg,885,117,1010,247,165,388
00041868.jpg,884,117,1009,247,165,388
00041869.jpg,884,117,1009,247,165,388
00041870.jpg,884,117,1009,247,165,388
00041871.jpg,884,117,1009,247,165,388
00041872.jpg,884,117,1009,247,165,388
00041873.jpg,884,117,1009,247,165,388
00041874.jpg,884,117,1009,247,165,388
00041875.jpg,884,117,1009,247,165,388
00041876.jpg,884,117,1009,247,165,388
00041877.jpg,884,117,1009,247,165,388
00041878.jpg,883,117,1008,247,165,388
00041879.jpg,883,117,1008,247,165,388
00041880.jpg,883,117,1008,247,165,388
