00041820.jpg,703,110,815,228,113,405
00041821.jpg,703,110,815,228,113,405
00041822.jpg,703,110,815,228,113,405
00041823.jpg,703,110,815,228,113,405
00041824.jpg,703,110,815,228,113,405
00041825.jpg,702,111,814,229,113,405
00041826.jpg,702,111,814,229,113,405
00041827.jpg,702,111,814,229,113,405
00041828.jpg,702,112,814,230,113,405
00041829.jpg,702,112,814,230,113,405
00041830.jpg,702,113,814,231,113,405
00041831.jpg,702,113,814,231,113,405
00041832.jpg,702,113,814,231,113,405
00041833.jpg,703,113,815,231,113,405
00041834.jpg,703,113,815,231,113,405
00041835.jpg,703,113,815,231,113,405
00041836.jpg,703,114,815,232,113,405
00041837.jpg,703,114,815,232,113,405
00041838.jpg,703,114,815,232,113,405
00041839.jpg,703,114,815,232,113,405
00041840.jpg,703,114,815,232,113,405
00041841.jpg,703,114,815,232,113,405
00041842.jpg,703,114,815,232,113,405
00041843.jpg,703,113,815,231,113,405
00041844.jpg,703,113,815,231,113,405
00041845.jpg,703,112,815,230,113,405
00041846.jpg,703,111,815,229,113,405
00041847.jpg,703,111,815,229,113,405
00041848.jpg,703,111,815,229,113,405
00041849.jpg,703,110,815,228,113,405
00041850.jpg,703,110,815,228,113,405
00041851.jpg,703,110,815,228,113,405
00041852.jpg,703,110,815,228,113,405
00041853.jpg,703,109,815,227,113,405
00041854.jpg,703,109,815,227,113,405
00041855.jpg,703,109,815,227,113,405
00041856.jpg,703,109,815,227,113,405
00041857.jpg,703,108,815,226,113,405
00041858.jpg,703,108,815,226,113,405
00041859.jpg,711,91,816,205,113,405
00041860.jpg,711,91,816,205,113,405
00041861.jpg,711,91,816,205,113,405
00041862.jpg,711,91,816,205,113,405
00041863.jpg,711,90,816,204,113,405
00041864.jpg,711,90,816,204,113,405
00041865.jpg,711,90,816,204,113,405
00041866.jpg,711,90,816,204,113,405
00041867.jpg,711,90,816,204,113,405
00041868.jpg,711,90,816,204,113,405
00041869.jpg,711,90,816,204,113,405
00041870.jpg,711,90,816,204,113,405
00041871.jpg,711,91,816,205,113,405
00041872.jpg,711,91,816,205,113,405
00041873.jpg,710,91,815,205,113,405
00041874.jpg,710,91,815,205,113,405
00041875.jpg,710,91,815,205,113,405
00041876.jpg,709,92,814,206,113,405
00041877.jpg,709,92,814,206,113,405
00041878.jpg,709,92,814,206,113,405
00041879.jpg,709,92,814,206,113,405
00041880.jpg,709,92,814,206,113,405
