00041820.jpg,360,133,470,239,95,404
00041821.jpg,360,133,470,239,95,404
00041822.jpg,360,133,470,239,95,404
00041823.jpg,360,133,470,239,95,404
00041824.jpg,361,133,471,239,95,404
00041825.jpg,362,132,472,238,95,404
00041826.jpg,364,131,474,237,95,404
00041827.jpg,366,130,476,236,95,404
00041828.jpg,366,129,476,235,95,404
00041829.jpg,366,129,476,235,95,404
00041830.jpg,371,126,481,232,95,404
00041831.jpg,371,126,481,232,95,404
00041832.jpg,371,126,481,232,95,404
00041833.jpg,372,126,482,232,95,404
00041834.jpg,372,125,482,231,95,404
00041835.jpg,372,125,482,231,95,404
00041836.jpg,372,125,482,231,95,404
00041837.jpg,372,125,482,231,95,404
00041838.jpg,372,125,482,231,95,404
00041839.jpg,372,126,482,232,95,404
00041840.jpg,371,126,481,232,95,404
00041841.jpg,371,126,481,232,95,404
00041842.jpg,371,126,481,232,95,404
00041843.jpg,371,126,481,232,95,404
00041844.jpg,370,127,480,233,95,404
00041845.jpg,370,127,480,233,95,404
00041846.jpg,370,127,480,233,95,404
00041847.jpg,370,127,480,233,95,404
00041848.jpg,370,127,480,233,95,404
00041849.jpg,370,127,480,233,95,404
00041850.jpg,370,127,480,233,95,404
00041851.jpg,370,127,480,233,95,404
00041852.jpg,370,127,480,233,95,404
00041853.jpg,370,126,480,232,95,404
00041854.jpg,371,126,481,232,95,404
00041855.jpg,372,125,482,231,95,404
00041856.jpg,372,123,482,229,95,404
00041857.jpg,383,120,480,222,95,404
00041858.jpg,383,120,480,222,95,404
00041859.jpg,384,118,481,220,95,404
00041860.jpg,385,116,482,218,95,404
00041861.jpg,386,115,483,217,95,404
00041862.jpg,387,114,484,216,95,404
00041863.jpg,387,114,484,216,95,404
00041864.jpg,389,113,486,215,95,404
00041865.jpg,390,113,487,215,95,404
00041866.jpg,391,112,488,214,95,404
00041867.jpg,391,112,488,214,95,404
00041868.jpg,392,112,489,214,95,404
00041869.jpg,393,111,490,213,95,404
00041870.jpg,394,110,491,212,95,404
00041871.jpg,395,113,492,215,95,404
00041872.jpg,395,113,492,215,95,404
00041873.jpg,395,108,492,210,95,404
00041874.jpg,397,101,498,200,95,404
00041875.jpg,397,101,498,200,95,404
00041876.jpg,398,101,499,200,95,404
00041877.jpg,398,101,499,200,95,404
00041878.jpg,399,100,500,199,95,404
00041879.jpg,400,100,501,199,95,404
00041880.jpg,400,100,501,199,95,404
