00041820.jpg,304,78,401,177,115,376
00041821.jpg,304,78,401,177,115,376
00041822.jpg,304,78,401,177,115,376
00041823.jpg,304,78,401,177,115,376
00041824.jpg,304,78,401,177,115,376
00041825.jpg,303,78,400,177,115,376
00041826.jpg,303,78,400,177,115,376
00041827.jpg,303,78,400,177,115,376
00041828.jpg,302,78,399,177,115,376
00041829.jpg,302,78,399,177,115,376
00041830.jpg,301,78,398,177,115,376
00041831.jpg,300,78,397,177,115,376
00041832.jpg,300,78,397,177,115,376
00041833.jpg,300,78,397,177,115,376
00041834.jpg,300,78,397,177,115,376
00041835.jpg,300,78,397,177,115,376
00041836.jpg,300,78,397,177,115,376
00041837.jpg,302,84,394,183,115,376
00041838.jpg,302,84,394,183,115,376
00041839.jpg,302,84,394,183,115,376
00041840.jpg,302,84,394,183,115,376
00041841.jpg,302,84,394,183,115,376
00041842.jpg,302,84,394,183,115,376
00041843.jpg,302,84,394,183,115,376
00041844.jpg,302,85,394,184,115,376
00041845.jpg,301,85,393,184,115,376
00041846.jpg,301,85,393,184,115,376
00041847.jpg,301,85,393,184,115,376
00041848.jpg,301,85,393,184,115,376
00041849.jpg,301,85,393,184,115,376
00041850.jpg,301,85,393,184,115,376
00041851.jpg,301,85,393,184,115,376
00041852.jpg,301,85,393,184,115,376
00041853.jpg,301,85,393,184,115,376
00041854.jpg,301,84,393,183,115,376
00041855.jpg,301,84,393,183,115,376
00041856.jpg,301,84,393,183,115,376
00041857.jpg,301,84,393,183,115,376
00041858.jpg,301,84,393,183,115,376
00041859.jpg,301,84,393,183,115,376
00041860.jpg,301,84,393,183,115,376
00041861.jpg,301,84,393,183,115,376
00041862.jpg,301,84,393,183,115,376
00041863.jpg,301,84,393,183,115,376
00041864.jpg,301,84,393,183,115,376
00041865.jpg,301,84,393,183,115,376
00041866.jpg,301,84,393,183,115,376
00041867.jpg,301,84,393,183,115,376
00041868.jpg,301,84,393,183,115,376
00041869.jpg,301,84,393,183,115,376
00041870.jpg,301,84,393,183,115,376
00041871.jpg,301,84,393,183,115,376
00041872.jpg,301,84,393,183,115,376
00041873.jpg,301,84,393,183,115,376
00041874.jpg,301,84,393,183,115,376
00041875.jpg,301,84,393,183,115,376
00041876.jpg,301,84,393,183,115,376
00041877.jpg,301,84,393,183,115,376
00041878.jpg,301,84,393,183,115,376
00041879.jpg,301,84,393,183,115,376
00041880.jpg,301,84,393,183,115,376
