00000001.jpg,550,171,673,296,623,249
00000002.jpg,550,171,673,296,623,249
00000003.jpg,546,164,662,293,620,248
00000004.jpg,546,164,662,293,616,248
00000005.jpg,543,164,659,293,608,248
00000006.jpg,539,164,655,293,607,248
00000007.jpg,534,163,650,292,597,247
00000008.jpg,530,163,646,292,596,247
00000009.jpg,525,162,641,291,592,246
00000010.jpg,521,161,637,290,582,245
00000011.jpg,517,160,633,289,581,244
00000012.jpg,515,168,624,296,578,244
00000013.jpg,515,168,624,296,576,244
00000014.jpg,505,170,610,285,575,244
00000015.jpg,499,166,608,287,568,243
00000016.jpg,499,166,608,287,566,243
00000017.jpg,496,166,605,287,564,243
00000018.jpg,493,166,602,287,559,243
00000019.jpg,490,166,599,287,556,243
00000020.jpg,488,166,597,287,553,243
00000021.jpg,484,165,593,286,548,242
00000022.jpg,481,165,590,286,829,225
00000023.jpg,479,165,588,286,827,224
00000024.jpg,476,165,585,286,-1,-1
00000025.jpg,472,165,581,286,-1,-1
00000026.jpg,460,162,577,282,-1,-1
00000027.jpg,460,162,577,282,703,136
00000028.jpg,457,162,574,282,704,138
00000029.jpg,453,162,570,282,706,139
00000030.jpg,449,161,566,281,706,142
00000031.jpg,445,161,562,281,706,147
00000032.jpg,441,160,558,280,646,267
00000033.jpg,438,160,555,280,631,328
00000034.jpg,435,160,552,280,615,343
00000035.jpg,424,152,543,276,608,348
00000036.jpg,424,152,543,276,607,352
00000037.jpg,422,152,541,276,606,355
00000038.jpg,421,152,540,276,603,367
00000039.jpg,420,152,539,276,603,370
00000040.jpg,419,152,538,276,599,374
00000041.jpg,418,152,537,276,595,384
00000042.jpg,417,151,536,275,589,394
00000043.jpg,416,151,535,275,591,396
00000044.jpg,416,151,535,275,591,397
00000045.jpg,416,151,535,275,590,397
00000046.jpg,416,151,535,275,590,397
00000047.jpg,416,151,535,275,590,398
00000048.jpg,416,151,535,275,590,398
00000049.jpg,416,151,535,275,590,398
00000050.jpg,416,151,535,275,590,398
00000051.jpg,416,151,535,275,663,177
00000052.jpg,416,151,535,275,658,181
00000053.jpg,416,151,535,275,656,181
00000054.jpg,417,151,536,275,649,184
00000055.jpg,417,151,536,275,646,186
00000056.jpg,417,151,536,275,642,187
00000057.jpg,417,151,536,275,640,187
00000058.jpg,417,151,536,275,636,188
00000059.jpg,417,151,536,275,636,189
00000060.jpg,418,152,537,276,635,189
00000061.jpg,422,151,541,275,635,189
00000062.jpg,423,152,542,276,629,189
00000063.jpg,425,152,544,276,593,395
00000064.jpg,426,152,545,276,528,390
00000065.jpg,428,152,547,276,526,390
00000066.jpg,428,152,547,276,525,390
00000067.jpg,428,152,547,276,523,389
00000068.jpg,428,152,547,276,523,389
00000069.jpg,426,152,545,276,523,389
00000070.jpg,425,152,544,276,523,389
00000071.jpg,422,152,541,276,626,184
00000072.jpg,417,152,536,276,628,181
00000073.jpg,416,152,535,276,635,180
00000074.jpg,415,153,534,277,639,179
00000075.jpg,403,153,526,275,639,176
00000076.jpg,403,153,526,275,646,174
00000077.jpg,402,153,525,275,653,167
00000078.jpg,402,154,525,276,657,166
00000079.jpg,402,154,525,276,661,164
00000080.jpg,396,149,524,289,670,158
00000081.jpg,396,149,524,289,675,156
00000082.jpg,396,149,524,289,679,152
00000083.jpg,396,150,524,290,688,150
00000084.jpg,396,150,524,290,695,148
00000085.jpg,396,150,524,290,696,143
00000086.jpg,395,159,522,290,700,140
00000087.jpg,395,159,522,290,706,135
00000088.jpg,395,159,522,290,707,130
00000089.jpg,396,159,523,290,707,132
00000090.jpg,396,159,523,290,706,129
00000091.jpg,396,159,523,290,700,124
00000092.jpg,397,159,524,290,696,123
00000093.jpg,397,159,524,290,691,123
00000094.jpg,399,159,526,290,688,120
00000095.jpg,399,159,526,290,680,119
00000096.jpg,401,159,528,290,675,118
00000097.jpg,401,159,528,290,660,114
00000098.jpg,402,159,529,290,648,113
00000099.jpg,403,159,530,290,636,112
00000100.jpg,404,159,531,290,623,109
00000101.jpg,405,159,532,290,603,107
00000102.jpg,403,158,530,289,-1,-1
00000103.jpg,410,157,532,284,543,391
00000104.jpg,410,157,532,284,546,391
00000105.jpg,412,157,534,284,543,391
00000106.jpg,421,159,542,284,544,390
00000107.jpg,421,159,542,284,546,390
00000108.jpg,424,159,545,284,550,390
00000109.jpg,429,159,550,284,554,389
00000110.jpg,433,158,554,283,558,389
00000111.jpg,437,159,558,284,561,389
00000112.jpg,441,167,567,285,567,389
00000113.jpg,441,167,567,285,574,389
00000114.jpg,460,158,580,287,583,389
00000115.jpg,460,158,580,287,595,388
