00000001.jpg,866,169,994,307,611,361
00000002.jpg,866,169,994,307,614,363
00000003.jpg,866,169,994,307,611,363
00000004.jpg,866,169,994,307,609,365
00000005.jpg,863,168,991,306,609,365
00000006.jpg,859,166,987,304,607,365
00000007.jpg,856,165,984,303,606,365
00000008.jpg,853,164,981,302,598,365
00000009.jpg,849,163,977,301,595,365
00000010.jpg,845,163,973,301,583,365
00000011.jpg,841,163,969,301,583,365
00000012.jpg,838,164,966,302,574,364
00000013.jpg,834,164,962,302,571,364
00000014.jpg,830,165,958,303,570,364
00000015.jpg,828,166,956,304,567,364
00000016.jpg,824,166,952,304,561,229
00000017.jpg,821,166,949,304,561,229
00000018.jpg,818,166,946,304,561,229
00000019.jpg,814,167,942,305,561,229
00000020.jpg,811,167,939,305,671,118
00000021.jpg,807,167,935,305,679,120
00000022.jpg,804,167,932,305,686,124
00000023.jpg,802,168,930,306,689,128
00000024.jpg,799,168,927,306,693,129
00000025.jpg,796,168,924,306,699,131
00000026.jpg,793,168,921,306,701,131
00000027.jpg,791,168,919,306,706,132
00000028.jpg,789,168,917,306,706,133
00000029.jpg,785,168,913,306,706,137
00000030.jpg,782,167,910,305,706,139
00000031.jpg,779,167,907,305,534,215
00000032.jpg,775,167,903,305,662,364
00000033.jpg,771,167,899,305,658,370
00000034.jpg,765,168,893,306,653,382
00000035.jpg,763,168,891,306,652,384
00000036.jpg,761,169,889,307,658,389
00000037.jpg,767,167,886,303,662,393
00000038.jpg,767,167,886,303,663,396
00000039.jpg,766,167,885,303,663,399
00000040.jpg,765,167,884,303,662,405
00000041.jpg,764,167,883,303,498,225
00000042.jpg,764,167,883,303,684,173
00000043.jpg,765,167,884,303,685,171
00000044.jpg,765,167,884,303,684,173
00000045.jpg,765,167,884,303,679,174
00000046.jpg,765,167,884,303,676,176
00000047.jpg,766,167,885,303,673,174
00000048.jpg,766,168,885,304,673,176
00000049.jpg,766,168,885,304,668,176
00000050.jpg,765,168,884,304,668,178
00000051.jpg,765,168,884,304,666,179
00000052.jpg,765,168,884,304,658,182
00000053.jpg,764,168,883,304,656,184
00000054.jpg,764,168,883,304,656,184
00000055.jpg,763,168,882,304,653,185
00000056.jpg,763,168,882,304,646,188
00000057.jpg,762,168,881,304,645,188
00000058.jpg,762,168,881,304,637,189
00000059.jpg,762,168,881,304,636,189
00000060.jpg,762,168,881,304,636,190
00000061.jpg,762,168,881,304,636,190
00000062.jpg,762,168,881,304,634,190
00000063.jpg,762,168,881,304,628,193
00000064.jpg,762,168,881,304,631,193
00000065.jpg,762,168,881,304,628,192
00000066.jpg,762,168,881,304,628,192
00000067.jpg,762,168,881,304,628,192
00000068.jpg,763,168,882,304,628,192
00000069.jpg,763,168,882,304,628,191
00000070.jpg,763,168,882,304,629,186
00000071.jpg,763,168,882,304,634,186
00000072.jpg,763,168,882,304,635,183
00000073.jpg,763,168,882,304,637,182
00000074.jpg,763,168,882,304,640,179
00000075.jpg,763,167,882,303,644,176
00000076.jpg,763,168,882,304,645,173
00000077.jpg,764,168,883,304,650,170
00000078.jpg,764,169,883,305,657,164
00000079.jpg,764,169,883,305,662,162
00000080.jpg,764,169,883,305,666,159
00000081.jpg,764,169,883,305,676,154
00000082.jpg,765,168,884,304,683,151
00000083.jpg,765,168,884,304,688,148
00000084.jpg,766,168,885,304,693,148
00000085.jpg,766,167,885,303,701,144
00000086.jpg,767,167,886,303,704,143
00000087.jpg,767,167,886,303,706,137
00000088.jpg,767,167,886,303,707,131
00000089.jpg,767,167,886,303,709,130
00000090.jpg,767,167,886,303,708,129
00000091.jpg,766,167,885,303,702,126
00000092.jpg,766,167,885,303,699,122
00000093.jpg,765,167,884,303,693,119
00000094.jpg,765,167,884,303,683,118
00000095.jpg,764,167,883,303,679,116
00000096.jpg,763,167,882,303,674,116
00000097.jpg,763,167,882,303,663,111
00000098.jpg,762,166,881,302,653,110
00000099.jpg,763,166,882,302,638,108
00000100.jpg,764,165,883,301,623,108
00000101.jpg,766,165,885,301,602,105
00000102.jpg,768,165,887,301,589,105
00000103.jpg,770,165,889,301,580,104
00000104.jpg,773,165,892,301,566,105
00000105.jpg,776,165,895,301,552,102
00000106.jpg,779,165,898,301,543,102
00000107.jpg,783,164,902,300,530,100
00000108.jpg,787,164,906,300,521,101
00000109.jpg,791,164,910,300,509,101
00000110.jpg,796,163,915,299,496,101
00000111.jpg,802,163,921,299,482,101
00000112.jpg,808,163,927,299,476,98
00000113.jpg,815,163,934,299,468,98
00000114.jpg,822,162,941,298,462,97
00000115.jpg,822,162,941,298,456,95
