00022945.jpg,193,50,406,273,-1,-1
00022946.jpg,193,50,406,273,-1,-1
00022947.jpg,193,50,406,273,-1,-1
00022948.jpg,193,50,406,273,-1,-1
00022949.jpg,192,50,405,273,-1,-1
00022950.jpg,191,50,404,273,-1,-1
00022951.jpg,191,51,404,274,-1,-1
00022952.jpg,190,51,403,274,-1,-1
00022953.jpg,189,51,402,274,-1,-1
00022954.jpg,188,51,401,274,-1,-1
00022955.jpg,187,51,400,274,730,428
00022956.jpg,186,51,399,274,728,428
00022957.jpg,185,50,398,273,725,421
00022958.jpg,185,50,398,273,720,425
00022959.jpg,186,52,399,275,720,427
00022960.jpg,186,52,399,275,720,427
00022961.jpg,186,52,399,275,721,426
00022962.jpg,186,53,399,276,653,424
00022963.jpg,186,53,399,276,660,424
00022964.jpg,186,53,399,276,669,420
00022965.jpg,186,52,399,275,676,420
00022966.jpg,186,51,399,274,679,419
00022967.jpg,187,51,400,274,688,413
00022968.jpg,188,51,401,274,691,415
00022969.jpg,188,50,401,273,695,411
00022970.jpg,189,49,402,272,696,410
00022971.jpg,190,49,403,272,696,409
00022972.jpg,191,48,404,271,696,405
00022973.jpg,192,48,405,271,695,403
00022974.jpg,192,47,405,270,695,400
00022975.jpg,192,46,405,269,695,400
00022976.jpg,193,47,406,270,695,400
00022977.jpg,193,46,406,269,695,400
00022978.jpg,194,47,407,270,695,400
00022979.jpg,194,47,407,270,695,400
00022980.jpg,194,47,407,270,781,329
00022981.jpg,194,47,407,270,777,324
00022982.jpg,194,48,407,271,779,325
00022983.jpg,194,49,407,272,779,330
00022984.jpg,194,49,407,272,776,336
00022985.jpg,193,49,406,272,776,336
00022986.jpg,193,49,406,272,776,336
00022987.jpg,193,49,406,272,776,336
00022988.jpg,193,50,406,273,776,336
00022989.jpg,193,50,406,273,776,336
00022990.jpg,193,50,406,273,776,336
00022991.jpg,193,50,406,273,776,336
00022992.jpg,193,50,406,273,776,336
00022993.jpg,192,50,405,273,776,336
00022994.jpg,193,51,406,274,776,336
00022995.jpg,193,51,406,274,776,336
00022996.jpg,193,51,406,274,776,336
00022997.jpg,193,51,406,274,776,336
00022998.jpg,193,50,406,273,776,336
00022999.jpg,193,50,406,273,776,336
00023000.jpg,193,50,406,273,776,336
00023001.jpg,193,50,406,273,776,336
00023002.jpg,194,50,407,273,776,336
00023003.jpg,193,49,406,272,776,336
00023004.jpg,194,50,407,273,776,336
00023005.jpg,194,50,407,273,776,336
00023006.jpg,194,50,407,273,776,336
00023007.jpg,194,50,407,273,776,336
00023008.jpg,194,49,407,272,776,336
00023009.jpg,194,49,407,272,776,336
00023010.jpg,194,50,407,273,776,336
00023011.jpg,194,50,407,273,776,336
00023012.jpg,195,50,408,273,776,336
00023013.jpg,195,50,408,273,776,336
00023014.jpg,195,50,408,273,776,336
00023015.jpg,195,50,408,273,773,346
00023016.jpg,194,50,407,273,766,367
00023017.jpg,194,50,407,273,755,397
00023018.jpg,194,50,407,273,752,408
00023019.jpg,194,50,407,273,752,408
00023020.jpg,194,50,407,273,752,408
00023021.jpg,194,50,407,273,752,408
00023022.jpg,194,49,407,272,752,408
00023023.jpg,194,49,407,272,752,408
00023024.jpg,194,49,407,272,752,408
00023025.jpg,194,49,407,272,752,408
00023026.jpg,195,49,408,272,752,408
00023027.jpg,195,49,408,272,752,408
00023028.jpg,195,48,408,271,752,408
00023029.jpg,195,48,408,271,-1,-1
00023030.jpg,196,50,409,273,-1,-1
00023031.jpg,196,49,409,272,-1,-1
00023032.jpg,196,49,409,272,-1,-1
00023033.jpg,196,49,409,272,-1,-1
00023034.jpg,196,49,409,272,-1,-1
00023035.jpg,196,49,409,272,-1,-1
00023036.jpg,196,48,409,271,-1,-1
00023037.jpg,196,48,409,271,-1,-1
00023038.jpg,195,48,408,271,-1,-1
00023039.jpg,195,47,408,270,-1,-1
00023040.jpg,195,47,408,270,-1,-1
00023041.jpg,195,48,408,271,-1,-1
00023042.jpg,195,48,408,271,-1,-1
00023043.jpg,196,50,409,273,-1,-1
00023044.jpg,196,50,409,273,-1,-1
00023045.jpg,195,50,408,273,-1,-1
00023046.jpg,195,51,408,274,-1,-1
00023047.jpg,194,51,407,274,-1,-1
00023048.jpg,194,51,407,274,-1,-1
00023049.jpg,194,52,407,275,-1,-1
00023050.jpg,193,51,406,274,-1,-1
00023051.jpg,193,51,406,274,-1,-1
00023052.jpg,193,52,406,275,-1,-1
00023053.jpg,193,51,406,274,-1,-1
00023054.jpg,193,51,406,274,-1,-1
00023055.jpg,193,51,406,274,-1,-1
00023056.jpg,193,51,406,274,-1,-1
00023057.jpg,194,51,407,274,-1,-1
00023058.jpg,195,51,408,274,-1,-1
00023059.jpg,195,50,408,273,-1,-1
00023060.jpg,196,50,409,273,-1,-1
00023061.jpg,196,49,409,272,-1,-1
00023062.jpg,197,49,410,272,-1,-1
00023063.jpg,198,49,411,272,-1,-1
00023064.jpg,199,49,412,272,-1,-1
00023065.jpg,200,49,413,272,-1,-1
00023066.jpg,201,49,414,272,-1,-1
00023067.jpg,201,49,414,272,-1,-1
00023068.jpg,202,49,415,272,-1,-1
00023069.jpg,202,49,415,272,-1,-1
00023070.jpg,202,49,415,272,-1,-1
00023071.jpg,202,49,415,272,-1,-1
00023072.jpg,203,49,416,272,-1,-1
00023073.jpg,203,49,416,272,-1,-1
00023074.jpg,204,49,417,272,-1,-1
00023075.jpg,204,49,417,272,-1,-1
00023076.jpg,205,49,418,272,-1,-1
00023077.jpg,205,49,418,272,-1,-1
00023078.jpg,206,48,419,271,-1,-1
00023079.jpg,207,48,420,271,-1,-1
00023080.jpg,208,48,421,271,-1,-1
00023081.jpg,209,47,422,270,-1,-1
00023082.jpg,210,47,423,270,-1,-1
00023083.jpg,212,47,425,270,-1,-1
00023084.jpg,213,46,426,269,-1,-1
00023085.jpg,213,45,426,268,-1,-1
00023086.jpg,215,45,428,268,-1,-1
00023087.jpg,216,45,429,268,-1,-1
00023088.jpg,218,44,431,267,-1,-1
00023089.jpg,218,44,431,267,-1,-1
