00009484.jpg,307,126,607,461,1159,742
00009485.jpg,307,126,607,461,1159,742
00009486.jpg,307,126,607,461,1159,742
00009487.jpg,312,126,612,461,1159,742
00009488.jpg,316,126,616,461,1159,742
00009489.jpg,320,126,620,461,1157,742
00009490.jpg,324,126,624,461,1186,752
00009491.jpg,324,126,624,461,1186,750
00009492.jpg,330,126,630,461,1207,755
00009493.jpg,333,127,633,462,1215,764
00009494.jpg,335,126,635,461,1228,772
00009495.jpg,337,127,637,462,1224,763
00009496.jpg,337,127,637,462,1224,760
00009497.jpg,337,126,637,461,1215,745
00009498.jpg,337,126,637,461,1201,730
00009499.jpg,337,126,637,461,1185,717
00009500.jpg,337,127,637,462,1126,721
00009501.jpg,337,127,637,462,1125,716
00009502.jpg,337,127,637,462,1118,708
00009503.jpg,336,127,636,462,1086,700
00009504.jpg,335,127,635,462,1051,705
00009505.jpg,334,128,634,463,1046,709
00009506.jpg,334,128,634,463,1046,709
00009507.jpg,332,128,632,463,1034,712
00009508.jpg,330,129,630,464,1029,714
00009509.jpg,328,130,628,465,1022,712
00009510.jpg,337,138,639,478,1008,709
00009511.jpg,337,138,639,478,1011,707
00009512.jpg,337,138,639,478,999,702
00009513.jpg,336,138,638,478,987,696
00009514.jpg,336,139,638,479,979,688
00009515.jpg,337,139,639,479,966,674
00009516.jpg,337,139,639,479,969,673
00009517.jpg,337,139,639,479,962,668
00009518.jpg,338,139,640,479,956,666
00009519.jpg,339,140,641,480,956,662
00009520.jpg,341,140,643,480,949,660
00009521.jpg,341,140,643,480,955,665
00009522.jpg,344,141,646,481,952,664
00009523.jpg,346,142,648,482,947,661
00009524.jpg,350,144,652,484,953,644
00009525.jpg,355,145,657,485,953,636
00009526.jpg,355,145,657,485,953,637
00009527.jpg,360,146,662,486,959,637
00009528.jpg,364,146,666,486,956,640
00009529.jpg,369,147,671,487,959,645
00009530.jpg,375,150,677,490,959,645
00009531.jpg,375,150,677,490,959,645
00009532.jpg,383,159,685,499,959,645
00009533.jpg,389,164,691,504,959,645
00009534.jpg,395,168,697,508,959,645
00009535.jpg,400,172,702,512,959,645
00009536.jpg,400,172,702,512,959,645
00009537.jpg,404,181,706,521,959,645
00009538.jpg,407,189,709,529,959,646
00009539.jpg,409,198,711,538,964,650
00009540.jpg,420,207,705,535,966,648
00009541.jpg,420,207,705,535,966,648
00009542.jpg,421,210,706,538,966,648
00009543.jpg,423,211,708,539,964,654
00009544.jpg,424,213,709,541,963,653
00009545.jpg,425,214,710,542,967,661
00009546.jpg,425,214,710,542,965,664
00009547.jpg,427,215,712,543,964,667
00009548.jpg,429,216,714,544,961,672
00009549.jpg,432,216,717,544,957,673
00009550.jpg,432,216,717,544,959,673
00009551.jpg,435,216,720,544,-1,-1
00009552.jpg,438,216,723,544,-1,-1
00009553.jpg,442,215,727,543,-1,-1
00009554.jpg,445,213,730,541,-1,-1
00009555.jpg,445,213,730,541,-1,-1
00009556.jpg,447,213,732,541,-1,-1
00009557.jpg,449,214,734,542,-1,-1
00009558.jpg,453,214,738,542,-1,-1
00009559.jpg,455,216,740,544,-1,-1
00009560.jpg,455,216,740,544,-1,-1
00009561.jpg,458,215,743,543,-1,-1
00009562.jpg,460,213,745,541,-1,-1
00009563.jpg,461,212,746,540,-1,-1
00009564.jpg,460,212,745,540,-1,-1
00009565.jpg,460,212,745,540,-1,-1
00009566.jpg,458,212,743,540,-1,-1
00009567.jpg,457,212,742,540,-1,-1
00009568.jpg,458,210,743,538,-1,-1
00009569.jpg,458,210,743,538,-1,-1
00009570.jpg,458,210,743,538,-1,-1
00009571.jpg,457,211,742,539,-1,-1
00009572.jpg,456,212,741,540,-1,-1
00009573.jpg,454,217,739,545,-1,-1
00009574.jpg,452,223,737,551,-1,-1
00009575.jpg,460,205,748,547,-1,-1
00009576.jpg,460,208,748,550,-1,-1
00009577.jpg,459,210,747,552,-1,-1
00009578.jpg,459,211,747,553,-1,-1
00009579.jpg,458,212,746,554,-1,-1
00009580.jpg,458,212,746,554,-1,-1
00009581.jpg,455,210,743,552,-1,-1
00009582.jpg,452,206,740,548,-1,-1
00009583.jpg,447,201,735,543,-1,-1
00009584.jpg,443,193,731,535,-1,-1
00009585.jpg,443,193,731,535,-1,-1
00009586.jpg,438,187,726,529,-1,-1
00009587.jpg,434,180,722,522,-1,-1
00009588.jpg,429,173,717,515,-1,-1
00009589.jpg,424,165,712,507,-1,-1
00009590.jpg,424,165,712,507,-1,-1
00009591.jpg,421,156,709,498,-1,-1
00009592.jpg,416,151,704,493,-1,-1
00009593.jpg,412,150,700,492,-1,-1
00009594.jpg,409,149,697,491,-1,-1
00009595.jpg,409,149,697,491,-1,-1
00009596.jpg,406,151,694,493,-1,-1
00009597.jpg,403,160,687,495,-1,-1
00009598.jpg,403,160,687,495,-1,-1
00009599.jpg,400,158,684,493,-1,-1
00009600.jpg,400,158,684,493,-1,-1
00009601.jpg,397,156,681,491,-1,-1
00009602.jpg,393,153,677,488,-1,-1
00009603.jpg,389,152,673,487,-1,-1
00009604.jpg,385,152,669,487,-1,-1
00009605.jpg,385,152,669,487,-1,-1
00009606.jpg,371,151,663,464,-1,-1
00009607.jpg,371,151,663,464,-1,-1
00009608.jpg,365,149,657,462,-1,-1
00009609.jpg,361,150,653,463,-1,-1
00009610.jpg,361,150,653,463,-1,-1
00009611.jpg,362,144,648,453,-1,-1
00009612.jpg,362,144,648,453,-1,-1
00009613.jpg,360,147,646,456,-1,-1
00009614.jpg,359,148,645,457,-1,-1
00009615.jpg,359,148,645,457,-1,-1
00009616.jpg,359,146,645,455,-1,-1
00009617.jpg,358,146,644,455,-1,-1
00009618.jpg,356,145,642,454,-1,-1
00009619.jpg,355,145,641,454,-1,-1
00009620.jpg,355,145,641,454,-1,-1
00009621.jpg,354,144,640,453,-1,-1
00009622.jpg,354,144,640,453,-1,-1
00009623.jpg,354,144,640,453,-1,-1
00009624.jpg,354,143,640,452,-1,-1
00009625.jpg,354,144,640,453,-1,-1
00009626.jpg,354,143,640,452,-1,-1
00009627.jpg,353,145,639,454,-1,-1
00009628.jpg,353,145,639,454,-1,-1
00009629.jpg,353,146,639,455,-1,-1
00009630.jpg,353,146,639,455,-1,-1
00009631.jpg,352,146,638,455,-1,-1
00009632.jpg,352,146,638,455,-1,-1
00009633.jpg,352,147,638,456,-1,-1
00009634.jpg,352,147,638,456,-1,-1
00009635.jpg,352,147,638,456,-1,-1
00009636.jpg,351,147,637,456,-1,-1
00009637.jpg,349,148,635,457,-1,-1
00009638.jpg,347,150,633,459,-1,-1
00009639.jpg,345,151,631,460,-1,-1
00009640.jpg,345,151,631,460,-1,-1
00009641.jpg,344,152,630,461,-1,-1
00009642.jpg,343,157,629,466,-1,-1
00009643.jpg,345,159,631,468,-1,-1
00009644.jpg,329,134,622,472,-1,-1
00009645.jpg,329,134,622,472,-1,-1
00009646.jpg,329,135,622,473,-1,-1
00009647.jpg,330,135,623,473,-1,-1
00009648.jpg,329,136,622,474,-1,-1
00009649.jpg,329,136,622,474,-1,-1
00009650.jpg,329,136,622,474,-1,-1
00009651.jpg,328,137,621,475,-1,-1
00009652.jpg,326,139,619,477,-1,-1
00009653.jpg,324,141,617,479,-1,-1
00009654.jpg,322,143,615,481,-1,-1
00009655.jpg,322,143,615,481,-1,-1
00009656.jpg,322,144,615,482,-1,-1
00009657.jpg,323,145,616,483,-1,-1
00009658.jpg,323,146,616,484,-1,-1
00009659.jpg,325,147,618,485,-1,-1
00009660.jpg,325,147,618,485,-1,-1
00009661.jpg,326,148,619,486,-1,-1
00009662.jpg,329,146,622,484,-1,-1
00009663.jpg,333,145,626,483,-1,-1
00009664.jpg,336,145,629,483,-1,-1
00009665.jpg,336,145,629,483,-1,-1
00009666.jpg,338,147,631,485,-1,-1
00009667.jpg,340,148,633,486,-1,-1
00009668.jpg,341,149,634,487,-1,-1
00009669.jpg,342,150,635,488,-1,-1
00009670.jpg,342,150,635,488,-1,-1
00009671.jpg,342,151,635,489,-1,-1
00009672.jpg,342,152,635,490,-1,-1
00009673.jpg,344,158,637,496,-1,-1
00009674.jpg,337,151,630,489,-1,-1
00009675.jpg,337,151,630,489,-1,-1
00009676.jpg,338,158,631,496,-1,-1
00009677.jpg,331,149,624,487,-1,-1
00009678.jpg,329,151,622,489,-1,-1
00009679.jpg,327,150,620,488,-1,-1
00009680.jpg,326,150,619,488,-1,-1
00009681.jpg,326,149,619,487,-1,-1
00009682.jpg,326,147,619,485,-1,-1
00009683.jpg,328,145,621,483,-1,-1
00009684.jpg,330,143,623,481,-1,-1
00009685.jpg,330,143,623,481,-1,-1
00009686.jpg,334,141,627,479,-1,-1
00009687.jpg,338,143,631,481,-1,-1
00009688.jpg,344,147,637,485,-1,-1
00009689.jpg,347,172,640,510,-1,-1
00009690.jpg,347,172,640,510,-1,-1
