00017262.jpg,244,22,430,207,-1,-1
00017263.jpg,242,23,431,207,-1,-1
00017264.jpg,243,23,430,207,-1,-1
00017265.jpg,242,24,430,207,-1,-1
00017266.jpg,243,25,429,207,-1,-1
00017267.jpg,242,26,429,207,-1,-1
00017268.jpg,243,26,428,208,-1,-1
00017269.jpg,242,26,428,209,-1,-1
00017270.jpg,243,25,429,209,-1,-1
00017271.jpg,241,25,430,210,-1,-1
00017272.jpg,242,25,429,210,-1,-1
00017273.jpg,242,24,430,209,-1,-1
00017274.jpg,242,24,429,209,-1,-1
00017275.jpg,242,24,429,210,-1,-1
00017276.jpg,241,25,428,209,-1,-1
00017277.jpg,241,25,429,209,-1,-1
00017278.jpg,242,25,429,209,-1,-1
00017279.jpg,243,26,429,208,-1,-1
00017280.jpg,242,26,427,209,-1,-1
00017281.jpg,242,27,427,209,-1,-1
00017282.jpg,240,27,427,209,-1,-1
00017283.jpg,240,26,427,209,-1,-1
00017284.jpg,239,26,425,209,-1,-1
00017285.jpg,236,26,425,208,-1,-1
00017286.jpg,235,26,424,209,-1,-1
00017287.jpg,234,26,423,211,-1,-1
00017288.jpg,235,27,421,209,-1,-1
00017289.jpg,234,25,422,209,-1,-1
00017290.jpg,233,25,422,209,-1,-1
00017291.jpg,230,25,421,210,-1,-1
00017292.jpg,229,24,418,206,-1,-1
00017293.jpg,227,22,419,208,-1,-1
00017294.jpg,225,22,420,210,-1,-1
00017295.jpg,226,22,420,209,-1,-1
00017296.jpg,228,25,416,208,-1,-1
00017297.jpg,227,26,417,208,-1,-1
00017298.jpg,230,27,417,206,-1,-1
00017299.jpg,230,27,417,206,-1,-1
00017300.jpg,230,27,417,206,-1,-1
00017301.jpg,230,27,417,206,-1,-1
00017302.jpg,234,27,421,206,-1,-1
00017303.jpg,238,27,425,206,-1,-1
00017304.jpg,243,26,430,205,-1,-1
00017305.jpg,247,26,434,205,-1,-1
00017306.jpg,250,26,437,205,-1,-1
00017307.jpg,253,26,440,205,-1,-1
00017308.jpg,256,26,443,205,-1,-1
00017309.jpg,259,26,446,205,-1,-1
00017310.jpg,261,26,448,205,-1,-1
00017311.jpg,263,26,450,205,-1,-1
00017312.jpg,265,26,452,205,-1,-1
00017313.jpg,267,27,454,206,-1,-1
00017314.jpg,269,27,456,206,-1,-1
00017315.jpg,270,26,457,205,-1,-1
00017316.jpg,271,26,458,205,-1,-1
00017317.jpg,272,26,459,205,-1,-1
00017318.jpg,273,27,460,206,-1,-1
00017319.jpg,274,27,461,206,-1,-1
00017320.jpg,275,28,462,207,-1,-1
00017321.jpg,275,28,462,207,-1,-1
00017322.jpg,275,27,462,206,-1,-1
00017323.jpg,275,27,462,206,-1,-1
00017324.jpg,276,28,463,207,740,151
00017325.jpg,276,28,463,207,740,151
00017326.jpg,276,28,463,207,740,151
00017327.jpg,275,28,462,207,740,151
00017328.jpg,275,29,462,208,740,151
00017329.jpg,274,29,461,208,740,151
00017330.jpg,274,30,461,209,740,151
00017331.jpg,273,30,460,209,-1,-1
00017332.jpg,273,31,460,210,-1,-1
00017333.jpg,272,31,459,210,-1,-1
00017334.jpg,271,31,458,210,-1,-1
00017335.jpg,271,31,458,210,-1,-1
00017336.jpg,270,31,457,210,-1,-1
00017337.jpg,269,31,456,210,-1,-1
00017338.jpg,269,31,456,210,-1,-1
00017339.jpg,268,31,455,210,-1,-1
00017340.jpg,268,32,455,211,-1,-1
00017341.jpg,267,31,454,210,-1,-1
00017342.jpg,266,31,453,210,-1,-1
00017343.jpg,266,32,453,211,-1,-1
00017344.jpg,266,32,453,211,-1,-1
00017345.jpg,265,31,452,210,-1,-1
00017346.jpg,265,31,452,210,-1,-1
00017347.jpg,265,31,452,210,-1,-1
00017348.jpg,264,31,451,210,-1,-1
00017349.jpg,264,31,451,210,-1,-1
00017350.jpg,264,32,451,211,-1,-1
00017351.jpg,264,32,451,211,-1,-1
00017352.jpg,263,31,450,210,-1,-1
00017353.jpg,263,31,450,210,-1,-1
00017354.jpg,263,31,450,210,-1,-1
00017355.jpg,263,32,450,211,-1,-1
00017356.jpg,262,31,449,210,-1,-1
00017357.jpg,262,32,449,211,-1,-1
00017358.jpg,261,31,448,210,-1,-1
00017359.jpg,261,31,448,210,-1,-1
00017360.jpg,260,31,447,210,-1,-1
00017361.jpg,260,32,447,211,-1,-1
00017362.jpg,260,32,447,211,-1,-1
00017363.jpg,260,32,447,211,-1,-1
00017364.jpg,260,32,447,211,-1,-1
00017365.jpg,259,31,446,210,-1,-1
00017366.jpg,259,31,446,210,-1,-1
00017367.jpg,259,31,446,210,-1,-1
00017368.jpg,259,32,446,211,-1,-1
00017369.jpg,259,32,446,211,-1,-1
00017370.jpg,259,32,446,211,-1,-1
00017371.jpg,259,32,446,211,-1,-1
00017372.jpg,258,32,445,211,-1,-1
00017373.jpg,258,32,445,211,-1,-1
00017374.jpg,258,32,445,211,-1,-1
00017375.jpg,258,32,445,211,-1,-1
00017376.jpg,258,32,445,211,-1,-1
00017377.jpg,258,32,445,211,-1,-1
00017378.jpg,258,33,445,212,-1,-1
00017379.jpg,257,32,444,211,-1,-1
00017380.jpg,257,32,444,211,-1,-1
00017381.jpg,257,33,444,212,-1,-1
00017382.jpg,257,33,444,212,-1,-1
00017383.jpg,256,33,443,212,-1,-1
00017384.jpg,256,33,443,212,-1,-1
00017385.jpg,256,33,443,212,-1,-1
00017386.jpg,256,34,443,213,-1,-1
00017387.jpg,256,34,443,213,-1,-1
00017388.jpg,257,34,444,213,-1,-1
00017389.jpg,257,34,444,213,-1,-1
00017390.jpg,257,34,444,213,-1,-1
00017391.jpg,257,34,444,213,-1,-1
00017392.jpg,257,35,444,214,-1,-1
00017393.jpg,257,35,444,214,-1,-1
00017394.jpg,257,35,444,214,-1,-1
00017395.jpg,257,36,444,215,-1,-1
00017396.jpg,257,36,444,215,-1,-1
00017397.jpg,256,36,443,215,-1,-1
00017398.jpg,256,36,443,215,-1,-1
00017399.jpg,256,37,443,216,-1,-1
00017400.jpg,257,37,444,216,699,165
00017401.jpg,257,37,444,216,699,165
00017402.jpg,258,34,450,215,697,165
00017403.jpg,260,34,450,215,697,165
00017404.jpg,258,34,451,216,697,165
00017405.jpg,258,33,452,215,697,165
00017406.jpg,255,31,449,216,-1,-1
00017407.jpg,257,33,448,213,-1,-1
00017408.jpg,257,33,446,213,-1,-1
00017409.jpg,256,32,442,214,-1,-1
00017410.jpg,258,31,442,214,-1,-1
00017411.jpg,257,31,443,214,-1,-1
00017412.jpg,258,31,443,213,-1,-1
00017413.jpg,252,35,439,214,-1,-1
00017414.jpg,252,35,439,214,-1,-1
00017415.jpg,252,35,439,214,-1,-1
00017416.jpg,251,35,438,214,-1,-1
00017417.jpg,251,35,438,214,-1,-1
00017418.jpg,251,35,438,214,-1,-1
00017419.jpg,250,35,437,214,-1,-1
00017420.jpg,250,35,437,214,-1,-1
00017421.jpg,250,35,437,214,-1,-1
00017422.jpg,250,34,437,213,-1,-1
00017423.jpg,250,34,437,213,-1,-1
00017424.jpg,250,34,437,213,-1,-1
00017425.jpg,250,34,437,213,-1,-1
00017426.jpg,251,34,438,213,-1,-1
00017427.jpg,251,34,438,213,-1,-1
00017428.jpg,251,34,438,213,-1,-1
00017429.jpg,251,34,438,213,-1,-1
00017430.jpg,251,34,438,213,-1,-1
00017431.jpg,251,34,438,213,-1,-1
00017432.jpg,251,33,438,212,-1,-1
00017433.jpg,251,33,438,212,-1,-1
00017434.jpg,251,33,438,212,-1,-1
00017435.jpg,251,32,438,211,-1,-1
00017436.jpg,250,32,437,211,-1,-1
00017437.jpg,250,32,437,211,-1,-1
00017438.jpg,250,31,437,210,-1,-1
00017439.jpg,250,31,437,210,-1,-1
00017440.jpg,249,31,436,210,-1,-1
00017441.jpg,250,32,437,211,-1,-1
00017442.jpg,250,32,437,211,-1,-1
00017443.jpg,249,31,436,210,-1,-1
00017444.jpg,249,32,436,211,-1,-1
00017445.jpg,249,31,436,210,-1,-1
00017446.jpg,249,31,436,210,-1,-1
00017447.jpg,248,31,435,210,-1,-1
00017448.jpg,248,32,435,211,-1,-1
00017449.jpg,249,32,436,211,-1,-1
00017450.jpg,249,32,436,211,-1,-1
00017451.jpg,249,32,436,211,-1,-1
00017452.jpg,250,32,437,211,-1,-1
00017453.jpg,250,32,437,211,-1,-1
00017454.jpg,251,32,438,211,-1,-1
00017455.jpg,251,31,438,210,-1,-1
00017456.jpg,251,32,438,211,-1,-1
00017457.jpg,252,32,439,211,-1,-1
00017458.jpg,252,32,439,211,-1,-1
00017459.jpg,253,32,440,211,-1,-1
00017460.jpg,253,32,440,211,-1,-1
00017461.jpg,254,32,441,211,-1,-1
00017462.jpg,254,32,441,211,-1,-1
00017463.jpg,254,32,441,211,-1,-1
00017464.jpg,254,32,441,211,-1,-1
00017465.jpg,254,31,441,210,-1,-1
00017466.jpg,254,31,441,210,-1,-1
00017467.jpg,254,31,441,210,-1,-1
00017468.jpg,253,31,440,210,-1,-1
00017469.jpg,253,31,440,210,-1,-1
00017470.jpg,253,31,440,210,-1,-1
00017471.jpg,254,31,441,210,705,154
00017472.jpg,255,31,442,210,705,154
00017473.jpg,256,32,443,211,705,154
00017474.jpg,256,32,443,211,705,154
00017475.jpg,256,31,443,210,705,154
00017476.jpg,257,31,444,210,705,154
00017477.jpg,257,31,444,210,705,154
00017478.jpg,257,31,444,210,-1,-1
00017479.jpg,257,31,444,210,-1,-1
00017480.jpg,256,30,443,209,-1,-1
00017481.jpg,256,30,443,209,-1,-1
00017482.jpg,256,30,443,209,-1,-1
00017483.jpg,256,30,443,209,-1,-1
00017484.jpg,255,30,442,209,-1,-1
00017485.jpg,255,30,442,209,-1,-1
00017486.jpg,254,30,441,209,-1,-1
00017487.jpg,254,29,441,208,-1,-1
00017488.jpg,255,28,442,207,-1,-1
00017489.jpg,256,28,443,207,-1,-1
00017490.jpg,258,25,448,211,-1,-1
00017491.jpg,260,24,443,209,-1,-1
00017492.jpg,260,21,444,207,-1,-1
00017493.jpg,258,21,443,207,-1,-1
00017494.jpg,258,22,443,207,-1,-1
00017495.jpg,258,23,443,207,-1,-1
00017496.jpg,258,24,442,206,-1,-1
00017497.jpg,254,24,443,209,-1,-1
00017498.jpg,254,24,443,209,-1,-1
00017499.jpg,253,23,442,209,-1,-1
00017500.jpg,255,24,443,209,-1,-1
00017501.jpg,255,24,444,209,-1,-1
00017502.jpg,256,24,444,209,-1,-1
00017503.jpg,255,25,443,209,-1,-1
00017504.jpg,257,26,443,208,-1,-1
00017505.jpg,256,25,443,209,-1,-1
00017506.jpg,256,25,443,209,-1,-1
00017507.jpg,256,24,443,209,-1,-1
00017508.jpg,256,25,443,208,-1,-1
00017509.jpg,257,25,444,208,-1,-1
00017510.jpg,256,25,444,209,-1,-1
00017511.jpg,255,25,443,210,-1,-1
00017512.jpg,257,25,443,208,-1,-1
00017513.jpg,257,25,442,207,-1,-1
00017514.jpg,258,25,441,207,-1,-1
00017515.jpg,257,24,442,206,-1,-1
00017516.jpg,261,24,441,205,-1,-1
00017517.jpg,261,25,440,205,-1,-1
00017518.jpg,262,25,441,204,-1,-1
00017519.jpg,261,26,441,205,-1,-1
00017520.jpg,259,25,442,206,-1,-1
00017521.jpg,260,26,442,206,-1,-1
00017522.jpg,261,26,442,206,-1,-1
00017523.jpg,259,26,442,207,-1,-1
00017524.jpg,259,25,442,207,-1,-1
00017525.jpg,258,25,442,207,-1,-1
00017526.jpg,257,25,442,207,-1,-1
00017527.jpg,255,25,443,208,-1,-1
00017528.jpg,255,25,443,208,-1,-1
00017529.jpg,255,25,443,207,-1,-1
00017530.jpg,255,24,442,206,-1,-1
00017531.jpg,257,24,444,206,-1,-1
00017532.jpg,260,23,443,204,-1,-1
00017533.jpg,261,23,443,203,-1,-1
00017534.jpg,262,23,443,203,-1,-1
00017535.jpg,262,23,444,203,-1,-1
00017536.jpg,261,23,443,203,-1,-1
00017537.jpg,260,23,445,203,-1,-1
00017538.jpg,258,22,445,203,-1,-1
00017539.jpg,257,24,446,203,-1,-1
00017540.jpg,257,24,448,203,-1,-1
00017541.jpg,259,23,448,202,-1,-1
00017542.jpg,257,21,448,202,-1,-1
00017543.jpg,260,21,448,201,-1,-1
00017544.jpg,262,21,448,200,-1,-1
00017545.jpg,262,21,447,200,-1,-1
00017546.jpg,265,21,448,199,-1,-1
00017547.jpg,265,21,448,199,-1,-1
00017548.jpg,265,20,449,199,-1,-1
00017549.jpg,263,20,450,199,-1,-1
00017550.jpg,263,20,452,198,-1,-1
00017551.jpg,263,20,452,198,-1,-1
