00017262.jpg,664,65,847,260,-1,-1
00017263.jpg,663,67,846,261,-1,-1
00017264.jpg,663,67,846,261,-1,-1
00017265.jpg,663,68,846,262,-1,-1
00017266.jpg,663,69,845,261,-1,-1
00017267.jpg,663,68,845,261,-1,-1
00017268.jpg,663,66,845,260,-1,-1
00017269.jpg,661,66,845,261,-1,-1
00017270.jpg,661,66,845,260,-1,-1
00017271.jpg,660,66,844,258,-1,-1
00017272.jpg,658,66,845,260,-1,-1
00017273.jpg,658,66,844,260,-1,-1
00017274.jpg,657,66,844,261,-1,-1
00017275.jpg,658,67,843,260,-1,-1
00017276.jpg,658,67,844,261,-1,-1
00017277.jpg,657,66,844,261,-1,-1
00017278.jpg,658,67,844,262,-1,-1
00017279.jpg,658,67,844,261,-1,-1
00017280.jpg,657,67,844,262,-1,-1
00017281.jpg,658,67,844,261,-1,-1
00017282.jpg,657,67,844,261,-1,-1
00017283.jpg,657,67,844,261,-1,-1
00017284.jpg,656,66,844,262,-1,-1
00017285.jpg,656,65,844,263,-1,-1
00017286.jpg,656,65,845,263,-1,-1
00017287.jpg,657,65,844,262,-1,-1
00017288.jpg,655,65,845,262,-1,-1
00017289.jpg,655,64,845,262,-1,-1
00017290.jpg,655,64,845,262,-1,-1
00017291.jpg,654,63,845,263,-1,-1
00017292.jpg,653,63,845,263,-1,-1
00017293.jpg,654,63,845,262,-1,-1
00017294.jpg,654,62,845,262,-1,-1
00017295.jpg,653,62,845,263,-1,-1
00017296.jpg,654,63,845,262,-1,-1
00017297.jpg,654,63,844,261,-1,-1
00017298.jpg,655,63,844,261,-1,-1
00017299.jpg,655,63,844,262,-1,-1
00017300.jpg,656,64,843,261,-1,-1
00017301.jpg,656,64,844,261,-1,-1
00017302.jpg,657,63,844,259,-1,-1
00017303.jpg,657,63,844,259,-1,-1
00017304.jpg,656,63,845,258,-1,-1
00017305.jpg,657,63,845,258,-1,-1
00017306.jpg,657,64,846,258,-1,-1
00017307.jpg,658,64,846,258,-1,-1
00017308.jpg,658,64,846,258,-1,-1
00017309.jpg,658,64,847,257,-1,-1
00017310.jpg,659,63,847,258,-1,-1
00017311.jpg,657,62,849,259,-1,-1
00017312.jpg,658,62,849,259,-1,-1
00017313.jpg,657,61,850,260,-1,-1
00017314.jpg,657,62,850,259,-1,-1
00017315.jpg,659,62,849,256,-1,-1
00017316.jpg,658,62,849,258,-1,-1
00017317.jpg,658,62,850,257,-1,-1
00017318.jpg,659,62,849,256,-1,-1
00017319.jpg,659,63,849,256,-1,-1
00017320.jpg,660,63,849,256,-1,-1
00017321.jpg,659,63,850,257,-1,-1
00017322.jpg,658,63,850,258,-1,-1
00017323.jpg,659,63,851,259,-1,-1
00017324.jpg,658,62,852,260,-1,-1
00017325.jpg,658,63,852,260,-1,-1
00017326.jpg,660,64,851,260,-1,-1
00017327.jpg,659,63,852,261,-1,-1
00017328.jpg,659,65,851,260,-1,-1
00017329.jpg,660,65,851,261,-1,-1
00017330.jpg,660,66,850,261,-1,-1
00017331.jpg,660,67,849,261,-1,-1
00017332.jpg,661,68,849,261,-1,-1
00017333.jpg,660,67,848,261,-1,-1
00017334.jpg,659,65,848,260,-1,-1
00017335.jpg,657,64,849,261,-1,-1
00017336.jpg,657,64,847,262,-1,-1
00017337.jpg,657,62,848,262,-1,-1
00017338.jpg,658,63,848,262,-1,-1
00017339.jpg,657,65,847,263,-1,-1
00017340.jpg,654,64,848,264,-1,-1
00017341.jpg,652,62,848,264,-1,-1
00017342.jpg,652,61,846,263,-1,-1
00017343.jpg,652,62,845,263,-1,-1
00017344.jpg,652,61,844,264,-1,-1
00017345.jpg,650,57,846,265,-1,-1
00017346.jpg,651,56,847,264,-1,-1
00017347.jpg,649,53,848,266,-1,-1
00017348.jpg,650,54,847,265,-1,-1
00017349.jpg,650,55,846,264,-1,-1
00017350.jpg,650,56,845,264,-1,-1
00017351.jpg,650,56,845,264,-1,-1
00017352.jpg,651,56,845,263,-1,-1
00017353.jpg,650,57,844,263,-1,-1
00017354.jpg,651,57,843,262,-1,-1
00017355.jpg,650,57,843,263,-1,-1
00017356.jpg,650,57,843,263,-1,-1
00017357.jpg,650,57,844,263,-1,-1
00017358.jpg,649,57,843,262,-1,-1
00017359.jpg,648,56,844,263,-1,-1
00017360.jpg,648,56,844,263,-1,-1
00017361.jpg,648,57,843,263,-1,-1
00017362.jpg,648,57,843,263,-1,-1
00017363.jpg,649,57,844,263,-1,-1
00017364.jpg,648,56,845,263,-1,-1
00017365.jpg,648,57,845,264,-1,-1
00017366.jpg,648,57,845,263,-1,-1
00017367.jpg,648,57,845,263,-1,-1
00017368.jpg,647,56,845,263,-1,-1
00017369.jpg,647,56,845,263,-1,-1
00017370.jpg,646,56,845,263,-1,-1
00017371.jpg,646,56,844,263,-1,-1
00017372.jpg,646,56,844,263,-1,-1
00017373.jpg,646,56,844,264,-1,-1
00017374.jpg,646,57,843,263,-1,-1
00017375.jpg,646,56,843,263,-1,-1
00017376.jpg,645,56,843,264,-1,-1
00017377.jpg,645,56,843,264,-1,-1
00017378.jpg,645,56,843,264,-1,-1
00017379.jpg,645,57,842,264,-1,-1
00017380.jpg,645,58,842,263,-1,-1
00017381.jpg,646,58,841,262,-1,-1
00017382.jpg,648,59,840,262,-1,-1
00017383.jpg,645,57,841,265,1065,618
00017384.jpg,646,56,841,265,1064,619
00017385.jpg,649,56,840,263,1066,619
00017386.jpg,647,57,839,264,-1,-1
00017387.jpg,645,57,839,266,-1,-1
00017388.jpg,642,54,840,266,-1,-1
00017389.jpg,645,55,838,265,-1,-1
00017390.jpg,645,55,836,265,-1,-1
00017391.jpg,644,55,837,267,-1,-1
00017392.jpg,647,58,835,266,-1,-1
00017393.jpg,648,61,835,265,-1,-1
00017394.jpg,649,63,835,267,-1,-1
00017395.jpg,650,65,832,263,-1,-1
00017396.jpg,652,67,832,261,-1,-1
00017397.jpg,650,66,834,263,-1,-1
00017398.jpg,651,69,833,263,-1,-1
00017399.jpg,651,70,834,266,-1,-1
00017400.jpg,650,70,834,267,-1,-1
00017401.jpg,649,70,833,267,-1,-1
00017402.jpg,648,69,834,268,-1,-1
00017403.jpg,649,70,834,268,338,280
00017404.jpg,650,69,834,267,338,280
00017405.jpg,650,68,837,270,338,280
00017406.jpg,650,68,837,272,338,280
00017407.jpg,653,71,836,271,387,130
00017408.jpg,654,74,839,273,387,130
00017409.jpg,654,71,840,270,385,130
00017410.jpg,655,70,841,267,383,130
00017411.jpg,654,67,841,267,382,130
00017412.jpg,654,67,842,267,379,130
00017413.jpg,652,64,845,268,377,129
00017414.jpg,652,62,847,269,377,129
00017415.jpg,652,62,848,269,378,127
00017416.jpg,653,62,849,268,376,127
00017417.jpg,653,62,849,267,375,127
00017418.jpg,654,61,850,267,375,125
00017419.jpg,653,61,850,267,376,125
00017420.jpg,654,60,851,267,376,125
00017421.jpg,653,60,852,267,376,125
00017422.jpg,651,58,853,269,376,125
00017423.jpg,651,58,853,268,376,125
00017424.jpg,652,59,852,267,376,125
00017425.jpg,653,60,852,267,376,125
00017426.jpg,653,60,852,267,376,125
00017427.jpg,653,60,851,269,376,125
00017428.jpg,653,60,850,268,376,125
00017429.jpg,654,60,849,267,376,125
00017430.jpg,654,60,849,267,376,125
00017431.jpg,654,61,850,267,376,125
00017432.jpg,655,60,850,267,376,125
00017433.jpg,654,60,850,268,376,125
00017434.jpg,655,60,850,267,374,125
00017435.jpg,656,60,848,267,373,125
00017436.jpg,655,60,848,268,373,125
00017437.jpg,655,62,847,268,373,125
00017438.jpg,655,63,846,269,338,293
00017439.jpg,653,61,846,269,-1,-1
00017440.jpg,654,62,845,266,-1,-1
00017441.jpg,651,63,843,268,-1,-1
00017442.jpg,652,62,840,266,-1,-1
00017443.jpg,653,58,843,267,-1,-1
00017444.jpg,653,58,843,267,-1,-1
00017445.jpg,653,58,843,267,-1,-1
00017446.jpg,656,58,846,267,-1,-1
00017447.jpg,658,57,848,266,-1,-1
00017448.jpg,659,56,849,265,-1,-1
00017449.jpg,659,56,849,265,-1,-1
00017450.jpg,660,56,850,265,-1,-1
00017451.jpg,659,56,849,265,-1,-1
00017452.jpg,659,56,849,265,-1,-1
00017453.jpg,658,56,848,265,-1,-1
00017454.jpg,658,56,848,265,-1,-1
00017455.jpg,657,56,847,265,-1,-1
00017456.jpg,656,57,846,266,-1,-1
00017457.jpg,655,57,845,266,-1,-1
00017458.jpg,654,56,844,265,-1,-1
00017459.jpg,654,57,844,266,-1,-1
00017460.jpg,653,57,843,266,-1,-1
00017461.jpg,652,57,842,266,-1,-1
00017462.jpg,652,57,842,266,-1,-1
00017463.jpg,651,57,841,266,-1,-1
00017464.jpg,650,57,840,266,-1,-1
00017465.jpg,649,57,839,266,-1,-1
00017466.jpg,648,57,838,266,-1,-1
00017467.jpg,648,58,838,267,-1,-1
00017468.jpg,646,58,836,267,-1,-1
00017469.jpg,645,58,835,267,-1,-1
00017470.jpg,645,58,835,267,-1,-1
00017471.jpg,645,58,835,267,-1,-1
00017472.jpg,644,58,834,267,-1,-1
00017473.jpg,645,58,835,267,-1,-1
00017474.jpg,645,58,835,267,-1,-1
00017475.jpg,645,58,835,267,-1,-1
00017476.jpg,645,57,835,266,-1,-1
00017477.jpg,646,57,836,266,-1,-1
00017478.jpg,646,57,836,266,-1,-1
00017479.jpg,646,57,836,266,-1,-1
00017480.jpg,646,57,836,266,-1,-1
00017481.jpg,646,57,836,266,-1,-1
00017482.jpg,646,57,836,266,-1,-1
00017483.jpg,645,56,835,265,-1,-1
00017484.jpg,646,56,836,265,-1,-1
00017485.jpg,647,54,837,263,-1,-1
00017486.jpg,648,53,838,262,-1,-1
00017487.jpg,647,77,833,272,-1,-1
00017488.jpg,647,77,833,272,-1,-1
00017489.jpg,648,76,834,271,-1,-1
00017490.jpg,650,75,836,270,-1,-1
00017491.jpg,651,74,837,269,-1,-1
00017492.jpg,653,72,839,267,-1,-1
00017493.jpg,655,70,841,265,-1,-1
00017494.jpg,656,68,842,263,-1,-1
00017495.jpg,658,67,844,262,-1,-1
00017496.jpg,659,67,845,262,-1,-1
00017497.jpg,659,67,845,262,-1,-1
00017498.jpg,659,67,845,262,-1,-1
00017499.jpg,651,77,832,273,-1,-1
00017500.jpg,651,77,832,273,-1,-1
00017501.jpg,651,78,832,274,-1,-1
00017502.jpg,651,79,832,275,-1,-1
00017503.jpg,651,79,832,275,-1,-1
00017504.jpg,651,80,832,276,-1,-1
00017505.jpg,651,80,832,276,-1,-1
00017506.jpg,651,81,832,277,-1,-1
00017507.jpg,651,81,832,277,-1,-1
00017508.jpg,651,80,832,276,-1,-1
00017509.jpg,651,80,832,276,-1,-1
00017510.jpg,651,80,832,276,-1,-1
00017511.jpg,650,80,831,276,-1,-1
00017512.jpg,650,80,831,276,-1,-1
00017513.jpg,650,81,831,277,-1,-1
00017514.jpg,649,82,830,278,-1,-1
00017515.jpg,649,83,830,279,-1,-1
00017516.jpg,648,83,829,279,-1,-1
00017517.jpg,648,84,829,280,-1,-1
00017518.jpg,648,85,829,281,-1,-1
00017519.jpg,648,85,829,281,-1,-1
00017520.jpg,647,84,828,280,-1,-1
00017521.jpg,647,83,828,279,-1,-1
00017522.jpg,647,83,828,279,-1,-1
00017523.jpg,647,84,828,280,-1,-1
00017524.jpg,646,84,827,280,-1,-1
00017525.jpg,646,84,827,280,-1,-1
00017526.jpg,646,84,827,280,-1,-1
00017527.jpg,646,85,827,281,-1,-1
00017528.jpg,646,85,827,281,-1,-1
00017529.jpg,647,86,828,282,-1,-1
00017530.jpg,648,85,829,281,-1,-1
00017531.jpg,649,83,830,279,-1,-1
00017532.jpg,649,81,830,277,-1,-1
00017533.jpg,650,80,831,276,-1,-1
00017534.jpg,651,80,832,276,-1,-1
00017535.jpg,651,80,832,276,-1,-1
00017536.jpg,651,80,832,276,-1,-1
00017537.jpg,652,82,833,278,-1,-1
00017538.jpg,652,84,833,280,-1,-1
00017539.jpg,651,83,832,279,-1,-1
00017540.jpg,651,82,832,278,-1,-1
00017541.jpg,650,80,831,276,-1,-1
00017542.jpg,650,79,831,275,-1,-1
00017543.jpg,650,79,831,275,-1,-1
00017544.jpg,650,79,831,275,-1,-1
00017545.jpg,650,80,831,276,-1,-1
00017546.jpg,651,81,832,277,-1,-1
00017547.jpg,651,81,832,277,-1,-1
00017548.jpg,652,82,833,278,-1,-1
00017549.jpg,652,82,833,278,-1,-1
00017550.jpg,653,81,834,277,-1,-1
00017551.jpg,653,81,834,277,-1,-1
