00057575.jpg,274,281,773,788,863,405
00057576.jpg,274,281,773,788,868,408
00057577.jpg,274,281,773,788,868,408
00057578.jpg,274,281,773,788,883,410
00057579.jpg,274,283,773,790,895,409
00057580.jpg,275,286,774,793,910,409
00057581.jpg,274,289,773,796,916,405
00057582.jpg,268,294,767,801,-1,-1
00057583.jpg,265,298,764,805,-1,-1
00057584.jpg,261,303,760,810,-1,-1
00057585.jpg,260,308,786,789,-1,-1
00057586.jpg,260,308,786,789,-1,-1
00057587.jpg,251,312,777,793,-1,-1
00057588.jpg,244,316,770,797,-1,-1
00057589.jpg,233,320,759,801,-1,-1
00057590.jpg,221,323,747,804,-1,-1
00057591.jpg,210,325,736,806,-1,-1
00057592.jpg,198,326,724,807,-1,-1
00057593.jpg,187,326,713,807,-1,-1
00057594.jpg,184,324,710,805,-1,-1
00057595.jpg,178,324,704,805,-1,-1
00057596.jpg,173,324,699,805,-1,-1
00057597.jpg,167,323,693,804,-1,-1
00057598.jpg,160,322,686,803,-1,-1
00057599.jpg,156,320,682,801,-1,-1
00057600.jpg,153,320,679,801,-1,-1
00057601.jpg,151,318,677,799,-1,-1
00057602.jpg,150,316,676,797,-1,-1
00057603.jpg,146,315,672,796,-1,-1
00057604.jpg,143,315,669,796,-1,-1
00057605.jpg,140,316,666,797,-1,-1
00057606.jpg,135,320,661,801,-1,-1
00057607.jpg,128,325,654,806,-1,-1
00057608.jpg,128,328,654,809,-1,-1
00057609.jpg,126,331,652,812,-1,-1
00057610.jpg,120,333,646,814,-1,-1
00057611.jpg,113,336,639,817,-1,-1
00057612.jpg,145,337,632,783,-1,-1
00057613.jpg,145,337,632,783,-1,-1
00057614.jpg,145,337,632,783,-1,-1
00057615.jpg,132,340,619,786,828,392
00057616.jpg,124,343,611,789,835,392
00057617.jpg,122,345,609,791,852,393
00057618.jpg,134,347,621,793,862,400
00057619.jpg,139,348,626,794,874,398
00057620.jpg,145,349,632,795,-1,-1
00057621.jpg,154,350,641,796,-1,-1
00057622.jpg,160,351,647,797,-1,-1
00057623.jpg,171,353,658,799,-1,-1
00057624.jpg,181,352,668,798,-1,-1
00057625.jpg,190,353,677,799,-1,-1
00057626.jpg,197,352,684,798,-1,-1
00057627.jpg,205,351,692,797,-1,-1
00057628.jpg,214,352,701,798,-1,-1
00057629.jpg,223,349,710,795,-1,-1
00057630.jpg,232,347,719,793,-1,-1
00057631.jpg,231,349,718,795,-1,-1
00057632.jpg,239,338,726,784,-1,-1
00057633.jpg,239,338,726,784,-1,-1
