00057575.jpg,588,92,1024,612,638,486
00057576.jpg,588,92,1024,612,640,494
00057577.jpg,587,91,1023,611,642,497
00057578.jpg,588,92,1024,612,647,500
00057579.jpg,589,94,1025,614,651,501
00057580.jpg,594,99,1014,622,-1,-1
00057581.jpg,594,99,1014,622,-1,-1
00057582.jpg,588,104,1008,627,-1,-1
00057583.jpg,596,104,1016,627,-1,-1
00057584.jpg,604,105,1024,628,-1,-1
00057585.jpg,611,103,1031,626,-1,-1
00057586.jpg,612,103,1032,626,-1,-1
00057587.jpg,605,106,1025,629,-1,-1
00057588.jpg,599,112,1021,633,-1,-1
00057589.jpg,599,112,1021,633,-1,-1
00057590.jpg,594,112,1016,633,-1,-1
00057591.jpg,589,112,1011,633,-1,-1
00057592.jpg,585,112,1007,633,-1,-1
00057593.jpg,581,111,1003,632,-1,-1
00057594.jpg,578,109,1000,630,-1,-1
00057595.jpg,577,109,999,630,-1,-1
00057596.jpg,576,107,998,628,-1,-1
00057597.jpg,575,105,997,626,-1,-1
00057598.jpg,575,102,997,623,-1,-1
00057599.jpg,576,99,998,620,-1,-1
00057600.jpg,577,97,999,618,-1,-1
00057601.jpg,578,95,1000,616,-1,-1
00057602.jpg,579,93,1001,614,-1,-1
00057603.jpg,578,92,1000,613,-1,-1
00057604.jpg,574,92,996,613,-1,-1
00057605.jpg,570,94,992,615,-1,-1
00057606.jpg,566,97,988,618,-1,-1
00057607.jpg,562,100,984,621,-1,-1
00057608.jpg,559,103,981,624,-1,-1
00057609.jpg,557,106,979,627,-1,-1
00057610.jpg,555,108,977,629,-1,-1
00057611.jpg,554,111,976,632,-1,-1
00057612.jpg,555,114,977,635,-1,-1
00057613.jpg,557,117,979,638,-1,-1
00057614.jpg,562,120,984,641,-1,-1
00057615.jpg,569,120,991,641,-1,-1
00057616.jpg,579,120,1001,641,-1,-1
00057617.jpg,591,121,1013,642,-1,-1
00057618.jpg,605,123,1027,644,-1,-1
00057619.jpg,620,124,1042,645,-1,-1
00057620.jpg,636,126,1058,647,-1,-1
00057621.jpg,652,127,1074,648,-1,-1
00057622.jpg,668,127,1090,648,-1,-1
00057623.jpg,676,139,1100,653,-1,-1
00057624.jpg,676,139,1100,653,-1,-1
00057625.jpg,693,139,1117,653,-1,-1
00057626.jpg,709,138,1133,652,-1,-1
00057627.jpg,726,137,1150,651,-1,-1
00057628.jpg,742,137,1166,651,-1,-1
00057629.jpg,760,134,1184,648,-1,-1
00057630.jpg,778,131,1202,645,-1,-1
00057631.jpg,796,126,1220,640,-1,-1
00057632.jpg,812,121,1236,635,-1,-1
00057633.jpg,812,121,1236,635,-1,-1
