00003062.jpg,784,272,1020,516,1058,464
00003063.jpg,783,271,1020,517,1058,464
00003064.jpg,784,273,1021,518,1058,464
00003065.jpg,784,276,1021,521,1058,464
00003066.jpg,786,276,1021,520,1058,464
00003067.jpg,786,275,1021,521,1058,464
00003068.jpg,786,275,1022,521,1058,464
00003069.jpg,787,275,1022,521,1058,464
00003070.jpg,787,276,1022,520,1058,464
00003071.jpg,787,276,1021,520,1058,464
00003072.jpg,785,275,1020,522,1058,464
00003073.jpg,784,275,1020,522,1058,466
00003074.jpg,785,276,1019,522,1058,466
00003075.jpg,785,276,1020,522,1057,466
00003076.jpg,786,278,1018,522,1058,465
00003077.jpg,786,278,1018,523,1058,465
00003078.jpg,784,277,1019,523,1057,464
00003079.jpg,782,278,1020,526,1057,464
00003080.jpg,784,279,1019,524,1057,464
00003081.jpg,783,276,1018,522,1057,464
00003082.jpg,783,277,1018,522,1057,464
00003083.jpg,783,276,1018,522,1058,462
00003084.jpg,784,278,1018,520,1058,462
00003085.jpg,788,277,1019,519,1060,462
00003086.jpg,787,276,1018,518,1060,462
00003087.jpg,786,273,1020,518,1060,462
00003088.jpg,786,273,1020,518,1060,462
00003089.jpg,786,266,1021,516,1060,462
00003090.jpg,786,266,1021,516,1061,461
00003091.jpg,786,266,1021,516,1064,460
00003092.jpg,786,266,1021,516,1064,460
00003093.jpg,786,266,1021,516,1065,458
00003094.jpg,787,267,1022,517,1065,458
00003095.jpg,787,268,1022,518,1065,457
00003096.jpg,787,269,1022,519,1065,457
00003097.jpg,786,268,1021,518,1065,457
00003098.jpg,786,268,1021,518,1066,457
00003099.jpg,787,267,1022,517,1066,457
00003100.jpg,787,268,1022,518,1066,457
00003101.jpg,787,269,1022,519,1066,457
00003102.jpg,787,270,1022,520,1066,457
00003103.jpg,787,270,1022,520,1066,457
00003104.jpg,787,271,1022,521,1070,457
00003105.jpg,786,271,1021,521,1072,457
00003106.jpg,786,271,1021,521,1070,457
00003107.jpg,786,271,1021,521,1073,457
00003108.jpg,786,271,1021,521,1073,457
00003109.jpg,785,272,1020,522,1073,457
00003110.jpg,788,271,1016,511,1073,457
00003111.jpg,787,271,1016,511,1073,457
00003112.jpg,787,271,1016,511,1073,457
00003113.jpg,787,271,1016,511,1077,460
00003114.jpg,786,269,1016,510,1077,460
00003115.jpg,786,269,1016,510,1077,460
00003116.jpg,785,270,1015,513,1077,457
00003117.jpg,782,269,1015,516,1077,458
00003118.jpg,782,269,1015,516,1081,458
00003119.jpg,781,269,1015,518,1078,460
00003120.jpg,779,270,1015,518,1078,460
00003121.jpg,781,270,1015,517,1078,460
00003122.jpg,781,270,1013,515,1080,460
00003123.jpg,782,270,1013,515,1080,460
00003124.jpg,784,272,1010,512,1080,460
00003125.jpg,783,272,1010,512,1080,460
00003126.jpg,783,273,1009,512,1080,460
00003127.jpg,784,276,1011,515,1080,460
00003128.jpg,785,277,1011,514,1080,460
00003129.jpg,786,278,1012,515,1080,460
00003130.jpg,785,276,1012,515,1082,460
00003131.jpg,784,273,1012,513,1082,460
00003132.jpg,786,273,1021,523,1082,460
00003133.jpg,786,273,1021,523,1082,460
00003134.jpg,787,272,1022,522,1084,460
00003135.jpg,788,272,1023,522,1086,458
00003136.jpg,788,271,1023,521,1086,458
00003137.jpg,788,271,1023,521,1086,458
00003138.jpg,788,271,1023,521,1088,457
00003139.jpg,788,270,1023,520,1088,457
00003140.jpg,787,270,1022,520,1088,457
00003141.jpg,788,270,1023,520,1086,457
00003142.jpg,788,270,1023,520,1084,454
00003143.jpg,788,269,1023,519,1081,454
00003144.jpg,788,270,1023,520,1081,454
00003145.jpg,788,270,1023,520,1081,457
00003146.jpg,788,272,1023,522,1081,457
00003147.jpg,783,272,1019,519,1081,457
00003148.jpg,783,272,1019,519,1081,457
00003149.jpg,791,273,1026,523,1081,457
00003150.jpg,792,273,1027,523,1081,457
00003151.jpg,791,274,1026,524,1081,460
00003152.jpg,791,274,1026,524,1081,460
00003153.jpg,791,274,1026,524,1078,460
00003154.jpg,791,275,1026,525,1078,461
00003155.jpg,791,277,1026,527,1076,460
00003156.jpg,790,278,1025,528,1077,462
00003157.jpg,790,278,1025,528,1078,462
00003158.jpg,790,278,1025,528,1077,462
00003159.jpg,790,278,1025,528,1076,462
00003160.jpg,789,278,1024,528,1074,462
00003161.jpg,789,279,1024,529,1072,462
00003162.jpg,789,280,1024,530,1076,461
00003163.jpg,789,280,1024,530,1074,461
00003164.jpg,789,282,1024,532,1072,464
00003165.jpg,789,283,1024,533,1070,462
00003166.jpg,789,281,1024,531,1072,464
00003167.jpg,789,280,1024,530,1072,464
00003168.jpg,789,280,1024,530,1072,464
00003169.jpg,790,282,1025,532,1072,464
00003170.jpg,793,285,1028,535,1073,464
00003171.jpg,796,287,1031,537,1073,465
00003172.jpg,796,286,1031,536,1074,466
00003173.jpg,796,287,1031,537,1073,466
00003174.jpg,796,285,1031,535,1073,466
00003175.jpg,797,284,1032,534,1073,466
00003176.jpg,798,283,1033,533,1073,466
00003177.jpg,799,284,1034,534,1073,466
00003178.jpg,799,284,1034,534,1073,466
00003179.jpg,799,285,1034,535,1073,466
00003180.jpg,800,285,1035,535,1073,466
00003181.jpg,801,285,1036,535,1073,466
00003182.jpg,801,284,1036,534,1073,464
00003183.jpg,801,284,1036,534,1073,464
00003184.jpg,801,279,1036,529,1073,464
00003185.jpg,802,276,1037,526,1073,464
00003186.jpg,805,275,1040,525,1073,464
00003187.jpg,806,276,1041,526,1073,464
00003188.jpg,806,276,1041,526,1073,462
00003189.jpg,807,281,1042,531,1072,462
00003190.jpg,811,264,1036,517,1073,464
00003191.jpg,811,264,1036,517,1073,464
00003192.jpg,812,265,1037,518,1073,464
00003193.jpg,812,265,1037,518,1073,464
00003194.jpg,812,263,1037,516,1073,464
00003195.jpg,811,262,1036,515,1073,464
00003196.jpg,810,261,1035,514,1073,464
00003197.jpg,812,254,1037,507,1073,464
00003198.jpg,812,254,1037,507,1073,464
00003199.jpg,812,256,1037,509,1070,462
00003200.jpg,812,259,1037,512,1070,462
00003201.jpg,811,260,1036,513,1070,462
00003202.jpg,811,260,1036,513,1069,462
00003203.jpg,811,260,1036,513,1066,460
00003204.jpg,811,260,1036,513,1065,460
00003205.jpg,810,259,1035,512,1065,460
00003206.jpg,810,259,1035,512,1064,458
00003207.jpg,810,259,1035,512,1062,458
