00003062.jpg,676,151,858,349,344,378
00003063.jpg,676,151,858,349,344,378
00003064.jpg,676,151,858,349,344,378
00003065.jpg,676,151,858,349,344,378
00003066.jpg,675,151,857,349,344,378
00003067.jpg,675,151,857,349,344,378
00003068.jpg,675,151,857,349,344,378
00003069.jpg,674,151,856,349,344,378
00003070.jpg,673,151,855,349,344,378
00003071.jpg,673,152,855,350,344,378
00003072.jpg,673,153,855,351,344,378
00003073.jpg,673,153,855,351,344,378
00003074.jpg,672,153,854,351,344,377
00003075.jpg,672,153,854,351,344,377
00003076.jpg,672,153,854,351,344,377
00003077.jpg,672,153,854,351,518,240
00003078.jpg,672,153,854,351,445,182
00003079.jpg,671,153,853,351,445,181
00003080.jpg,671,154,853,352,444,181
00003081.jpg,672,153,854,351,445,181
00003082.jpg,672,152,854,350,445,181
00003083.jpg,672,152,854,350,445,181
00003084.jpg,672,152,854,350,445,181
00003085.jpg,672,151,854,349,445,181
00003086.jpg,672,150,854,348,445,181
00003087.jpg,672,148,854,346,445,181
00003088.jpg,672,148,854,346,445,181
00003089.jpg,673,147,855,345,445,181
00003090.jpg,673,147,855,345,445,181
00003091.jpg,673,147,855,345,445,181
00003092.jpg,673,148,855,346,445,181
00003093.jpg,673,148,855,346,445,181
00003094.jpg,674,148,856,346,445,181
00003095.jpg,674,148,856,346,445,181
00003096.jpg,674,148,856,346,445,181
00003097.jpg,674,148,856,346,445,181
00003098.jpg,674,149,856,347,445,181
00003099.jpg,674,149,856,347,445,181
00003100.jpg,674,149,856,347,445,181
00003101.jpg,674,150,856,348,445,181
00003102.jpg,674,150,856,348,445,181
00003103.jpg,674,150,856,348,445,181
00003104.jpg,674,150,856,348,445,181
00003105.jpg,673,151,855,349,445,181
00003106.jpg,673,151,855,349,442,181
00003107.jpg,673,151,855,349,442,181
00003108.jpg,673,151,855,349,442,181
00003109.jpg,672,152,854,350,442,181
00003110.jpg,672,153,854,351,442,181
00003111.jpg,671,153,853,351,442,181
00003112.jpg,671,153,853,351,442,181
00003113.jpg,671,153,853,351,442,181
00003114.jpg,671,153,853,351,442,181
00003115.jpg,670,153,852,351,442,181
00003116.jpg,670,153,852,351,442,181
00003117.jpg,670,154,852,352,442,181
00003118.jpg,670,154,852,352,442,181
00003119.jpg,670,154,852,352,442,181
00003120.jpg,669,154,851,352,442,181
00003121.jpg,669,154,851,352,442,181
00003122.jpg,669,154,851,352,442,181
00003123.jpg,669,154,851,352,442,181
00003124.jpg,669,154,851,352,442,181
00003125.jpg,669,154,851,352,442,181
00003126.jpg,669,154,851,352,442,181
00003127.jpg,669,153,851,351,442,181
00003128.jpg,669,153,851,351,442,181
00003129.jpg,670,153,852,351,442,181
00003130.jpg,670,153,852,351,442,181
00003131.jpg,670,153,852,351,442,181
00003132.jpg,671,152,853,350,442,181
00003133.jpg,671,152,853,350,442,181
00003134.jpg,672,152,854,350,442,181
00003135.jpg,672,151,854,349,442,181
00003136.jpg,672,151,854,349,442,181
00003137.jpg,673,150,855,348,442,181
00003138.jpg,673,150,855,348,442,181
00003139.jpg,673,150,855,348,442,181
00003140.jpg,672,149,854,347,442,181
00003141.jpg,672,149,854,347,442,181
00003142.jpg,672,148,854,346,442,181
00003143.jpg,672,148,854,346,442,181
00003144.jpg,672,149,854,347,442,181
00003145.jpg,672,149,854,347,442,181
00003146.jpg,672,150,854,348,442,181
00003147.jpg,672,151,854,349,442,181
00003148.jpg,672,151,854,349,442,181
00003149.jpg,672,152,854,350,444,181
00003150.jpg,672,153,854,351,446,181
00003151.jpg,672,153,854,351,446,181
00003152.jpg,672,153,854,351,446,181
00003153.jpg,672,153,854,351,444,181
00003154.jpg,672,154,854,352,444,181
00003155.jpg,672,155,854,353,444,181
00003156.jpg,671,156,853,354,444,181
00003157.jpg,671,156,853,354,444,181
00003158.jpg,671,156,853,354,444,181
00003159.jpg,671,157,853,355,444,181
00003160.jpg,671,157,853,355,444,181
00003161.jpg,671,157,853,355,444,181
00003162.jpg,670,158,852,356,444,181
00003163.jpg,670,158,852,356,444,181
00003164.jpg,670,159,852,357,444,181
00003165.jpg,670,160,852,358,444,181
00003166.jpg,670,160,852,358,444,181
00003167.jpg,669,160,851,358,444,181
00003168.jpg,669,160,851,358,444,181
00003169.jpg,669,160,851,358,444,181
00003170.jpg,670,160,852,358,444,181
00003171.jpg,670,160,852,358,444,181
00003172.jpg,670,160,852,358,444,181
00003173.jpg,670,160,852,358,444,181
00003174.jpg,670,160,852,358,444,181
00003175.jpg,670,159,852,357,444,181
00003176.jpg,670,158,852,356,444,181
00003177.jpg,670,158,852,356,444,181
00003178.jpg,670,158,852,356,444,181
00003179.jpg,670,159,852,357,444,181
00003180.jpg,670,159,852,357,444,181
00003181.jpg,671,159,853,357,444,181
00003182.jpg,671,159,853,357,444,181
00003183.jpg,671,159,853,357,444,181
00003184.jpg,672,158,854,356,444,181
00003185.jpg,673,158,855,356,444,181
00003186.jpg,674,157,856,355,444,181
00003187.jpg,674,157,856,355,444,181
00003188.jpg,674,157,856,355,444,181
00003189.jpg,674,156,856,354,444,181
00003190.jpg,674,154,856,352,444,181
00003191.jpg,674,153,856,351,444,181
00003192.jpg,674,152,856,350,444,181
00003193.jpg,674,152,856,350,444,181
00003194.jpg,674,151,856,349,444,181
00003195.jpg,674,151,856,349,444,181
00003196.jpg,674,152,856,350,444,181
00003197.jpg,674,152,856,350,444,181
00003198.jpg,673,152,855,350,444,181
00003199.jpg,673,151,855,349,444,181
00003200.jpg,672,150,854,348,444,181
00003201.jpg,672,149,854,347,444,181
00003202.jpg,672,149,854,347,444,181
00003203.jpg,672,149,854,347,444,181
00003204.jpg,672,149,854,347,444,181
00003205.jpg,672,149,854,347,444,181
00003206.jpg,672,149,854,347,444,181
00003207.jpg,672,149,854,347,444,181
