00013078.jpg,761,105,1086,467,1279,980
00013079.jpg,761,105,1086,467,1296,960
00013080.jpg,761,105,1086,467,1298,958
00013081.jpg,761,105,1086,467,1307,948
00013082.jpg,755,105,1080,467,767,657
00013083.jpg,747,102,1072,464,794,616
00013084.jpg,737,98,1062,460,812,584
00013085.jpg,737,98,1062,460,815,586
00013086.jpg,728,94,1053,456,827,569
00013087.jpg,719,89,1044,451,846,554
00013088.jpg,711,86,1036,448,858,536
00013089.jpg,703,81,1028,443,874,512
00013090.jpg,703,81,1028,443,872,509
00013091.jpg,698,78,1023,440,880,500
00013092.jpg,695,76,1020,438,896,496
00013093.jpg,691,76,1016,438,899,488
00013094.jpg,688,76,1013,438,914,488
00013095.jpg,688,76,1013,438,916,481
00013096.jpg,685,75,1010,437,914,477
00013097.jpg,684,74,1009,436,916,477
00013098.jpg,683,77,1008,439,920,477
00013099.jpg,681,81,1006,443,927,481
00013100.jpg,681,81,1006,443,927,481
00013101.jpg,678,91,1001,456,-1,-1
00013102.jpg,678,91,1001,456,-1,-1
00013103.jpg,676,96,999,461,-1,-1
00013104.jpg,673,101,996,466,-1,-1
00013105.jpg,673,101,996,466,-1,-1
00013106.jpg,668,107,991,472,-1,-1
00013107.jpg,664,113,987,478,-1,-1
00013108.jpg,659,117,982,482,-1,-1
00013109.jpg,654,119,977,484,-1,-1
00013110.jpg,654,119,977,484,-1,-1
00013111.jpg,652,118,975,483,-1,-1
00013112.jpg,651,116,974,481,-1,-1
00013113.jpg,651,113,974,478,-1,-1
00013114.jpg,661,113,984,478,-1,-1
00013115.jpg,661,113,984,478,-1,-1
00013116.jpg,661,113,984,478,-1,-1
00013117.jpg,659,113,982,478,-1,-1
00013118.jpg,656,113,979,478,-1,-1
00013119.jpg,654,111,977,476,-1,-1
00013120.jpg,654,111,977,476,-1,-1
00013121.jpg,653,109,976,474,-1,-1
00013122.jpg,653,106,976,471,-1,-1
00013123.jpg,652,103,975,468,-1,-1
00013124.jpg,652,100,975,465,-1,-1
00013125.jpg,652,100,975,465,-1,-1
00013126.jpg,656,100,979,465,-1,-1
00013127.jpg,656,100,979,465,-1,-1
00013128.jpg,655,100,978,465,-1,-1
00013129.jpg,654,100,977,465,-1,-1
00013130.jpg,654,100,977,465,-1,-1
00013131.jpg,646,97,969,462,-1,-1
00013132.jpg,645,96,968,461,-1,-1
00013133.jpg,645,95,968,460,-1,-1
00013134.jpg,644,93,967,458,-1,-1
00013135.jpg,644,93,967,458,-1,-1
00013136.jpg,643,91,966,456,-1,-1
00013137.jpg,642,90,965,455,-1,-1
00013138.jpg,640,91,963,456,-1,-1
00013139.jpg,640,92,963,457,-1,-1
00013140.jpg,640,92,963,457,-1,-1
00013141.jpg,640,92,963,457,-1,-1
00013142.jpg,641,92,964,457,-1,-1
00013143.jpg,643,92,966,457,-1,-1
00013144.jpg,643,93,966,458,-1,-1
00013145.jpg,643,93,966,458,-1,-1
00013146.jpg,634,90,957,455,-1,-1
00013147.jpg,632,93,955,458,-1,-1
00013148.jpg,630,98,953,463,-1,-1
00013149.jpg,629,102,952,467,-1,-1
00013150.jpg,629,102,952,467,-1,-1
00013151.jpg,629,105,952,470,-1,-1
00013152.jpg,630,107,953,472,-1,-1
00013153.jpg,631,108,954,473,-1,-1
00013154.jpg,632,109,955,474,-1,-1
00013155.jpg,632,109,955,474,-1,-1
00013156.jpg,632,109,955,474,-1,-1
00013157.jpg,632,110,955,475,-1,-1
00013158.jpg,632,110,955,475,-1,-1
00013159.jpg,632,110,955,475,-1,-1
00013160.jpg,632,110,955,475,-1,-1
00013161.jpg,631,110,954,475,-1,-1
00013162.jpg,630,110,953,475,-1,-1
00013163.jpg,628,110,951,475,-1,-1
00013164.jpg,626,109,949,474,-1,-1
00013165.jpg,626,109,949,474,-1,-1
00013166.jpg,624,109,947,474,-1,-1
00013167.jpg,622,110,945,475,-1,-1
00013168.jpg,619,112,942,477,-1,-1
00013169.jpg,616,113,939,478,-1,-1
00013170.jpg,616,113,939,478,-1,-1
00013171.jpg,614,114,937,479,-1,-1
00013172.jpg,613,114,936,479,-1,-1
00013173.jpg,611,114,934,479,-1,-1
00013174.jpg,610,115,933,480,-1,-1
00013175.jpg,610,115,933,480,-1,-1
00013176.jpg,607,117,930,482,-1,-1
00013177.jpg,604,116,927,481,-1,-1
00013178.jpg,601,115,924,480,-1,-1
00013179.jpg,599,115,922,480,-1,-1
00013180.jpg,599,115,922,480,-1,-1
