00001588.jpg,908,90,1119,326,-1,-1
00001589.jpg,908,90,1119,326,-1,-1
00001590.jpg,908,90,1119,326,-1,-1
00001591.jpg,908,90,1119,326,-1,-1
00001592.jpg,908,90,1119,326,-1,-1
00001593.jpg,907,90,1118,326,-1,-1
00001594.jpg,907,90,1118,326,-1,-1
00001595.jpg,906,89,1117,325,-1,-1
00001596.jpg,905,89,1116,325,-1,-1
00001597.jpg,903,89,1114,325,-1,-1
00001598.jpg,902,89,1113,325,-1,-1
00001599.jpg,902,89,1113,325,-1,-1
00001600.jpg,900,90,1111,326,-1,-1
00001601.jpg,891,89,1102,325,-1,-1
00001602.jpg,888,90,1099,326,-1,-1
00001603.jpg,886,90,1097,326,-1,-1
00001604.jpg,886,90,1097,326,-1,-1
00001605.jpg,885,91,1096,327,-1,-1
00001606.jpg,884,91,1095,327,-1,-1
00001607.jpg,882,91,1093,327,-1,-1
00001608.jpg,882,91,1093,327,-1,-1
00001609.jpg,882,91,1093,327,-1,-1
00001610.jpg,882,92,1093,328,-1,-1
00001611.jpg,882,93,1093,329,-1,-1
00001612.jpg,883,93,1094,329,-1,-1
00001613.jpg,883,93,1094,329,-1,-1
00001614.jpg,883,93,1094,329,-1,-1
00001615.jpg,883,92,1094,328,-1,-1
00001616.jpg,881,91,1092,327,-1,-1
00001617.jpg,880,91,1091,327,-1,-1
00001618.jpg,880,93,1091,329,-1,-1
00001619.jpg,880,93,1091,329,-1,-1
00001620.jpg,880,95,1091,331,-1,-1
00001621.jpg,878,96,1089,332,-1,-1
00001622.jpg,877,96,1088,332,-1,-1
00001623.jpg,875,95,1086,331,-1,-1
00001624.jpg,875,95,1086,331,-1,-1
00001625.jpg,874,94,1085,330,-1,-1
00001626.jpg,877,96,1088,332,-1,-1
00001627.jpg,873,96,1084,332,-1,-1
00001628.jpg,868,98,1079,334,-1,-1
00001629.jpg,868,98,1079,334,-1,-1
00001630.jpg,862,98,1073,334,-1,-1
00001631.jpg,855,99,1066,335,-1,-1
00001632.jpg,846,101,1057,337,-1,-1
00001633.jpg,857,102,1068,338,-1,-1
00001634.jpg,857,102,1068,338,-1,-1
00001635.jpg,853,104,1064,340,-1,-1
00001636.jpg,848,106,1059,342,-1,-1
00001637.jpg,842,107,1053,343,-1,-1
00001638.jpg,836,80,1073,339,-1,-1
00001639.jpg,836,80,1073,339,-1,-1
00001640.jpg,829,81,1066,340,-1,-1
00001641.jpg,822,83,1059,342,-1,-1
00001642.jpg,815,84,1052,343,-1,-1
00001643.jpg,831,86,1068,345,-1,-1
00001644.jpg,845,93,1066,344,-1,-1
00001645.jpg,845,93,1066,344,-1,-1
00001646.jpg,844,91,1065,342,-1,-1
00001647.jpg,843,89,1064,340,-1,-1
00001648.jpg,841,87,1062,338,-1,-1
00001649.jpg,841,87,1062,338,-1,-1
00001650.jpg,839,86,1060,337,-1,-1
00001651.jpg,837,84,1058,335,-1,-1
00001652.jpg,836,82,1057,333,-1,-1
00001653.jpg,836,80,1057,331,-1,-1
00001654.jpg,836,80,1057,331,-1,-1
00001655.jpg,835,80,1056,331,-1,-1
00001656.jpg,835,80,1056,331,-1,-1
00001657.jpg,834,80,1055,331,-1,-1
00001658.jpg,833,79,1054,330,-1,-1
00001659.jpg,833,79,1054,330,-1,-1
00001660.jpg,831,79,1052,330,-1,-1
00001661.jpg,828,81,1049,332,-1,-1
00001662.jpg,826,81,1047,332,-1,-1
00001663.jpg,825,80,1046,331,-1,-1
00001664.jpg,826,79,1047,330,-1,-1
00001665.jpg,826,77,1047,328,-1,-1
00001666.jpg,824,80,1045,331,-1,-1
00001667.jpg,823,81,1044,332,-1,-1
00001668.jpg,822,82,1043,333,-1,-1
00001669.jpg,822,82,1043,333,-1,-1
00001670.jpg,823,81,1044,332,-1,-1
00001671.jpg,823,81,1044,332,-1,-1
00001672.jpg,825,79,1046,330,-1,-1
00001673.jpg,826,79,1047,330,-1,-1
00001674.jpg,826,79,1047,330,-1,-1
00001675.jpg,826,80,1047,331,-1,-1
00001676.jpg,822,84,1043,335,-1,-1
00001677.jpg,820,80,1041,331,-1,-1
00001678.jpg,817,79,1038,330,-1,-1
00001679.jpg,817,79,1038,330,-1,-1
00001680.jpg,813,80,1034,331,-1,-1
00001681.jpg,809,80,1030,331,-1,-1
00001682.jpg,804,77,1025,328,-1,-1
00001683.jpg,798,79,1019,330,-1,-1
00001684.jpg,798,79,1019,330,-1,-1
00001685.jpg,798,80,1019,331,-1,-1
00001686.jpg,798,90,1019,341,-1,-1
00001687.jpg,798,93,1019,344,-1,-1
00001688.jpg,797,93,1018,344,-1,-1
00001689.jpg,797,93,1018,344,-1,-1
00001690.jpg,795,93,1016,344,-1,-1
00001691.jpg,791,93,1012,344,-1,-1
00001692.jpg,789,95,1010,346,-1,-1
00001693.jpg,785,97,1006,348,-1,-1
00001694.jpg,785,97,1006,348,-1,-1
00001695.jpg,782,100,1003,351,-1,-1
00001696.jpg,778,102,999,353,-1,-1
00001697.jpg,773,104,994,355,-1,-1
00001698.jpg,769,106,990,357,-1,-1
00001699.jpg,769,106,990,357,-1,-1
00001700.jpg,766,107,987,358,-1,-1
00001701.jpg,764,108,985,359,-1,-1
00001702.jpg,762,111,983,362,-1,-1
00001703.jpg,763,113,984,364,-1,-1
00001704.jpg,763,113,984,364,-1,-1
00001705.jpg,762,113,983,364,-1,-1
00001706.jpg,761,113,982,364,-1,-1
00001707.jpg,757,113,978,364,-1,-1
00001708.jpg,752,120,973,371,-1,-1
00001709.jpg,752,120,973,371,-1,-1
