00006960.jpg,340,304,411,385,868,288
00006961.jpg,340,304,411,385,868,288
00006962.jpg,340,304,411,385,868,286
00006963.jpg,340,304,411,385,868,286
00006964.jpg,340,304,411,385,868,286
00006965.jpg,340,304,411,385,868,286
00006966.jpg,340,304,411,385,868,286
00006967.jpg,340,304,411,385,868,286
00006968.jpg,340,304,411,385,868,286
00006969.jpg,340,304,411,385,868,286
00006970.jpg,340,304,411,385,868,286
00006971.jpg,340,304,411,385,868,286
00006972.jpg,340,304,411,385,869,286
00006973.jpg,340,304,411,385,871,286
00006974.jpg,340,304,411,385,871,286
00006975.jpg,341,304,412,385,871,286
00006976.jpg,341,304,412,385,871,286
00006977.jpg,341,304,412,385,872,286
00006978.jpg,341,304,412,385,872,286
00006979.jpg,341,304,412,385,874,286
00006980.jpg,342,304,413,385,874,286
00006981.jpg,342,304,413,385,874,286
00006982.jpg,342,304,413,385,874,286
00006983.jpg,342,304,413,385,874,286
00006984.jpg,342,303,413,384,874,286
00006985.jpg,342,303,413,384,874,286
00006986.jpg,342,303,413,384,874,286
00006987.jpg,342,302,413,383,874,286
00006988.jpg,342,302,413,383,874,284
00006989.jpg,342,302,413,383,874,284
00006990.jpg,343,302,414,383,874,284
00006991.jpg,343,302,414,383,874,284
00006992.jpg,343,302,414,383,873,284
00006993.jpg,343,302,414,383,873,284
00006994.jpg,344,302,415,383,869,285
00006995.jpg,344,302,415,383,869,285
00006996.jpg,344,303,415,384,869,285
00006997.jpg,344,303,415,384,869,285
00006998.jpg,344,303,415,384,869,285
00006999.jpg,345,303,416,384,869,285
00007000.jpg,345,303,416,384,870,285
00007001.jpg,345,303,416,384,871,285
00007002.jpg,345,303,416,384,871,285
00007003.jpg,346,303,417,384,871,285
00007004.jpg,346,303,417,384,871,285
00007005.jpg,347,303,418,384,871,285
00007006.jpg,347,304,418,385,871,285
00007007.jpg,347,304,418,385,871,285
00007008.jpg,347,304,418,385,871,285
00007009.jpg,347,304,418,385,873,283
00007010.jpg,347,304,418,385,871,285
00007011.jpg,347,304,418,385,871,285
00007012.jpg,347,304,418,385,871,285
00007013.jpg,347,304,418,385,873,283
00007014.jpg,347,304,418,385,873,283
00007015.jpg,347,304,418,385,873,283
00007016.jpg,346,304,417,385,873,283
00007017.jpg,346,304,417,385,873,283
00007018.jpg,346,304,417,385,873,283
00007019.jpg,345,305,416,386,421,475
00007020.jpg,344,305,415,386,420,474
00007021.jpg,343,305,414,386,419,474
00007022.jpg,344,306,415,387,419,477
00007023.jpg,344,306,415,387,417,477
00007024.jpg,344,306,415,387,418,474
00007025.jpg,343,306,414,387,420,476
00007026.jpg,343,306,414,387,418,475
00007027.jpg,343,306,414,387,418,477
00007028.jpg,343,306,414,387,417,475
00007029.jpg,343,306,414,387,417,477
00007030.jpg,343,306,414,387,418,477
00007031.jpg,343,306,414,387,418,476
00007032.jpg,343,307,414,388,419,478
00007033.jpg,343,307,414,388,420,477
00007034.jpg,343,307,414,388,419,478
00007035.jpg,344,307,415,388,419,476
00007036.jpg,344,307,415,388,420,476
00007037.jpg,344,307,415,388,418,477
00007038.jpg,344,307,415,388,418,477
00007039.jpg,344,307,415,388,418,476
00007040.jpg,344,307,415,388,420,476
00007041.jpg,345,307,416,388,420,476
00007042.jpg,345,307,416,388,420,477
00007043.jpg,345,307,416,388,419,477
00007044.jpg,345,307,416,388,419,477
00007045.jpg,345,307,416,388,419,476
00007046.jpg,346,308,417,389,420,477
00007047.jpg,346,308,417,389,420,478
00007048.jpg,346,308,417,389,420,478
00007049.jpg,346,308,417,389,420,478
00007050.jpg,346,308,417,389,420,478
00007051.jpg,346,307,417,388,420,478
00007052.jpg,346,307,417,388,420,478
00007053.jpg,346,307,417,388,885,286
00007054.jpg,346,307,417,388,883,286
00007055.jpg,346,307,417,388,882,284
00007056.jpg,346,307,417,388,884,286
