00006960.jpg,852,256,928,330,-1,-1
00006961.jpg,852,256,928,330,-1,-1
00006962.jpg,852,256,928,330,-1,-1
00006963.jpg,852,256,928,330,-1,-1
00006964.jpg,852,256,928,330,-1,-1
00006965.jpg,852,256,928,330,-1,-1
00006966.jpg,853,256,929,330,-1,-1
00006967.jpg,853,257,929,331,-1,-1
00006968.jpg,853,257,929,331,-1,-1
00006969.jpg,854,256,930,330,-1,-1
00006970.jpg,854,256,930,330,-1,-1
00006971.jpg,855,256,931,330,-1,-1
00006972.jpg,855,255,931,329,-1,-1
00006973.jpg,856,255,932,329,-1,-1
00006974.jpg,856,255,932,329,-1,-1
00006975.jpg,856,255,932,329,-1,-1
00006976.jpg,857,256,933,330,-1,-1
00006977.jpg,857,256,933,330,-1,-1
00006978.jpg,858,255,934,329,-1,-1
00006979.jpg,858,255,934,329,-1,-1
00006980.jpg,858,255,934,329,-1,-1
00006981.jpg,858,255,934,329,-1,-1
00006982.jpg,858,255,934,329,-1,-1
00006983.jpg,858,255,934,329,-1,-1
00006984.jpg,858,255,934,329,-1,-1
00006985.jpg,858,255,934,329,-1,-1
00006986.jpg,857,255,933,329,-1,-1
00006987.jpg,857,255,933,329,-1,-1
00006988.jpg,856,255,932,329,-1,-1
00006989.jpg,856,254,932,328,-1,-1
00006990.jpg,855,254,931,328,-1,-1
00006991.jpg,855,254,931,328,-1,-1
00006992.jpg,855,254,931,328,-1,-1
00006993.jpg,854,254,930,328,-1,-1
00006994.jpg,854,254,930,328,-1,-1
00006995.jpg,854,254,930,328,-1,-1
00006996.jpg,854,254,930,328,-1,-1
00006997.jpg,855,254,931,328,-1,-1
00006998.jpg,855,254,931,328,-1,-1
00006999.jpg,855,254,931,328,-1,-1
00007000.jpg,855,254,931,328,-1,-1
00007001.jpg,856,254,932,328,-1,-1
00007002.jpg,856,254,932,328,-1,-1
00007003.jpg,856,254,932,328,-1,-1
00007004.jpg,856,254,932,328,-1,-1
00007005.jpg,857,254,933,328,-1,-1
00007006.jpg,857,254,933,328,-1,-1
00007007.jpg,857,254,933,328,-1,-1
00007008.jpg,858,255,934,329,-1,-1
00007009.jpg,858,255,934,329,-1,-1
00007010.jpg,858,254,934,328,-1,-1
00007011.jpg,858,254,934,328,-1,-1
00007012.jpg,858,254,934,328,-1,-1
00007013.jpg,859,254,935,328,-1,-1
00007014.jpg,859,254,935,328,-1,-1
00007015.jpg,859,253,935,327,-1,-1
00007016.jpg,859,253,935,327,-1,-1
00007017.jpg,858,253,934,327,-1,-1
00007018.jpg,858,253,934,327,-1,-1
00007019.jpg,857,253,933,327,-1,-1
00007020.jpg,857,253,933,327,-1,-1
00007021.jpg,857,253,933,327,-1,-1
00007022.jpg,857,253,933,327,-1,-1
00007023.jpg,857,253,933,327,-1,-1
00007024.jpg,858,253,934,327,-1,-1
00007025.jpg,858,253,934,327,-1,-1
00007026.jpg,858,253,934,327,-1,-1
00007027.jpg,859,253,935,327,-1,-1
00007028.jpg,859,253,935,327,-1,-1
00007029.jpg,859,253,935,327,-1,-1
00007030.jpg,859,254,935,328,-1,-1
00007031.jpg,860,254,936,328,-1,-1
00007032.jpg,860,254,936,328,-1,-1
00007033.jpg,861,255,937,329,-1,-1
00007034.jpg,861,255,937,329,-1,-1
00007035.jpg,862,254,938,328,-1,-1
00007036.jpg,862,254,938,328,-1,-1
00007037.jpg,862,254,938,328,-1,-1
00007038.jpg,863,253,939,327,-1,-1
00007039.jpg,863,254,939,328,-1,-1
00007040.jpg,863,254,939,328,-1,-1
00007041.jpg,863,255,939,329,-1,-1
00007042.jpg,863,255,939,329,-1,-1
00007043.jpg,863,255,939,329,-1,-1
00007044.jpg,863,255,939,329,-1,-1
00007045.jpg,863,255,939,329,-1,-1
00007046.jpg,864,255,940,329,-1,-1
00007047.jpg,864,255,940,329,-1,-1
00007048.jpg,864,255,940,329,-1,-1
00007049.jpg,864,255,940,329,-1,-1
00007050.jpg,864,255,940,329,-1,-1
00007051.jpg,864,255,940,329,-1,-1
00007052.jpg,864,255,940,329,-1,-1
00007053.jpg,864,254,940,328,-1,-1
00007054.jpg,865,254,941,328,-1,-1
00007055.jpg,865,254,941,328,-1,-1
00007056.jpg,865,254,941,328,-1,-1
