00021400.jpg,770,203,1191,678,-1,-1
00021401.jpg,770,203,1191,678,-1,-1
00021402.jpg,770,203,1191,678,-1,-1
00021403.jpg,770,203,1191,678,-1,-1
00021404.jpg,766,202,1187,677,-1,-1
00021405.jpg,761,198,1182,673,-1,-1
00021406.jpg,749,178,1196,685,-1,-1
00021407.jpg,749,178,1196,685,-1,-1
00021408.jpg,749,178,1196,685,-1,-1
00021409.jpg,745,156,1192,663,-1,-1
00021410.jpg,736,141,1211,660,-1,-1
00021411.jpg,736,141,1211,660,-1,-1
00021412.jpg,740,138,1215,657,-1,-1
00021413.jpg,740,138,1215,657,-1,-1
00021414.jpg,733,130,1237,671,-1,-1
00021415.jpg,733,130,1237,671,-1,-1
00021416.jpg,733,130,1237,671,-1,-1
00021417.jpg,739,129,1243,670,-1,-1
00021418.jpg,730,113,1258,675,-1,-1
00021419.jpg,730,113,1258,675,-1,-1
00021420.jpg,733,112,1261,674,-1,-1
00021421.jpg,737,112,1265,674,-1,-1
00021422.jpg,736,113,1264,675,-1,-1
00021423.jpg,747,106,1275,668,-1,-1
00021424.jpg,737,94,1284,683,-1,-1
00021425.jpg,737,94,1284,683,-1,-1
00021426.jpg,735,96,1282,685,-1,-1
00021427.jpg,735,97,1282,686,-1,-1
00021428.jpg,735,99,1282,688,-1,-1
00021429.jpg,735,99,1282,688,-1,-1
