00015560.jpg,241,75,332,166,-1,-1
00015561.jpg,241,75,332,166,-1,-1
00015562.jpg,228,75,312,162,-1,-1
00015563.jpg,228,75,312,162,-1,-1
00015564.jpg,213,75,304,166,-1,-1
00015565.jpg,213,75,304,166,-1,-1
00015566.jpg,205,74,289,164,-1,-1
00015567.jpg,205,74,289,164,-1,-1
00015568.jpg,200,71,284,160,-1,-1
00015569.jpg,200,71,284,160,-1,-1
00015570.jpg,196,75,279,162,-1,-1
00015571.jpg,196,75,279,162,-1,-1
00015572.jpg,184,70,276,171,-1,-1
00015573.jpg,184,70,276,171,-1,-1
00015574.jpg,176,70,269,167,-1,-1
00015575.jpg,170,71,259,172,-1,-1
00015576.jpg,170,71,259,172,-1,-1
00015577.jpg,160,78,251,175,-1,-1
00015578.jpg,156,78,243,176,-1,-1
00015579.jpg,156,78,243,176,-1,-1
00015580.jpg,139,77,238,185,-1,-1
00015581.jpg,139,77,238,185,-1,-1
00015582.jpg,136,77,235,185,-1,-1
00015583.jpg,132,78,231,186,-1,-1
00015584.jpg,130,78,229,186,-1,-1
00015585.jpg,128,78,227,186,-1,-1
00015586.jpg,118,72,219,175,-1,-1
00015587.jpg,118,72,219,175,-1,-1
00015588.jpg,117,72,218,175,413,431
00015589.jpg,116,72,217,175,413,431
00015590.jpg,116,73,217,176,413,431
00015591.jpg,117,73,218,176,413,431
00015592.jpg,114,68,213,176,413,431
00015593.jpg,114,68,213,176,413,431
00015594.jpg,115,68,214,176,413,431
00015595.jpg,119,69,218,177,413,431
00015596.jpg,123,69,222,177,413,431
00015597.jpg,125,69,224,177,413,431
00015598.jpg,142,73,241,181,413,431
00015599.jpg,148,70,247,178,413,431
00015600.jpg,154,70,253,178,413,431
00015601.jpg,162,71,261,179,413,431
00015602.jpg,170,58,282,174,413,431
00015603.jpg,170,58,282,174,413,431
00015604.jpg,176,58,288,174,413,431
00015605.jpg,184,57,296,173,413,431
00015606.jpg,190,55,302,171,413,431
00015607.jpg,195,53,307,169,413,431
00015608.jpg,200,52,312,168,-1,-1
00015609.jpg,203,51,315,167,-1,-1
00015610.jpg,207,51,319,167,-1,-1
00015611.jpg,211,53,323,169,-1,-1
00015612.jpg,224,52,333,169,-1,-1
00015613.jpg,224,52,333,169,-1,-1
00015614.jpg,224,52,333,169,-1,-1
00015615.jpg,224,52,333,169,-1,-1
00015616.jpg,224,52,333,169,-1,-1
00015617.jpg,224,53,333,170,-1,-1
00015618.jpg,235,47,345,168,-1,-1
00015619.jpg,235,47,345,168,-1,-1
00015620.jpg,235,47,345,168,-1,-1
00015621.jpg,235,48,345,169,-1,-1
00015622.jpg,249,49,361,173,-1,-1
00015623.jpg,249,49,361,173,-1,-1
00015624.jpg,257,50,369,174,-1,-1
00015625.jpg,266,52,378,176,-1,-1
00015626.jpg,277,54,389,178,-1,-1
00015627.jpg,281,56,406,187,-1,-1
00015628.jpg,281,56,406,187,-1,-1
00015629.jpg,295,62,421,198,-1,-1
00015630.jpg,295,62,421,198,-1,-1
00015631.jpg,308,75,431,206,433,432
00015632.jpg,321,82,434,208,433,432
00015633.jpg,321,82,434,208,433,432
