00001029.jpg,632,90,955,449,-1,-1
00001030.jpg,632,90,955,449,-1,-1
00001031.jpg,632,90,955,449,-1,-1
00001032.jpg,632,90,955,449,-1,-1
00001033.jpg,631,90,954,449,-1,-1
00001034.jpg,632,90,955,449,-1,-1
00001035.jpg,633,90,956,449,-1,-1
00001036.jpg,637,73,963,434,-1,-1
00001037.jpg,638,62,967,432,-1,-1
00001038.jpg,638,47,969,408,-1,-1
00001039.jpg,641,49,961,394,354,190
00001040.jpg,641,49,961,394,354,190
00001041.jpg,640,48,960,393,354,190
00001042.jpg,639,49,959,394,354,190
00001043.jpg,637,50,957,395,354,190
00001044.jpg,636,51,956,396,354,189
00001045.jpg,633,53,953,398,350,186
00001046.jpg,630,56,950,401,350,186
00001047.jpg,626,60,946,405,350,186
00001048.jpg,620,67,940,412,350,186
00001049.jpg,620,66,940,411,350,186
00001050.jpg,621,63,941,408,350,186
00001051.jpg,622,59,942,404,350,186
00001052.jpg,624,54,944,399,350,186
00001053.jpg,625,50,945,395,350,185
00001054.jpg,624,50,944,395,346,184
00001055.jpg,622,51,942,396,345,180
00001056.jpg,621,52,941,397,345,180
00001057.jpg,618,55,938,400,345,180
00001058.jpg,613,61,933,406,345,180
00001059.jpg,612,63,932,408,345,180
00001060.jpg,617,53,937,398,345,183
00001061.jpg,618,52,938,397,-1,-1
00001062.jpg,635,50,951,408,-1,-1
00001063.jpg,628,60,950,438,-1,-1
00001064.jpg,628,60,950,438,-1,-1
00001065.jpg,629,59,951,437,-1,-1
00001066.jpg,630,58,952,436,-1,-1
00001067.jpg,631,56,953,434,-1,-1
00001068.jpg,632,57,954,435,-1,-1
00001069.jpg,632,57,954,435,-1,-1
00001070.jpg,633,57,955,435,-1,-1
00001071.jpg,634,58,956,436,-1,-1
00001072.jpg,635,58,957,436,-1,-1
00001073.jpg,637,56,959,434,-1,-1
00001074.jpg,638,54,960,432,-1,-1
00001075.jpg,639,55,961,433,-1,-1
00001076.jpg,641,56,963,434,-1,-1
00001077.jpg,642,59,964,437,-1,-1
00001078.jpg,640,61,962,439,-1,-1
00001079.jpg,639,68,959,432,-1,-1
00001080.jpg,639,73,965,448,-1,-1
00001081.jpg,639,73,965,448,-1,-1
00001082.jpg,638,77,964,452,-1,-1
00001083.jpg,637,76,963,451,-1,-1
00001084.jpg,639,73,965,448,-1,-1
00001085.jpg,641,72,967,447,-1,-1
00001086.jpg,643,71,969,446,-1,-1
00001087.jpg,648,71,973,439,-1,-1
00001088.jpg,649,71,968,435,-1,-1
00001089.jpg,649,71,968,435,-1,-1
00001090.jpg,650,72,969,436,-1,-1
00001091.jpg,650,73,969,437,-1,-1
00001092.jpg,651,73,970,437,-1,-1
00001093.jpg,661,71,985,427,-1,-1
00001094.jpg,669,71,996,427,-1,-1
00001095.jpg,673,72,995,418,-1,-1
00001096.jpg,672,66,1005,414,-1,-1
00001097.jpg,675,60,1006,402,-1,-1
00001098.jpg,675,60,1006,402,346,181
00001099.jpg,677,60,1008,402,346,181
00001100.jpg,678,61,1009,403,346,178
00001101.jpg,679,62,1010,404,346,178
00001102.jpg,679,64,1010,406,346,178
00001103.jpg,678,67,1009,409,349,180
00001104.jpg,677,69,1008,411,349,180
00001105.jpg,676,70,1007,412,349,180
00001106.jpg,676,70,1007,412,349,180
00001107.jpg,674,71,1005,413,349,180
00001108.jpg,673,71,1004,413,349,180
00001109.jpg,673,68,1004,410,349,180
00001110.jpg,671,69,1002,411,349,180
00001111.jpg,669,70,1000,412,349,180
00001112.jpg,665,69,996,411,349,180
00001113.jpg,664,75,1006,432,-1,-1
00001114.jpg,664,75,1006,432,-1,-1
00001115.jpg,668,71,1010,428,-1,-1
00001116.jpg,675,62,1017,419,-1,-1
00001117.jpg,682,54,1024,411,-1,-1
00001118.jpg,697,45,1039,402,-1,-1
00001119.jpg,700,45,1042,402,-1,-1
00001120.jpg,702,46,1044,403,-1,-1
00001121.jpg,703,49,1045,406,-1,-1
00001122.jpg,703,54,1045,411,-1,-1
00001123.jpg,699,67,1041,424,-1,-1
00001124.jpg,697,73,1039,430,-1,-1
00001125.jpg,695,77,1037,434,-1,-1
00001126.jpg,694,81,1036,438,-1,-1
00001127.jpg,693,87,1035,444,-1,-1
00001128.jpg,691,96,1033,453,-1,-1
00001129.jpg,690,100,1032,457,-1,-1
00001130.jpg,689,103,1031,460,-1,-1
00001131.jpg,691,109,1036,487,-1,-1
00001132.jpg,691,109,1036,487,-1,-1
00001133.jpg,692,113,1037,491,-1,-1
00001134.jpg,692,113,1037,491,-1,-1
00001135.jpg,691,113,1036,491,-1,-1
00001136.jpg,691,112,1036,490,-1,-1
00001137.jpg,691,117,1041,513,-1,-1
00001138.jpg,691,117,1041,513,-1,-1
00001139.jpg,691,118,1041,514,-1,-1
00001140.jpg,692,118,1042,514,-1,-1
00001141.jpg,695,116,1045,512,-1,-1
00001142.jpg,705,118,1032,490,-1,-1
00001143.jpg,733,128,1034,479,-1,-1
00001144.jpg,736,124,1040,466,-1,-1
00001145.jpg,736,124,1040,466,-1,-1
00001146.jpg,736,121,1040,463,-1,-1
00001147.jpg,730,118,1039,460,-1,-1
00001148.jpg,723,115,1037,457,-1,-1
00001149.jpg,721,114,1035,456,-1,-1
00001150.jpg,720,111,1034,453,-1,-1
00001151.jpg,718,109,1032,451,-1,-1
00001152.jpg,716,106,1030,448,-1,-1
00001153.jpg,712,101,1026,443,-1,-1
00001154.jpg,710,98,1024,440,-1,-1
00001155.jpg,718,91,1024,428,-1,-1
00001156.jpg,718,91,1024,428,-1,-1
00001157.jpg,716,70,1020,410,-1,-1
00001158.jpg,716,70,1020,410,-1,-1
00001159.jpg,716,68,1020,408,-1,-1
00001160.jpg,716,67,1020,407,-1,-1
00001161.jpg,716,65,1020,405,-1,-1
00001162.jpg,717,61,1021,401,-1,-1
00001163.jpg,718,54,1022,394,-1,-1
00001164.jpg,718,50,1022,390,-1,-1
00001165.jpg,718,46,1022,386,-1,-1
00001166.jpg,718,43,1022,383,-1,-1
00001167.jpg,717,40,1021,380,-1,-1
00001168.jpg,716,39,1020,379,-1,-1
00001169.jpg,713,37,1017,377,-1,-1
00001170.jpg,711,36,1015,376,-1,-1
00001171.jpg,709,36,1013,376,-1,-1
00001172.jpg,707,36,1011,376,-1,-1
00001173.jpg,705,36,1009,376,-1,-1
00001174.jpg,706,35,1008,381,-1,-1
00001175.jpg,706,35,1008,381,-1,-1
00001176.jpg,704,33,1006,379,-1,-1
00001177.jpg,700,32,1001,377,-1,-1
00001178.jpg,700,32,1001,377,304,256
00001179.jpg,697,29,998,374,309,256
00001180.jpg,697,28,998,373,312,259
00001181.jpg,698,29,999,374,312,259
00001182.jpg,698,29,999,374,312,259
00001183.jpg,691,28,996,379,312,259
00001184.jpg,691,28,996,379,312,259
00001185.jpg,690,27,995,378,316,260
00001186.jpg,689,26,994,377,392,175
00001187.jpg,688,25,993,376,391,175
00001188.jpg,686,24,991,375,389,175
00001189.jpg,680,23,985,374,391,174
00001190.jpg,676,22,981,373,397,173
00001191.jpg,671,22,976,373,401,173
00001192.jpg,667,22,972,373,404,173
00001193.jpg,663,22,968,373,406,174
00001194.jpg,658,23,963,374,412,174
00001195.jpg,655,24,960,375,414,174
00001196.jpg,652,26,957,377,421,173
00001197.jpg,647,28,952,379,424,173
00001198.jpg,642,30,947,381,427,171
00001199.jpg,633,34,938,385,426,175
00001200.jpg,627,36,935,387,425,175
00001201.jpg,627,38,932,389,427,173
00001202.jpg,624,39,929,390,429,175
00001203.jpg,622,40,927,391,431,175
00001204.jpg,617,42,922,393,436,173
00001205.jpg,616,42,921,393,440,173
00001206.jpg,615,43,920,394,442,171
00001207.jpg,614,43,919,394,447,171
00001208.jpg,613,44,918,395,452,171
00001209.jpg,612,45,917,396,452,170
00001210.jpg,612,45,917,396,454,170
00001211.jpg,611,45,916,396,456,171
00001212.jpg,611,45,916,396,462,171
00001213.jpg,611,45,916,396,464,173
00001214.jpg,610,46,915,397,464,173
00001215.jpg,611,45,916,396,464,173
00001216.jpg,611,45,916,396,466,173
00001217.jpg,611,45,916,396,467,173
00001218.jpg,612,45,917,396,467,173
00001219.jpg,613,46,918,397,470,174
00001220.jpg,613,46,918,397,470,174
00001221.jpg,614,46,919,397,470,174
00001222.jpg,615,46,920,397,471,174
00001223.jpg,615,46,920,397,471,174
00001224.jpg,616,46,921,397,471,174
00001225.jpg,617,46,922,397,471,174
00001226.jpg,618,46,923,397,471,174
00001227.jpg,618,45,923,396,471,174
00001228.jpg,619,45,924,396,471,174
00001229.jpg,619,44,924,395,471,174
00001230.jpg,620,44,925,395,471,174
00001231.jpg,620,44,925,395,471,174
00001232.jpg,620,44,925,395,471,174
00001233.jpg,621,44,926,395,471,174
00001234.jpg,622,43,927,394,471,174
00001235.jpg,622,44,927,395,471,174
00001236.jpg,623,43,928,394,471,174
00001237.jpg,623,43,928,394,471,174
00001238.jpg,623,44,928,395,471,174
00001239.jpg,623,44,928,395,471,174
00001240.jpg,624,44,929,395,471,174
00001241.jpg,624,45,929,396,471,174
00001242.jpg,624,45,929,396,471,174
00001243.jpg,624,45,929,396,471,174
00001244.jpg,624,46,929,397,471,174
00001245.jpg,624,46,929,397,471,174
00001246.jpg,624,46,929,397,471,174
00001247.jpg,624,46,929,397,471,174
00001248.jpg,624,46,929,397,469,174
00001249.jpg,624,46,929,397,469,174
