00046273.jpg,327,61,465,206,221,114
00046274.jpg,327,61,465,206,221,114
00046275.jpg,327,61,465,206,221,114
00046276.jpg,327,61,465,206,221,114
00046277.jpg,327,61,465,206,221,114
00046278.jpg,326,61,464,206,221,114
00046279.jpg,326,61,464,206,221,114
00046280.jpg,326,61,464,206,223,120
00046281.jpg,326,61,464,206,228,121
00046282.jpg,325,61,463,206,229,121
00046283.jpg,325,61,463,206,229,121
00046284.jpg,320,68,455,208,235,122
00046285.jpg,320,68,455,208,237,123
00046286.jpg,318,68,453,208,237,123
00046287.jpg,317,67,452,207,237,123
00046288.jpg,315,66,450,206,237,123
00046289.jpg,314,66,449,206,237,123
00046290.jpg,315,66,450,206,237,123
00046291.jpg,315,66,450,206,237,123
00046292.jpg,316,66,451,206,237,123
00046293.jpg,317,67,452,207,237,123
00046294.jpg,318,67,453,207,237,123
00046295.jpg,319,68,454,208,237,123
00046296.jpg,319,68,454,208,237,123
00046297.jpg,319,68,454,208,237,123
00046298.jpg,320,68,455,208,237,123
00046299.jpg,320,68,455,208,237,123
00046300.jpg,321,68,456,208,237,123
00046301.jpg,322,68,457,208,237,123
00046302.jpg,322,68,457,208,237,123
00046303.jpg,322,67,457,207,237,123
00046304.jpg,327,59,470,204,237,123
00046305.jpg,327,59,470,204,237,123
00046306.jpg,327,58,470,203,237,123
00046307.jpg,326,57,469,202,237,123
00046308.jpg,324,55,467,200,237,123
00046309.jpg,327,58,470,203,237,123
00046310.jpg,326,57,469,202,237,123
00046311.jpg,325,57,468,202,237,123
00046312.jpg,320,53,463,198,237,123
00046313.jpg,318,52,461,197,237,123
00046314.jpg,315,52,458,197,237,123
00046315.jpg,311,51,454,196,237,123
00046316.jpg,307,51,450,196,237,123
00046317.jpg,304,50,447,195,237,123
00046318.jpg,303,50,446,195,237,123
00046319.jpg,299,50,442,195,237,123
00046320.jpg,290,41,442,193,237,123
00046321.jpg,290,41,442,193,237,123
00046322.jpg,290,40,442,192,237,123
00046323.jpg,290,40,442,192,237,123
00046324.jpg,290,40,442,192,237,123
00046325.jpg,290,40,442,192,237,123
00046326.jpg,290,41,442,193,237,123
00046327.jpg,290,41,442,193,237,123
00046328.jpg,290,41,442,193,237,123
00046329.jpg,290,41,442,193,237,123
00046330.jpg,290,41,442,193,-1,-1
00046331.jpg,290,41,442,193,-1,-1
00046332.jpg,290,41,442,193,-1,-1
00046333.jpg,290,41,442,193,-1,-1
00046334.jpg,290,41,442,193,-1,-1
00046335.jpg,290,41,442,193,-1,-1
00046336.jpg,289,40,441,192,-1,-1
00046337.jpg,289,40,441,192,-1,-1
00046338.jpg,290,40,442,192,-1,-1
00046339.jpg,290,40,442,192,-1,-1
00046340.jpg,279,36,435,206,-1,-1
00046341.jpg,279,36,435,206,-1,-1
00046342.jpg,269,54,432,221,-1,-1
00046343.jpg,263,63,420,235,-1,-1
00046344.jpg,252,69,410,245,-1,-1
00046345.jpg,236,87,404,263,-1,-1
00046346.jpg,236,87,404,263,-1,-1
