00039832.jpg,1032,293,1233,497,999,423
00039833.jpg,1032,293,1233,497,997,421
00039834.jpg,1032,293,1233,497,994,418
00039835.jpg,1032,293,1233,497,994,418
00039836.jpg,1028,292,1225,494,997,423
00039837.jpg,1028,292,1225,494,997,423
00039838.jpg,1027,289,1224,491,997,423
00039839.jpg,1027,287,1224,489,997,424
00039840.jpg,1027,286,1224,488,997,424
00039841.jpg,1022,285,1219,491,997,424
00039842.jpg,1022,285,1219,491,990,421
00039843.jpg,1020,283,1217,489,989,420
00039844.jpg,1012,288,1214,496,985,420
00039845.jpg,1012,288,1214,496,973,410
00039846.jpg,1011,287,1213,495,969,410
00039847.jpg,1010,286,1212,494,954,363
00039848.jpg,1010,284,1212,492,955,320
00039849.jpg,1016,271,1228,493,936,312
00039850.jpg,1020,271,1232,489,911,299
00039851.jpg,1020,271,1232,489,891,292
00039852.jpg,1026,266,1238,484,898,288
00039853.jpg,1035,260,1247,478,879,276
00039854.jpg,1043,256,1255,474,863,269
00039855.jpg,1054,253,1266,471,836,255
00039856.jpg,1066,250,1278,468,810,249
00039857.jpg,1076,248,1288,466,786,240
00039858.jpg,1087,247,1299,465,762,232
00039859.jpg,1103,246,1315,464,740,225
00039860.jpg,1119,245,1331,463,718,216
00039861.jpg,1119,245,1331,463,696,212
