00014145.jpg,493,41,815,386,1085,784
00014146.jpg,493,41,815,386,1085,782
00014147.jpg,493,41,815,386,1085,782
00014148.jpg,493,41,815,386,1085,782
00014149.jpg,493,40,815,385,1085,782
00014150.jpg,493,39,815,384,1085,782
00014151.jpg,492,38,814,383,1085,782
00014152.jpg,491,36,813,381,1085,781
00014153.jpg,490,34,812,379,1085,779
00014154.jpg,489,32,811,377,1085,779
00014155.jpg,489,30,811,375,1085,778
00014156.jpg,489,29,811,374,1086,776
00014157.jpg,488,27,810,372,1086,774
00014158.jpg,488,26,810,371,1086,773
00014159.jpg,488,25,810,370,1086,773
00014160.jpg,488,24,810,369,1086,773
00014161.jpg,488,23,810,368,1086,769
00014162.jpg,488,21,810,366,1086,769
00014163.jpg,489,20,811,365,1086,766
00014164.jpg,490,18,812,363,1086,763
00014165.jpg,491,16,813,361,1086,763
00014166.jpg,491,14,813,359,1086,763
00014167.jpg,492,12,814,357,1086,763
00014168.jpg,525,33,847,378,1085,762
00014169.jpg,543,34,865,379,1084,761
00014170.jpg,548,34,870,379,1083,759
00014171.jpg,577,35,899,380,1081,752
00014172.jpg,587,34,909,379,1081,751
00014173.jpg,596,33,918,378,1081,751
00014174.jpg,608,33,930,378,1081,751
00014175.jpg,623,33,945,378,1081,750
00014176.jpg,632,33,954,378,1079,746
00014177.jpg,633,35,960,387,1079,745
00014178.jpg,633,35,960,387,1079,744
00014179.jpg,645,33,972,385,1078,742
00014180.jpg,659,30,986,382,1078,742
00014181.jpg,671,27,998,379,1077,741
00014182.jpg,683,18,1010,370,1077,740
00014183.jpg,690,17,1017,369,1075,738
00014184.jpg,694,22,1021,374,1074,734
00014185.jpg,693,24,1020,376,1073,733
00014186.jpg,685,25,1012,377,1072,732
00014187.jpg,665,24,992,376,1072,732
00014188.jpg,658,24,985,376,1071,730
00014189.jpg,644,21,971,373,1069,728
00014190.jpg,628,18,955,370,1067,726
00014191.jpg,617,17,944,369,1065,724
00014192.jpg,620,9,937,349,1065,724
00014193.jpg,620,9,937,349,1063,723
00014194.jpg,612,7,929,347,1063,723
00014195.jpg,607,6,924,346,1063,723
00014196.jpg,603,5,920,345,1063,723
00014197.jpg,600,4,917,344,1063,723
00014198.jpg,599,4,916,344,1063,723
00014199.jpg,598,4,915,344,1063,723
00014200.jpg,596,3,913,343,1063,723
00014201.jpg,596,3,913,343,1062,722
00014202.jpg,595,3,912,343,1059,720
00014203.jpg,596,3,913,343,1059,720
00014204.jpg,598,3,915,343,1059,720
00014205.jpg,600,3,917,343,1059,720
00014206.jpg,602,3,919,343,1059,720
00014207.jpg,603,3,920,343,1059,720
00014208.jpg,605,4,922,344,1046,714
00014209.jpg,606,4,923,344,1045,714
00014210.jpg,608,5,925,345,1045,713
00014211.jpg,611,5,928,345,1044,716
00014212.jpg,612,5,929,345,1041,716
00014213.jpg,610,6,927,346,1038,716
00014214.jpg,610,6,927,346,-1,-1
00014215.jpg,609,7,926,347,1338,239
00014216.jpg,602,8,919,348,1336,240
00014217.jpg,603,8,920,348,1336,240
00014218.jpg,603,8,920,348,1329,243
