00137256.jpg,189,57,324,199,116,458
00137257.jpg,189,57,324,199,117,458
00137258.jpg,189,57,324,199,117,458
00137259.jpg,189,57,324,199,120,458
00137260.jpg,189,57,324,199,120,458
00137261.jpg,189,57,324,199,120,458
00137262.jpg,190,57,325,199,122,457
00137263.jpg,190,57,325,199,122,457
00137264.jpg,190,57,325,199,122,457
00137265.jpg,190,57,325,199,122,457
00137266.jpg,191,57,326,199,122,457
00137267.jpg,191,57,326,199,122,457
00137268.jpg,191,57,326,199,122,457
00137269.jpg,191,57,326,199,122,457
00137270.jpg,192,57,327,199,-1,-1
00137271.jpg,192,57,327,199,-1,-1
00137272.jpg,192,57,327,199,-1,-1
00137273.jpg,192,57,327,199,616,102
00137274.jpg,193,57,328,199,616,102
00137275.jpg,193,57,328,199,617,101
00137276.jpg,194,57,329,199,622,101
00137277.jpg,194,57,329,199,624,101
00137278.jpg,194,57,329,199,628,99
00137279.jpg,195,57,330,199,629,98
00137280.jpg,196,57,331,199,632,98
00137281.jpg,196,57,331,199,632,98
00137282.jpg,197,57,332,199,639,99
00137283.jpg,197,57,332,199,642,98
00137284.jpg,198,57,333,199,644,97
00137285.jpg,198,56,333,198,647,96
00137286.jpg,198,56,333,198,649,95
00137287.jpg,199,56,334,198,653,94
00137288.jpg,199,56,334,198,653,94
00137289.jpg,199,56,334,198,653,96
00137290.jpg,199,56,334,198,657,94
00137291.jpg,199,56,334,198,664,95
00137292.jpg,200,56,335,198,667,98
00137293.jpg,200,56,335,198,675,100
00137294.jpg,200,57,335,199,661,101
00137295.jpg,200,57,335,199,675,98
00137296.jpg,201,57,336,199,688,100
00137297.jpg,201,57,336,199,698,100
00137298.jpg,201,57,336,199,711,101
00137299.jpg,201,57,336,199,720,101
00137300.jpg,201,57,336,199,728,101
00137301.jpg,201,56,336,198,732,101
00137302.jpg,202,56,337,198,732,101
00137303.jpg,202,56,337,198,738,100
00137304.jpg,202,56,337,198,739,98
00137305.jpg,202,56,337,198,741,99
00137306.jpg,202,56,337,198,743,99
00137307.jpg,203,56,338,198,744,99
00137308.jpg,203,56,338,198,744,99
00137309.jpg,203,56,338,198,744,99
00137310.jpg,204,56,339,198,744,99
00137311.jpg,204,56,339,198,744,99
00137312.jpg,204,56,339,198,744,99
00137313.jpg,204,56,339,198,744,99
00137314.jpg,204,56,339,198,1040,142
00137315.jpg,204,56,339,198,1044,142
00137316.jpg,204,56,339,198,1041,143
00137317.jpg,204,56,339,198,1042,144
00137318.jpg,204,56,339,198,1044,142
00137319.jpg,204,56,339,198,1046,142
00137320.jpg,204,56,339,198,1045,142
00137321.jpg,205,56,340,198,1047,142
00137322.jpg,205,56,340,198,1044,142
00137323.jpg,206,56,341,198,1045,143
00137324.jpg,206,56,341,198,1046,142
00137325.jpg,206,57,341,199,1049,142
00137326.jpg,206,57,341,199,1050,145
00137327.jpg,206,58,341,200,1050,142
00137328.jpg,205,59,340,201,1049,144
00137329.jpg,203,60,338,202,1050,144
00137330.jpg,203,61,338,203,1050,144
00137331.jpg,202,63,337,205,1051,143
00137332.jpg,201,65,336,207,1051,144
00137333.jpg,200,67,335,209,1051,144
00137334.jpg,199,70,334,212,1051,144
00137335.jpg,198,71,333,213,1051,144
00137336.jpg,198,72,333,214,1051,144
00137337.jpg,198,72,333,214,1051,144
00137338.jpg,198,72,333,214,1051,144
00137339.jpg,199,72,334,214,1051,145
00137340.jpg,200,72,335,214,1052,146
00137341.jpg,200,72,335,214,1052,146
00137342.jpg,201,72,336,214,1052,147
00137343.jpg,201,71,336,213,1052,147
00137344.jpg,202,71,337,213,1052,147
00137345.jpg,203,71,338,213,1052,147
00137346.jpg,203,71,338,213,1054,148
00137347.jpg,204,72,339,214,1052,148
00137348.jpg,204,71,339,213,1052,149
00137349.jpg,205,71,340,213,1054,146
00137350.jpg,206,71,341,213,1053,147
00137351.jpg,207,71,342,213,1052,148
00137352.jpg,208,72,343,214,1054,149
00137353.jpg,208,72,343,214,1055,149
00137354.jpg,209,71,344,213,1056,147
00137355.jpg,209,71,344,213,1056,147
00137356.jpg,209,71,344,213,1053,147
00137357.jpg,210,71,345,213,1056,146
00137358.jpg,210,71,345,213,1056,144
00137359.jpg,210,71,345,213,1054,146
00137360.jpg,210,71,345,213,1054,146
00137361.jpg,210,71,345,213,1052,144
00137362.jpg,210,71,345,213,1053,145
00137363.jpg,210,71,345,213,1053,144
00137364.jpg,211,71,346,213,1053,145
00137365.jpg,211,71,346,213,1053,143
00137366.jpg,211,71,346,213,1052,143
00137367.jpg,212,71,347,213,1052,143
00137368.jpg,212,71,347,213,1052,142
00137369.jpg,213,71,348,213,1052,141
00137370.jpg,213,71,348,213,1051,142
00137371.jpg,213,71,348,213,1051,142
00137372.jpg,214,71,349,213,1050,139
00137373.jpg,215,71,350,213,1051,140
00137374.jpg,215,71,350,213,1052,141
00137375.jpg,216,70,351,212,1052,141
00137376.jpg,216,70,351,212,1052,141
00137377.jpg,216,70,351,212,1052,141
00137378.jpg,217,70,352,212,1052,141
00137379.jpg,217,70,352,212,1052,141
00137380.jpg,217,70,352,212,1052,141
00137381.jpg,217,70,352,212,1052,141
00137382.jpg,218,70,353,212,1052,141
00137383.jpg,218,70,353,212,1050,141
00137384.jpg,218,70,353,212,1050,141
00137385.jpg,218,69,353,211,1050,141
00137386.jpg,219,69,354,211,1050,141
00137387.jpg,219,69,354,211,1050,141
00137388.jpg,220,69,355,211,1050,141
00137389.jpg,220,69,355,211,1050,141
00137390.jpg,220,69,355,211,1050,141
00137391.jpg,221,69,356,211,1050,141
00137392.jpg,221,69,356,211,1050,141
00137393.jpg,222,69,357,211,1050,141
00137394.jpg,222,69,357,211,1050,141
00137395.jpg,223,69,358,211,-1,-1
00137396.jpg,225,69,360,211,-1,-1
00137397.jpg,226,68,361,210,-1,-1
00137398.jpg,228,67,363,209,-1,-1
00137399.jpg,230,67,365,209,-1,-1
00137400.jpg,230,67,365,209,-1,-1
