00137256.jpg,590,36,726,182,276,147
00137257.jpg,590,36,726,182,276,148
00137258.jpg,590,36,726,182,276,148
00137259.jpg,590,36,726,182,276,148
00137260.jpg,589,36,725,182,276,148
00137261.jpg,588,36,724,182,276,148
00137262.jpg,588,36,724,182,276,148
00137263.jpg,587,36,723,182,276,148
00137264.jpg,587,36,723,182,276,148
00137265.jpg,586,35,722,181,276,148
00137266.jpg,585,35,721,181,276,148
00137267.jpg,584,36,720,182,276,148
00137268.jpg,583,36,719,182,276,148
00137269.jpg,583,35,719,181,276,148
00137270.jpg,583,35,719,181,279,148
00137271.jpg,583,35,719,181,280,148
00137272.jpg,584,36,720,182,284,147
00137273.jpg,585,36,721,182,287,145
00137274.jpg,586,36,722,182,290,143
00137275.jpg,588,35,724,181,292,141
00137276.jpg,589,35,725,181,292,139
00137277.jpg,591,35,727,181,292,138
00137278.jpg,592,36,728,182,292,137
00137279.jpg,594,36,730,182,292,137
00137280.jpg,597,35,733,181,292,137
00137281.jpg,600,36,736,182,292,137
00137282.jpg,603,36,739,182,291,136
00137283.jpg,606,36,742,182,291,136
00137284.jpg,608,35,744,181,291,136
00137285.jpg,610,35,746,181,291,136
00137286.jpg,612,35,748,181,291,136
00137287.jpg,613,35,749,181,292,135
00137288.jpg,615,35,751,181,292,135
00137289.jpg,616,35,752,181,294,134
00137290.jpg,617,35,753,181,296,133
00137291.jpg,619,35,755,181,296,133
00137292.jpg,623,35,759,181,-1,-1
00137293.jpg,625,35,761,181,-1,-1
00137294.jpg,636,40,760,172,-1,-1
00137295.jpg,636,40,760,172,-1,-1
00137296.jpg,637,40,761,172,-1,-1
00137297.jpg,637,40,761,172,1047,136
00137298.jpg,638,40,762,172,1047,136
00137299.jpg,644,40,768,172,1047,136
00137300.jpg,645,40,769,172,1047,136
00137301.jpg,643,33,775,175,1047,136
00137302.jpg,643,33,775,175,1047,136
00137303.jpg,644,33,776,175,1047,136
00137304.jpg,646,33,778,175,1047,136
00137305.jpg,648,33,780,175,1043,139
00137306.jpg,650,33,782,175,1043,139
00137307.jpg,652,33,784,175,1042,140
00137308.jpg,655,32,787,174,1042,140
00137309.jpg,656,32,788,174,1042,140
00137310.jpg,657,32,789,174,1042,140
00137311.jpg,658,32,790,174,1042,140
00137312.jpg,659,32,791,174,1042,140
00137313.jpg,659,32,791,174,1041,143
00137314.jpg,659,32,791,174,1041,143
00137315.jpg,659,32,791,174,1041,143
00137316.jpg,659,32,791,174,1041,143
00137317.jpg,659,32,791,174,1041,143
00137318.jpg,659,32,791,174,1041,143
00137319.jpg,659,32,791,174,1041,143
00137320.jpg,658,32,790,174,1041,143
00137321.jpg,658,32,790,174,1041,143
00137322.jpg,657,32,789,174,1041,143
00137323.jpg,657,32,789,174,1041,143
00137324.jpg,656,32,788,174,1041,143
00137325.jpg,655,32,787,174,1041,143
00137326.jpg,655,32,787,174,1041,143
00137327.jpg,654,32,786,174,1042,143
00137328.jpg,654,32,786,174,1043,143
00137329.jpg,654,32,786,174,1043,143
00137330.jpg,654,32,786,174,1043,143
00137331.jpg,654,32,786,174,1043,143
00137332.jpg,654,32,786,174,1043,143
00137333.jpg,654,31,786,173,1043,143
00137334.jpg,655,31,787,173,1043,143
00137335.jpg,655,31,787,173,1043,143
00137336.jpg,656,32,788,174,1043,143
00137337.jpg,656,32,788,174,1043,143
00137338.jpg,657,32,789,174,1043,143
00137339.jpg,657,32,789,174,1045,144
00137340.jpg,658,32,790,174,1046,144
00137341.jpg,658,32,790,174,1048,144
00137342.jpg,658,32,790,174,1048,145
00137343.jpg,658,32,790,174,1048,146
00137344.jpg,659,32,791,174,1050,146
00137345.jpg,659,32,791,174,1051,147
00137346.jpg,659,32,791,174,1051,147
00137347.jpg,659,32,791,174,1051,147
00137348.jpg,658,32,790,174,1051,147
00137349.jpg,658,32,790,174,1051,147
00137350.jpg,659,32,791,174,1051,147
00137351.jpg,659,32,791,174,1051,147
00137352.jpg,659,32,791,174,1051,147
00137353.jpg,659,32,791,174,1051,147
00137354.jpg,659,32,791,174,1051,147
00137355.jpg,659,32,791,174,1051,147
00137356.jpg,659,32,791,174,1051,147
00137357.jpg,659,32,791,174,1051,147
00137358.jpg,659,32,791,174,1051,147
00137359.jpg,659,32,791,174,1051,147
00137360.jpg,659,32,791,174,1051,147
00137361.jpg,659,32,791,174,1051,146
00137362.jpg,658,32,790,174,1051,146
00137363.jpg,658,32,790,174,1051,146
00137364.jpg,658,32,790,174,-1,-1
00137365.jpg,657,32,789,174,-1,-1
00137366.jpg,655,32,787,174,-1,-1
00137367.jpg,655,32,787,174,-1,-1
00137368.jpg,655,32,787,174,-1,-1
00137369.jpg,655,32,787,174,-1,-1
00137370.jpg,655,32,787,174,-1,-1
00137371.jpg,655,32,787,174,-1,-1
00137372.jpg,656,31,788,173,-1,-1
00137373.jpg,656,31,788,173,-1,-1
00137374.jpg,656,31,788,173,-1,-1
00137375.jpg,655,31,787,173,-1,-1
00137376.jpg,656,31,788,173,-1,-1
00137377.jpg,656,31,788,173,314,151
00137378.jpg,655,31,787,173,315,151
00137379.jpg,655,31,787,173,315,151
00137380.jpg,655,31,787,173,315,151
00137381.jpg,654,31,786,173,315,150
00137382.jpg,654,31,786,173,315,150
00137383.jpg,653,31,785,173,315,150
00137384.jpg,653,31,785,173,320,150
00137385.jpg,652,31,784,173,320,149
00137386.jpg,652,31,784,173,318,149
00137387.jpg,652,31,784,173,318,149
00137388.jpg,651,31,783,173,318,149
00137389.jpg,651,31,783,173,320,149
00137390.jpg,651,31,783,173,322,149
00137391.jpg,651,31,783,173,322,149
00137392.jpg,651,31,783,173,322,149
00137393.jpg,651,31,783,173,322,149
00137394.jpg,643,32,775,174,322,149
00137395.jpg,643,32,775,174,322,149
00137396.jpg,643,32,775,174,322,149
00137397.jpg,643,32,775,174,322,149
00137398.jpg,643,32,775,174,322,153
00137399.jpg,644,32,776,174,322,153
00137400.jpg,644,32,776,174,320,157
