00000001.jpg,599,53,844,301,-1,-1
00000002.jpg,594,52,852,312,-1,-1
00000003.jpg,594,52,852,312,-1,-1
00000004.jpg,594,52,852,312,-1,-1
00000005.jpg,596,57,854,317,-1,-1
00000006.jpg,598,62,856,322,-1,-1
00000007.jpg,598,66,856,326,-1,-1
00000008.jpg,596,68,854,328,-1,-1
00000009.jpg,592,67,850,327,-1,-1
00000010.jpg,599,65,857,325,-1,-1
00000011.jpg,598,62,856,322,-1,-1
00000012.jpg,596,58,854,318,-1,-1
00000013.jpg,591,55,849,315,-1,-1
00000014.jpg,589,50,847,310,-1,-1
00000015.jpg,603,55,858,327,-1,-1
00000016.jpg,603,55,858,327,-1,-1
00000017.jpg,590,56,845,328,-1,-1
00000018.jpg,576,56,831,328,-1,-1
00000019.jpg,563,57,818,329,-1,-1
00000020.jpg,549,60,804,332,-1,-1
00000021.jpg,537,62,792,334,-1,-1
00000022.jpg,529,63,784,335,-1,-1
00000023.jpg,525,65,780,337,-1,-1
00000024.jpg,527,70,799,331,-1,-1
00000025.jpg,527,70,799,331,-1,-1
00000026.jpg,528,69,800,330,-1,-1
00000027.jpg,529,67,801,328,-1,-1
00000028.jpg,553,67,824,332,-1,-1
00000029.jpg,553,67,824,332,-1,-1
00000030.jpg,555,68,826,333,-1,-1
00000031.jpg,559,68,830,333,-1,-1
00000032.jpg,564,67,835,332,-1,-1
00000033.jpg,569,66,840,331,-1,-1
00000034.jpg,577,67,848,332,-1,-1
00000035.jpg,581,65,852,330,-1,-1
00000036.jpg,589,66,860,331,-1,-1
00000037.jpg,591,66,862,331,-1,-1
00000038.jpg,589,65,860,330,-1,-1
00000039.jpg,585,64,856,329,-1,-1
00000040.jpg,578,64,849,329,-1,-1
00000041.jpg,568,66,839,331,-1,-1
00000042.jpg,555,68,826,333,-1,-1
00000043.jpg,540,71,811,336,-1,-1
00000044.jpg,524,74,795,339,-1,-1
00000045.jpg,506,77,777,342,-1,-1
00000046.jpg,488,81,759,346,-1,-1
00000047.jpg,471,84,742,349,-1,-1
00000048.jpg,453,84,724,349,-1,-1
00000049.jpg,437,83,708,348,-1,-1
00000050.jpg,422,82,693,347,-1,-1
00000051.jpg,411,79,682,344,-1,-1
00000052.jpg,403,77,674,342,-1,-1
00000053.jpg,394,74,665,339,-1,-1
00000054.jpg,391,72,662,337,-1,-1
00000055.jpg,390,69,661,334,-1,-1
00000056.jpg,392,68,663,333,-1,-1
00000057.jpg,393,67,664,332,-1,-1
00000058.jpg,411,74,682,339,-1,-1
00000059.jpg,411,74,682,339,-1,-1
00000060.jpg,412,76,683,341,-1,-1
00000061.jpg,415,78,686,343,-1,-1
00000062.jpg,419,82,690,347,-1,-1
00000063.jpg,423,87,694,352,-1,-1
00000064.jpg,425,89,696,354,-1,-1
00000065.jpg,410,81,681,346,-1,-1
00000066.jpg,409,76,680,341,-1,-1
00000067.jpg,406,70,677,335,-1,-1
00000068.jpg,406,68,677,333,-1,-1
00000069.jpg,417,74,684,348,-1,-1
00000070.jpg,417,74,684,348,-1,-1
00000071.jpg,414,75,681,349,-1,-1
00000072.jpg,413,75,680,349,-1,-1
00000073.jpg,414,77,681,351,-1,-1
00000074.jpg,420,79,687,353,-1,-1
00000075.jpg,432,83,699,357,-1,-1
00000076.jpg,448,87,715,361,-1,-1
00000077.jpg,444,86,716,372,-1,-1
00000078.jpg,487,92,754,366,-1,-1
00000079.jpg,502,93,769,367,-1,-1
00000080.jpg,515,93,782,367,-1,-1
00000081.jpg,527,92,794,366,-1,-1
00000082.jpg,526,89,777,359,-1,-1
00000083.jpg,526,89,777,359,-1,-1
00000084.jpg,534,90,785,360,-1,-1
00000085.jpg,542,92,793,362,-1,-1
00000086.jpg,531,83,775,339,-1,-1
00000087.jpg,531,83,775,339,-1,-1
00000088.jpg,538,85,782,341,-1,-1
00000089.jpg,543,85,787,341,-1,-1
00000090.jpg,544,85,788,341,-1,-1
00000091.jpg,543,84,787,340,-1,-1
00000092.jpg,537,83,781,339,-1,-1
00000093.jpg,528,82,772,338,-1,-1
00000094.jpg,515,82,759,338,-1,-1
00000095.jpg,499,81,743,337,-1,-1
00000096.jpg,484,80,728,336,-1,-1
00000097.jpg,468,78,712,334,-1,-1
00000098.jpg,454,77,698,333,-1,-1
00000099.jpg,441,75,685,331,-1,-1
00000100.jpg,431,74,675,330,-1,-1
00000101.jpg,424,72,668,328,-1,-1
00000102.jpg,438,84,699,343,-1,-1
00000103.jpg,438,84,699,343,-1,-1
00000104.jpg,439,83,700,342,-1,-1
00000105.jpg,441,81,702,340,-1,-1
00000106.jpg,443,79,704,338,-1,-1
00000107.jpg,444,78,705,337,-1,-1
00000108.jpg,445,77,706,336,-1,-1
00000109.jpg,444,76,705,335,-1,-1
00000110.jpg,443,75,704,334,-1,-1
00000111.jpg,439,74,700,333,-1,-1
00000112.jpg,433,74,694,333,-1,-1
00000113.jpg,428,74,689,333,-1,-1
00000114.jpg,422,74,683,333,-1,-1
00000115.jpg,417,74,678,333,-1,-1
00000116.jpg,413,73,674,332,-1,-1
00000117.jpg,409,71,670,330,-1,-1
00000118.jpg,423,53,684,312,-1,-1
00000119.jpg,431,63,692,322,-1,-1
00000120.jpg,429,61,690,320,-1,-1
00000121.jpg,429,60,690,319,-1,-1
00000122.jpg,420,60,681,319,-1,-1
00000123.jpg,411,58,672,317,-1,-1
00000124.jpg,412,58,673,317,-1,-1
00000125.jpg,415,59,676,318,-1,-1
00000126.jpg,419,59,680,318,-1,-1
00000127.jpg,424,60,685,319,-1,-1
00000128.jpg,428,61,689,320,-1,-1
00000129.jpg,431,63,692,322,-1,-1
00000130.jpg,435,64,696,323,-1,-1
00000131.jpg,440,66,701,325,-1,-1
00000132.jpg,446,67,707,326,-1,-1
00000133.jpg,452,67,713,326,-1,-1
00000134.jpg,458,67,719,326,-1,-1
00000135.jpg,463,68,724,327,-1,-1
00000136.jpg,466,67,727,326,-1,-1
00000137.jpg,471,66,732,325,-1,-1
00000138.jpg,476,65,737,324,-1,-1
00000139.jpg,482,64,743,323,-1,-1
00000140.jpg,489,65,750,324,-1,-1
00000141.jpg,495,65,756,324,-1,-1
00000142.jpg,503,65,764,324,-1,-1
00000143.jpg,511,66,772,325,-1,-1
00000144.jpg,518,67,779,326,-1,-1
00000145.jpg,525,68,786,327,-1,-1
00000146.jpg,532,69,793,328,-1,-1
00000147.jpg,539,70,800,329,-1,-1
00000148.jpg,545,71,806,330,-1,-1
00000149.jpg,550,72,811,331,-1,-1
00000150.jpg,567,70,828,329,-1,-1
00000151.jpg,572,71,833,330,-1,-1
00000152.jpg,574,73,835,332,-1,-1
00000153.jpg,577,75,838,334,-1,-1
00000154.jpg,580,77,841,336,-1,-1
00000155.jpg,583,78,844,337,-1,-1
00000156.jpg,584,79,845,338,-1,-1
00000157.jpg,586,79,847,338,-1,-1
00000158.jpg,588,79,849,338,-1,-1
00000159.jpg,590,79,851,338,-1,-1
00000160.jpg,592,79,853,338,-1,-1
00000161.jpg,593,79,854,338,-1,-1
00000162.jpg,593,78,854,337,-1,-1
00000163.jpg,590,78,851,337,-1,-1
00000164.jpg,573,78,834,337,-1,-1
00000165.jpg,568,79,829,338,-1,-1
00000166.jpg,563,81,824,340,-1,-1
00000167.jpg,557,85,818,344,-1,-1
00000168.jpg,550,89,811,348,-1,-1
00000169.jpg,542,93,803,352,-1,-1
00000170.jpg,535,97,796,356,-1,-1
00000171.jpg,545,91,817,355,-1,-1
00000172.jpg,545,91,817,355,-1,-1
00000173.jpg,544,93,816,357,-1,-1
00000174.jpg,543,94,815,358,-1,-1
00000175.jpg,541,94,813,358,-1,-1
00000176.jpg,540,95,812,359,-1,-1
00000177.jpg,538,95,810,359,-1,-1
00000178.jpg,536,95,808,359,-1,-1
00000179.jpg,536,95,808,359,-1,-1
00000180.jpg,535,94,807,358,-1,-1
00000181.jpg,534,94,806,358,-1,-1
00000182.jpg,534,94,806,358,-1,-1
00000183.jpg,534,94,806,358,-1,-1
00000184.jpg,534,94,806,358,-1,-1
00000185.jpg,534,93,806,357,-1,-1
00000186.jpg,534,93,806,357,-1,-1
00000187.jpg,534,93,806,357,-1,-1
00000188.jpg,534,92,806,356,-1,-1
00000189.jpg,533,92,805,356,-1,-1
00000190.jpg,533,92,805,356,-1,-1
00000191.jpg,533,91,805,355,-1,-1
00000192.jpg,533,91,805,355,-1,-1
00000193.jpg,533,90,805,354,-1,-1
00000194.jpg,535,89,807,353,-1,-1
00000195.jpg,537,87,809,351,-1,-1
00000196.jpg,539,85,811,349,-1,-1
00000197.jpg,538,83,810,347,-1,-1
00000198.jpg,535,84,807,348,-1,-1
00000199.jpg,533,85,805,349,-1,-1
00000200.jpg,531,88,803,352,-1,-1
00000201.jpg,529,91,801,355,-1,-1
00000202.jpg,525,94,797,358,-1,-1
00000203.jpg,522,97,794,361,-1,-1
00000204.jpg,519,99,791,363,-1,-1
00000205.jpg,518,100,790,364,-1,-1
00000206.jpg,516,101,788,365,-1,-1
00000207.jpg,515,101,787,365,-1,-1
00000208.jpg,514,101,786,365,-1,-1
00000209.jpg,513,100,785,364,-1,-1
00000210.jpg,513,100,785,364,-1,-1
00000211.jpg,512,99,784,363,-1,-1
00000212.jpg,512,98,784,362,-1,-1
00000213.jpg,512,97,784,361,-1,-1
00000214.jpg,513,95,785,359,-1,-1
00000215.jpg,513,92,785,356,-1,-1
00000216.jpg,513,89,785,353,-1,-1
00000217.jpg,513,85,785,349,-1,-1
00000218.jpg,512,83,784,347,-1,-1
00000219.jpg,511,82,783,346,-1,-1
00000220.jpg,509,82,781,346,-1,-1
00000221.jpg,508,82,780,346,-1,-1
00000222.jpg,508,82,780,346,-1,-1
00000223.jpg,508,82,780,346,-1,-1
00000224.jpg,509,82,781,346,-1,-1
00000225.jpg,509,81,781,345,-1,-1
00000226.jpg,508,81,780,345,-1,-1
00000227.jpg,507,81,779,345,-1,-1
00000228.jpg,506,82,778,346,-1,-1
00000229.jpg,506,82,778,346,-1,-1
00000230.jpg,507,82,779,346,-1,-1
00000231.jpg,507,81,779,345,-1,-1
00000232.jpg,508,81,780,345,-1,-1
00000233.jpg,508,80,780,344,-1,-1
00000234.jpg,508,80,780,344,-1,-1
00000235.jpg,509,80,781,344,-1,-1
00000236.jpg,509,82,781,346,-1,-1
00000237.jpg,508,83,780,347,-1,-1
00000238.jpg,507,85,779,349,-1,-1
00000239.jpg,506,87,778,351,-1,-1
00000240.jpg,505,89,777,353,-1,-1
00000241.jpg,504,90,776,354,-1,-1
00000242.jpg,503,91,775,355,-1,-1
00000243.jpg,504,90,776,354,-1,-1
00000244.jpg,504,90,776,354,-1,-1
00000245.jpg,504,89,776,353,-1,-1
00000246.jpg,506,88,778,352,-1,-1
00000247.jpg,507,86,779,350,-1,-1
00000248.jpg,508,85,780,349,-1,-1
00000249.jpg,509,82,781,346,-1,-1
00000250.jpg,509,80,781,344,-1,-1
00000251.jpg,507,78,779,342,-1,-1
00000252.jpg,503,75,775,339,-1,-1
00000253.jpg,497,72,769,336,-1,-1
00000254.jpg,489,69,761,333,-1,-1
00000255.jpg,481,65,753,329,-1,-1
00000256.jpg,473,62,745,326,-1,-1
00000257.jpg,465,59,737,323,-1,-1
00000258.jpg,456,58,728,322,-1,-1
00000259.jpg,447,58,719,322,-1,-1
00000260.jpg,439,59,711,323,-1,-1
00000261.jpg,431,60,703,324,-1,-1
00000262.jpg,427,62,699,326,-1,-1
00000263.jpg,425,64,697,328,-1,-1
00000264.jpg,425,65,697,329,-1,-1
00000265.jpg,427,66,699,330,-1,-1
00000266.jpg,424,64,690,334,-1,-1
00000267.jpg,426,61,701,338,-1,-1
00000268.jpg,426,62,697,336,-1,-1
00000269.jpg,425,64,691,335,-1,-1
00000270.jpg,426,64,691,336,-1,-1
00000271.jpg,423,63,694,339,-1,-1
00000272.jpg,421,64,694,342,-1,-1
00000273.jpg,423,61,693,339,-1,-1
00000274.jpg,435,72,707,336,-1,-1
00000275.jpg,437,73,709,337,-1,-1
00000276.jpg,440,75,712,339,384,419
00000277.jpg,440,74,712,338,373,462
00000278.jpg,440,73,712,337,373,487
00000279.jpg,441,73,713,337,386,493
00000280.jpg,441,73,713,337,394,494
00000281.jpg,442,73,714,337,397,489
00000282.jpg,444,73,716,337,399,486
00000283.jpg,446,73,718,337,400,484
00000284.jpg,449,73,721,337,401,484
00000285.jpg,452,72,724,336,404,480
00000286.jpg,454,72,726,336,409,478
00000287.jpg,457,72,729,336,413,479
00000288.jpg,460,72,732,336,418,489
00000289.jpg,464,74,736,338,418,504
00000290.jpg,468,77,740,341,420,530
00000291.jpg,473,81,745,345,425,542
00000292.jpg,477,85,749,349,428,542
00000293.jpg,483,86,755,350,436,539
00000294.jpg,490,88,762,352,443,534
00000295.jpg,499,89,771,353,456,529
00000296.jpg,507,89,779,353,467,518
00000297.jpg,515,90,787,354,476,515
00000298.jpg,523,90,795,354,490,512
00000299.jpg,529,89,801,353,499,509
00000300.jpg,535,87,807,351,507,507
00000301.jpg,539,85,811,349,511,506
00000302.jpg,544,83,816,347,511,502
00000303.jpg,548,82,820,346,510,497
00000304.jpg,551,82,823,346,512,495
00000305.jpg,554,81,826,345,515,495
00000306.jpg,556,81,828,345,515,498
00000307.jpg,557,80,829,344,512,499
00000308.jpg,558,80,830,344,512,499
00000309.jpg,558,80,830,344,512,499
00000310.jpg,558,80,830,344,512,499
00000311.jpg,558,80,830,344,513,499
00000312.jpg,558,79,830,343,513,494
00000313.jpg,558,79,830,343,512,491
00000314.jpg,558,79,830,343,512,487
00000315.jpg,558,78,830,342,509,485
00000316.jpg,559,77,831,341,508,485
00000317.jpg,559,77,831,341,508,483
00000318.jpg,560,76,832,340,508,481
00000319.jpg,560,75,832,339,508,481
00000320.jpg,561,74,833,338,505,481
00000321.jpg,561,73,833,337,505,481
00000322.jpg,561,72,833,336,505,480
00000323.jpg,562,72,834,336,505,480
00000324.jpg,563,72,835,336,506,479
00000325.jpg,563,71,835,335,507,478
00000326.jpg,563,71,835,335,507,478
00000327.jpg,563,71,835,335,508,477
00000328.jpg,563,71,835,335,508,476
00000329.jpg,563,70,835,334,511,469
00000330.jpg,563,70,835,334,511,464
00000331.jpg,564,70,836,334,512,461
00000332.jpg,564,69,836,333,514,456
00000333.jpg,564,68,836,332,515,457
00000334.jpg,564,68,836,332,515,457
00000335.jpg,564,68,836,332,516,459
00000336.jpg,564,68,836,332,516,462
00000337.jpg,564,68,836,332,515,462
00000338.jpg,563,68,835,332,514,462
00000339.jpg,562,69,834,333,513,463
00000340.jpg,562,69,834,333,511,465
