00009920.jpg,418,85,557,238,-1,-1
00009921.jpg,418,85,557,238,-1,-1
00009922.jpg,418,85,557,238,-1,-1
00009923.jpg,418,85,557,238,-1,-1
00009924.jpg,418,85,557,238,-1,-1
00009925.jpg,418,85,557,238,-1,-1
00009926.jpg,418,85,557,238,-1,-1
00009927.jpg,418,84,557,237,-1,-1
00009928.jpg,418,84,557,237,-1,-1
00009929.jpg,418,84,557,237,-1,-1
00009930.jpg,418,84,557,237,-1,-1
00009931.jpg,418,84,557,237,-1,-1
00009932.jpg,417,84,556,237,-1,-1
00009933.jpg,417,83,556,236,-1,-1
00009934.jpg,417,83,556,236,-1,-1
00009935.jpg,417,83,556,236,-1,-1
00009936.jpg,417,82,556,235,-1,-1
00009937.jpg,417,82,556,235,-1,-1
00009938.jpg,417,82,556,235,-1,-1
00009939.jpg,417,82,556,235,-1,-1
00009940.jpg,417,82,556,235,-1,-1
00009941.jpg,418,81,557,234,-1,-1
00009942.jpg,418,81,557,234,-1,-1
00009943.jpg,418,81,557,234,-1,-1
00009944.jpg,418,81,557,234,-1,-1
00009945.jpg,418,80,557,233,-1,-1
00009946.jpg,419,80,558,233,-1,-1
00009947.jpg,420,81,559,234,897,215
00009948.jpg,422,81,561,234,897,215
00009949.jpg,422,81,561,234,897,215
00009950.jpg,424,82,563,235,897,215
00009951.jpg,426,82,565,235,897,215
00009952.jpg,428,83,567,236,898,215
00009953.jpg,428,83,567,236,900,215
00009954.jpg,428,84,567,237,901,213
00009955.jpg,428,84,567,237,902,213
00009956.jpg,428,84,567,237,902,213
00009957.jpg,428,84,567,237,902,213
00009958.jpg,429,85,568,238,902,213
00009959.jpg,429,85,568,238,904,213
00009960.jpg,429,85,568,238,904,213
00009961.jpg,419,74,566,234,906,213
00009962.jpg,419,74,566,234,906,213
00009963.jpg,419,74,566,234,906,213
00009964.jpg,418,74,565,234,906,213
00009965.jpg,418,74,565,234,906,213
00009966.jpg,418,75,565,235,907,213
00009967.jpg,418,75,565,235,907,213
00009968.jpg,418,74,565,234,907,213
00009969.jpg,418,74,565,234,908,213
00009970.jpg,418,74,565,234,909,212
00009971.jpg,418,74,565,234,909,212
00009972.jpg,417,74,564,234,909,212
00009973.jpg,417,74,564,234,909,212
00009974.jpg,417,73,564,233,909,212
00009975.jpg,415,73,562,233,909,212
00009976.jpg,406,76,568,246,909,212
00009977.jpg,406,76,568,246,909,212
00009978.jpg,405,76,567,246,909,212
00009979.jpg,405,76,567,246,909,212
00009980.jpg,405,76,567,246,909,212
00009981.jpg,404,77,566,247,909,212
00009982.jpg,403,77,565,247,909,212
00009983.jpg,402,77,564,247,909,212
00009984.jpg,402,78,564,248,909,212
00009985.jpg,402,78,564,248,909,212
00009986.jpg,402,78,564,248,909,212
00009987.jpg,401,78,563,248,911,212
00009988.jpg,401,78,563,248,911,212
00009989.jpg,400,79,562,249,911,212
00009990.jpg,399,80,561,250,912,214
00009991.jpg,399,80,561,250,913,215
00009992.jpg,399,80,561,250,914,216
00009993.jpg,398,81,560,251,914,216
00009994.jpg,397,81,559,251,914,216
00009995.jpg,396,81,558,251,914,216
00009996.jpg,396,82,558,252,914,216
00009997.jpg,395,83,557,253,915,217
00009998.jpg,395,83,557,253,915,217
00009999.jpg,395,84,557,254,916,219
00010000.jpg,394,84,556,254,918,220
00010001.jpg,393,84,555,254,918,220
00010002.jpg,393,85,555,255,918,220
00010003.jpg,392,85,554,255,918,221
00010004.jpg,392,85,554,255,918,221
00010005.jpg,391,86,553,256,918,221
00010006.jpg,391,86,553,256,918,221
00010007.jpg,390,87,552,257,918,221
00010008.jpg,390,88,552,258,918,221
00010009.jpg,390,88,552,258,918,221
00010010.jpg,390,88,552,258,922,226
