00068352.jpg,906,168,1084,343,372,81
00068353.jpg,906,168,1084,343,372,81
00068354.jpg,906,168,1084,343,372,81
00068355.jpg,906,168,1084,343,372,81
00068356.jpg,905,168,1083,343,372,81
00068357.jpg,904,167,1082,342,372,81
00068358.jpg,904,165,1082,340,372,81
00068359.jpg,903,165,1081,340,379,251
00068360.jpg,903,165,1081,340,379,251
00068361.jpg,903,165,1081,340,380,252
00068362.jpg,902,165,1080,340,383,257
00068363.jpg,902,165,1080,340,387,258
00068364.jpg,901,165,1079,340,387,258
00068365.jpg,901,164,1079,339,388,258
00068366.jpg,900,164,1078,339,388,258
00068367.jpg,900,164,1078,339,400,260
00068368.jpg,900,163,1078,338,402,260
00068369.jpg,899,162,1077,337,403,260
00068370.jpg,899,161,1077,336,404,260
00068371.jpg,898,161,1076,336,407,258
00068372.jpg,897,160,1075,335,407,258
00068373.jpg,896,160,1074,335,407,258
00068374.jpg,895,160,1073,335,407,258
00068375.jpg,894,160,1072,335,407,258
00068376.jpg,893,160,1071,335,407,258
00068377.jpg,892,160,1070,335,407,258
00068378.jpg,890,161,1068,336,407,258
00068379.jpg,888,161,1066,336,408,258
00068380.jpg,887,161,1065,336,408,257
00068381.jpg,886,160,1064,335,408,257
00068382.jpg,888,160,1066,335,408,256
00068383.jpg,885,159,1063,334,408,256
00068384.jpg,884,158,1062,333,408,256
00068385.jpg,885,157,1063,332,399,252
00068386.jpg,884,155,1060,339,393,251
00068387.jpg,884,155,1060,339,385,251
00068388.jpg,884,154,1060,338,378,249
00068389.jpg,883,154,1059,338,368,247
00068390.jpg,883,160,1054,336,360,247
00068391.jpg,883,160,1054,336,347,244
00068392.jpg,882,161,1053,337,336,245
00068393.jpg,881,162,1052,338,322,242
00068394.jpg,881,162,1052,338,313,242
00068395.jpg,881,162,1052,338,294,245
00068396.jpg,882,162,1053,338,276,242
00068397.jpg,883,162,1054,338,283,243
00068398.jpg,883,162,1054,338,266,242
00068399.jpg,884,162,1055,338,246,243
00068400.jpg,884,162,1055,338,220,244
00068401.jpg,884,162,1055,338,199,245
00068402.jpg,885,163,1056,339,178,246
00068403.jpg,884,164,1055,340,301,66
00068404.jpg,885,164,1056,340,301,60
00068405.jpg,886,143,1062,330,304,62
00068406.jpg,886,143,1062,330,308,62
00068407.jpg,888,142,1064,329,309,64
00068408.jpg,892,141,1068,328,309,64
00068409.jpg,896,139,1072,326,309,64
00068410.jpg,901,137,1077,324,310,64
00068411.jpg,907,135,1083,322,312,64
00068412.jpg,919,142,1096,320,312,66
00068413.jpg,919,142,1096,320,313,66
00068414.jpg,923,142,1100,320,313,66
00068415.jpg,927,142,1104,320,313,66
00068416.jpg,931,142,1108,320,317,68
00068417.jpg,933,142,1110,320,318,69
00068418.jpg,934,143,1111,321,319,69
00068419.jpg,946,136,1117,311,320,74
00068420.jpg,946,136,1117,311,322,75
00068421.jpg,946,137,1117,312,320,75
00068422.jpg,944,138,1115,313,320,78
00068423.jpg,942,139,1113,314,321,82
00068424.jpg,941,139,1112,314,323,82
00068425.jpg,937,140,1108,315,324,84
00068426.jpg,931,140,1102,315,332,87
00068427.jpg,928,140,1099,315,336,90
00068428.jpg,917,145,1099,327,343,92
00068429.jpg,917,145,1099,327,431,317
00068430.jpg,912,146,1094,328,443,325
00068431.jpg,907,147,1089,329,448,338
00068432.jpg,904,146,1086,328,457,337
00068433.jpg,903,145,1085,327,455,335
00068434.jpg,902,140,1084,322,459,334
00068435.jpg,902,142,1080,325,462,339
00068436.jpg,902,142,1080,325,460,341
00068437.jpg,901,142,1079,325,460,342
00068438.jpg,899,143,1077,326,460,343
00068439.jpg,897,146,1075,329,464,346
00068440.jpg,897,147,1075,330,463,347
00068441.jpg,898,146,1076,329,467,350
00068442.jpg,901,144,1079,327,468,350
00068443.jpg,902,143,1080,326,470,350
00068444.jpg,903,143,1081,326,476,356
00068445.jpg,903,143,1081,326,476,353
00068446.jpg,902,144,1080,327,476,353
00068447.jpg,902,145,1080,328,471,350
00068448.jpg,902,145,1080,328,472,351
00068449.jpg,902,145,1080,328,471,348
00068450.jpg,902,145,1080,328,470,347
00068451.jpg,901,146,1079,329,468,347
00068452.jpg,901,146,1079,329,464,349
00068453.jpg,900,146,1078,329,467,346
00068454.jpg,901,146,1079,329,462,350
00068455.jpg,900,146,1078,329,462,348
00068456.jpg,899,147,1077,330,464,349
00068457.jpg,899,147,1077,330,467,349
00068458.jpg,898,147,1076,330,467,349
00068459.jpg,897,147,1075,330,468,349
00068460.jpg,896,147,1074,330,485,354
00068461.jpg,894,148,1072,331,516,363
00068462.jpg,893,148,1071,331,520,361
00068463.jpg,884,145,1062,328,520,361
00068464.jpg,881,144,1059,327,525,361
00068465.jpg,879,144,1057,327,536,367
00068466.jpg,879,145,1057,328,548,370
00068467.jpg,879,145,1057,328,563,375
00068468.jpg,879,145,1057,328,584,385
00068469.jpg,888,147,1066,330,600,396
00068470.jpg,888,147,1066,330,607,401
00068471.jpg,886,148,1064,331,611,407
00068472.jpg,885,149,1063,332,614,410
00068473.jpg,883,149,1061,332,616,413
00068474.jpg,881,149,1059,332,617,414
00068475.jpg,880,149,1058,332,617,415
00068476.jpg,879,150,1057,333,617,415
00068477.jpg,878,150,1056,333,616,415
00068478.jpg,877,151,1055,334,614,416
00068479.jpg,876,152,1054,335,610,421
00068480.jpg,874,153,1052,336,610,421
00068481.jpg,873,154,1051,337,610,421
00068482.jpg,871,156,1049,339,610,421
00068483.jpg,870,157,1048,340,609,422
00068484.jpg,868,158,1046,341,609,422
00068485.jpg,867,158,1045,341,609,422
00068486.jpg,867,158,1045,341,609,422
00068487.jpg,867,158,1045,341,609,422
00068488.jpg,867,158,1045,341,609,422
00068489.jpg,868,158,1046,341,609,422
00068490.jpg,870,155,1048,338,609,422
00068491.jpg,871,154,1049,337,609,422
00068492.jpg,871,154,1049,337,609,422
00068493.jpg,870,155,1048,338,609,422
00068494.jpg,872,154,1040,335,609,422
00068495.jpg,872,154,1040,335,609,422
00068496.jpg,873,153,1041,334,609,422
00068497.jpg,874,152,1042,333,609,422
00068498.jpg,876,151,1044,332,609,422
00068499.jpg,878,150,1046,331,338,69
00068500.jpg,882,143,1056,319,337,65
00068501.jpg,882,143,1056,319,338,67
00068502.jpg,885,141,1059,317,338,66
00068503.jpg,888,139,1062,315,342,65
00068504.jpg,898,136,1075,317,344,65
00068505.jpg,898,136,1075,317,345,64
00068506.jpg,902,135,1079,316,345,64
00068507.jpg,907,134,1084,315,347,61
00068508.jpg,911,132,1088,313,583,404
00068509.jpg,914,132,1091,313,585,410
00068510.jpg,915,133,1092,314,585,407
00068511.jpg,914,133,1091,314,585,408
00068512.jpg,920,134,1101,313,586,408
00068513.jpg,920,134,1101,313,586,409
00068514.jpg,920,135,1101,314,583,410
00068515.jpg,919,136,1100,315,584,407
00068516.jpg,919,137,1100,316,585,408
00068517.jpg,918,137,1099,316,587,408
00068518.jpg,918,137,1099,316,589,409
00068519.jpg,918,137,1099,316,589,409
00068520.jpg,917,137,1098,316,589,409
00068521.jpg,916,136,1097,315,589,409
00068522.jpg,914,135,1095,314,589,409
00068523.jpg,910,135,1091,314,589,409
00068524.jpg,904,135,1085,314,589,409
00068525.jpg,898,135,1079,314,589,409
00068526.jpg,893,136,1074,315,589,409
00068527.jpg,886,136,1067,315,589,409
00068528.jpg,879,137,1060,316,589,409
00068529.jpg,872,137,1053,316,589,409
00068530.jpg,867,138,1048,317,589,409
00068531.jpg,863,140,1044,319,589,409
00068532.jpg,856,141,1037,320,589,409
00068533.jpg,852,144,1033,323,589,409
00068534.jpg,848,146,1029,325,589,409
00068535.jpg,846,148,1027,327,589,409
00068536.jpg,844,149,1025,328,589,409
00068537.jpg,843,149,1024,328,589,409
00068538.jpg,843,149,1024,328,589,409
00068539.jpg,843,148,1024,327,589,409
00068540.jpg,843,147,1024,326,589,409
00068541.jpg,844,146,1025,325,589,408
00068542.jpg,845,145,1026,324,590,406
00068543.jpg,845,144,1026,323,591,403
00068544.jpg,848,142,1029,321,591,402
00068545.jpg,852,140,1033,319,592,398
00068546.jpg,850,139,1031,318,592,398
00068547.jpg,851,136,1032,315,592,398
00068548.jpg,853,134,1034,313,592,398
00068549.jpg,854,132,1035,311,592,398
00068550.jpg,856,130,1037,309,592,398
00068551.jpg,860,129,1041,308,592,394
00068552.jpg,864,127,1045,306,594,390
00068553.jpg,868,125,1049,304,598,382
00068554.jpg,873,123,1054,302,600,378
00068555.jpg,877,122,1058,301,629,339
00068556.jpg,882,120,1063,299,641,336
00068557.jpg,887,119,1068,298,634,322
00068558.jpg,892,118,1073,297,652,322
00068559.jpg,899,117,1080,296,665,322
00068560.jpg,904,116,1085,295,684,319
00068561.jpg,908,116,1089,295,700,322
00068562.jpg,910,118,1091,297,717,326
00068563.jpg,913,121,1094,300,730,332
00068564.jpg,913,126,1094,305,739,338
00068565.jpg,912,131,1093,310,756,346
00068566.jpg,913,134,1094,313,769,357
00068567.jpg,917,134,1098,313,-1,-1
00068568.jpg,917,134,1098,313,-1,-1
