00001358.jpg,368,253,704,613,914,213
00001359.jpg,368,253,704,613,914,213
00001360.jpg,368,253,704,613,914,213
00001361.jpg,368,253,704,613,914,213
00001362.jpg,369,254,705,614,909,212
00001363.jpg,370,254,706,614,906,214
00001364.jpg,370,254,706,614,909,213
00001365.jpg,372,254,708,614,906,213
00001366.jpg,374,253,710,613,908,213
00001367.jpg,370,253,706,613,909,214
00001368.jpg,372,253,708,613,914,214
00001369.jpg,372,253,708,613,916,213
00001370.jpg,370,252,706,612,922,214
00001371.jpg,369,252,705,612,1106,334
00001372.jpg,369,252,705,612,1390,477
00001373.jpg,372,259,703,594,1394,477
00001374.jpg,372,259,703,594,1393,477
00001375.jpg,374,260,705,595,1392,477
00001376.jpg,375,260,706,595,1390,477
00001377.jpg,377,261,708,596,1390,474
00001378.jpg,383,262,714,597,1384,474
00001379.jpg,383,262,714,597,1384,474
00001380.jpg,391,262,722,597,1382,480
00001381.jpg,398,265,729,600,1377,480
00001382.jpg,404,267,735,602,1373,485
00001383.jpg,410,268,741,603,1370,492
00001384.jpg,410,268,741,603,1368,493
00001385.jpg,416,269,747,604,1361,498
00001386.jpg,421,269,752,604,1356,501
00001387.jpg,428,269,759,604,1346,509
00001388.jpg,433,269,764,604,1342,509
00001389.jpg,433,269,764,604,1342,509
00001390.jpg,437,269,768,604,1338,510
00001391.jpg,440,268,771,603,1332,512
00001392.jpg,449,272,780,607,1328,513
00001393.jpg,454,273,785,608,1320,513
00001394.jpg,454,273,785,608,1316,513
00001395.jpg,464,273,795,608,1314,513
00001396.jpg,465,274,796,609,1313,513
00001397.jpg,467,274,798,609,1310,514
00001398.jpg,468,274,799,609,1310,514
00001399.jpg,468,274,799,609,1310,514
00001400.jpg,468,274,799,609,1313,516
00001401.jpg,469,274,800,609,1313,516
00001402.jpg,469,274,800,609,1318,514
00001403.jpg,469,274,800,609,1325,510
00001404.jpg,469,274,800,609,1325,510
00001405.jpg,469,274,800,609,1325,510
00001406.jpg,469,274,800,609,1340,508
00001407.jpg,468,274,799,609,1348,504
00001408.jpg,468,274,799,609,1354,504
00001409.jpg,468,274,799,609,1354,504
00001410.jpg,468,274,799,609,1361,504
00001411.jpg,467,274,798,609,1369,505
00001412.jpg,467,274,798,609,1376,505
00001413.jpg,467,274,798,609,1382,505
00001414.jpg,467,274,798,609,1382,504
00001415.jpg,467,274,798,609,1384,504
00001416.jpg,466,274,797,609,1386,502
00001417.jpg,465,274,796,609,1386,502
00001418.jpg,463,272,794,607,1386,502
00001419.jpg,463,272,794,607,1386,502
00001420.jpg,462,271,793,606,1388,501
00001421.jpg,460,271,791,606,1386,502
00001422.jpg,455,272,786,607,1385,501
00001423.jpg,453,272,784,607,1380,501
00001424.jpg,452,272,783,607,1381,500
00001425.jpg,446,269,777,604,1377,498
00001426.jpg,446,273,777,608,1374,500
00001427.jpg,444,277,775,612,1372,500
00001428.jpg,443,283,774,618,1368,500
00001429.jpg,443,283,774,618,1368,500
00001430.jpg,442,287,773,622,1368,500
00001431.jpg,440,290,771,625,1368,504
00001432.jpg,439,290,770,625,1368,504
00001433.jpg,439,290,770,625,1368,504
00001434.jpg,439,290,770,625,1368,504
00001435.jpg,440,288,771,623,1364,502
00001436.jpg,439,287,770,622,1364,502
00001437.jpg,439,286,770,621,1366,502
00001438.jpg,438,286,769,621,1369,508
00001439.jpg,437,285,768,620,1369,508
00001440.jpg,436,284,767,619,1372,508
00001441.jpg,435,283,766,618,1374,508
00001442.jpg,434,281,765,616,1378,508
00001443.jpg,432,279,763,614,1378,508
00001444.jpg,432,279,763,614,1384,508
00001445.jpg,427,274,758,609,1385,504
00001446.jpg,423,269,754,604,865,974
00001447.jpg,416,262,747,597,858,974
00001448.jpg,409,260,740,595,777,970
00001449.jpg,409,260,740,595,773,969
00001450.jpg,394,253,725,588,773,969
00001451.jpg,387,258,718,593,685,714
00001452.jpg,385,259,716,594,633,645
00001453.jpg,395,258,726,593,1044,718
00001454.jpg,395,258,726,593,1042,717
00001455.jpg,390,254,721,589,1382,506
00001456.jpg,384,252,715,587,1382,506
00001457.jpg,382,251,713,586,1382,506
00001458.jpg,382,253,713,588,1382,506
00001459.jpg,382,253,713,588,1380,506
00001460.jpg,381,253,712,588,1373,505
00001461.jpg,381,256,712,591,1368,504
00001462.jpg,382,258,713,593,1368,504
00001463.jpg,385,259,716,594,1366,502
00001464.jpg,385,259,716,594,1366,502
00001465.jpg,388,259,719,594,1365,500
00001466.jpg,387,257,718,592,1365,500
00001467.jpg,389,255,720,590,1360,494
00001468.jpg,388,258,719,593,1356,492
00001469.jpg,388,258,719,593,1352,492
