00025249.jpg,561,0,743,160,299,61
00025250.jpg,561,0,746,160,294,64
00025251.jpg,561,0,746,160,294,64
00025252.jpg,561,0,746,160,294,65
00025253.jpg,561,0,746,160,290,65
00025254.jpg,563,0,748,160,285,66
00025255.jpg,564,0,749,160,285,65
00025256.jpg,564,0,749,160,285,63
00025257.jpg,565,0,750,160,285,63
00025258.jpg,566,0,751,160,285,63
00025259.jpg,567,0,752,160,285,60
00025260.jpg,567,0,752,160,284,61
00025261.jpg,567,0,752,160,284,61
00025262.jpg,568,0,753,160,284,56
00025263.jpg,568,0,753,160,284,58
00025264.jpg,568,1,753,161,284,58
00025265.jpg,566,5,751,165,284,58
00025266.jpg,565,9,750,169,284,58
00025267.jpg,565,12,750,172,284,58
00025268.jpg,588,1,757,157,284,58
00025269.jpg,588,1,757,157,596,151
00025270.jpg,589,1,758,157,595,149
00025271.jpg,590,1,759,157,590,151
00025272.jpg,592,0,761,156,586,148
00025273.jpg,594,0,763,156,577,145
00025274.jpg,597,0,766,156,570,146
00025275.jpg,599,0,768,156,562,146
00025276.jpg,601,0,770,156,560,146
00025277.jpg,612,1,781,157,550,148
00025278.jpg,615,0,784,156,547,148
00025279.jpg,610,0,779,156,547,148
00025280.jpg,611,0,780,156,547,148
00025281.jpg,613,0,782,156,545,150
00025282.jpg,614,0,783,156,545,150
00025283.jpg,614,0,792,154,545,153
00025284.jpg,616,0,792,156,541,156
00025285.jpg,615,0,795,158,537,163
00025286.jpg,616,0,796,157,536,166
00025287.jpg,616,0,795,156,535,169
00025288.jpg,617,0,795,155,530,171
00025289.jpg,619,0,794,155,530,174
00025290.jpg,619,0,794,155,530,174
00025291.jpg,620,0,793,155,530,174
00025292.jpg,620,0,793,156,530,174
00025293.jpg,620,0,792,156,530,174
00025294.jpg,620,0,792,157,530,174
00025295.jpg,619,0,793,158,527,176
00025296.jpg,618,0,794,158,532,179
00025297.jpg,617,0,790,157,526,189
00025298.jpg,615,0,790,158,525,188
00025299.jpg,611,0,788,157,525,200
00025300.jpg,610,0,787,156,525,200
00025301.jpg,601,6,770,162,525,210
00025302.jpg,598,5,767,161,520,220
00025303.jpg,596,4,765,160,517,225
00025304.jpg,588,3,757,159,824,488
00025305.jpg,583,4,752,160,825,488
00025306.jpg,578,5,747,161,825,488
00025307.jpg,575,6,744,162,825,488
00025308.jpg,571,8,740,164,825,488
00025309.jpg,545,3,731,194,825,488
00025310.jpg,545,3,731,194,825,488
00025311.jpg,543,5,729,196,825,488
00025312.jpg,540,7,726,198,825,490
00025313.jpg,539,8,725,199,824,499
00025314.jpg,538,11,724,202,824,499
00025315.jpg,540,12,726,203,824,499
00025316.jpg,542,12,728,203,824,499
00025317.jpg,545,13,731,204,824,499
00025318.jpg,548,14,734,205,824,499
00025319.jpg,559,18,745,209,-1,-1
00025320.jpg,565,19,751,210,-1,-1
00025321.jpg,573,22,759,213,-1,-1
00025322.jpg,580,23,766,214,-1,-1
00025323.jpg,588,26,774,217,-1,-1
00025324.jpg,606,33,792,224,-1,-1
00025325.jpg,614,36,800,227,-1,-1
00025326.jpg,622,39,808,230,-1,-1
00025327.jpg,630,33,807,222,-1,-1
00025328.jpg,636,36,813,225,-1,-1
00025329.jpg,653,54,827,260,-1,-1
00025330.jpg,653,54,827,260,-1,-1
00025331.jpg,655,57,829,263,-1,-1
00025332.jpg,657,58,831,264,-1,-1
00025333.jpg,658,61,832,267,-1,-1
00025334.jpg,659,63,833,269,-1,-1
00025335.jpg,659,67,833,273,-1,-1
00025336.jpg,659,68,833,274,-1,-1
00025337.jpg,659,68,833,274,-1,-1
00025338.jpg,660,76,817,284,775,675
00025339.jpg,660,76,817,284,775,675
00025340.jpg,657,80,814,288,767,671
00025341.jpg,655,82,812,290,767,671
00025342.jpg,652,84,809,292,767,674
00025343.jpg,650,86,807,294,772,679
00025344.jpg,647,89,804,297,772,679
00025345.jpg,645,91,802,299,772,679
00025346.jpg,643,91,800,299,772,679
00025347.jpg,641,92,798,300,772,679
00025348.jpg,638,94,795,302,772,679
00025349.jpg,636,95,793,303,776,673
00025350.jpg,629,100,786,308,781,656
00025351.jpg,627,101,784,309,781,651
00025352.jpg,625,103,782,311,782,646
00025353.jpg,622,104,779,312,782,645
00025354.jpg,620,105,777,313,782,645
00025355.jpg,616,107,773,315,782,645
00025356.jpg,614,108,771,316,782,645
00025357.jpg,612,109,769,317,782,645
00025358.jpg,612,109,769,317,784,645
00025359.jpg,611,109,768,317,787,645
00025360.jpg,613,106,770,314,790,641
00025361.jpg,613,104,770,312,794,634
00025362.jpg,613,101,770,309,794,633
00025363.jpg,612,99,769,307,794,633
00025364.jpg,611,99,768,307,794,633
00025365.jpg,610,100,767,308,800,628
00025366.jpg,609,103,766,311,799,505
00025367.jpg,610,105,767,313,816,495
00025368.jpg,611,106,768,314,816,493
00025369.jpg,611,107,768,315,817,489
00025370.jpg,613,108,770,316,822,483
00025371.jpg,614,109,771,317,826,480
00025372.jpg,616,109,773,317,834,475
00025373.jpg,620,108,777,316,840,473
00025374.jpg,622,108,779,316,845,473
00025375.jpg,624,107,781,315,849,469
00025376.jpg,614,110,787,308,860,469
00025377.jpg,614,110,787,308,861,469
00025378.jpg,615,109,788,307,869,469
00025379.jpg,615,108,788,306,869,469
00025380.jpg,616,107,789,305,869,469
00025381.jpg,617,107,790,305,869,469
00025382.jpg,617,108,790,306,869,469
00025383.jpg,617,109,790,307,869,469
00025384.jpg,616,110,789,308,869,469
00025385.jpg,615,111,788,309,869,469
00025386.jpg,614,111,787,309,869,469
00025387.jpg,613,111,786,309,869,469
00025388.jpg,613,111,786,309,869,469
00025389.jpg,612,111,785,309,867,468
00025390.jpg,611,111,784,309,867,468
00025391.jpg,611,111,784,309,867,468
00025392.jpg,610,111,783,309,867,468
00025393.jpg,610,111,783,309,867,468
00025394.jpg,609,111,782,309,867,468
00025395.jpg,609,112,782,310,867,468
00025396.jpg,608,112,781,310,867,468
00025397.jpg,608,112,781,310,867,468
00025398.jpg,609,113,782,311,867,468
00025399.jpg,608,112,781,310,867,468
00025400.jpg,606,110,779,308,866,468
00025401.jpg,606,110,779,308,862,468
00025402.jpg,605,110,778,308,860,468
00025403.jpg,605,110,778,308,860,468
00025404.jpg,604,109,777,307,860,468
00025405.jpg,603,109,776,307,860,468
00025406.jpg,603,109,776,307,860,468
00025407.jpg,603,109,776,307,860,468
00025408.jpg,602,109,775,307,860,468
00025409.jpg,602,109,775,307,850,468
00025410.jpg,602,109,775,307,850,468
00025411.jpg,602,109,775,307,861,468
00025412.jpg,602,109,775,307,861,468
00025413.jpg,601,109,774,307,861,468
00025414.jpg,601,109,774,307,861,468
00025415.jpg,601,110,774,308,861,468
00025416.jpg,601,112,774,310,861,468
00025417.jpg,601,113,774,311,861,468
00025418.jpg,601,114,774,312,861,468
00025419.jpg,602,114,775,312,864,461
00025420.jpg,609,114,782,312,864,461
00025421.jpg,613,114,786,312,864,461
00025422.jpg,603,118,790,342,864,461
00025423.jpg,603,118,790,342,864,461
00025424.jpg,604,119,791,343,864,461
00025425.jpg,604,119,791,343,864,461
00025426.jpg,605,119,792,343,864,461
00025427.jpg,605,119,792,343,864,461
00025428.jpg,604,119,791,343,864,461
00025429.jpg,604,118,791,342,864,461
00025430.jpg,604,117,791,341,864,461
00025431.jpg,604,118,791,342,861,463
00025432.jpg,603,119,790,343,861,463
00025433.jpg,603,120,790,344,859,466
00025434.jpg,603,119,790,343,859,466
00025435.jpg,601,117,788,341,859,466
00025436.jpg,601,116,788,340,859,466
00025437.jpg,600,116,787,340,859,466
00025438.jpg,599,116,786,340,859,466
00025439.jpg,598,116,785,340,859,466
00025440.jpg,597,115,784,339,845,475
00025441.jpg,596,114,783,338,844,479
00025442.jpg,590,106,784,323,-1,-1
00025443.jpg,590,106,784,323,-1,-1
00025444.jpg,589,105,783,322,-1,-1
00025445.jpg,588,103,782,320,-1,-1
00025446.jpg,588,102,782,319,-1,-1
00025447.jpg,588,101,782,318,-1,-1
00025448.jpg,580,88,790,305,-1,-1
00025449.jpg,580,88,790,305,-1,-1
00025450.jpg,579,83,789,300,401,111
00025451.jpg,574,71,789,299,401,111
00025452.jpg,574,71,789,299,402,114
00025453.jpg,574,68,789,296,402,114
00025454.jpg,573,54,786,274,402,114
00025455.jpg,573,54,786,274,402,114
00025456.jpg,575,50,788,270,402,114
00025457.jpg,577,46,790,266,402,114
00025458.jpg,585,33,794,255,402,114
00025459.jpg,585,33,794,255,402,114
00025460.jpg,590,25,799,247,402,114
00025461.jpg,592,20,801,242,396,109
00025462.jpg,594,15,803,237,394,105
00025463.jpg,596,9,805,231,394,105
00025464.jpg,598,5,807,227,391,104
00025465.jpg,603,0,812,222,389,103
00025466.jpg,605,0,814,222,362,83
00025467.jpg,607,0,816,222,361,83
00025468.jpg,634,5,823,196,360,74
00025469.jpg,634,5,823,196,359,74
00025470.jpg,637,0,826,191,350,75
00025471.jpg,636,0,825,191,342,65
00025472.jpg,636,0,825,191,342,65
00025473.jpg,636,0,825,191,341,61
00025474.jpg,635,0,824,191,341,59
00025475.jpg,630,0,819,191,341,59
00025476.jpg,615,2,817,156,341,59
00025477.jpg,615,2,817,156,341,59
00025478.jpg,611,1,813,155,346,54
00025479.jpg,607,0,809,154,346,54
00025480.jpg,598,0,800,154,350,54
00025481.jpg,594,0,796,154,365,56
00025482.jpg,589,0,791,154,371,59
00025483.jpg,584,0,786,154,381,74
00025484.jpg,580,0,782,154,381,74
00025485.jpg,570,0,772,154,390,86
00025486.jpg,565,0,767,154,406,91
00025487.jpg,560,0,762,154,410,94
00025488.jpg,555,0,757,154,412,91
00025489.jpg,549,0,751,154,415,90
00025490.jpg,541,0,743,154,415,90
00025491.jpg,538,0,740,154,416,91
00025492.jpg,536,0,738,154,416,94
00025493.jpg,535,0,737,154,416,94
00025494.jpg,535,0,737,154,416,94
00025495.jpg,536,0,738,154,416,98
00025496.jpg,538,0,740,154,415,103
00025497.jpg,541,0,743,154,414,105
00025498.jpg,543,0,745,154,414,105
00025499.jpg,546,0,748,154,412,105
00025500.jpg,550,0,752,154,410,105
00025501.jpg,565,0,767,154,407,105
00025502.jpg,569,0,771,154,401,115
00025503.jpg,574,0,776,154,401,115
00025504.jpg,585,2,764,161,419,141
00025505.jpg,585,2,764,161,426,536
00025506.jpg,588,0,767,159,412,546
00025507.jpg,590,0,769,159,414,563
00025508.jpg,592,0,771,159,429,580
00025509.jpg,593,0,772,159,436,584
00025510.jpg,598,0,777,159,452,606
00025511.jpg,600,0,779,159,461,620
00025512.jpg,602,0,781,159,459,614
00025513.jpg,603,0,782,159,459,614
00025514.jpg,603,0,782,159,460,630
00025515.jpg,604,0,783,159,462,639
00025516.jpg,604,2,783,161,466,648
00025517.jpg,603,4,782,163,466,656
00025518.jpg,600,5,779,164,469,659
00025519.jpg,597,5,776,164,469,663
00025520.jpg,593,4,772,163,469,666
00025521.jpg,592,3,771,162,470,664
00025522.jpg,592,2,771,161,470,664
00025523.jpg,598,1,777,183,470,664
00025524.jpg,598,1,777,183,469,665
00025525.jpg,595,2,774,184,469,669
00025526.jpg,593,3,772,185,469,673
00025527.jpg,591,3,770,185,469,673
00025528.jpg,590,4,769,186,469,673
00025529.jpg,588,5,767,187,469,673
00025530.jpg,586,6,765,188,469,673
00025531.jpg,585,7,764,189,469,675
00025532.jpg,584,7,763,189,461,673
00025533.jpg,583,8,762,190,461,673
00025534.jpg,582,7,761,189,461,673
00025535.jpg,580,7,759,189,461,674
00025536.jpg,579,6,758,188,462,674
00025537.jpg,578,6,757,188,466,673
00025538.jpg,578,5,757,187,470,680
00025539.jpg,577,5,756,187,462,674
00025540.jpg,577,5,756,187,452,643
00025541.jpg,576,5,755,187,445,633
00025542.jpg,576,5,755,187,441,606
00025543.jpg,576,5,755,187,442,601
00025544.jpg,576,4,755,186,447,591
00025545.jpg,575,4,754,186,447,570
00025546.jpg,575,3,754,185,414,118
00025547.jpg,576,2,755,184,406,109
00025548.jpg,576,2,755,184,406,103
00025549.jpg,576,2,755,184,406,103
00025550.jpg,575,3,754,185,401,96
00025551.jpg,575,4,754,186,401,96
00025552.jpg,575,5,754,187,401,91
00025553.jpg,575,6,754,188,399,83
00025554.jpg,575,8,754,190,399,83
00025555.jpg,576,7,755,189,399,83
00025556.jpg,568,2,758,146,399,83
00025557.jpg,568,2,758,146,399,83
00025558.jpg,568,2,758,146,395,79
00025559.jpg,567,2,757,146,394,78
00025560.jpg,566,1,756,145,392,71
00025561.jpg,566,2,756,146,392,71
00025562.jpg,566,2,756,146,392,71
00025563.jpg,566,2,756,146,392,70
00025564.jpg,566,2,756,146,392,69
00025565.jpg,566,3,756,147,392,66
00025566.jpg,566,3,756,147,392,66
00025567.jpg,565,2,755,146,392,66
00025568.jpg,566,3,756,147,392,66
00025569.jpg,567,3,757,147,392,66
00025570.jpg,567,3,757,147,392,66
00025571.jpg,568,3,758,147,392,66
00025572.jpg,568,3,758,147,392,66
00025573.jpg,569,3,759,147,392,66
00025574.jpg,570,3,760,147,392,66
00025575.jpg,571,4,761,148,392,66
00025576.jpg,571,4,761,148,392,66
00025577.jpg,572,4,762,148,392,66
00025578.jpg,573,4,763,148,390,66
00025579.jpg,574,5,764,149,390,66
00025580.jpg,576,5,766,149,390,66
00025581.jpg,576,5,766,149,390,66
00025582.jpg,577,5,767,149,390,66
00025583.jpg,577,4,767,148,390,66
00025584.jpg,578,4,768,148,361,68
00025585.jpg,578,3,768,147,361,68
00025586.jpg,578,3,768,147,361,68
00025587.jpg,578,4,768,148,361,68
00025588.jpg,579,4,769,148,361,68
00025589.jpg,579,4,769,148,359,69
00025590.jpg,579,4,769,148,359,69
00025591.jpg,579,4,769,148,356,71
00025592.jpg,579,4,769,148,356,71
00025593.jpg,579,4,769,148,355,71
00025594.jpg,579,5,769,149,352,75
00025595.jpg,579,5,769,149,352,75
00025596.jpg,579,6,769,150,340,76
00025597.jpg,579,6,769,150,340,76
00025598.jpg,579,6,769,150,340,76
00025599.jpg,579,6,769,150,337,76
00025600.jpg,579,6,769,150,337,76
00025601.jpg,579,6,769,150,332,79
00025602.jpg,578,6,768,150,332,79
00025603.jpg,578,6,768,150,332,79
00025604.jpg,578,6,768,150,332,79
00025605.jpg,578,6,768,150,332,79
00025606.jpg,578,6,768,150,332,79
00025607.jpg,578,6,768,150,332,79
00025608.jpg,579,6,769,150,316,76
00025609.jpg,579,6,769,150,312,76
00025610.jpg,579,5,769,149,305,83
00025611.jpg,579,5,769,149,305,83
00025612.jpg,579,5,769,149,305,83
00025613.jpg,579,4,769,148,305,83
00025614.jpg,579,4,769,148,305,83
00025615.jpg,579,4,769,148,305,83
00025616.jpg,579,5,769,149,305,83
00025617.jpg,579,5,769,149,305,83
00025618.jpg,579,6,769,150,312,83
00025619.jpg,579,6,769,150,320,81
00025620.jpg,579,6,769,150,320,78
00025621.jpg,578,6,768,150,322,63
00025622.jpg,578,6,768,150,329,60
00025623.jpg,578,5,768,149,340,58
00025624.jpg,578,4,768,148,342,59
00025625.jpg,578,4,768,148,354,61
