00025249.jpg,765,389,967,594,-1,-1
00025250.jpg,766,389,968,594,-1,-1
00025251.jpg,766,389,969,594,-1,-1
00025252.jpg,767,388,970,593,-1,-1
00025253.jpg,767,387,970,594,-1,-1
00025254.jpg,769,385,971,595,-1,-1
00025255.jpg,769,385,971,595,-1,-1
00025256.jpg,769,385,972,595,-1,-1
00025257.jpg,769,385,971,594,-1,-1
00025258.jpg,767,384,972,595,-1,-1
00025259.jpg,768,385,973,596,-1,-1
00025260.jpg,768,386,972,595,-1,-1
00025261.jpg,769,387,971,594,-1,-1
00025262.jpg,769,387,970,592,-1,-1
00025263.jpg,768,386,972,593,-1,-1
00025264.jpg,768,386,973,592,-1,-1
00025265.jpg,766,386,972,593,-1,-1
00025266.jpg,765,385,972,593,-1,-1
00025267.jpg,763,383,973,594,-1,-1
00025268.jpg,763,383,974,595,-1,-1
00025269.jpg,762,382,973,595,-1,-1
00025270.jpg,762,382,974,595,-1,-1
00025271.jpg,762,382,973,594,-1,-1
00025272.jpg,763,383,973,593,-1,-1
00025273.jpg,763,382,972,593,-1,-1
00025274.jpg,762,381,971,593,-1,-1
00025275.jpg,763,382,972,593,-1,-1
00025276.jpg,765,383,972,592,-1,-1
00025277.jpg,766,384,970,592,-1,-1
00025278.jpg,766,385,969,591,-1,-1
00025279.jpg,765,383,971,593,-1,-1
00025280.jpg,766,381,971,593,-1,-1
00025281.jpg,764,379,971,595,-1,-1
00025282.jpg,764,379,972,595,-1,-1
00025283.jpg,763,380,971,595,-1,-1
00025284.jpg,761,376,974,596,-1,-1
00025285.jpg,759,374,974,597,-1,-1
00025286.jpg,757,373,975,598,-1,-1
00025287.jpg,759,373,975,598,-1,-1
00025288.jpg,758,374,975,599,-1,-1
00025289.jpg,760,374,974,597,-1,-1
00025290.jpg,759,375,974,597,-1,-1
00025291.jpg,758,375,974,597,-1,-1
00025292.jpg,758,374,974,597,-1,-1
00025293.jpg,756,375,973,597,-1,-1
00025294.jpg,754,374,973,596,-1,-1
00025295.jpg,753,374,974,594,-1,-1
00025296.jpg,750,373,974,595,-1,-1
00025297.jpg,748,369,973,596,-1,-1
00025298.jpg,748,368,973,596,-1,-1
00025299.jpg,748,370,969,594,-1,-1
00025300.jpg,748,369,968,593,-1,-1
00025301.jpg,749,368,966,591,-1,-1
00025302.jpg,747,367,967,593,-1,-1
00025303.jpg,749,369,968,590,510,244
00025304.jpg,749,369,968,590,510,244
00025305.jpg,749,369,968,590,507,250
00025306.jpg,749,369,968,590,507,251
00025307.jpg,749,368,968,589,505,254
00025308.jpg,749,368,968,589,499,263
00025309.jpg,749,369,968,590,495,265
00025310.jpg,748,369,967,590,495,265
00025311.jpg,749,369,968,590,492,266
00025312.jpg,749,369,968,590,461,254
00025313.jpg,749,369,968,590,459,256
00025314.jpg,750,369,969,590,-1,-1
00025315.jpg,770,403,958,601,-1,-1
00025316.jpg,770,403,958,601,-1,-1
00025317.jpg,770,403,958,601,-1,-1
00025318.jpg,770,404,958,602,-1,-1
00025319.jpg,770,404,958,602,-1,-1
00025320.jpg,769,405,957,603,-1,-1
00025321.jpg,769,405,957,603,-1,-1
00025322.jpg,768,406,956,604,-1,-1
00025323.jpg,768,406,956,604,-1,-1
00025324.jpg,766,407,954,605,-1,-1
00025325.jpg,764,407,952,605,-1,-1
00025326.jpg,763,408,951,606,-1,-1
00025327.jpg,761,408,949,606,-1,-1
00025328.jpg,760,409,948,607,-1,-1
00025329.jpg,756,409,944,607,-1,-1
00025330.jpg,754,410,942,608,-1,-1
00025331.jpg,752,410,940,608,-1,-1
00025332.jpg,750,410,938,608,-1,-1
00025333.jpg,748,410,936,608,-1,-1
00025334.jpg,746,410,934,608,-1,-1
00025335.jpg,743,410,931,608,-1,-1
00025336.jpg,742,409,930,607,-1,-1
00025337.jpg,741,410,929,608,-1,-1
00025338.jpg,740,410,928,608,-1,-1
00025339.jpg,739,410,927,608,-1,-1
00025340.jpg,738,409,926,607,-1,-1
00025341.jpg,737,409,925,607,-1,-1
00025342.jpg,737,409,925,607,-1,-1
00025343.jpg,737,408,925,606,-1,-1
00025344.jpg,736,408,924,606,-1,-1
00025345.jpg,735,407,923,605,-1,-1
00025346.jpg,735,406,923,604,-1,-1
00025347.jpg,735,405,923,603,-1,-1
00025348.jpg,735,405,923,603,-1,-1
00025349.jpg,735,405,923,603,-1,-1
00025350.jpg,717,393,927,606,-1,-1
00025351.jpg,717,393,927,606,-1,-1
00025352.jpg,717,393,927,606,-1,-1
00025353.jpg,718,393,928,606,-1,-1
00025354.jpg,719,393,929,606,-1,-1
00025355.jpg,720,393,930,606,-1,-1
00025356.jpg,721,392,931,605,-1,-1
00025357.jpg,722,392,932,605,-1,-1
00025358.jpg,723,392,933,605,-1,-1
00025359.jpg,723,392,933,605,-1,-1
00025360.jpg,726,392,936,605,-1,-1
00025361.jpg,727,392,937,605,-1,-1
00025362.jpg,728,392,938,605,-1,-1
00025363.jpg,729,392,939,605,-1,-1
00025364.jpg,731,392,941,605,-1,-1
00025365.jpg,734,392,944,605,-1,-1
00025366.jpg,736,392,946,605,-1,-1
00025367.jpg,762,388,946,585,-1,-1
00025368.jpg,762,388,946,585,-1,-1
00025369.jpg,764,387,948,584,-1,-1
00025370.jpg,769,387,953,584,702,241
00025371.jpg,772,386,956,583,702,241
00025372.jpg,775,386,959,583,702,241
00025373.jpg,777,386,961,583,702,241
00025374.jpg,780,385,964,582,711,240
00025375.jpg,784,384,968,581,711,240
00025376.jpg,786,384,970,581,720,240
00025377.jpg,787,384,971,581,720,240
00025378.jpg,788,384,972,581,720,240
00025379.jpg,788,384,972,581,722,239
00025380.jpg,789,383,973,580,727,225
00025381.jpg,788,383,972,580,727,225
00025382.jpg,789,382,973,579,727,225
00025383.jpg,789,382,973,579,730,230
00025384.jpg,789,382,973,579,730,241
00025385.jpg,790,382,974,579,730,251
00025386.jpg,790,382,974,579,730,251
00025387.jpg,790,382,974,579,730,251
00025388.jpg,790,382,974,579,730,256
00025389.jpg,789,382,973,579,730,258
00025390.jpg,788,383,972,580,730,263
00025391.jpg,788,383,972,580,727,271
00025392.jpg,788,383,972,580,727,271
00025393.jpg,788,383,972,580,727,271
00025394.jpg,789,383,973,580,727,271
00025395.jpg,790,383,974,580,725,268
00025396.jpg,790,383,974,580,720,259
00025397.jpg,791,383,975,580,720,259
00025398.jpg,791,383,975,580,720,259
00025399.jpg,791,383,975,580,720,249
00025400.jpg,791,383,975,580,720,249
00025401.jpg,791,383,975,580,719,234
00025402.jpg,791,383,975,580,719,234
00025403.jpg,791,383,975,580,719,231
00025404.jpg,791,383,975,580,716,228
00025405.jpg,790,384,974,581,716,228
00025406.jpg,790,384,974,581,716,228
00025407.jpg,790,384,974,581,716,228
00025408.jpg,790,384,974,581,716,226
00025409.jpg,790,384,974,581,716,226
00025410.jpg,789,384,973,581,716,226
00025411.jpg,789,384,973,581,716,226
00025412.jpg,789,384,973,581,716,228
00025413.jpg,789,384,973,581,716,231
00025414.jpg,789,384,973,581,716,233
00025415.jpg,789,383,973,580,716,234
00025416.jpg,789,382,973,579,714,246
00025417.jpg,788,382,972,579,714,246
00025418.jpg,788,381,972,578,714,246
00025419.jpg,788,381,972,578,714,246
00025420.jpg,789,381,973,578,714,246
00025421.jpg,789,381,973,578,720,241
00025422.jpg,788,381,972,578,720,246
00025423.jpg,788,382,972,579,721,254
00025424.jpg,788,382,972,579,722,259
00025425.jpg,790,382,974,579,725,270
00025426.jpg,791,383,975,580,-1,-1
00025427.jpg,792,383,976,580,-1,-1
00025428.jpg,792,383,976,580,-1,-1
00025429.jpg,792,384,976,581,-1,-1
00025430.jpg,792,384,976,581,-1,-1
00025431.jpg,792,385,976,582,-1,-1
00025432.jpg,793,385,977,582,-1,-1
00025433.jpg,793,385,977,582,-1,-1
00025434.jpg,793,386,977,583,-1,-1
00025435.jpg,792,386,976,583,-1,-1
00025436.jpg,791,386,975,583,-1,-1
00025437.jpg,790,386,974,583,-1,-1
00025438.jpg,790,386,974,583,-1,-1
00025439.jpg,788,387,972,584,-1,-1
00025440.jpg,786,387,970,584,-1,-1
00025441.jpg,786,387,970,584,-1,-1
00025442.jpg,784,388,968,585,-1,-1
00025443.jpg,784,388,968,585,-1,-1
00025444.jpg,784,388,968,585,-1,-1
00025445.jpg,783,388,967,585,-1,-1
00025446.jpg,783,389,967,586,-1,-1
00025447.jpg,783,389,967,586,-1,-1
00025448.jpg,783,389,967,586,-1,-1
00025449.jpg,784,389,968,586,-1,-1
00025450.jpg,784,390,968,587,-1,-1
00025451.jpg,784,390,968,587,-1,-1
00025452.jpg,784,390,968,587,-1,-1
00025453.jpg,785,389,969,586,-1,-1
00025454.jpg,785,389,969,586,-1,-1
00025455.jpg,785,389,969,586,-1,-1
00025456.jpg,785,389,969,586,-1,-1
00025457.jpg,785,389,969,586,-1,-1
00025458.jpg,785,389,969,586,-1,-1
00025459.jpg,785,389,969,586,-1,-1
00025460.jpg,786,388,970,585,-1,-1
00025461.jpg,785,388,969,585,-1,-1
00025462.jpg,785,388,969,585,-1,-1
00025463.jpg,785,388,969,585,-1,-1
00025464.jpg,785,388,969,585,-1,-1
00025465.jpg,785,388,969,585,-1,-1
00025466.jpg,784,388,968,585,-1,-1
00025467.jpg,783,389,967,586,-1,-1
00025468.jpg,783,389,967,586,-1,-1
00025469.jpg,782,389,966,586,-1,-1
00025470.jpg,782,389,966,586,-1,-1
00025471.jpg,782,389,966,586,-1,-1
00025472.jpg,783,389,967,586,-1,-1
00025473.jpg,783,389,967,586,-1,-1
00025474.jpg,783,389,967,586,-1,-1
00025475.jpg,781,390,965,587,-1,-1
00025476.jpg,781,390,965,587,-1,-1
00025477.jpg,781,390,965,587,-1,-1
00025478.jpg,781,390,965,587,-1,-1
00025479.jpg,780,391,964,588,-1,-1
00025480.jpg,780,391,964,588,-1,-1
00025481.jpg,781,391,965,588,-1,-1
00025482.jpg,781,391,965,588,-1,-1
00025483.jpg,781,391,965,588,-1,-1
00025484.jpg,781,391,965,588,-1,-1
00025485.jpg,781,391,965,588,-1,-1
00025486.jpg,782,391,966,588,-1,-1
00025487.jpg,782,391,966,588,-1,-1
00025488.jpg,781,392,965,589,-1,-1
00025489.jpg,781,392,965,589,-1,-1
00025490.jpg,781,392,965,589,-1,-1
00025491.jpg,781,392,965,589,-1,-1
00025492.jpg,781,392,965,589,-1,-1
00025493.jpg,781,392,965,589,-1,-1
00025494.jpg,780,392,964,589,-1,-1
00025495.jpg,780,392,964,589,-1,-1
00025496.jpg,780,392,964,589,-1,-1
00025497.jpg,779,393,963,590,-1,-1
00025498.jpg,779,393,963,590,-1,-1
00025499.jpg,779,393,963,590,-1,-1
00025500.jpg,780,393,964,590,-1,-1
00025501.jpg,780,393,964,590,-1,-1
00025502.jpg,781,393,965,590,-1,-1
00025503.jpg,807,396,978,605,-1,-1
00025504.jpg,807,396,978,605,-1,-1
00025505.jpg,807,396,978,605,-1,-1
00025506.jpg,807,396,978,605,-1,-1
00025507.jpg,807,396,978,605,-1,-1
00025508.jpg,807,396,978,605,-1,-1
00025509.jpg,806,396,977,605,-1,-1
00025510.jpg,806,396,977,605,-1,-1
00025511.jpg,806,396,977,605,-1,-1
00025512.jpg,806,395,977,604,-1,-1
00025513.jpg,805,395,976,604,-1,-1
00025514.jpg,805,395,976,604,-1,-1
00025515.jpg,803,395,974,604,-1,-1
00025516.jpg,802,395,973,604,-1,-1
00025517.jpg,801,395,972,604,-1,-1
00025518.jpg,800,395,971,604,-1,-1
00025519.jpg,799,394,970,603,-1,-1
00025520.jpg,798,394,969,603,-1,-1
00025521.jpg,798,394,969,603,-1,-1
00025522.jpg,797,394,968,603,-1,-1
00025523.jpg,796,394,967,603,-1,-1
00025524.jpg,796,394,967,603,-1,-1
00025525.jpg,795,393,966,602,-1,-1
00025526.jpg,794,393,965,602,-1,-1
00025527.jpg,794,393,965,602,-1,-1
00025528.jpg,794,393,965,602,-1,-1
00025529.jpg,794,394,965,603,-1,-1
00025530.jpg,793,394,964,603,-1,-1
00025531.jpg,793,394,964,603,-1,-1
00025532.jpg,793,395,964,604,-1,-1
00025533.jpg,793,395,964,604,-1,-1
00025534.jpg,793,395,964,604,-1,-1
00025535.jpg,793,395,964,604,-1,-1
00025536.jpg,793,395,964,604,-1,-1
00025537.jpg,793,395,964,604,-1,-1
00025538.jpg,793,395,964,604,-1,-1
00025539.jpg,793,395,964,604,-1,-1
00025540.jpg,793,396,964,605,-1,-1
00025541.jpg,793,396,964,605,-1,-1
00025542.jpg,793,396,964,605,-1,-1
00025543.jpg,793,396,964,605,-1,-1
00025544.jpg,793,396,964,605,-1,-1
00025545.jpg,793,396,964,605,-1,-1
00025546.jpg,793,396,964,605,-1,-1
00025547.jpg,793,396,964,605,-1,-1
00025548.jpg,793,396,964,605,-1,-1
00025549.jpg,793,396,964,605,-1,-1
00025550.jpg,793,397,964,606,-1,-1
00025551.jpg,794,396,965,605,-1,-1
00025552.jpg,794,396,965,605,-1,-1
00025553.jpg,794,396,965,605,-1,-1
00025554.jpg,775,395,951,603,-1,-1
00025555.jpg,775,395,951,603,-1,-1
00025556.jpg,775,395,951,603,-1,-1
00025557.jpg,775,395,951,603,-1,-1
00025558.jpg,774,395,950,603,-1,-1
00025559.jpg,774,395,950,603,-1,-1
00025560.jpg,774,395,950,603,-1,-1
00025561.jpg,773,395,949,603,-1,-1
00025562.jpg,773,395,949,603,-1,-1
00025563.jpg,773,395,949,603,-1,-1
00025564.jpg,773,395,949,603,-1,-1
00025565.jpg,773,395,949,603,-1,-1
00025566.jpg,773,395,949,603,-1,-1
00025567.jpg,772,395,948,603,-1,-1
00025568.jpg,772,395,948,603,-1,-1
00025569.jpg,772,395,948,603,-1,-1
00025570.jpg,772,394,948,602,-1,-1
00025571.jpg,772,394,948,602,-1,-1
00025572.jpg,772,394,948,602,-1,-1
00025573.jpg,772,394,948,602,-1,-1
00025574.jpg,772,394,948,602,-1,-1
00025575.jpg,773,394,949,602,-1,-1
00025576.jpg,773,394,949,602,-1,-1
00025577.jpg,773,394,949,602,-1,-1
00025578.jpg,774,394,950,602,-1,-1
00025579.jpg,775,394,951,602,-1,-1
00025580.jpg,776,394,952,602,-1,-1
00025581.jpg,777,394,953,602,-1,-1
00025582.jpg,777,394,953,602,-1,-1
00025583.jpg,777,395,953,603,-1,-1
00025584.jpg,777,394,953,602,-1,-1
00025585.jpg,778,394,954,602,-1,-1
00025586.jpg,778,394,954,602,-1,-1
00025587.jpg,778,394,954,602,-1,-1
00025588.jpg,778,394,954,602,-1,-1
00025589.jpg,778,394,954,602,-1,-1
00025590.jpg,778,394,954,602,-1,-1
00025591.jpg,778,394,954,602,-1,-1
00025592.jpg,778,394,954,602,-1,-1
00025593.jpg,778,394,954,602,-1,-1
00025594.jpg,778,394,954,602,-1,-1
00025595.jpg,779,394,955,602,-1,-1
00025596.jpg,779,394,955,602,-1,-1
00025597.jpg,779,394,955,602,-1,-1
00025598.jpg,778,393,954,580,-1,-1
00025599.jpg,765,389,953,586,-1,-1
00025600.jpg,765,389,953,586,-1,-1
00025601.jpg,765,389,953,586,-1,-1
00025602.jpg,765,388,953,585,-1,-1
00025603.jpg,765,388,953,585,-1,-1
00025604.jpg,777,402,963,586,-1,-1
00025605.jpg,777,402,963,586,397,279
00025606.jpg,777,402,963,586,397,279
00025607.jpg,777,401,963,585,316,85
00025608.jpg,769,393,969,588,316,85
00025609.jpg,769,393,969,588,316,85
00025610.jpg,769,393,969,588,316,85
00025611.jpg,769,393,969,588,315,88
00025612.jpg,769,393,969,588,314,86
00025613.jpg,770,392,970,587,312,86
00025614.jpg,770,392,970,587,312,86
00025615.jpg,770,392,970,587,312,86
00025616.jpg,770,392,970,587,311,86
00025617.jpg,770,392,970,587,311,86
00025618.jpg,770,392,970,587,311,86
00025619.jpg,770,392,970,587,311,80
00025620.jpg,770,392,970,587,314,75
00025621.jpg,770,392,970,587,314,75
00025622.jpg,770,392,970,587,314,75
00025623.jpg,770,392,970,587,314,75
00025624.jpg,770,392,970,587,324,73
00025625.jpg,770,392,970,587,352,61
