00010252.jpg,53,0,297,219,-1,-1
00010253.jpg,53,0,297,219,-1,-1
00010254.jpg,53,0,297,219,319,94
00010255.jpg,45,4,289,223,320,99
00010256.jpg,35,7,279,226,320,99
00010257.jpg,27,7,271,229,317,109
00010258.jpg,21,7,265,230,312,118
00010259.jpg,17,7,261,235,312,121
00010260.jpg,17,7,261,240,319,129
00010261.jpg,17,7,261,247,330,133
00010262.jpg,17,7,261,250,341,131
00010263.jpg,16,7,260,254,344,134
00010264.jpg,12,7,256,257,372,146
00010265.jpg,12,7,256,257,395,149
00010266.jpg,4,3,253,268,401,144
00010267.jpg,4,3,247,268,429,143
00010268.jpg,5,1,250,266,456,140
00010269.jpg,19,0,253,265,470,154
00010270.jpg,26,0,260,265,482,161
00010271.jpg,32,0,266,265,789,181
00010272.jpg,41,1,275,266,794,160
00010273.jpg,48,5,282,270,797,148
00010274.jpg,60,10,289,275,797,153
00010275.jpg,62,12,291,277,797,169
00010276.jpg,62,12,291,277,795,199
00010277.jpg,60,13,289,278,796,226
00010278.jpg,59,12,288,277,795,256
00010279.jpg,55,12,284,277,795,281
00010280.jpg,54,12,283,277,802,268
00010281.jpg,53,13,282,278,799,239
00010282.jpg,54,14,283,279,800,201
00010283.jpg,54,14,283,279,795,173
00010284.jpg,57,14,286,284,794,138
00010285.jpg,59,14,288,288,794,139
00010286.jpg,62,14,291,290,792,146
00010287.jpg,65,14,294,293,795,164
00010288.jpg,68,14,297,294,796,185
00010289.jpg,77,14,306,294,804,243
00010290.jpg,84,14,328,294,806,268
00010291.jpg,84,14,328,294,805,281
00010292.jpg,87,14,331,294,806,278
00010293.jpg,91,14,335,294,809,254
00010294.jpg,96,14,340,294,805,186
00010295.jpg,98,10,342,294,807,168
00010296.jpg,100,9,344,293,805,151
00010297.jpg,102,8,346,292,804,146
00010298.jpg,103,7,347,291,804,150
00010299.jpg,106,7,350,291,806,183
00010300.jpg,107,7,351,291,804,219
00010301.jpg,108,6,352,290,801,246
00010302.jpg,109,6,353,290,805,274
00010303.jpg,110,6,354,290,807,284
00010304.jpg,112,6,356,290,806,266
00010305.jpg,111,5,355,289,800,238
00010306.jpg,110,5,354,289,797,208
00010307.jpg,110,5,354,289,792,188
00010308.jpg,109,4,353,288,792,165
00010309.jpg,109,3,353,287,794,160
00010310.jpg,109,3,353,287,792,171
00010311.jpg,109,4,353,288,795,188
00010312.jpg,109,5,353,289,797,219
00010313.jpg,109,5,353,289,794,246
00010314.jpg,110,4,354,288,792,291
00010315.jpg,110,4,354,288,792,291
00010316.jpg,110,5,354,289,786,284
00010317.jpg,111,1,369,295,787,270
00010318.jpg,111,1,369,295,780,250
00010319.jpg,112,3,370,297,779,218
00010320.jpg,112,4,370,298,775,214
00010321.jpg,112,4,370,298,772,209
00010322.jpg,112,4,370,298,772,214
00010323.jpg,112,4,370,298,775,224
00010324.jpg,111,3,369,297,771,251
00010325.jpg,111,3,369,297,767,264
00010326.jpg,111,3,369,297,766,263
00010327.jpg,111,4,369,298,764,254
00010328.jpg,111,4,369,298,757,245
00010329.jpg,111,4,369,298,749,228
00010330.jpg,111,4,369,298,745,225
00010331.jpg,111,4,369,298,741,225
00010332.jpg,111,4,369,298,745,231
00010333.jpg,111,4,369,298,742,236
00010334.jpg,111,4,369,298,742,246
00010335.jpg,111,5,369,299,745,266
00010336.jpg,110,5,368,299,744,269
00010337.jpg,110,5,368,299,739,266
00010338.jpg,110,6,368,300,740,261
00010339.jpg,109,6,367,300,741,251
00010340.jpg,109,6,367,300,741,244
00010341.jpg,109,7,367,301,742,246
00010342.jpg,109,7,367,301,742,248
00010343.jpg,109,6,367,300,742,248
00010344.jpg,109,6,367,300,749,249
00010345.jpg,110,7,368,301,749,251
00010346.jpg,110,7,368,301,755,251
00010347.jpg,110,7,368,301,757,251
00010348.jpg,111,7,369,301,761,249
00010349.jpg,112,8,370,302,761,249
00010350.jpg,112,9,370,303,762,253
00010351.jpg,113,10,371,304,769,256
00010352.jpg,115,10,373,304,772,259
00010353.jpg,117,11,375,305,776,258
00010354.jpg,120,11,378,305,489,168
00010355.jpg,114,14,372,308,499,169
00010356.jpg,117,16,375,310,497,169
00010357.jpg,120,18,378,312,497,169
00010358.jpg,125,20,383,314,497,169
00010359.jpg,134,22,392,316,497,170
00010360.jpg,146,33,404,327,502,171
00010361.jpg,150,37,408,331,509,171
00010362.jpg,154,39,412,333,510,173
00010363.jpg,158,41,416,335,515,171
00010364.jpg,162,41,420,335,522,171
00010365.jpg,169,43,427,337,534,174
00010366.jpg,173,42,431,336,541,174
00010367.jpg,176,42,434,336,551,173
00010368.jpg,179,42,437,336,559,173
00010369.jpg,182,42,440,336,564,175
00010370.jpg,191,44,449,338,577,175
00010371.jpg,186,41,444,335,585,174
00010372.jpg,187,42,445,336,586,176
00010373.jpg,189,42,447,336,594,176
00010374.jpg,190,43,448,337,602,173
00010375.jpg,191,45,449,339,611,176
00010376.jpg,191,46,449,340,609,176
00010377.jpg,192,46,450,340,614,176
00010378.jpg,200,26,484,348,614,176
00010379.jpg,200,26,484,348,614,176
00010380.jpg,203,27,487,349,614,176
00010381.jpg,206,27,490,349,616,178
00010382.jpg,208,27,492,349,617,178
00010383.jpg,209,28,493,350,615,180
00010384.jpg,210,29,494,351,615,180
00010385.jpg,209,31,493,353,615,185
00010386.jpg,210,33,494,355,615,191
00010387.jpg,212,35,496,357,619,194
00010388.jpg,212,38,496,360,615,200
00010389.jpg,199,18,510,363,615,203
00010390.jpg,199,18,510,363,615,210
00010391.jpg,198,21,509,366,615,211
00010392.jpg,197,23,508,368,615,214
00010393.jpg,196,25,507,370,617,215
00010394.jpg,195,27,506,372,616,218
00010395.jpg,191,31,502,376,615,224
00010396.jpg,180,27,518,394,616,224
00010397.jpg,180,27,518,394,619,225
00010398.jpg,178,28,516,395,619,225
00010399.jpg,176,29,514,396,616,228
00010400.jpg,170,32,508,399,622,229
00010401.jpg,167,33,505,400,621,229
00010402.jpg,163,36,501,403,621,228
00010403.jpg,159,39,497,406,624,230
00010404.jpg,156,14,504,423,624,230
00010405.jpg,156,14,504,423,626,229
00010406.jpg,155,15,503,424,626,229
00010407.jpg,153,17,501,426,629,230
00010408.jpg,150,17,498,426,632,230
00010409.jpg,146,17,494,426,627,225
00010410.jpg,138,17,486,426,631,229
00010411.jpg,117,11,507,456,635,229
00010412.jpg,117,11,507,456,635,229
00010413.jpg,113,10,503,455,636,225
00010414.jpg,109,9,499,454,636,225
00010415.jpg,106,5,496,450,636,225
00010416.jpg,98,5,488,450,636,225
00010417.jpg,94,5,484,450,636,225
00010418.jpg,87,5,477,450,636,225
00010419.jpg,77,5,467,450,644,220
00010420.jpg,43,5,433,450,644,220
00010421.jpg,30,5,420,450,644,220
00010422.jpg,20,5,410,450,644,220
00010423.jpg,12,5,402,450,644,220
00010424.jpg,12,5,402,450,644,220
00010425.jpg,11,5,401,450,644,220
00010426.jpg,11,5,401,450,644,220
00010427.jpg,12,5,402,450,644,220
00010428.jpg,15,5,405,450,644,220
00010429.jpg,24,4,414,449,644,220
00010430.jpg,34,0,424,445,644,220
00010431.jpg,37,0,427,445,644,220
00010432.jpg,38,0,428,445,644,220
00010433.jpg,39,0,429,445,651,220
00010434.jpg,40,2,430,447,651,220
00010435.jpg,39,4,453,440,644,220
00010436.jpg,39,4,453,440,639,223
00010437.jpg,39,4,453,440,631,226
00010438.jpg,40,3,454,439,631,226
00010439.jpg,40,3,454,439,629,229
00010440.jpg,38,4,452,440,624,234
00010441.jpg,36,4,450,440,621,234
00010442.jpg,33,5,447,441,615,234
00010443.jpg,31,5,445,441,615,234
00010444.jpg,27,6,441,442,615,234
00010445.jpg,11,0,425,436,615,234
00010446.jpg,11,2,425,438,615,234
00010447.jpg,10,7,424,443,615,234
00010448.jpg,10,9,424,445,615,234
00010449.jpg,10,8,424,446,615,234
00010450.jpg,10,2,424,438,615,234
00010451.jpg,10,4,424,440,615,234
00010452.jpg,10,6,424,442,620,223
00010453.jpg,10,7,424,443,620,228
00010454.jpg,10,6,424,442,620,228
00010455.jpg,9,0,423,436,611,216
00010456.jpg,9,0,423,436,611,216
00010457.jpg,9,0,423,436,609,216
00010458.jpg,9,0,423,436,605,219
00010459.jpg,9,0,423,436,605,219
00010460.jpg,10,4,424,440,599,219
00010461.jpg,10,5,424,441,596,220
00010462.jpg,10,5,424,441,594,220
00010463.jpg,10,4,424,440,594,220
00010464.jpg,10,4,424,440,589,223
00010465.jpg,10,5,424,441,590,223
00010466.jpg,10,5,424,441,590,223
00010467.jpg,10,5,424,441,590,223
00010468.jpg,10,5,424,441,591,228
00010469.jpg,10,5,424,441,591,228
00010470.jpg,11,11,425,447,591,228
00010471.jpg,10,9,424,445,590,229
00010472.jpg,11,11,425,447,590,229
00010473.jpg,11,13,425,449,590,229
00010474.jpg,10,12,424,448,590,229
00010475.jpg,10,11,424,447,590,229
00010476.jpg,11,14,425,450,590,229
00010477.jpg,11,18,425,454,590,229
00010478.jpg,11,19,425,455,590,229
00010479.jpg,11,20,425,456,589,229
00010480.jpg,18,30,432,466,589,229
00010481.jpg,22,32,436,468,589,229
00010482.jpg,19,1,477,495,589,229
00010483.jpg,19,1,477,495,589,229
00010484.jpg,23,2,481,496,589,229
00010485.jpg,29,3,487,497,589,229
00010486.jpg,32,3,490,497,589,229
00010487.jpg,36,3,494,497,589,230
00010488.jpg,39,3,497,497,589,230
00010489.jpg,41,3,499,497,589,230
00010490.jpg,48,5,506,499,589,230
00010491.jpg,52,7,510,501,589,230
00010492.jpg,55,9,513,503,589,230
00010493.jpg,58,12,516,506,589,230
00010494.jpg,60,13,518,507,589,230
00010495.jpg,65,15,523,509,589,230
00010496.jpg,68,16,526,510,590,236
00010497.jpg,70,17,528,511,590,236
00010498.jpg,72,18,530,512,590,236
00010499.jpg,74,18,532,512,590,236
00010500.jpg,75,18,533,512,590,236
00010501.jpg,78,19,536,513,590,236
00010502.jpg,78,19,536,513,590,236
00010503.jpg,78,19,536,513,592,239
00010504.jpg,78,19,536,513,592,239
00010505.jpg,78,18,536,512,596,244
00010506.jpg,77,18,535,512,596,244
00010507.jpg,76,17,534,511,596,244
00010508.jpg,74,17,532,511,596,244
00010509.jpg,73,17,531,511,604,249
00010510.jpg,71,17,529,511,602,249
00010511.jpg,70,17,528,511,602,249
00010512.jpg,70,16,528,510,602,249
00010513.jpg,69,15,527,509,602,249
00010514.jpg,68,14,526,508,602,250
00010515.jpg,63,12,521,506,602,248
00010516.jpg,62,11,520,505,604,246
00010517.jpg,62,10,520,504,604,246
00010518.jpg,62,9,520,503,604,246
00010519.jpg,62,9,520,503,604,246
00010520.jpg,62,7,520,501,611,243
00010521.jpg,62,7,520,501,611,241
00010522.jpg,62,7,520,501,614,241
00010523.jpg,63,6,521,500,620,239
00010524.jpg,63,6,521,500,624,239
00010525.jpg,63,5,521,499,637,240
00010526.jpg,63,5,521,499,645,240
00010527.jpg,63,4,521,498,657,244
00010528.jpg,63,4,521,498,662,245
00010529.jpg,63,3,521,497,666,253
00010530.jpg,62,4,520,498,-1,-1
00010531.jpg,57,4,515,498,-1,-1
00010532.jpg,57,2,515,496,-1,-1
00010533.jpg,57,4,515,498,-1,-1
00010534.jpg,60,9,518,503,-1,-1
00010535.jpg,106,3,536,483,-1,-1
00010536.jpg,124,4,569,473,-1,-1
00010537.jpg,124,4,569,473,-1,-1
00010538.jpg,133,7,578,476,-1,-1
00010539.jpg,146,15,591,484,-1,-1
00010540.jpg,168,29,613,498,-1,-1
00010541.jpg,178,33,623,502,-1,-1
00010542.jpg,186,36,631,505,-1,-1
00010543.jpg,193,36,638,505,-1,-1
00010544.jpg,198,37,643,506,-1,-1
00010545.jpg,205,37,650,506,-1,-1
00010546.jpg,204,39,649,508,-1,-1
00010547.jpg,205,39,650,508,-1,-1
00010548.jpg,207,38,652,507,-1,-1
00010549.jpg,208,37,653,506,-1,-1
00010550.jpg,207,35,652,504,-1,-1
00010551.jpg,205,34,650,503,-1,-1
00010552.jpg,200,33,645,502,-1,-1
00010553.jpg,197,31,642,500,-1,-1
00010554.jpg,195,28,640,497,-1,-1
00010555.jpg,181,20,626,489,929,225
00010556.jpg,170,16,615,485,912,221
00010557.jpg,164,10,609,479,892,218
00010558.jpg,155,6,600,475,865,214
00010559.jpg,150,3,595,472,846,213
00010560.jpg,142,2,587,471,815,208
00010561.jpg,138,2,583,471,795,204
00010562.jpg,134,1,579,470,782,203
00010563.jpg,130,1,575,470,762,200
00010564.jpg,126,1,571,470,747,199
00010565.jpg,121,0,566,469,720,201
00010566.jpg,119,0,564,469,716,201
00010567.jpg,117,0,562,469,704,198
00010568.jpg,115,0,560,469,696,198
00010569.jpg,114,0,559,469,685,196
00010570.jpg,112,0,557,469,669,198
00010571.jpg,112,0,557,469,662,199
00010572.jpg,111,0,556,469,662,204
00010573.jpg,111,0,556,469,655,201
00010574.jpg,110,0,555,469,650,201
00010575.jpg,108,0,553,469,640,204
00010576.jpg,108,0,553,469,635,203
00010577.jpg,107,0,552,469,627,203
00010578.jpg,106,0,551,469,627,203
00010579.jpg,106,0,551,469,627,205
00010580.jpg,105,0,550,469,622,205
00010581.jpg,104,0,549,469,619,206
00010582.jpg,104,0,549,469,619,206
00010583.jpg,103,0,548,469,616,208
00010584.jpg,103,0,548,469,616,208
00010585.jpg,102,0,547,469,616,208
00010586.jpg,101,0,546,469,611,206
00010587.jpg,101,0,546,469,611,208
00010588.jpg,101,0,546,469,611,208
00010589.jpg,100,0,545,469,611,208
00010590.jpg,99,0,544,469,611,208
00010591.jpg,98,0,543,469,611,208
00010592.jpg,98,0,543,469,611,209
00010593.jpg,97,0,542,469,605,208
00010594.jpg,97,0,542,469,602,209
00010595.jpg,97,0,542,469,601,209
00010596.jpg,96,0,541,469,597,209
00010597.jpg,96,0,541,469,597,209
00010598.jpg,97,0,542,469,597,211
00010599.jpg,97,0,542,469,597,211
00010600.jpg,97,0,542,469,592,209
00010601.jpg,97,0,542,469,592,209
00010602.jpg,96,0,541,469,595,210
00010603.jpg,95,0,540,469,595,210
00010604.jpg,92,0,537,469,595,210
00010605.jpg,86,0,531,469,595,210
00010606.jpg,83,0,528,469,595,211
00010607.jpg,80,0,525,469,595,211
00010608.jpg,76,0,521,469,599,214
00010609.jpg,74,0,519,469,604,213
00010610.jpg,70,0,515,469,621,218
00010611.jpg,69,0,514,469,639,223
00010612.jpg,68,0,513,469,650,226
00010613.jpg,68,0,513,469,656,224
00010614.jpg,67,0,512,469,670,229
00010615.jpg,68,0,513,469,716,234
00010616.jpg,68,0,513,469,735,234
00010617.jpg,67,0,512,469,765,234
00010618.jpg,67,0,512,469,790,236
00010619.jpg,67,0,512,469,802,238
00010620.jpg,67,0,512,469,-1,-1
00010621.jpg,67,0,512,469,-1,-1
00010622.jpg,67,0,512,469,-1,-1
00010623.jpg,68,0,513,469,-1,-1
00010624.jpg,67,0,512,469,-1,-1
00010625.jpg,68,0,513,469,-1,-1
00010626.jpg,68,0,513,469,-1,-1
00010627.jpg,68,0,513,469,-1,-1
00010628.jpg,68,0,513,469,-1,-1
00010629.jpg,68,1,513,470,-1,-1
00010630.jpg,68,1,513,470,-1,-1
00010631.jpg,67,2,512,471,-1,-1
00010632.jpg,67,2,512,471,-1,-1
00010633.jpg,67,2,512,471,-1,-1
00010634.jpg,66,1,511,470,-1,-1
00010635.jpg,65,1,510,470,-1,-1
00010636.jpg,64,1,509,470,-1,-1
00010637.jpg,64,1,509,470,-1,-1
00010638.jpg,63,1,508,470,-1,-1
00010639.jpg,62,1,507,470,-1,-1
00010640.jpg,62,3,507,472,-1,-1
00010641.jpg,63,4,508,473,-1,-1
00010642.jpg,64,5,509,474,787,206
00010643.jpg,64,6,509,475,760,203
00010644.jpg,63,7,508,476,752,204
00010645.jpg,62,7,507,476,734,196
00010646.jpg,61,7,506,476,726,201
00010647.jpg,60,8,505,477,712,196
00010648.jpg,59,8,504,477,700,201
00010649.jpg,57,9,502,478,691,203
00010650.jpg,56,10,501,479,660,199
00010651.jpg,56,9,501,478,656,199
00010652.jpg,55,10,500,479,649,198
00010653.jpg,55,9,500,478,642,195
00010654.jpg,55,9,500,478,636,200
00010655.jpg,55,9,500,478,630,198
00010656.jpg,54,9,499,478,627,200
00010657.jpg,55,8,500,477,617,200
00010658.jpg,55,8,500,477,614,201
00010659.jpg,55,8,500,477,610,199
00010660.jpg,56,7,501,476,610,201
00010661.jpg,56,7,501,476,604,196
00010662.jpg,57,6,502,475,599,195
00010663.jpg,58,6,503,475,596,198
00010664.jpg,60,5,505,474,597,195
00010665.jpg,61,5,506,474,592,200
00010666.jpg,61,5,506,474,596,199
00010667.jpg,62,5,507,474,592,199
00010668.jpg,62,5,507,474,592,198
00010669.jpg,63,5,508,474,591,201
00010670.jpg,63,5,508,474,596,201
00010671.jpg,64,5,509,474,604,203
00010672.jpg,65,4,510,473,602,202
00010673.jpg,65,4,510,473,605,203
00010674.jpg,66,4,511,473,598,199
00010675.jpg,66,5,511,474,603,201
00010676.jpg,67,4,512,473,601,200
00010677.jpg,67,5,512,474,605,201
00010678.jpg,68,4,513,473,601,200
00010679.jpg,68,4,513,473,605,201
00010680.jpg,69,4,514,473,605,200
00010681.jpg,69,4,514,473,607,202
00010682.jpg,70,4,515,473,605,204
00010683.jpg,70,4,515,473,603,201
00010684.jpg,70,4,515,473,606,203
00010685.jpg,70,4,515,473,604,203
00010686.jpg,70,4,515,473,607,202
00010687.jpg,70,4,515,473,605,202
00010688.jpg,70,4,515,473,608,202
00010689.jpg,70,4,515,473,607,202
00010690.jpg,70,4,515,473,607,202
00010691.jpg,70,4,515,473,608,201
00010692.jpg,71,4,516,473,609,201
00010693.jpg,71,4,516,473,605,200
00010694.jpg,71,4,516,473,609,202
00010695.jpg,72,4,517,473,607,201
00010696.jpg,73,4,518,473,609,201
00010697.jpg,73,4,518,473,611,200
00010698.jpg,74,5,519,474,611,201
00010699.jpg,74,5,519,474,610,204
00010700.jpg,75,5,520,474,616,203
00010701.jpg,75,5,520,474,625,207
00010702.jpg,75,4,520,473,638,212
00010703.jpg,75,4,520,473,640,213
00010704.jpg,74,4,519,473,642,218
00010705.jpg,74,4,519,473,645,221
00010706.jpg,73,3,518,472,644,227
00010707.jpg,73,3,518,472,647,228
00010708.jpg,73,2,518,471,645,231
00010709.jpg,72,1,517,470,646,229
00010710.jpg,72,0,517,469,649,229
00010711.jpg,71,0,516,469,652,226
00010712.jpg,71,0,516,469,650,223
00010713.jpg,71,0,516,469,649,222
00010714.jpg,72,0,517,469,646,222
00010715.jpg,72,0,517,469,645,221
00010716.jpg,73,0,518,469,641,217
00010717.jpg,73,0,518,469,638,214
00010718.jpg,73,0,518,469,639,212
00010719.jpg,73,0,518,469,635,211
00010720.jpg,73,0,518,469,630,214
00010721.jpg,74,0,519,469,628,214
00010722.jpg,74,0,519,469,632,213
00010723.jpg,75,0,520,469,628,213
00010724.jpg,75,0,520,469,626,212
00010725.jpg,75,0,520,469,625,209
00010726.jpg,76,0,521,469,624,208
00010727.jpg,76,0,521,469,621,208
00010728.jpg,76,0,521,469,617,210
00010729.jpg,76,0,521,469,617,210
00010730.jpg,76,0,521,469,617,210
00010731.jpg,76,0,521,469,617,210
00010732.jpg,76,0,521,469,607,208
00010733.jpg,76,0,521,469,606,208
00010734.jpg,76,0,521,469,601,208
00010735.jpg,77,0,522,469,604,208
00010736.jpg,81,1,526,470,594,205
00010737.jpg,84,2,529,471,594,205
00010738.jpg,86,3,531,472,594,205
00010739.jpg,88,4,533,473,594,205
00010740.jpg,88,4,533,473,592,209
