00010252.jpg,270,2,477,217,-1,-1
00010253.jpg,270,2,477,217,-1,-1
00010254.jpg,276,4,483,219,217,105
00010255.jpg,278,6,485,221,212,111
00010256.jpg,276,12,483,227,206,114
00010257.jpg,273,15,480,230,195,114
00010258.jpg,269,19,476,234,193,116
00010259.jpg,268,29,475,244,190,125
00010260.jpg,269,25,476,240,186,126
00010261.jpg,271,24,478,239,186,131
00010262.jpg,268,24,480,240,185,144
00010263.jpg,266,25,484,241,187,149
00010264.jpg,277,28,495,244,-1,-1
00010265.jpg,282,29,500,245,-1,-1
00010266.jpg,288,28,506,254,-1,-1
00010267.jpg,297,23,515,266,-1,-1
00010268.jpg,325,19,552,273,784,276
00010269.jpg,325,19,552,273,781,234
00010270.jpg,329,22,556,276,791,213
00010271.jpg,333,24,560,278,791,191
00010272.jpg,339,27,566,281,794,179
00010273.jpg,344,30,571,284,800,161
00010274.jpg,342,27,569,281,800,166
00010275.jpg,336,22,563,276,797,179
00010276.jpg,334,21,561,275,-1,-1
00010277.jpg,333,21,560,275,-1,-1
00010278.jpg,333,19,560,273,267,169
00010279.jpg,334,19,561,273,267,169
00010280.jpg,335,19,562,273,-1,-1
00010281.jpg,341,18,568,272,-1,-1
00010282.jpg,346,20,573,274,797,204
00010283.jpg,353,22,580,276,796,175
00010284.jpg,357,22,584,276,796,144
00010285.jpg,361,22,588,276,796,144
00010286.jpg,366,22,593,276,797,153
00010287.jpg,370,21,597,275,799,164
00010288.jpg,373,20,600,274,802,184
00010289.jpg,374,19,601,273,802,241
00010290.jpg,373,16,600,270,802,89
00010291.jpg,372,14,599,268,802,89
00010292.jpg,371,13,598,267,802,89
00010293.jpg,369,10,596,264,799,85
00010294.jpg,368,9,595,263,799,86
00010295.jpg,367,8,594,262,792,85
00010296.jpg,365,8,592,262,792,80
00010297.jpg,364,7,591,261,790,80
00010298.jpg,363,7,590,261,790,80
00010299.jpg,363,7,590,261,785,80
00010300.jpg,362,5,589,259,787,80
00010301.jpg,358,7,585,261,786,83
00010302.jpg,355,9,582,263,779,83
00010303.jpg,356,5,583,259,779,83
00010304.jpg,355,7,582,267,779,83
00010305.jpg,350,7,572,276,779,83
00010306.jpg,341,7,572,276,779,83
00010307.jpg,341,9,572,276,781,83
00010308.jpg,340,13,571,274,781,83
00010309.jpg,340,19,571,274,790,83
00010310.jpg,341,24,572,274,790,83
00010311.jpg,342,24,573,274,795,83
00010312.jpg,342,24,573,276,800,83
00010313.jpg,343,23,574,275,804,83
00010314.jpg,342,25,573,277,804,83
00010315.jpg,343,30,574,275,791,288
00010316.jpg,356,33,587,278,791,278
00010317.jpg,356,34,587,279,789,268
00010318.jpg,357,33,588,281,784,249
00010319.jpg,357,28,588,281,780,213
00010320.jpg,357,24,588,280,777,213
00010321.jpg,357,24,588,281,772,206
00010322.jpg,357,27,588,282,772,214
00010323.jpg,356,29,587,281,775,220
00010324.jpg,356,32,587,283,769,254
00010325.jpg,365,35,587,285,767,260
00010326.jpg,373,37,606,286,767,260
00010327.jpg,386,38,604,282,762,253
00010328.jpg,395,45,607,284,757,243
00010329.jpg,395,45,607,284,750,228
00010330.jpg,397,47,609,286,745,220
00010331.jpg,398,48,610,287,747,224
00010332.jpg,399,49,611,288,744,229
00010333.jpg,402,54,623,295,745,234
00010334.jpg,402,54,623,295,745,245
00010335.jpg,401,55,622,296,744,261
00010336.jpg,403,55,623,297,740,268
00010337.jpg,403,55,623,297,-1,-1
00010338.jpg,402,57,622,299,-1,-1
00010339.jpg,399,57,619,299,-1,-1
00010340.jpg,393,58,613,300,311,163
00010341.jpg,393,63,613,305,309,161
00010342.jpg,392,63,608,298,309,160
00010343.jpg,396,63,602,293,308,162
00010344.jpg,392,63,598,293,303,163
00010345.jpg,389,60,595,290,298,166
00010346.jpg,388,59,594,289,297,163
00010347.jpg,388,58,594,288,297,169
00010348.jpg,392,58,598,288,297,166
00010349.jpg,399,57,605,287,294,169
00010350.jpg,408,53,614,283,294,170
00010351.jpg,413,53,619,283,294,167
00010352.jpg,419,53,625,283,295,169
00010353.jpg,424,52,630,282,298,169
00010354.jpg,428,50,634,280,299,170
00010355.jpg,434,51,640,281,305,170
00010356.jpg,438,52,644,282,307,173
00010357.jpg,440,51,646,281,308,169
00010358.jpg,442,53,648,283,310,168
00010359.jpg,445,54,651,284,311,170
00010360.jpg,449,51,658,289,315,175
00010361.jpg,449,51,658,289,326,184
00010362.jpg,454,51,663,289,338,185
00010363.jpg,460,52,669,290,340,187
00010364.jpg,466,52,675,290,347,188
00010365.jpg,478,52,687,290,354,191
00010366.jpg,485,52,694,290,359,194
00010367.jpg,493,53,702,291,360,189
00010368.jpg,507,43,731,298,362,191
00010369.jpg,507,43,731,298,367,191
00010370.jpg,521,46,745,301,373,195
00010371.jpg,528,46,752,301,373,195
00010372.jpg,534,47,758,302,379,196
00010373.jpg,539,47,763,302,380,199
00010374.jpg,545,45,769,300,384,199
00010375.jpg,557,40,794,305,386,199
00010376.jpg,557,40,794,305,388,201
00010377.jpg,560,40,797,305,388,198
00010378.jpg,562,40,799,305,388,195
00010379.jpg,564,41,801,306,386,194
00010380.jpg,568,43,805,308,385,195
00010381.jpg,571,43,808,308,388,193
00010382.jpg,573,44,810,309,394,192
00010383.jpg,567,41,817,311,398,191
00010384.jpg,567,41,817,311,403,188
00010385.jpg,570,46,820,316,405,189
00010386.jpg,573,47,823,317,405,190
00010387.jpg,572,50,820,325,405,190
00010388.jpg,570,56,816,338,405,192
00010389.jpg,574,65,820,347,409,193
00010390.jpg,575,58,821,355,409,195
00010391.jpg,553,47,840,362,409,198
00010392.jpg,553,47,840,370,407,203
00010393.jpg,554,49,841,382,405,200
00010394.jpg,557,54,844,390,404,202
00010395.jpg,558,56,845,401,403,202
00010396.jpg,560,52,847,410,405,212
00010397.jpg,544,45,881,416,407,210
00010398.jpg,544,45,881,416,407,214
00010399.jpg,548,47,885,418,406,214
00010400.jpg,551,48,888,419,407,216
00010401.jpg,554,49,891,420,404,217
00010402.jpg,557,50,894,421,403,219
00010403.jpg,561,50,898,421,398,217
00010404.jpg,568,43,905,425,396,220
00010405.jpg,544,37,916,430,396,220
00010406.jpg,544,32,916,430,399,221
00010407.jpg,547,32,919,430,399,222
00010408.jpg,549,32,921,430,397,221
00010409.jpg,554,32,926,430,395,218
00010410.jpg,556,22,928,430,392,218
00010411.jpg,559,11,931,435,389,220
00010412.jpg,533,8,948,443,385,218
00010413.jpg,533,8,948,443,385,218
00010414.jpg,538,8,953,443,383,218
00010415.jpg,542,8,957,443,384,220
00010416.jpg,545,7,960,442,383,217
00010417.jpg,549,7,964,442,379,215
00010418.jpg,543,6,958,441,374,214
00010419.jpg,544,8,959,443,363,211
00010420.jpg,545,6,960,441,332,204
00010421.jpg,545,8,960,443,318,197
00010422.jpg,544,9,959,444,299,199
00010423.jpg,544,8,959,443,286,197
00010424.jpg,545,8,960,443,284,193
00010425.jpg,545,8,960,443,285,191
00010426.jpg,545,8,960,443,298,189
00010427.jpg,559,2,974,437,306,188
00010428.jpg,547,7,962,442,318,188
00010429.jpg,555,1,970,436,321,187
00010430.jpg,554,2,969,437,330,191
00010431.jpg,555,2,970,437,339,188
00010432.jpg,553,4,968,439,340,186
00010433.jpg,549,7,964,442,337,186
00010434.jpg,556,5,971,440,335,187
00010435.jpg,555,6,970,441,335,188
00010436.jpg,552,7,967,442,335,188
00010437.jpg,550,7,965,442,338,189
00010438.jpg,548,8,963,443,339,190
00010439.jpg,543,10,958,445,339,192
00010440.jpg,542,11,957,446,339,193
00010441.jpg,541,11,956,446,342,200
00010442.jpg,540,11,955,446,347,200
00010443.jpg,539,12,954,447,344,202
00010444.jpg,538,13,953,448,349,206
00010445.jpg,538,13,953,448,348,206
00010446.jpg,539,13,954,448,340,205
00010447.jpg,539,13,954,448,340,204
00010448.jpg,540,13,955,448,335,199
00010449.jpg,541,13,956,448,329,200
00010450.jpg,541,12,956,447,318,204
00010451.jpg,542,10,957,445,307,206
00010452.jpg,542,9,957,444,296,205
00010453.jpg,543,8,958,443,286,204
00010454.jpg,541,8,956,443,290,201
00010455.jpg,540,9,955,444,291,204
00010456.jpg,537,18,952,453,291,205
00010457.jpg,535,18,950,453,294,208
00010458.jpg,530,18,945,453,302,206
00010459.jpg,529,19,944,454,306,210
00010460.jpg,528,19,943,454,316,213
00010461.jpg,527,20,942,455,314,211
00010462.jpg,526,20,941,455,314,212
00010463.jpg,525,20,940,455,318,212
00010464.jpg,523,21,938,456,321,211
00010465.jpg,522,22,937,457,322,213
00010466.jpg,521,22,936,457,322,215
00010467.jpg,521,23,936,458,321,219
00010468.jpg,520,23,935,458,320,212
00010469.jpg,519,24,934,459,320,214
00010470.jpg,519,24,934,459,319,220
00010471.jpg,518,24,933,459,316,220
00010472.jpg,517,24,932,459,313,221
00010473.jpg,517,24,932,459,310,219
00010474.jpg,516,25,931,460,309,221
00010475.jpg,515,25,930,460,309,221
00010476.jpg,515,26,930,461,312,224
00010477.jpg,510,26,925,460,316,226
00010478.jpg,514,27,929,462,317,223
00010479.jpg,511,27,926,463,317,222
00010480.jpg,514,27,929,462,327,222
00010481.jpg,514,27,929,462,334,224
00010482.jpg,515,28,930,463,342,224
00010483.jpg,515,27,930,462,346,227
00010484.jpg,515,27,930,462,350,232
00010485.jpg,515,27,930,462,357,232
00010486.jpg,515,26,930,461,363,230
00010487.jpg,515,26,930,461,371,232
00010488.jpg,515,26,930,461,384,234
00010489.jpg,514,26,929,461,380,236
00010490.jpg,515,26,930,461,380,238
00010491.jpg,515,26,930,461,385,242
00010492.jpg,515,26,930,461,386,240
00010493.jpg,515,26,930,461,385,240
00010494.jpg,516,25,931,460,385,237
00010495.jpg,516,25,931,460,393,239
00010496.jpg,515,25,930,460,400,231
00010497.jpg,515,25,930,460,415,231
00010498.jpg,515,25,930,460,421,236
00010499.jpg,515,25,930,460,435,238
00010500.jpg,515,26,930,461,446,244
00010501.jpg,515,26,930,461,449,247
00010502.jpg,515,26,930,461,455,249
00010503.jpg,515,27,930,462,455,248
00010504.jpg,516,26,931,461,452,245
00010505.jpg,516,26,931,461,447,244
00010506.jpg,517,26,932,461,440,243
00010507.jpg,517,25,932,460,439,246
00010508.jpg,517,25,932,460,435,243
00010509.jpg,518,27,933,462,436,238
00010510.jpg,519,19,934,454,435,240
00010511.jpg,519,19,934,454,429,234
00010512.jpg,520,19,935,454,424,232
00010513.jpg,520,18,935,453,422,238
00010514.jpg,522,18,937,453,414,228
00010515.jpg,523,18,938,453,409,227
00010516.jpg,524,18,939,453,406,230
00010517.jpg,525,17,940,452,410,232
00010518.jpg,526,17,941,452,415,230
00010519.jpg,529,16,944,451,417,230
00010520.jpg,531,15,946,450,418,229
00010521.jpg,534,14,949,449,418,228
00010522.jpg,537,14,952,449,416,232
00010523.jpg,542,14,957,449,415,237
00010524.jpg,548,15,963,450,415,236
00010525.jpg,550,15,965,450,418,229
00010526.jpg,550,15,965,450,419,230
00010527.jpg,549,16,964,451,-1,-1
00010528.jpg,548,17,963,452,-1,-1
00010529.jpg,546,9,961,453,-1,-1
00010530.jpg,543,0,958,445,-1,-1
00010531.jpg,540,0,955,440,-1,-1
00010532.jpg,542,0,957,435,-1,-1
00010533.jpg,547,0,962,435,-1,-1
00010534.jpg,560,0,975,435,-1,-1
00010535.jpg,579,10,994,445,-1,-1
00010536.jpg,579,6,994,450,-1,-1
00010537.jpg,562,0,977,465,-1,-1
00010538.jpg,552,4,1029,470,-1,-1
00010539.jpg,552,4,1029,475,-1,-1
00010540.jpg,559,6,1036,483,-1,-1
00010541.jpg,570,8,1047,485,-1,-1
00010542.jpg,575,7,1052,484,-1,-1
00010543.jpg,582,5,1059,482,-1,-1
00010544.jpg,589,0,1066,477,-1,-1
00010545.jpg,588,0,1065,477,-1,-1
00010546.jpg,589,0,1066,477,-1,-1
00010547.jpg,591,0,1068,477,-1,-1
00010548.jpg,592,0,1069,477,-1,-1
00010549.jpg,591,0,1068,477,-1,-1
00010550.jpg,589,0,1066,477,-1,-1
00010551.jpg,591,0,1068,477,-1,-1
00010552.jpg,588,0,1065,477,-1,-1
00010553.jpg,583,0,1060,477,-1,-1
00010554.jpg,577,0,1054,477,-1,-1
00010555.jpg,571,0,1048,477,-1,-1
00010556.jpg,566,0,1043,477,-1,-1
00010557.jpg,582,0,1059,470,-1,-1
00010558.jpg,586,0,1063,465,-1,-1
00010559.jpg,589,5,1035,456,-1,-1
00010560.jpg,589,5,1035,450,535,251
00010561.jpg,587,5,1033,446,509,214
00010562.jpg,584,5,1030,446,504,203
00010563.jpg,580,5,1026,446,498,209
00010564.jpg,570,7,1016,448,488,211
00010565.jpg,564,9,1010,450,488,208
00010566.jpg,559,9,1005,450,480,206
00010567.jpg,554,10,1000,451,474,200
00010568.jpg,551,11,997,452,465,186
00010569.jpg,547,14,993,455,461,190
00010570.jpg,547,14,993,455,465,194
00010571.jpg,546,15,992,456,466,194
00010572.jpg,546,15,992,456,464,193
00010573.jpg,545,15,991,456,464,194
00010574.jpg,543,16,989,457,460,190
00010575.jpg,543,16,989,457,454,186
00010576.jpg,542,17,988,458,451,189
00010577.jpg,541,17,987,458,451,187
00010578.jpg,540,17,986,458,454,188
00010579.jpg,537,18,983,459,447,187
00010580.jpg,536,18,982,459,444,182
00010581.jpg,535,18,981,459,446,184
00010582.jpg,534,18,980,459,445,184
00010583.jpg,533,18,979,459,444,185
00010584.jpg,531,19,977,460,445,184
00010585.jpg,531,19,977,460,440,180
00010586.jpg,530,19,976,460,439,182
00010587.jpg,529,19,975,460,434,177
00010588.jpg,529,19,975,460,436,176
00010589.jpg,527,19,973,460,431,176
00010590.jpg,527,20,973,461,433,175
00010591.jpg,520,20,966,461,434,172
00010592.jpg,520,19,966,460,433,175
00010593.jpg,519,20,965,461,433,176
00010594.jpg,518,20,964,461,433,180
00010595.jpg,517,20,963,461,433,178
00010596.jpg,516,20,962,461,433,177
00010597.jpg,515,20,961,461,432,175
00010598.jpg,515,20,961,461,429,175
00010599.jpg,514,21,960,462,425,178
00010600.jpg,513,21,959,462,428,179
00010601.jpg,512,21,958,462,428,180
00010602.jpg,512,21,958,462,426,182
00010603.jpg,512,22,958,463,426,182
00010604.jpg,514,23,960,464,428,178
00010605.jpg,515,22,961,463,426,185
00010606.jpg,515,22,961,463,423,179
00010607.jpg,511,22,957,463,412,175
00010608.jpg,509,24,955,465,421,175
00010609.jpg,505,25,951,466,416,177
00010610.jpg,504,26,950,467,-1,-1
00010611.jpg,503,26,949,467,-1,-1
00010612.jpg,503,26,949,467,-1,-1
00010613.jpg,502,26,948,467,-1,-1
00010614.jpg,506,26,952,467,-1,-1
00010615.jpg,509,26,955,467,-1,-1
00010616.jpg,512,26,958,467,-1,-1
00010617.jpg,516,27,962,468,-1,-1
00010618.jpg,518,27,964,468,-1,-1
00010619.jpg,537,20,983,461,-1,-1
00010620.jpg,549,18,995,459,-1,-1
00010621.jpg,550,19,996,460,-1,-1
00010622.jpg,546,22,992,463,-1,-1
00010623.jpg,542,24,988,465,-1,-1
00010624.jpg,544,24,990,465,-1,-1
00010625.jpg,545,25,991,466,-1,-1
00010626.jpg,545,25,991,466,-1,-1
00010627.jpg,544,25,990,466,-1,-1
00010628.jpg,541,26,987,467,-1,-1
00010629.jpg,540,26,986,467,-1,-1
00010630.jpg,541,25,987,466,-1,-1
00010631.jpg,541,25,987,466,-1,-1
00010632.jpg,540,24,986,465,-1,-1
00010633.jpg,540,23,986,464,-1,-1
00010634.jpg,537,22,983,463,-1,-1
00010635.jpg,535,22,981,463,-1,-1
00010636.jpg,535,20,981,461,-1,-1
00010637.jpg,535,19,981,460,-1,-1
00010638.jpg,533,18,979,459,-1,-1
00010639.jpg,527,16,973,457,-1,-1
00010640.jpg,525,15,971,456,-1,-1
00010641.jpg,527,14,973,455,-1,-1
00010642.jpg,525,13,971,454,441,238
00010643.jpg,521,12,967,453,426,222
00010644.jpg,512,13,958,454,415,212
00010645.jpg,509,10,955,451,417,214
00010646.jpg,506,9,952,450,417,214
00010647.jpg,502,13,948,454,419,217
00010648.jpg,500,15,946,456,418,212
00010649.jpg,498,15,944,456,420,207
00010650.jpg,498,14,944,455,420,209
00010651.jpg,497,13,943,454,417,203
00010652.jpg,497,13,943,454,413,200
00010653.jpg,497,13,943,454,409,195
00010654.jpg,498,13,944,454,411,196
00010655.jpg,498,13,944,454,416,194
00010656.jpg,497,13,943,454,412,185
00010657.jpg,496,14,942,455,408,184
00010658.jpg,495,15,941,456,411,180
00010659.jpg,493,16,939,457,409,180
00010660.jpg,492,17,938,458,409,175
00010661.jpg,492,18,938,459,410,177
00010662.jpg,493,19,939,460,410,177
00010663.jpg,495,20,941,461,411,176
00010664.jpg,496,20,942,461,412,179
00010665.jpg,496,21,942,462,412,176
00010666.jpg,497,21,943,462,412,182
00010667.jpg,497,21,943,462,414,176
00010668.jpg,498,20,944,461,414,183
00010669.jpg,498,20,944,461,414,186
00010670.jpg,499,20,945,461,414,185
00010671.jpg,500,20,946,461,414,180
00010672.jpg,500,20,946,461,414,185
00010673.jpg,501,20,947,461,413,180
00010674.jpg,501,20,947,461,405,189
00010675.jpg,502,20,948,461,405,188
00010676.jpg,502,20,948,461,405,184
00010677.jpg,503,20,949,461,407,187
00010678.jpg,503,20,949,461,410,187
00010679.jpg,504,20,950,461,406,191
00010680.jpg,504,20,950,461,411,191
00010681.jpg,505,20,951,461,411,185
00010682.jpg,505,20,951,461,411,182
00010683.jpg,505,20,951,461,410,186
00010684.jpg,505,21,951,462,409,182
00010685.jpg,505,21,951,462,409,184
00010686.jpg,505,21,951,462,408,182
00010687.jpg,505,21,951,462,410,183
00010688.jpg,505,21,951,462,410,182
00010689.jpg,505,21,951,462,410,181
00010690.jpg,505,22,951,463,410,182
00010691.jpg,506,22,952,463,410,180
00010692.jpg,506,22,952,463,410,182
00010693.jpg,506,22,952,463,410,185
00010694.jpg,507,22,953,463,410,185
00010695.jpg,508,22,954,463,415,187
00010696.jpg,508,22,954,463,418,185
00010697.jpg,509,22,955,463,419,187
00010698.jpg,509,22,955,463,420,191
00010699.jpg,510,22,956,463,-1,-1
00010700.jpg,510,21,956,462,-1,-1
00010701.jpg,510,21,956,462,-1,-1
00010702.jpg,510,21,956,462,-1,-1
00010703.jpg,509,22,955,463,-1,-1
00010704.jpg,509,23,955,464,-1,-1
00010705.jpg,508,27,954,468,-1,-1
00010706.jpg,508,28,954,469,-1,-1
00010707.jpg,508,29,954,470,-1,-1
00010708.jpg,507,29,953,470,-1,-1
00010709.jpg,507,28,953,469,-1,-1
00010710.jpg,506,29,952,470,-1,-1
00010711.jpg,506,29,952,470,-1,-1
00010712.jpg,506,28,952,469,-1,-1
00010713.jpg,507,27,953,468,-1,-1
00010714.jpg,507,28,953,469,-1,-1
00010715.jpg,508,27,954,468,-1,-1
00010716.jpg,508,27,954,468,-1,-1
00010717.jpg,508,26,954,467,-1,-1
00010718.jpg,508,26,954,467,-1,-1
00010719.jpg,508,26,954,467,-1,-1
00010720.jpg,509,26,955,467,-1,-1
00010721.jpg,509,26,955,467,-1,-1
00010722.jpg,510,26,956,467,-1,-1
00010723.jpg,510,26,956,467,-1,-1
00010724.jpg,510,25,956,466,-1,-1
00010725.jpg,511,25,957,466,-1,-1
00010726.jpg,511,24,957,465,-1,-1
00010727.jpg,511,24,957,465,-1,-1
00010728.jpg,511,24,957,465,-1,-1
00010729.jpg,511,25,957,466,-1,-1
00010730.jpg,511,25,957,466,-1,-1
00010731.jpg,511,24,957,465,-1,-1
00010732.jpg,511,24,957,465,446,216
00010733.jpg,511,23,957,464,446,216
00010734.jpg,512,22,958,463,446,216
00010735.jpg,516,21,962,462,446,216
00010736.jpg,515,21,961,462,446,216
00010737.jpg,514,21,960,462,446,216
00010738.jpg,515,23,961,464,446,216
00010739.jpg,515,23,961,464,446,216
00010740.jpg,515,23,961,464,446,216
