00057500.jpg,227,342,405,513,1053,469
00057501.jpg,227,342,405,513,1050,468
00057502.jpg,227,342,405,513,1048,466
00057503.jpg,227,342,405,513,1050,466
00057504.jpg,228,342,406,513,1057,469
00057505.jpg,229,340,407,511,1055,469
00057506.jpg,232,340,410,511,1048,460
00057507.jpg,236,340,414,511,1055,455
00057508.jpg,241,341,419,512,1060,443
00057509.jpg,247,343,425,514,1058,435
00057510.jpg,253,345,431,516,1058,435
00057511.jpg,260,346,438,517,1060,428
00057512.jpg,266,347,444,518,1052,429
00057513.jpg,271,347,449,518,1050,426
00057514.jpg,275,346,453,517,1045,425
00057515.jpg,279,345,457,516,1041,425
00057516.jpg,284,344,462,515,1037,425
00057517.jpg,289,345,467,516,1027,425
00057518.jpg,294,343,472,514,1020,423
00057519.jpg,300,343,478,514,1013,420
00057520.jpg,305,343,483,514,1007,419
00057521.jpg,311,342,489,513,1003,419
00057522.jpg,316,342,494,513,988,420
00057523.jpg,318,343,496,514,982,424
00057524.jpg,319,344,497,515,978,424
00057525.jpg,318,343,496,514,975,425
00057526.jpg,316,344,494,515,972,425
00057527.jpg,315,343,493,514,965,421
00057528.jpg,314,342,492,513,961,420
00057529.jpg,314,343,492,514,957,420
00057530.jpg,314,343,492,514,952,428
00057531.jpg,312,343,490,514,947,428
00057532.jpg,310,344,488,515,947,428
00057533.jpg,309,345,487,516,938,440
00057534.jpg,306,345,484,516,950,444
00057535.jpg,306,347,484,518,931,470
00057536.jpg,304,346,482,517,935,488
00057537.jpg,304,346,482,517,941,499
00057538.jpg,303,346,481,517,950,500
00057539.jpg,302,345,480,516,961,496
00057540.jpg,302,345,480,516,971,484
00057541.jpg,301,346,479,517,975,476
00057542.jpg,301,346,479,517,978,468
00057543.jpg,301,346,479,517,985,465
00057544.jpg,301,346,479,517,990,461
00057545.jpg,301,346,479,517,993,460
00057546.jpg,301,347,479,518,998,459
00057547.jpg,301,347,479,518,1007,456
00057548.jpg,301,348,479,519,1015,455
00057549.jpg,301,348,479,519,1020,454
00057550.jpg,302,349,480,520,1021,454
00057551.jpg,302,349,480,520,1023,454
00057552.jpg,303,349,481,520,1026,450
00057553.jpg,304,348,482,519,1026,449
00057554.jpg,305,349,483,520,1022,449
00057555.jpg,306,348,484,519,1022,449
00057556.jpg,307,348,485,519,1016,453
00057557.jpg,308,349,486,520,1013,463
00057558.jpg,308,349,486,520,1017,473
00057559.jpg,309,348,487,519,1022,484
00057560.jpg,310,348,488,519,1022,491
00057561.jpg,310,348,488,519,1021,498
00057562.jpg,310,348,488,519,1022,501
00057563.jpg,311,348,489,519,1013,503
00057564.jpg,311,348,489,519,1012,506
00057565.jpg,311,348,489,519,1010,506
00057566.jpg,312,348,490,519,1003,505
00057567.jpg,312,348,490,519,1003,505
00057568.jpg,312,347,490,518,1005,485
00057569.jpg,313,347,491,518,1015,471
00057570.jpg,313,347,491,518,1021,460
00057571.jpg,313,347,491,518,1031,451
00057572.jpg,313,347,491,518,1036,450
00057573.jpg,313,347,491,518,1042,443
00057574.jpg,313,347,491,518,1046,441
00057575.jpg,313,348,491,519,1055,440
00057576.jpg,313,348,491,519,1057,434
00057577.jpg,313,348,491,519,1058,429
00057578.jpg,313,348,491,519,1061,429
00057579.jpg,313,348,491,519,1065,426
00057580.jpg,313,349,491,520,1061,425
00057581.jpg,313,349,491,520,1065,419
00057582.jpg,313,350,491,521,1058,418
00057583.jpg,313,349,491,520,1052,414
00057584.jpg,313,349,491,520,1052,414
00057585.jpg,313,349,491,520,1047,418
00057586.jpg,314,350,492,521,1050,419
00057587.jpg,314,348,492,519,1051,425
00057588.jpg,315,349,493,520,1053,424
00057589.jpg,315,348,493,519,1060,418
00057590.jpg,315,348,493,519,1068,416
00057591.jpg,315,348,493,519,1073,418
00057592.jpg,315,348,493,519,1087,415
00057593.jpg,315,348,493,519,1098,418
00057594.jpg,316,349,494,520,1113,420
00057595.jpg,316,349,494,520,1126,421
00057596.jpg,316,348,494,519,1141,421
00057597.jpg,316,350,494,521,1152,429
00057598.jpg,316,348,494,519,1172,434
00057599.jpg,317,349,495,520,1182,438
00057600.jpg,317,350,495,521,1195,446
00057601.jpg,317,349,495,520,1205,453
00057602.jpg,317,349,495,520,1220,463
00057603.jpg,317,349,495,520,1237,456
