00016513.jpg,333,7,625,230,723,154
00016514.jpg,333,6,625,231,721,158
00016515.jpg,334,7,625,233,720,158
00016516.jpg,334,7,625,232,718,158
00016517.jpg,327,4,630,238,718,158
00016518.jpg,331,4,630,237,721,158
00016519.jpg,331,4,630,237,725,160
00016520.jpg,332,6,631,242,730,160
00016521.jpg,332,6,631,242,730,160
00016522.jpg,330,6,632,243,733,161
00016523.jpg,330,6,632,244,736,163
00016524.jpg,332,6,631,244,740,163
00016525.jpg,333,6,631,243,743,163
00016526.jpg,334,6,631,243,740,164
00016527.jpg,334,6,631,242,741,165
00016528.jpg,333,4,632,239,737,166
00016529.jpg,333,5,629,239,735,166
00016530.jpg,331,5,628,239,733,166
00016531.jpg,331,5,629,239,732,166
00016532.jpg,332,5,628,237,731,166
00016533.jpg,333,7,621,231,727,166
00016534.jpg,330,7,626,233,727,166
00016535.jpg,328,8,624,233,726,166
00016536.jpg,329,8,624,233,725,166
00016537.jpg,328,9,622,231,723,165
00016538.jpg,328,7,624,233,722,165
00016539.jpg,327,7,624,234,725,166
00016540.jpg,322,6,626,237,725,168
00016541.jpg,322,7,625,238,725,168
00016542.jpg,323,9,623,237,722,168
00016543.jpg,320,8,625,242,722,168
00016544.jpg,324,5,626,242,723,168
00016545.jpg,323,5,624,240,728,166
00016546.jpg,323,5,624,240,730,166
00016547.jpg,318,3,628,244,731,168
00016548.jpg,339,0,682,260,731,164
00016549.jpg,339,0,682,260,731,164
00016550.jpg,338,0,681,260,-1,-1
00016551.jpg,338,0,681,260,-1,-1
00016552.jpg,338,0,681,260,-1,-1
00016553.jpg,339,0,682,260,-1,-1
00016554.jpg,340,0,683,260,-1,-1
00016555.jpg,340,0,683,260,-1,-1
00016556.jpg,340,0,683,260,-1,-1
00016557.jpg,341,0,684,260,-1,-1
00016558.jpg,341,0,684,260,565,599
00016559.jpg,340,0,683,260,563,601
00016560.jpg,340,1,683,261,563,601
00016561.jpg,340,1,683,261,562,603
00016562.jpg,339,1,682,261,562,603
00016563.jpg,338,0,681,260,562,603
00016564.jpg,338,0,681,260,562,603
00016565.jpg,338,0,681,260,562,603
00016566.jpg,373,4,672,243,562,603
00016567.jpg,373,4,672,243,562,603
00016568.jpg,373,2,672,241,562,603
00016569.jpg,373,2,672,241,562,603
00016570.jpg,383,0,682,239,562,603
00016571.jpg,383,0,682,239,562,603
00016572.jpg,385,0,684,239,562,603
00016573.jpg,388,0,687,239,561,603
00016574.jpg,389,2,688,241,560,603
00016575.jpg,389,6,688,245,557,603
00016576.jpg,389,6,688,245,556,603
00016577.jpg,417,2,701,230,556,603
00016578.jpg,417,2,701,230,552,603
00016579.jpg,419,4,703,232,552,603
00016580.jpg,422,8,706,236,553,601
00016581.jpg,422,8,706,236,556,603
00016582.jpg,424,12,708,240,560,604
00016583.jpg,425,14,709,242,561,604
00016584.jpg,457,1,709,253,562,605
00016585.jpg,457,1,709,253,560,613
00016586.jpg,457,1,709,253,560,613
00016587.jpg,459,2,711,254,560,613
00016588.jpg,462,3,714,255,560,613
00016589.jpg,464,4,716,256,560,613
00016590.jpg,468,7,720,259,413,706
00016591.jpg,468,7,720,259,412,706
00016592.jpg,471,8,723,260,412,706
00016593.jpg,474,10,726,262,-1,-1
00016594.jpg,477,12,729,264,-1,-1
00016595.jpg,478,13,730,265,-1,-1
00016596.jpg,481,5,739,260,-1,-1
00016597.jpg,481,5,739,260,-1,-1
00016598.jpg,481,6,739,261,-1,-1
00016599.jpg,481,8,739,263,-1,-1
00016600.jpg,481,10,739,265,-1,-1
00016601.jpg,481,10,739,265,-1,-1
00016602.jpg,479,12,737,267,-1,-1
00016603.jpg,478,14,736,269,-1,-1
00016604.jpg,476,15,734,270,-1,-1
00016605.jpg,465,5,726,269,-1,-1
00016606.jpg,465,5,726,269,-1,-1
00016607.jpg,463,5,724,269,-1,-1
00016608.jpg,461,5,722,269,-1,-1
00016609.jpg,457,5,718,269,-1,-1
00016610.jpg,454,5,715,269,-1,-1
00016611.jpg,454,5,715,269,-1,-1
00016612.jpg,452,5,713,269,-1,-1
00016613.jpg,450,6,711,270,-1,-1
00016614.jpg,449,8,710,272,-1,-1
00016615.jpg,442,9,703,273,-1,-1
00016616.jpg,442,9,703,273,-1,-1
00016617.jpg,441,10,702,274,-1,-1
00016618.jpg,450,10,681,254,-1,-1
00016619.jpg,450,10,681,254,-1,-1
00016620.jpg,451,8,682,252,-1,-1
00016621.jpg,451,8,682,252,-1,-1
00016622.jpg,453,7,684,251,-1,-1
00016623.jpg,455,7,686,251,-1,-1
00016624.jpg,456,6,687,250,-1,-1
00016625.jpg,453,7,684,251,-1,-1
00016626.jpg,453,7,684,251,-1,-1
00016627.jpg,451,8,682,252,-1,-1
00016628.jpg,451,7,682,251,-1,-1
00016629.jpg,451,4,682,248,-1,-1
00016630.jpg,451,0,682,244,-1,-1
00016631.jpg,451,0,682,244,-1,-1
00016632.jpg,451,0,682,244,-1,-1
00016633.jpg,452,0,683,244,-1,-1
00016634.jpg,452,0,683,244,-1,-1
