00005125.jpg,239,65,455,300,-1,-1
00005126.jpg,239,65,455,300,-1,-1
00005127.jpg,239,65,455,300,-1,-1
00005128.jpg,239,65,455,300,-1,-1
00005129.jpg,239,63,455,298,-1,-1
00005130.jpg,240,59,456,294,-1,-1
00005131.jpg,240,58,456,293,-1,-1
00005132.jpg,240,55,456,290,-1,-1
00005133.jpg,241,55,457,290,-1,-1
00005134.jpg,241,54,457,289,-1,-1
00005135.jpg,240,53,456,288,-1,-1
00005136.jpg,240,54,456,289,-1,-1
00005137.jpg,239,55,455,290,-1,-1
00005138.jpg,239,56,455,291,-1,-1
00005139.jpg,237,49,453,284,-1,-1
00005140.jpg,237,51,453,286,-1,-1
00005141.jpg,236,54,452,289,-1,-1
00005142.jpg,236,57,452,292,-1,-1
00005143.jpg,235,60,451,295,-1,-1
00005144.jpg,234,62,450,297,-1,-1
00005145.jpg,233,65,449,300,-1,-1
00005146.jpg,234,67,450,302,-1,-1
00005147.jpg,235,66,451,301,-1,-1
00005148.jpg,235,66,451,301,-1,-1
00005149.jpg,235,66,451,301,-1,-1
00005150.jpg,236,65,452,300,-1,-1
00005151.jpg,236,65,452,300,-1,-1
00005152.jpg,235,65,451,300,-1,-1
00005153.jpg,236,65,452,300,-1,-1
00005154.jpg,239,64,455,299,-1,-1
00005155.jpg,240,62,456,297,-1,-1
00005156.jpg,241,60,457,295,-1,-1
00005157.jpg,241,57,457,292,-1,-1
00005158.jpg,243,58,459,293,-1,-1
00005159.jpg,244,59,460,294,-1,-1
00005160.jpg,245,58,461,293,-1,-1
00005161.jpg,245,59,461,294,-1,-1
00005162.jpg,245,61,461,296,-1,-1
00005163.jpg,245,61,461,296,-1,-1
00005164.jpg,244,61,460,296,-1,-1
00005165.jpg,245,60,461,295,-1,-1
00005166.jpg,245,60,461,295,-1,-1
00005167.jpg,245,61,461,296,-1,-1
00005168.jpg,245,61,461,296,-1,-1
00005169.jpg,244,62,460,297,-1,-1
00005170.jpg,243,63,459,298,-1,-1
00005171.jpg,243,62,459,297,-1,-1
00005172.jpg,243,60,459,295,-1,-1
00005173.jpg,242,57,458,292,-1,-1
00005174.jpg,242,58,458,293,-1,-1
00005175.jpg,242,59,458,294,-1,-1
00005176.jpg,241,59,457,294,-1,-1
00005177.jpg,241,59,457,294,-1,-1
00005178.jpg,241,59,457,294,-1,-1
00005179.jpg,240,58,456,293,-1,-1
00005180.jpg,240,60,456,295,-1,-1
00005181.jpg,239,58,455,293,-1,-1
00005182.jpg,239,60,455,295,-1,-1
00005183.jpg,239,61,455,296,-1,-1
00005184.jpg,238,61,454,296,-1,-1
00005185.jpg,238,61,454,296,-1,-1
00005186.jpg,237,62,453,297,-1,-1
00005187.jpg,236,63,452,298,-1,-1
00005188.jpg,235,64,451,299,-1,-1
00005189.jpg,235,66,451,301,-1,-1
00005190.jpg,234,67,450,302,-1,-1
00005191.jpg,233,67,449,302,-1,-1
00005192.jpg,233,67,449,302,-1,-1
00005193.jpg,235,68,451,303,-1,-1
00005194.jpg,236,68,452,303,-1,-1
00005195.jpg,236,68,452,303,-1,-1
00005196.jpg,237,68,453,303,-1,-1
00005197.jpg,238,68,454,303,-1,-1
00005198.jpg,239,68,455,303,-1,-1
00005199.jpg,240,67,456,302,-1,-1
00005200.jpg,241,66,457,301,-1,-1
00005201.jpg,242,65,458,300,-1,-1
00005202.jpg,244,63,460,298,-1,-1
00005203.jpg,246,63,462,298,-1,-1
00005204.jpg,249,64,465,299,-1,-1
00005205.jpg,253,66,469,301,-1,-1
00005206.jpg,257,67,473,302,-1,-1
00005207.jpg,263,67,479,302,-1,-1
00005208.jpg,270,67,486,302,875,178
00005209.jpg,275,67,491,302,875,178
00005210.jpg,277,68,486,296,875,178
00005211.jpg,277,68,486,296,875,178
00005212.jpg,278,69,487,297,875,178
00005213.jpg,278,69,487,297,875,178
00005214.jpg,278,70,487,298,875,178
00005215.jpg,279,70,488,298,875,178
00005216.jpg,280,70,489,298,875,178
00005217.jpg,281,73,490,301,875,178
00005218.jpg,283,75,492,303,875,178
00005219.jpg,284,76,493,304,875,178
00005220.jpg,285,76,494,304,875,178
00005221.jpg,285,76,494,304,875,178
00005222.jpg,284,76,493,304,875,178
00005223.jpg,283,76,492,304,875,178
00005224.jpg,281,76,490,304,875,178
00005225.jpg,280,75,489,303,875,178
00005226.jpg,278,73,487,301,875,178
00005227.jpg,276,72,485,300,875,178
00005228.jpg,274,71,483,299,875,178
00005229.jpg,272,70,481,298,875,178
00005230.jpg,269,69,478,297,877,173
00005231.jpg,266,68,475,296,878,172
00005232.jpg,262,68,471,296,880,168
00005233.jpg,260,68,469,296,881,165
00005234.jpg,257,68,466,296,883,164
00005235.jpg,256,69,465,297,884,163
00005236.jpg,255,70,464,298,884,163
00005237.jpg,254,71,463,299,884,163
00005238.jpg,253,71,462,299,884,168
00005239.jpg,252,71,461,299,884,169
00005240.jpg,253,70,462,298,882,172
00005241.jpg,252,70,461,298,882,172
00005242.jpg,252,69,461,297,-1,-1
00005243.jpg,251,69,460,297,-1,-1
00005244.jpg,251,68,460,296,-1,-1
00005245.jpg,250,67,459,295,-1,-1
00005246.jpg,249,66,458,294,-1,-1
00005247.jpg,247,65,456,293,-1,-1
00005248.jpg,246,64,455,292,-1,-1
00005249.jpg,245,64,454,292,-1,-1
00005250.jpg,244,63,453,291,-1,-1
00005251.jpg,243,62,452,290,-1,-1
00005252.jpg,242,61,451,289,-1,-1
00005253.jpg,241,61,450,289,-1,-1
00005254.jpg,241,61,450,289,-1,-1
00005255.jpg,241,61,450,289,-1,-1
00005256.jpg,246,63,455,291,-1,-1
00005257.jpg,247,62,456,290,-1,-1
00005258.jpg,249,62,458,290,-1,-1
00005259.jpg,250,63,459,291,-1,-1
00005260.jpg,251,64,460,292,-1,-1
00005261.jpg,251,63,460,291,-1,-1
00005262.jpg,251,63,460,291,-1,-1
00005263.jpg,251,63,460,291,-1,-1
00005264.jpg,252,63,461,291,-1,-1
00005265.jpg,253,63,462,291,-1,-1
00005266.jpg,255,63,464,291,-1,-1
00005267.jpg,256,63,465,291,-1,-1
00005268.jpg,257,63,466,291,-1,-1
00005269.jpg,256,63,465,291,-1,-1
00005270.jpg,254,64,463,292,-1,-1
00005271.jpg,253,65,462,293,-1,-1
00005272.jpg,250,65,459,293,-1,-1
00005273.jpg,247,65,456,293,-1,-1
00005274.jpg,244,65,453,293,-1,-1
00005275.jpg,240,65,449,293,-1,-1
00005276.jpg,239,66,448,294,-1,-1
00005277.jpg,237,66,446,294,-1,-1
00005278.jpg,236,67,445,295,-1,-1
00005279.jpg,235,67,444,295,-1,-1
00005280.jpg,235,67,444,295,-1,-1
00005281.jpg,235,67,444,295,-1,-1
00005282.jpg,235,67,444,295,-1,-1
00005283.jpg,235,67,444,295,-1,-1
00005284.jpg,235,67,444,295,-1,-1
00005285.jpg,236,68,445,296,-1,-1
00005286.jpg,236,67,445,295,-1,-1
00005287.jpg,236,67,445,295,-1,-1
00005288.jpg,237,67,446,295,-1,-1
00005289.jpg,237,67,446,295,-1,-1
00005290.jpg,238,67,447,295,-1,-1
00005291.jpg,238,67,447,295,-1,-1
00005292.jpg,239,67,448,295,-1,-1
00005293.jpg,239,66,448,294,-1,-1
00005294.jpg,239,66,448,294,-1,-1
00005295.jpg,240,66,449,294,-1,-1
00005296.jpg,240,66,449,294,-1,-1
00005297.jpg,241,66,450,294,-1,-1
00005298.jpg,237,63,446,291,-1,-1
00005299.jpg,240,63,449,291,-1,-1
00005300.jpg,246,63,455,291,-1,-1
00005301.jpg,251,62,460,290,-1,-1
00005302.jpg,256,61,465,289,-1,-1
00005303.jpg,258,60,467,288,-1,-1
00005304.jpg,258,61,467,289,-1,-1
00005305.jpg,258,62,467,290,-1,-1
00005306.jpg,259,62,468,290,-1,-1
00005307.jpg,261,62,470,290,-1,-1
00005308.jpg,262,61,471,289,-1,-1
00005309.jpg,263,62,472,290,-1,-1
00005310.jpg,263,64,472,292,-1,-1
00005311.jpg,263,65,472,293,-1,-1
00005312.jpg,263,67,472,295,-1,-1
00005313.jpg,264,67,473,295,-1,-1
00005314.jpg,264,66,473,294,-1,-1
00005315.jpg,264,65,473,293,-1,-1
00005316.jpg,262,66,471,294,-1,-1
00005317.jpg,261,67,470,295,-1,-1
00005318.jpg,260,69,469,297,-1,-1
00005319.jpg,258,70,467,298,-1,-1
00005320.jpg,258,71,467,299,-1,-1
00005321.jpg,256,73,465,301,881,169
00005322.jpg,252,76,461,304,881,169
00005323.jpg,253,76,462,304,881,169
00005324.jpg,255,76,464,304,881,169
00005325.jpg,256,76,465,304,881,169
00005326.jpg,259,74,468,302,879,174
00005327.jpg,260,73,469,301,878,175
00005328.jpg,261,72,470,300,878,175
00005329.jpg,261,72,470,300,878,175
00005330.jpg,260,72,469,300,878,172
00005331.jpg,261,71,470,299,878,172
00005332.jpg,263,71,472,299,878,172
00005333.jpg,264,71,473,299,878,172
00005334.jpg,263,71,472,299,878,172
00005335.jpg,262,72,471,300,878,172
00005336.jpg,261,72,470,300,878,172
00005337.jpg,260,71,469,299,878,172
00005338.jpg,260,71,469,299,878,172
00005339.jpg,260,71,469,299,878,172
00005340.jpg,260,71,469,299,878,172
00005341.jpg,260,71,469,299,878,172
00005342.jpg,259,70,468,298,878,172
00005343.jpg,258,70,467,298,879,172
00005344.jpg,257,69,466,297,879,172
00005345.jpg,257,68,466,296,879,172
00005346.jpg,257,68,466,296,879,172
00005347.jpg,257,68,466,296,879,172
00005348.jpg,258,68,467,296,879,172
00005349.jpg,258,69,467,297,879,172
00005350.jpg,259,71,468,299,879,172
00005351.jpg,260,73,469,301,879,172
00005352.jpg,260,75,469,303,879,172
00005353.jpg,261,76,470,304,879,172
00005354.jpg,262,76,471,304,879,172
00005355.jpg,262,76,471,304,879,172
00005356.jpg,263,76,472,304,879,172
00005357.jpg,263,76,472,304,879,172
00005358.jpg,263,75,472,303,-1,-1
00005359.jpg,263,74,472,302,-1,-1
00005360.jpg,262,73,471,301,-1,-1
00005361.jpg,260,72,469,300,-1,-1
00005362.jpg,258,70,467,298,-1,-1
00005363.jpg,256,68,465,296,-1,-1
00005364.jpg,254,66,463,294,-1,-1
00005365.jpg,251,65,460,293,-1,-1
00005366.jpg,248,64,457,292,-1,-1
00005367.jpg,244,62,453,290,-1,-1
00005368.jpg,241,60,450,288,-1,-1
00005369.jpg,238,59,447,287,-1,-1
00005370.jpg,235,57,444,285,-1,-1
00005371.jpg,234,55,443,283,-1,-1
00005372.jpg,233,53,442,281,-1,-1
00005373.jpg,235,59,444,287,-1,-1
00005374.jpg,234,54,443,282,-1,-1
00005375.jpg,235,54,444,282,-1,-1
00005376.jpg,235,54,444,282,-1,-1
