00005125.jpg,819,38,1059,288,372,170
00005126.jpg,819,38,1059,288,372,175
00005127.jpg,819,38,1059,288,372,177
00005128.jpg,819,38,1059,288,369,176
00005129.jpg,819,38,1059,288,370,174
00005130.jpg,819,38,1059,288,370,168
00005131.jpg,819,38,1059,288,369,164
00005132.jpg,819,38,1059,288,361,163
00005133.jpg,819,38,1059,288,361,159
00005134.jpg,819,38,1059,288,356,157
00005135.jpg,819,38,1059,288,357,151
00005136.jpg,820,38,1060,288,360,148
00005137.jpg,820,38,1060,288,361,148
00005138.jpg,820,38,1060,288,361,149
00005139.jpg,820,38,1060,288,361,152
00005140.jpg,820,38,1060,288,361,157
00005141.jpg,820,38,1060,288,361,157
00005142.jpg,820,38,1060,288,360,164
00005143.jpg,820,37,1060,287,358,167
00005144.jpg,819,37,1059,287,358,170
00005145.jpg,819,37,1059,287,359,172
00005146.jpg,819,37,1059,287,359,175
00005147.jpg,819,37,1059,287,354,178
00005148.jpg,819,37,1059,287,354,179
00005149.jpg,819,37,1059,287,350,176
00005150.jpg,819,37,1059,287,348,175
00005151.jpg,820,37,1060,287,347,173
00005152.jpg,820,37,1060,287,348,173
00005153.jpg,820,37,1060,287,353,170
00005154.jpg,820,37,1060,287,356,166
00005155.jpg,820,37,1060,287,357,161
00005156.jpg,820,37,1060,287,358,158
00005157.jpg,819,37,1059,287,359,159
00005158.jpg,819,37,1059,287,364,159
00005159.jpg,819,37,1059,287,366,159
00005160.jpg,819,37,1059,287,366,159
00005161.jpg,819,37,1059,287,367,162
00005162.jpg,818,37,1058,287,367,163
00005163.jpg,818,37,1058,287,367,167
00005164.jpg,818,37,1058,287,369,165
00005165.jpg,819,37,1059,287,372,161
00005166.jpg,819,37,1059,287,370,161
00005167.jpg,819,37,1059,287,364,155
00005168.jpg,819,37,1059,287,364,156
00005169.jpg,819,37,1059,287,362,160
00005170.jpg,820,37,1060,287,360,164
00005171.jpg,820,37,1060,287,358,164
00005172.jpg,820,37,1060,287,359,157
00005173.jpg,820,37,1060,287,359,152
00005174.jpg,820,37,1060,287,358,149
00005175.jpg,820,37,1060,287,359,150
00005176.jpg,820,37,1060,287,359,153
00005177.jpg,820,37,1060,287,357,157
00005178.jpg,820,37,1060,287,356,154
00005179.jpg,820,38,1060,288,356,155
00005180.jpg,820,38,1060,288,357,158
00005181.jpg,819,38,1059,288,357,158
00005182.jpg,819,38,1059,288,359,161
00005183.jpg,819,38,1059,288,363,162
00005184.jpg,819,38,1059,288,364,163
00005185.jpg,819,38,1059,288,370,161
00005186.jpg,819,38,1059,288,373,161
00005187.jpg,819,38,1059,288,376,163
00005188.jpg,819,39,1059,289,375,167
00005189.jpg,819,38,1059,288,381,172
00005190.jpg,819,38,1059,288,382,172
00005191.jpg,819,38,1059,288,388,176
00005192.jpg,819,38,1059,288,393,178
00005193.jpg,820,38,1060,288,399,177
00005194.jpg,820,38,1060,288,408,174
00005195.jpg,820,38,1060,288,407,175
00005196.jpg,820,38,1060,288,412,175
00005197.jpg,820,38,1060,288,411,175
00005198.jpg,820,38,1060,288,416,174
00005199.jpg,820,38,1060,288,419,172
00005200.jpg,820,38,1060,288,422,172
00005201.jpg,820,38,1060,288,422,170
00005202.jpg,820,38,1060,288,429,171
00005203.jpg,820,38,1060,288,432,169
00005204.jpg,820,38,1060,288,436,170
00005205.jpg,820,38,1060,288,441,172
00005206.jpg,820,38,1060,288,449,175
00005207.jpg,820,38,1060,288,454,176
00005208.jpg,820,38,1060,288,459,176
00005209.jpg,820,38,1060,288,465,175
00005210.jpg,820,38,1060,288,468,175
00005211.jpg,820,38,1060,288,468,175
00005212.jpg,820,38,1060,288,468,175
00005213.jpg,819,38,1059,288,468,175
00005214.jpg,819,38,1059,288,468,175
00005215.jpg,819,38,1059,288,469,177
00005216.jpg,819,38,1059,288,469,177
00005217.jpg,819,38,1059,288,472,181
00005218.jpg,819,38,1059,288,475,185
00005219.jpg,819,37,1059,287,476,189
00005220.jpg,819,37,1059,287,476,189
00005221.jpg,819,38,1059,288,476,189
00005222.jpg,819,38,1059,288,476,189
00005223.jpg,820,38,1060,288,472,187
00005224.jpg,819,39,1059,289,472,187
00005225.jpg,819,39,1059,289,468,182
00005226.jpg,819,39,1059,289,467,180
00005227.jpg,820,38,1060,288,465,178
00005228.jpg,820,38,1060,288,463,177
00005229.jpg,821,36,1061,286,462,175
00005230.jpg,822,34,1062,284,458,173
00005231.jpg,824,32,1064,282,458,173
00005232.jpg,826,31,1066,281,453,172
00005233.jpg,827,31,1067,281,448,170
00005234.jpg,828,30,1068,280,447,174
00005235.jpg,828,30,1068,280,446,174
00005236.jpg,828,30,1068,280,442,173
00005237.jpg,827,31,1067,281,442,173
00005238.jpg,826,32,1066,282,442,175
00005239.jpg,825,33,1065,283,438,174
00005240.jpg,825,34,1065,284,438,174
00005241.jpg,824,34,1064,284,436,172
00005242.jpg,824,33,1064,283,436,172
00005243.jpg,825,32,1065,282,436,172
00005244.jpg,826,31,1066,281,436,172
00005245.jpg,826,31,1066,281,436,172
00005246.jpg,827,31,1067,281,435,172
00005247.jpg,827,31,1067,281,430,172
00005248.jpg,826,31,1066,281,429,171
00005249.jpg,826,32,1066,282,426,170
00005250.jpg,825,32,1065,282,423,170
00005251.jpg,824,33,1064,283,419,170
00005252.jpg,824,33,1064,283,419,170
00005253.jpg,824,33,1064,283,419,170
00005254.jpg,824,32,1064,282,419,170
00005255.jpg,824,32,1064,282,417,168
00005256.jpg,825,31,1065,281,417,168
00005257.jpg,825,31,1065,281,417,168
00005258.jpg,825,31,1065,281,422,171
00005259.jpg,825,32,1065,282,422,171
00005260.jpg,825,32,1065,282,424,172
00005261.jpg,825,33,1065,283,424,172
00005262.jpg,824,33,1064,283,424,172
00005263.jpg,824,33,1064,283,425,169
00005264.jpg,824,32,1064,282,427,168
00005265.jpg,824,32,1064,282,427,167
00005266.jpg,824,32,1064,282,427,167
00005267.jpg,824,32,1064,282,429,169
00005268.jpg,824,32,1064,282,432,170
00005269.jpg,824,32,1064,282,432,169
00005270.jpg,823,32,1063,282,429,168
00005271.jpg,823,33,1063,283,427,173
00005272.jpg,822,33,1062,283,423,176
00005273.jpg,822,33,1062,283,419,176
00005274.jpg,821,33,1061,283,416,178
00005275.jpg,821,33,1061,283,414,176
00005276.jpg,821,33,1061,283,410,178
00005277.jpg,821,33,1061,283,410,176
00005278.jpg,821,33,1061,283,407,177
00005279.jpg,821,33,1061,283,406,178
00005280.jpg,821,33,1061,283,404,178
00005281.jpg,821,33,1061,283,404,178
00005282.jpg,821,33,1061,283,404,178
00005283.jpg,822,34,1062,284,404,178
00005284.jpg,822,34,1062,284,404,178
00005285.jpg,822,34,1062,284,404,178
00005286.jpg,822,34,1062,284,406,178
00005287.jpg,822,34,1062,284,408,178
00005288.jpg,822,34,1062,284,408,178
00005289.jpg,822,34,1062,284,408,178
00005290.jpg,822,34,1062,284,409,178
00005291.jpg,822,34,1062,284,410,178
00005292.jpg,822,34,1062,284,411,178
00005293.jpg,822,34,1062,284,413,178
00005294.jpg,822,34,1062,284,413,178
00005295.jpg,822,34,1062,284,413,178
00005296.jpg,822,34,1062,284,413,178
00005297.jpg,822,34,1062,284,416,175
00005298.jpg,822,34,1062,284,416,174
00005299.jpg,822,34,1062,284,416,178
00005300.jpg,822,34,1062,284,422,178
00005301.jpg,822,34,1062,284,429,178
00005302.jpg,822,34,1062,284,433,176
00005303.jpg,822,34,1062,284,435,173
00005304.jpg,822,34,1062,284,435,173
00005305.jpg,822,34,1062,284,433,176
00005306.jpg,822,34,1062,284,433,176
00005307.jpg,822,34,1062,284,432,177
00005308.jpg,822,34,1062,284,437,176
00005309.jpg,821,34,1061,284,439,174
00005310.jpg,821,34,1061,284,442,176
00005311.jpg,821,34,1061,284,439,177
00005312.jpg,821,34,1061,284,439,180
00005313.jpg,821,34,1061,284,439,180
00005314.jpg,821,35,1061,285,442,180
00005315.jpg,821,36,1061,286,443,177
00005316.jpg,822,37,1062,287,441,176
00005317.jpg,821,37,1061,287,440,180
00005318.jpg,821,37,1061,287,440,180
00005319.jpg,822,34,1062,284,436,184
00005320.jpg,823,32,1063,282,437,183
00005321.jpg,825,30,1065,280,436,181
00005322.jpg,826,29,1066,279,436,184
00005323.jpg,826,30,1066,280,436,184
00005324.jpg,825,32,1065,282,436,189
00005325.jpg,824,33,1064,283,437,189
00005326.jpg,823,35,1063,285,441,190
00005327.jpg,823,35,1063,285,442,184
00005328.jpg,822,35,1062,285,444,185
00005329.jpg,823,33,1063,283,445,181
00005330.jpg,824,31,1064,281,445,181
00005331.jpg,825,30,1065,280,447,181
00005332.jpg,826,30,1066,280,447,181
00005333.jpg,826,30,1066,280,448,181
00005334.jpg,825,32,1065,282,448,181
00005335.jpg,825,33,1065,283,448,181
00005336.jpg,824,34,1064,284,448,181
00005337.jpg,824,34,1064,284,448,181
00005338.jpg,824,34,1064,284,448,181
00005339.jpg,824,33,1064,283,447,181
00005340.jpg,825,32,1065,282,447,181
00005341.jpg,826,31,1066,281,447,176
00005342.jpg,826,31,1066,281,447,176
00005343.jpg,826,32,1066,282,447,176
00005344.jpg,826,33,1066,283,447,176
00005345.jpg,825,34,1065,284,447,176
00005346.jpg,824,35,1064,285,447,176
00005347.jpg,824,35,1064,285,447,175
00005348.jpg,824,34,1064,284,447,175
00005349.jpg,824,33,1064,283,447,175
00005350.jpg,824,33,1064,283,447,175
00005351.jpg,824,32,1064,282,448,181
00005352.jpg,825,32,1065,282,449,183
00005353.jpg,824,33,1064,283,449,183
00005354.jpg,824,34,1064,284,449,183
00005355.jpg,824,34,1064,284,451,183
00005356.jpg,824,34,1064,284,451,183
00005357.jpg,824,34,1064,284,451,183
00005358.jpg,824,34,1064,284,451,183
00005359.jpg,824,34,1064,284,451,183
00005360.jpg,824,33,1064,283,451,183
00005361.jpg,825,33,1065,283,448,178
00005362.jpg,825,33,1065,283,445,175
00005363.jpg,825,33,1065,283,441,172
00005364.jpg,824,34,1064,284,438,172
00005365.jpg,824,34,1064,284,430,169
00005366.jpg,824,34,1064,284,429,166
00005367.jpg,824,35,1064,285,424,167
00005368.jpg,824,34,1064,284,415,164
00005369.jpg,824,34,1064,284,410,165
00005370.jpg,824,34,1064,284,404,162
00005371.jpg,824,34,1064,284,397,160
00005372.jpg,824,34,1064,284,396,160
00005373.jpg,824,34,1064,284,386,160
00005374.jpg,824,34,1064,284,386,159
00005375.jpg,824,34,1064,284,379,164
00005376.jpg,824,34,1064,284,372,167
