00001891.jpg,673,72,886,293,596,542
00001892.jpg,673,72,886,293,592,535
00001893.jpg,673,72,886,293,597,562
00001894.jpg,673,72,886,293,597,556
00001895.jpg,672,72,885,293,598,550
00001896.jpg,672,72,885,293,602,545
00001897.jpg,671,72,884,293,605,528
00001898.jpg,671,73,884,294,636,611
00001899.jpg,671,73,884,294,635,604
00001900.jpg,671,73,884,294,633,600
00001901.jpg,671,73,884,294,630,598
00001902.jpg,671,73,884,294,630,594
00001903.jpg,671,73,884,294,630,593
00001904.jpg,672,73,885,294,632,593
00001905.jpg,672,73,885,294,630,593
00001906.jpg,672,73,885,294,630,588
00001907.jpg,672,73,885,294,630,591
00001908.jpg,672,73,885,294,632,591
00001909.jpg,671,74,884,295,633,589
00001910.jpg,668,74,881,295,629,589
00001911.jpg,666,76,879,297,632,590
00001912.jpg,666,76,879,297,629,590
00001913.jpg,664,80,877,301,632,590
00001914.jpg,661,86,874,307,629,590
00001915.jpg,658,92,871,313,632,590
00001916.jpg,652,101,865,322,629,590
00001917.jpg,648,106,861,327,630,591
00001918.jpg,648,106,861,327,630,591
00001919.jpg,641,116,854,337,630,591
00001920.jpg,635,123,848,344,629,591
00001921.jpg,629,127,842,348,630,591
00001922.jpg,624,130,837,351,629,591
00001923.jpg,620,134,833,355,628,591
00001924.jpg,620,134,833,355,628,591
00001925.jpg,617,137,830,358,627,591
00001926.jpg,614,139,827,360,627,591
00001927.jpg,612,140,825,361,627,592
00001928.jpg,612,142,825,363,632,589
00001929.jpg,611,143,824,364,638,581
00001930.jpg,611,143,824,364,639,579
00001931.jpg,613,145,826,366,643,570
00001932.jpg,615,147,828,368,647,556
00001933.jpg,618,148,831,369,657,541
00001934.jpg,621,148,834,369,670,512
00001935.jpg,625,149,838,370,682,493
00001936.jpg,625,149,838,370,682,493
00001937.jpg,630,149,843,370,696,465
00001938.jpg,637,149,850,370,706,440
00001939.jpg,647,151,860,372,724,422
00001940.jpg,655,152,868,373,734,396
00001941.jpg,661,151,874,372,752,384
00001942.jpg,661,151,874,372,752,384
00001943.jpg,669,149,882,370,755,372
00001944.jpg,667,151,880,372,760,361
00001945.jpg,669,149,882,370,762,353
00001946.jpg,672,146,885,367,766,343
00001947.jpg,675,139,888,360,772,334
00001948.jpg,675,139,888,360,776,330
00001949.jpg,681,130,894,351,777,326
00001950.jpg,681,130,894,351,786,319
