00046177.jpg,179,53,316,199,-1,-1
00046178.jpg,179,53,316,199,-1,-1
00046179.jpg,179,53,316,199,546,122
00046180.jpg,179,53,316,199,546,122
00046181.jpg,178,53,315,199,548,123
00046182.jpg,178,53,315,199,548,123
00046183.jpg,177,53,314,199,548,123
00046184.jpg,177,53,314,199,548,123
00046185.jpg,176,53,313,199,548,125
00046186.jpg,176,53,313,199,548,125
00046187.jpg,176,53,313,199,548,125
00046188.jpg,176,53,313,199,548,125
00046189.jpg,175,53,312,199,542,125
00046190.jpg,175,53,312,199,542,125
00046191.jpg,175,53,312,199,539,126
00046192.jpg,176,54,313,200,535,125
00046193.jpg,176,54,313,200,533,126
00046194.jpg,176,54,313,200,530,129
00046195.jpg,177,55,314,201,530,132
00046196.jpg,177,55,314,201,526,138
00046197.jpg,178,56,315,202,-1,-1
00046198.jpg,178,56,315,202,-1,-1
00046199.jpg,178,56,315,202,-1,-1
00046200.jpg,178,57,315,203,-1,-1
00046201.jpg,179,58,316,204,-1,-1
00046202.jpg,179,59,316,205,-1,-1
00046203.jpg,180,60,317,206,-1,-1
00046204.jpg,180,61,317,207,-1,-1
00046205.jpg,180,62,317,208,-1,-1
00046206.jpg,180,64,317,210,-1,-1
00046207.jpg,181,65,318,211,-1,-1
00046208.jpg,181,65,318,211,-1,-1
00046209.jpg,181,66,318,212,-1,-1
00046210.jpg,181,67,318,213,-1,-1
00046211.jpg,181,67,318,213,-1,-1
00046212.jpg,181,68,318,214,-1,-1
00046213.jpg,182,68,319,214,-1,-1
00046214.jpg,182,69,319,215,-1,-1
00046215.jpg,183,69,320,215,-1,-1
00046216.jpg,183,69,320,215,-1,-1
00046217.jpg,183,70,320,216,-1,-1
00046218.jpg,184,69,321,215,-1,-1
00046219.jpg,184,70,321,216,-1,-1
00046220.jpg,184,70,321,216,-1,-1
00046221.jpg,185,70,322,216,-1,-1
00046222.jpg,185,70,322,216,-1,-1
00046223.jpg,185,70,322,216,-1,-1
00046224.jpg,185,70,322,216,-1,-1
00046225.jpg,184,71,321,217,-1,-1
00046226.jpg,184,71,321,217,-1,-1
00046227.jpg,184,71,321,217,-1,-1
00046228.jpg,184,71,321,217,-1,-1
00046229.jpg,184,71,321,217,-1,-1
00046230.jpg,184,70,321,216,-1,-1
00046231.jpg,184,70,321,216,-1,-1
00046232.jpg,184,70,321,216,-1,-1
00046233.jpg,184,69,321,215,-1,-1
00046234.jpg,184,68,321,214,-1,-1
00046235.jpg,184,67,321,213,-1,-1
00046236.jpg,184,66,321,212,-1,-1
00046237.jpg,184,65,321,211,-1,-1
00046238.jpg,185,65,322,211,-1,-1
00046239.jpg,187,66,324,212,-1,-1
00046240.jpg,187,66,324,212,-1,-1
00046241.jpg,186,66,323,212,-1,-1
00046242.jpg,187,68,324,214,-1,-1
00046243.jpg,187,68,324,214,-1,-1
00046244.jpg,187,69,324,215,-1,-1
00046245.jpg,187,69,324,215,-1,-1
00046246.jpg,186,69,323,215,-1,-1
00046247.jpg,186,69,323,215,-1,-1
00046248.jpg,186,69,323,215,-1,-1
00046249.jpg,186,69,323,215,-1,-1
00046250.jpg,186,69,323,215,-1,-1
00046251.jpg,186,69,323,215,-1,-1
00046252.jpg,187,69,324,215,-1,-1
00046253.jpg,187,69,324,215,-1,-1
00046254.jpg,187,69,324,215,-1,-1
00046255.jpg,186,69,323,215,-1,-1
00046256.jpg,187,69,324,215,-1,-1
00046257.jpg,187,68,324,214,-1,-1
00046258.jpg,187,68,324,214,-1,-1
00046259.jpg,187,69,324,215,-1,-1
00046260.jpg,187,68,324,214,-1,-1
00046261.jpg,187,68,324,214,-1,-1
00046262.jpg,187,68,324,214,-1,-1
00046263.jpg,187,68,324,214,-1,-1
00046264.jpg,188,68,325,214,-1,-1
00046265.jpg,188,68,325,214,463,208
00046266.jpg,189,67,326,213,463,208
00046267.jpg,189,67,326,213,463,208
00046268.jpg,188,67,325,213,463,208
00046269.jpg,187,67,324,213,463,208
00046270.jpg,187,68,324,214,463,208
00046271.jpg,187,68,324,214,463,208
00046272.jpg,187,69,324,215,463,208
00046273.jpg,188,69,325,215,463,208
00046274.jpg,188,69,325,215,463,207
00046275.jpg,189,69,326,215,463,207
00046276.jpg,189,68,326,214,463,204
00046277.jpg,189,68,326,214,463,204
00046278.jpg,188,68,325,214,462,200
00046279.jpg,188,68,325,214,462,198
00046280.jpg,188,69,325,215,462,198
00046281.jpg,188,69,325,215,461,193
00046282.jpg,188,69,325,215,461,188
00046283.jpg,187,70,324,216,461,186
00046284.jpg,187,70,324,216,461,186
00046285.jpg,186,70,323,216,461,186
00046286.jpg,186,70,323,216,461,186
00046287.jpg,186,70,323,216,460,180
00046288.jpg,186,70,323,216,460,180
00046289.jpg,186,70,323,216,460,180
00046290.jpg,186,70,323,216,459,179
00046291.jpg,186,70,323,216,459,179
00046292.jpg,186,70,323,216,462,177
00046293.jpg,186,69,323,215,462,177
00046294.jpg,186,69,323,215,462,177
00046295.jpg,186,69,323,215,462,177
00046296.jpg,186,69,323,215,462,177
00046297.jpg,186,69,323,215,467,168
00046298.jpg,186,69,323,215,463,170
00046299.jpg,186,69,323,215,470,171
00046300.jpg,186,69,323,215,466,172
00046301.jpg,186,69,323,215,466,174
00046302.jpg,186,69,323,215,468,171
00046303.jpg,186,69,323,215,465,169
00046304.jpg,186,69,323,215,468,168
00046305.jpg,186,69,323,215,468,169
00046306.jpg,186,69,323,215,468,167
00046307.jpg,185,70,322,216,472,165
00046308.jpg,185,70,322,216,474,162
00046309.jpg,185,70,322,216,474,161
00046310.jpg,185,70,322,216,476,157
00046311.jpg,185,70,322,216,482,152
00046312.jpg,185,70,322,216,482,151
00046313.jpg,185,70,322,216,488,151
00046314.jpg,185,70,322,216,492,150
00046315.jpg,185,70,322,216,489,150
00046316.jpg,185,70,322,216,487,149
00046317.jpg,185,70,322,216,490,149
00046318.jpg,185,70,322,216,490,148
00046319.jpg,185,70,322,216,490,148
00046320.jpg,185,70,322,216,492,148
00046321.jpg,185,70,322,216,493,148
00046322.jpg,185,70,322,216,493,148
00046323.jpg,185,70,322,216,495,148
00046324.jpg,185,70,322,216,495,148
00046325.jpg,185,70,322,216,495,147
00046326.jpg,185,70,322,216,495,147
00046327.jpg,185,70,322,216,495,147
00046328.jpg,185,70,322,216,495,147
00046329.jpg,185,70,322,216,495,147
00046330.jpg,185,70,322,216,495,147
00046331.jpg,185,70,322,216,495,147
00046332.jpg,185,70,322,216,495,147
00046333.jpg,185,70,322,216,495,147
00046334.jpg,185,70,322,216,495,147
00046335.jpg,185,70,322,216,495,147
00046336.jpg,185,70,322,216,495,147
00046337.jpg,185,70,322,216,495,147
00046338.jpg,185,70,322,216,495,147
00046339.jpg,185,70,322,216,495,147
00046340.jpg,185,70,322,216,495,147
00046341.jpg,185,70,322,216,495,147
00046342.jpg,185,69,322,215,-1,-1
00046343.jpg,185,70,322,216,-1,-1
00046344.jpg,184,69,321,215,-1,-1
00046345.jpg,184,70,321,216,-1,-1
00046346.jpg,184,70,321,216,-1,-1
00046347.jpg,185,70,322,216,-1,-1
00046348.jpg,185,70,322,216,-1,-1
00046349.jpg,185,70,322,216,-1,-1
00046350.jpg,184,70,321,216,-1,-1
00046351.jpg,185,69,322,215,-1,-1
00046352.jpg,185,69,322,215,-1,-1
00046353.jpg,186,68,323,214,-1,-1
00046354.jpg,186,68,323,214,-1,-1
00046355.jpg,186,68,323,214,-1,-1
00046356.jpg,186,67,323,213,-1,-1
00046357.jpg,185,67,322,213,-1,-1
00046358.jpg,185,67,322,213,-1,-1
00046359.jpg,185,67,322,213,-1,-1
00046360.jpg,186,66,323,212,-1,-1
00046361.jpg,186,66,323,212,-1,-1
00046362.jpg,187,66,324,212,-1,-1
00046363.jpg,187,66,324,212,-1,-1
00046364.jpg,187,66,324,212,-1,-1
00046365.jpg,188,67,325,213,-1,-1
00046366.jpg,188,67,325,213,-1,-1
00046367.jpg,189,68,326,214,-1,-1
00046368.jpg,190,68,327,214,-1,-1
00046369.jpg,191,69,328,215,-1,-1
00046370.jpg,191,69,328,215,-1,-1
00046371.jpg,188,68,325,214,-1,-1
00046372.jpg,189,68,326,214,-1,-1
00046373.jpg,191,69,328,215,-1,-1
00046374.jpg,192,69,329,215,-1,-1
00046375.jpg,193,69,330,215,-1,-1
00046376.jpg,194,69,331,215,-1,-1
00046377.jpg,196,70,333,216,-1,-1
00046378.jpg,202,72,339,218,-1,-1
00046379.jpg,209,68,346,214,-1,-1
00046380.jpg,210,68,347,214,-1,-1
00046381.jpg,211,68,348,214,-1,-1
00046382.jpg,211,68,348,214,-1,-1
00046383.jpg,212,68,349,214,-1,-1
00046384.jpg,212,67,349,213,452,202
00046385.jpg,213,67,350,213,454,202
00046386.jpg,214,67,351,213,456,202
00046387.jpg,215,67,352,213,456,202
00046388.jpg,215,67,352,213,452,200
00046389.jpg,215,67,352,213,455,201
00046390.jpg,215,67,352,213,-1,-1
00046391.jpg,215,67,352,213,-1,-1
00046392.jpg,215,67,352,213,-1,-1
00046393.jpg,215,66,352,212,-1,-1
00046394.jpg,215,66,352,212,-1,-1
00046395.jpg,215,65,352,211,-1,-1
00046396.jpg,216,64,353,210,-1,-1
00046397.jpg,217,64,354,210,-1,-1
00046398.jpg,218,64,355,210,-1,-1
00046399.jpg,220,63,357,209,-1,-1
00046400.jpg,222,63,359,209,499,170
00046401.jpg,224,64,361,210,498,168
00046402.jpg,227,64,364,210,498,168
00046403.jpg,229,65,366,211,498,168
00046404.jpg,231,65,368,211,498,167
00046405.jpg,235,64,372,210,498,164
00046406.jpg,237,65,374,211,497,164
00046407.jpg,241,64,378,210,-1,-1
00046408.jpg,243,65,380,211,-1,-1
00046409.jpg,244,72,381,218,-1,-1
00046410.jpg,246,74,383,220,-1,-1
00046411.jpg,248,73,385,219,-1,-1
00046412.jpg,249,73,386,219,-1,-1
00046413.jpg,250,72,387,218,-1,-1
00046414.jpg,250,71,387,217,-1,-1
00046415.jpg,250,70,387,216,-1,-1
00046416.jpg,251,66,388,212,-1,-1
00046417.jpg,251,62,388,208,-1,-1
00046418.jpg,249,60,386,206,-1,-1
00046419.jpg,247,57,384,203,-1,-1
00046420.jpg,244,56,381,202,-1,-1
00046421.jpg,240,55,377,201,-1,-1
00046422.jpg,237,54,374,200,490,173
00046423.jpg,234,53,371,199,490,173
00046424.jpg,231,51,368,197,486,173
00046425.jpg,227,50,364,196,482,174
00046426.jpg,223,49,360,195,480,174
00046427.jpg,221,49,358,195,479,178
00046428.jpg,220,48,357,194,476,178
00046429.jpg,221,49,358,195,472,179
00046430.jpg,222,51,359,197,470,179
00046431.jpg,222,52,359,198,468,181
00046432.jpg,222,55,359,201,468,184
00046433.jpg,226,57,363,203,468,182
00046434.jpg,228,59,365,205,-1,-1
00046435.jpg,229,61,366,207,-1,-1
00046436.jpg,230,62,367,208,-1,-1
00046437.jpg,232,61,369,207,-1,-1
00046438.jpg,235,58,372,204,-1,-1
00046439.jpg,237,58,374,204,-1,-1
00046440.jpg,240,58,377,204,-1,-1
00046441.jpg,244,58,381,204,-1,-1
00046442.jpg,247,58,384,204,-1,-1
00046443.jpg,250,57,387,203,-1,-1
00046444.jpg,254,57,391,203,-1,-1
00046445.jpg,258,59,395,205,469,182
00046446.jpg,262,60,399,206,469,182
00046447.jpg,265,62,402,208,469,182
00046448.jpg,269,63,406,209,469,182
00046449.jpg,272,64,409,210,469,182
00046450.jpg,276,65,413,211,469,182
00046451.jpg,279,66,416,212,469,182
00046452.jpg,284,67,421,213,470,182
00046453.jpg,288,67,425,213,471,182
00046454.jpg,293,73,430,219,472,182
00046455.jpg,299,71,436,217,474,181
00046456.jpg,303,71,440,217,474,180
00046457.jpg,306,74,443,220,476,180
00046458.jpg,307,74,444,220,476,180
00046459.jpg,307,75,444,221,477,180
00046460.jpg,307,75,444,221,477,180
00046461.jpg,306,75,443,221,477,180
00046462.jpg,305,75,442,221,477,180
00046463.jpg,303,72,440,218,477,180
00046464.jpg,301,72,438,218,477,180
00046465.jpg,300,71,437,217,477,180
00046466.jpg,298,71,435,217,477,180
00046467.jpg,296,72,433,218,477,180
00046468.jpg,294,72,431,218,477,180
00046469.jpg,292,73,429,219,477,180
00046470.jpg,291,73,428,219,477,180
00046471.jpg,289,73,426,219,477,180
00046472.jpg,289,73,426,219,477,180
00046473.jpg,289,72,426,218,477,180
00046474.jpg,289,72,426,218,477,180
00046475.jpg,289,72,426,218,477,180
00046476.jpg,289,73,426,219,477,180
00046477.jpg,290,73,427,219,477,180
00046478.jpg,290,73,427,219,477,180
00046479.jpg,290,73,427,219,477,180
00046480.jpg,291,74,428,220,-1,-1
00046481.jpg,292,73,429,219,-1,-1
00046482.jpg,293,74,430,220,-1,-1
00046483.jpg,294,74,431,220,-1,-1
00046484.jpg,294,74,431,220,-1,-1
00046485.jpg,294,74,431,220,-1,-1
00046486.jpg,295,74,432,220,-1,-1
00046487.jpg,294,74,431,220,-1,-1
00046488.jpg,295,74,432,220,-1,-1
00046489.jpg,294,75,431,221,-1,-1
00046490.jpg,293,75,430,221,-1,-1
00046491.jpg,293,75,430,221,-1,-1
00046492.jpg,293,78,430,224,-1,-1
00046493.jpg,292,78,429,224,-1,-1
00046494.jpg,294,79,431,225,-1,-1
00046495.jpg,294,80,431,226,-1,-1
00046496.jpg,293,79,430,225,-1,-1
00046497.jpg,291,79,428,225,-1,-1
00046498.jpg,289,77,426,223,-1,-1
00046499.jpg,289,75,426,221,-1,-1
00046500.jpg,289,74,426,220,453,189
00046501.jpg,289,73,426,219,453,189
00046502.jpg,289,71,426,217,453,189
00046503.jpg,289,70,426,216,453,189
00046504.jpg,289,67,426,213,454,188
00046505.jpg,290,65,427,211,455,188
00046506.jpg,290,65,427,211,455,188
00046507.jpg,291,64,428,210,455,186
00046508.jpg,292,63,429,209,455,186
00046509.jpg,292,61,429,207,455,186
00046510.jpg,293,60,430,206,456,183
00046511.jpg,291,59,428,205,456,182
00046512.jpg,289,60,426,206,456,182
00046513.jpg,287,62,424,208,456,182
00046514.jpg,285,63,422,209,455,180
00046515.jpg,283,63,420,209,455,180
00046516.jpg,282,63,419,209,455,180
00046517.jpg,281,62,418,208,455,179
00046518.jpg,280,62,417,208,456,176
00046519.jpg,280,62,417,208,455,176
00046520.jpg,280,61,417,207,455,176
00046521.jpg,281,62,418,208,455,176
00046522.jpg,281,63,418,209,457,174
00046523.jpg,281,67,418,213,457,174
00046524.jpg,281,70,418,216,457,174
00046525.jpg,281,71,418,217,457,174
00046526.jpg,281,73,418,219,458,172
00046527.jpg,282,74,419,220,459,171
00046528.jpg,282,75,419,221,459,170
00046529.jpg,283,75,420,221,459,170
00046530.jpg,285,74,422,220,460,169
00046531.jpg,287,73,424,219,460,167
00046532.jpg,288,73,425,219,462,166
00046533.jpg,288,73,425,219,463,164
00046534.jpg,288,74,425,220,464,164
00046535.jpg,289,73,426,219,464,164
00046536.jpg,288,73,425,219,465,162
00046537.jpg,288,73,425,219,466,162
00046538.jpg,287,73,424,219,470,160
00046539.jpg,286,73,423,219,471,158
00046540.jpg,284,74,421,220,471,158
00046541.jpg,283,74,420,220,474,156
00046542.jpg,281,74,418,220,476,154
00046543.jpg,281,74,418,220,476,154
00046544.jpg,278,75,415,221,484,143
00046545.jpg,277,75,414,221,484,142
00046546.jpg,272,75,409,221,486,142
00046547.jpg,271,75,408,221,487,142
00046548.jpg,270,75,407,221,490,138
00046549.jpg,269,74,406,220,492,136
00046550.jpg,269,74,406,220,494,136
00046551.jpg,269,74,406,220,495,136
00046552.jpg,269,75,406,221,498,136
00046553.jpg,269,75,406,221,498,135
00046554.jpg,269,75,406,221,503,132
00046555.jpg,269,75,406,221,504,132
00046556.jpg,269,75,406,221,508,125
00046557.jpg,269,75,406,221,514,121
00046558.jpg,269,75,406,221,515,120
00046559.jpg,269,75,406,221,516,120
00046560.jpg,270,75,407,221,526,113
00046561.jpg,270,75,407,221,531,112
00046562.jpg,270,75,407,221,537,109
