00006317.jpg,380,72,450,148,305,88
00006318.jpg,386,62,456,139,303,82
00006319.jpg,393,53,465,135,300,80
00006320.jpg,399,50,473,131,327,189
00006321.jpg,399,50,473,131,328,189
00006322.jpg,407,49,481,130,328,190
00006323.jpg,413,50,487,131,329,190
00006324.jpg,417,53,491,134,57,204
00006325.jpg,418,56,492,137,63,212
00006326.jpg,418,56,492,137,63,211
00006327.jpg,418,59,492,140,66,213
00006328.jpg,419,62,499,150,70,215
00006329.jpg,419,62,499,150,74,215
00006330.jpg,419,62,499,150,75,217
00006331.jpg,422,59,502,147,78,220
00006332.jpg,425,54,505,142,89,220
00006333.jpg,431,48,511,136,98,217
00006334.jpg,437,45,517,133,108,207
00006335.jpg,437,45,517,133,108,207
00006336.jpg,444,43,524,131,116,204
00006337.jpg,451,43,531,131,123,204
00006338.jpg,457,45,537,133,128,201
00006339.jpg,456,37,541,131,136,200
00006340.jpg,461,41,541,131,137,200
00006341.jpg,464,44,544,134,139,199
00006342.jpg,466,47,546,137,142,199
00006343.jpg,466,49,546,139,151,203
00006344.jpg,462,50,550,150,155,205
00006345.jpg,462,50,550,150,159,210
00006346.jpg,462,50,550,150,159,210
00006347.jpg,460,48,548,148,162,211
00006348.jpg,457,44,545,144,164,211
00006349.jpg,447,42,544,145,170,211
00006350.jpg,447,42,544,145,175,213
00006351.jpg,442,40,539,143,183,216
00006352.jpg,436,39,533,142,193,218
00006353.jpg,429,41,526,144,207,218
00006354.jpg,429,41,526,144,207,218
