00245418.jpg,1036,278,1501,750,1119,1016
00245419.jpg,1036,278,1501,750,1119,1016
00245420.jpg,1036,278,1501,750,1116,1044
00245421.jpg,1036,278,1501,750,1111,1060
00245422.jpg,1035,282,1500,754,1109,1064
00245423.jpg,1035,287,1500,759,1108,1065
00245424.jpg,1035,292,1500,764,1090,1065
00245425.jpg,1036,297,1501,769,1093,1065
00245426.jpg,1036,301,1501,773,-1,-1
00245427.jpg,1036,305,1501,777,-1,-1
00245428.jpg,1036,308,1501,780,-1,-1
00245429.jpg,1037,311,1502,783,-1,-1
00245430.jpg,1038,313,1503,785,-1,-1
00245431.jpg,1038,315,1503,787,-1,-1
00245432.jpg,1038,316,1503,788,-1,-1
00245433.jpg,1037,314,1502,786,-1,-1
00245434.jpg,1035,312,1500,784,995,1064
00245435.jpg,1034,310,1499,782,995,1064
00245436.jpg,1033,309,1498,781,995,1064
00245437.jpg,1032,307,1497,779,-1,-1
00245438.jpg,1031,301,1496,773,-1,-1
00245439.jpg,1030,298,1495,770,-1,-1
00245440.jpg,1028,294,1493,766,-1,-1
00245441.jpg,1028,289,1493,761,-1,-1
00245442.jpg,1028,285,1493,757,-1,-1
00245443.jpg,1028,282,1493,754,-1,-1
00245444.jpg,1027,279,1492,751,-1,-1
00245445.jpg,1027,276,1492,748,-1,-1
00245446.jpg,1028,272,1493,744,-1,-1
00245447.jpg,1030,268,1495,740,-1,-1
00245448.jpg,1032,263,1497,735,-1,-1
00245449.jpg,1038,264,1491,739,-1,-1
00245450.jpg,1032,252,1499,743,-1,-1
00245451.jpg,1030,254,1497,734,-1,-1
00245452.jpg,1032,259,1493,726,-1,-1
00245453.jpg,1032,263,1484,720,-1,-1
00245454.jpg,1038,261,1489,720,-1,-1
00245455.jpg,1036,263,1493,712,-1,-1
00245456.jpg,1043,262,1476,695,-1,-1
00245457.jpg,1080,264,1484,678,-1,-1
00245458.jpg,1080,264,1484,678,-1,-1
00245459.jpg,1080,253,1484,667,-1,-1
00245460.jpg,1076,242,1479,644,-1,-1
00245461.jpg,1076,242,1479,644,-1,-1
00245462.jpg,1077,240,1480,642,758,351
00245463.jpg,1078,239,1481,641,766,341
00245464.jpg,1079,239,1482,641,776,330
00245465.jpg,1079,240,1482,642,780,319
00245466.jpg,1079,240,1482,642,790,305
00245467.jpg,1080,241,1483,643,798,293
00245468.jpg,1080,242,1483,644,804,285
00245469.jpg,1080,243,1483,645,808,276
00245470.jpg,1081,244,1484,646,814,271
00245471.jpg,1082,245,1485,647,815,271
00245472.jpg,1083,246,1486,648,824,271
00245473.jpg,1084,247,1487,649,829,274
00245474.jpg,1085,248,1488,650,834,281
00245475.jpg,1085,250,1488,652,836,286
00245476.jpg,1085,251,1488,653,843,293
00245477.jpg,1085,252,1488,654,849,296
00245478.jpg,1085,253,1488,655,849,299
00245479.jpg,1086,254,1489,656,853,301
00245480.jpg,1086,255,1489,657,856,305
00245481.jpg,1087,256,1490,658,856,308
00245482.jpg,1088,255,1491,657,860,308
00245483.jpg,1088,256,1491,658,860,308
00245484.jpg,1089,256,1492,658,860,308
00245485.jpg,1090,256,1493,658,860,308
00245486.jpg,1090,257,1493,659,860,308
00245487.jpg,1091,258,1494,660,860,308
00245488.jpg,1092,258,1495,660,861,308
00245489.jpg,1093,259,1496,661,864,309
00245490.jpg,1093,259,1496,661,864,309
00245491.jpg,1094,260,1497,662,864,309
00245492.jpg,1094,260,1497,662,864,311
00245493.jpg,1094,260,1497,662,864,311
00245494.jpg,1093,260,1496,662,864,313
00245495.jpg,1092,261,1495,663,865,313
00245496.jpg,1091,261,1494,663,865,313
00245497.jpg,1091,261,1494,663,871,318
00245498.jpg,1091,261,1494,663,871,318
00245499.jpg,1090,261,1493,663,875,323
00245500.jpg,1090,261,1493,663,881,331
00245501.jpg,1088,261,1491,663,881,333
00245502.jpg,1088,261,1491,663,881,333
00245503.jpg,1088,261,1491,663,881,333
00245504.jpg,1088,261,1491,663,881,333
00245505.jpg,1088,261,1491,663,883,333
00245506.jpg,1089,262,1492,664,888,330
00245507.jpg,1090,262,1493,664,888,330
00245508.jpg,1090,262,1493,664,895,338
00245509.jpg,1091,263,1494,665,895,340
00245510.jpg,1091,264,1494,666,895,340
00245511.jpg,1091,265,1494,667,-1,-1
00245512.jpg,1090,266,1493,668,-1,-1
00245513.jpg,1088,267,1491,669,-1,-1
00245514.jpg,1087,268,1490,670,-1,-1
00245515.jpg,1086,269,1489,671,-1,-1
00245516.jpg,1085,270,1488,672,-1,-1
00245517.jpg,1084,271,1487,673,-1,-1
00245518.jpg,1080,275,1483,677,-1,-1
00245519.jpg,1078,281,1481,683,-1,-1
00245520.jpg,1081,273,1484,675,-1,-1
00245521.jpg,1080,274,1483,676,-1,-1
00245522.jpg,1078,274,1481,676,-1,-1
00245523.jpg,1075,275,1478,677,-1,-1
00245524.jpg,1077,267,1480,669,-1,-1
00245525.jpg,1078,265,1481,667,853,311
00245526.jpg,1079,265,1482,667,848,310
00245527.jpg,1082,267,1485,669,849,308
00245528.jpg,1087,269,1490,671,855,308
00245529.jpg,1093,269,1496,671,861,311
00245530.jpg,1100,269,1503,671,861,314
00245531.jpg,1107,272,1510,674,868,316
00245532.jpg,1112,269,1515,671,878,321
00245533.jpg,1114,266,1517,668,881,320
00245534.jpg,1115,264,1518,666,884,318
00245535.jpg,1116,264,1519,666,879,314
00245536.jpg,1117,265,1520,667,875,310
00245537.jpg,1118,265,1521,667,865,304
00245538.jpg,1120,264,1523,666,856,300
00245539.jpg,1120,265,1523,667,844,299
00245540.jpg,1120,265,1523,667,836,300
00245541.jpg,1120,265,1523,667,825,300
00245542.jpg,1118,266,1521,668,816,295
00245543.jpg,1116,267,1519,669,808,293
00245544.jpg,1114,267,1517,669,801,291
00245545.jpg,1111,268,1514,670,794,291
00245546.jpg,1109,269,1512,671,786,289
00245547.jpg,1105,272,1508,674,781,290
00245548.jpg,1101,276,1504,678,781,293
00245549.jpg,1097,278,1500,680,783,295
00245550.jpg,1094,278,1497,680,785,299
00245551.jpg,1091,277,1494,679,785,301
00245552.jpg,1088,277,1491,679,785,301
00245553.jpg,1085,277,1488,679,786,306
00245554.jpg,1082,277,1485,679,786,306
00245555.jpg,1079,278,1482,680,786,306
00245556.jpg,1076,277,1479,679,789,305
00245557.jpg,1074,278,1477,680,789,305
00245558.jpg,1071,278,1474,680,789,305
00245559.jpg,1068,278,1471,680,789,305
00245560.jpg,1066,278,1469,680,786,306
00245561.jpg,1065,278,1468,680,786,306
00245562.jpg,1063,278,1466,680,786,306
00245563.jpg,1062,278,1465,680,786,306
00245564.jpg,1061,277,1464,679,786,306
00245565.jpg,1060,277,1463,679,786,306
00245566.jpg,1059,276,1462,678,786,306
00245567.jpg,1057,276,1460,678,786,306
00245568.jpg,1056,275,1459,677,786,309
00245569.jpg,1056,273,1459,675,786,309
00245570.jpg,1054,273,1457,675,785,310
00245571.jpg,1053,273,1456,675,784,310
00245572.jpg,1052,273,1455,675,784,311
00245573.jpg,1048,275,1451,677,783,311
00245574.jpg,1046,276,1449,678,783,311
00245575.jpg,1044,276,1447,678,781,311
00245576.jpg,1042,277,1445,679,781,311
00245577.jpg,1041,277,1444,679,779,313
00245578.jpg,1039,278,1442,680,779,313
00245579.jpg,1037,278,1440,680,778,313
00245580.jpg,1035,278,1438,680,771,313
00245581.jpg,1034,278,1437,680,771,313
00245582.jpg,1033,278,1436,680,771,313
00245583.jpg,1032,277,1435,679,771,313
00245584.jpg,1031,277,1434,679,771,313
00245585.jpg,1030,277,1433,679,771,313
00245586.jpg,1029,277,1432,679,771,313
00245587.jpg,1028,277,1431,679,771,313
00245588.jpg,1027,278,1430,680,771,313
00245589.jpg,1027,278,1430,680,771,313
00245590.jpg,1026,279,1429,681,771,313
00245591.jpg,1025,279,1428,681,771,313
00245592.jpg,1024,280,1427,682,771,313
00245593.jpg,1024,280,1427,682,771,313
00245594.jpg,1022,281,1425,683,771,313
00245595.jpg,1022,281,1425,683,771,313
00245596.jpg,1021,281,1424,683,771,313
00245597.jpg,1020,281,1423,683,771,313
00245598.jpg,1019,281,1422,683,771,313
00245599.jpg,1018,281,1421,683,-1,-1
00245600.jpg,1017,281,1420,683,-1,-1
00245601.jpg,1015,281,1418,683,-1,-1
00245602.jpg,1014,281,1417,683,-1,-1
00245603.jpg,1013,281,1416,683,-1,-1
00245604.jpg,1011,281,1414,683,-1,-1
00245605.jpg,1010,280,1413,682,-1,-1
00245606.jpg,1007,280,1410,682,-1,-1
00245607.jpg,1005,280,1408,682,-1,-1
00245608.jpg,1001,280,1404,682,-1,-1
00245609.jpg,996,282,1399,684,-1,-1
00245610.jpg,992,282,1395,684,-1,-1
00245611.jpg,988,281,1391,683,-1,-1
00245612.jpg,988,274,1408,689,-1,-1
00245613.jpg,988,274,1408,689,-1,-1
00245614.jpg,985,275,1405,690,-1,-1
00245615.jpg,980,276,1400,691,-1,-1
00245616.jpg,975,278,1395,693,-1,-1
00245617.jpg,969,279,1389,694,-1,-1
00245618.jpg,975,272,1394,702,-1,-1
00245619.jpg,975,272,1394,702,-1,-1
00245620.jpg,971,273,1390,703,-1,-1
00245621.jpg,966,273,1385,703,-1,-1
00245622.jpg,962,272,1381,702,-1,-1
00245623.jpg,956,273,1375,703,-1,-1
00245624.jpg,952,274,1371,704,-1,-1
00245625.jpg,946,278,1365,708,-1,-1
00245626.jpg,933,281,1368,718,-1,-1
00245627.jpg,922,286,1342,724,-1,-1
00245628.jpg,912,291,1336,731,-1,-1
00245629.jpg,912,291,1336,731,-1,-1
00245630.jpg,889,288,1309,740,-1,-1
00245631.jpg,889,288,1309,740,-1,-1
00245632.jpg,883,290,1303,742,-1,-1
00245633.jpg,878,290,1298,742,-1,-1
00245634.jpg,874,290,1294,742,-1,-1
00245635.jpg,874,290,1294,742,-1,-1
