00057830.jpg,601,4,710,114,585,206
00057831.jpg,601,4,710,114,586,206
00057832.jpg,602,6,710,122,581,211
00057833.jpg,602,6,710,122,615,246
00057834.jpg,602,9,710,125,628,256
00057835.jpg,604,6,712,122,635,261
00057836.jpg,605,0,713,116,640,269
00057837.jpg,606,0,714,116,637,268
00057838.jpg,609,0,717,116,641,270
00057839.jpg,610,0,718,116,642,273
00057840.jpg,613,0,721,116,642,275
00057841.jpg,616,0,724,116,640,281
00057842.jpg,619,0,727,116,638,283
00057843.jpg,623,1,731,117,632,286
00057844.jpg,627,8,735,124,626,286
00057845.jpg,632,14,740,130,620,288
00057846.jpg,634,13,742,129,588,279
00057847.jpg,634,4,742,120,565,256
00057848.jpg,630,0,738,116,555,249
00057849.jpg,630,0,738,116,546,243
00057850.jpg,630,0,738,116,545,238
00057851.jpg,630,0,738,116,540,234
00057852.jpg,631,0,739,116,535,226
00057853.jpg,633,0,741,116,535,228
00057854.jpg,633,0,741,116,535,228
00057855.jpg,633,0,741,116,533,228
00057856.jpg,633,2,741,118,530,230
00057857.jpg,633,10,741,126,533,235
00057858.jpg,632,21,740,137,540,236
00057859.jpg,630,27,738,143,542,236
00057860.jpg,627,24,735,140,542,236
00057861.jpg,620,17,728,133,542,236
00057862.jpg,613,8,721,124,542,236
00057863.jpg,605,4,713,120,542,236
00057864.jpg,597,3,705,119,542,236
00057865.jpg,590,5,698,121,542,236
00057866.jpg,585,7,693,123,531,236
00057867.jpg,580,7,688,123,508,230
00057868.jpg,575,6,683,122,500,230
00057869.jpg,568,15,676,131,495,230
00057870.jpg,561,26,669,142,490,234
00057871.jpg,558,29,666,145,481,234
00057872.jpg,554,19,662,135,471,239
00057873.jpg,550,11,658,127,466,240
00057874.jpg,545,5,653,121,466,240
00057875.jpg,541,1,649,117,465,221
00057876.jpg,537,1,645,117,458,213
00057877.jpg,534,1,642,117,457,210
00057878.jpg,532,2,640,118,455,210
00057879.jpg,530,7,638,123,452,210
00057880.jpg,529,9,637,125,447,216
00057881.jpg,527,16,635,132,451,219
00057882.jpg,526,26,634,142,448,215
00057883.jpg,524,32,632,148,446,214
00057884.jpg,521,33,629,149,475,195
00057885.jpg,519,31,627,147,477,191
00057886.jpg,517,29,625,145,473,189
00057887.jpg,515,27,623,143,468,189
00057888.jpg,514,25,622,141,468,189
00057889.jpg,512,25,620,141,466,189
00057890.jpg,511,28,619,144,466,189
00057891.jpg,511,33,619,149,458,196
00057892.jpg,511,41,619,157,458,196
00057893.jpg,512,50,620,166,452,201
00057894.jpg,515,55,623,171,452,201
00057895.jpg,514,55,622,171,458,199
00057896.jpg,514,54,622,170,465,198
00057897.jpg,513,53,621,169,466,196
00057898.jpg,512,51,620,167,467,195
00057899.jpg,510,51,618,167,470,194
00057900.jpg,512,51,620,167,475,194
00057901.jpg,515,53,623,169,478,194
00057902.jpg,519,56,627,172,478,194
00057903.jpg,524,62,632,178,477,199
00057904.jpg,530,71,638,187,475,201
00057905.jpg,536,80,644,196,475,206
00057906.jpg,543,88,651,204,471,208
00057907.jpg,544,90,652,206,470,209
00057908.jpg,545,89,653,205,470,209
00057909.jpg,545,86,653,202,470,209
00057910.jpg,544,81,652,197,477,208
00057911.jpg,543,74,651,190,477,208
00057912.jpg,541,73,649,189,477,208
00057913.jpg,540,78,648,194,480,208
00057914.jpg,542,88,650,204,481,210
00057915.jpg,544,96,652,212,482,210
00057916.jpg,544,99,645,207,482,210
00057917.jpg,544,99,645,207,482,210
00057918.jpg,543,91,644,199,476,210
00057919.jpg,542,83,643,191,471,209
00057920.jpg,541,76,642,184,471,209
00057921.jpg,540,71,641,179,468,209
00057922.jpg,539,68,640,176,466,210
00057923.jpg,541,67,642,175,466,210
00057924.jpg,543,64,644,172,467,213
00057925.jpg,545,60,646,168,470,214
00057926.jpg,546,59,647,167,475,220
00057927.jpg,547,61,648,169,481,233
00057928.jpg,551,64,652,172,482,234
00057929.jpg,554,63,655,171,486,235
00057930.jpg,559,61,653,156,473,230
00057931.jpg,560,48,653,148,465,228
00057932.jpg,563,39,652,142,455,225
00057933.jpg,563,39,652,142,452,224
00057934.jpg,564,35,653,138,450,224
00057935.jpg,565,34,654,137,446,223
00057936.jpg,565,35,654,138,445,231
00057937.jpg,565,38,654,141,451,233
00057938.jpg,565,45,654,148,460,239
00057939.jpg,565,54,654,157,470,239
00057940.jpg,566,56,655,159,475,240
00057941.jpg,563,53,652,156,478,235
00057942.jpg,559,47,648,150,482,234
00057943.jpg,556,40,645,143,482,234
00057944.jpg,553,35,642,138,482,233
00057945.jpg,550,36,639,139,481,221
00057946.jpg,548,38,637,141,472,205
00057947.jpg,545,40,634,143,468,199
00057948.jpg,543,41,632,144,468,191
00057949.jpg,540,40,629,143,468,191
00057950.jpg,538,40,627,143,468,200
00057951.jpg,536,44,625,147,467,203
00057952.jpg,535,47,624,150,466,206
00057953.jpg,532,44,621,147,466,206
00057954.jpg,529,37,618,140,465,204
00057955.jpg,526,31,615,134,471,199
00057956.jpg,525,28,614,131,472,199
00057957.jpg,523,28,612,131,480,199
00057958.jpg,522,29,611,132,481,199
00057959.jpg,524,28,614,121,483,199
00057960.jpg,525,31,615,124,486,199
00057961.jpg,525,36,615,129,486,199
00057962.jpg,524,40,614,133,486,200
00057963.jpg,523,40,613,133,482,200
00057964.jpg,519,39,609,132,476,200
00057965.jpg,515,36,605,129,475,203
00057966.jpg,512,34,602,127,467,203
00057967.jpg,510,32,600,125,446,203
00057968.jpg,511,34,601,127,443,203
00057969.jpg,513,36,603,129,442,199
00057970.jpg,518,32,601,127,437,199
00057971.jpg,518,32,601,127,438,199
00057972.jpg,523,29,606,124,438,199
00057973.jpg,528,27,611,122,438,199
00057974.jpg,534,30,617,125,441,199
00057975.jpg,541,33,624,128,446,199
00057976.jpg,550,31,633,126,452,199
00057977.jpg,558,34,648,123,452,199
00057978.jpg,566,23,650,116,457,198
00057979.jpg,566,23,650,116,458,198
00057980.jpg,570,24,654,117,461,196
00057981.jpg,573,28,657,121,462,196
00057982.jpg,577,31,661,124,453,196
00057983.jpg,580,31,664,124,438,205
00057984.jpg,583,32,667,125,431,206
00057985.jpg,586,35,670,128,426,211
00057986.jpg,589,41,673,134,413,218
00057987.jpg,592,45,676,138,412,219
00057988.jpg,593,43,677,136,411,219
00057989.jpg,593,37,677,130,405,220
00057990.jpg,593,32,677,125,408,219
00057991.jpg,593,31,677,124,408,219
00057992.jpg,593,33,677,126,408,219
00057993.jpg,592,36,676,129,408,219
00057994.jpg,592,40,676,133,406,220
00057995.jpg,593,42,677,135,408,219
00057996.jpg,592,40,676,133,410,226
00057997.jpg,591,36,675,129,423,230
00057998.jpg,588,34,672,127,438,229
00057999.jpg,585,35,669,128,452,228
00058000.jpg,582,39,666,132,455,228
00058001.jpg,578,41,662,134,460,228
00058002.jpg,574,40,658,133,462,226
00058003.jpg,571,37,655,130,488,235
00058004.jpg,567,34,651,127,493,236
00058005.jpg,563,35,647,128,498,236
00058006.jpg,561,40,645,133,502,238
00058007.jpg,558,44,642,137,502,243
00058008.jpg,554,45,638,138,505,243
00058009.jpg,550,41,634,134,515,243
00058010.jpg,548,38,632,131,506,250
00058011.jpg,548,38,632,131,510,250
00058012.jpg,548,41,632,134,508,250
00058013.jpg,547,45,631,138,495,241
00058014.jpg,545,45,629,138,485,226
00058015.jpg,544,43,628,136,481,221
00058016.jpg,542,42,626,135,473,219
00058017.jpg,541,42,625,135,470,216
00058018.jpg,540,46,624,139,470,216
00058019.jpg,539,49,623,142,472,218
00058020.jpg,536,47,620,140,471,218
00058021.jpg,533,40,617,133,467,223
00058022.jpg,533,40,617,133,457,224
