00122794.jpg,340,182,801,687,-1,-1
00122795.jpg,340,182,801,687,-1,-1
00122796.jpg,340,182,801,687,-1,-1
00122797.jpg,340,182,801,687,-1,-1
00122798.jpg,340,182,801,687,-1,-1
00122799.jpg,340,183,801,688,-1,-1
00122800.jpg,340,183,801,688,-1,-1
00122801.jpg,340,183,801,688,-1,-1
00122802.jpg,340,183,801,688,-1,-1
00122803.jpg,340,182,801,687,-1,-1
00122804.jpg,341,182,802,687,-1,-1
00122805.jpg,341,182,802,687,-1,-1
00122806.jpg,342,181,803,686,-1,-1
00122807.jpg,342,181,803,686,-1,-1
00122808.jpg,342,181,803,686,-1,-1
00122809.jpg,343,181,804,686,-1,-1
00122810.jpg,343,181,804,686,-1,-1
00122811.jpg,342,181,803,686,-1,-1
00122812.jpg,342,181,803,686,-1,-1
00122813.jpg,342,181,803,686,-1,-1
00122814.jpg,341,182,802,687,-1,-1
00122815.jpg,341,182,802,687,-1,-1
00122816.jpg,341,182,802,687,-1,-1
00122817.jpg,342,182,803,687,-1,-1
00122818.jpg,342,182,803,687,-1,-1
00122819.jpg,342,182,803,687,-1,-1
00122820.jpg,342,182,803,687,-1,-1
00122821.jpg,342,182,803,687,-1,-1
00122822.jpg,342,182,803,687,-1,-1
00122823.jpg,342,183,803,688,-1,-1
00122824.jpg,343,183,804,688,-1,-1
00122825.jpg,343,183,804,688,-1,-1
00122826.jpg,340,189,801,694,-1,-1
00122827.jpg,339,192,800,697,-1,-1
00122828.jpg,358,206,796,687,-1,-1
00122829.jpg,358,206,796,687,-1,-1
00122830.jpg,358,206,796,687,-1,-1
00122831.jpg,358,206,796,687,-1,-1
00122832.jpg,358,206,796,687,-1,-1
00122833.jpg,358,206,796,687,-1,-1
00122834.jpg,359,213,797,694,-1,-1
00122835.jpg,359,213,797,694,-1,-1
00122836.jpg,359,213,797,694,-1,-1
00122837.jpg,359,213,797,694,-1,-1
00122838.jpg,359,216,797,697,-1,-1
00122839.jpg,357,224,795,705,-1,-1
00122840.jpg,357,227,795,708,-1,-1
00122841.jpg,357,227,795,708,-1,-1
00122842.jpg,357,227,795,708,-1,-1
00122843.jpg,357,228,795,709,-1,-1
00122844.jpg,357,232,795,713,-1,-1
00122845.jpg,357,232,795,713,-1,-1
00122846.jpg,357,232,795,713,-1,-1
00122847.jpg,357,232,795,713,-1,-1
00122848.jpg,357,232,795,713,-1,-1
