00009230.jpg,216,78,364,224,372,390
00009231.jpg,216,78,364,224,375,381
00009232.jpg,208,73,348,212,369,368
00009233.jpg,208,73,348,212,372,360
00009234.jpg,202,71,342,210,365,352
00009235.jpg,197,70,337,209,368,345
00009236.jpg,192,69,332,208,370,337
00009237.jpg,186,67,326,206,371,331
00009238.jpg,181,66,321,205,371,328
00009239.jpg,176,66,316,205,371,323
00009240.jpg,172,66,312,205,373,319
00009241.jpg,168,65,308,204,375,316
00009242.jpg,165,65,305,204,375,316
00009243.jpg,161,64,301,203,375,316
00009244.jpg,159,64,299,203,371,314
00009245.jpg,156,63,296,202,371,314
00009246.jpg,155,63,295,202,371,314
00009247.jpg,154,63,294,202,371,314
00009248.jpg,153,63,293,202,371,314
00009249.jpg,152,63,292,202,367,314
00009250.jpg,151,62,291,201,367,314
00009251.jpg,151,62,291,201,367,314
00009252.jpg,150,62,290,201,367,314
00009253.jpg,149,61,289,200,367,314
00009254.jpg,146,60,286,199,367,308
00009255.jpg,146,60,286,199,367,303
00009256.jpg,145,60,285,199,367,299
00009257.jpg,145,59,285,198,367,296
00009258.jpg,145,56,285,195,368,295
00009259.jpg,145,55,285,194,368,294
00009260.jpg,141,58,281,197,373,288
00009261.jpg,141,56,281,195,373,288
00009262.jpg,140,56,280,195,373,288
00009263.jpg,140,55,280,194,373,288
00009264.jpg,138,57,284,188,373,288
00009265.jpg,137,57,282,187,373,288
00009266.jpg,138,56,282,186,373,288
00009267.jpg,136,57,279,186,373,288
00009268.jpg,136,58,277,185,373,288
00009269.jpg,135,58,276,186,373,288
00009270.jpg,135,58,275,185,373,288
00009271.jpg,135,57,274,185,375,289
00009272.jpg,133,57,274,185,375,289
00009273.jpg,134,57,273,184,375,289
00009274.jpg,134,57,273,184,375,289
00009275.jpg,132,55,273,185,375,289
00009276.jpg,133,55,274,185,376,290
00009277.jpg,133,56,273,184,376,290
00009278.jpg,135,56,275,185,376,290
00009279.jpg,136,57,275,184,376,291
00009280.jpg,135,56,275,184,376,291
00009281.jpg,135,56,275,184,376,291
00009282.jpg,134,55,276,185,376,291
00009283.jpg,134,56,276,185,377,291
00009284.jpg,135,56,277,185,379,291
00009285.jpg,136,56,278,185,379,291
00009286.jpg,137,56,278,185,379,291
00009287.jpg,137,56,278,185,379,291
00009288.jpg,136,57,278,186,379,291
00009289.jpg,138,57,279,186,379,291
00009290.jpg,137,56,279,186,379,291
00009291.jpg,138,56,280,186,379,291
00009292.jpg,138,56,281,186,379,291
00009293.jpg,138,57,281,186,379,291
00009294.jpg,140,57,280,185,379,291
00009295.jpg,141,57,280,184,379,291
00009296.jpg,139,57,281,186,379,290
00009297.jpg,139,57,280,185,379,287
00009298.jpg,139,56,280,185,377,284
00009299.jpg,139,57,280,185,377,284
00009300.jpg,140,56,281,185,377,283
00009301.jpg,140,56,281,185,377,283
00009302.jpg,140,56,282,185,377,282
00009303.jpg,140,56,282,186,377,282
00009304.jpg,140,56,283,186,377,282
00009305.jpg,140,56,284,187,377,282
00009306.jpg,139,56,283,187,377,282
00009307.jpg,139,56,284,186,377,282
00009308.jpg,139,56,285,186,376,282
00009309.jpg,139,56,284,186,376,282
00009310.jpg,139,56,284,186,376,282
00009311.jpg,139,57,284,186,376,282
00009312.jpg,140,58,284,186,376,282
00009313.jpg,140,57,284,186,376,282
00009314.jpg,140,58,284,185,375,281
00009315.jpg,141,58,282,184,375,281
00009316.jpg,141,59,282,184,375,281
00009317.jpg,142,58,281,184,375,281
00009318.jpg,142,58,282,184,375,281
00009319.jpg,141,57,282,185,375,281
00009320.jpg,141,57,283,184,375,281
00009321.jpg,139,57,282,185,375,281
00009322.jpg,139,56,282,185,375,281
00009323.jpg,139,57,281,185,375,274
00009324.jpg,140,57,281,185,374,270
00009325.jpg,140,56,281,184,373,274
00009326.jpg,140,56,282,184,373,274
00009327.jpg,141,57,281,184,373,274
00009328.jpg,141,57,282,183,373,274
00009329.jpg,140,56,281,182,373,274
00009330.jpg,141,56,281,182,373,274
00009331.jpg,140,56,281,183,373,274
00009332.jpg,141,57,280,182,373,274
00009333.jpg,143,58,281,180,373,274
00009334.jpg,143,58,282,181,373,274
00009335.jpg,142,58,281,181,373,274
00009336.jpg,142,57,282,182,373,274
00009337.jpg,144,57,283,182,373,274
00009338.jpg,144,57,283,181,373,274
00009339.jpg,143,57,284,182,373,274
00009340.jpg,143,57,284,182,373,274
00009341.jpg,143,57,285,182,373,274
00009342.jpg,144,57,285,181,373,274
00009343.jpg,145,56,286,182,371,276
00009344.jpg,145,56,286,182,367,279
00009345.jpg,145,57,287,183,373,274
00009346.jpg,146,58,289,183,370,288
00009347.jpg,145,58,290,184,371,301
00009348.jpg,155,55,295,194,375,318
00009349.jpg,158,56,298,195,375,334
00009350.jpg,161,57,301,196,373,350
00009351.jpg,165,58,305,197,372,366
00009352.jpg,168,60,308,199,369,384
00009353.jpg,173,61,313,200,371,396
00009354.jpg,178,61,318,200,371,407
00009355.jpg,183,63,323,202,371,414
00009356.jpg,189,64,329,203,371,420
00009357.jpg,192,66,332,205,377,429
00009358.jpg,197,66,337,205,377,430
00009359.jpg,200,67,340,206,385,434
00009360.jpg,202,67,342,206,385,434
00009361.jpg,205,68,345,207,385,434
00009362.jpg,208,68,348,207,386,434
00009363.jpg,208,68,348,207,389,434
00009364.jpg,208,68,348,207,389,434
00009365.jpg,208,68,348,207,389,434
00009366.jpg,208,67,348,206,389,434
00009367.jpg,208,67,348,206,389,434
00009368.jpg,208,67,348,206,389,434
00009369.jpg,208,67,348,206,389,434
00009370.jpg,208,67,348,206,389,435
00009371.jpg,207,67,347,206,389,435
00009372.jpg,207,67,347,206,388,435
00009373.jpg,205,66,345,205,385,435
00009374.jpg,205,65,345,204,385,435
00009375.jpg,205,65,345,204,385,435
00009376.jpg,205,66,345,205,385,435
00009377.jpg,205,65,345,204,385,438
00009378.jpg,203,64,343,203,381,437
00009379.jpg,201,63,341,202,377,436
00009380.jpg,199,62,339,201,378,433
00009381.jpg,197,61,337,200,380,433
00009382.jpg,195,60,335,199,380,433
00009383.jpg,192,59,332,198,329,415
00009384.jpg,190,58,330,197,328,412
00009385.jpg,188,58,328,197,327,411
00009386.jpg,186,58,326,197,324,411
00009387.jpg,183,57,323,196,322,412
00009388.jpg,182,57,322,196,325,412
00009389.jpg,181,57,321,196,325,415
00009390.jpg,181,57,321,196,324,410
00009391.jpg,181,57,321,196,325,412
00009392.jpg,181,57,321,196,323,411
00009393.jpg,181,57,321,196,322,414
00009394.jpg,182,57,322,196,324,414
00009395.jpg,183,58,323,197,323,412
00009396.jpg,184,58,324,197,322,414
00009397.jpg,184,58,324,197,323,413
00009398.jpg,184,58,324,197,323,412
00009399.jpg,184,58,324,197,323,411
