00009230.jpg,670,169,747,253,689,351
00009231.jpg,670,169,747,253,689,351
00009232.jpg,670,169,747,253,689,351
00009233.jpg,670,169,747,253,689,351
00009234.jpg,669,171,746,255,689,351
00009235.jpg,667,172,744,256,689,351
00009236.jpg,666,173,743,257,689,351
00009237.jpg,664,173,741,257,693,351
00009238.jpg,663,172,740,256,694,352
00009239.jpg,661,169,738,253,694,352
00009240.jpg,661,167,738,251,694,352
00009241.jpg,661,166,738,250,694,352
00009242.jpg,661,166,738,250,694,352
00009243.jpg,663,167,740,251,695,352
00009244.jpg,666,169,743,253,697,353
00009245.jpg,668,171,745,255,699,353
00009246.jpg,670,173,747,257,699,354
00009247.jpg,671,176,748,260,701,354
00009248.jpg,671,178,748,262,703,354
00009249.jpg,671,180,748,264,704,354
00009250.jpg,670,180,747,264,705,354
00009251.jpg,667,180,744,264,708,355
00009252.jpg,665,179,742,263,711,355
00009253.jpg,661,176,738,260,711,355
00009254.jpg,659,174,736,258,711,355
00009255.jpg,655,171,732,255,711,355
00009256.jpg,651,170,728,254,711,355
00009257.jpg,650,169,727,253,711,355
00009258.jpg,649,168,726,252,711,355
00009259.jpg,648,167,725,251,704,355
00009260.jpg,647,167,724,251,693,354
00009261.jpg,647,167,724,251,663,352
00009262.jpg,646,166,723,250,663,350
00009263.jpg,646,166,723,250,658,350
00009264.jpg,645,165,722,249,658,346
00009265.jpg,643,164,722,252,659,348
00009266.jpg,643,164,722,252,660,346
00009267.jpg,641,164,720,252,660,348
00009268.jpg,640,163,719,251,661,348
00009269.jpg,638,164,717,252,657,346
00009270.jpg,637,165,716,253,653,347
00009271.jpg,636,165,715,253,641,349
00009272.jpg,634,166,713,254,639,349
00009273.jpg,632,167,711,255,637,350
00009274.jpg,631,167,710,255,637,350
00009275.jpg,630,167,709,255,637,350
00009276.jpg,630,167,709,255,637,350
00009277.jpg,629,167,708,255,637,350
00009278.jpg,627,168,706,256,637,350
00009279.jpg,626,167,705,255,637,350
00009280.jpg,625,168,704,256,637,350
00009281.jpg,624,167,703,255,637,350
00009282.jpg,624,167,703,255,637,350
00009283.jpg,624,167,703,255,637,350
00009284.jpg,624,168,703,256,637,350
00009285.jpg,624,168,703,256,637,350
00009286.jpg,624,168,703,256,638,349
00009287.jpg,624,168,703,256,638,349
00009288.jpg,625,167,704,255,638,349
00009289.jpg,627,167,706,255,638,348
00009290.jpg,628,166,707,254,638,348
00009291.jpg,629,165,708,253,638,348
00009292.jpg,630,165,709,253,638,348
00009293.jpg,631,164,710,252,638,348
00009294.jpg,632,164,711,252,638,348
00009295.jpg,633,163,712,251,638,348
00009296.jpg,633,163,712,251,638,348
00009297.jpg,634,163,713,251,638,348
00009298.jpg,634,163,713,251,638,348
00009299.jpg,634,163,713,251,639,348
00009300.jpg,634,164,713,252,639,348
00009301.jpg,634,165,713,253,639,348
00009302.jpg,633,166,712,254,639,348
00009303.jpg,633,168,712,256,639,347
00009304.jpg,633,169,712,257,639,346
00009305.jpg,632,171,711,259,639,346
00009306.jpg,632,171,711,259,639,346
00009307.jpg,624,174,702,254,639,346
00009308.jpg,624,174,702,254,639,346
00009309.jpg,624,173,702,253,639,346
00009310.jpg,624,172,702,252,639,346
00009311.jpg,624,171,702,251,639,346
00009312.jpg,624,169,702,249,639,346
00009313.jpg,624,168,702,248,639,346
00009314.jpg,625,166,703,246,639,346
00009315.jpg,625,164,703,244,639,346
00009316.jpg,625,162,703,242,678,348
00009317.jpg,625,160,703,240,681,348
00009318.jpg,626,158,704,238,687,345
00009319.jpg,627,156,705,236,687,345
00009320.jpg,628,154,706,234,689,346
00009321.jpg,634,153,712,233,689,344
00009322.jpg,635,152,713,232,690,344
00009323.jpg,636,151,714,231,637,341
00009324.jpg,637,150,715,230,641,340
00009325.jpg,644,152,722,232,641,342
00009326.jpg,644,151,722,231,641,340
00009327.jpg,645,150,723,230,641,340
00009328.jpg,645,150,723,230,641,340
00009329.jpg,646,150,724,230,683,347
00009330.jpg,646,149,724,229,685,345
00009331.jpg,646,149,724,229,689,345
00009332.jpg,646,149,724,229,694,345
00009333.jpg,646,149,724,229,688,347
00009334.jpg,645,149,723,229,690,344
00009335.jpg,644,150,722,230,691,344
00009336.jpg,642,150,720,230,691,344
00009337.jpg,634,148,712,228,691,344
00009338.jpg,632,148,710,228,691,344
00009339.jpg,628,148,706,228,691,344
00009340.jpg,626,148,704,228,691,344
00009341.jpg,624,148,702,228,691,344
00009342.jpg,623,148,701,228,691,344
00009343.jpg,622,148,700,228,691,344
00009344.jpg,624,150,702,230,691,344
00009345.jpg,623,150,701,230,691,344
00009346.jpg,622,150,700,230,691,344
00009347.jpg,623,151,701,231,691,344
00009348.jpg,623,152,701,232,691,344
00009349.jpg,622,153,700,233,691,344
00009350.jpg,621,153,699,233,691,344
00009351.jpg,620,154,698,234,691,344
00009352.jpg,617,158,693,233,691,344
00009353.jpg,617,158,693,233,691,344
00009354.jpg,616,158,692,233,691,344
00009355.jpg,615,158,691,233,691,344
00009356.jpg,614,158,690,233,689,344
00009357.jpg,613,157,689,232,689,344
00009358.jpg,613,156,689,231,689,344
00009359.jpg,613,154,689,229,689,343
00009360.jpg,613,153,689,228,688,342
00009361.jpg,614,152,690,227,688,342
00009362.jpg,617,152,693,227,688,342
00009363.jpg,618,152,694,227,688,342
00009364.jpg,620,152,696,227,688,342
00009365.jpg,621,152,697,227,688,342
00009366.jpg,622,152,698,227,688,342
00009367.jpg,623,153,699,228,688,342
00009368.jpg,624,153,700,228,688,342
00009369.jpg,624,154,700,229,688,340
00009370.jpg,620,153,696,228,688,340
00009371.jpg,622,155,698,230,688,340
00009372.jpg,622,155,698,230,688,340
00009373.jpg,623,156,699,231,688,340
00009374.jpg,625,156,701,231,688,340
00009375.jpg,628,152,701,235,688,340
00009376.jpg,628,152,701,235,688,340
00009377.jpg,630,151,703,234,687,338
00009378.jpg,633,150,706,233,687,338
00009379.jpg,635,149,708,232,687,338
00009380.jpg,637,148,710,231,687,338
00009381.jpg,639,148,712,231,685,338
00009382.jpg,641,147,714,230,685,338
00009383.jpg,642,147,715,230,685,338
00009384.jpg,643,147,716,230,685,338
00009385.jpg,643,148,716,231,685,338
00009386.jpg,643,148,716,231,685,338
00009387.jpg,643,148,716,231,685,338
00009388.jpg,643,148,716,231,685,338
00009389.jpg,643,148,716,231,685,338
00009390.jpg,644,147,717,230,685,338
00009391.jpg,645,146,718,229,685,338
00009392.jpg,646,144,719,227,685,338
00009393.jpg,647,142,720,225,685,338
00009394.jpg,649,140,722,223,685,338
00009395.jpg,650,138,723,221,685,338
00009396.jpg,650,137,723,220,685,338
00009397.jpg,651,135,724,218,685,338
00009398.jpg,651,133,724,216,685,338
00009399.jpg,651,133,724,216,685,338
