00017781.jpg,540,56,989,489,-1,-1
00017782.jpg,540,56,989,489,-1,-1
00017783.jpg,540,56,989,489,-1,-1
00017784.jpg,540,56,989,489,-1,-1
00017785.jpg,548,55,997,488,-1,-1
00017786.jpg,557,53,1006,486,-1,-1
00017787.jpg,568,53,1017,486,-1,-1
00017788.jpg,568,53,1017,486,-1,-1
00017789.jpg,581,51,1030,484,-1,-1
00017790.jpg,593,51,1042,484,-1,-1
00017791.jpg,604,51,1053,484,-1,-1
00017792.jpg,613,51,1062,484,-1,-1
00017793.jpg,613,51,1062,484,-1,-1
00017794.jpg,622,52,1071,485,-1,-1
00017795.jpg,631,51,1080,484,-1,-1
00017796.jpg,640,51,1089,484,-1,-1
00017797.jpg,646,52,1095,485,-1,-1
00017798.jpg,646,52,1095,485,-1,-1
00017799.jpg,649,52,1098,485,-1,-1
00017800.jpg,652,53,1101,486,-1,-1
00017801.jpg,658,54,1107,487,-1,-1
00017802.jpg,660,54,1109,487,-1,-1
00017803.jpg,660,54,1109,487,-1,-1
00017804.jpg,661,54,1110,487,-1,-1
00017805.jpg,660,54,1109,487,-1,-1
00017806.jpg,659,54,1108,487,-1,-1
00017807.jpg,659,54,1108,487,-1,-1
00017808.jpg,660,54,1109,487,-1,-1
00017809.jpg,660,54,1109,487,-1,-1
00017810.jpg,660,54,1109,487,-1,-1
00017811.jpg,661,55,1110,488,-1,-1
00017812.jpg,661,55,1110,488,-1,-1
00017813.jpg,661,55,1110,488,-1,-1
00017814.jpg,662,55,1111,488,-1,-1
00017815.jpg,663,55,1112,488,-1,-1
00017816.jpg,665,55,1114,488,-1,-1
00017817.jpg,669,56,1118,489,-1,-1
00017818.jpg,669,56,1118,489,-1,-1
00017819.jpg,672,56,1121,489,-1,-1
00017820.jpg,674,56,1123,489,-1,-1
00017821.jpg,674,55,1123,488,-1,-1
00017822.jpg,673,54,1122,487,-1,-1
00017823.jpg,673,54,1122,487,-1,-1
00017824.jpg,673,55,1122,488,-1,-1
00017825.jpg,673,55,1122,488,-1,-1
00017826.jpg,677,57,1126,490,-1,-1
00017827.jpg,679,58,1128,491,-1,-1
00017828.jpg,679,58,1128,491,-1,-1
00017829.jpg,679,58,1128,491,-1,-1
00017830.jpg,679,58,1128,491,-1,-1
00017831.jpg,682,57,1131,490,-1,-1
00017832.jpg,685,58,1134,491,-1,-1
00017833.jpg,685,58,1134,491,-1,-1
00017834.jpg,688,58,1137,491,-1,-1
00017835.jpg,690,58,1139,491,-1,-1
00017836.jpg,695,57,1144,490,-1,-1
00017837.jpg,701,59,1150,492,-1,-1
00017838.jpg,701,59,1150,492,-1,-1
00017839.jpg,705,61,1154,494,-1,-1
00017840.jpg,708,62,1157,495,-1,-1
00017841.jpg,712,62,1161,495,-1,-1
00017842.jpg,713,62,1162,495,-1,-1
00017843.jpg,713,62,1162,495,-1,-1
00017844.jpg,713,61,1162,494,-1,-1
00017845.jpg,712,61,1161,494,-1,-1
00017846.jpg,714,61,1163,494,-1,-1
00017847.jpg,716,62,1165,495,-1,-1
00017848.jpg,716,62,1165,495,-1,-1
00017849.jpg,717,63,1166,496,-1,-1
00017850.jpg,717,63,1166,496,-1,-1
00017851.jpg,719,64,1168,497,-1,-1
00017852.jpg,721,65,1170,498,-1,-1
00017853.jpg,721,65,1170,498,-1,-1
00017854.jpg,724,66,1173,499,-1,-1
00017855.jpg,727,66,1176,499,-1,-1
00017856.jpg,729,66,1178,499,-1,-1
00017857.jpg,732,66,1181,499,-1,-1
00017858.jpg,732,66,1181,499,-1,-1
00017859.jpg,735,66,1184,499,-1,-1
00017860.jpg,738,67,1187,500,-1,-1
00017861.jpg,740,68,1189,501,-1,-1
00017862.jpg,742,68,1191,501,-1,-1
00017863.jpg,742,68,1191,501,-1,-1
