00010213.jpg,382,127,576,350,-1,-1
00010214.jpg,382,127,576,350,-1,-1
00010215.jpg,382,138,580,371,-1,-1
00010216.jpg,382,138,580,371,-1,-1
00010217.jpg,377,137,575,370,-1,-1
00010218.jpg,372,133,570,366,-1,-1
00010219.jpg,365,130,563,363,-1,-1
00010220.jpg,359,125,557,358,-1,-1
00010221.jpg,347,126,559,366,-1,-1
00010222.jpg,347,126,559,366,-1,-1
00010223.jpg,347,123,559,363,-1,-1
00010224.jpg,348,119,560,359,-1,-1
00010225.jpg,350,115,562,355,-1,-1
00010226.jpg,351,112,563,352,-1,-1
00010227.jpg,352,110,564,350,-1,-1
00010228.jpg,355,109,567,349,-1,-1
00010229.jpg,356,113,568,353,-1,-1
00010230.jpg,359,117,571,357,-1,-1
00010231.jpg,364,121,576,361,-1,-1
00010232.jpg,370,123,582,363,-1,-1
00010233.jpg,375,125,587,365,-1,-1
00010234.jpg,383,123,595,363,-1,-1
00010235.jpg,390,118,602,358,-1,-1
00010236.jpg,396,112,608,352,-1,-1
00010237.jpg,402,107,614,347,-1,-1
00010238.jpg,408,104,620,344,-1,-1
00010239.jpg,413,103,625,343,-1,-1
00010240.jpg,418,102,630,342,-1,-1
00010241.jpg,423,102,635,342,-1,-1
00010242.jpg,425,103,637,343,-1,-1
00010243.jpg,426,105,638,345,-1,-1
00010244.jpg,425,108,637,348,-1,-1
00010245.jpg,421,108,633,348,-1,-1
00010246.jpg,413,109,625,349,-1,-1
00010247.jpg,403,109,615,349,-1,-1
00010248.jpg,391,107,603,347,-1,-1
00010249.jpg,375,110,587,350,-1,-1
00010250.jpg,357,119,573,350,-1,-1
00010251.jpg,357,119,573,350,-1,-1
00010252.jpg,346,117,562,348,-1,-1
00010253.jpg,338,115,554,346,-1,-1
00010254.jpg,332,114,548,345,-1,-1
00010255.jpg,327,114,543,345,-1,-1
00010256.jpg,324,110,550,345,-1,-1
00010257.jpg,319,112,535,343,-1,-1
00010258.jpg,314,113,543,342,-1,-1
00010259.jpg,310,111,539,342,-1,-1
00010260.jpg,306,111,535,342,-1,-1
00010261.jpg,304,109,532,342,-1,-1
00010262.jpg,300,106,532,345,-1,-1
00010263.jpg,309,117,525,348,-1,-1
00010264.jpg,310,119,526,350,-1,-1
00010265.jpg,309,119,525,350,-1,-1
00010266.jpg,313,151,517,365,-1,-1
00010267.jpg,313,151,517,365,-1,-1
00010268.jpg,322,161,533,373,-1,-1
00010269.jpg,322,161,533,373,-1,-1
00010270.jpg,331,157,549,392,-1,-1
00010271.jpg,331,157,549,392,-1,-1
00010272.jpg,333,152,551,387,-1,-1
00010273.jpg,335,147,553,382,-1,-1
00010274.jpg,338,142,556,377,-1,-1
00010275.jpg,341,139,559,374,-1,-1
00010276.jpg,343,137,561,372,-1,-1
00010277.jpg,343,136,561,371,-1,-1
00010278.jpg,342,138,560,373,-1,-1
00010279.jpg,341,142,559,377,-1,-1
00010280.jpg,339,150,557,385,-1,-1
00010281.jpg,337,160,555,395,-1,-1
00010282.jpg,334,171,552,406,-1,-1
00010283.jpg,330,185,548,420,-1,-1
00010284.jpg,325,199,543,434,-1,-1
00010285.jpg,320,208,538,443,-1,-1
00010286.jpg,313,211,531,446,-1,-1
00010287.jpg,303,206,521,441,-1,-1
00010288.jpg,292,197,510,432,-1,-1
00010289.jpg,280,185,498,420,-1,-1
00010290.jpg,269,176,487,411,-1,-1
00010291.jpg,259,159,477,394,-1,-1
00010292.jpg,249,139,467,374,-1,-1
00010293.jpg,240,123,458,358,-1,-1
00010294.jpg,226,120,452,362,-1,-1
00010295.jpg,226,120,452,362,-1,-1
00010296.jpg,227,113,453,355,-1,-1
00010297.jpg,215,107,423,332,-1,-1
00010298.jpg,215,107,423,332,-1,-1
00010299.jpg,216,112,424,337,-1,-1
00010300.jpg,217,119,425,344,-1,-1
00010301.jpg,201,113,419,345,-1,-1
00010302.jpg,201,113,419,345,-1,-1
00010303.jpg,197,135,419,376,-1,-1
00010304.jpg,197,135,419,376,-1,-1
00010305.jpg,199,144,421,385,-1,-1
00010306.jpg,202,153,424,394,-1,-1
00010307.jpg,205,158,427,399,-1,-1
00010308.jpg,208,159,430,400,-1,-1
00010309.jpg,211,153,433,394,-1,-1
00010310.jpg,213,147,435,388,-1,-1
00010311.jpg,214,141,436,382,-1,-1
00010312.jpg,215,142,437,383,-1,-1
00010313.jpg,215,147,437,388,-1,-1
00010314.jpg,215,153,437,394,-1,-1
00010315.jpg,215,160,437,401,-1,-1
00010316.jpg,214,167,436,408,-1,-1
00010317.jpg,213,176,435,417,-1,-1
00010318.jpg,210,183,432,424,-1,-1
00010319.jpg,205,187,427,428,-1,-1
00010320.jpg,200,190,422,431,-1,-1
00010321.jpg,196,192,418,433,-1,-1
00010322.jpg,192,190,414,431,-1,-1
00010323.jpg,188,184,410,425,-1,-1
00010324.jpg,185,175,407,416,-1,-1
00010325.jpg,184,163,406,404,-1,-1
00010326.jpg,185,151,407,392,-1,-1
00010327.jpg,172,115,416,393,-1,-1
00010328.jpg,169,118,424,388,-1,-1
00010329.jpg,169,118,424,388,-1,-1
00010330.jpg,181,114,436,384,-1,-1
00010331.jpg,196,112,451,382,-1,-1
00010332.jpg,192,110,449,380,-1,-1
00010333.jpg,225,117,480,387,-1,-1
00010334.jpg,240,124,495,394,-1,-1
00010335.jpg,257,130,512,400,-1,-1
00010336.jpg,276,132,531,402,-1,-1
00010337.jpg,298,128,553,398,-1,-1
00010338.jpg,321,124,576,394,-1,-1
00010339.jpg,325,120,569,392,-1,-1
00010340.jpg,369,111,592,380,-1,-1
00010341.jpg,369,111,592,380,-1,-1
00010342.jpg,378,88,616,360,-1,-1
00010343.jpg,378,88,616,360,-1,-1
00010344.jpg,384,85,622,357,-1,-1
00010345.jpg,388,86,626,358,-1,-1
00010346.jpg,393,89,631,361,-1,-1
00010347.jpg,398,92,636,364,-1,-1
00010348.jpg,401,94,639,366,-1,-1
00010349.jpg,403,96,641,368,-1,-1
00010350.jpg,402,97,640,369,-1,-1
00010351.jpg,401,99,639,371,-1,-1
00010352.jpg,398,98,636,370,-1,-1
00010353.jpg,396,96,634,368,-1,-1
00010354.jpg,395,91,633,363,-1,-1
00010355.jpg,395,83,633,355,-1,-1
00010356.jpg,395,71,633,343,-1,-1
00010357.jpg,395,56,633,328,-1,-1
00010358.jpg,395,56,633,328,-1,-1
