00005941.jpg,50,45,176,177,224,298
00005942.jpg,50,45,176,177,237,313
00005943.jpg,50,45,176,177,237,314
00005944.jpg,55,49,181,181,-1,-1
00005945.jpg,60,53,186,185,-1,-1
00005946.jpg,64,55,190,187,-1,-1
00005947.jpg,64,53,190,185,-1,-1
00005948.jpg,66,53,192,185,-1,-1
00005949.jpg,66,53,192,185,-1,-1
00005950.jpg,69,54,195,186,454,93
00005951.jpg,72,54,198,186,397,53
00005952.jpg,73,58,198,195,397,53
00005953.jpg,73,58,198,195,397,52
00005954.jpg,75,59,200,196,397,52
00005955.jpg,76,59,201,196,396,51
00005956.jpg,76,60,201,197,395,51
00005957.jpg,76,61,201,198,393,50
00005958.jpg,76,62,201,199,393,50
00005959.jpg,76,62,201,199,393,50
00005960.jpg,80,64,205,201,393,50
00005961.jpg,81,64,206,201,398,50
00005962.jpg,82,65,207,202,406,46
00005963.jpg,82,65,207,202,406,46
00005964.jpg,83,65,208,202,409,46
00005965.jpg,83,65,208,202,415,46
