00005941.jpg,373,13,449,97,273,64
00005942.jpg,373,13,449,97,273,64
00005943.jpg,373,13,449,97,273,64
00005944.jpg,374,12,450,96,273,65
00005945.jpg,376,11,452,95,271,66
00005946.jpg,377,10,453,94,271,65
00005947.jpg,377,10,453,94,270,63
00005948.jpg,377,9,453,93,269,62
00005949.jpg,377,9,453,93,269,61
00005950.jpg,377,9,453,93,269,61
00005951.jpg,378,9,454,93,268,61
00005952.jpg,378,9,454,93,268,60
00005953.jpg,378,9,454,93,268,60
00005954.jpg,377,8,453,92,268,60
00005955.jpg,376,8,452,92,268,60
00005956.jpg,375,8,451,92,265,60
00005957.jpg,374,8,450,92,222,105
00005958.jpg,374,8,450,92,-1,-1
00005959.jpg,374,8,445,85,-1,-1
00005960.jpg,374,8,445,85,-1,-1
00005961.jpg,376,8,447,85,172,118
00005962.jpg,379,8,450,85,173,118
00005963.jpg,379,8,450,85,173,117
00005964.jpg,381,7,452,84,174,119
00005965.jpg,381,7,452,84,179,119
