00006113.jpg,12,573,374,972,1226,148
00006114.jpg,12,573,374,972,1226,140
00006115.jpg,12,573,374,972,1219,125
00006116.jpg,12,573,374,972,1222,127
00006117.jpg,42,550,433,951,1220,119
00006118.jpg,42,550,433,951,1216,109
00006119.jpg,51,549,442,950,1215,109
00006120.jpg,62,548,453,949,1212,108
00006121.jpg,62,548,453,949,1212,108
00006122.jpg,75,546,466,947,1214,111
00006123.jpg,89,545,480,946,1224,119
00006124.jpg,104,543,495,944,1231,127
00006125.jpg,120,541,511,942,1244,139
00006126.jpg,120,541,511,942,1244,139
00006127.jpg,136,538,527,939,1258,152
00006128.jpg,150,535,541,936,1264,167
00006129.jpg,167,532,558,933,1282,183
00006130.jpg,182,530,573,931,1302,205
00006131.jpg,182,530,573,931,1296,205
00006132.jpg,198,527,589,928,1315,224
00006133.jpg,200,513,602,945,1336,237
00006134.jpg,200,513,602,945,1355,260
00006135.jpg,212,509,614,941,1371,275
00006136.jpg,212,509,614,941,1374,275
00006137.jpg,224,505,626,937,1394,293
00006138.jpg,234,500,636,932,1407,313
00006139.jpg,244,494,646,926,1428,327
00006140.jpg,254,486,656,918,1444,340
00006141.jpg,254,486,656,918,1447,339
00006142.jpg,262,477,664,909,1459,351
00006143.jpg,267,467,669,899,1470,364
00006144.jpg,272,456,674,888,1479,377
00006145.jpg,275,445,677,877,1479,387
00006146.jpg,275,445,677,877,1479,391
00006147.jpg,276,432,678,864,1471,395
00006148.jpg,275,418,677,850,1462,396
00006149.jpg,275,403,677,835,1451,397
00006150.jpg,274,387,676,819,1430,396
00006151.jpg,274,387,676,819,1430,395
00006152.jpg,273,372,675,804,1408,391
00006153.jpg,272,357,674,789,1384,385
00006154.jpg,272,341,674,773,1363,376
00006155.jpg,272,326,674,758,1342,367
00006156.jpg,272,326,674,758,1343,365
00006157.jpg,272,311,674,743,1320,359
00006158.jpg,272,298,674,730,1303,347
00006159.jpg,272,286,674,718,1286,337
00006160.jpg,272,275,674,707,1271,331
00006161.jpg,272,275,674,707,1271,331
00006162.jpg,272,265,674,697,1256,323
00006163.jpg,272,255,674,687,1247,315
00006164.jpg,272,246,674,678,1239,309
00006165.jpg,274,238,676,670,1236,303
00006166.jpg,274,238,676,670,1235,303
00006167.jpg,276,232,678,664,1235,301
00006168.jpg,278,225,680,657,1238,299
00006169.jpg,279,221,681,653,1242,300
00006170.jpg,282,216,684,648,1252,300
00006171.jpg,282,216,684,648,1252,300
00006172.jpg,284,213,686,645,1263,301
00006173.jpg,287,209,689,641,1276,300
00006174.jpg,289,205,691,637,1288,295
00006175.jpg,290,201,692,633,1300,291
00006176.jpg,290,201,692,633,1298,292
00006177.jpg,292,198,694,630,1310,288
00006178.jpg,294,195,696,627,1316,285
00006179.jpg,295,193,697,625,1319,284
00006180.jpg,296,191,698,623,1319,281
00006181.jpg,296,191,698,623,1319,281
00006182.jpg,296,189,698,621,1318,277
00006183.jpg,296,188,698,620,1316,279
00006184.jpg,296,187,698,619,1316,277
00006185.jpg,298,185,700,617,1316,277
00006186.jpg,298,185,700,617,1316,277
00006187.jpg,299,184,701,616,1316,277
00006188.jpg,300,183,702,615,1315,276
00006189.jpg,300,183,702,615,1314,273
00006190.jpg,301,183,703,615,1311,273
00006191.jpg,301,183,703,615,1311,273
00006192.jpg,302,183,704,615,1310,275
00006193.jpg,302,183,704,615,1308,275
00006194.jpg,303,183,705,615,1308,275
00006195.jpg,304,183,706,615,1308,275
00006196.jpg,304,183,706,615,1308,275
00006197.jpg,305,183,707,615,1308,275
00006198.jpg,306,183,708,615,1308,275
00006199.jpg,307,183,709,615,1311,279
00006200.jpg,307,183,709,615,1310,281
00006201.jpg,307,183,709,615,1310,281
00006202.jpg,309,182,711,614,1307,287
00006203.jpg,310,181,712,613,1302,291
00006204.jpg,310,181,712,613,1294,299
