00001588.jpg,188,3,724,558,1353,456
00001589.jpg,188,3,724,558,1353,456
00001590.jpg,188,3,724,558,1352,456
00001591.jpg,188,3,724,558,1356,457
00001592.jpg,189,2,725,557,1354,457
00001593.jpg,189,2,725,557,1354,457
00001594.jpg,190,3,726,558,1354,457
00001595.jpg,193,6,729,561,1354,457
00001596.jpg,196,7,732,562,1361,458
00001597.jpg,199,6,735,561,1366,458
00001598.jpg,199,6,735,561,1366,458
00001599.jpg,200,5,736,560,1366,457
00001600.jpg,201,6,737,561,1366,461
00001601.jpg,202,7,738,562,1362,458
00001602.jpg,203,9,739,564,1362,458
00001603.jpg,203,9,739,564,1364,460
00001604.jpg,200,10,736,565,1361,461
00001605.jpg,197,11,733,566,1358,464
00001606.jpg,196,14,732,569,1358,466
00001607.jpg,196,15,732,570,1357,468
00001608.jpg,196,15,732,570,1356,468
00001609.jpg,198,18,734,573,1356,469
00001610.jpg,207,4,730,543,1358,472
00001611.jpg,207,4,730,543,1361,472
00001612.jpg,211,6,734,545,1362,477
00001613.jpg,211,6,734,545,1362,477
00001614.jpg,211,10,734,549,1369,488
00001615.jpg,212,12,735,551,1378,494
00001616.jpg,212,15,735,554,1389,510
00001617.jpg,209,15,732,554,1396,520
00001618.jpg,209,15,732,554,1397,520
00001619.jpg,209,15,732,554,1410,537
