00008141.jpg,853,144,1230,618,-1,-1
00008142.jpg,853,144,1230,618,-1,-1
00008143.jpg,846,152,1223,626,-1,-1
00008144.jpg,836,162,1213,636,-1,-1
00008145.jpg,825,171,1202,645,-1,-1
00008146.jpg,813,178,1190,652,-1,-1
00008147.jpg,813,178,1190,652,-1,-1
00008148.jpg,800,183,1177,657,-1,-1
00008149.jpg,788,187,1165,661,-1,-1
00008150.jpg,776,193,1153,667,-1,-1
00008151.jpg,768,200,1145,674,-1,-1
00008152.jpg,768,200,1145,674,-1,-1
00008153.jpg,764,206,1141,680,-1,-1
00008154.jpg,763,210,1140,684,-1,-1
00008155.jpg,765,207,1142,681,-1,-1
00008156.jpg,768,202,1145,676,-1,-1
00008157.jpg,769,201,1146,675,-1,-1
00008158.jpg,770,194,1147,668,-1,-1
00008159.jpg,769,188,1146,662,-1,-1
00008160.jpg,766,184,1143,658,-1,-1
00008161.jpg,765,179,1142,653,-1,-1
00008162.jpg,765,179,1142,653,-1,-1
00008163.jpg,768,170,1145,644,-1,-1
00008164.jpg,776,160,1153,634,-1,-1
00008165.jpg,790,152,1167,626,-1,-1
00008166.jpg,805,150,1182,624,-1,-1
00008167.jpg,805,150,1182,624,-1,-1
00008168.jpg,818,151,1195,625,-1,-1
00008169.jpg,827,155,1204,629,-1,-1
00008170.jpg,832,157,1209,631,-1,-1
00008171.jpg,833,157,1210,631,-1,-1
00008172.jpg,833,157,1210,631,-1,-1
00008173.jpg,833,153,1210,627,-1,-1
00008174.jpg,828,150,1205,624,-1,-1
00008175.jpg,824,150,1201,624,-1,-1
00008176.jpg,820,150,1197,624,-1,-1
00008177.jpg,820,150,1197,624,-1,-1
00008178.jpg,819,148,1196,622,-1,-1
00008179.jpg,818,142,1195,616,-1,-1
00008180.jpg,815,134,1192,608,-1,-1
00008181.jpg,812,128,1189,602,-1,-1
00008182.jpg,812,128,1189,602,-1,-1
00008183.jpg,810,123,1187,597,-1,-1
00008184.jpg,810,118,1187,592,-1,-1
00008185.jpg,812,114,1189,588,-1,-1
00008186.jpg,816,110,1193,584,-1,-1
00008187.jpg,816,110,1193,584,-1,-1
00008188.jpg,820,107,1197,581,-1,-1
00008189.jpg,825,107,1202,581,-1,-1
00008190.jpg,829,109,1206,583,-1,-1
00008191.jpg,833,112,1210,586,-1,-1
00008192.jpg,834,112,1211,586,-1,-1
00008193.jpg,856,119,1222,572,-1,-1
00008194.jpg,856,119,1222,572,-1,-1
00008195.jpg,859,122,1225,575,-1,-1
00008196.jpg,871,126,1232,589,-1,-1
00008197.jpg,871,126,1232,589,-1,-1
00008198.jpg,870,124,1231,587,-1,-1
00008199.jpg,868,122,1229,585,-1,-1
00008200.jpg,864,119,1225,582,-1,-1
00008201.jpg,858,116,1219,579,-1,-1
00008202.jpg,858,116,1219,579,-1,-1
00008203.jpg,851,113,1212,576,-1,-1
00008204.jpg,846,109,1207,572,-1,-1
00008205.jpg,833,99,1191,566,-1,-1
00008206.jpg,833,99,1191,566,-1,-1
00008207.jpg,833,99,1191,566,-1,-1
00008208.jpg,827,96,1185,563,-1,-1
00008209.jpg,822,95,1180,562,-1,-1
00008210.jpg,817,95,1175,562,-1,-1
00008211.jpg,812,97,1170,564,-1,-1
00008212.jpg,812,97,1170,564,-1,-1
