00006470.jpg,914,164,1063,308,-1,-1
00006471.jpg,914,164,1063,308,-1,-1
00006472.jpg,914,164,1063,308,-1,-1
00006473.jpg,914,164,1063,308,-1,-1
00006474.jpg,910,162,1059,306,-1,-1
00006475.jpg,905,159,1054,303,-1,-1
00006476.jpg,905,159,1054,303,-1,-1
00006477.jpg,902,152,1051,296,-1,-1
00006478.jpg,900,145,1049,289,-1,-1
00006479.jpg,901,141,1050,285,-1,-1
00006480.jpg,901,138,1050,282,-1,-1
00006481.jpg,901,138,1050,282,-1,-1
00006482.jpg,901,137,1050,281,-1,-1
00006483.jpg,900,142,1049,286,-1,-1
00006484.jpg,899,147,1048,291,-1,-1
00006485.jpg,898,152,1047,296,-1,-1
00006486.jpg,898,152,1047,296,-1,-1
00006487.jpg,899,158,1048,302,-1,-1
00006488.jpg,900,165,1049,309,-1,-1
00006489.jpg,900,168,1049,312,-1,-1
00006490.jpg,899,170,1048,314,-1,-1
00006491.jpg,899,170,1048,314,-1,-1
00006492.jpg,897,171,1046,315,-1,-1
00006493.jpg,900,168,1045,316,-1,-1
00006494.jpg,900,168,1045,316,-1,-1
00006495.jpg,905,168,1050,316,-1,-1
00006496.jpg,905,168,1050,316,-1,-1
00006497.jpg,896,163,1041,311,-1,-1
00006498.jpg,892,160,1037,308,-1,-1
00006499.jpg,888,160,1033,308,-1,-1
00006500.jpg,880,161,1025,309,-1,-1
00006501.jpg,880,161,1025,309,-1,-1
00006502.jpg,873,162,1018,310,-1,-1
00006503.jpg,867,166,1012,314,-1,-1
00006504.jpg,860,173,1005,321,-1,-1
00006505.jpg,853,179,998,327,-1,-1
00006506.jpg,853,179,998,327,-1,-1
00006507.jpg,845,181,990,329,-1,-1
00006508.jpg,833,183,978,331,-1,-1
00006509.jpg,829,187,974,335,-1,-1
00006510.jpg,816,185,961,333,-1,-1
00006511.jpg,816,185,961,333,-1,-1
00006512.jpg,810,184,955,332,-1,-1
00006513.jpg,805,178,950,326,-1,-1
00006514.jpg,802,172,947,320,-1,-1
00006515.jpg,801,169,946,317,-1,-1
00006516.jpg,801,169,946,317,-1,-1
00006517.jpg,800,167,945,315,-1,-1
00006518.jpg,799,167,944,315,-1,-1
00006519.jpg,797,170,942,318,-1,-1
00006520.jpg,798,173,943,321,-1,-1
00006521.jpg,798,173,943,321,-1,-1
00006522.jpg,795,176,940,324,-1,-1
00006523.jpg,787,175,941,344,-1,-1
00006524.jpg,787,175,941,344,1130,205
00006525.jpg,789,173,943,342,1130,205
00006526.jpg,789,173,943,342,1130,205
00006527.jpg,792,170,946,339,1131,200
00006528.jpg,792,166,946,335,1134,195
00006529.jpg,792,163,946,332,1132,192
00006530.jpg,791,162,945,331,1132,188
00006531.jpg,791,162,945,331,1134,188
00006532.jpg,791,160,945,329,1130,184
00006533.jpg,793,139,947,308,1128,180
00006534.jpg,793,139,947,308,1126,173
