00012407.jpg,533,110,696,291,452,398
00012408.jpg,533,110,696,291,451,399
00012409.jpg,533,110,696,291,451,400
00012410.jpg,533,110,696,291,450,399
00012411.jpg,532,110,695,291,450,400
00012412.jpg,532,110,695,291,448,401
00012413.jpg,531,110,694,291,448,401
00012414.jpg,530,110,693,291,447,403
00012415.jpg,530,110,693,291,447,403
00012416.jpg,529,110,692,291,446,403
00012417.jpg,528,110,691,291,443,403
00012418.jpg,527,110,690,291,440,403
00012419.jpg,526,110,689,291,437,403
00012420.jpg,526,110,689,291,435,404
00012421.jpg,525,109,688,290,435,404
00012422.jpg,525,109,688,290,435,404
00012423.jpg,525,109,688,290,433,405
00012424.jpg,525,108,688,289,433,405
00012425.jpg,529,107,692,288,431,405
00012426.jpg,529,106,692,287,523,687
00012427.jpg,530,106,693,287,521,688
00012428.jpg,530,105,693,286,525,689
00012429.jpg,530,104,693,285,523,689
00012430.jpg,530,104,693,285,523,688
00012431.jpg,530,103,693,284,524,690
00012432.jpg,530,103,693,284,524,693
00012433.jpg,530,103,693,284,524,697
00012434.jpg,529,103,692,284,524,699
00012435.jpg,529,102,692,283,524,704
00012436.jpg,528,102,691,283,525,701
00012437.jpg,528,102,691,283,525,704
00012438.jpg,527,102,690,283,525,701
00012439.jpg,526,102,689,283,526,704
00012440.jpg,525,101,688,282,526,702
00012441.jpg,525,101,688,282,528,702
00012442.jpg,524,100,687,281,526,704
00012443.jpg,523,99,686,280,528,705
00012444.jpg,523,99,686,280,528,705
00012445.jpg,523,98,686,279,529,706
00012446.jpg,523,97,686,278,530,707
00012447.jpg,523,97,686,278,532,705
00012448.jpg,524,96,687,277,531,705
00012449.jpg,525,89,689,280,532,706
00012450.jpg,525,89,689,280,533,706
00012451.jpg,525,89,689,280,532,707
00012452.jpg,525,89,689,280,533,707
00012453.jpg,525,88,689,279,-1,-1
00012454.jpg,525,88,689,279,-1,-1
00012455.jpg,526,88,690,279,422,405
00012456.jpg,526,88,690,279,443,413
00012457.jpg,526,88,690,279,458,418
00012458.jpg,526,87,690,278,460,418
00012459.jpg,526,87,690,278,458,418
00012460.jpg,527,87,691,278,458,418
00012461.jpg,527,87,691,278,457,418
00012462.jpg,527,87,691,278,458,418
00012463.jpg,527,86,691,277,458,418
00012464.jpg,527,86,691,277,457,418
00012465.jpg,528,86,692,277,458,418
00012466.jpg,528,87,692,278,457,419
00012467.jpg,529,87,693,278,458,421
00012468.jpg,529,87,693,278,460,421
00012469.jpg,529,88,693,279,460,423
00012470.jpg,530,89,694,280,460,425
00012471.jpg,530,89,694,280,460,428
00012472.jpg,530,90,694,281,461,428
00012473.jpg,530,90,694,281,461,431
00012474.jpg,530,91,694,282,461,433
00012475.jpg,530,91,694,282,461,435
00012476.jpg,530,92,694,283,461,438
00012477.jpg,530,92,694,283,460,439
00012478.jpg,530,92,694,283,460,441
00012479.jpg,530,92,694,283,460,441
00012480.jpg,530,93,694,284,460,441
00012481.jpg,530,92,694,283,460,441
00012482.jpg,530,92,694,283,460,441
00012483.jpg,530,92,694,283,460,441
00012484.jpg,530,92,694,283,460,441
00012485.jpg,531,92,695,283,-1,-1
00012486.jpg,531,91,695,282,-1,-1
00012487.jpg,532,91,696,282,-1,-1
00012488.jpg,532,90,696,281,-1,-1
00012489.jpg,533,89,697,280,-1,-1
00012490.jpg,533,88,697,279,-1,-1
00012491.jpg,533,86,697,277,-1,-1
00012492.jpg,532,85,696,276,-1,-1
00012493.jpg,531,84,695,275,-1,-1
00012494.jpg,530,82,694,273,-1,-1
00012495.jpg,529,81,693,272,790,489
00012496.jpg,529,83,693,274,814,422
00012497.jpg,530,81,701,276,771,229
00012498.jpg,530,81,701,276,774,229
00012499.jpg,531,81,702,276,776,230
00012500.jpg,533,82,704,277,777,227
00012501.jpg,534,82,705,277,780,228
00012502.jpg,535,82,706,277,781,228
00012503.jpg,536,82,707,277,782,229
00012504.jpg,537,82,708,277,784,230
00012505.jpg,538,82,709,277,785,230
00012506.jpg,538,83,709,278,789,230
00012507.jpg,539,83,710,278,793,232
00012508.jpg,539,84,710,279,793,234
00012509.jpg,540,84,711,279,793,234
00012510.jpg,541,85,712,280,792,237
00012511.jpg,542,86,713,281,792,237
00012512.jpg,542,87,713,282,793,237
00012513.jpg,543,87,714,282,794,238
00012514.jpg,544,88,715,283,796,240
00012515.jpg,545,88,716,283,800,244
00012516.jpg,546,88,717,283,803,245
00012517.jpg,547,89,718,284,805,245
00012518.jpg,547,90,718,285,807,246
00012519.jpg,548,90,719,285,810,246
00012520.jpg,548,91,719,286,811,246
00012521.jpg,548,92,719,287,811,248
00012522.jpg,548,93,719,288,813,249
00012523.jpg,548,94,719,289,816,251
00012524.jpg,548,96,719,291,818,254
00012525.jpg,548,97,719,292,820,258
00012526.jpg,548,98,719,293,820,258
00012527.jpg,548,99,719,294,824,258
00012528.jpg,548,100,719,295,825,258
00012529.jpg,547,101,718,296,829,258
00012530.jpg,547,101,718,296,830,258
00012531.jpg,547,102,718,297,830,258
00012532.jpg,547,102,718,297,834,257
00012533.jpg,546,102,717,297,835,256
00012534.jpg,546,102,717,297,835,255
00012535.jpg,545,102,716,297,837,255
00012536.jpg,544,102,715,297,838,255
00012537.jpg,543,102,714,297,838,255
00012538.jpg,542,102,713,297,837,254
00012539.jpg,540,101,711,296,837,254
00012540.jpg,538,101,709,296,837,254
00012541.jpg,535,101,706,296,837,254
00012542.jpg,532,101,703,296,837,254
00012543.jpg,529,101,700,296,833,253
00012544.jpg,526,102,697,297,828,254
00012545.jpg,524,102,695,297,825,255
00012546.jpg,522,102,693,297,820,257
00012547.jpg,520,102,691,297,816,255
00012548.jpg,518,102,689,297,815,255
00012549.jpg,516,102,687,297,815,255
00012550.jpg,515,102,686,297,812,259
00012551.jpg,514,102,685,297,805,261
00012552.jpg,513,102,684,297,805,261
00012553.jpg,512,102,683,297,801,266
00012554.jpg,511,102,682,297,800,267
00012555.jpg,510,101,681,296,796,273
00012556.jpg,509,101,680,296,795,278
00012557.jpg,508,101,679,296,789,285
00012558.jpg,508,100,679,295,785,292
00012559.jpg,507,100,678,295,781,299
00012560.jpg,506,100,677,295,776,306
00012561.jpg,506,100,677,295,773,314
00012562.jpg,505,100,676,295,770,319
00012563.jpg,505,100,676,295,767,322
00012564.jpg,504,100,675,295,764,330
00012565.jpg,502,101,673,296,760,330
00012566.jpg,501,101,672,296,758,331
00012567.jpg,500,101,671,296,758,332
00012568.jpg,500,101,671,296,756,332
00012569.jpg,499,101,670,296,757,331
00012570.jpg,498,102,669,297,757,330
00012571.jpg,498,102,669,297,757,330
00012572.jpg,497,102,668,297,756,329
00012573.jpg,496,102,667,297,754,326
00012574.jpg,496,102,667,297,752,324
00012575.jpg,495,102,666,297,748,326
00012576.jpg,494,102,665,297,744,330
00012577.jpg,493,103,664,298,740,331
00012578.jpg,492,103,663,298,740,331
00012579.jpg,491,104,662,299,740,331
00012580.jpg,490,105,661,300,738,334
00012581.jpg,490,106,661,301,736,336
00012582.jpg,489,107,660,302,736,339
00012583.jpg,488,109,659,304,735,340
00012584.jpg,488,109,659,304,731,340
00012585.jpg,487,110,658,305,728,342
00012586.jpg,486,111,657,306,727,346
00012587.jpg,486,112,657,307,723,349
00012588.jpg,485,113,656,308,719,352
00012589.jpg,484,113,655,308,713,357
00012590.jpg,484,114,655,309,709,362
00012591.jpg,483,115,654,310,705,364
00012592.jpg,482,116,653,311,703,364
00012593.jpg,482,117,653,312,701,366
00012594.jpg,481,117,652,312,700,370
00012595.jpg,480,117,651,312,702,370
00012596.jpg,480,117,651,312,700,373
00012597.jpg,480,117,651,312,700,374
00012598.jpg,479,117,650,312,699,374
00012599.jpg,479,117,650,312,697,377
00012600.jpg,478,116,649,311,696,378
00012601.jpg,478,117,649,312,696,378
00012602.jpg,477,116,648,311,696,378
00012603.jpg,477,116,648,311,696,378
00012604.jpg,477,116,648,311,693,380
00012605.jpg,477,116,648,311,690,382
00012606.jpg,477,116,648,311,687,382
00012607.jpg,477,115,648,310,686,382
00012608.jpg,477,115,648,310,686,383
00012609.jpg,477,114,648,309,685,382
00012610.jpg,477,113,648,308,683,381
00012611.jpg,478,112,649,307,683,380
00012612.jpg,478,111,649,306,683,380
00012613.jpg,479,111,650,306,683,380
00012614.jpg,479,110,650,305,683,380
00012615.jpg,480,109,651,304,686,376
00012616.jpg,481,108,652,303,689,375
00012617.jpg,481,107,652,302,690,374
00012618.jpg,482,106,653,301,692,374
00012619.jpg,483,106,654,301,696,372
00012620.jpg,483,105,654,300,696,370
00012621.jpg,484,104,655,299,696,373
00012622.jpg,488,105,652,293,-1,-1
00012623.jpg,488,105,652,293,-1,-1
00012624.jpg,488,105,652,293,-1,-1
00012625.jpg,488,105,652,293,-1,-1
00012626.jpg,489,105,653,293,-1,-1
00012627.jpg,489,105,653,293,-1,-1
00012628.jpg,489,105,653,293,-1,-1
00012629.jpg,491,105,654,289,-1,-1
00012630.jpg,491,105,654,289,-1,-1
00012631.jpg,491,105,654,289,-1,-1
00012632.jpg,491,105,654,289,342,244
00012633.jpg,491,105,654,289,343,241
00012634.jpg,491,105,654,289,352,180
00012635.jpg,494,104,661,287,352,180
00012636.jpg,494,104,661,287,352,180
00012637.jpg,495,104,662,287,352,180
00012638.jpg,495,104,662,287,352,180
00012639.jpg,496,105,663,288,353,180
00012640.jpg,497,105,664,288,353,180
00012641.jpg,498,105,665,288,353,180
00012642.jpg,499,106,666,289,353,180
00012643.jpg,500,106,667,289,353,180
00012644.jpg,501,106,668,289,355,181
00012645.jpg,501,106,668,289,355,181
00012646.jpg,502,107,669,290,355,181
00012647.jpg,503,107,670,290,356,179
00012648.jpg,504,107,671,290,358,179
00012649.jpg,504,107,671,290,359,177
00012650.jpg,505,107,672,290,357,176
00012651.jpg,506,107,673,290,356,175
00012652.jpg,507,106,674,289,356,175
00012653.jpg,509,106,676,289,356,175
00012654.jpg,510,105,677,288,356,175
00012655.jpg,511,104,678,287,359,175
00012656.jpg,512,104,679,287,361,176
00012657.jpg,513,103,680,286,363,177
00012658.jpg,514,103,681,286,363,177
00012659.jpg,515,103,682,286,365,177
00012660.jpg,516,104,683,287,367,178
00012661.jpg,516,104,683,287,368,178
00012662.jpg,516,104,683,287,369,178
00012663.jpg,516,104,683,287,370,180
00012664.jpg,513,100,682,287,370,180
00012665.jpg,513,100,682,287,371,180
00012666.jpg,512,100,681,287,371,180
00012667.jpg,512,100,681,287,371,180
00012668.jpg,511,100,680,287,371,180
00012669.jpg,510,99,679,286,371,180
00012670.jpg,510,99,679,286,371,180
00012671.jpg,510,99,679,286,371,180
00012672.jpg,510,99,679,286,371,180
00012673.jpg,510,99,679,286,371,180
00012674.jpg,510,99,679,286,371,180
00012675.jpg,510,99,679,286,371,180
00012676.jpg,510,99,679,286,372,179
00012677.jpg,510,99,679,286,372,179
00012678.jpg,510,99,679,286,372,179
00012679.jpg,510,99,679,286,372,179
00012680.jpg,510,99,679,286,373,179
00012681.jpg,510,99,679,286,372,179
00012682.jpg,510,99,679,286,372,179
00012683.jpg,511,97,687,281,373,179
00012684.jpg,511,97,687,281,373,179
00012685.jpg,511,97,687,281,373,179
00012686.jpg,511,97,687,281,373,179
00012687.jpg,511,97,687,281,373,179
00012688.jpg,511,97,687,281,373,179
00012689.jpg,511,97,687,281,373,179
00012690.jpg,511,97,687,281,373,179
00012691.jpg,513,99,686,284,374,179
00012692.jpg,515,100,688,287,-1,-1
00012693.jpg,516,103,689,286,-1,-1
00012694.jpg,519,104,689,287,-1,-1
00012695.jpg,517,102,692,288,-1,-1
00012696.jpg,518,102,693,288,-1,-1
00012697.jpg,519,102,694,290,-1,-1
00012698.jpg,523,104,693,286,763,260
00012699.jpg,523,105,693,285,762,260
00012700.jpg,521,105,693,287,762,262
00012701.jpg,521,106,693,287,762,262
00012702.jpg,525,101,688,293,760,264
00012703.jpg,525,101,688,293,759,264
00012704.jpg,524,101,687,293,759,264
00012705.jpg,524,101,687,293,756,264
00012706.jpg,523,101,686,293,756,264
00012707.jpg,522,100,685,292,756,264
00012708.jpg,521,100,684,292,756,264
00012709.jpg,520,100,683,292,756,264
00012710.jpg,519,99,682,291,756,264
00012711.jpg,518,99,681,291,756,264
00012712.jpg,518,99,681,291,756,264
00012713.jpg,517,99,680,291,755,261
00012714.jpg,516,98,679,290,755,261
00012715.jpg,515,98,678,290,755,261
00012716.jpg,514,98,677,290,755,261
00012717.jpg,514,98,677,290,755,261
00012718.jpg,513,98,676,290,755,263
00012719.jpg,511,97,674,289,755,263
00012720.jpg,510,97,673,289,755,263
00012721.jpg,509,97,672,289,755,263
00012722.jpg,508,97,671,289,755,264
00012723.jpg,506,96,669,288,755,264
00012724.jpg,505,96,668,288,755,264
00012725.jpg,504,96,667,288,755,264
00012726.jpg,502,95,665,287,755,264
00012727.jpg,501,95,664,287,755,264
00012728.jpg,500,95,663,287,755,264
00012729.jpg,499,95,662,287,755,264
00012730.jpg,497,95,660,287,755,264
00012731.jpg,496,95,659,287,755,264
00012732.jpg,494,95,657,287,755,264
00012733.jpg,492,95,655,287,754,264
00012734.jpg,491,95,654,287,755,264
00012735.jpg,489,96,652,288,754,264
00012736.jpg,487,96,650,288,754,264
00012737.jpg,486,96,649,288,755,264
00012738.jpg,485,96,648,288,754,264
00012739.jpg,483,96,646,288,754,263
00012740.jpg,482,95,645,287,754,265
00012741.jpg,481,95,644,287,750,265
00012742.jpg,479,95,642,287,748,265
00012743.jpg,478,94,641,286,749,265
00012744.jpg,477,94,640,286,749,265
00012745.jpg,475,94,638,286,749,265
00012746.jpg,474,94,637,286,749,265
00012747.jpg,473,94,636,286,749,265
00012748.jpg,471,94,634,286,749,265
00012749.jpg,472,89,636,296,749,267
00012750.jpg,471,89,635,296,750,267
00012751.jpg,470,89,634,296,750,267
00012752.jpg,469,89,633,296,750,268
00012753.jpg,468,89,632,296,749,267
00012754.jpg,468,89,632,296,749,268
00012755.jpg,467,89,631,296,750,268
00012756.jpg,466,88,630,295,748,268
00012757.jpg,465,88,629,295,748,271
00012758.jpg,464,88,628,295,747,273
00012759.jpg,463,88,627,295,748,274
00012760.jpg,462,87,626,294,746,274
00012761.jpg,461,87,625,294,746,274
00012762.jpg,460,87,624,294,746,274
00012763.jpg,460,87,624,294,746,274
00012764.jpg,459,87,623,294,746,274
00012765.jpg,459,87,623,294,744,276
00012766.jpg,459,87,623,294,742,279
00012767.jpg,458,86,622,293,740,282
00012768.jpg,457,86,621,293,736,288
00012769.jpg,457,86,621,293,735,289
00012770.jpg,455,86,619,293,735,290
00012771.jpg,455,87,619,294,729,298
00012772.jpg,457,88,621,296,726,305
00012773.jpg,457,88,621,296,724,308
00012774.jpg,457,89,621,297,718,318
00012775.jpg,456,90,620,298,716,331
00012776.jpg,459,96,626,308,711,338
00012777.jpg,459,96,626,308,710,340
00012778.jpg,460,97,627,309,711,340
00012779.jpg,460,97,627,309,714,340
00012780.jpg,461,98,628,310,713,338
00012781.jpg,463,98,629,318,713,337
00012782.jpg,463,98,629,318,718,335
00012783.jpg,464,98,630,318,716,333
00012784.jpg,464,98,630,318,716,333
00012785.jpg,465,98,631,318,716,333
00012786.jpg,465,98,631,318,717,332
00012787.jpg,465,97,631,317,717,332
00012788.jpg,467,91,633,323,717,332
00012789.jpg,467,91,633,323,652,546
00012790.jpg,468,91,634,323,648,532
00012791.jpg,468,90,634,322,649,519
00012792.jpg,469,90,635,322,648,506
00012793.jpg,470,90,636,322,640,504
00012794.jpg,471,89,637,321,559,529
00012795.jpg,471,89,637,321,559,529
00012796.jpg,471,88,637,320,559,528
00012797.jpg,471,87,637,319,562,528
00012798.jpg,472,87,638,319,561,520
00012799.jpg,472,86,638,318,563,520
00012800.jpg,472,85,638,317,563,517
00012801.jpg,473,85,639,317,563,512
00012802.jpg,474,84,640,316,616,488
00012803.jpg,474,83,640,315,618,491
00012804.jpg,475,83,641,315,617,491
00012805.jpg,476,82,642,314,617,491
00012806.jpg,477,82,643,314,616,493
00012807.jpg,478,81,644,313,620,497
00012808.jpg,483,88,652,307,622,499
00012809.jpg,483,88,652,307,764,558
00012810.jpg,485,87,654,306,852,467
00012811.jpg,486,87,655,306,793,257
00012812.jpg,488,86,657,305,793,255
00012813.jpg,490,86,659,305,797,255
00012814.jpg,492,86,661,305,797,255
00012815.jpg,495,86,664,305,802,255
00012816.jpg,498,86,667,305,804,254
00012817.jpg,505,87,674,306,808,254
00012818.jpg,507,88,676,307,810,254
00012819.jpg,515,89,677,297,811,254
00012820.jpg,515,89,677,297,817,255
00012821.jpg,516,89,678,297,817,255
00012822.jpg,518,90,680,298,817,255
00012823.jpg,520,90,682,298,817,255
00012824.jpg,524,90,686,298,817,259
00012825.jpg,532,87,695,290,816,259
00012826.jpg,532,87,695,290,814,261
00012827.jpg,533,87,696,290,814,266
00012828.jpg,534,87,697,290,813,268
00012829.jpg,535,88,698,291,802,278
00012830.jpg,536,88,699,291,798,289
00012831.jpg,545,89,708,292,795,294
00012832.jpg,548,90,711,293,795,298
00012833.jpg,551,91,714,294,794,308
00012834.jpg,553,91,716,294,793,314
00012835.jpg,555,92,718,295,790,324
00012836.jpg,557,92,720,295,789,336
00012837.jpg,558,92,721,295,787,342
00012838.jpg,562,93,725,296,787,342
00012839.jpg,563,93,726,296,787,342
00012840.jpg,564,93,727,296,785,343
00012841.jpg,563,93,726,296,782,345
00012842.jpg,563,93,726,296,780,348
00012843.jpg,563,94,726,297,780,348
00012844.jpg,562,94,725,297,703,346
00012845.jpg,561,104,724,307,704,349
00012846.jpg,561,106,724,309,697,464
00012847.jpg,568,106,726,308,587,529
00012848.jpg,568,106,726,308,587,528
00012849.jpg,567,107,725,309,589,525
00012850.jpg,567,108,725,310,590,525
00012851.jpg,568,109,729,318,593,525
00012852.jpg,571,112,731,324,593,525
00012853.jpg,571,112,731,324,593,525
00012854.jpg,570,113,730,325,595,525
00012855.jpg,569,113,729,325,598,525
00012856.jpg,568,117,728,333,600,524
00012857.jpg,568,117,728,333,600,521
00012858.jpg,567,118,727,334,599,520
00012859.jpg,565,118,725,334,596,519
00012860.jpg,564,118,724,334,593,519
00012861.jpg,563,118,723,334,592,519
00012862.jpg,560,128,725,343,587,519
00012863.jpg,560,128,725,343,585,522
00012864.jpg,559,128,724,343,585,524
00012865.jpg,559,128,724,343,578,525
00012866.jpg,558,128,723,343,576,525
00012867.jpg,557,127,722,342,576,525
00012868.jpg,557,127,722,342,571,525
00012869.jpg,555,126,720,341,569,526
00012870.jpg,555,126,720,341,518,518
00012871.jpg,553,125,718,340,519,519
00012872.jpg,552,125,717,340,515,519
00012873.jpg,552,125,717,340,516,518
00012874.jpg,550,124,715,339,514,518
00012875.jpg,550,124,715,339,514,520
00012876.jpg,550,124,715,339,514,520
00012877.jpg,549,123,714,338,513,516
00012878.jpg,549,123,714,338,513,516
00012879.jpg,549,122,714,337,513,515
00012880.jpg,549,128,708,338,513,512
00012881.jpg,549,128,708,338,513,512
00012882.jpg,549,128,708,338,513,512
00012883.jpg,549,128,708,338,513,511
00012884.jpg,548,127,707,337,513,511
00012885.jpg,548,127,707,337,513,511
00012886.jpg,548,127,707,337,569,530
00012887.jpg,547,127,706,337,566,528
00012888.jpg,547,127,706,337,568,528
00012889.jpg,548,127,707,337,569,528
00012890.jpg,549,127,708,337,571,529
00012891.jpg,550,127,709,337,571,528
00012892.jpg,551,127,710,337,572,528
00012893.jpg,551,127,710,337,576,525
00012894.jpg,552,127,711,337,578,525
00012895.jpg,552,127,711,337,578,525
00012896.jpg,552,127,711,337,578,522
00012897.jpg,553,128,712,338,580,519
00012898.jpg,553,128,712,338,582,515
00012899.jpg,553,128,712,338,583,512
00012900.jpg,553,128,712,338,583,510
00012901.jpg,553,128,712,338,584,503
00012902.jpg,554,128,713,338,587,498
00012903.jpg,554,127,713,337,587,497
00012904.jpg,555,127,714,337,588,496
00012905.jpg,555,127,714,337,588,493
00012906.jpg,556,127,715,337,591,490
00012907.jpg,557,127,716,337,592,493
00012908.jpg,558,128,717,338,593,493
00012909.jpg,558,128,717,338,599,494
00012910.jpg,559,128,718,338,602,493
00012911.jpg,559,128,718,338,603,495
00012912.jpg,560,129,719,339,606,495
00012913.jpg,560,129,719,339,606,495
00012914.jpg,560,129,719,339,610,495
00012915.jpg,561,129,720,339,610,495
00012916.jpg,561,129,720,339,611,494
00012917.jpg,561,129,720,339,611,494
00012918.jpg,562,130,721,340,611,492
00012919.jpg,562,130,721,340,614,486
00012920.jpg,562,130,721,340,618,482
00012921.jpg,562,131,721,341,623,475
00012922.jpg,561,131,720,341,626,473
00012923.jpg,561,131,720,341,539,666
00012924.jpg,564,131,722,330,416,450
00012925.jpg,564,131,722,330,415,446
00012926.jpg,564,131,722,330,415,443
00012927.jpg,564,131,722,330,415,438
00012928.jpg,564,131,722,330,417,435
00012929.jpg,564,131,722,330,418,430
00012930.jpg,564,131,722,330,418,432
00012931.jpg,564,130,722,329,419,437
00012932.jpg,564,130,722,329,419,438
00012933.jpg,565,118,728,321,419,441
00012934.jpg,565,118,728,321,419,443
00012935.jpg,564,117,727,320,418,449
00012936.jpg,564,117,727,320,418,447
00012937.jpg,564,117,727,320,418,444
00012938.jpg,563,116,726,319,414,421
00012939.jpg,564,116,727,319,414,395
00012940.jpg,563,115,726,318,432,524
00012941.jpg,564,115,727,318,433,524
00012942.jpg,565,115,728,318,428,523
00012943.jpg,567,115,730,318,426,522
00012944.jpg,569,115,732,318,429,520
00012945.jpg,571,114,734,317,427,520
00012946.jpg,571,107,737,310,426,518
00012947.jpg,571,107,738,310,427,513
00012948.jpg,571,107,738,310,427,510
