00006189.jpg,694,109,1118,585,1380,498
00006190.jpg,694,109,1118,585,1380,498
00006191.jpg,694,109,1118,585,1380,498
00006192.jpg,694,109,1118,585,1380,498
00006193.jpg,690,109,1114,585,1380,498
00006194.jpg,686,109,1110,585,1380,498
00006195.jpg,682,108,1106,584,1380,498
00006196.jpg,681,108,1105,584,1380,498
00006197.jpg,680,106,1104,582,1380,498
00006198.jpg,680,102,1104,578,1362,496
00006199.jpg,679,100,1103,576,1362,496
00006200.jpg,677,98,1101,574,1362,492
00006201.jpg,674,96,1098,572,1362,492
00006202.jpg,670,91,1094,567,1362,492
00006203.jpg,667,86,1091,562,1360,488
00006204.jpg,667,81,1091,557,1355,478
00006205.jpg,667,75,1091,551,1355,474
00006206.jpg,668,71,1092,547,1355,465
00006207.jpg,669,69,1093,545,1354,462
00006208.jpg,670,69,1094,545,1354,462
00006209.jpg,672,70,1096,546,1352,461
00006210.jpg,674,71,1098,547,1356,461
00006211.jpg,676,71,1100,547,1360,462
00006212.jpg,677,71,1101,547,1363,462
00006213.jpg,678,71,1102,547,1363,462
00006214.jpg,678,71,1102,547,1363,462
00006215.jpg,677,73,1101,549,1363,462
00006216.jpg,676,74,1100,550,1363,462
00006217.jpg,677,76,1101,552,1360,462
00006218.jpg,679,78,1103,554,1360,469
00006219.jpg,680,81,1104,557,1360,469
00006220.jpg,681,81,1105,557,1363,472
00006221.jpg,683,80,1107,556,1367,476
00006222.jpg,685,78,1109,554,1367,476
00006223.jpg,686,76,1110,552,1371,476
00006224.jpg,687,76,1111,552,1378,472
00006225.jpg,688,77,1112,553,1378,476
00006226.jpg,688,79,1112,555,1382,476
00006227.jpg,690,81,1114,557,1386,477
00006228.jpg,690,81,1114,557,1391,482
00006229.jpg,689,80,1113,556,-1,-1
00006230.jpg,685,79,1109,555,-1,-1
00006231.jpg,680,79,1104,555,-1,-1
00006232.jpg,674,81,1098,557,-1,-1
00006233.jpg,668,86,1092,562,-1,-1
00006234.jpg,664,92,1088,568,-1,-1
00006235.jpg,660,93,1084,569,-1,-1
00006236.jpg,659,93,1083,569,-1,-1
00006237.jpg,658,94,1082,570,-1,-1
00006238.jpg,656,95,1080,571,-1,-1
00006239.jpg,655,94,1079,570,-1,-1
00006240.jpg,654,92,1078,568,-1,-1
00006241.jpg,653,91,1077,567,-1,-1
00006242.jpg,654,91,1078,567,-1,-1
00006243.jpg,655,90,1079,566,-1,-1
00006244.jpg,658,90,1082,566,-1,-1
00006245.jpg,661,87,1085,563,-1,-1
00006246.jpg,663,86,1087,562,-1,-1
00006247.jpg,664,86,1088,562,-1,-1
00006248.jpg,664,86,1088,562,-1,-1
00006249.jpg,664,86,1088,562,-1,-1
00006250.jpg,662,89,1086,565,-1,-1
00006251.jpg,661,88,1085,564,-1,-1
00006252.jpg,662,84,1086,560,-1,-1
00006253.jpg,664,76,1088,552,-1,-1
00006254.jpg,665,69,1089,545,-1,-1
00006255.jpg,663,63,1087,539,-1,-1
00006256.jpg,661,59,1085,535,-1,-1
00006257.jpg,658,57,1082,533,-1,-1
00006258.jpg,658,57,1082,533,-1,-1
