00046135.jpg,144,184,448,472,836,128
00046136.jpg,144,184,448,471,836,128
00046137.jpg,144,184,448,472,836,128
00046138.jpg,144,184,448,471,836,128
00046139.jpg,144,185,448,471,836,128
00046140.jpg,144,184,448,472,836,128
00046141.jpg,144,185,449,471,836,128
00046142.jpg,143,184,449,472,836,128
00046143.jpg,143,184,450,472,836,128
00046144.jpg,142,184,450,472,834,130
00046145.jpg,143,184,450,472,836,133
00046146.jpg,142,184,450,472,834,133
00046147.jpg,143,184,449,471,834,133
00046148.jpg,143,184,450,472,834,133
00046149.jpg,143,184,450,471,834,133
00046150.jpg,143,183,451,471,834,133
00046151.jpg,143,184,451,471,834,133
00046152.jpg,144,184,451,472,834,133
00046153.jpg,143,184,450,472,834,133
00046154.jpg,144,184,450,471,834,133
00046155.jpg,144,184,450,471,834,133
00046156.jpg,143,183,451,471,834,133
00046157.jpg,144,183,451,471,834,133
00046158.jpg,144,183,451,471,834,133
00046159.jpg,144,183,451,471,834,133
00046160.jpg,144,184,450,470,834,133
00046161.jpg,143,184,451,471,834,133
00046162.jpg,144,184,451,471,834,133
00046163.jpg,143,184,451,471,834,133
00046164.jpg,143,184,451,472,834,133
00046165.jpg,143,183,451,471,834,133
00046166.jpg,143,183,452,472,834,133
00046167.jpg,143,182,452,472,834,133
00046168.jpg,143,183,452,474,834,133
00046169.jpg,143,183,453,474,834,133
00046170.jpg,143,183,453,474,834,133
00046171.jpg,143,183,453,474,834,133
00046172.jpg,143,183,454,474,834,130
00046173.jpg,143,183,454,474,834,130
00046174.jpg,142,183,453,474,834,130
00046175.jpg,142,183,453,475,836,130
00046176.jpg,142,183,454,475,836,130
00046177.jpg,141,183,454,475,836,130
00046178.jpg,141,183,454,476,836,130
00046179.jpg,141,183,453,475,836,130
00046180.jpg,142,184,453,475,834,130
00046181.jpg,143,184,453,475,833,130
00046182.jpg,142,184,452,475,833,130
00046183.jpg,142,184,452,476,833,128
00046184.jpg,142,184,452,476,830,129
00046185.jpg,142,184,452,475,830,132
00046186.jpg,143,184,452,475,829,132
00046187.jpg,143,184,452,475,829,132
00046188.jpg,142,184,453,476,829,132
00046189.jpg,143,184,453,475,829,132
00046190.jpg,142,184,453,475,829,133
00046191.jpg,143,184,452,475,829,133
00046192.jpg,142,184,452,475,830,133
00046193.jpg,142,184,453,475,830,133
00046194.jpg,142,184,452,475,830,133
00046195.jpg,142,184,452,475,834,132
00046196.jpg,141,184,452,475,833,132
00046197.jpg,142,185,452,475,832,132
00046198.jpg,142,184,452,476,832,132
00046199.jpg,142,185,452,476,832,132
00046200.jpg,142,185,452,476,830,130
00046201.jpg,142,184,452,475,832,132
00046202.jpg,143,185,452,475,832,132
00046203.jpg,142,184,453,475,832,132
00046204.jpg,143,184,453,475,832,132
00046205.jpg,142,184,453,475,832,132
00046206.jpg,142,184,453,476,832,132
00046207.jpg,142,184,453,476,832,132
00046208.jpg,143,184,453,475,830,134
00046209.jpg,143,184,453,474,832,136
00046210.jpg,143,184,454,475,830,133
00046211.jpg,142,184,454,475,832,132
00046212.jpg,143,184,454,475,834,132
00046213.jpg,142,183,454,475,834,133
00046214.jpg,141,183,454,477,834,133
00046215.jpg,142,183,454,476,834,133
00046216.jpg,141,182,454,477,834,133
00046217.jpg,141,182,453,478,834,133
00046218.jpg,140,182,453,479,834,133
00046219.jpg,140,182,452,480,834,133
00046220.jpg,139,182,452,479,836,133
00046221.jpg,139,181,453,480,836,133
00046222.jpg,138,181,452,483,836,133
00046223.jpg,138,182,452,482,836,133
00046224.jpg,137,182,452,482,836,133
00046225.jpg,137,182,451,482,836,133
00046226.jpg,136,182,451,481,836,133
00046227.jpg,134,180,452,482,836,133
00046228.jpg,132,181,452,482,836,133
00046229.jpg,131,181,452,482,836,133
00046230.jpg,131,180,452,483,836,133
00046231.jpg,130,180,453,484,836,133
00046232.jpg,130,180,452,485,836,132
00046233.jpg,131,179,453,485,836,132
00046234.jpg,132,180,452,485,836,132
00046235.jpg,132,179,453,484,837,132
00046236.jpg,133,179,453,483,837,132
00046237.jpg,134,180,453,483,836,130
00046238.jpg,135,181,453,483,837,128
00046239.jpg,136,180,453,483,837,128
00046240.jpg,137,180,454,483,837,128
00046241.jpg,137,180,454,483,837,128
00046242.jpg,136,179,455,483,837,126
00046243.jpg,135,180,456,484,837,128
00046244.jpg,135,180,456,484,837,128
00046245.jpg,136,181,455,483,837,128
00046246.jpg,137,181,456,484,837,128
00046247.jpg,137,181,456,484,837,128
00046248.jpg,140,181,457,484,837,128
00046249.jpg,138,181,458,485,837,128
00046250.jpg,139,181,457,485,837,128
00046251.jpg,138,180,458,485,837,128
00046252.jpg,140,180,458,484,837,128
00046253.jpg,139,180,458,485,836,128
00046254.jpg,141,180,458,485,840,128
00046255.jpg,142,181,457,485,840,128
00046256.jpg,143,182,457,484,836,129
00046257.jpg,143,181,458,484,833,129
00046258.jpg,143,181,458,485,836,129
00046259.jpg,143,181,458,485,836,129
00046260.jpg,143,181,458,486,837,128
00046261.jpg,143,182,458,487,837,128
00046262.jpg,143,180,460,487,840,128
00046263.jpg,143,180,460,488,840,128
00046264.jpg,143,180,462,488,841,128
00046265.jpg,142,179,463,490,841,128
00046266.jpg,143,179,464,490,842,128
00046267.jpg,143,178,464,490,842,128
00046268.jpg,143,178,467,491,844,126
00046269.jpg,144,179,467,492,844,126
00046270.jpg,145,179,468,492,845,126
00046271.jpg,145,178,468,492,845,126
00046272.jpg,145,178,468,492,845,126
00046273.jpg,145,179,468,491,848,126
00046274.jpg,146,178,468,491,848,126
00046275.jpg,145,179,467,491,848,126
00046276.jpg,146,178,467,491,852,128
00046277.jpg,146,178,468,491,852,128
00046278.jpg,145,178,468,491,853,128
00046279.jpg,145,178,468,491,856,125
00046280.jpg,146,179,468,491,860,126
00046281.jpg,146,179,467,491,857,126
00046282.jpg,146,179,468,491,862,125
00046283.jpg,146,179,468,491,862,125
00046284.jpg,145,179,468,491,866,125
00046285.jpg,145,179,469,492,864,122
00046286.jpg,145,179,468,492,865,121
00046287.jpg,145,179,468,492,866,121
00046288.jpg,145,179,468,492,866,121
00046289.jpg,146,179,469,493,866,121
00046290.jpg,146,179,468,492,866,121
00046291.jpg,146,179,468,492,870,121
00046292.jpg,145,179,468,492,873,121
00046293.jpg,145,179,469,493,877,120
00046294.jpg,145,179,468,493,877,120
00046295.jpg,146,179,468,492,876,120
00046296.jpg,145,178,469,493,878,120
00046297.jpg,146,178,469,492,878,120
00046298.jpg,146,178,468,492,881,120
00046299.jpg,145,178,468,492,881,120
00046300.jpg,146,178,468,491,881,120
00046301.jpg,146,179,468,491,881,120
00046302.jpg,146,179,468,492,881,120
00046303.jpg,146,178,469,492,878,121
00046304.jpg,146,179,468,492,877,118
00046305.jpg,146,178,468,492,880,120
00046306.jpg,146,178,469,492,877,120
00046307.jpg,145,178,469,493,877,120
00046308.jpg,145,178,469,493,876,120
00046309.jpg,145,177,469,493,876,120
00046310.jpg,146,177,469,493,876,120
00046311.jpg,146,178,469,493,876,120
00046312.jpg,147,178,469,492,876,121
00046313.jpg,147,178,469,493,876,120
00046314.jpg,147,179,469,493,876,120
00046315.jpg,147,179,469,493,876,121
00046316.jpg,147,178,469,493,876,121
00046317.jpg,145,178,470,494,876,121
00046318.jpg,146,178,469,493,876,121
00046319.jpg,147,178,469,493,876,121
00046320.jpg,146,178,469,492,876,121
00046321.jpg,146,178,469,492,876,121
00046322.jpg,145,178,469,493,876,122
00046323.jpg,145,178,469,492,876,122
00046324.jpg,145,178,469,493,876,122
00046325.jpg,146,178,469,492,876,122
00046326.jpg,146,179,469,492,876,122
00046327.jpg,146,178,470,492,876,122
00046328.jpg,147,178,470,492,876,122
00046329.jpg,147,178,470,492,876,122
00046330.jpg,146,178,470,493,876,122
00046331.jpg,146,178,470,493,876,122
00046332.jpg,147,178,470,493,876,122
00046333.jpg,147,178,470,493,876,122
00046334.jpg,146,178,469,493,876,122
00046335.jpg,146,178,470,493,876,122
00046336.jpg,146,178,471,494,876,122
00046337.jpg,146,177,471,494,876,122
00046338.jpg,146,177,471,494,876,122
00046339.jpg,146,177,472,494,876,122
00046340.jpg,146,178,471,494,876,122
00046341.jpg,146,178,470,494,876,122
00046342.jpg,147,178,470,494,876,122
00046343.jpg,146,177,471,494,876,122
00046344.jpg,147,177,470,495,876,122
00046345.jpg,146,177,470,494,876,122
00046346.jpg,146,177,471,495,876,122
00046347.jpg,146,177,470,495,876,122
00046348.jpg,145,177,470,494,876,122
00046349.jpg,146,177,470,494,876,122
00046350.jpg,146,177,470,494,876,122
00046351.jpg,147,177,470,493,876,122
00046352.jpg,146,177,469,494,877,122
00046353.jpg,146,178,469,493,877,122
00046354.jpg,145,177,469,494,877,122
00046355.jpg,146,178,469,493,877,122
00046356.jpg,145,177,470,494,877,122
00046357.jpg,146,177,470,494,877,122
00046358.jpg,146,177,469,494,876,122
00046359.jpg,145,177,469,494,874,122
00046360.jpg,146,177,469,494,869,120
00046361.jpg,145,177,470,495,869,120
00046362.jpg,146,177,469,494,864,118
00046363.jpg,144,177,469,495,861,117
00046364.jpg,144,177,469,495,856,118
00046365.jpg,145,177,470,494,852,121
00046366.jpg,146,177,468,494,852,121
00046367.jpg,145,177,468,494,849,121
00046368.jpg,146,178,468,493,849,121
00046369.jpg,147,178,469,492,849,121
00046370.jpg,147,177,469,493,846,122
00046371.jpg,147,177,469,493,841,124
00046372.jpg,146,176,470,493,841,124
00046373.jpg,146,177,470,493,841,124
00046374.jpg,147,177,469,492,841,124
00046375.jpg,147,177,469,493,841,124
00046376.jpg,146,177,469,493,841,124
00046377.jpg,146,177,469,492,841,124
00046378.jpg,146,177,468,492,840,124
00046379.jpg,146,177,468,492,840,124
00046380.jpg,146,177,469,493,840,124
00046381.jpg,146,178,469,492,840,124
00046382.jpg,146,178,468,492,840,124
00046383.jpg,146,177,469,493,840,124
00046384.jpg,146,178,469,493,840,124
00046385.jpg,145,178,469,493,840,124
00046386.jpg,146,177,468,493,840,124
00046387.jpg,145,177,468,493,840,125
00046388.jpg,146,178,468,493,840,125
00046389.jpg,146,178,468,493,840,125
00046390.jpg,146,179,468,492,841,125
00046391.jpg,146,178,468,493,841,125
00046392.jpg,145,177,469,493,840,125
00046393.jpg,145,178,468,493,838,125
00046394.jpg,146,178,467,493,838,125
00046395.jpg,146,179,467,492,840,124
00046396.jpg,146,179,467,492,840,124
00046397.jpg,146,179,467,492,838,124
00046398.jpg,147,179,467,492,838,124
00046399.jpg,147,179,467,491,838,124
00046400.jpg,147,178,467,491,838,124
00046401.jpg,147,178,468,491,838,124
00046402.jpg,146,178,468,492,838,122
00046403.jpg,147,179,468,491,838,122
00046404.jpg,147,179,468,491,840,122
00046405.jpg,147,179,468,490,841,121
00046406.jpg,146,178,468,492,841,121
00046407.jpg,146,178,468,492,841,117
00046408.jpg,147,179,468,492,841,117
00046409.jpg,147,178,468,492,841,117
00046410.jpg,146,178,468,492,841,117
00046411.jpg,146,178,468,492,841,117
00046412.jpg,145,178,468,493,841,117
00046413.jpg,146,178,468,492,838,117
00046414.jpg,147,178,467,492,838,117
00046415.jpg,146,178,467,492,838,117
00046416.jpg,145,178,467,492,838,117
00046417.jpg,146,177,467,492,838,117
00046418.jpg,145,177,466,492,838,117
00046419.jpg,146,177,466,491,838,117
00046420.jpg,145,177,466,492,836,120
00046421.jpg,144,177,466,492,836,120
00046422.jpg,143,177,465,492,834,122
00046423.jpg,143,177,465,492,834,122
00046424.jpg,143,177,465,492,834,122
00046425.jpg,143,177,465,492,834,122
00046426.jpg,144,177,465,492,834,122
00046427.jpg,145,178,464,491,834,122
00046428.jpg,145,178,465,491,834,122
00046429.jpg,145,178,465,491,834,122
00046430.jpg,145,178,465,490,834,122
00046431.jpg,145,178,465,491,836,122
00046432.jpg,146,179,465,491,836,122
00046433.jpg,146,178,466,492,836,122
00046434.jpg,146,178,466,491,837,122
00046435.jpg,146,179,466,491,837,122
00046436.jpg,146,178,466,491,837,122
00046437.jpg,146,179,466,492,837,122
00046438.jpg,145,178,466,493,837,122
00046439.jpg,146,178,466,492,837,122
00046440.jpg,145,178,467,493,837,122
00046441.jpg,145,178,466,492,837,122
00046442.jpg,145,178,466,492,837,122
