00000245.jpg,266,111,364,205,954,163
00000246.jpg,266,111,364,205,954,163
00000247.jpg,266,111,364,205,954,163
00000248.jpg,266,111,364,205,954,163
00000249.jpg,266,111,364,205,954,163
00000250.jpg,267,111,365,205,954,163
00000251.jpg,267,111,365,205,954,163
00000252.jpg,267,111,365,205,954,163
00000253.jpg,268,111,366,205,954,163
00000254.jpg,268,111,366,205,954,163
00000255.jpg,268,111,366,205,954,163
00000256.jpg,268,111,366,205,954,163
00000257.jpg,268,111,366,205,954,163
00000258.jpg,268,111,366,205,954,163
00000259.jpg,269,110,367,204,954,163
00000260.jpg,269,110,367,204,954,163
00000261.jpg,269,110,367,204,954,163
00000262.jpg,269,110,367,204,954,163
00000263.jpg,268,110,366,204,954,163
00000264.jpg,268,110,366,204,954,163
00000265.jpg,269,110,367,204,954,163
00000266.jpg,269,110,367,204,954,163
00000267.jpg,269,110,367,204,954,163
00000268.jpg,269,110,367,204,-1,-1
00000269.jpg,269,110,367,204,-1,-1
00000270.jpg,269,110,367,204,-1,-1
00000271.jpg,268,110,366,204,-1,-1
00000272.jpg,268,110,366,204,-1,-1
00000273.jpg,268,109,366,203,-1,-1
00000274.jpg,268,109,366,203,-1,-1
00000275.jpg,268,109,366,203,-1,-1
00000276.jpg,268,109,366,203,-1,-1
00000277.jpg,281,114,365,204,-1,-1
00000278.jpg,281,114,365,204,-1,-1
00000279.jpg,281,114,365,204,-1,-1
00000280.jpg,281,114,365,204,-1,-1
00000281.jpg,281,114,365,204,-1,-1
00000282.jpg,281,114,365,204,-1,-1
00000283.jpg,281,114,365,204,-1,-1
00000284.jpg,281,114,365,204,-1,-1
00000285.jpg,280,113,364,203,-1,-1
00000286.jpg,280,113,364,203,-1,-1
00000287.jpg,280,114,364,204,-1,-1
00000288.jpg,280,114,364,204,-1,-1
00000289.jpg,279,114,363,204,-1,-1
00000290.jpg,279,114,363,204,-1,-1
00000291.jpg,279,113,363,203,-1,-1
00000292.jpg,279,113,363,203,-1,-1
00000293.jpg,278,113,362,203,-1,-1
00000294.jpg,278,113,362,203,-1,-1
00000295.jpg,278,113,362,203,-1,-1
00000296.jpg,278,113,362,203,-1,-1
00000297.jpg,278,113,362,203,-1,-1
00000298.jpg,277,113,361,203,-1,-1
00000299.jpg,277,113,361,203,-1,-1
00000300.jpg,277,113,361,203,189,174
00000301.jpg,277,113,361,203,189,174
00000302.jpg,276,113,360,203,189,174
00000303.jpg,276,113,360,203,189,174
00000304.jpg,275,113,359,203,189,174
00000305.jpg,275,113,359,203,189,174
00000306.jpg,275,113,359,203,189,174
00000307.jpg,274,113,358,203,-1,-1
00000308.jpg,273,113,357,203,-1,-1
00000309.jpg,273,114,357,204,-1,-1
00000310.jpg,273,115,357,205,-1,-1
00000311.jpg,274,115,358,205,-1,-1
00000312.jpg,275,116,359,206,-1,-1
00000313.jpg,274,115,358,205,-1,-1
00000314.jpg,276,114,360,204,-1,-1
00000315.jpg,277,114,361,204,-1,-1
00000316.jpg,277,114,361,204,-1,-1
00000317.jpg,266,111,362,200,-1,-1
00000318.jpg,266,111,362,200,-1,-1
00000319.jpg,267,111,363,200,-1,-1
00000320.jpg,267,111,363,200,724,156
00000321.jpg,267,111,363,200,724,156
00000322.jpg,268,111,364,200,724,156
00000323.jpg,269,111,365,200,724,156
00000324.jpg,269,111,365,200,724,156
00000325.jpg,270,111,366,200,724,156
00000326.jpg,270,111,366,200,724,156
00000327.jpg,270,110,366,199,946,171
00000328.jpg,270,110,366,199,946,167
00000329.jpg,270,110,366,199,945,169
00000330.jpg,270,110,366,199,943,167
