00000245.jpg,424,115,527,218,950,245
00000246.jpg,424,115,527,218,950,240
00000247.jpg,424,115,527,218,950,235
00000248.jpg,424,115,527,218,953,230
00000249.jpg,424,115,527,218,955,219
00000250.jpg,424,115,527,218,957,213
00000251.jpg,423,115,526,218,958,210
00000252.jpg,423,115,526,218,958,208
00000253.jpg,423,115,526,218,956,160
00000254.jpg,423,115,526,218,956,160
00000255.jpg,423,115,526,218,956,160
00000256.jpg,422,115,525,218,956,160
00000257.jpg,422,115,525,218,956,160
00000258.jpg,422,115,525,218,956,160
00000259.jpg,422,115,525,218,956,160
00000260.jpg,422,115,525,218,956,160
00000261.jpg,422,115,525,218,956,160
00000262.jpg,422,115,525,218,956,160
00000263.jpg,422,115,525,218,956,160
00000264.jpg,422,115,525,218,954,160
00000265.jpg,422,115,525,218,953,159
00000266.jpg,422,115,525,218,953,159
00000267.jpg,423,115,526,218,949,161
00000268.jpg,423,115,526,218,949,161
00000269.jpg,424,115,527,218,949,161
00000270.jpg,424,116,527,219,949,161
00000271.jpg,425,116,528,219,949,161
00000272.jpg,425,117,528,220,949,161
00000273.jpg,426,117,529,220,945,164
00000274.jpg,426,117,529,220,948,161
00000275.jpg,427,116,530,219,947,162
00000276.jpg,429,116,532,219,720,163
00000277.jpg,430,116,533,219,720,163
00000278.jpg,431,116,534,219,718,163
00000279.jpg,431,117,534,220,715,163
00000280.jpg,432,117,535,220,715,163
00000281.jpg,433,117,536,220,715,164
00000282.jpg,436,114,539,217,715,168
00000283.jpg,436,115,539,218,715,168
00000284.jpg,437,115,540,218,715,168
00000285.jpg,437,115,540,218,718,169
00000286.jpg,437,115,540,218,720,169
00000287.jpg,437,115,540,218,720,169
00000288.jpg,437,115,540,218,722,168
00000289.jpg,437,116,540,219,723,166
00000290.jpg,437,116,540,219,724,165
00000291.jpg,437,116,540,219,725,165
00000292.jpg,437,116,540,219,725,165
00000293.jpg,436,116,539,219,727,165
00000294.jpg,436,116,539,219,727,165
00000295.jpg,436,116,539,219,730,168
00000296.jpg,436,116,539,219,730,169
00000297.jpg,435,116,538,219,729,174
00000298.jpg,435,116,538,219,723,174
00000299.jpg,435,116,538,219,722,174
00000300.jpg,435,116,538,219,719,174
00000301.jpg,435,116,538,219,718,174
00000302.jpg,435,116,538,219,718,174
00000303.jpg,435,116,538,219,718,174
00000304.jpg,436,116,539,219,718,174
00000305.jpg,436,115,539,218,718,174
00000306.jpg,436,115,539,218,718,174
00000307.jpg,436,115,539,218,718,174
00000308.jpg,436,115,539,218,718,174
00000309.jpg,436,115,539,218,718,174
00000310.jpg,436,116,539,219,718,174
00000311.jpg,436,116,539,219,718,174
00000312.jpg,436,116,539,219,718,174
00000313.jpg,436,116,539,219,718,174
00000314.jpg,436,116,539,219,719,173
00000315.jpg,436,116,539,219,720,173
00000316.jpg,436,116,539,219,723,174
00000317.jpg,436,116,539,219,725,174
00000318.jpg,437,116,540,219,725,174
00000319.jpg,437,116,540,219,725,174
00000320.jpg,437,116,540,219,718,158
00000321.jpg,437,116,540,219,718,158
00000322.jpg,437,116,540,219,718,158
00000323.jpg,437,116,540,219,718,158
00000324.jpg,437,116,540,219,718,158
00000325.jpg,437,116,540,219,719,158
00000326.jpg,437,116,540,219,719,158
00000327.jpg,437,116,540,219,719,158
00000328.jpg,437,116,540,219,719,158
00000329.jpg,436,116,539,219,719,158
00000330.jpg,436,116,539,219,719,158
