00013835.jpg,65,18,439,413,809,294
00013836.jpg,65,18,439,413,806,292
00013837.jpg,65,18,439,413,807,290
00013838.jpg,65,18,439,413,807,290
00013839.jpg,65,18,439,413,809,290
00013840.jpg,65,18,439,413,809,290
00013841.jpg,64,18,438,413,810,288
00013842.jpg,64,17,438,412,812,287
00013843.jpg,64,17,438,412,816,285
00013844.jpg,64,17,438,412,814,285
00013845.jpg,63,17,437,412,814,287
00013846.jpg,63,17,437,412,814,287
00013847.jpg,62,17,436,412,813,288
00013848.jpg,62,17,436,412,812,288
00013849.jpg,62,17,436,412,808,288
00013850.jpg,62,17,436,412,808,288
00013851.jpg,61,17,435,412,808,288
00013852.jpg,61,16,435,411,807,288
00013853.jpg,61,16,435,411,810,288
00013854.jpg,61,16,435,411,806,287
00013855.jpg,61,16,435,411,798,284
00013856.jpg,61,16,435,411,793,282
00013857.jpg,60,16,434,411,789,280
00013858.jpg,60,15,434,410,787,275
00013859.jpg,60,15,434,410,787,275
00013860.jpg,60,15,434,410,785,272
00013861.jpg,61,15,435,410,786,271
00013862.jpg,61,15,435,410,787,273
00013863.jpg,61,15,435,410,786,274
00013864.jpg,61,15,435,410,785,277
00013865.jpg,62,15,436,410,785,281
00013866.jpg,62,14,436,409,786,283
00013867.jpg,63,14,437,409,786,287
00013868.jpg,63,13,437,408,787,287
00013869.jpg,63,13,437,408,788,287
00013870.jpg,63,13,437,408,790,288
00013871.jpg,63,12,437,407,792,288
00013872.jpg,63,11,437,406,792,288
00013873.jpg,63,11,437,406,794,290
00013874.jpg,63,11,437,406,794,290
00013875.jpg,62,10,436,405,795,290
00013876.jpg,62,10,436,405,796,290
00013877.jpg,62,10,436,405,798,291
