00013835.jpg,732,166,984,445,328,571
00013836.jpg,732,166,984,445,372,227
00013837.jpg,732,166,984,445,372,227
00013838.jpg,732,166,984,445,373,227
00013839.jpg,732,166,984,445,373,227
00013840.jpg,732,165,984,444,373,227
00013841.jpg,733,165,985,444,373,227
00013842.jpg,733,165,985,444,372,227
00013843.jpg,732,165,984,444,372,227
00013844.jpg,732,165,984,444,372,227
00013845.jpg,732,165,984,444,372,227
00013846.jpg,731,165,983,444,372,227
00013847.jpg,731,164,983,443,372,227
00013848.jpg,730,165,982,444,373,225
00013849.jpg,730,165,982,444,373,225
00013850.jpg,730,165,982,444,372,224
00013851.jpg,730,165,982,444,372,224
00013852.jpg,730,164,982,443,372,224
00013853.jpg,729,164,981,443,372,224
00013854.jpg,729,164,981,443,372,224
00013855.jpg,728,161,980,440,370,223
00013856.jpg,728,160,980,439,370,223
00013857.jpg,728,157,980,436,368,223
00013858.jpg,728,154,980,433,368,223
00013859.jpg,728,154,980,433,367,225
00013860.jpg,728,152,980,431,367,225
00013861.jpg,728,151,980,430,367,225
00013862.jpg,728,152,980,431,367,225
00013863.jpg,727,155,979,434,367,225
00013864.jpg,727,155,979,434,367,225
00013865.jpg,726,159,978,438,367,225
00013866.jpg,724,161,976,440,366,225
00013867.jpg,725,163,977,442,366,225
00013868.jpg,726,164,978,443,367,223
00013869.jpg,726,164,978,443,367,223
00013870.jpg,726,165,978,444,367,223
00013871.jpg,727,164,979,443,367,223
00013872.jpg,728,163,980,442,368,223
00013873.jpg,728,162,980,441,368,223
00013874.jpg,728,162,980,441,368,222
00013875.jpg,729,161,981,440,368,222
00013876.jpg,729,161,981,440,368,222
00013877.jpg,729,161,981,440,368,219
