00035271.jpg,921,144,1030,287,-1,-1
00035272.jpg,921,144,1030,287,-1,-1
00035273.jpg,921,144,1030,287,-1,-1
00035274.jpg,921,144,1030,287,-1,-1
00035275.jpg,921,144,1030,287,-1,-1
00035276.jpg,921,143,1030,286,-1,-1
00035277.jpg,921,143,1030,286,-1,-1
00035278.jpg,922,143,1031,286,-1,-1
00035279.jpg,923,144,1032,287,-1,-1
00035280.jpg,923,144,1032,287,-1,-1
00035281.jpg,923,144,1032,287,-1,-1
00035282.jpg,923,144,1032,287,-1,-1
00035283.jpg,923,144,1032,287,-1,-1
00035284.jpg,922,145,1031,288,-1,-1
00035285.jpg,921,145,1030,288,-1,-1
00035286.jpg,921,145,1030,288,-1,-1
00035287.jpg,920,145,1029,288,-1,-1
00035288.jpg,919,146,1028,289,-1,-1
00035289.jpg,918,147,1027,290,-1,-1
00035290.jpg,916,148,1025,291,-1,-1
00035291.jpg,913,149,1022,292,-1,-1
00035292.jpg,910,149,1019,292,-1,-1
00035293.jpg,909,149,1018,292,-1,-1
00035294.jpg,908,149,1017,292,-1,-1
00035295.jpg,906,150,1015,293,-1,-1
00035296.jpg,905,150,1014,293,-1,-1
00035297.jpg,905,151,1014,294,-1,-1
00035298.jpg,904,152,1013,295,-1,-1
00035299.jpg,904,153,1013,296,-1,-1
00035300.jpg,904,154,1013,297,-1,-1
00035301.jpg,904,154,1013,297,-1,-1
00035302.jpg,904,154,1013,297,-1,-1
00035303.jpg,905,153,1014,296,-1,-1
00035304.jpg,906,152,1015,295,-1,-1
00035305.jpg,908,150,1017,293,-1,-1
00035306.jpg,909,149,1018,292,-1,-1
00035307.jpg,910,147,1019,290,-1,-1
00035308.jpg,911,146,1020,289,-1,-1
00035309.jpg,913,145,1022,288,-1,-1
00035310.jpg,915,143,1024,286,-1,-1
00035311.jpg,917,142,1026,285,-1,-1
00035312.jpg,919,141,1028,284,-1,-1
00035313.jpg,922,139,1031,282,-1,-1
00035314.jpg,925,138,1034,281,-1,-1
00035315.jpg,927,136,1036,279,-1,-1
00035316.jpg,929,135,1038,278,-1,-1
00035317.jpg,930,134,1039,277,-1,-1
00035318.jpg,932,134,1041,277,-1,-1
00035319.jpg,932,134,1041,277,-1,-1
00035320.jpg,932,134,1041,277,-1,-1
00035321.jpg,932,134,1041,277,-1,-1
00035322.jpg,933,134,1042,277,-1,-1
00035323.jpg,933,134,1042,277,-1,-1
00035324.jpg,933,134,1042,277,-1,-1
00035325.jpg,933,134,1042,277,-1,-1
00035326.jpg,932,134,1041,277,-1,-1
00035327.jpg,932,134,1041,277,-1,-1
00035328.jpg,932,134,1041,277,-1,-1
