00035271.jpg,727,93,808,192,-1,-1
00035272.jpg,727,93,808,192,-1,-1
00035273.jpg,727,93,808,192,-1,-1
00035274.jpg,727,93,808,192,-1,-1
00035275.jpg,727,93,808,192,-1,-1
00035276.jpg,726,93,807,192,-1,-1
00035277.jpg,726,93,807,192,-1,-1
00035278.jpg,724,93,805,192,-1,-1
00035279.jpg,723,93,804,192,-1,-1
00035280.jpg,722,93,803,192,376,154
00035281.jpg,717,96,805,190,376,154
00035282.jpg,717,96,805,190,559,97
00035283.jpg,715,96,803,190,559,99
00035284.jpg,714,97,802,191,559,99
00035285.jpg,713,98,801,192,559,99
00035286.jpg,712,98,800,192,559,99
00035287.jpg,711,98,799,192,559,100
00035288.jpg,709,98,797,192,558,100
00035289.jpg,715,98,809,201,554,101
00035290.jpg,715,98,809,201,554,100
00035291.jpg,715,98,809,201,550,98
00035292.jpg,715,98,809,201,548,98
00035293.jpg,715,99,809,202,547,100
00035294.jpg,714,99,808,202,544,98
00035295.jpg,714,100,808,203,540,99
00035296.jpg,714,101,808,204,536,98
00035297.jpg,714,101,808,204,529,95
00035298.jpg,715,100,809,203,371,166
00035299.jpg,715,100,809,203,372,162
00035300.jpg,714,98,802,200,372,162
00035301.jpg,714,98,802,200,-1,-1
00035302.jpg,716,98,804,200,-1,-1
00035303.jpg,716,98,804,200,-1,-1
00035304.jpg,717,97,805,199,-1,-1
00035305.jpg,718,97,806,199,-1,-1
00035306.jpg,717,97,805,199,-1,-1
00035307.jpg,725,105,805,204,-1,-1
00035308.jpg,725,105,805,204,-1,-1
00035309.jpg,727,105,807,204,-1,-1
00035310.jpg,730,105,810,204,-1,-1
00035311.jpg,734,105,814,204,-1,-1
00035312.jpg,737,105,817,204,-1,-1
00035313.jpg,740,105,820,204,-1,-1
00035314.jpg,744,105,824,204,-1,-1
00035315.jpg,747,104,827,203,-1,-1
00035316.jpg,750,103,830,202,-1,-1
00035317.jpg,752,102,832,201,-1,-1
00035318.jpg,754,101,834,200,-1,-1
00035319.jpg,755,100,835,199,-1,-1
00035320.jpg,755,99,835,198,-1,-1
00035321.jpg,755,98,835,197,-1,-1
00035322.jpg,755,97,835,196,-1,-1
00035323.jpg,755,96,835,195,-1,-1
00035324.jpg,753,96,833,195,-1,-1
00035325.jpg,753,95,833,194,-1,-1
00035326.jpg,751,94,831,193,-1,-1
00035327.jpg,749,94,829,193,-1,-1
00035328.jpg,749,94,829,193,-1,-1
