00003236.jpg,663,97,858,287,168,218
00003237.jpg,663,97,858,287,168,218
00003238.jpg,663,97,858,287,168,218
00003239.jpg,663,97,858,287,168,218
00003240.jpg,661,97,856,287,168,214
00003241.jpg,659,97,854,287,168,214
00003242.jpg,657,97,852,287,168,213
00003243.jpg,656,97,851,287,166,213
00003244.jpg,655,97,850,287,166,213
00003245.jpg,654,97,849,287,164,212
00003246.jpg,660,98,855,288,163,212
00003247.jpg,660,97,855,287,161,212
00003248.jpg,660,97,855,287,160,211
00003249.jpg,660,97,855,287,160,211
00003250.jpg,661,98,856,288,160,211
00003251.jpg,661,98,856,288,150,213
00003252.jpg,661,99,856,289,143,211
00003253.jpg,661,99,856,289,136,211
00003254.jpg,661,100,856,290,128,209
00003255.jpg,661,100,856,290,118,208
00003256.jpg,662,100,857,290,98,204
00003257.jpg,662,101,857,291,95,203
00003258.jpg,662,101,857,291,83,203
00003259.jpg,662,101,857,291,76,202
00003260.jpg,662,101,857,291,72,201
00003261.jpg,661,102,856,292,65,201
00003262.jpg,661,102,856,292,53,201
00003263.jpg,660,102,855,292,39,201
00003264.jpg,660,102,855,292,33,201
00003265.jpg,659,103,854,293,33,201
00003266.jpg,658,102,853,292,23,198
00003267.jpg,658,103,853,293,16,195
00003268.jpg,658,103,853,293,-1,-1
00003269.jpg,659,103,854,293,-1,-1
00003270.jpg,659,103,854,293,-1,-1
00003271.jpg,658,103,853,293,-1,-1
00003272.jpg,658,104,853,294,-1,-1
00003273.jpg,658,105,853,295,-1,-1
00003274.jpg,658,105,853,295,-1,-1
00003275.jpg,660,106,855,296,-1,-1
00003276.jpg,663,107,858,297,-1,-1
00003277.jpg,669,103,865,304,-1,-1
00003278.jpg,671,103,867,304,-1,-1
00003279.jpg,677,104,873,305,-1,-1
00003280.jpg,683,105,879,306,-1,-1
00003281.jpg,687,106,883,307,-1,-1
00003282.jpg,690,108,886,309,-1,-1
00003283.jpg,692,108,888,309,-1,-1
00003284.jpg,693,108,889,309,-1,-1
00003285.jpg,694,109,890,310,-1,-1
00003286.jpg,694,109,890,310,-1,-1
00003287.jpg,695,109,891,310,-1,-1
00003288.jpg,695,109,891,310,-1,-1
00003289.jpg,695,109,891,310,-1,-1
00003290.jpg,695,109,891,310,-1,-1
00003291.jpg,695,109,891,310,-1,-1
00003292.jpg,708,110,897,309,-1,-1
00003293.jpg,708,110,897,309,-1,-1
00003294.jpg,708,110,897,309,-1,-1
00003295.jpg,714,109,905,308,-1,-1
00003296.jpg,714,109,905,308,-1,-1
00003297.jpg,714,109,905,308,-1,-1
00003298.jpg,725,111,912,302,-1,-1
00003299.jpg,725,111,912,302,-1,-1
00003300.jpg,725,111,912,302,-1,-1
00003301.jpg,724,112,911,303,-1,-1
00003302.jpg,724,112,911,303,-1,-1
00003303.jpg,723,111,910,302,-1,-1
00003304.jpg,732,113,923,307,-1,-1
00003305.jpg,732,113,923,307,-1,-1
00003306.jpg,732,113,923,307,-1,-1
00003307.jpg,745,117,926,304,-1,-1
00003308.jpg,745,117,926,304,-1,-1
00003309.jpg,745,117,926,304,-1,-1
00003310.jpg,744,117,925,304,-1,-1
00003311.jpg,743,117,924,304,-1,-1
00003312.jpg,742,117,923,304,-1,-1
00003313.jpg,740,117,921,304,-1,-1
00003314.jpg,739,117,920,304,-1,-1
00003315.jpg,738,117,919,304,-1,-1
00003316.jpg,737,117,918,304,-1,-1
00003317.jpg,735,116,916,303,-1,-1
00003318.jpg,734,117,915,304,-1,-1
00003319.jpg,732,116,913,303,-1,-1
00003320.jpg,730,116,911,303,-1,-1
00003321.jpg,728,115,909,302,-1,-1
00003322.jpg,727,116,908,303,-1,-1
00003323.jpg,726,115,907,302,-1,-1
00003324.jpg,725,115,906,302,-1,-1
00003325.jpg,724,114,905,301,-1,-1
00003326.jpg,724,115,905,302,-1,-1
00003327.jpg,724,115,905,302,-1,-1
