00003236.jpg,1009,126,1262,401,-1,-1
00003237.jpg,1009,126,1262,401,-1,-1
00003238.jpg,1009,126,1262,401,-1,-1
00003239.jpg,1009,126,1262,401,-1,-1
00003240.jpg,1005,126,1258,401,-1,-1
00003241.jpg,1001,126,1254,401,-1,-1
00003242.jpg,997,126,1250,401,-1,-1
00003243.jpg,993,126,1246,401,176,214
00003244.jpg,989,127,1242,402,175,217
00003245.jpg,983,126,1236,401,175,217
00003246.jpg,976,126,1229,401,173,214
00003247.jpg,971,127,1224,402,173,213
00003248.jpg,964,129,1217,404,170,213
00003249.jpg,961,130,1214,405,163,213
00003250.jpg,953,132,1206,407,157,213
00003251.jpg,945,135,1198,410,63,439
00003252.jpg,937,139,1190,414,-1,-1
00003253.jpg,930,143,1183,418,-1,-1
00003254.jpg,923,146,1176,421,-1,-1
00003255.jpg,916,150,1169,425,-1,-1
00003256.jpg,909,155,1162,430,-1,-1
00003257.jpg,903,159,1156,434,-1,-1
00003258.jpg,899,163,1152,438,-1,-1
00003259.jpg,895,167,1148,442,-1,-1
00003260.jpg,891,172,1144,447,-1,-1
00003261.jpg,887,178,1140,453,-1,-1
00003262.jpg,884,183,1137,458,-1,-1
00003263.jpg,882,187,1135,462,-1,-1
00003264.jpg,881,190,1134,465,-1,-1
00003265.jpg,879,192,1132,467,-1,-1
00003266.jpg,877,182,1138,475,-1,-1
00003267.jpg,877,182,1138,475,-1,-1
00003268.jpg,877,182,1138,475,-1,-1
00003269.jpg,876,183,1137,476,-1,-1
00003270.jpg,877,185,1138,478,-1,-1
00003271.jpg,879,187,1140,480,-1,-1
00003272.jpg,880,188,1141,481,-1,-1
00003273.jpg,882,189,1143,482,-1,-1
00003274.jpg,886,191,1147,484,-1,-1
00003275.jpg,889,193,1150,486,-1,-1
00003276.jpg,894,195,1155,488,-1,-1
00003277.jpg,900,197,1161,490,-1,-1
00003278.jpg,904,198,1165,491,-1,-1
00003279.jpg,911,199,1172,492,-1,-1
00003280.jpg,918,200,1179,493,-1,-1
00003281.jpg,925,200,1186,493,-1,-1
00003282.jpg,931,199,1192,492,-1,-1
00003283.jpg,938,199,1199,492,-1,-1
00003284.jpg,943,199,1204,492,-1,-1
00003285.jpg,947,198,1208,491,-1,-1
00003286.jpg,953,198,1214,491,-1,-1
00003287.jpg,957,198,1218,491,-1,-1
00003288.jpg,960,198,1221,491,-1,-1
00003289.jpg,963,198,1224,491,-1,-1
00003290.jpg,967,199,1228,492,-1,-1
00003291.jpg,970,199,1231,492,-1,-1
00003292.jpg,973,200,1234,493,-1,-1
00003293.jpg,975,200,1236,493,-1,-1
00003294.jpg,976,200,1237,493,-1,-1
00003295.jpg,980,201,1241,494,-1,-1
00003296.jpg,983,202,1244,495,-1,-1
00003297.jpg,986,202,1247,495,-1,-1
00003298.jpg,988,203,1249,496,-1,-1
00003299.jpg,990,204,1251,497,-1,-1
00003300.jpg,993,205,1254,498,-1,-1
00003301.jpg,996,205,1257,498,-1,-1
00003302.jpg,999,206,1260,499,-1,-1
00003303.jpg,1003,207,1264,500,-1,-1
00003304.jpg,1006,207,1267,500,-1,-1
00003305.jpg,1008,208,1269,501,-1,-1
00003306.jpg,1011,208,1272,501,-1,-1
00003307.jpg,1013,209,1274,502,-1,-1
00003308.jpg,1015,209,1276,502,-1,-1
00003309.jpg,1016,209,1277,502,-1,-1
00003310.jpg,1017,209,1278,502,-1,-1
00003311.jpg,1018,210,1279,503,-1,-1
00003312.jpg,1018,210,1279,503,-1,-1
00003313.jpg,1019,210,1280,503,-1,-1
00003314.jpg,1019,210,1280,503,-1,-1
00003315.jpg,1019,210,1280,503,-1,-1
00003316.jpg,1019,210,1280,503,-1,-1
00003317.jpg,1019,210,1280,503,-1,-1
00003318.jpg,1019,210,1280,503,-1,-1
00003319.jpg,1019,210,1280,503,-1,-1
00003320.jpg,1019,210,1280,503,-1,-1
00003321.jpg,1019,210,1280,503,-1,-1
00003322.jpg,1019,210,1280,503,-1,-1
00003323.jpg,1019,210,1280,503,-1,-1
00003324.jpg,1019,210,1280,503,-1,-1
00003325.jpg,1019,210,1280,503,-1,-1
00003326.jpg,1019,209,1280,502,-1,-1
00003327.jpg,1019,209,1280,502,-1,-1
