00005814.jpg,546,71,690,211,-1,-1
00005815.jpg,546,71,690,211,-1,-1
00005816.jpg,546,71,690,211,-1,-1
00005817.jpg,546,71,690,211,-1,-1
00005818.jpg,542,71,686,211,-1,-1
00005819.jpg,542,71,686,211,-1,-1
00005820.jpg,539,71,683,211,-1,-1
00005821.jpg,535,71,679,211,-1,-1
00005822.jpg,533,71,677,211,-1,-1
00005823.jpg,530,70,674,210,-1,-1
00005824.jpg,530,70,674,210,-1,-1
00005825.jpg,526,69,670,209,-1,-1
00005826.jpg,532,73,676,213,-1,-1
00005827.jpg,531,74,675,214,-1,-1
00005828.jpg,531,75,675,215,-1,-1
00005829.jpg,531,75,675,215,-1,-1
00005830.jpg,530,76,674,216,320,156
00005831.jpg,528,77,672,217,358,164
00005832.jpg,527,77,671,217,360,164
00005833.jpg,527,76,671,216,361,164
00005834.jpg,527,76,671,216,361,164
00005835.jpg,526,75,670,215,361,164
00005836.jpg,530,73,654,205,362,164
00005837.jpg,530,73,654,205,362,164
00005838.jpg,531,73,655,205,362,164
00005839.jpg,531,73,655,205,362,164
00005840.jpg,532,73,656,205,362,164
00005841.jpg,533,73,657,205,-1,-1
00005842.jpg,533,72,657,204,-1,-1
00005843.jpg,534,73,658,205,-1,-1
00005844.jpg,534,73,658,205,-1,-1
00005845.jpg,534,74,658,206,-1,-1
00005846.jpg,535,75,659,207,-1,-1
00005847.jpg,536,77,660,209,-1,-1
00005848.jpg,537,78,661,210,-1,-1
00005849.jpg,537,78,661,210,-1,-1
00005850.jpg,538,80,662,212,-1,-1
00005851.jpg,534,86,663,211,-1,-1
00005852.jpg,534,86,663,211,-1,-1
00005853.jpg,534,87,663,212,-1,-1
00005854.jpg,534,87,663,212,-1,-1
00005855.jpg,534,89,663,214,-1,-1
00005856.jpg,534,90,663,215,-1,-1
00005857.jpg,533,91,662,216,-1,-1
00005858.jpg,533,92,662,217,-1,-1
00005859.jpg,533,92,662,217,-1,-1
00005860.jpg,533,92,662,217,-1,-1
00005861.jpg,534,92,663,217,-1,-1
00005862.jpg,534,92,663,217,261,310
00005863.jpg,535,92,664,217,264,309
00005864.jpg,535,92,664,217,262,309
00005865.jpg,535,92,664,217,262,309
00005866.jpg,536,91,665,216,264,308
00005867.jpg,538,91,667,216,270,308
00005868.jpg,541,91,670,216,276,304
00005869.jpg,541,91,670,216,276,306
00005870.jpg,544,91,673,216,282,304
00005871.jpg,546,92,675,217,277,306
00005872.jpg,547,94,676,219,274,306
00005873.jpg,547,95,676,220,278,305
00005874.jpg,547,95,676,220,276,308
00005875.jpg,548,96,677,221,280,306
00005876.jpg,548,95,677,220,274,305
00005877.jpg,550,92,679,217,276,305
00005878.jpg,551,89,680,214,278,305
00005879.jpg,551,89,680,214,277,306
00005880.jpg,552,86,681,211,280,306
00005881.jpg,551,86,680,211,274,306
00005882.jpg,550,86,679,211,277,308
00005883.jpg,549,87,678,212,276,308
00005884.jpg,549,87,678,212,277,308
00005885.jpg,548,87,677,212,277,308
00005886.jpg,548,87,677,212,276,310
00005887.jpg,550,87,679,212,278,310
00005888.jpg,552,86,681,211,429,317
00005889.jpg,552,86,681,211,428,317
00005890.jpg,554,86,683,211,426,317
00005891.jpg,556,86,685,211,429,317
00005892.jpg,558,86,687,211,430,317
00005893.jpg,559,86,688,211,429,317
00005894.jpg,559,86,688,211,432,317
00005895.jpg,560,86,689,211,429,317
00005896.jpg,561,87,690,212,472,184
00005897.jpg,561,88,690,213,472,186
00005898.jpg,554,75,689,218,472,186
00005899.jpg,554,75,689,218,472,186
00005900.jpg,553,74,688,217,472,185
00005901.jpg,552,74,687,217,469,189
00005902.jpg,550,74,685,217,472,189
00005903.jpg,548,74,683,217,473,182
00005904.jpg,548,74,683,217,473,181
00005905.jpg,548,74,683,217,470,189
