00004031.jpg,206,111,308,220,432,433
00004032.jpg,206,111,308,220,432,433
00004033.jpg,206,111,308,220,432,433
00004034.jpg,206,111,308,220,432,433
00004035.jpg,205,109,307,218,432,433
00004036.jpg,203,106,305,215,432,433
00004037.jpg,202,104,304,213,432,433
00004038.jpg,202,101,304,210,432,433
00004039.jpg,202,99,304,208,432,433
00004040.jpg,202,99,304,208,432,433
00004041.jpg,202,97,304,206,432,433
00004042.jpg,202,96,304,205,432,433
00004043.jpg,202,96,304,205,432,433
00004044.jpg,204,97,306,206,432,433
00004045.jpg,205,99,307,208,432,433
00004046.jpg,205,99,307,208,432,433
00004047.jpg,209,102,311,211,432,433
00004048.jpg,213,103,315,212,432,433
00004049.jpg,219,102,321,211,432,433
00004050.jpg,223,101,325,210,432,433
00004051.jpg,225,97,327,206,-1,-1
00004052.jpg,225,97,327,206,-1,-1
00004053.jpg,226,95,328,204,-1,-1
00004054.jpg,226,93,328,202,-1,-1
00004055.jpg,225,93,327,202,311,193
00004056.jpg,236,101,322,193,308,193
00004057.jpg,236,101,322,193,308,190
00004058.jpg,236,101,322,193,308,186
00004059.jpg,236,102,322,194,307,192
00004060.jpg,236,103,322,195,309,187
00004061.jpg,235,105,321,197,311,187
00004062.jpg,233,108,319,200,310,188
00004063.jpg,230,111,316,203,308,191
00004064.jpg,230,111,316,203,307,194
00004065.jpg,226,112,312,204,303,194
00004066.jpg,222,110,308,202,303,189
00004067.jpg,217,108,303,200,299,193
00004068.jpg,212,104,298,196,299,194
00004069.jpg,208,102,294,194,299,190
00004070.jpg,208,102,294,194,296,196
00004071.jpg,204,100,290,192,296,197
00004072.jpg,203,93,284,176,295,199
00004073.jpg,203,93,284,176,292,197
00004074.jpg,201,92,282,175,292,199
00004075.jpg,201,92,282,175,292,200
00004076.jpg,201,92,282,175,287,196
