00050409.jpg,220,260,334,381,-1,-1
00050410.jpg,220,260,334,381,-1,-1
00050411.jpg,220,260,334,381,-1,-1
00050412.jpg,220,260,334,381,881,366
00050413.jpg,226,258,340,376,871,365
00050414.jpg,226,258,340,376,866,363
00050415.jpg,229,258,343,376,848,361
00050416.jpg,232,258,346,376,842,360
00050417.jpg,236,258,350,376,831,363
00050418.jpg,240,258,354,376,826,363
00050419.jpg,245,258,359,376,815,364
00050420.jpg,250,259,364,377,803,361
00050421.jpg,256,259,370,377,797,361
00050422.jpg,262,260,376,378,790,361
00050423.jpg,267,260,381,378,782,364
00050424.jpg,272,261,386,379,777,363
00050425.jpg,277,262,391,380,771,361
00050426.jpg,279,263,393,381,761,361
00050427.jpg,281,264,395,382,757,363
00050428.jpg,281,264,395,382,738,369
00050429.jpg,280,265,394,383,733,373
00050430.jpg,278,266,392,384,731,373
00050431.jpg,275,267,389,385,713,375
00050432.jpg,271,267,385,385,702,378
00050433.jpg,266,268,380,386,696,378
00050434.jpg,260,267,374,385,677,383
00050435.jpg,253,267,367,385,671,384
00050436.jpg,246,266,360,384,662,384
00050437.jpg,239,266,353,384,651,384
00050438.jpg,232,266,346,384,641,384
00050439.jpg,226,265,340,383,620,384
00050440.jpg,226,265,340,383,612,379
