00012990.jpg,373,88,547,282,-1,-1
00012991.jpg,373,88,547,282,-1,-1
00012992.jpg,373,88,547,282,-1,-1
00012993.jpg,373,88,547,282,-1,-1
00012994.jpg,375,88,549,282,-1,-1
00012995.jpg,376,88,550,282,-1,-1
00012996.jpg,376,88,550,282,-1,-1
00012997.jpg,376,88,550,282,-1,-1
00012998.jpg,376,88,550,282,-1,-1
00012999.jpg,375,89,549,283,-1,-1
00013000.jpg,375,90,549,284,-1,-1
00013001.jpg,373,90,547,284,-1,-1
00013002.jpg,372,90,546,284,-1,-1
00013003.jpg,370,90,544,284,-1,-1
00013004.jpg,368,91,542,285,-1,-1
00013005.jpg,368,91,542,285,-1,-1
00013006.jpg,366,91,540,285,-1,-1
00013007.jpg,364,92,538,286,-1,-1
00013008.jpg,362,92,536,286,-1,-1
00013009.jpg,360,92,534,286,-1,-1
00013010.jpg,360,92,534,286,-1,-1
00013011.jpg,358,93,532,287,-1,-1
00013012.jpg,356,93,530,287,-1,-1
00013013.jpg,354,93,528,287,-1,-1
00013014.jpg,353,93,527,287,-1,-1
00013015.jpg,353,93,527,287,-1,-1
00013016.jpg,352,94,526,288,-1,-1
00013017.jpg,351,94,525,288,-1,-1
00013018.jpg,351,94,525,288,-1,-1
00013019.jpg,351,95,525,289,-1,-1
00013020.jpg,351,95,525,289,-1,-1
00013021.jpg,352,90,535,299,-1,-1
00013022.jpg,353,92,536,301,-1,-1
00013023.jpg,355,96,538,305,-1,-1
00013024.jpg,357,99,540,308,-1,-1
00013025.jpg,357,99,540,308,-1,-1
00013026.jpg,359,102,542,311,-1,-1
00013027.jpg,360,103,543,312,-1,-1
00013028.jpg,361,103,544,312,-1,-1
00013029.jpg,362,103,545,312,-1,-1
00013030.jpg,362,103,545,312,-1,-1
00013031.jpg,363,103,546,312,-1,-1
00013032.jpg,364,102,547,311,-1,-1
00013033.jpg,366,102,549,311,-1,-1
00013034.jpg,367,101,550,310,-1,-1
00013035.jpg,367,101,550,310,-1,-1
00013036.jpg,368,100,551,309,-1,-1
00013037.jpg,368,100,551,309,-1,-1
