00021400.jpg,103,180,608,748,-1,-1
00021401.jpg,103,180,608,748,-1,-1
00021402.jpg,103,180,608,748,-1,-1
00021403.jpg,103,180,608,748,-1,-1
00021404.jpg,94,179,599,747,-1,-1
00021405.jpg,83,175,588,743,-1,-1
00021406.jpg,77,167,582,735,-1,-1
00021407.jpg,71,161,576,729,-1,-1
00021408.jpg,71,161,576,729,-1,-1
00021409.jpg,54,122,571,737,-1,-1
00021410.jpg,54,122,571,737,-1,-1
00021411.jpg,49,118,566,733,-1,-1
00021412.jpg,46,114,563,729,-1,-1
00021413.jpg,46,114,563,729,-1,-1
00021414.jpg,43,112,560,727,-1,-1
00021415.jpg,40,110,557,725,-1,-1
00021416.jpg,37,111,554,726,-1,-1
00021417.jpg,41,109,558,724,-1,-1
00021418.jpg,41,109,558,724,-1,-1
00021419.jpg,30,96,558,734,-1,-1
00021420.jpg,30,96,558,734,-1,-1
00021421.jpg,19,82,558,759,-1,-1
00021422.jpg,19,82,558,759,-1,-1
00021423.jpg,18,75,569,752,-1,-1
00021424.jpg,18,81,564,758,-1,-1
00021425.jpg,18,89,570,766,-1,-1
00021426.jpg,18,96,571,773,-1,-1
00021427.jpg,18,102,581,779,-1,-1
00021428.jpg,18,104,581,781,-1,-1
00021429.jpg,18,104,581,781,-1,-1
