00004633.jpg,458,4,803,342,-1,-1
00004634.jpg,458,4,803,342,-1,-1
00004635.jpg,458,4,803,342,-1,-1
00004636.jpg,458,4,803,342,-1,-1
00004637.jpg,459,4,804,342,-1,-1
00004638.jpg,460,4,805,342,-1,-1
00004639.jpg,461,4,806,342,-1,-1
00004640.jpg,462,4,807,342,-1,-1
00004641.jpg,464,4,809,342,-1,-1
00004642.jpg,465,5,810,343,-1,-1
00004643.jpg,465,5,810,343,-1,-1
00004644.jpg,466,5,811,343,-1,-1
00004645.jpg,467,5,812,343,-1,-1
00004646.jpg,468,5,813,343,-1,-1
00004647.jpg,468,5,813,343,-1,-1
00004648.jpg,468,6,813,344,-1,-1
00004649.jpg,469,5,814,343,-1,-1
00004650.jpg,469,5,814,343,-1,-1
00004651.jpg,470,5,815,343,-1,-1
00004652.jpg,470,6,815,344,-1,-1
00004653.jpg,471,7,816,345,-1,-1
00004654.jpg,471,11,816,349,-1,-1
00004655.jpg,474,20,819,358,-1,-1
00004656.jpg,477,34,822,372,-1,-1
00004657.jpg,481,47,826,385,-1,-1
00004658.jpg,487,60,832,398,-1,-1
00004659.jpg,492,70,837,408,-1,-1
00004660.jpg,503,58,855,414,-1,-1
00004661.jpg,526,67,885,440,-1,-1
00004662.jpg,526,67,885,440,-1,-1
00004663.jpg,537,68,896,441,-1,-1
00004664.jpg,548,68,907,441,-1,-1
00004665.jpg,553,67,912,440,-1,-1
00004666.jpg,558,66,917,439,-1,-1
00004667.jpg,571,69,930,442,-1,-1
00004668.jpg,578,69,937,442,-1,-1
00004669.jpg,583,68,942,441,-1,-1
00004670.jpg,587,66,946,439,-1,-1
00004671.jpg,591,65,950,438,-1,-1
00004672.jpg,593,63,952,436,-1,-1
00004673.jpg,594,62,953,435,-1,-1
00004674.jpg,595,60,954,433,-1,-1
00004675.jpg,595,58,954,431,-1,-1
00004676.jpg,596,57,955,430,-1,-1
00004677.jpg,596,57,955,430,-1,-1
00004678.jpg,597,57,956,430,-1,-1
00004679.jpg,597,56,956,429,-1,-1
00004680.jpg,598,55,957,428,-1,-1
00004681.jpg,599,54,958,427,-1,-1
00004682.jpg,599,54,958,427,-1,-1
00004683.jpg,598,53,957,426,-1,-1
00004684.jpg,598,53,957,426,-1,-1
00004685.jpg,598,53,957,426,-1,-1
00004686.jpg,597,52,956,425,-1,-1
00004687.jpg,596,52,955,425,-1,-1
00004688.jpg,596,52,955,425,-1,-1
00004689.jpg,596,52,955,425,-1,-1
00004690.jpg,597,51,956,424,-1,-1
00004691.jpg,599,48,958,421,-1,-1
00004692.jpg,599,47,958,420,-1,-1
00004693.jpg,598,45,957,418,-1,-1
00004694.jpg,597,41,956,414,-1,-1
00004695.jpg,597,37,956,410,-1,-1
00004696.jpg,596,33,955,406,-1,-1
00004697.jpg,595,28,954,401,-1,-1
00004698.jpg,594,22,953,395,-1,-1
00004699.jpg,594,16,953,389,-1,-1
00004700.jpg,594,16,953,389,-1,-1
