00057763.jpg,164,87,273,205,664,195
00057764.jpg,164,87,273,205,664,195
00057765.jpg,163,86,272,204,664,195
00057766.jpg,162,86,271,204,664,195
00057767.jpg,161,86,270,204,664,195
00057768.jpg,160,86,269,204,664,195
00057769.jpg,160,86,269,204,664,195
00057770.jpg,158,86,267,204,-1,-1
00057771.jpg,157,85,266,203,-1,-1
00057772.jpg,155,84,264,202,-1,-1
00057773.jpg,153,83,262,201,153,264
00057774.jpg,151,83,260,201,153,264
00057775.jpg,150,83,259,201,153,264
00057776.jpg,151,83,260,201,153,264
00057777.jpg,152,83,261,201,153,264
00057778.jpg,153,84,262,202,153,264
00057779.jpg,156,84,265,202,153,264
00057780.jpg,158,85,267,203,153,264
00057781.jpg,173,87,289,208,153,264
00057782.jpg,173,87,289,208,153,264
00057783.jpg,177,87,293,208,153,264
00057784.jpg,180,87,296,208,153,264
00057785.jpg,184,88,300,209,153,264
00057786.jpg,187,88,303,209,153,264
00057787.jpg,190,88,306,209,153,264
00057788.jpg,193,88,309,209,153,264
00057789.jpg,196,88,312,209,153,264
00057790.jpg,198,88,314,209,153,264
00057791.jpg,200,88,316,209,153,264
00057792.jpg,202,88,318,209,153,264
00057793.jpg,203,87,319,208,153,264
00057794.jpg,204,87,320,208,153,264
00057795.jpg,204,87,320,208,153,264
00057796.jpg,204,86,320,207,153,264
00057797.jpg,204,86,320,207,153,264
00057798.jpg,205,86,321,207,153,264
00057799.jpg,206,85,322,206,238,287
00057800.jpg,207,84,323,205,239,288
00057801.jpg,208,84,324,205,239,288
00057802.jpg,209,83,325,204,239,289
00057803.jpg,208,83,324,204,240,288
00057804.jpg,207,83,323,204,242,288
00057805.jpg,205,82,321,203,241,289
00057806.jpg,204,81,320,202,240,288
00057807.jpg,202,81,318,202,240,285
00057808.jpg,200,80,316,201,239,288
00057809.jpg,198,80,314,201,240,287
00057810.jpg,196,80,312,201,241,286
00057811.jpg,194,80,310,201,242,286
00057812.jpg,192,79,308,200,242,286
00057813.jpg,191,79,307,200,242,286
00057814.jpg,190,79,306,200,242,286
00057815.jpg,189,79,305,200,242,286
00057816.jpg,189,79,305,200,242,286
00057817.jpg,188,79,304,200,242,286
00057818.jpg,188,80,304,201,242,286
00057819.jpg,187,80,303,201,242,286
00057820.jpg,187,80,303,201,242,286
00057821.jpg,187,81,303,202,242,286
00057822.jpg,187,81,303,202,242,286
00057823.jpg,187,82,303,203,242,286
00057824.jpg,187,82,303,203,242,286
00057825.jpg,187,82,303,203,246,285
00057826.jpg,187,82,303,203,672,194
00057827.jpg,187,82,303,203,670,192
00057828.jpg,187,82,303,203,669,190
00057829.jpg,187,82,303,203,670,188
00057830.jpg,187,82,303,203,670,189
00057831.jpg,187,83,303,204,672,190
00057832.jpg,186,83,302,204,675,187
00057833.jpg,185,83,301,204,675,184
00057834.jpg,184,83,300,204,674,181
00057835.jpg,183,83,299,204,674,182
00057836.jpg,181,83,297,204,676,184
00057837.jpg,178,83,294,204,677,184
00057838.jpg,177,84,293,205,679,184
00057839.jpg,176,84,292,205,676,182
00057840.jpg,176,84,292,205,678,184
00057841.jpg,176,83,292,204,679,184
00057842.jpg,178,83,294,204,680,182
00057843.jpg,179,83,295,204,679,182
00057844.jpg,180,82,296,203,673,188
00057845.jpg,182,82,298,203,675,188
00057846.jpg,184,81,300,202,673,188
00057847.jpg,185,80,301,201,674,188
00057848.jpg,188,80,304,201,676,186
00057849.jpg,189,80,305,201,676,185
00057850.jpg,191,80,307,201,677,185
00057851.jpg,193,80,309,201,677,185
00057852.jpg,195,80,311,201,676,184
00057853.jpg,197,80,313,201,677,184
00057854.jpg,198,81,314,202,677,185
00057855.jpg,198,81,314,202,676,185
