00001558.jpg,404,137,572,292,1528,215
00001559.jpg,404,137,572,292,1526,218
00001560.jpg,404,137,572,292,1523,223
00001561.jpg,404,137,572,292,1523,223
00001562.jpg,403,137,571,292,1523,223
00001563.jpg,403,137,571,292,1525,223
00001564.jpg,402,136,570,291,1527,220
00001565.jpg,402,136,570,291,1527,216
00001566.jpg,402,136,570,291,1527,215
00001567.jpg,402,137,570,292,1527,215
00001568.jpg,402,137,570,292,1288,576
00001569.jpg,403,137,571,292,795,345
00001570.jpg,408,136,576,291,860,414
00001571.jpg,411,137,579,292,653,403
00001572.jpg,415,137,583,292,652,405
00001573.jpg,421,139,589,294,596,534
00001574.jpg,426,142,594,297,588,539
00001575.jpg,430,145,598,300,586,538
00001576.jpg,434,149,602,304,590,535
00001577.jpg,437,154,605,309,586,536
00001578.jpg,441,158,609,313,585,536
00001579.jpg,444,163,612,318,585,536
00001580.jpg,447,166,615,321,585,536
00001581.jpg,450,172,618,327,580,538
00001582.jpg,453,175,621,330,583,536
00001583.jpg,458,178,626,333,582,534
00001584.jpg,461,182,629,337,582,534
00001585.jpg,464,187,632,342,581,534
00001586.jpg,466,192,634,347,580,531
00001587.jpg,469,197,637,352,577,531
00001588.jpg,473,201,641,356,577,531
00001589.jpg,474,205,642,360,573,531
00001590.jpg,476,209,644,364,576,531
00001591.jpg,477,214,645,369,576,531
00001592.jpg,479,218,647,373,577,528
00001593.jpg,480,223,648,378,577,528
00001594.jpg,481,228,649,383,577,528
00001595.jpg,480,232,648,387,577,528
00001596.jpg,480,235,648,390,580,528
00001597.jpg,480,236,648,391,577,528
00001598.jpg,478,237,646,392,577,528
00001599.jpg,486,241,631,399,577,528
00001600.jpg,486,241,631,399,-1,-1
00001601.jpg,484,240,629,398,-1,-1
00001602.jpg,482,240,627,398,-1,-1
00001603.jpg,479,238,624,396,-1,-1
00001604.jpg,476,237,621,395,-1,-1
00001605.jpg,472,235,617,393,-1,-1
00001606.jpg,467,232,612,390,-1,-1
00001607.jpg,463,230,608,388,-1,-1
00001608.jpg,460,228,605,386,-1,-1
00001609.jpg,457,227,602,385,-1,-1
00001610.jpg,453,225,598,383,-1,-1
00001611.jpg,450,224,595,382,-1,-1
00001612.jpg,448,223,593,381,-1,-1
00001613.jpg,445,222,590,380,-1,-1
00001614.jpg,443,221,588,379,-1,-1
00001615.jpg,441,220,586,378,-1,-1
00001616.jpg,439,218,584,376,-1,-1
00001617.jpg,437,216,582,374,-1,-1
00001618.jpg,434,214,579,372,-1,-1
00001619.jpg,430,211,575,369,-1,-1
00001620.jpg,427,207,572,365,-1,-1
00001621.jpg,423,203,568,361,-1,-1
00001622.jpg,419,199,564,357,-1,-1
00001623.jpg,415,194,560,352,-1,-1
00001624.jpg,410,189,555,347,-1,-1
00001625.jpg,404,183,549,341,-1,-1
00001626.jpg,398,177,543,335,-1,-1
00001627.jpg,391,171,536,329,-1,-1
00001628.jpg,384,165,529,323,-1,-1
00001629.jpg,377,160,522,318,-1,-1
00001630.jpg,370,156,515,314,-1,-1
00001631.jpg,366,152,511,310,-1,-1
00001632.jpg,361,148,506,306,-1,-1
00001633.jpg,356,145,501,303,-1,-1
00001634.jpg,352,141,497,299,-1,-1
00001635.jpg,348,138,493,296,-1,-1
00001636.jpg,345,136,490,294,-1,-1
00001637.jpg,342,134,487,292,-1,-1
00001638.jpg,340,133,485,291,-1,-1
00001639.jpg,340,132,485,290,-1,-1
00001640.jpg,340,133,485,291,-1,-1
00001641.jpg,342,134,487,292,-1,-1
00001642.jpg,345,136,490,294,-1,-1
00001643.jpg,349,139,494,297,-1,-1
00001644.jpg,353,143,498,301,-1,-1
00001645.jpg,356,147,501,305,-1,-1
00001646.jpg,361,151,506,309,-1,-1
00001647.jpg,367,156,512,314,-1,-1
00001648.jpg,371,163,516,321,-1,-1
00001649.jpg,375,169,520,327,-1,-1
00001650.jpg,378,175,523,333,-1,-1
00001651.jpg,381,181,526,339,-1,-1
00001652.jpg,383,186,528,344,-1,-1
00001653.jpg,385,190,530,348,-1,-1
00001654.jpg,387,193,532,351,-1,-1
00001655.jpg,389,195,534,353,-1,-1
00001656.jpg,390,197,535,355,-1,-1
00001657.jpg,391,197,536,355,-1,-1
00001658.jpg,392,196,537,354,-1,-1
00001659.jpg,393,195,538,353,-1,-1
00001660.jpg,394,193,539,351,-1,-1
00001661.jpg,394,191,539,349,-1,-1
00001662.jpg,394,189,539,347,-1,-1
00001663.jpg,395,186,540,344,-1,-1
00001664.jpg,394,184,539,342,-1,-1
00001665.jpg,391,181,536,339,-1,-1
00001666.jpg,389,178,534,336,-1,-1
00001667.jpg,386,176,531,334,-1,-1
00001668.jpg,383,174,528,332,-1,-1
00001669.jpg,379,173,524,331,-1,-1
00001670.jpg,376,173,521,331,-1,-1
00001671.jpg,373,172,518,330,-1,-1
00001672.jpg,370,173,515,331,-1,-1
00001673.jpg,368,173,513,331,-1,-1
00001674.jpg,365,174,510,332,-1,-1
00001675.jpg,361,176,506,334,-1,-1
00001676.jpg,359,177,504,335,-1,-1
00001677.jpg,356,179,501,337,-1,-1
00001678.jpg,353,172,499,333,-1,-1
00001679.jpg,353,172,499,333,-1,-1
00001680.jpg,351,173,497,334,-1,-1
00001681.jpg,348,175,494,336,-1,-1
00001682.jpg,345,177,491,338,-1,-1
00001683.jpg,342,178,488,339,-1,-1
00001684.jpg,338,179,484,340,-1,-1
00001685.jpg,335,179,481,340,-1,-1
00001686.jpg,331,180,477,341,-1,-1
00001687.jpg,327,180,473,341,-1,-1
00001688.jpg,323,180,469,341,-1,-1
00001689.jpg,318,181,464,342,-1,-1
00001690.jpg,315,181,461,342,-1,-1
00001691.jpg,311,181,457,342,-1,-1
00001692.jpg,308,181,454,342,-1,-1
00001693.jpg,304,181,450,342,-1,-1
00001694.jpg,301,181,447,342,-1,-1
00001695.jpg,298,181,444,342,-1,-1
00001696.jpg,294,181,440,342,-1,-1
00001697.jpg,292,181,438,342,-1,-1
00001698.jpg,289,181,435,342,-1,-1
00001699.jpg,287,181,433,342,-1,-1
00001700.jpg,285,181,431,342,-1,-1
00001701.jpg,284,182,430,343,-1,-1
00001702.jpg,284,182,430,343,-1,-1
00001703.jpg,283,183,429,344,-1,-1
00001704.jpg,283,184,429,345,-1,-1
00001705.jpg,283,185,429,346,-1,-1
00001706.jpg,282,186,428,347,-1,-1
00001707.jpg,282,187,428,348,-1,-1
00001708.jpg,282,189,428,350,-1,-1
00001709.jpg,282,190,428,351,-1,-1
00001710.jpg,281,191,427,352,-1,-1
00001711.jpg,281,192,427,353,-1,-1
00001712.jpg,281,192,427,353,-1,-1
00001713.jpg,280,192,426,353,-1,-1
00001714.jpg,280,192,426,353,-1,-1
00001715.jpg,280,192,426,353,-1,-1
00001716.jpg,280,192,426,353,-1,-1
00001717.jpg,279,192,425,353,-1,-1
00001718.jpg,280,193,426,354,-1,-1
00001719.jpg,281,193,427,354,-1,-1
00001720.jpg,283,192,429,353,-1,-1
00001721.jpg,285,192,431,353,-1,-1
00001722.jpg,288,192,434,353,-1,-1
00001723.jpg,290,193,436,354,-1,-1
00001724.jpg,294,193,440,354,-1,-1
00001725.jpg,296,193,442,354,-1,-1
00001726.jpg,299,193,445,354,-1,-1
00001727.jpg,301,193,447,354,-1,-1
00001728.jpg,303,193,449,354,-1,-1
00001729.jpg,304,193,450,354,-1,-1
00001730.jpg,305,194,451,355,-1,-1
00001731.jpg,306,194,452,355,-1,-1
00001732.jpg,308,193,454,354,-1,-1
00001733.jpg,308,194,454,355,-1,-1
00001734.jpg,309,193,455,354,-1,-1
00001735.jpg,309,194,455,355,-1,-1
00001736.jpg,310,194,456,355,-1,-1
00001737.jpg,310,194,456,355,-1,-1
00001738.jpg,310,194,456,355,-1,-1
00001739.jpg,311,194,457,355,-1,-1
00001740.jpg,311,194,457,355,-1,-1
00001741.jpg,312,194,458,355,-1,-1
00001742.jpg,312,194,458,355,-1,-1
00001743.jpg,312,195,458,356,-1,-1
00001744.jpg,313,195,459,356,-1,-1
00001745.jpg,313,195,459,356,-1,-1
00001746.jpg,314,195,460,356,-1,-1
00001747.jpg,314,195,460,356,-1,-1
00001748.jpg,313,195,459,356,-1,-1
00001749.jpg,313,195,459,356,-1,-1
00001750.jpg,313,195,459,356,-1,-1
00001751.jpg,312,195,458,356,-1,-1
00001752.jpg,311,195,457,356,-1,-1
00001753.jpg,311,195,457,356,-1,-1
00001754.jpg,311,195,457,356,-1,-1
00001755.jpg,310,196,456,357,-1,-1
00001756.jpg,309,196,455,357,-1,-1
00001757.jpg,309,197,455,358,-1,-1
00001758.jpg,308,197,454,358,-1,-1
00001759.jpg,307,197,453,358,-1,-1
00001760.jpg,306,197,452,358,-1,-1
00001761.jpg,305,198,451,359,-1,-1
00001762.jpg,304,198,450,359,-1,-1
00001763.jpg,303,199,449,360,-1,-1
00001764.jpg,302,199,448,360,-1,-1
00001765.jpg,301,199,447,360,-1,-1
00001766.jpg,300,200,446,361,-1,-1
00001767.jpg,299,200,445,361,-1,-1
00001768.jpg,298,201,444,362,-1,-1
00001769.jpg,298,201,444,362,-1,-1
00001770.jpg,297,201,443,362,-1,-1
00001771.jpg,297,202,443,363,-1,-1
00001772.jpg,296,201,442,362,-1,-1
00001773.jpg,296,199,442,360,-1,-1
00001774.jpg,296,196,442,357,-1,-1
00001775.jpg,296,193,442,354,-1,-1
00001776.jpg,295,189,441,350,-1,-1
00001777.jpg,295,185,441,346,-1,-1
00001778.jpg,295,182,441,343,-1,-1
00001779.jpg,294,180,440,341,-1,-1
00001780.jpg,295,180,441,341,-1,-1
00001781.jpg,295,181,441,342,-1,-1
00001782.jpg,295,183,441,344,-1,-1
00001783.jpg,295,187,441,348,-1,-1
00001784.jpg,295,191,441,352,-1,-1
00001785.jpg,295,193,441,354,-1,-1
00001786.jpg,294,195,440,356,-1,-1
00001787.jpg,292,195,438,356,-1,-1
00001788.jpg,291,194,437,355,-1,-1
00001789.jpg,291,193,437,354,592,453
00001790.jpg,290,192,436,353,591,453
00001791.jpg,290,192,436,353,592,453
00001792.jpg,289,192,435,353,477,503
00001793.jpg,289,192,435,353,353,415
00001794.jpg,289,192,435,353,353,415
00001795.jpg,289,192,435,353,347,410
00001796.jpg,288,192,434,353,345,410
00001797.jpg,288,192,434,353,343,406
00001798.jpg,287,192,433,353,340,401
00001799.jpg,287,192,433,353,340,401
