00001558.jpg,691,194,827,355,738,504
00001559.jpg,708,206,840,349,758,529
00001560.jpg,715,205,847,354,768,553
00001561.jpg,728,213,857,362,770,570
00001562.jpg,737,219,863,368,767,573
00001563.jpg,746,222,865,367,766,575
00001564.jpg,745,228,872,375,768,575
00001565.jpg,751,236,874,373,767,575
00001566.jpg,751,236,874,373,766,574
00001567.jpg,748,247,882,388,767,575
00001568.jpg,748,247,882,388,767,575
00001569.jpg,749,255,877,399,767,578
00001570.jpg,743,266,878,409,765,578
00001571.jpg,743,266,878,409,768,580
00001572.jpg,737,271,874,423,766,581
00001573.jpg,739,280,872,427,766,581
00001574.jpg,737,293,863,424,766,585
00001575.jpg,733,306,855,446,766,586
00001576.jpg,727,316,852,463,763,586
00001577.jpg,722,324,845,470,763,588
00001578.jpg,714,331,835,483,766,588
00001579.jpg,714,331,835,483,765,584
00001580.jpg,711,330,832,482,765,584
00001581.jpg,709,328,830,480,762,588
00001582.jpg,706,325,827,477,766,588
00001583.jpg,707,307,835,450,767,586
00001584.jpg,707,307,835,450,767,586
00001585.jpg,699,288,834,433,768,585
00001586.jpg,701,276,835,421,852,513
00001587.jpg,701,276,835,421,901,509
00001588.jpg,697,273,831,418,893,445
00001589.jpg,693,269,827,414,1093,406
00001590.jpg,683,238,821,400,1098,408
00001591.jpg,683,238,821,400,1563,198
00001592.jpg,671,226,811,374,1551,196
00001593.jpg,671,226,811,374,1546,196
00001594.jpg,665,222,805,370,1546,191
00001595.jpg,659,218,799,366,1546,188
00001596.jpg,649,208,789,356,1546,184
00001597.jpg,642,203,782,351,1538,186
00001598.jpg,629,202,769,364,1537,188
00001599.jpg,612,196,763,359,1532,190
00001600.jpg,612,196,763,359,1530,194
00001601.jpg,610,195,761,358,1525,195
00001602.jpg,608,195,759,358,1521,198
00001603.jpg,603,190,754,353,1521,198
00001604.jpg,602,189,753,352,1526,198
00001605.jpg,605,190,756,353,1526,195
00001606.jpg,611,192,762,355,1530,198
00001607.jpg,618,197,769,360,1530,201
00001608.jpg,623,199,774,362,1533,203
00001609.jpg,629,201,780,364,1540,204
00001610.jpg,635,204,786,367,1545,206
00001611.jpg,643,206,794,369,1551,208
00001612.jpg,651,208,802,371,1557,210
00001613.jpg,660,209,811,372,1561,211
00001614.jpg,667,209,818,372,1571,209
00001615.jpg,676,209,827,372,1580,204
00001616.jpg,684,208,835,371,1590,199
00001617.jpg,691,207,842,370,1597,194
00001618.jpg,696,208,847,371,1603,190
00001619.jpg,707,208,845,374,1610,184
00001620.jpg,713,206,848,363,1615,183
00001621.jpg,713,206,848,363,1616,183
00001622.jpg,716,206,851,363,1620,179
00001623.jpg,719,205,854,362,1621,178
00001624.jpg,721,205,856,362,1621,178
00001625.jpg,722,205,857,362,1621,175
00001626.jpg,722,205,857,362,1622,175
00001627.jpg,722,206,857,363,1626,175
00001628.jpg,721,207,856,364,1628,174
00001629.jpg,719,208,854,365,1633,171
00001630.jpg,716,208,851,365,1636,169
00001631.jpg,712,208,847,365,1636,169
00001632.jpg,707,203,842,360,1641,169
00001633.jpg,702,202,837,359,1642,170
00001634.jpg,696,201,831,358,1643,173
00001635.jpg,690,200,825,357,1645,176
00001636.jpg,682,195,817,352,1648,176
00001637.jpg,673,190,808,347,1645,173
00001638.jpg,666,191,801,348,1650,164
00001639.jpg,658,191,793,348,1657,158
00001640.jpg,649,189,784,346,1660,158
00001641.jpg,641,188,776,345,1662,159
00001642.jpg,634,186,769,343,1665,163
00001643.jpg,620,186,768,346,1666,164
00001644.jpg,620,186,768,346,1661,159
00001645.jpg,614,182,762,342,1663,156
00001646.jpg,609,177,757,337,1658,154
00001647.jpg,593,167,741,329,1655,158
00001648.jpg,593,167,741,329,1647,160
00001649.jpg,590,163,738,325,1643,164
00001650.jpg,586,159,734,321,1636,169
00001651.jpg,583,156,731,318,1627,173
00001652.jpg,580,153,728,315,1616,175
00001653.jpg,577,150,725,312,1596,176
00001654.jpg,575,149,723,311,1583,181
00001655.jpg,572,146,720,308,1561,178
00001656.jpg,570,145,718,307,1542,178
00001657.jpg,568,144,716,306,1528,178
00001658.jpg,566,143,714,305,1511,184
00001659.jpg,564,142,712,304,1498,190
00001660.jpg,562,142,710,304,1490,198
00001661.jpg,559,141,707,303,1482,201
00001662.jpg,558,142,706,304,1475,208
00001663.jpg,556,142,704,304,1467,214
00001664.jpg,555,143,703,305,1462,219
00001665.jpg,555,144,703,306,1462,225
00001666.jpg,555,144,703,306,1460,229
00001667.jpg,555,144,703,306,1455,230
00001668.jpg,555,143,703,305,1456,239
00001669.jpg,556,142,704,304,1460,238
00001670.jpg,558,142,706,304,1461,240
00001671.jpg,559,141,707,303,1462,240
00001672.jpg,560,139,708,301,1463,243
00001673.jpg,561,138,709,300,1463,243
00001674.jpg,563,137,711,299,1472,245
00001675.jpg,564,135,712,297,1476,246
00001676.jpg,566,134,714,296,1476,243
00001677.jpg,567,134,715,296,1480,240
00001678.jpg,568,133,716,295,1488,240
00001679.jpg,553,129,715,295,1493,239
00001680.jpg,553,129,715,295,1493,236
00001681.jpg,552,129,714,295,1498,236
00001682.jpg,552,129,714,295,1501,234
00001683.jpg,551,129,713,295,1501,230
00001684.jpg,549,129,711,295,1505,226
00001685.jpg,548,130,710,296,1512,218
00001686.jpg,546,130,708,296,1516,215
00001687.jpg,543,129,705,295,1520,210
00001688.jpg,541,129,703,295,1526,205
00001689.jpg,538,130,700,296,1532,203
00001690.jpg,535,130,697,296,1535,203
00001691.jpg,532,131,694,297,1537,201
00001692.jpg,529,132,691,298,1538,201
00001693.jpg,526,132,688,298,1543,198
00001694.jpg,524,134,686,300,1546,196
00001695.jpg,522,135,684,301,1547,194
00001696.jpg,520,137,682,303,1550,190
00001697.jpg,518,137,680,303,1552,188
00001698.jpg,517,138,679,304,1553,186
00001699.jpg,517,139,679,305,1555,186
00001700.jpg,516,139,678,305,1558,185
00001701.jpg,516,136,675,288,1566,180
00001702.jpg,516,136,675,288,1571,176
00001703.jpg,516,136,675,288,1572,180
00001704.jpg,516,136,675,288,1576,179
00001705.jpg,515,135,674,287,1577,174
00001706.jpg,515,135,674,287,1583,175
00001707.jpg,518,140,660,294,1586,175
00001708.jpg,518,140,660,294,1586,175
00001709.jpg,517,140,659,294,1587,174
00001710.jpg,517,140,659,294,1586,173
00001711.jpg,516,140,658,294,1586,175
00001712.jpg,515,139,657,293,1585,178
00001713.jpg,514,139,656,293,1580,181
00001714.jpg,513,138,655,292,1578,181
00001715.jpg,512,138,654,292,1578,183
00001716.jpg,511,138,653,292,1578,183
00001717.jpg,511,138,653,292,1576,180
00001718.jpg,510,138,652,292,1572,184
00001719.jpg,510,138,652,292,1567,186
00001720.jpg,513,136,655,290,1455,421
00001721.jpg,513,136,655,290,1018,414
00001722.jpg,513,135,655,289,1025,413
00001723.jpg,513,135,655,289,1428,425
00001724.jpg,513,134,655,288,1428,428
00001725.jpg,513,133,655,287,1427,426
00001726.jpg,513,132,655,286,1433,431
00001727.jpg,513,132,655,286,1440,431
00001728.jpg,513,131,655,285,1535,210
00001729.jpg,513,131,655,285,1532,209
00001730.jpg,513,131,655,285,1526,213
00001731.jpg,514,131,656,285,1530,214
00001732.jpg,514,131,656,285,1530,216
00001733.jpg,514,131,656,285,1531,216
00001734.jpg,514,131,656,285,1533,218
00001735.jpg,514,131,656,285,1536,220
00001736.jpg,514,131,656,285,1537,223
00001737.jpg,514,132,656,286,1541,221
00001738.jpg,514,131,656,285,1543,221
00001739.jpg,515,131,657,285,1546,220
00001740.jpg,515,131,657,285,1548,220
00001741.jpg,516,131,658,285,1556,220
00001742.jpg,516,131,658,285,1560,213
00001743.jpg,517,131,659,285,1566,209
00001744.jpg,517,130,659,284,1573,200
00001745.jpg,519,131,661,285,1576,193
00001746.jpg,520,132,662,286,1583,185
00001747.jpg,522,133,664,287,1586,181
00001748.jpg,510,128,673,283,1588,175
00001749.jpg,510,128,673,283,1593,174
00001750.jpg,511,128,674,283,1595,173
00001751.jpg,513,129,676,284,1598,170
00001752.jpg,515,129,678,284,1595,169
00001753.jpg,519,129,682,284,1597,166
00001754.jpg,522,128,685,283,1598,158
00001755.jpg,525,128,688,283,1601,155
00001756.jpg,528,127,691,282,1602,153
00001757.jpg,531,128,694,283,1603,150
00001758.jpg,534,129,697,284,1602,150
00001759.jpg,539,130,702,285,1600,150
00001760.jpg,542,129,705,284,1598,149
00001761.jpg,562,137,701,291,1597,149
00001762.jpg,562,137,701,291,1597,149
00001763.jpg,575,145,714,301,1595,151
00001764.jpg,575,145,714,301,1595,150
00001765.jpg,594,150,741,318,1596,148
00001766.jpg,594,150,741,318,1593,146
00001767.jpg,602,156,749,324,1593,145
00001768.jpg,610,164,757,332,1593,145
00001769.jpg,617,172,764,340,1591,149
00001770.jpg,623,180,770,348,1588,151
00001771.jpg,628,189,775,357,1583,154
00001772.jpg,648,199,786,353,1580,153
00001773.jpg,654,208,789,365,1581,153
00001774.jpg,654,208,789,365,1580,151
00001775.jpg,653,217,787,377,1580,153
00001776.jpg,653,217,787,377,1580,158
00001777.jpg,650,218,784,378,1573,164
00001778.jpg,646,220,780,380,1567,170
00001779.jpg,643,221,777,381,1563,174
00001780.jpg,639,222,773,382,1566,173
00001781.jpg,633,220,767,380,1567,173
00001782.jpg,628,218,762,378,1568,173
00001783.jpg,623,219,757,379,1568,179
00001784.jpg,605,217,739,377,1563,188
00001785.jpg,604,223,736,375,1560,200
00001786.jpg,604,223,736,375,1553,211
00001787.jpg,598,223,730,375,1557,221
00001788.jpg,590,224,722,376,1553,230
00001789.jpg,583,225,715,377,1550,238
00001790.jpg,577,227,709,379,1547,250
00001791.jpg,570,229,702,381,1540,264
00001792.jpg,564,233,696,385,987,399
00001793.jpg,560,233,692,385,816,424
00001794.jpg,549,235,681,387,792,508
00001795.jpg,544,236,676,388,698,520
00001796.jpg,541,236,675,399,660,529
00001797.jpg,541,236,675,399,651,526
00001798.jpg,539,236,673,399,646,526
00001799.jpg,539,236,673,399,640,528
