00004246.jpg,487,95,766,388,-1,-1
00004247.jpg,487,95,766,388,-1,-1
00004248.jpg,487,95,766,388,-1,-1
00004249.jpg,487,95,766,388,-1,-1
00004250.jpg,488,144,739,424,-1,-1
00004251.jpg,488,144,739,424,-1,-1
00004252.jpg,481,152,732,432,-1,-1
00004253.jpg,474,159,725,439,-1,-1
00004254.jpg,468,165,719,445,-1,-1
00004255.jpg,460,170,711,450,-1,-1
00004256.jpg,460,170,711,450,-1,-1
00004257.jpg,451,175,702,455,-1,-1
00004258.jpg,442,181,693,461,-1,-1
00004259.jpg,433,185,684,465,-1,-1
00004260.jpg,425,190,676,470,-1,-1
00004261.jpg,425,190,676,470,-1,-1
00004262.jpg,418,193,669,473,-1,-1
00004263.jpg,414,196,665,476,-1,-1
00004264.jpg,412,199,663,479,-1,-1
00004265.jpg,411,203,662,483,-1,-1
00004266.jpg,411,203,662,483,-1,-1
00004267.jpg,412,207,663,487,-1,-1
00004268.jpg,414,212,665,492,-1,-1
00004269.jpg,416,217,667,497,-1,-1
00004270.jpg,420,220,671,500,-1,-1
00004271.jpg,420,220,671,500,-1,-1
00004272.jpg,426,219,677,499,-1,-1
00004273.jpg,435,214,686,494,-1,-1
00004274.jpg,448,207,699,487,-1,-1
00004275.jpg,457,199,708,479,-1,-1
00004276.jpg,457,199,708,479,-1,-1
00004277.jpg,463,191,714,471,-1,-1
00004278.jpg,467,185,718,465,-1,-1
00004279.jpg,469,178,720,458,-1,-1
00004280.jpg,469,173,720,453,-1,-1
00004281.jpg,469,173,720,453,-1,-1
00004282.jpg,470,168,721,448,-1,-1
00004283.jpg,470,165,721,445,-1,-1
00004284.jpg,468,164,719,444,-1,-1
00004285.jpg,465,164,716,444,-1,-1
00004286.jpg,465,164,716,444,-1,-1
00004287.jpg,464,168,715,448,-1,-1
00004288.jpg,461,176,712,456,-1,-1
00004289.jpg,454,185,705,465,-1,-1
00004290.jpg,449,192,700,472,-1,-1
00004291.jpg,449,192,700,472,-1,-1
00004292.jpg,443,199,694,479,-1,-1
00004293.jpg,434,201,685,481,-1,-1
00004294.jpg,423,201,674,481,-1,-1
00004295.jpg,412,199,663,479,-1,-1
00004296.jpg,412,199,663,479,-1,-1
00004297.jpg,403,196,654,476,-1,-1
00004298.jpg,389,194,640,474,-1,-1
00004299.jpg,379,194,630,474,-1,-1
00004300.jpg,368,196,619,476,-1,-1
00004301.jpg,368,196,619,476,-1,-1
00004302.jpg,358,196,609,476,-1,-1
00004303.jpg,349,197,600,477,-1,-1
00004304.jpg,343,197,594,477,-1,-1
00004305.jpg,340,197,591,477,-1,-1
00004306.jpg,340,197,591,477,-1,-1
00004307.jpg,341,198,592,478,-1,-1
00004308.jpg,343,200,594,480,-1,-1
00004309.jpg,348,202,599,482,-1,-1
00004310.jpg,357,206,608,486,-1,-1
00004311.jpg,357,206,608,486,-1,-1
00004312.jpg,368,210,619,490,-1,-1
00004313.jpg,380,213,631,493,-1,-1
00004314.jpg,393,215,644,495,-1,-1
00004315.jpg,408,212,659,492,-1,-1
00004316.jpg,408,212,659,492,-1,-1
00004317.jpg,423,206,674,486,-1,-1
00004318.jpg,438,199,689,479,-1,-1
00004319.jpg,453,194,704,474,-1,-1
00004320.jpg,466,192,717,472,-1,-1
00004321.jpg,466,192,717,472,-1,-1
00004322.jpg,474,190,725,470,-1,-1
00004323.jpg,479,189,730,469,-1,-1
00004324.jpg,485,188,736,468,-1,-1
00004325.jpg,489,188,740,468,-1,-1
00004326.jpg,489,188,740,468,-1,-1
00004327.jpg,489,188,740,468,-1,-1
00004328.jpg,485,189,736,469,-1,-1
00004329.jpg,478,192,729,472,-1,-1
00004330.jpg,472,194,723,474,-1,-1
00004331.jpg,472,194,723,474,-1,-1
00004332.jpg,466,195,717,475,-1,-1
00004333.jpg,458,197,709,477,-1,-1
00004334.jpg,447,200,698,480,-1,-1
00004335.jpg,432,201,683,481,-1,-1
00004336.jpg,432,201,683,481,-1,-1
00004337.jpg,416,203,667,483,-1,-1
00004338.jpg,396,200,647,480,-1,-1
00004339.jpg,374,195,625,475,-1,-1
00004340.jpg,354,191,605,471,-1,-1
00004341.jpg,354,190,605,470,-1,-1
00004342.jpg,333,185,584,465,-1,-1
00004343.jpg,312,180,563,460,-1,-1
00004344.jpg,292,176,543,456,-1,-1
00004345.jpg,274,171,525,451,-1,-1
00004346.jpg,274,171,525,451,-1,-1
