00001438.jpg,534,186,623,284,37,188
00001439.jpg,531,177,624,275,43,190
00001440.jpg,531,177,624,275,45,190
00001441.jpg,532,167,625,265,45,189
00001442.jpg,534,158,627,256,48,192
00001443.jpg,535,152,628,250,175,281
00001444.jpg,536,149,629,247,175,276
00001445.jpg,536,149,629,247,175,277
00001446.jpg,537,147,630,245,177,278
00001447.jpg,539,147,632,245,177,278
00001448.jpg,540,148,633,246,177,278
00001449.jpg,542,149,635,247,181,284
00001450.jpg,542,149,635,247,183,284
00001451.jpg,543,150,636,248,188,288
00001452.jpg,544,152,637,250,191,290
00001453.jpg,545,154,638,252,198,293
00001454.jpg,546,156,639,254,203,298
00001455.jpg,546,156,639,254,205,302
00001456.jpg,546,157,639,255,207,302
00001457.jpg,547,158,640,256,-1,-1
00001458.jpg,547,159,640,257,746,274
00001459.jpg,546,160,639,258,748,274
00001460.jpg,546,160,639,258,749,274
00001461.jpg,545,160,638,258,749,273
00001462.jpg,544,159,637,257,749,273
00001463.jpg,543,158,636,256,749,272
00001464.jpg,542,156,635,254,744,272
00001465.jpg,542,156,635,254,743,272
00001466.jpg,541,155,634,253,737,274
00001467.jpg,540,153,633,251,732,274
00001468.jpg,539,151,632,249,721,277
00001469.jpg,538,150,631,248,715,278
00001470.jpg,538,150,631,248,708,278
00001471.jpg,538,149,631,247,692,280
00001472.jpg,537,149,630,247,686,280
00001473.jpg,537,149,630,247,680,277
00001474.jpg,537,150,630,248,669,272
00001475.jpg,537,150,630,248,669,271
00001476.jpg,536,150,629,248,662,268
00001477.jpg,536,150,629,248,651,256
00001478.jpg,536,149,629,247,647,250
00001479.jpg,536,148,629,246,645,245
00001480.jpg,536,148,629,246,645,243
00001481.jpg,536,146,629,244,643,239
00001482.jpg,536,145,629,243,641,234
00001483.jpg,536,144,629,242,544,351
00001484.jpg,535,144,628,242,223,284
00001485.jpg,535,144,628,242,223,284
00001486.jpg,534,144,627,242,223,284
00001487.jpg,533,144,626,242,223,284
00001488.jpg,532,145,625,243,269,254
00001489.jpg,531,145,624,243,428,192
00001490.jpg,531,145,624,243,425,192
00001491.jpg,530,145,623,243,425,192
00001492.jpg,530,145,623,243,425,192
00001493.jpg,529,143,622,241,425,192
00001494.jpg,529,141,622,239,428,190
00001495.jpg,529,141,622,239,430,189
00001496.jpg,529,139,622,237,432,186
00001497.jpg,529,136,622,234,435,185
00001498.jpg,530,134,623,232,441,184
00001499.jpg,531,133,624,231,448,180
00001500.jpg,531,133,624,231,449,180
00001501.jpg,533,132,626,230,455,179
00001502.jpg,534,132,627,230,461,180
00001503.jpg,534,132,627,230,467,184
00001504.jpg,534,133,627,231,469,191
00001505.jpg,534,133,627,231,470,196
00001506.jpg,534,134,627,232,470,201
00001507.jpg,533,134,626,232,471,203
00001508.jpg,533,134,626,232,471,208
00001509.jpg,533,134,626,232,472,214
00001510.jpg,533,134,626,232,473,212
00001511.jpg,532,134,625,232,473,212
00001512.jpg,532,134,625,232,473,215
00001513.jpg,531,136,624,234,472,215
00001514.jpg,530,138,623,236,471,216
00001515.jpg,530,138,623,236,471,216
00001516.jpg,528,141,621,239,470,216
00001517.jpg,526,143,619,241,469,216
00001518.jpg,525,143,618,241,469,212
00001519.jpg,525,143,618,241,469,212
00001520.jpg,525,143,618,241,468,212
00001521.jpg,524,142,617,240,468,212
00001522.jpg,524,141,617,239,467,210
00001523.jpg,524,140,617,238,466,206
00001524.jpg,525,138,618,236,466,205
00001525.jpg,525,138,618,236,467,202
00001526.jpg,525,138,618,236,467,201
00001527.jpg,525,137,618,235,467,201
00001528.jpg,526,137,619,235,467,201
00001529.jpg,526,136,619,234,467,201
00001530.jpg,526,136,619,234,466,200
00001531.jpg,526,135,619,233,466,200
00001532.jpg,527,134,620,232,466,200
00001533.jpg,527,133,620,231,466,200
00001534.jpg,528,132,621,230,465,197
00001535.jpg,528,132,621,230,463,196
00001536.jpg,529,131,622,229,463,196
00001537.jpg,529,130,622,228,463,196
00001538.jpg,530,130,623,228,464,194
00001539.jpg,531,130,624,228,465,188
00001540.jpg,531,130,624,228,465,188
00001541.jpg,531,129,624,227,465,188
00001542.jpg,532,129,625,227,465,188
00001543.jpg,532,130,625,228,465,188
00001544.jpg,532,130,625,228,465,188
00001545.jpg,532,130,625,228,465,186
00001546.jpg,533,130,626,228,465,186
00001547.jpg,533,130,626,228,467,185
00001548.jpg,533,130,626,228,467,182
00001549.jpg,534,129,627,227,468,182
00001550.jpg,534,129,627,227,468,180
00001551.jpg,534,128,627,226,467,180
00001552.jpg,534,127,627,225,467,181
00001553.jpg,534,126,627,224,467,181
00001554.jpg,534,124,627,222,467,182
00001555.jpg,534,124,627,222,467,182
00001556.jpg,534,123,627,221,465,182
00001557.jpg,534,121,627,219,463,182
00001558.jpg,533,120,626,218,463,179
00001559.jpg,533,120,626,218,460,178
00001560.jpg,533,120,626,218,459,178
00001561.jpg,533,119,626,217,457,176
00001562.jpg,532,119,625,217,456,176
00001563.jpg,532,120,625,218,456,176
00001564.jpg,531,120,624,218,455,172
00001565.jpg,531,120,624,218,452,169
00001566.jpg,531,120,624,218,451,169
00001567.jpg,530,120,623,218,451,169
00001568.jpg,530,120,623,218,449,169
00001569.jpg,529,119,622,217,449,169
00001570.jpg,529,119,622,217,448,169
00001571.jpg,529,119,622,217,448,169
00001572.jpg,529,118,622,216,447,169
00001573.jpg,529,118,622,216,447,169
00001574.jpg,530,118,623,216,449,169
00001575.jpg,530,118,623,216,449,169
00001576.jpg,533,118,626,216,449,169
00001577.jpg,533,117,626,215,448,166
00001578.jpg,534,117,627,215,448,166
00001579.jpg,535,116,628,214,447,166
00001580.jpg,534,116,627,214,447,165
00001581.jpg,535,116,628,214,445,164
00001582.jpg,536,116,629,214,442,162
00001583.jpg,536,115,629,213,442,160
00001584.jpg,536,115,629,213,442,160
00001585.jpg,536,115,629,213,442,160
00001586.jpg,537,114,630,212,445,158
00001587.jpg,537,114,630,212,445,158
00001588.jpg,537,113,630,211,445,158
00001589.jpg,537,112,630,210,445,158
00001590.jpg,537,112,630,210,445,157
00001591.jpg,537,111,630,209,445,157
00001592.jpg,537,111,630,209,447,155
00001593.jpg,537,110,630,208,447,155
00001594.jpg,538,109,631,207,447,155
00001595.jpg,538,109,631,207,447,150
00001596.jpg,538,108,631,206,447,150
00001597.jpg,538,107,631,205,447,150
00001598.jpg,538,106,631,204,447,150
00001599.jpg,538,106,631,204,452,146
00001600.jpg,538,106,631,204,452,146
00001601.jpg,538,106,631,204,452,145
00001602.jpg,538,106,631,204,451,141
00001603.jpg,537,106,630,204,450,141
00001604.jpg,537,106,630,204,449,138
00001605.jpg,537,106,630,204,449,138
00001606.jpg,536,107,629,205,447,138
00001607.jpg,536,107,629,205,447,138
00001608.jpg,536,107,629,205,447,139
00001609.jpg,535,107,628,205,447,139
00001610.jpg,535,107,628,205,447,139
00001611.jpg,535,107,628,205,447,139
00001612.jpg,535,107,628,205,447,139
00001613.jpg,535,106,628,204,447,140
00001614.jpg,536,105,629,203,447,140
00001615.jpg,536,105,629,203,447,140
00001616.jpg,536,105,629,203,447,140
00001617.jpg,536,105,629,203,449,140
00001618.jpg,536,105,629,203,449,140
00001619.jpg,536,105,629,203,448,140
00001620.jpg,536,105,629,203,448,140
00001621.jpg,536,105,629,203,448,140
00001622.jpg,537,105,630,203,448,140
00001623.jpg,537,104,630,202,448,140
00001624.jpg,538,104,631,202,448,140
00001625.jpg,538,104,631,202,448,140
00001626.jpg,539,104,632,202,447,140
00001627.jpg,539,104,632,202,447,140
00001628.jpg,539,104,632,202,447,140
00001629.jpg,540,104,633,202,447,140
00001630.jpg,540,104,633,202,447,140
00001631.jpg,540,104,633,202,447,140
00001632.jpg,540,103,633,201,447,139
00001633.jpg,540,103,633,201,447,137
00001634.jpg,540,102,633,200,447,137
00001635.jpg,540,102,633,200,447,136
00001636.jpg,539,102,632,200,449,136
00001637.jpg,539,103,632,201,450,136
00001638.jpg,539,103,632,201,448,136
00001639.jpg,539,104,632,202,449,137
00001640.jpg,539,104,632,202,451,137
00001641.jpg,539,105,632,203,451,137
00001642.jpg,540,106,633,204,453,138
00001643.jpg,540,107,633,205,453,138
00001644.jpg,541,108,634,206,454,138
00001645.jpg,541,108,634,206,458,138
00001646.jpg,541,108,634,206,459,137
00001647.jpg,542,107,635,205,461,135
00001648.jpg,542,107,635,205,461,135
00001649.jpg,542,107,635,205,461,135
00001650.jpg,542,107,635,205,457,135
00001651.jpg,543,107,636,205,455,135
00001652.jpg,543,107,636,205,455,135
00001653.jpg,543,107,636,205,455,135
00001654.jpg,543,107,636,205,447,134
00001655.jpg,543,107,636,205,443,134
00001656.jpg,543,108,636,206,441,133
00001657.jpg,543,108,636,206,431,134
00001658.jpg,543,108,636,206,429,134
00001659.jpg,543,109,636,207,426,135
00001660.jpg,543,109,636,207,426,135
00001661.jpg,543,108,636,206,424,136
00001662.jpg,542,108,635,206,419,136
00001663.jpg,542,108,635,206,417,139
00001664.jpg,542,108,635,206,414,140
00001665.jpg,542,108,635,206,414,140
00001666.jpg,542,108,635,206,414,140
00001667.jpg,541,108,634,206,411,143
00001668.jpg,541,107,634,205,409,144
00001669.jpg,541,107,634,205,409,144
00001670.jpg,541,107,634,205,408,144
00001671.jpg,541,107,634,205,406,144
00001672.jpg,541,107,634,205,407,145
00001673.jpg,540,107,633,205,408,145
00001674.jpg,540,107,633,205,409,145
00001675.jpg,540,107,633,205,409,145
00001676.jpg,539,107,632,205,412,150
00001677.jpg,539,107,632,205,414,150
00001678.jpg,539,107,632,205,415,153
00001679.jpg,539,107,632,205,418,154
00001680.jpg,538,107,631,205,418,156
00001681.jpg,538,107,631,205,418,156
00001682.jpg,537,106,630,204,417,156
00001683.jpg,537,106,630,204,417,158
00001684.jpg,536,106,629,204,417,158
00001685.jpg,536,106,629,204,417,158
00001686.jpg,535,106,628,204,417,158
00001687.jpg,534,106,627,204,417,160
00001688.jpg,534,106,627,204,418,160
00001689.jpg,534,106,627,204,419,159
00001690.jpg,534,106,627,204,419,159
00001691.jpg,534,106,627,204,419,159
00001692.jpg,534,106,627,204,419,159
00001693.jpg,534,106,627,204,419,165
00001694.jpg,535,106,628,204,419,165
00001695.jpg,535,106,628,204,420,166
00001696.jpg,535,106,628,204,423,166
00001697.jpg,536,106,629,204,423,166
00001698.jpg,537,106,630,204,423,166
00001699.jpg,537,106,630,204,423,166
00001700.jpg,537,106,630,204,421,166
00001701.jpg,537,106,630,204,421,166
00001702.jpg,538,105,631,203,421,165
00001703.jpg,538,105,631,203,421,162
00001704.jpg,538,105,631,203,421,158
00001705.jpg,538,105,631,203,421,158
00001706.jpg,538,104,631,202,421,157
00001707.jpg,538,104,631,202,423,164
00001708.jpg,538,103,631,201,424,168
00001709.jpg,538,102,631,200,427,172
00001710.jpg,538,102,631,200,434,173
00001711.jpg,538,102,631,200,437,179
00001712.jpg,537,101,630,199,439,179
00001713.jpg,537,101,630,199,440,179
00001714.jpg,537,101,630,199,440,179
00001715.jpg,537,101,630,199,440,179
00001716.jpg,537,100,630,198,440,178
00001717.jpg,537,100,630,198,440,178
00001718.jpg,537,100,630,198,440,178
00001719.jpg,536,101,629,199,438,177
00001720.jpg,536,101,629,199,438,177
00001721.jpg,536,102,629,200,438,176
00001722.jpg,534,103,627,201,438,174
00001723.jpg,533,105,626,203,439,174
00001724.jpg,532,107,625,205,440,172
00001725.jpg,532,107,625,205,443,172
00001726.jpg,532,108,625,206,443,172
00001727.jpg,532,109,625,207,443,172
00001728.jpg,533,110,626,208,443,172
00001729.jpg,533,110,626,208,443,170
00001730.jpg,533,110,626,208,443,165
00001731.jpg,533,110,626,208,443,164
00001732.jpg,534,109,627,207,444,160
00001733.jpg,534,109,627,207,444,159
00001734.jpg,535,108,628,206,443,156
00001735.jpg,535,108,628,206,443,156
00001736.jpg,535,107,628,205,443,156
00001737.jpg,535,106,628,204,443,153
00001738.jpg,535,104,628,202,443,152
00001739.jpg,536,103,629,201,443,146
00001740.jpg,536,103,629,201,442,144
00001741.jpg,536,101,629,199,441,142
00001742.jpg,536,100,629,198,441,142
00001743.jpg,536,99,629,197,440,142
00001744.jpg,536,98,629,196,438,141
00001745.jpg,536,98,629,196,431,140
00001746.jpg,535,98,628,196,431,140
00001747.jpg,535,98,628,196,431,145
00001748.jpg,535,98,628,196,435,145
00001749.jpg,534,98,627,196,440,147
00001750.jpg,534,98,627,196,441,147
00001751.jpg,534,98,627,196,441,147
00001752.jpg,534,98,627,196,441,147
00001753.jpg,533,99,626,197,434,147
00001754.jpg,533,99,626,197,430,147
00001755.jpg,533,99,626,197,427,147
00001756.jpg,533,99,626,197,427,147
00001757.jpg,533,99,626,197,427,147
00001758.jpg,533,99,626,197,423,147
00001759.jpg,533,100,626,198,421,147
00001760.jpg,533,100,626,198,420,147
00001761.jpg,533,100,626,198,418,147
00001762.jpg,534,100,627,198,418,145
00001763.jpg,534,100,627,198,418,144
00001764.jpg,534,100,627,198,417,144
00001765.jpg,534,100,627,198,417,144
00001766.jpg,534,100,627,198,417,144
00001767.jpg,534,100,627,198,416,144
00001768.jpg,534,100,627,198,413,144
00001769.jpg,534,100,627,198,413,144
00001770.jpg,534,100,627,198,411,144
00001771.jpg,534,100,627,198,411,149
00001772.jpg,534,100,627,198,410,150
00001773.jpg,534,100,627,198,406,150
00001774.jpg,534,100,627,198,405,156
00001775.jpg,534,100,627,198,404,160
00001776.jpg,534,100,627,198,404,163
00001777.jpg,534,100,627,198,404,165
00001778.jpg,533,100,626,198,330,248
00001779.jpg,533,101,626,199,329,248
00001780.jpg,533,101,626,199,330,247
00001781.jpg,532,101,625,199,329,247
00001782.jpg,531,101,624,199,328,247
00001783.jpg,531,101,624,199,329,247
00001784.jpg,530,101,623,199,327,247
00001785.jpg,530,101,623,199,326,246
00001786.jpg,529,101,622,199,324,246
00001787.jpg,529,101,622,199,325,246
00001788.jpg,528,101,621,199,325,246
00001789.jpg,527,101,620,199,324,246
00001790.jpg,527,101,620,199,325,246
00001791.jpg,526,101,619,199,323,246
00001792.jpg,527,103,614,196,405,160
00001793.jpg,527,103,614,196,407,159
00001794.jpg,526,104,613,197,411,159
00001795.jpg,526,104,613,197,406,158
00001796.jpg,526,104,613,197,409,157
00001797.jpg,525,104,612,197,407,157
00001798.jpg,524,103,611,196,140,169
00001799.jpg,524,103,611,196,140,170
00001800.jpg,524,103,611,196,140,169
00001801.jpg,524,102,611,195,139,169
00001802.jpg,524,102,611,195,139,169
00001803.jpg,525,103,612,196,137,170
00001804.jpg,526,104,613,197,250,284
00001805.jpg,526,104,613,197,249,283
00001806.jpg,526,108,613,201,273,306
00001807.jpg,523,114,610,207,549,390
00001808.jpg,520,125,607,218,550,390
00001809.jpg,523,139,617,236,575,362
00001810.jpg,523,139,617,236,573,362
00001811.jpg,524,167,618,264,575,362
00001851.jpg,526,267,620,365,519,408
00001852.jpg,529,264,624,359,298,419
00001853.jpg,529,264,624,359,-1,-1
00001854.jpg,529,263,624,358,-1,-1
00001855.jpg,529,263,624,358,-1,-1
00001856.jpg,529,261,624,356,-1,-1
00001857.jpg,528,257,623,352,-1,-1
00001858.jpg,527,252,622,347,-1,-1
00001859.jpg,526,247,621,342,-1,-1
00001860.jpg,526,247,621,342,-1,-1
00001861.jpg,525,243,620,338,-1,-1
00001862.jpg,525,241,620,336,-1,-1
00001863.jpg,526,239,621,334,-1,-1
00001864.jpg,527,238,622,333,-1,-1
00001865.jpg,527,238,622,333,-1,-1
00001866.jpg,528,237,623,332,-1,-1
00001867.jpg,528,237,623,332,-1,-1
00001868.jpg,528,237,623,332,-1,-1
00001869.jpg,529,236,624,331,-1,-1
00001870.jpg,529,236,624,331,-1,-1
00001871.jpg,529,235,624,330,-1,-1
00001872.jpg,529,233,624,328,-1,-1
00001873.jpg,529,229,624,324,-1,-1
00001874.jpg,529,225,624,320,-1,-1
00001875.jpg,529,225,624,320,-1,-1
00001876.jpg,529,222,624,317,-1,-1
00001877.jpg,528,221,623,316,-1,-1
00001878.jpg,533,217,617,308,-1,-1
00001879.jpg,533,217,617,308,-1,-1
00001880.jpg,533,217,617,308,-1,-1
00001881.jpg,532,214,616,305,-1,-1
00001882.jpg,531,212,615,303,-1,-1
00001883.jpg,530,209,614,300,-1,-1
00001884.jpg,529,208,613,299,-1,-1
00001885.jpg,529,208,613,299,-1,-1
00001886.jpg,528,207,612,298,-1,-1
00001887.jpg,528,206,612,297,415,154
00001888.jpg,527,206,611,297,411,159
00001889.jpg,527,207,611,298,410,162
00001890.jpg,527,207,611,298,407,169
00001891.jpg,527,209,611,300,406,176
00001892.jpg,527,210,611,301,397,191
00001893.jpg,527,211,611,302,384,204
00001894.jpg,527,211,611,302,379,212
00001895.jpg,527,211,611,302,379,212
00001896.jpg,527,210,611,301,371,222
00001897.jpg,527,207,611,298,371,228
00001898.jpg,529,198,612,288,376,225
00001899.jpg,529,194,611,281,382,220
00001900.jpg,529,194,611,281,383,221
00001901.jpg,529,188,611,275,391,212
00001902.jpg,529,179,611,266,400,206
00001903.jpg,529,172,611,259,409,192
00001904.jpg,528,165,610,252,415,180
00001905.jpg,528,165,610,252,415,180
00001906.jpg,528,157,610,244,253,294
00001907.jpg,527,151,609,238,241,272
00001908.jpg,527,144,609,231,220,256
00001909.jpg,527,137,609,224,197,236
00001910.jpg,527,137,609,224,197,236
00001911.jpg,527,129,609,216,176,226
00001912.jpg,528,121,610,208,160,224
00001913.jpg,530,114,612,201,140,226
00001914.jpg,532,108,614,195,124,232
00001915.jpg,532,108,614,195,124,232
00001916.jpg,535,103,617,190,106,234
00001917.jpg,538,100,620,187,87,230
00001918.jpg,540,99,622,186,75,228
00001919.jpg,544,100,626,187,62,224
00001920.jpg,544,100,626,187,62,224
00001921.jpg,548,101,630,188,46,216
00001922.jpg,552,104,634,191,32,208
00001923.jpg,556,105,638,192,32,208
00001924.jpg,560,106,642,193,25,200
00001925.jpg,560,106,642,193,22,196
00001926.jpg,564,105,646,192,17,191
00001927.jpg,567,104,649,191,16,191
00001928.jpg,571,103,653,190,15,190
00001929.jpg,575,98,659,191,27,194
00001930.jpg,575,98,659,191,29,196
00001931.jpg,581,98,665,191,37,197
00001932.jpg,589,98,673,191,55,201
00001933.jpg,596,99,680,192,73,204
00001934.jpg,603,100,687,193,92,212
00001935.jpg,603,100,687,193,92,212
00001936.jpg,607,100,691,193,150,268
00001937.jpg,609,99,693,192,144,259
00001938.jpg,608,99,692,192,131,252
00001939.jpg,605,99,689,192,124,247
00001940.jpg,605,99,689,192,123,247
00001941.jpg,602,99,686,192,119,244
00001942.jpg,598,99,682,192,122,244
00001943.jpg,595,99,679,192,122,244
00001944.jpg,592,99,676,192,122,244
00001945.jpg,592,99,676,192,127,246
00001946.jpg,590,100,674,193,127,246
00001947.jpg,588,100,672,193,128,246
00001948.jpg,587,100,671,193,128,246
00001949.jpg,586,101,670,194,128,246
00001950.jpg,586,101,670,194,131,246
00001951.jpg,585,101,669,194,132,244
00001952.jpg,584,101,668,194,132,244
00001953.jpg,583,101,667,194,131,242
00001954.jpg,581,101,665,194,129,238
00001955.jpg,581,101,665,194,128,232
00001956.jpg,580,100,664,193,128,232
00001957.jpg,578,100,662,193,430,168
00001958.jpg,576,100,660,193,426,166
00001959.jpg,574,100,658,193,425,166
00001960.jpg,574,100,658,193,425,164
00001961.jpg,572,100,656,193,425,164
00001962.jpg,570,100,654,193,425,164
00001963.jpg,567,100,651,193,425,164
00001964.jpg,565,100,649,193,425,163
00001965.jpg,565,100,649,193,425,161
00001966.jpg,562,101,646,194,425,161
00001967.jpg,560,101,644,194,423,160
00001968.jpg,558,101,642,194,423,160
00001969.jpg,556,100,640,193,423,160
00001970.jpg,556,100,640,193,429,160
00001971.jpg,554,100,638,193,437,160
00001972.jpg,552,100,636,193,443,160
00001973.jpg,550,100,634,193,452,157
00001974.jpg,548,100,632,193,454,157
00001975.jpg,548,100,632,193,457,157
00001976.jpg,546,100,630,193,459,158
00001977.jpg,544,100,628,193,459,158
00001978.jpg,541,100,625,193,461,158
00001979.jpg,539,100,623,193,462,158
00001980.jpg,539,100,623,193,462,158
00001981.jpg,537,100,621,193,463,156
00001982.jpg,535,100,619,193,463,156
00001983.jpg,533,100,617,193,464,154
00001984.jpg,531,100,615,193,464,154
00001985.jpg,531,100,615,193,465,153
00001986.jpg,529,100,613,193,465,153
00001987.jpg,527,100,611,193,463,152
00001988.jpg,524,99,608,192,459,152
00001989.jpg,522,98,606,191,459,150
00001990.jpg,522,98,606,191,459,150
00001991.jpg,519,96,603,189,457,150
00001992.jpg,517,94,601,187,457,149
00001993.jpg,515,95,599,188,455,144
00001994.jpg,512,96,596,189,451,144
00001995.jpg,512,96,596,189,451,140
00001996.jpg,509,97,593,190,451,138
00001997.jpg,506,97,590,190,447,135
00001998.jpg,504,98,588,191,441,131
00001999.jpg,501,99,585,192,318,236
00002000.jpg,501,99,585,192,317,238
00002001.jpg,499,100,583,193,318,238
00002002.jpg,497,100,581,193,318,238
00002003.jpg,495,99,579,192,317,237
00002004.jpg,493,98,577,191,436,116
00002005.jpg,493,98,577,191,439,118
00002006.jpg,490,98,574,191,439,119
00002007.jpg,488,98,572,191,441,124
00002008.jpg,486,100,570,193,443,124
00002009.jpg,485,103,569,196,444,127
00002010.jpg,485,103,569,196,443,128
00002011.jpg,483,107,567,200,444,133
00002012.jpg,480,112,564,205,444,139
00002013.jpg,478,117,562,210,446,146
00002014.jpg,477,121,561,214,448,148
00002015.jpg,477,121,561,214,448,150
00002016.jpg,476,123,560,216,449,154
00002017.jpg,475,125,559,218,453,160
00002018.jpg,474,126,558,219,455,163
00002019.jpg,474,128,558,221,457,170
00002020.jpg,474,128,558,221,460,172
00002021.jpg,475,129,559,222,461,174
00002022.jpg,476,130,560,223,461,196
00002023.jpg,479,132,563,225,150,200
00002024.jpg,481,132,568,229,151,201
00002025.jpg,481,132,568,229,152,201
00002026.jpg,483,131,570,228,155,200
00002027.jpg,485,131,572,228,155,198
00002028.jpg,488,130,575,227,160,201
00002029.jpg,490,130,577,227,161,204
00002030.jpg,490,130,577,227,161,200
00002031.jpg,491,129,578,226,164,204
00002032.jpg,492,129,579,226,166,206
00002033.jpg,492,128,579,225,163,206
00002034.jpg,493,128,580,225,168,206
00002035.jpg,493,128,580,225,167,206
00002036.jpg,494,129,581,226,355,208
00002037.jpg,494,130,581,227,357,209
00002038.jpg,495,131,582,228,359,209
00002039.jpg,495,131,582,228,363,209
00002040.jpg,495,131,582,228,364,209
00002041.jpg,496,131,583,228,372,209
00002042.jpg,497,131,584,228,375,207
00002043.jpg,497,131,584,228,377,207
00002044.jpg,498,130,585,227,377,208
00002045.jpg,498,130,585,227,377,208
00002046.jpg,499,131,586,228,381,207
00002047.jpg,499,132,586,229,385,206
00002048.jpg,501,132,588,229,386,204
00002049.jpg,503,133,590,230,388,204
00002050.jpg,503,133,590,230,389,204
00002051.jpg,506,133,593,230,393,204
00002052.jpg,508,134,595,231,392,203
00002053.jpg,510,135,597,232,392,203
00002054.jpg,511,136,598,233,391,202
00002055.jpg,511,136,598,233,391,202
00002056.jpg,511,137,598,234,390,202
00002057.jpg,511,137,598,234,389,202
00002058.jpg,505,136,597,235,389,202
00002059.jpg,505,136,597,235,389,202
00002060.jpg,505,136,597,235,389,202
00002061.jpg,504,135,596,234,389,202
00002062.jpg,503,133,595,232,389,202
00002063.jpg,501,132,593,231,389,202
00002064.jpg,499,131,591,230,389,202
00002065.jpg,499,131,591,230,390,200
00002066.jpg,497,131,589,230,390,200
00002067.jpg,494,130,586,229,391,201
00002068.jpg,492,130,584,229,391,202
00002069.jpg,491,129,583,228,391,203
00002070.jpg,491,129,583,228,393,207
00002071.jpg,489,129,581,228,441,202
00002072.jpg,488,130,580,229,441,205
00002073.jpg,487,131,579,230,444,206
00002074.jpg,487,134,579,233,445,207
00002075.jpg,487,134,579,233,444,207
00002076.jpg,489,135,581,234,445,210
00002077.jpg,491,136,583,235,447,210
00002078.jpg,493,138,585,237,449,205
00002079.jpg,497,139,589,238,449,204
00002080.jpg,496,140,588,239,450,200
00002081.jpg,501,141,593,240,450,200
00002082.jpg,504,142,596,241,390,208
00002083.jpg,507,143,599,242,107,195
00002084.jpg,509,143,601,242,107,196
00002085.jpg,509,143,601,242,106,196
00002086.jpg,511,142,603,241,106,196
00002087.jpg,511,140,603,239,106,196
00002088.jpg,511,137,603,236,103,200
00002089.jpg,511,135,603,234,103,200
00002090.jpg,511,135,603,234,103,204
00002091.jpg,511,134,603,233,103,204
00002092.jpg,510,133,602,232,104,204
00002093.jpg,509,132,601,231,107,211
00002094.jpg,508,131,600,230,110,214
00002095.jpg,508,131,600,230,113,218
00002096.jpg,507,129,599,228,114,219
00002097.jpg,506,127,598,226,118,219
00002098.jpg,506,125,598,224,119,219
00002099.jpg,506,123,598,222,121,219
00002100.jpg,506,123,598,222,123,219
00002101.jpg,505,122,597,221,124,219
00002102.jpg,505,121,597,220,125,219
00002103.jpg,504,120,596,219,126,219
00002104.jpg,503,121,595,220,127,219
00002105.jpg,503,121,595,220,129,219
00002106.jpg,501,122,593,221,131,219
00002107.jpg,499,124,591,223,132,219
00002108.jpg,497,124,589,223,132,219
00002109.jpg,494,124,586,223,132,219
00002110.jpg,494,124,586,223,132,219
00002111.jpg,490,125,582,224,131,218
00002112.jpg,487,125,579,224,131,218
00002113.jpg,483,125,575,224,131,218
00002114.jpg,479,125,571,224,131,218
00002115.jpg,479,125,571,224,131,218
00002116.jpg,476,124,568,223,131,218
00002117.jpg,473,122,565,221,131,218
00002118.jpg,470,120,562,219,129,218
00002119.jpg,467,118,559,217,129,218
00002120.jpg,467,118,559,217,131,218
00002121.jpg,465,116,557,215,128,218
00002122.jpg,462,115,554,214,130,218
00002123.jpg,460,114,552,213,127,218
00002124.jpg,458,114,550,213,130,218
00002125.jpg,458,114,550,213,128,218
00002126.jpg,455,114,547,213,129,218
00002127.jpg,456,114,548,213,127,218
00002128.jpg,456,114,548,213,130,218
00002129.jpg,456,115,548,214,129,218
00002130.jpg,456,115,548,214,131,218
00002131.jpg,456,117,548,216,131,218
00002132.jpg,457,117,549,216,131,218
00002133.jpg,458,118,550,217,131,218
00002134.jpg,460,118,552,217,131,218
00002135.jpg,460,118,552,217,131,218
00002136.jpg,465,117,557,216,131,218
00002137.jpg,469,118,561,217,131,218
00002138.jpg,475,118,567,217,131,218
00002139.jpg,481,119,573,218,131,218
00002140.jpg,481,119,573,218,131,218
00002141.jpg,487,120,579,219,131,218
00002142.jpg,493,121,585,220,131,218
00002143.jpg,502,123,594,222,131,217
00002144.jpg,509,125,601,224,131,216
00002145.jpg,509,125,601,224,131,216
00002146.jpg,516,127,608,226,131,216
00002147.jpg,522,130,614,229,131,216
00002148.jpg,527,133,619,232,131,216
00002149.jpg,530,137,622,236,131,216
00002150.jpg,530,137,622,236,131,216
00002151.jpg,533,140,625,239,387,185
00002152.jpg,540,142,627,238,479,122
00002153.jpg,540,142,627,238,479,122
00002154.jpg,540,142,627,238,481,122
00002155.jpg,540,142,627,238,482,122
00002156.jpg,539,140,626,236,485,122
00002157.jpg,538,138,625,234,482,122
00002158.jpg,535,134,622,230,479,122
00002159.jpg,533,132,620,228,476,122
00002160.jpg,533,132,620,228,475,122
00002161.jpg,530,129,617,225,474,122
00002162.jpg,527,126,614,222,475,122
00002163.jpg,523,123,610,219,476,122
00002164.jpg,519,120,606,216,474,122
00002165.jpg,519,120,606,216,473,122
00002166.jpg,514,118,601,214,472,122
00002167.jpg,508,116,595,212,469,123
00002168.jpg,502,114,589,210,469,123
00002169.jpg,497,114,584,210,465,124
00002170.jpg,497,114,584,210,457,125
00002171.jpg,491,113,578,209,457,125
00002172.jpg,484,113,571,209,453,128
00002173.jpg,479,113,566,209,451,132
00002174.jpg,474,114,561,210,447,135
00002175.jpg,474,115,561,211,447,138
00002176.jpg,469,115,556,211,445,140
00002177.jpg,465,115,552,211,443,142
00002178.jpg,462,115,549,211,442,144
00002179.jpg,460,116,547,212,438,144
00002180.jpg,460,116,547,212,436,144
00002181.jpg,458,117,545,213,436,144
00002182.jpg,456,117,543,213,433,144
00002183.jpg,455,118,542,214,-1,-1
00002184.jpg,456,120,543,216,-1,-1
00002185.jpg,456,120,543,216,-1,-1
00002186.jpg,455,120,542,216,-1,-1
00002187.jpg,455,120,542,216,-1,-1
00002188.jpg,456,120,543,216,-1,-1
00002189.jpg,457,119,544,215,-1,-1
00002190.jpg,457,119,544,215,-1,-1
00002191.jpg,458,119,545,215,-1,-1
00002192.jpg,460,119,547,215,-1,-1
00002193.jpg,462,120,549,216,-1,-1
00002194.jpg,464,121,551,217,-1,-1
00002195.jpg,464,121,551,217,-1,-1
00002196.jpg,467,123,554,219,-1,-1
00002197.jpg,471,124,558,220,-1,-1
00002198.jpg,475,125,562,221,-1,-1
00002199.jpg,479,125,566,221,-1,-1
00002200.jpg,479,125,566,221,-1,-1
00002201.jpg,483,125,570,221,-1,-1
00002202.jpg,487,124,574,220,-1,-1
00002203.jpg,492,123,579,219,-1,-1
00002204.jpg,496,123,583,219,-1,-1
00002205.jpg,496,123,583,219,-1,-1
00002206.jpg,499,122,586,218,-1,-1
00002207.jpg,503,121,590,217,-1,-1
00002208.jpg,506,120,593,216,-1,-1
00002209.jpg,508,118,595,214,-1,-1
00002210.jpg,508,118,595,214,-1,-1
00002211.jpg,510,117,597,213,-1,-1
00002212.jpg,511,115,598,211,-1,-1
00002213.jpg,512,114,599,210,-1,-1
00002214.jpg,512,112,599,208,-1,-1
00002215.jpg,512,112,599,208,-1,-1
00002216.jpg,511,111,598,207,-1,-1
00002217.jpg,509,109,596,205,-1,-1
00002218.jpg,508,108,595,204,-1,-1
00002219.jpg,505,108,592,204,466,134
00002220.jpg,505,108,592,204,465,134
00002221.jpg,502,107,589,203,465,139
00002222.jpg,499,106,586,202,465,139
00002223.jpg,495,106,582,202,465,142
00002224.jpg,492,106,579,202,465,142
00002225.jpg,492,106,579,202,465,142
00002226.jpg,494,111,580,199,461,139
00002227.jpg,491,111,577,199,459,139
00002228.jpg,489,111,575,199,454,139
00002229.jpg,487,111,573,199,452,139
00002230.jpg,487,111,573,199,449,139
00002231.jpg,485,111,571,199,447,139
00002232.jpg,484,111,570,199,447,139
00002233.jpg,483,111,569,199,447,139
00002234.jpg,482,111,568,199,447,139
00002235.jpg,482,111,568,199,445,138
00002236.jpg,482,111,568,199,445,138
00002237.jpg,482,111,568,199,443,136
00002238.jpg,482,111,568,199,440,136
00002239.jpg,482,111,568,199,439,136
00002240.jpg,482,111,568,199,437,136
00002241.jpg,483,111,569,199,437,136
00002242.jpg,483,112,569,200,437,136
00002243.jpg,484,112,570,200,433,134
00002244.jpg,484,112,570,200,424,134
00002245.jpg,484,112,570,200,425,133
00002246.jpg,485,113,571,201,425,133
00002247.jpg,485,113,571,201,415,133
00002248.jpg,485,113,571,201,413,132
