00008511.jpg,381,50,464,142,-1,-1
00008512.jpg,381,50,464,142,-1,-1
00008513.jpg,381,50,464,142,-1,-1
00008514.jpg,381,50,464,142,-1,-1
00008515.jpg,383,50,466,142,-1,-1
00008516.jpg,383,50,466,142,-1,-1
00008517.jpg,385,49,468,141,-1,-1
00008518.jpg,387,49,470,141,-1,-1
00008519.jpg,389,49,472,141,-1,-1
00008520.jpg,391,48,474,140,-1,-1
00008521.jpg,394,48,477,140,-1,-1
00008522.jpg,394,48,477,140,-1,-1
00008523.jpg,396,46,487,151,-1,-1
00008524.jpg,396,46,487,151,-1,-1
00008525.jpg,397,48,488,153,-1,-1
00008526.jpg,397,48,488,153,-1,-1
00008527.jpg,398,50,489,155,-1,-1
00008528.jpg,400,52,491,157,-1,-1
00008529.jpg,402,54,493,159,-1,-1
00008530.jpg,404,55,495,160,-1,-1
00008531.jpg,408,59,498,165,-1,-1
00008532.jpg,408,59,498,165,-1,-1
00008533.jpg,410,60,500,166,-1,-1
00008534.jpg,412,61,502,167,-1,-1
00008535.jpg,412,61,502,167,-1,-1
00008536.jpg,412,62,502,168,-1,-1
00008537.jpg,412,62,502,168,-1,-1
00008538.jpg,412,62,502,168,-1,-1
00008539.jpg,412,62,502,168,-1,-1
00008540.jpg,412,63,502,169,-1,-1
00008541.jpg,412,64,502,170,-1,-1
00008542.jpg,412,64,502,170,-1,-1
00008543.jpg,413,64,503,170,-1,-1
00008544.jpg,414,65,504,171,-1,-1
00008545.jpg,415,66,505,172,-1,-1
00008546.jpg,416,66,506,172,-1,-1
00008547.jpg,416,66,506,172,-1,-1
00008548.jpg,415,65,505,171,-1,-1
00008549.jpg,415,65,505,171,-1,-1
00008550.jpg,416,64,506,170,-1,-1
00008551.jpg,417,63,507,169,-1,-1
00008552.jpg,417,63,507,169,-1,-1
00008553.jpg,418,62,508,168,-1,-1
00008554.jpg,419,61,509,167,-1,-1
00008555.jpg,420,60,510,166,-1,-1
00008556.jpg,421,59,511,165,-1,-1
00008557.jpg,421,59,511,165,-1,-1
00008558.jpg,421,59,511,165,-1,-1
00008559.jpg,421,59,511,165,-1,-1
00008560.jpg,421,59,511,165,-1,-1
00008561.jpg,421,59,511,165,-1,-1
00008562.jpg,421,59,511,165,-1,-1
00008563.jpg,421,59,511,165,-1,-1
00008564.jpg,421,59,511,165,-1,-1
00008565.jpg,422,59,512,165,-1,-1
00008566.jpg,423,59,513,165,-1,-1
00008567.jpg,424,59,514,165,-1,-1
00008568.jpg,424,59,514,165,-1,-1
00008569.jpg,426,59,516,165,-1,-1
00008570.jpg,424,60,513,163,-1,-1
00008571.jpg,424,60,513,163,-1,-1
00008572.jpg,424,60,513,163,104,153
00008573.jpg,424,60,513,163,104,153
00008574.jpg,424,60,513,163,104,152
00008575.jpg,424,59,513,162,172,53
00008576.jpg,424,59,513,162,171,53
00008577.jpg,426,59,515,162,171,54
00008578.jpg,426,59,515,162,172,56
00008579.jpg,428,59,517,162,173,60
00008580.jpg,430,59,519,162,175,63
00008581.jpg,434,60,523,163,176,65
00008582.jpg,437,59,526,162,178,66
00008583.jpg,437,59,526,162,177,65
00008584.jpg,440,59,529,162,177,65
00008585.jpg,443,59,532,162,177,62
00008586.jpg,445,60,534,163,176,58
00008587.jpg,445,60,534,163,176,58
00008588.jpg,445,60,534,163,177,58
00008589.jpg,445,61,534,164,178,58
00008590.jpg,446,61,535,164,178,60
00008591.jpg,446,61,535,164,178,60
00008592.jpg,446,61,535,164,178,60
00008593.jpg,446,61,535,164,178,60
00008594.jpg,446,62,535,165,178,60
00008595.jpg,446,62,535,165,116,152
00008596.jpg,445,62,534,165,116,152
00008597.jpg,445,62,534,165,-1,-1
00008598.jpg,445,62,534,165,-1,-1
00008599.jpg,444,62,533,165,-1,-1
00008600.jpg,444,62,533,165,-1,-1
00008601.jpg,443,62,532,165,-1,-1
00008602.jpg,443,62,532,165,-1,-1
