00004465.jpg,575,157,865,491,-1,-1
00004466.jpg,575,157,865,491,-1,-1
00004467.jpg,575,157,865,491,-1,-1
00004468.jpg,575,157,865,491,-1,-1
00004469.jpg,576,157,866,491,-1,-1
00004470.jpg,577,157,867,491,-1,-1
00004471.jpg,577,157,867,491,-1,-1
00004472.jpg,577,157,867,491,-1,-1
00004473.jpg,593,142,872,468,-1,-1
00004474.jpg,593,142,872,468,-1,-1
00004475.jpg,596,135,865,457,-1,-1
00004476.jpg,596,135,865,457,-1,-1
00004477.jpg,596,135,865,457,-1,-1
00004478.jpg,598,136,867,458,-1,-1
00004479.jpg,598,136,867,458,-1,-1
00004480.jpg,617,150,883,473,-1,-1
00004481.jpg,617,150,883,473,-1,-1
00004482.jpg,617,150,883,473,-1,-1
00004483.jpg,618,151,884,474,-1,-1
00004484.jpg,619,160,881,487,-1,-1
00004485.jpg,619,160,881,487,-1,-1
00004486.jpg,617,159,879,486,-1,-1
00004487.jpg,617,159,879,486,-1,-1
00004488.jpg,615,159,877,486,-1,-1
00004489.jpg,612,158,874,485,-1,-1
00004490.jpg,610,158,872,485,-1,-1
00004491.jpg,608,157,870,484,-1,-1
00004492.jpg,608,157,870,484,-1,-1
00004493.jpg,606,157,868,484,-1,-1
00004494.jpg,605,156,867,483,-1,-1
00004495.jpg,603,152,865,479,-1,-1
00004496.jpg,604,151,861,472,-1,-1
00004497.jpg,604,151,861,472,-1,-1
00004498.jpg,604,150,861,471,-1,-1
00004499.jpg,600,149,859,468,-1,-1
00004500.jpg,595,144,851,463,-1,-1
00004501.jpg,595,144,851,463,-1,-1
00004502.jpg,595,144,851,463,-1,-1
00004503.jpg,594,142,850,461,-1,-1
00004504.jpg,594,142,850,461,-1,-1
00004505.jpg,593,142,849,461,-1,-1
00004506.jpg,592,142,848,461,-1,-1
00004507.jpg,592,142,848,461,-1,-1
00004508.jpg,592,142,848,461,-1,-1
00004509.jpg,588,140,844,443,-1,-1
00004510.jpg,588,140,844,443,-1,-1
00004511.jpg,587,139,843,442,-1,-1
00004512.jpg,587,139,843,442,-1,-1
00004513.jpg,586,139,842,442,-1,-1
00004514.jpg,585,139,841,442,-1,-1
00004515.jpg,584,139,840,442,-1,-1
00004516.jpg,583,139,839,442,-1,-1
00004517.jpg,583,139,839,442,-1,-1
00004518.jpg,582,138,838,441,-1,-1
00004519.jpg,581,137,837,440,-1,-1
00004520.jpg,580,137,836,440,-1,-1
00004521.jpg,580,137,836,440,-1,-1
00004522.jpg,580,137,836,440,-1,-1
00004523.jpg,580,137,836,440,-1,-1
00004524.jpg,580,138,836,441,-1,-1
00004525.jpg,581,138,837,441,-1,-1
00004526.jpg,581,138,837,441,-1,-1
00004527.jpg,581,139,837,442,-1,-1
00004528.jpg,581,139,837,442,-1,-1
00004529.jpg,580,139,836,442,-1,-1
00004530.jpg,580,139,836,442,-1,-1
00004531.jpg,580,139,836,442,-1,-1
00004532.jpg,580,139,836,442,-1,-1
00004533.jpg,579,139,835,442,-1,-1
00004534.jpg,579,139,835,442,-1,-1
00004535.jpg,579,139,835,442,-1,-1
00004536.jpg,578,139,834,442,-1,-1
00004537.jpg,578,139,834,442,-1,-1
00004538.jpg,577,138,833,441,-1,-1
00004539.jpg,576,138,832,441,-1,-1
00004540.jpg,577,138,833,441,-1,-1
00004541.jpg,578,139,834,442,1692,425
00004542.jpg,578,139,834,442,1692,425
00004543.jpg,579,140,835,443,1692,425
00004544.jpg,579,140,835,443,1385,186
00004545.jpg,578,139,834,442,1382,185
00004546.jpg,576,138,832,441,1381,185
00004547.jpg,576,138,832,441,1380,186
00004548.jpg,575,137,831,440,1380,186
00004549.jpg,574,137,830,440,1380,186
00004550.jpg,574,136,830,439,1380,186
00004551.jpg,574,136,830,439,1380,186
00004552.jpg,574,136,830,439,1380,186
00004553.jpg,573,133,829,436,1380,186
00004554.jpg,572,133,828,436,1380,186
00004555.jpg,572,133,828,436,1380,186
00004556.jpg,572,133,828,436,1380,186
00004557.jpg,574,136,830,439,1378,186
00004558.jpg,574,136,830,439,1378,186
00004559.jpg,573,136,829,439,1378,186
00004560.jpg,573,135,829,438,1378,186
00004561.jpg,573,135,829,438,1376,186
00004562.jpg,572,134,828,437,1376,186
00004563.jpg,571,133,827,436,1374,186
00004564.jpg,569,132,825,435,1373,186
00004565.jpg,568,131,824,434,1372,186
00004566.jpg,567,131,823,434,1372,186
00004567.jpg,567,131,823,434,1370,186
00004568.jpg,567,131,823,434,1370,186
00004569.jpg,567,132,823,435,1370,186
00004570.jpg,566,132,822,435,1368,186
00004571.jpg,566,132,822,435,1368,186
00004572.jpg,565,132,821,435,1368,186
00004573.jpg,565,132,821,435,1368,186
00004574.jpg,565,133,821,436,1368,186
00004575.jpg,565,133,821,436,1368,186
00004576.jpg,565,133,821,436,1449,440
00004577.jpg,564,133,820,436,1698,877
00004578.jpg,564,133,820,436,-1,-1
00004579.jpg,563,132,819,435,-1,-1
00004580.jpg,563,131,819,434,-1,-1
00004581.jpg,563,131,819,434,-1,-1
00004582.jpg,563,132,819,435,-1,-1
00004583.jpg,564,132,820,435,-1,-1
00004584.jpg,565,132,821,435,-1,-1
00004585.jpg,566,131,822,434,-1,-1
00004586.jpg,566,131,822,434,-1,-1
