00007582.jpg,922,20,1148,290,-1,-1
00007583.jpg,922,20,1148,290,-1,-1
00007584.jpg,922,20,1148,290,-1,-1
00007585.jpg,922,20,1148,290,-1,-1
00007586.jpg,922,20,1148,290,-1,-1
00007587.jpg,920,19,1146,289,-1,-1
00007588.jpg,918,19,1144,289,-1,-1
00007589.jpg,918,20,1144,290,-1,-1
00007590.jpg,917,18,1143,288,-1,-1
00007591.jpg,917,18,1143,288,-1,-1
00007592.jpg,914,15,1140,285,-1,-1
00007593.jpg,909,13,1135,283,-1,-1
00007594.jpg,902,12,1128,282,-1,-1
00007595.jpg,895,12,1121,282,-1,-1
00007596.jpg,895,12,1121,282,-1,-1
00007597.jpg,890,11,1116,281,-1,-1
00007598.jpg,891,10,1117,280,-1,-1
00007599.jpg,903,20,1147,284,-1,-1
00007600.jpg,903,20,1147,284,-1,-1
00007601.jpg,903,20,1147,284,-1,-1
00007602.jpg,904,18,1148,282,-1,-1
00007603.jpg,904,18,1148,282,-1,-1
00007604.jpg,904,18,1148,282,-1,-1
00007605.jpg,905,18,1149,282,-1,-1
00007606.jpg,905,18,1149,282,-1,-1
00007607.jpg,904,18,1148,282,-1,-1
00007608.jpg,902,19,1146,283,-1,-1
00007609.jpg,900,20,1144,284,-1,-1
00007610.jpg,898,21,1142,285,-1,-1
00007611.jpg,898,21,1142,285,-1,-1
00007612.jpg,898,21,1142,285,-1,-1
00007613.jpg,898,20,1142,284,-1,-1
00007614.jpg,899,19,1143,283,-1,-1
00007615.jpg,898,18,1142,282,-1,-1
00007616.jpg,898,18,1142,282,-1,-1
00007617.jpg,897,17,1141,281,-1,-1
00007618.jpg,897,15,1141,279,-1,-1
00007619.jpg,897,13,1141,277,-1,-1
00007620.jpg,898,10,1142,274,-1,-1
00007621.jpg,898,10,1142,274,-1,-1
00007622.jpg,898,10,1142,274,-1,-1
00007623.jpg,900,8,1144,272,-1,-1
00007624.jpg,901,8,1145,272,-1,-1
00007625.jpg,902,10,1146,274,-1,-1
00007626.jpg,902,10,1146,274,-1,-1
00007627.jpg,902,13,1146,277,-1,-1
00007628.jpg,901,17,1145,281,-1,-1
00007629.jpg,901,20,1145,284,-1,-1
00007630.jpg,901,23,1145,287,-1,-1
00007631.jpg,901,23,1145,287,-1,-1
00007632.jpg,901,25,1145,289,552,278
00007633.jpg,901,27,1145,291,553,278
00007634.jpg,901,29,1145,293,553,278
00007635.jpg,900,30,1144,294,556,281
00007636.jpg,900,30,1144,294,556,281
00007637.jpg,899,32,1143,296,557,281
00007638.jpg,897,32,1141,296,556,285
00007639.jpg,895,32,1139,296,556,285
00007640.jpg,895,32,1139,296,554,285
00007641.jpg,895,32,1139,296,550,288
00007642.jpg,894,33,1138,297,550,290
00007643.jpg,894,33,1138,297,550,293
00007644.jpg,893,33,1137,297,550,293
00007645.jpg,891,32,1135,296,550,293
00007646.jpg,891,32,1135,296,550,293
00007647.jpg,889,30,1133,294,550,290
00007648.jpg,889,31,1133,295,550,288
00007649.jpg,889,30,1133,294,550,288
00007650.jpg,889,29,1133,293,540,290
00007651.jpg,889,29,1133,293,540,290
00007652.jpg,897,21,1141,285,540,290
00007653.jpg,898,21,1142,285,533,296
00007654.jpg,899,20,1143,284,526,297
00007655.jpg,901,19,1145,283,521,297
00007656.jpg,901,19,1145,283,521,297
00007657.jpg,903,18,1147,282,520,296
00007658.jpg,905,17,1149,281,517,294
00007659.jpg,907,16,1151,280,517,294
00007660.jpg,909,15,1153,279,512,292
00007661.jpg,909,15,1153,279,506,296
00007662.jpg,912,13,1156,277,509,296
00007663.jpg,913,11,1157,275,513,293
00007664.jpg,915,7,1159,271,522,288
00007665.jpg,916,3,1160,267,536,276
00007666.jpg,909,0,1167,272,545,261
00007667.jpg,908,0,1170,274,-1,-1
00007668.jpg,906,0,1169,276,-1,-1
00007669.jpg,902,0,1170,279,-1,-1
00007670.jpg,900,0,1169,276,-1,-1
00007671.jpg,901,0,1168,276,-1,-1
00007672.jpg,898,0,1168,276,-1,-1
00007673.jpg,899,0,1166,272,-1,-1
00007674.jpg,897,0,1168,274,-1,-1
00007675.jpg,899,4,1143,268,-1,-1
00007676.jpg,899,4,1143,268,-1,-1
00007677.jpg,896,6,1140,270,-1,-1
00007678.jpg,893,8,1137,272,-1,-1
00007679.jpg,890,10,1134,274,-1,-1
00007680.jpg,885,13,1129,277,502,248
00007681.jpg,885,13,1129,277,502,248
00007682.jpg,879,15,1123,279,501,242
00007683.jpg,876,18,1120,282,506,240
00007684.jpg,873,20,1117,284,513,237
00007685.jpg,871,23,1115,287,520,237
00007686.jpg,871,23,1115,287,522,237
00007687.jpg,867,27,1111,291,524,237
00007688.jpg,864,31,1108,295,525,237
00007689.jpg,862,34,1106,298,518,237
00007690.jpg,861,36,1105,300,513,237
00007691.jpg,861,36,1105,300,506,237
00007692.jpg,861,38,1105,302,505,237
00007693.jpg,861,39,1105,303,505,237
00007694.jpg,860,39,1104,303,504,237
00007695.jpg,860,39,1104,303,502,238
00007696.jpg,860,39,1104,303,508,240
00007697.jpg,860,39,1104,303,509,240
00007698.jpg,861,38,1105,302,512,238
00007699.jpg,864,36,1108,300,504,237
00007700.jpg,866,35,1110,299,500,237
00007701.jpg,866,35,1110,299,494,237
00007702.jpg,868,34,1112,298,493,237
00007703.jpg,869,34,1113,298,556,329
00007704.jpg,870,32,1114,296,-1,-1
00007705.jpg,872,30,1116,294,-1,-1
00007706.jpg,872,30,1116,294,-1,-1
00007707.jpg,873,31,1117,295,-1,-1
00007708.jpg,873,32,1117,296,-1,-1
00007709.jpg,873,33,1117,297,-1,-1
00007710.jpg,871,35,1115,299,-1,-1
00007711.jpg,871,35,1115,299,-1,-1
00007712.jpg,868,38,1112,302,-1,-1
00007713.jpg,866,39,1110,303,-1,-1
00007714.jpg,864,39,1108,303,-1,-1
00007715.jpg,865,38,1109,302,-1,-1
00007716.jpg,865,38,1109,302,-1,-1
00007717.jpg,866,37,1110,301,-1,-1
00007718.jpg,870,35,1114,299,-1,-1
00007719.jpg,876,33,1120,297,-1,-1
00007720.jpg,884,28,1128,292,-1,-1
00007721.jpg,884,28,1128,292,-1,-1
00007722.jpg,891,25,1135,289,-1,-1
00007723.jpg,900,17,1144,281,-1,-1
00007724.jpg,907,12,1151,276,-1,-1
00007725.jpg,914,8,1158,272,-1,-1
00007726.jpg,914,8,1158,272,-1,-1
00007727.jpg,923,4,1167,268,-1,-1
00007728.jpg,932,2,1176,266,-1,-1
00007729.jpg,938,0,1182,264,-1,-1
00007730.jpg,945,0,1189,264,-1,-1
00007731.jpg,945,0,1189,264,-1,-1
00007732.jpg,952,0,1196,264,-1,-1
00007733.jpg,952,0,1196,264,-1,-1
