00002217.jpg,649,250,921,532,491,576
00002218.jpg,649,250,921,532,491,578
00002219.jpg,649,250,921,532,491,577
00002220.jpg,649,250,921,532,491,576
00002221.jpg,650,250,922,532,489,574
00002222.jpg,650,250,922,532,489,574
00002223.jpg,651,251,923,533,484,573
00002224.jpg,651,251,923,533,483,569
00002225.jpg,651,252,923,534,480,567
00002226.jpg,652,252,924,534,479,565
00002227.jpg,653,253,925,535,477,565
00002228.jpg,653,254,925,536,477,562
00002229.jpg,654,255,926,537,475,561
00002230.jpg,654,256,926,538,475,561
00002231.jpg,654,258,926,540,475,561
00002232.jpg,655,259,927,541,475,561
00002233.jpg,655,260,927,542,477,554
00002234.jpg,656,261,928,543,480,549
00002235.jpg,656,263,928,545,481,548
00002236.jpg,656,264,928,546,481,548
00002237.jpg,657,265,929,547,482,544
00002238.jpg,657,266,929,548,483,541
00002239.jpg,657,268,929,550,480,541
00002240.jpg,658,269,930,551,479,541
00002241.jpg,658,270,930,552,479,541
00002242.jpg,659,271,931,553,481,544
00002243.jpg,660,272,932,554,480,548
00002244.jpg,660,273,932,555,481,549
00002245.jpg,661,274,933,556,476,550
00002246.jpg,662,275,934,557,476,551
00002247.jpg,662,276,934,558,476,551
00002248.jpg,663,276,935,558,476,554
00002249.jpg,663,277,935,559,477,557
00002250.jpg,663,277,935,559,477,556
00002251.jpg,663,278,935,560,477,558
00002252.jpg,662,279,934,561,477,560
00002253.jpg,661,279,933,561,476,563
00002254.jpg,660,280,932,562,475,563
00002255.jpg,659,281,931,563,474,560
00002256.jpg,657,282,929,564,474,556
00002257.jpg,655,283,927,565,475,555
00002258.jpg,653,284,925,566,472,554
00002259.jpg,650,286,922,568,475,552
00002260.jpg,647,287,919,569,484,551
00002261.jpg,645,289,917,571,487,551
00002262.jpg,642,291,914,573,489,551
00002263.jpg,640,292,912,574,482,550
00002264.jpg,637,295,909,577,480,554
00002265.jpg,638,289,918,574,475,555
00002266.jpg,638,289,918,574,470,559
00002267.jpg,636,290,916,575,470,560
00002268.jpg,635,291,915,576,468,566
00002269.jpg,633,292,913,577,465,571
00002270.jpg,632,293,912,578,464,574
00002271.jpg,628,283,915,578,462,579
00002272.jpg,628,283,915,578,459,580
00002273.jpg,627,284,914,579,459,581
00002274.jpg,626,284,913,579,457,584
00002275.jpg,626,285,913,580,457,581
00002276.jpg,625,286,912,581,457,578
00002277.jpg,626,288,913,583,456,580
00002278.jpg,627,290,914,585,456,580
00002279.jpg,627,282,920,594,456,580
00002280.jpg,627,282,920,594,456,576
00002281.jpg,627,283,920,595,456,573
00002282.jpg,628,284,921,596,457,572
00002283.jpg,629,286,922,598,456,570
00002284.jpg,631,288,924,600,477,193
00002285.jpg,629,286,935,607,479,192
00002286.jpg,629,286,935,607,480,192
00002287.jpg,630,287,936,608,483,193
00002288.jpg,632,288,938,609,483,194
00002289.jpg,635,289,941,610,485,196
00002290.jpg,637,291,943,612,485,198
00002291.jpg,640,292,946,613,485,201
00002292.jpg,639,286,965,618,487,202
00002293.jpg,639,286,965,618,488,203
00002294.jpg,640,287,966,619,487,203
00002295.jpg,641,288,967,620,487,203
00002296.jpg,642,289,968,621,487,203
00002297.jpg,644,291,970,623,487,203
00002298.jpg,646,293,972,625,487,203
00002299.jpg,649,295,975,627,487,203
00002300.jpg,651,297,977,629,487,203
00002301.jpg,653,299,979,631,489,205
00002302.jpg,655,301,981,633,490,206
00002303.jpg,657,302,983,634,492,207
00002304.jpg,659,303,985,635,492,207
00002305.jpg,661,304,987,636,495,208
00002306.jpg,662,304,988,636,497,210
00002307.jpg,664,304,990,636,497,212
00002308.jpg,666,304,992,636,497,211
00002309.jpg,667,304,993,636,495,213
00002310.jpg,668,303,994,635,494,212
00002311.jpg,668,303,994,635,493,212
00002312.jpg,668,302,994,634,493,213
00002313.jpg,668,301,994,633,493,215
00002314.jpg,668,301,994,633,493,215
00002315.jpg,669,300,995,632,493,215
00002316.jpg,669,300,995,632,495,213
00002317.jpg,669,300,995,632,497,213
00002318.jpg,669,299,995,631,499,212
00002319.jpg,669,299,995,631,499,212
00002320.jpg,669,298,995,630,501,212
00002321.jpg,668,297,994,629,502,212
00002322.jpg,668,297,994,629,503,212
00002323.jpg,668,296,994,628,503,212
00002324.jpg,668,295,994,627,505,212
00002325.jpg,667,295,993,627,505,212
00002326.jpg,667,294,993,626,505,212
00002327.jpg,666,293,992,625,505,212
00002328.jpg,665,292,991,624,505,214
00002329.jpg,664,291,990,623,504,214
00002330.jpg,664,291,990,623,503,213
00002331.jpg,664,290,990,622,503,213
00002332.jpg,664,290,990,622,503,213
00002333.jpg,664,290,990,622,503,211
00002334.jpg,663,290,989,622,501,207
00002335.jpg,664,290,990,622,500,207
00002336.jpg,666,290,992,622,498,206
00002337.jpg,667,290,993,622,498,206
00002338.jpg,668,290,994,622,498,203
00002339.jpg,669,290,995,622,497,202
00002340.jpg,670,290,996,622,497,201
00002341.jpg,670,290,996,622,497,200
00002342.jpg,671,290,997,622,493,197
00002343.jpg,672,289,998,621,493,197
00002344.jpg,672,289,998,621,492,196
00002345.jpg,672,289,998,621,490,193
00002346.jpg,672,289,998,621,490,193
00002347.jpg,673,289,999,621,490,191
00002348.jpg,674,289,1000,621,489,191
00002349.jpg,676,290,1002,622,489,191
00002350.jpg,677,290,1003,622,484,190
00002351.jpg,679,291,1005,623,484,188
00002352.jpg,680,291,1006,623,483,186
00002353.jpg,681,292,1007,624,482,184
00002354.jpg,682,292,1008,624,482,184
00002355.jpg,683,292,1009,624,480,183
00002356.jpg,683,292,1009,624,477,182
00002357.jpg,684,292,1010,624,476,181
00002358.jpg,684,292,1010,624,474,181
00002359.jpg,685,292,1011,624,472,180
00002360.jpg,685,292,1011,624,470,180
00002361.jpg,685,291,1011,623,466,180
00002362.jpg,685,290,1011,622,466,180
00002363.jpg,685,290,1011,622,466,180
00002364.jpg,685,289,1011,621,465,180
00002365.jpg,685,288,1011,620,465,180
00002366.jpg,685,287,1011,619,466,180
00002367.jpg,686,286,1012,618,467,181
00002368.jpg,686,284,1012,616,467,179
00002369.jpg,686,283,1012,615,467,179
00002370.jpg,686,282,1012,614,467,173
00002371.jpg,685,281,1011,613,467,172
00002372.jpg,685,280,1011,612,470,167
00002373.jpg,685,279,1011,611,470,167
00002374.jpg,683,278,1009,610,468,165
00002375.jpg,682,277,1008,609,468,162
00002376.jpg,681,277,1007,609,468,160
00002377.jpg,680,276,1006,608,465,157
00002378.jpg,680,276,1006,608,463,151
00002379.jpg,679,275,1005,607,460,146
00002380.jpg,682,280,995,604,458,145
00002381.jpg,682,280,995,604,455,141
00002382.jpg,682,280,995,604,453,137
00002383.jpg,681,280,994,604,455,134
00002384.jpg,681,279,994,603,461,133
00002385.jpg,680,279,993,603,466,132
00002386.jpg,680,279,993,603,470,133
00002387.jpg,678,280,991,604,477,136
00002388.jpg,677,281,990,605,483,135
00002389.jpg,676,282,989,606,486,136
00002390.jpg,675,284,988,608,490,142
00002391.jpg,674,286,987,610,494,145
00002392.jpg,673,288,986,612,496,150
00002393.jpg,676,298,972,608,498,156
00002394.jpg,676,298,972,608,501,161
00002395.jpg,675,300,971,610,503,166
00002396.jpg,675,303,971,613,507,168
00002397.jpg,675,304,971,614,506,172
00002398.jpg,674,306,970,616,510,176
00002399.jpg,674,307,970,617,495,383
00002400.jpg,669,312,959,616,391,516
00002401.jpg,669,312,959,616,390,517
00002402.jpg,668,312,958,616,391,516
00002403.jpg,667,313,957,617,387,520
00002404.jpg,660,314,945,619,385,523
00002405.jpg,660,314,945,619,385,527
00002406.jpg,659,314,944,619,385,530
00002407.jpg,657,313,942,618,380,531
00002408.jpg,656,313,941,618,376,529
00002409.jpg,654,312,939,617,375,529
00002410.jpg,651,311,936,616,373,531
00002411.jpg,649,309,934,614,373,533
00002412.jpg,648,308,933,613,373,530
00002413.jpg,647,307,932,612,371,530
00002414.jpg,646,306,931,611,372,533
00002415.jpg,646,305,931,610,374,538
00002416.jpg,646,303,931,608,374,538
00002417.jpg,647,302,932,607,374,541
00002418.jpg,649,301,924,604,376,545
00002419.jpg,649,301,924,604,376,546
00002420.jpg,647,306,904,593,377,547
00002421.jpg,647,306,904,593,379,548
00002422.jpg,647,305,904,592,380,549
00002423.jpg,647,304,904,591,381,552
00002424.jpg,647,303,904,590,382,554
00002425.jpg,647,302,904,589,382,556
00002426.jpg,647,312,895,578,382,556
00002427.jpg,647,312,895,578,382,558
00002428.jpg,647,311,895,577,382,557
00002429.jpg,646,309,894,575,382,557
00002430.jpg,646,308,894,574,382,557
00002431.jpg,646,307,894,573,382,557
00002432.jpg,645,305,893,571,382,557
00002433.jpg,645,304,893,570,382,558
00002434.jpg,644,302,892,568,382,559
00002435.jpg,643,301,891,567,379,561
00002436.jpg,643,300,891,566,377,563
00002437.jpg,642,299,890,565,376,565
00002438.jpg,642,298,890,564,375,566
00002439.jpg,641,297,889,563,374,568
00002440.jpg,640,296,888,562,373,575
00002441.jpg,640,295,888,561,373,579
00002442.jpg,640,295,888,561,371,582
00002443.jpg,640,294,888,560,371,583
00002444.jpg,640,294,888,560,367,585
00002445.jpg,638,293,886,559,368,585
00002446.jpg,638,293,886,559,368,588
00002447.jpg,639,293,887,559,369,589
00002448.jpg,641,293,889,559,370,589
00002449.jpg,642,293,890,559,372,589
00002450.jpg,643,293,891,559,374,591
00002451.jpg,644,293,892,559,375,593
00002452.jpg,645,293,893,559,376,599
00002453.jpg,645,294,893,560,377,603
00002454.jpg,646,294,894,560,378,606
00002455.jpg,647,295,895,561,382,609
00002456.jpg,648,295,896,561,385,610
00002457.jpg,649,296,897,562,386,610
00002458.jpg,650,297,898,563,390,610
00002459.jpg,649,299,894,571,393,613
00002460.jpg,649,299,894,571,396,614
00002461.jpg,650,300,895,572,399,616
00002462.jpg,652,300,897,572,402,617
00002463.jpg,653,301,898,573,401,620
00002464.jpg,655,301,900,573,401,620
00002465.jpg,657,302,902,574,403,622
00002466.jpg,659,302,904,574,403,624
00002467.jpg,661,302,906,574,404,626
00002468.jpg,663,302,908,574,404,626
00002469.jpg,665,302,910,574,404,626
00002470.jpg,666,303,911,575,405,623
00002471.jpg,668,303,913,575,406,623
00002472.jpg,670,303,915,575,406,623
00002473.jpg,671,303,916,575,404,622
00002474.jpg,673,303,918,575,404,622
00002475.jpg,674,303,919,575,404,621
00002476.jpg,676,302,921,574,406,622
00002477.jpg,677,302,922,574,402,622
00002478.jpg,679,302,924,574,401,620
00002479.jpg,680,302,925,574,400,619
00002480.jpg,682,301,927,573,400,619
00002481.jpg,683,301,928,573,400,619
00002482.jpg,684,300,929,572,400,619
00002483.jpg,684,299,929,571,400,615
00002484.jpg,686,297,931,569,400,612
00002485.jpg,681,291,946,563,400,608
00002486.jpg,681,291,946,563,400,608
00002487.jpg,682,289,947,561,494,375
00002488.jpg,682,288,947,560,494,376
00002489.jpg,683,287,948,559,539,173
00002490.jpg,683,286,948,558,539,170
00002491.jpg,683,284,948,556,543,165
00002492.jpg,683,283,948,555,543,165
00002493.jpg,683,282,948,554,546,169
00002494.jpg,683,281,948,553,546,169
00002495.jpg,683,280,948,552,546,169
00002496.jpg,683,279,948,551,547,167
00002497.jpg,683,279,948,551,547,167
00002498.jpg,683,278,948,550,550,164
00002499.jpg,683,278,948,550,550,164
00002500.jpg,683,277,948,549,552,164
00002501.jpg,683,277,948,549,552,164
00002502.jpg,683,276,948,548,553,162
00002503.jpg,682,276,947,548,554,161
00002504.jpg,681,276,946,548,552,161
00002505.jpg,681,275,946,547,554,163
00002506.jpg,680,275,945,547,556,163
00002507.jpg,680,275,945,547,556,163
00002508.jpg,679,275,944,547,556,163
00002509.jpg,679,275,944,547,558,166
00002510.jpg,678,275,943,547,558,166
00002511.jpg,678,275,943,547,558,166
00002512.jpg,678,275,943,547,558,169
00002513.jpg,677,276,942,548,558,169
00002514.jpg,676,276,941,548,559,174
00002515.jpg,676,276,941,548,559,174
00002516.jpg,676,276,941,548,557,177
00002517.jpg,675,276,940,548,558,175
00002518.jpg,673,277,938,549,558,175
00002519.jpg,672,277,937,549,558,176
00002520.jpg,672,277,937,549,555,176
00002521.jpg,671,277,936,549,555,176
00002522.jpg,671,277,936,549,-1,-1
00002523.jpg,671,277,936,549,-1,-1
00002524.jpg,670,277,935,549,-1,-1
00002525.jpg,670,277,935,549,426,590
00002526.jpg,671,278,936,550,426,590
00002527.jpg,671,278,936,550,426,590
00002528.jpg,671,278,936,550,426,590
00002529.jpg,671,277,936,549,426,590
00002530.jpg,671,277,936,549,426,590
00002531.jpg,671,276,936,548,424,588
00002532.jpg,670,276,935,548,423,588
00002533.jpg,670,276,935,548,423,588
00002534.jpg,670,276,935,548,422,588
00002535.jpg,671,277,936,549,422,588
00002536.jpg,671,277,936,549,419,588
00002537.jpg,671,277,936,549,418,589
00002538.jpg,671,276,936,548,418,590
00002539.jpg,671,276,936,548,418,590
00002540.jpg,671,276,936,548,417,591
00002541.jpg,671,276,936,548,417,592
00002542.jpg,673,277,938,549,418,593
00002543.jpg,671,277,936,549,418,596
00002544.jpg,671,277,936,549,416,597
00002545.jpg,671,277,936,549,417,597
00002546.jpg,671,278,936,550,415,597
00002547.jpg,671,278,936,550,417,599
00002548.jpg,670,278,935,550,417,599
00002549.jpg,670,278,935,550,417,599
00002550.jpg,670,278,935,550,417,599
00002551.jpg,670,278,935,550,417,599
00002552.jpg,670,278,935,550,417,599
00002553.jpg,670,278,935,550,418,599
00002554.jpg,670,278,935,550,418,599
00002555.jpg,670,278,935,550,418,601
00002556.jpg,670,278,935,550,418,603
00002557.jpg,670,278,935,550,418,606
00002558.jpg,670,278,935,550,418,609
00002559.jpg,670,278,935,550,418,609
00002560.jpg,670,279,935,551,418,612
00002561.jpg,670,279,935,551,418,612
00002562.jpg,670,279,935,551,418,612
00002563.jpg,670,279,935,551,419,613
00002564.jpg,670,279,935,551,420,613
00002565.jpg,670,279,935,551,420,613
00002566.jpg,670,279,935,551,421,613
00002567.jpg,670,279,935,551,422,614
00002568.jpg,670,279,935,551,426,614
00002569.jpg,670,279,935,551,426,613
00002570.jpg,670,279,935,551,428,613
00002571.jpg,670,279,935,551,428,613
00002572.jpg,670,280,935,552,428,613
00002573.jpg,670,280,935,552,428,613
00002574.jpg,671,280,936,552,428,613
00002575.jpg,671,280,936,552,431,612
00002576.jpg,671,280,936,552,433,611
00002577.jpg,672,280,937,552,434,610
00002578.jpg,672,281,937,553,435,610
00002579.jpg,672,281,937,553,438,608
00002580.jpg,673,281,938,553,439,608
00002581.jpg,673,281,938,553,442,608
00002582.jpg,674,281,939,553,442,611
00002583.jpg,674,281,939,553,442,611
00002584.jpg,675,280,940,552,442,611
00002585.jpg,676,280,941,552,444,611
00002586.jpg,677,280,942,552,444,611
00002587.jpg,678,280,943,552,444,611
00002588.jpg,678,280,943,552,444,611
00002589.jpg,679,279,944,551,445,611
00002590.jpg,679,279,944,551,447,612
00002591.jpg,679,280,944,552,450,611
00002592.jpg,680,280,945,552,450,611
00002593.jpg,680,280,945,552,450,611
00002594.jpg,680,281,945,553,450,607
00002595.jpg,680,281,945,553,451,608
00002596.jpg,681,282,946,554,451,610
00002597.jpg,681,283,946,555,452,610
00002598.jpg,680,284,945,556,452,610
00002599.jpg,681,285,946,557,452,610
00002600.jpg,681,286,946,558,453,609
00002601.jpg,681,286,946,558,454,609
00002602.jpg,681,287,946,559,454,609
00002603.jpg,681,287,946,559,454,609
00002604.jpg,682,288,947,560,454,609
00002605.jpg,682,288,947,560,455,609
00002606.jpg,682,288,947,560,455,609
00002607.jpg,682,289,947,561,456,611
00002608.jpg,682,289,947,561,457,611
00002609.jpg,682,289,947,561,458,612
00002610.jpg,682,290,947,562,459,614
00002611.jpg,682,290,947,562,460,614
00002612.jpg,682,291,947,563,460,614
00002613.jpg,681,292,946,564,462,616
00002614.jpg,681,292,946,564,462,616
00002615.jpg,680,293,945,565,463,619
00002616.jpg,680,293,945,565,464,619
00002617.jpg,680,294,945,566,467,623
00002618.jpg,680,294,945,566,470,627
00002619.jpg,680,295,945,567,470,627
00002620.jpg,681,296,946,568,472,631
00002621.jpg,681,296,946,568,475,632
00002622.jpg,682,296,947,568,477,632
00002623.jpg,683,296,948,568,476,634
00002624.jpg,686,295,951,567,480,633
00002625.jpg,688,297,953,569,483,635
00002626.jpg,689,298,954,570,484,635
00002627.jpg,689,298,954,570,484,632
00002628.jpg,689,298,954,570,487,635
00002629.jpg,689,297,954,569,487,635
00002630.jpg,690,297,955,569,487,634
00002631.jpg,691,297,956,569,488,633
00002632.jpg,692,298,957,570,489,634
00002633.jpg,693,298,958,570,489,634
00002634.jpg,695,299,960,571,489,634
00002635.jpg,697,300,962,572,489,633
00002636.jpg,698,301,963,573,489,633
00002637.jpg,700,301,965,573,489,633
00002638.jpg,701,302,966,574,488,633
00002639.jpg,703,302,968,574,488,633
00002640.jpg,704,303,969,575,488,633
00002641.jpg,705,303,970,575,488,633
00002642.jpg,707,303,972,575,488,633
00002643.jpg,708,304,973,576,488,637
00002644.jpg,709,304,974,576,488,637
00002645.jpg,710,304,975,576,488,637
00002646.jpg,710,305,975,577,486,638
00002647.jpg,711,305,976,577,485,638
00002648.jpg,711,305,976,577,483,638
00002649.jpg,711,306,976,578,483,634
00002650.jpg,711,305,976,577,482,633
00002651.jpg,712,305,977,577,479,632
00002652.jpg,712,305,977,577,478,631
00002653.jpg,712,306,977,578,478,631
00002654.jpg,713,306,978,578,478,631
00002655.jpg,713,306,978,578,478,631
00002656.jpg,713,306,978,578,481,629
00002657.jpg,713,307,978,579,481,629
00002658.jpg,713,307,978,579,481,629
00002659.jpg,713,308,978,580,483,629
00002660.jpg,714,308,979,580,483,629
00002661.jpg,714,309,979,581,484,630
00002662.jpg,713,309,978,581,484,630
00002663.jpg,712,308,977,580,484,630
00002664.jpg,711,308,976,580,484,630
00002665.jpg,710,307,975,579,483,630
00002666.jpg,709,306,974,578,519,385
00002667.jpg,708,306,973,578,519,385
00002668.jpg,707,304,972,576,561,217
00002669.jpg,706,304,971,576,562,218
00002670.jpg,706,304,971,576,564,218
00002671.jpg,706,304,971,576,564,217
00002672.jpg,708,304,973,576,562,217
00002673.jpg,706,305,971,577,562,217
00002674.jpg,708,305,973,577,562,217
00002675.jpg,711,305,976,577,562,217
00002676.jpg,712,305,977,577,562,217
00002677.jpg,712,305,977,577,562,217
00002678.jpg,710,306,975,578,562,217
00002679.jpg,710,306,975,578,564,216
00002680.jpg,710,306,975,578,564,216
00002681.jpg,710,307,975,579,564,216
00002682.jpg,710,307,975,579,564,216
00002683.jpg,710,307,975,579,564,215
00002684.jpg,710,307,975,579,564,213
00002685.jpg,709,307,974,579,565,212
00002686.jpg,709,307,974,579,566,209
00002687.jpg,709,307,974,579,565,208
00002688.jpg,710,307,975,579,565,208
00002689.jpg,710,307,975,579,565,207
00002690.jpg,709,308,974,580,565,206
00002691.jpg,709,308,974,580,565,203
00002692.jpg,710,308,975,580,566,203
00002693.jpg,710,308,975,580,568,203
00002694.jpg,710,308,975,580,568,203
00002695.jpg,709,309,974,581,569,203
00002696.jpg,710,309,975,581,569,204
00002697.jpg,710,310,975,582,570,205
00002698.jpg,709,311,974,583,570,205
00002699.jpg,708,312,973,584,571,206
00002700.jpg,707,312,972,584,571,208
00002701.jpg,706,313,971,585,572,208
00002702.jpg,705,313,970,585,-1,-1
00002703.jpg,704,313,969,585,-1,-1
00002704.jpg,704,313,969,585,-1,-1
00002705.jpg,703,313,968,585,460,622
00002706.jpg,703,313,968,585,460,622
00002707.jpg,703,313,968,585,462,620
00002708.jpg,704,313,969,585,462,619
00002709.jpg,704,313,969,585,461,618
00002710.jpg,704,313,969,585,461,618
00002711.jpg,704,312,969,584,460,615
00002712.jpg,704,312,969,584,460,615
00002713.jpg,703,311,968,583,460,617
00002714.jpg,703,311,968,583,461,622
00002715.jpg,702,310,967,582,461,622
00002716.jpg,701,309,966,581,460,622
00002717.jpg,700,309,965,581,460,625
00002718.jpg,699,308,964,580,460,626
00002719.jpg,698,308,963,580,458,627
00002720.jpg,697,307,962,579,455,628
00002721.jpg,696,307,961,579,455,628
00002722.jpg,695,307,960,579,455,628
00002723.jpg,693,306,958,578,454,628
00002724.jpg,693,306,958,578,452,629
00002725.jpg,693,305,958,577,454,627
00002726.jpg,693,305,958,577,453,629
00002727.jpg,693,304,958,576,455,627
00002728.jpg,692,304,957,576,456,625
00002729.jpg,692,304,957,576,457,621
00002730.jpg,693,304,958,576,457,621
00002731.jpg,693,304,958,576,459,618
00002732.jpg,694,304,959,576,460,619
00002733.jpg,694,303,959,575,460,619
00002734.jpg,694,303,959,575,460,619
00002735.jpg,694,302,959,574,460,619
00002736.jpg,694,302,959,574,460,619
00002737.jpg,694,301,959,573,460,619
00002738.jpg,694,301,959,573,460,619
00002739.jpg,694,301,959,573,460,619
00002740.jpg,694,301,959,573,460,619
00002741.jpg,694,301,959,573,460,619
00002742.jpg,695,301,960,573,460,619
00002743.jpg,695,301,960,573,460,619
00002744.jpg,696,302,961,574,460,619
00002745.jpg,696,302,961,574,462,618
00002746.jpg,697,302,962,574,460,619
00002747.jpg,697,302,962,574,461,617
00002748.jpg,697,302,962,574,461,617
00002749.jpg,698,303,963,575,461,617
00002750.jpg,698,302,963,574,461,617
00002751.jpg,699,302,964,574,461,617
00002752.jpg,699,302,964,574,460,617
00002753.jpg,698,301,963,573,460,617
00002754.jpg,698,301,963,573,459,617
00002755.jpg,698,301,963,573,459,616
00002756.jpg,698,300,963,572,459,615
00002757.jpg,698,300,963,572,459,614
00002758.jpg,698,300,963,572,459,608
00002759.jpg,698,299,963,571,459,606
00002760.jpg,698,299,963,571,460,604
00002761.jpg,699,299,964,571,461,602
00002762.jpg,699,299,964,571,461,597
00002763.jpg,700,298,965,570,461,598
00002764.jpg,700,298,965,570,463,593
00002765.jpg,701,297,966,569,464,591
00002766.jpg,701,297,966,569,462,590
00002767.jpg,701,296,966,568,463,586
00002768.jpg,700,295,965,567,463,583
00002769.jpg,698,295,963,567,463,583
00002770.jpg,696,296,961,568,498,356
00002771.jpg,696,296,961,568,556,228
00002772.jpg,695,296,960,568,556,228
00002773.jpg,694,297,959,569,556,228
00002774.jpg,694,297,959,569,556,228
00002775.jpg,693,298,958,570,557,228
00002776.jpg,693,298,958,570,557,228
00002777.jpg,693,299,958,571,557,227
00002778.jpg,693,300,958,572,558,227
00002779.jpg,693,300,958,572,558,227
00002780.jpg,693,301,958,573,561,226
00002781.jpg,693,302,958,574,562,225
00002782.jpg,693,302,958,574,563,225
00002783.jpg,693,303,958,575,566,224
00002784.jpg,693,303,958,575,566,224
00002785.jpg,693,304,958,576,567,224
00002786.jpg,694,304,959,576,571,224
00002787.jpg,694,304,959,576,568,221
00002788.jpg,694,305,959,577,573,222
00002789.jpg,695,305,960,577,573,220
00002790.jpg,695,306,960,578,573,220
00002791.jpg,696,307,961,579,575,219
00002792.jpg,696,308,961,580,576,219
00002793.jpg,696,310,961,582,576,219
00002794.jpg,696,311,961,583,576,219
00002795.jpg,697,312,962,584,576,219
00002796.jpg,698,312,963,584,576,217
00002797.jpg,698,313,963,585,576,219
00002798.jpg,698,314,963,586,575,219
00002799.jpg,698,314,963,586,574,218
00002800.jpg,698,315,963,587,573,218
00002801.jpg,698,315,963,587,571,218
00002802.jpg,699,314,964,586,571,218
00002803.jpg,698,315,963,587,568,216
00002804.jpg,698,315,963,587,568,216
00002805.jpg,698,315,963,587,565,215
00002806.jpg,698,314,963,586,564,214
00002807.jpg,697,314,962,586,561,215
00002808.jpg,697,314,962,586,556,213
00002809.jpg,696,314,961,586,551,210
00002810.jpg,696,314,961,586,550,208
00002811.jpg,695,314,960,586,548,206
00002812.jpg,695,314,960,586,542,202
00002813.jpg,695,313,960,585,542,201
00002814.jpg,695,313,960,585,541,198
00002815.jpg,695,313,960,585,539,196
00002816.jpg,695,313,960,585,540,192
00002817.jpg,695,313,960,585,537,192
00002818.jpg,695,312,960,584,536,190
00002819.jpg,695,312,960,584,536,190
00002820.jpg,696,312,961,584,538,188
00002821.jpg,697,311,962,583,538,188
00002822.jpg,699,310,964,582,543,186
00002823.jpg,699,310,964,582,545,186
00002824.jpg,700,310,965,582,546,187
00002825.jpg,701,309,966,581,549,187
00002826.jpg,703,308,968,580,551,189
00002827.jpg,704,307,969,579,551,189
00002828.jpg,705,306,970,578,553,189
00002829.jpg,707,305,972,577,555,190
00002830.jpg,711,304,976,576,557,190
00002831.jpg,713,304,978,576,557,190
00002832.jpg,715,303,980,575,555,190
00002833.jpg,714,304,979,576,552,190
00002834.jpg,717,303,982,575,550,189
00002835.jpg,717,303,982,575,548,187
00002836.jpg,717,304,982,576,546,187
00002837.jpg,717,304,982,576,545,186
00002838.jpg,717,304,982,576,543,185
00002839.jpg,717,304,982,576,541,184
00002840.jpg,718,304,983,576,543,185
00002841.jpg,719,304,984,576,543,185
00002842.jpg,719,304,984,576,543,185
00002843.jpg,719,305,984,577,544,185
00002844.jpg,719,306,984,578,546,187
00002845.jpg,720,306,985,578,547,189
00002846.jpg,720,307,985,579,550,190
00002847.jpg,719,308,984,580,551,190
00002848.jpg,720,308,985,580,551,190
00002849.jpg,719,309,984,581,551,190
00002850.jpg,719,310,984,582,552,190
00002851.jpg,719,310,984,582,554,192
00002852.jpg,718,311,983,583,554,192
00002853.jpg,717,311,982,583,555,192
00002854.jpg,717,311,982,583,556,193
00002855.jpg,717,311,982,583,558,194
00002856.jpg,716,311,981,583,558,194
00002857.jpg,716,311,981,583,558,196
00002858.jpg,715,311,980,583,558,197
00002859.jpg,715,311,980,583,557,197
00002860.jpg,715,311,980,583,556,198
00002861.jpg,713,312,978,584,554,198
00002862.jpg,712,312,977,584,550,200
00002863.jpg,712,312,977,584,547,201
00002864.jpg,711,313,976,585,547,201
00002865.jpg,711,313,976,585,548,200
00002866.jpg,711,313,976,585,548,200
00002867.jpg,710,313,975,585,548,200
00002868.jpg,710,313,975,585,549,203
00002869.jpg,710,313,975,585,547,204
00002870.jpg,710,313,975,585,547,203
00002871.jpg,709,313,974,585,549,204
00002872.jpg,709,312,974,584,549,204
00002873.jpg,709,312,974,584,549,205
00002874.jpg,708,312,973,584,549,205
00002875.jpg,708,312,973,584,551,206
00002876.jpg,708,311,973,583,551,206
00002877.jpg,707,311,972,583,553,209
00002878.jpg,708,310,973,582,554,209
00002879.jpg,708,310,973,582,556,209
00002880.jpg,707,310,972,582,557,210
00002881.jpg,708,309,973,581,557,210
00002882.jpg,708,309,973,581,557,211
00002883.jpg,708,308,973,580,557,212
00002884.jpg,708,308,973,580,556,212
00002885.jpg,708,307,973,579,554,213
00002886.jpg,708,307,973,579,551,212
00002887.jpg,708,307,973,579,549,212
00002888.jpg,709,306,974,578,546,211
00002889.jpg,709,306,974,578,546,211
00002890.jpg,709,305,974,577,547,211
00002891.jpg,709,305,974,577,549,211
00002892.jpg,709,305,974,577,551,213
00002893.jpg,709,304,974,576,551,213
00002894.jpg,709,304,974,576,551,214
00002895.jpg,709,304,974,576,553,214
00002896.jpg,709,303,974,575,556,215
00002897.jpg,708,303,973,575,558,216
00002898.jpg,708,302,973,574,559,215
00002899.jpg,707,299,972,571,557,215
00002900.jpg,707,298,972,570,556,213
00002901.jpg,699,300,964,572,555,213
00002902.jpg,697,300,962,572,555,213
00002903.jpg,696,300,961,572,552,210
00002904.jpg,696,299,961,571,551,209
00002905.jpg,695,299,960,571,550,207
00002906.jpg,695,299,960,571,553,206
00002907.jpg,694,299,959,571,556,206
00002908.jpg,694,299,959,571,556,206
00002909.jpg,693,299,958,571,558,207
00002910.jpg,693,299,958,571,556,204
00002911.jpg,691,300,956,572,557,207
00002912.jpg,690,300,955,572,556,207
00002913.jpg,690,301,955,573,556,206
00002914.jpg,689,301,954,573,548,391
00002915.jpg,689,301,954,573,462,604
00002916.jpg,689,302,954,574,464,605
00002917.jpg,689,302,954,574,464,606
00002918.jpg,689,303,954,575,466,609
00002919.jpg,689,303,954,575,467,610
00002920.jpg,690,303,955,575,464,612
00002921.jpg,690,303,955,575,463,616
00002922.jpg,691,303,956,575,465,617
00002923.jpg,691,304,956,576,464,621
00002924.jpg,691,304,956,576,464,626
00002925.jpg,686,306,951,578,464,631
00002926.jpg,686,307,951,579,463,632
00002927.jpg,685,308,950,580,462,632
00002928.jpg,685,309,950,581,461,633
00002929.jpg,684,310,949,582,461,636
00002930.jpg,685,310,950,582,461,634
00002931.jpg,685,311,950,583,462,638
00002932.jpg,687,310,952,582,460,640
00002933.jpg,685,313,950,585,461,641
00002934.jpg,686,313,951,585,460,642
00002935.jpg,686,314,951,586,460,645
00002936.jpg,687,314,952,586,458,647
00002937.jpg,688,314,953,586,455,651
00002938.jpg,688,314,953,586,456,648
00002939.jpg,688,315,953,587,455,649
00002940.jpg,688,315,953,587,456,650
00002941.jpg,688,315,953,587,456,651
00002942.jpg,688,315,953,587,454,652
00002943.jpg,687,315,952,587,455,652
00002944.jpg,687,314,952,586,453,654
00002945.jpg,686,314,951,586,453,653
00002946.jpg,686,313,951,585,454,653
00002947.jpg,686,312,951,584,452,655
00002948.jpg,686,312,951,584,451,657
00002949.jpg,686,311,951,583,450,657
00002950.jpg,686,310,951,582,449,658
00002951.jpg,686,310,951,582,448,658
00002952.jpg,687,309,952,581,447,661
00002953.jpg,687,309,952,581,447,662
00002954.jpg,687,308,952,580,447,662
00002955.jpg,688,308,953,580,449,662
00002956.jpg,688,307,953,579,452,659
00002957.jpg,689,307,954,579,456,659
00002958.jpg,690,307,955,579,457,659
00002959.jpg,690,306,955,578,458,657
00002960.jpg,691,306,956,578,459,656
00002961.jpg,692,305,957,577,457,657
00002962.jpg,692,305,957,577,458,657
00002963.jpg,693,304,958,576,458,658
00002964.jpg,694,304,959,576,458,658
00002965.jpg,695,304,960,576,458,658
00002966.jpg,697,303,962,575,460,658
00002967.jpg,699,302,964,574,460,658
00002968.jpg,704,301,969,573,462,658
00002969.jpg,705,301,970,573,462,658
00002970.jpg,706,300,971,572,462,659
00002971.jpg,706,299,971,571,462,661
00002972.jpg,707,298,972,570,462,661
00002973.jpg,708,296,973,568,461,661
00002974.jpg,707,295,972,567,461,661
00002975.jpg,706,294,971,566,560,389
00002976.jpg,706,293,971,565,558,208
00002977.jpg,705,292,970,564,561,208
00002978.jpg,705,290,970,562,562,208
00002979.jpg,705,289,970,561,562,208
00002980.jpg,706,289,971,561,562,208
00002981.jpg,708,287,973,559,562,208
00002982.jpg,711,284,976,556,562,208
00002983.jpg,719,280,984,552,563,210
00002984.jpg,720,279,985,551,564,213
00002985.jpg,720,278,985,550,564,213
00002986.jpg,721,277,986,549,564,213
00002987.jpg,721,277,986,549,564,213
00002988.jpg,722,276,987,548,564,213
00002989.jpg,722,275,987,547,564,213
00002990.jpg,722,275,987,547,563,213
00002991.jpg,723,274,988,546,562,211
00002992.jpg,723,274,988,546,562,210
00002993.jpg,724,273,989,545,560,210
00002994.jpg,724,272,989,544,560,210
00002995.jpg,725,271,990,543,560,210
00002996.jpg,725,270,990,542,560,209
00002997.jpg,726,269,991,541,559,206
00002998.jpg,727,268,992,540,559,205
00002999.jpg,728,266,993,538,557,204
00003000.jpg,728,265,993,537,556,204
00003001.jpg,729,263,994,535,556,204
00003002.jpg,729,262,994,534,556,203
00003003.jpg,730,260,995,532,556,201
00003004.jpg,730,259,995,531,556,201
00003005.jpg,731,257,996,529,556,201
00003006.jpg,731,256,996,528,556,199
00003007.jpg,732,255,997,527,557,197
00003008.jpg,733,254,998,526,557,195
00003009.jpg,732,254,997,526,557,195
00003010.jpg,730,255,995,527,559,192
00003011.jpg,730,255,995,527,559,192
00003012.jpg,730,255,995,527,559,192
00003013.jpg,730,255,995,527,558,193
00003014.jpg,729,256,994,528,558,194
00003015.jpg,729,256,994,528,557,198
00003016.jpg,728,256,993,528,556,198
00003017.jpg,727,257,992,529,556,199
00003018.jpg,727,257,992,529,556,199
00003019.jpg,726,257,991,529,556,199
00003020.jpg,725,257,990,529,555,198
00003021.jpg,724,257,989,529,555,198
00003022.jpg,723,257,988,529,555,198
00003023.jpg,722,257,987,529,552,197
00003024.jpg,721,258,986,530,551,196
00003025.jpg,721,258,986,530,548,196
00003026.jpg,721,258,986,530,548,196
00003027.jpg,721,258,986,530,549,197
00003028.jpg,718,260,983,532,548,197
00003029.jpg,717,261,982,533,481,606
00003030.jpg,716,262,981,534,480,606
00003031.jpg,713,264,978,536,479,605
00003032.jpg,713,265,978,537,480,606
00003033.jpg,712,266,977,538,480,604
00003034.jpg,710,268,975,540,480,605
00003035.jpg,708,269,973,541,480,604
00003036.jpg,707,270,972,542,481,604
00003037.jpg,706,271,971,543,480,606
00003038.jpg,705,272,970,544,478,606
00003039.jpg,704,272,969,544,480,604
00003040.jpg,702,273,967,545,480,604
00003041.jpg,699,274,964,546,480,604
00003042.jpg,697,275,962,547,480,604
00003043.jpg,696,276,961,548,480,604
00003044.jpg,694,277,959,549,480,604
00003045.jpg,693,277,958,549,480,604
00003046.jpg,692,277,957,549,480,604
00003047.jpg,691,277,956,549,480,604
00003048.jpg,696,274,955,549,480,604
00003049.jpg,696,274,955,549,480,604
00003050.jpg,695,274,954,549,480,604
00003051.jpg,695,274,954,549,480,604
00003052.jpg,694,274,953,549,480,604
00003053.jpg,693,274,952,549,480,604
00003054.jpg,693,274,952,549,480,604
00003055.jpg,692,273,951,548,479,604
00003056.jpg,691,273,950,548,478,600
00003057.jpg,690,273,949,548,478,600
00003058.jpg,690,273,949,548,477,598
00003059.jpg,690,272,949,547,475,594
00003060.jpg,689,272,948,547,475,591
00003061.jpg,689,272,948,547,477,582
00003062.jpg,689,271,948,546,475,569
00003063.jpg,688,271,947,546,475,556
00003064.jpg,689,270,948,545,475,547
00003065.jpg,689,270,948,545,472,535
00003066.jpg,689,269,948,544,473,519
00003067.jpg,690,269,949,544,475,505
00003068.jpg,691,268,950,543,468,490
00003069.jpg,692,268,951,543,468,470
00003070.jpg,693,269,952,544,468,462
00003071.jpg,694,271,953,546,468,448
00003072.jpg,695,273,954,548,467,432
00003073.jpg,695,274,954,549,464,423
00003074.jpg,695,275,954,550,550,195
00003075.jpg,696,276,955,551,551,192
00003076.jpg,696,276,955,551,554,189
00003077.jpg,697,277,956,552,554,189
00003078.jpg,697,277,956,552,554,186
00003079.jpg,697,277,956,552,554,185
00003080.jpg,697,277,956,552,553,185
00003081.jpg,697,277,956,552,553,185
00003082.jpg,697,278,956,553,551,184
00003083.jpg,697,278,956,553,549,183
00003084.jpg,698,278,957,553,550,182
00003085.jpg,698,279,957,554,548,179
00003086.jpg,698,279,957,554,548,179
00003087.jpg,698,279,957,554,548,179
00003088.jpg,698,279,957,554,547,178
00003089.jpg,699,280,958,555,547,177
00003090.jpg,699,280,958,555,546,176
00003091.jpg,699,280,958,555,546,174
00003092.jpg,699,280,958,555,545,175
00003093.jpg,699,281,958,556,545,175
00003094.jpg,699,281,958,556,545,175
00003095.jpg,699,281,958,556,546,177
00003096.jpg,699,281,958,556,546,175
00003097.jpg,701,279,960,553,546,178
00003098.jpg,703,277,963,551,546,184
00003099.jpg,703,277,963,551,546,189
00003100.jpg,703,277,963,551,547,196
00003101.jpg,703,277,963,551,546,197
00003102.jpg,702,277,962,551,549,200
00003103.jpg,702,277,962,551,549,201
00003104.jpg,702,277,962,551,551,204
00003105.jpg,702,276,962,550,550,210
00003106.jpg,701,276,961,550,550,210
00003107.jpg,701,276,961,550,550,210
00003108.jpg,701,275,961,549,551,215
00003109.jpg,705,275,964,546,551,217
00003110.jpg,705,275,964,546,552,218
00003111.jpg,705,274,964,545,551,218
00003112.jpg,705,274,964,545,553,220
00003113.jpg,705,274,964,545,553,220
00003114.jpg,706,273,965,544,551,218
00003115.jpg,706,273,965,544,553,220
00003116.jpg,706,272,965,543,551,218
00003117.jpg,707,272,966,543,553,220
00003118.jpg,707,271,966,542,552,221
00003119.jpg,707,271,966,542,554,221
00003120.jpg,708,271,967,542,557,221
00003121.jpg,710,268,967,535,558,221
00003122.jpg,713,262,968,528,561,219
00003123.jpg,713,262,968,528,561,221
00003124.jpg,713,262,968,528,551,218
00003125.jpg,713,262,968,528,530,332
00003126.jpg,715,261,975,527,530,332
00003127.jpg,715,261,975,527,533,332
00003128.jpg,715,261,975,527,535,334
00003129.jpg,715,262,975,528,533,333
00003130.jpg,714,254,982,527,534,334
00003131.jpg,714,254,982,527,535,334
00003132.jpg,714,254,982,527,535,333
00003133.jpg,714,254,982,527,535,335
00003134.jpg,715,254,983,527,536,334
00003135.jpg,715,254,983,527,536,334
00003136.jpg,716,254,984,527,538,335
00003137.jpg,715,255,983,528,539,335
00003138.jpg,713,252,981,525,539,335
00003139.jpg,713,251,981,524,541,335
00003140.jpg,713,251,981,524,542,336
00003141.jpg,713,251,981,524,545,337
00003142.jpg,713,250,981,523,547,339
00003143.jpg,713,250,981,523,547,339
00003144.jpg,713,250,981,523,549,339
00003145.jpg,712,250,980,523,550,339
00003146.jpg,712,250,980,523,553,340
00003147.jpg,712,250,980,523,555,340
00003148.jpg,711,250,979,523,555,340
00003149.jpg,711,250,979,523,556,340
00003150.jpg,710,250,978,523,556,340
00003151.jpg,710,250,978,523,557,340
00003152.jpg,709,250,977,523,560,341
00003153.jpg,709,251,977,524,560,341
00003154.jpg,708,251,976,524,561,343
00003155.jpg,708,251,976,524,561,343
00003156.jpg,707,252,975,525,561,343
00003157.jpg,707,252,975,525,563,345
00003158.jpg,706,252,974,525,565,345
00003159.jpg,706,252,974,525,566,347
00003160.jpg,706,252,974,525,566,347
00003161.jpg,706,252,974,525,566,347
00003162.jpg,705,252,973,525,568,348
00003163.jpg,705,251,973,524,568,348
00003164.jpg,705,251,973,524,569,348
00003165.jpg,704,251,972,524,572,349
00003166.jpg,704,251,972,524,572,349
00003167.jpg,704,250,972,523,572,349
00003168.jpg,703,250,971,523,572,349
00003169.jpg,703,250,971,523,560,214
00003170.jpg,702,250,970,523,560,211
00003171.jpg,702,250,970,523,558,210
00003172.jpg,702,250,970,523,558,210
00003173.jpg,702,250,970,523,558,209
00003174.jpg,709,250,977,523,558,209
00003175.jpg,711,251,979,524,558,207
00003176.jpg,714,255,982,528,558,206
00003177.jpg,716,256,984,529,556,205
00003178.jpg,713,249,993,545,555,205
00003179.jpg,713,249,993,545,555,202
00003180.jpg,713,250,993,546,555,202
00003181.jpg,713,251,993,547,555,202
00003182.jpg,713,252,993,548,555,202
00003183.jpg,713,252,993,548,555,201
00003184.jpg,713,253,993,549,555,200
00003185.jpg,713,253,993,549,552,197
00003186.jpg,713,254,993,550,551,196
00003187.jpg,713,255,993,551,550,196
00003188.jpg,710,246,1011,553,547,196
00003189.jpg,710,246,1011,553,547,196
00003190.jpg,709,246,1010,553,544,196
00003191.jpg,709,247,1010,554,544,196
00003192.jpg,708,246,1009,553,544,196
00003193.jpg,708,247,1009,554,544,196
00003194.jpg,707,246,1008,553,544,196
00003195.jpg,706,247,1007,554,544,200
00003196.jpg,706,246,1007,553,544,201
00003197.jpg,706,246,1007,553,544,203
00003198.jpg,705,246,1006,553,542,204
00003199.jpg,705,246,1006,553,542,206
00003200.jpg,704,246,1005,553,543,207
00003201.jpg,704,246,1005,553,541,206
00003202.jpg,704,246,1005,553,541,206
00003203.jpg,703,245,1004,552,541,206
00003204.jpg,703,245,1004,552,540,206
00003205.jpg,702,245,1003,552,540,205
00003206.jpg,702,245,1003,552,540,205
00003207.jpg,701,245,1002,552,540,205
00003208.jpg,701,245,1002,552,538,206
00003209.jpg,700,245,1001,552,538,206
00003210.jpg,700,245,1001,552,538,205
00003211.jpg,700,245,1001,552,538,205
00003212.jpg,699,245,1000,552,538,205
00003213.jpg,699,245,1000,552,538,205
00003214.jpg,699,245,1000,552,538,204
00003215.jpg,699,245,1000,552,538,204
00003216.jpg,698,245,999,552,539,203
00003217.jpg,698,245,999,552,539,203
00003218.jpg,698,245,999,552,539,203
00003219.jpg,698,245,999,552,537,204
00003220.jpg,698,245,999,552,536,203
00003221.jpg,697,245,998,552,539,204
00003222.jpg,697,245,998,552,541,206
00003223.jpg,697,245,998,552,542,206
00003224.jpg,697,245,998,552,544,207
00003225.jpg,697,245,998,552,543,206
00003226.jpg,693,244,994,551,543,206
00003227.jpg,692,244,993,551,544,206
00003228.jpg,691,244,999,576,545,206
00003229.jpg,691,244,999,576,546,206
00003230.jpg,691,244,999,576,559,349
00003231.jpg,691,244,999,576,558,349
00003232.jpg,690,244,998,576,558,349
00003233.jpg,690,244,998,576,559,349
00003234.jpg,690,244,998,576,557,348
00003235.jpg,689,244,997,576,559,348
00003236.jpg,689,244,997,576,558,348
00003237.jpg,689,245,997,577,557,348
00003238.jpg,688,245,996,577,558,348
00003239.jpg,688,246,996,578,560,348
00003240.jpg,688,246,996,578,557,348
00003241.jpg,687,246,995,578,559,348
00003242.jpg,687,246,995,578,560,350
00003243.jpg,686,247,994,579,559,347
00003244.jpg,686,247,994,579,559,350
00003245.jpg,687,247,995,579,558,349
00003246.jpg,686,248,994,580,559,348
00003247.jpg,686,249,994,581,559,350
00003248.jpg,686,249,994,581,558,349
00003249.jpg,686,250,994,582,559,348
00003250.jpg,686,251,994,583,557,348
00003251.jpg,687,252,995,584,521,167
00003252.jpg,687,253,995,585,519,167
00003253.jpg,687,254,995,586,521,167
00003254.jpg,687,255,995,587,519,169
00003255.jpg,687,256,995,588,521,169
00003256.jpg,687,257,995,589,520,169
00003257.jpg,688,257,996,589,521,170
00003258.jpg,688,256,996,588,521,172
00003259.jpg,679,255,999,584,520,170
00003260.jpg,679,255,999,584,523,173
00003261.jpg,679,255,999,584,525,173
00003262.jpg,679,256,999,585,525,175
00003263.jpg,679,256,999,585,523,175
00003264.jpg,679,257,999,586,523,178
00003265.jpg,679,257,999,586,524,177
00003266.jpg,679,259,999,588,524,179
00003267.jpg,679,259,999,588,524,178
00003268.jpg,678,260,998,589,524,180
00003269.jpg,678,260,998,589,524,180
00003270.jpg,677,260,997,589,524,180
00003271.jpg,677,261,997,590,524,180
00003272.jpg,676,261,996,590,526,181
00003273.jpg,676,261,996,590,526,181
00003274.jpg,675,262,995,591,528,181
00003275.jpg,675,262,995,591,528,181
00003276.jpg,675,262,995,591,528,185
00003277.jpg,674,263,994,592,529,184
00003278.jpg,671,264,991,593,530,184
00003279.jpg,671,264,991,593,532,186
00003280.jpg,670,265,990,594,532,187
00003281.jpg,666,267,986,596,532,188
00003282.jpg,665,268,985,597,533,189
00003283.jpg,659,270,979,599,534,191
00003284.jpg,659,270,979,599,535,192
00003285.jpg,652,271,972,600,537,193
00003286.jpg,648,271,968,600,535,192
00003287.jpg,648,271,968,600,534,191
00003288.jpg,648,272,968,601,535,191
00003289.jpg,648,272,968,601,534,190
00003290.jpg,648,272,968,601,534,190
00003291.jpg,648,273,968,602,533,191
00003292.jpg,648,273,968,602,534,193
00003293.jpg,648,273,968,602,533,192
00003294.jpg,648,273,968,602,534,192
00003295.jpg,650,273,970,602,533,192
00003296.jpg,650,273,970,602,532,192
00003297.jpg,650,273,970,602,534,192
