00010376.jpg,720,98,926,315,-1,-1
00010377.jpg,720,98,926,315,-1,-1
00010378.jpg,720,98,926,315,-1,-1
00010379.jpg,720,98,926,315,-1,-1
00010380.jpg,721,97,927,314,-1,-1
00010381.jpg,721,97,927,314,-1,-1
00010382.jpg,721,96,927,313,-1,-1
00010383.jpg,722,96,928,313,-1,-1
00010384.jpg,722,95,928,312,-1,-1
00010385.jpg,723,95,929,312,-1,-1
00010386.jpg,723,95,929,312,-1,-1
00010387.jpg,723,95,929,312,-1,-1
00010388.jpg,724,95,930,312,-1,-1
00010389.jpg,724,94,930,311,-1,-1
00010390.jpg,725,94,931,311,-1,-1
00010391.jpg,725,94,931,311,-1,-1
00010392.jpg,726,94,932,311,-1,-1
00010393.jpg,726,94,932,311,-1,-1
00010394.jpg,727,94,933,311,-1,-1
00010395.jpg,728,94,934,311,-1,-1
00010396.jpg,728,94,934,311,-1,-1
00010397.jpg,729,94,935,311,-1,-1
00010398.jpg,730,93,936,310,-1,-1
00010399.jpg,730,93,936,310,-1,-1
00010400.jpg,731,93,937,310,-1,-1
00010401.jpg,731,93,937,310,-1,-1
00010402.jpg,732,93,938,310,-1,-1
00010403.jpg,733,93,939,310,-1,-1
00010404.jpg,734,93,940,310,-1,-1
00010405.jpg,735,93,941,310,-1,-1
00010406.jpg,735,93,941,310,-1,-1
00010407.jpg,735,93,941,310,-1,-1
00010408.jpg,736,93,942,310,-1,-1
00010409.jpg,736,93,942,310,-1,-1
00010410.jpg,737,94,943,311,-1,-1
00010411.jpg,737,94,943,311,-1,-1
00010412.jpg,737,94,943,311,-1,-1
00010413.jpg,737,94,943,311,-1,-1
00010414.jpg,738,94,944,311,-1,-1
00010415.jpg,738,94,944,311,-1,-1
00010416.jpg,738,94,944,311,-1,-1
00010417.jpg,738,95,944,312,-1,-1
00010418.jpg,738,95,944,312,-1,-1
00010419.jpg,738,95,944,312,-1,-1
00010420.jpg,737,95,943,312,-1,-1
00010421.jpg,737,95,943,312,-1,-1
00010422.jpg,737,96,943,313,-1,-1
00010423.jpg,736,96,942,313,-1,-1
00010424.jpg,735,96,941,313,-1,-1
00010425.jpg,735,97,941,314,-1,-1
00010426.jpg,735,97,941,314,-1,-1
00010427.jpg,734,97,940,314,-1,-1
00010428.jpg,733,97,939,314,-1,-1
00010429.jpg,733,97,939,314,-1,-1
00010430.jpg,732,98,938,315,-1,-1
00010431.jpg,732,98,938,315,-1,-1
00010432.jpg,732,98,938,315,-1,-1
00010433.jpg,731,99,937,316,-1,-1
00010434.jpg,731,99,937,316,-1,-1
00010435.jpg,730,99,936,316,-1,-1
00010436.jpg,730,99,936,316,-1,-1
00010437.jpg,729,99,935,316,-1,-1
00010438.jpg,728,100,934,317,-1,-1
00010439.jpg,728,100,934,317,-1,-1
00010440.jpg,727,101,933,318,-1,-1
00010441.jpg,727,101,933,318,-1,-1
00010442.jpg,726,101,932,318,-1,-1
00010443.jpg,726,101,932,318,-1,-1
00010444.jpg,725,102,931,319,-1,-1
00010445.jpg,724,102,930,319,-1,-1
00010446.jpg,724,102,930,319,-1,-1
00010447.jpg,724,103,930,320,-1,-1
00010448.jpg,723,103,929,320,-1,-1
00010449.jpg,722,104,928,321,-1,-1
00010450.jpg,735,100,931,313,-1,-1
00010451.jpg,735,100,931,313,-1,-1
00010452.jpg,733,100,929,313,-1,-1
00010453.jpg,731,101,927,314,-1,-1
00010454.jpg,730,101,926,314,-1,-1
00010455.jpg,728,102,924,315,-1,-1
00010456.jpg,728,102,924,315,-1,-1
00010457.jpg,727,102,923,315,-1,-1
00010458.jpg,726,102,922,315,-1,-1
00010459.jpg,724,103,920,316,-1,-1
00010460.jpg,723,103,919,316,-1,-1
00010461.jpg,723,103,919,316,-1,-1
00010462.jpg,722,103,918,316,-1,-1
00010463.jpg,721,103,917,316,-1,-1
00010464.jpg,720,104,916,317,-1,-1
00010465.jpg,719,104,915,317,-1,-1
00010466.jpg,719,104,915,317,-1,-1
00010467.jpg,718,104,914,317,-1,-1
00010468.jpg,717,104,913,317,-1,-1
00010469.jpg,717,104,913,317,-1,-1
00010470.jpg,716,105,912,318,-1,-1
00010471.jpg,716,105,912,318,-1,-1
00010472.jpg,716,105,912,318,-1,-1
00010473.jpg,716,105,912,318,-1,-1
00010474.jpg,715,105,911,318,-1,-1
00010475.jpg,715,105,911,318,-1,-1
00010476.jpg,715,105,911,318,-1,-1
00010477.jpg,715,105,911,318,-1,-1
00010478.jpg,714,105,910,318,-1,-1
00010479.jpg,714,105,910,318,-1,-1
00010480.jpg,714,105,910,318,-1,-1
00010481.jpg,714,105,910,318,-1,-1
00010482.jpg,714,105,910,318,-1,-1
00010483.jpg,714,105,910,318,-1,-1
00010484.jpg,714,104,910,317,-1,-1
00010485.jpg,714,104,910,317,-1,-1
00010486.jpg,714,104,910,317,-1,-1
00010487.jpg,715,104,911,317,-1,-1
00010488.jpg,715,104,911,317,-1,-1
00010489.jpg,715,104,911,317,-1,-1
00010490.jpg,715,104,911,317,-1,-1
