00002171.jpg,910,84,1102,281,-1,-1
00002172.jpg,910,84,1102,281,-1,-1
00002173.jpg,910,84,1102,281,-1,-1
00002174.jpg,910,84,1102,281,-1,-1
00002175.jpg,910,84,1102,281,-1,-1
00002176.jpg,910,84,1102,281,-1,-1
00002177.jpg,910,83,1102,280,-1,-1
00002178.jpg,911,83,1103,280,-1,-1
00002179.jpg,912,84,1104,281,-1,-1
00002180.jpg,913,85,1105,282,-1,-1
00002181.jpg,913,86,1105,283,-1,-1
00002182.jpg,913,86,1105,283,-1,-1
00002183.jpg,914,87,1106,284,-1,-1
00002184.jpg,914,86,1106,283,-1,-1
00002185.jpg,914,86,1106,283,-1,-1
00002186.jpg,914,86,1106,283,-1,-1
00002187.jpg,913,84,1105,281,-1,-1
00002188.jpg,913,83,1105,280,-1,-1
00002189.jpg,913,83,1105,280,-1,-1
00002190.jpg,913,83,1105,280,-1,-1
00002191.jpg,913,83,1105,280,-1,-1
00002192.jpg,913,84,1105,281,-1,-1
00002193.jpg,914,86,1106,283,-1,-1
00002194.jpg,914,88,1106,285,-1,-1
00002195.jpg,914,89,1106,286,-1,-1
00002196.jpg,914,89,1106,286,-1,-1
00002197.jpg,914,89,1106,286,-1,-1
00002198.jpg,914,88,1106,285,-1,-1
00002199.jpg,913,87,1105,284,-1,-1
00002200.jpg,913,86,1105,283,-1,-1
00002201.jpg,913,86,1105,283,-1,-1
00002202.jpg,913,86,1105,283,-1,-1
00002203.jpg,913,86,1105,283,-1,-1
00002204.jpg,914,87,1106,284,-1,-1
00002205.jpg,914,87,1106,284,-1,-1
00002206.jpg,914,87,1106,284,-1,-1
00002207.jpg,914,87,1106,284,-1,-1
00002208.jpg,914,87,1106,284,-1,-1
00002209.jpg,914,87,1106,284,-1,-1
00002210.jpg,913,86,1105,283,-1,-1
00002211.jpg,913,86,1105,283,-1,-1
00002212.jpg,912,85,1104,282,-1,-1
00002213.jpg,912,84,1104,281,-1,-1
00002214.jpg,912,82,1104,279,-1,-1
00002215.jpg,912,82,1104,279,-1,-1
00002216.jpg,912,82,1104,279,-1,-1
00002217.jpg,912,82,1104,279,-1,-1
00002218.jpg,912,82,1104,279,-1,-1
