00015584.jpg,1013,139,1398,547,45,234
00015585.jpg,1013,138,1398,549,55,236
00015586.jpg,1013,138,1399,549,55,241
00015587.jpg,1014,141,1398,546,57,236
00015588.jpg,1012,140,1397,545,57,236
00015589.jpg,1010,136,1399,548,-1,-1
00015590.jpg,1010,137,1397,546,-1,-1
00015591.jpg,1009,137,1399,547,-1,-1
00015592.jpg,1012,138,1396,548,-1,-1
00015593.jpg,1013,140,1394,548,-1,-1
00015594.jpg,1014,141,1392,548,73,250
00015595.jpg,1013,141,1394,548,73,250
00015596.jpg,1013,141,1394,548,75,252
00015597.jpg,1012,140,1396,550,75,252
00015598.jpg,1010,138,1398,551,78,253
00015599.jpg,1010,138,1398,551,83,254
00015600.jpg,1012,139,1397,550,83,254
00015601.jpg,1012,139,1397,549,83,254
00015602.jpg,1013,139,1397,550,82,256
00015603.jpg,1014,138,1397,550,77,256
00015604.jpg,1014,136,1399,552,73,256
00015605.jpg,1016,138,1398,552,71,260
00015606.jpg,1016,138,1398,551,71,261
00015607.jpg,1015,138,1399,551,71,261
00015608.jpg,1014,138,1401,551,69,265
00015609.jpg,1015,139,1400,550,79,270
00015610.jpg,1014,140,1400,549,89,284
00015611.jpg,1014,140,1400,549,82,281
00015612.jpg,1014,141,1400,549,91,281
00015613.jpg,1015,139,1400,550,98,290
00015614.jpg,1013,139,1399,550,93,289
00015615.jpg,1013,139,1399,550,77,288
