00011716.jpg,672,8,1067,374,-1,-1
00011717.jpg,672,8,1067,374,-1,-1
00011718.jpg,672,8,1067,374,-1,-1
00011719.jpg,672,8,1067,374,230,365
00011720.jpg,673,7,1068,373,247,379
00011721.jpg,673,7,1068,373,248,378
00011722.jpg,674,6,1069,372,267,391
00011723.jpg,675,4,1070,370,278,403
00011724.jpg,679,3,1074,369,291,411
00011725.jpg,680,3,1075,369,308,423
00011726.jpg,680,3,1075,369,308,424
00011727.jpg,680,2,1075,368,313,426
00011728.jpg,681,0,1076,366,318,429
00011729.jpg,675,0,1070,366,332,435
00011730.jpg,675,0,1070,366,341,438
00011731.jpg,675,0,1070,366,340,436
00011732.jpg,674,0,1069,366,350,441
00011733.jpg,672,0,1067,366,358,449
00011734.jpg,672,0,1067,366,366,453
00011735.jpg,672,0,1067,366,378,459
00011736.jpg,672,0,1067,366,380,459
00011737.jpg,672,0,1067,366,390,461
00011738.jpg,671,0,1066,366,398,464
00011739.jpg,668,0,1063,366,402,464
00011740.jpg,663,0,1058,366,402,464
00011741.jpg,663,0,1058,366,402,464
00011742.jpg,660,0,1055,366,402,464
00011743.jpg,659,0,1054,366,402,464
00011744.jpg,657,0,1052,366,406,465
00011745.jpg,655,0,1050,366,407,465
00011746.jpg,655,0,1050,366,407,465
00011747.jpg,654,0,1049,366,407,465
00011748.jpg,654,0,1049,366,407,465
00011749.jpg,655,0,1050,366,407,465
00011750.jpg,657,0,1052,366,411,469
00011751.jpg,657,0,1052,366,411,469
00011752.jpg,658,0,1053,366,410,466
00011753.jpg,658,0,1053,366,408,469
00011754.jpg,657,0,1052,366,407,469
00011755.jpg,654,0,1049,366,405,469
00011756.jpg,654,0,1049,366,405,470
00011757.jpg,653,0,1048,366,402,470
00011758.jpg,653,0,1048,366,400,470
00011759.jpg,652,0,1047,366,397,470
00011760.jpg,652,0,1047,366,400,470
00011761.jpg,652,0,1047,366,398,470
00011762.jpg,652,0,1047,366,398,470
00011763.jpg,653,0,1048,366,400,469
00011764.jpg,653,0,1048,366,402,469
00011765.jpg,653,0,1048,366,402,469
00011766.jpg,653,0,1048,366,402,469
00011767.jpg,654,0,1049,366,402,469
00011768.jpg,655,0,1050,366,406,468
00011769.jpg,655,0,1050,366,406,466
00011770.jpg,656,0,1051,366,406,466
00011771.jpg,656,0,1051,366,407,465
00011772.jpg,657,0,1052,366,406,465
00011773.jpg,660,0,1055,366,401,465
00011774.jpg,667,0,1062,366,396,466
00011775.jpg,662,0,1057,366,388,466
00011776.jpg,662,0,1057,366,386,466
00011777.jpg,656,0,1051,366,382,468
00011778.jpg,650,0,1045,366,377,468
00011779.jpg,650,0,1045,366,82,366
00011780.jpg,653,0,1048,366,-1,-1
00011781.jpg,653,0,1048,366,-1,-1
00011782.jpg,660,0,1055,366,-1,-1
00011783.jpg,668,0,1063,366,-1,-1
00011784.jpg,696,0,1091,366,-1,-1
00011785.jpg,700,0,1095,366,-1,-1
00011786.jpg,700,0,1095,366,-1,-1
00011787.jpg,708,10,1003,329,-1,-1
00011788.jpg,708,10,1003,329,-1,-1
00011789.jpg,714,8,1009,327,-1,-1
00011790.jpg,720,3,1015,322,-1,-1
00011791.jpg,720,3,1015,322,-1,-1
00011792.jpg,727,0,1022,319,-1,-1
00011793.jpg,735,0,1030,319,-1,-1
00011794.jpg,739,0,1034,319,-1,-1
00011795.jpg,745,0,1040,319,-1,-1
00011796.jpg,745,0,1040,319,-1,-1
00011797.jpg,751,0,1046,319,-1,-1
00011798.jpg,754,0,1049,319,-1,-1
00011799.jpg,755,0,1050,319,392,436
00011800.jpg,754,0,1049,319,397,440
00011801.jpg,754,0,1049,319,396,441
00011802.jpg,751,0,1046,319,393,441
00011803.jpg,757,0,1052,319,387,443
00011804.jpg,750,0,1045,319,380,448
00011805.jpg,745,3,1040,322,376,450
00011806.jpg,745,3,1040,322,375,450
00011807.jpg,741,8,1036,327,370,456
00011808.jpg,737,12,1032,331,370,459
00011809.jpg,730,5,1019,293,357,464
00011810.jpg,730,5,1019,293,345,469
00011811.jpg,706,5,1014,318,345,469
00011812.jpg,706,5,1014,318,330,470
00011813.jpg,694,6,1002,319,320,470
00011814.jpg,684,5,992,318,311,468
00011815.jpg,673,3,981,316,301,465
00011816.jpg,673,3,981,316,301,465
00011817.jpg,664,0,972,313,291,463
00011818.jpg,656,0,964,313,283,456
00011819.jpg,651,0,959,313,280,446
00011820.jpg,648,0,956,313,282,441
00011821.jpg,648,0,956,313,282,441
00011822.jpg,641,0,949,313,277,436
00011823.jpg,640,0,948,313,283,433
00011824.jpg,643,0,951,313,288,429
00011825.jpg,648,0,956,313,298,426
00011826.jpg,648,0,956,313,298,426
00011827.jpg,701,1,1005,266,306,423
00011828.jpg,701,1,1005,266,313,420
00011829.jpg,706,0,1010,265,318,421
00011830.jpg,708,0,1012,265,-1,-1
00011831.jpg,708,0,1012,265,-1,-1
00011832.jpg,707,0,1011,265,-1,-1
00011833.jpg,702,1,1006,266,-1,-1
00011834.jpg,697,0,1001,265,-1,-1
00011835.jpg,695,0,999,265,-1,-1
00011836.jpg,695,0,999,265,-1,-1
00011837.jpg,698,0,1002,265,-1,-1
00011838.jpg,700,0,1004,265,-1,-1
00011839.jpg,701,0,1005,265,-1,-1
00011840.jpg,699,0,1003,265,-1,-1
00011841.jpg,699,0,1003,265,-1,-1
00011842.jpg,696,0,1000,265,-1,-1
00011843.jpg,693,13,997,278,-1,-1
00011844.jpg,666,0,967,307,-1,-1
00011845.jpg,675,0,976,307,-1,-1
00011846.jpg,675,0,976,307,-1,-1
00011847.jpg,680,1,981,308,-1,-1
00011848.jpg,686,8,987,315,-1,-1
00011849.jpg,698,8,999,315,-1,-1
00011850.jpg,714,6,1015,313,-1,-1
00011851.jpg,714,6,1015,313,-1,-1
00011852.jpg,733,7,1034,314,-1,-1
00011853.jpg,750,9,1051,316,-1,-1
00011854.jpg,763,8,1064,315,-1,-1
00011855.jpg,777,1,1078,308,-1,-1
00011856.jpg,777,1,1078,308,-1,-1
00011857.jpg,787,0,1088,307,-1,-1
00011858.jpg,794,0,1095,307,-1,-1
00011859.jpg,798,0,1099,307,-1,-1
00011860.jpg,798,0,1099,307,-1,-1
00011861.jpg,798,0,1099,307,-1,-1
00011862.jpg,798,0,1099,307,-1,-1
00011863.jpg,794,0,1095,307,-1,-1
00011864.jpg,789,0,1090,307,-1,-1
00011865.jpg,781,0,1082,307,-1,-1
00011866.jpg,781,0,1082,307,-1,-1
00011867.jpg,771,0,1072,307,-1,-1
00011868.jpg,761,2,1062,309,-1,-1
00011869.jpg,750,10,1051,317,-1,-1
00011870.jpg,742,15,1043,322,-1,-1
00011871.jpg,742,15,1043,322,-1,-1
00011872.jpg,736,20,1037,327,-1,-1
00011873.jpg,731,22,1032,329,-1,-1
00011874.jpg,729,22,1030,329,-1,-1
00011875.jpg,727,23,1028,330,-1,-1
00011876.jpg,727,23,1028,330,-1,-1
00011877.jpg,728,25,1029,332,-1,-1
00011878.jpg,729,30,1030,337,-1,-1
00011879.jpg,727,33,1028,340,-1,-1
00011880.jpg,725,35,1026,342,-1,-1
00011881.jpg,725,35,1026,342,-1,-1
00011882.jpg,721,39,1022,346,-1,-1
00011883.jpg,716,41,1017,348,-1,-1
00011884.jpg,709,44,1010,351,-1,-1
00011885.jpg,703,47,1004,354,-1,-1
00011886.jpg,703,47,1004,354,-1,-1
00011887.jpg,696,48,997,355,-1,-1
00011888.jpg,690,49,991,356,-1,-1
00011889.jpg,685,49,986,356,-1,-1
00011890.jpg,681,48,982,355,-1,-1
00011891.jpg,681,48,982,355,-1,-1
00011892.jpg,676,47,977,354,-1,-1
00011893.jpg,673,47,974,354,-1,-1
00011894.jpg,670,47,971,354,-1,-1
00011895.jpg,668,49,969,356,927,203
00011896.jpg,668,49,969,356,926,203
00011897.jpg,667,50,968,357,926,203
00011898.jpg,668,52,969,359,926,203
00011899.jpg,668,52,969,359,926,203
