00000974.jpg,620,40,783,226,-1,-1
00000975.jpg,620,40,783,226,-1,-1
00000976.jpg,620,40,783,226,-1,-1
00000977.jpg,620,40,783,226,-1,-1
00000978.jpg,620,40,783,226,-1,-1
00000979.jpg,620,40,783,226,-1,-1
00000980.jpg,620,40,783,226,-1,-1
00000981.jpg,620,40,783,226,-1,-1
00000982.jpg,620,40,783,226,-1,-1
00000983.jpg,620,40,783,226,-1,-1
00000984.jpg,620,40,783,226,-1,-1
00000985.jpg,620,40,783,226,-1,-1
00000986.jpg,620,40,783,226,-1,-1
00000987.jpg,620,40,783,226,-1,-1
00000988.jpg,620,39,783,225,-1,-1
00000989.jpg,620,39,783,225,-1,-1
00000990.jpg,620,39,783,225,-1,-1
00000991.jpg,620,39,783,225,-1,-1
00000992.jpg,620,38,783,224,-1,-1
00000993.jpg,620,38,783,224,-1,-1
00000994.jpg,620,38,783,224,-1,-1
00000995.jpg,620,38,783,224,-1,-1
00000996.jpg,621,39,784,225,-1,-1
00000997.jpg,622,39,785,225,-1,-1
00000998.jpg,622,39,785,225,-1,-1
00000999.jpg,622,39,785,225,-1,-1
00001000.jpg,623,39,786,225,-1,-1
00001001.jpg,623,40,786,226,-1,-1
00001002.jpg,623,40,786,226,-1,-1
00001003.jpg,623,40,786,226,-1,-1
00001004.jpg,624,40,787,226,-1,-1
00001005.jpg,625,40,788,226,-1,-1
00001006.jpg,625,40,788,226,-1,-1
00001007.jpg,625,40,788,226,-1,-1
00001008.jpg,625,40,788,226,-1,-1
00001009.jpg,626,40,789,226,-1,-1
00001010.jpg,626,40,789,226,-1,-1
00001011.jpg,626,40,789,226,-1,-1
00001012.jpg,626,40,789,226,-1,-1
00001013.jpg,627,40,790,226,-1,-1
00001014.jpg,627,40,790,226,-1,-1
00001015.jpg,627,40,790,226,-1,-1
00001016.jpg,626,41,789,227,-1,-1
00001017.jpg,624,40,787,226,-1,-1
00001018.jpg,624,40,787,226,-1,-1
00001019.jpg,624,40,787,226,-1,-1
00001020.jpg,624,40,787,226,170,443
00001021.jpg,624,40,787,226,170,443
00001022.jpg,624,40,787,226,170,443
00001023.jpg,624,40,787,226,170,443
00001024.jpg,624,41,787,227,170,443
00001025.jpg,624,40,787,226,170,443
00001026.jpg,624,40,787,226,168,443
00001027.jpg,624,40,787,226,168,443
00001028.jpg,624,40,787,226,168,443
00001029.jpg,624,40,787,226,168,443
00001030.jpg,624,40,787,226,168,443
00001031.jpg,624,40,787,226,168,443
00001032.jpg,624,40,787,226,168,443
00001033.jpg,624,40,787,226,168,443
00001034.jpg,624,40,787,226,168,443
00001035.jpg,624,40,787,226,168,443
00001036.jpg,622,40,785,226,168,443
00001037.jpg,623,40,786,226,168,443
00001038.jpg,623,40,786,226,168,443
00001039.jpg,623,40,786,226,168,443
00001040.jpg,622,41,785,227,168,443
00001041.jpg,623,40,786,226,168,443
00001042.jpg,623,40,786,226,168,443
00001043.jpg,623,40,786,226,168,443
00001044.jpg,623,40,786,226,168,443
00001045.jpg,624,40,787,226,168,443
00001046.jpg,624,40,787,226,168,443
00001047.jpg,624,40,787,226,168,443
00001048.jpg,624,42,787,228,168,443
00001049.jpg,624,42,787,228,168,443
