00002500.jpg,421,66,583,235,-1,-1
00002501.jpg,421,66,583,235,-1,-1
00002502.jpg,421,66,583,235,-1,-1
00002503.jpg,421,66,583,235,-1,-1
00002504.jpg,423,66,585,235,-1,-1
00002505.jpg,424,67,586,236,-1,-1
00002506.jpg,425,68,587,237,-1,-1
00002507.jpg,425,68,587,237,-1,-1
00002508.jpg,424,69,586,238,-1,-1
00002509.jpg,424,69,586,238,-1,-1
00002510.jpg,423,69,585,238,-1,-1
00002511.jpg,422,69,584,238,-1,-1
00002512.jpg,422,69,584,238,-1,-1
00002513.jpg,420,68,582,237,-1,-1
00002514.jpg,417,68,579,237,-1,-1
00002515.jpg,414,69,576,238,-1,-1
00002516.jpg,409,69,571,238,33,162
00002517.jpg,409,69,571,238,32,161
00002518.jpg,406,67,575,230,30,161
00002519.jpg,406,67,575,230,26,162
00002520.jpg,401,67,570,230,27,162
00002521.jpg,397,67,566,230,22,160
00002522.jpg,397,67,566,230,19,162
00002523.jpg,394,69,563,232,13,162
00002524.jpg,391,71,560,234,11,164
00002525.jpg,389,73,558,236,8,168
00002526.jpg,389,75,558,238,8,167
00002527.jpg,388,75,557,238,8,164
00002528.jpg,388,77,557,240,8,164
00002529.jpg,385,68,551,235,8,164
00002530.jpg,385,68,551,235,8,164
00002531.jpg,384,69,550,236,-1,-1
00002532.jpg,384,69,550,236,-1,-1
00002533.jpg,383,68,549,235,-1,-1
00002534.jpg,382,68,548,235,-1,-1
00002535.jpg,380,68,546,235,-1,-1
00002536.jpg,378,68,544,235,-1,-1
00002537.jpg,378,68,544,235,-1,-1
00002538.jpg,376,68,542,235,-1,-1
00002539.jpg,376,70,524,235,-1,-1
00002540.jpg,369,72,515,228,-1,-1
00002541.jpg,365,76,507,232,-1,-1
00002542.jpg,365,76,507,232,-1,-1
00002543.jpg,364,77,506,233,-1,-1
00002544.jpg,356,83,498,239,-1,-1
00002545.jpg,355,88,497,244,-1,-1
00002546.jpg,354,90,496,246,-1,-1
00002547.jpg,354,90,496,246,-1,-1
00002548.jpg,354,90,496,246,-1,-1
