00016603.jpg,730,213,1004,485,501,216
00016604.jpg,730,213,1004,485,502,217
00016605.jpg,730,214,1004,486,504,217
00016606.jpg,730,215,1004,487,508,217
00016607.jpg,730,216,1004,488,511,219
00016608.jpg,730,216,1004,488,512,220
00016609.jpg,730,217,1004,489,514,221
00016610.jpg,732,217,998,490,517,221
00016611.jpg,732,217,998,490,520,222
00016612.jpg,732,218,998,491,522,223
00016613.jpg,733,216,996,495,524,223
00016614.jpg,733,216,996,495,528,226
00016615.jpg,735,215,1000,499,528,227
00016616.jpg,735,215,1000,499,534,229
00016617.jpg,735,215,1000,499,537,228
00016618.jpg,735,216,1000,500,541,228
00016619.jpg,734,216,999,500,543,229
00016620.jpg,733,216,998,500,542,227
00016621.jpg,738,216,1003,500,543,229
00016622.jpg,738,216,1003,500,544,228
00016623.jpg,738,216,1003,500,546,228
00016624.jpg,737,216,1002,500,546,228
00016625.jpg,736,216,1001,500,548,228
00016626.jpg,736,216,1001,500,550,223
00016627.jpg,735,216,1000,500,551,223
00016628.jpg,735,216,1000,500,555,221
00016629.jpg,734,215,999,499,558,218
00016630.jpg,734,215,999,499,558,214
00016631.jpg,733,215,998,499,558,211
00016632.jpg,733,214,998,498,558,210
00016633.jpg,732,214,997,498,560,210
00016634.jpg,732,214,997,498,561,208
00016635.jpg,732,213,997,497,561,208
00016636.jpg,731,213,996,497,562,208
00016637.jpg,731,213,996,497,562,211
00016638.jpg,731,212,996,496,560,214
00016639.jpg,731,212,996,496,560,217
00016640.jpg,730,212,995,496,559,223
00016641.jpg,731,212,996,496,560,223
00016642.jpg,731,212,996,496,559,225
00016643.jpg,731,212,996,496,557,229
00016644.jpg,731,212,996,496,558,229
00016645.jpg,731,212,996,496,558,229
00016646.jpg,730,212,995,496,557,228
00016647.jpg,730,212,995,496,558,228
00016648.jpg,730,212,995,496,560,228
00016649.jpg,729,212,994,496,561,228
00016650.jpg,729,209,994,499,569,228
00016651.jpg,729,209,994,499,576,226
00016652.jpg,729,209,994,499,579,222
00016653.jpg,728,209,993,499,579,222
00016654.jpg,728,209,993,499,579,219
00016655.jpg,727,209,992,499,579,215
00016656.jpg,727,209,992,499,577,210
00016657.jpg,727,209,992,499,576,205
00016658.jpg,726,209,991,499,574,199
00016659.jpg,726,209,991,499,571,197
00016660.jpg,726,208,991,498,567,196
00016661.jpg,725,208,990,498,564,196
00016662.jpg,725,208,990,498,561,199
00016663.jpg,725,208,990,498,559,201
00016664.jpg,724,208,989,498,558,204
00016665.jpg,724,208,989,498,554,208
00016666.jpg,724,207,989,497,554,208
00016667.jpg,724,207,989,497,554,208
00016668.jpg,723,207,988,497,554,208
00016669.jpg,723,207,988,497,550,210
00016670.jpg,722,207,987,497,-1,-1
00016671.jpg,722,207,987,497,-1,-1
00016672.jpg,721,207,986,497,-1,-1
00016673.jpg,721,207,986,497,-1,-1
00016674.jpg,720,207,985,497,-1,-1
00016675.jpg,719,207,984,497,-1,-1
00016676.jpg,717,206,988,505,-1,-1
00016677.jpg,717,206,988,505,-1,-1
00016678.jpg,717,206,988,505,-1,-1
00016679.jpg,716,206,987,505,-1,-1
00016680.jpg,716,206,987,505,-1,-1
00016681.jpg,715,206,986,505,-1,-1
00016682.jpg,715,207,986,506,-1,-1
00016683.jpg,715,207,986,506,-1,-1
00016684.jpg,714,207,985,506,-1,-1
00016685.jpg,710,208,975,515,-1,-1
00016686.jpg,710,208,975,515,-1,-1
00016687.jpg,709,208,974,515,-1,-1
00016688.jpg,709,208,974,515,-1,-1
00016689.jpg,708,208,973,515,-1,-1
00016690.jpg,703,207,975,504,-1,-1
00016691.jpg,703,207,975,504,-1,-1
00016692.jpg,703,207,975,504,-1,-1
00016693.jpg,698,206,974,501,-1,-1
00016694.jpg,698,206,974,501,-1,-1
00016695.jpg,697,206,973,501,-1,-1
00016696.jpg,697,206,973,501,-1,-1
00016697.jpg,697,206,973,501,499,221
00016698.jpg,697,206,973,501,498,221
00016699.jpg,696,206,972,501,497,221
00016700.jpg,696,206,972,501,496,221
00016701.jpg,696,206,972,501,495,219
00016702.jpg,696,206,972,501,495,218
00016703.jpg,696,206,972,501,495,218
00016704.jpg,696,206,972,501,495,217
00016705.jpg,695,206,971,501,495,217
00016706.jpg,695,206,971,501,497,218
00016707.jpg,695,206,971,501,495,217
00016708.jpg,695,206,971,501,499,217
00016709.jpg,695,206,971,501,499,217
00016710.jpg,695,206,971,501,500,217
00016711.jpg,695,206,971,501,501,216
00016712.jpg,695,206,971,501,504,216
00016713.jpg,695,206,971,501,509,216
00016714.jpg,700,210,977,510,512,213
00016715.jpg,700,210,977,510,512,213
00016716.jpg,700,210,977,510,512,213
00016717.jpg,703,215,981,517,514,212
00016718.jpg,703,215,981,517,517,210
00016719.jpg,703,215,981,517,520,210
00016720.jpg,703,215,981,517,523,210
00016721.jpg,703,216,981,518,525,210
00016722.jpg,706,217,983,521,526,209
00016723.jpg,706,217,983,521,527,209
00016724.jpg,706,218,983,522,528,209
00016725.jpg,706,218,983,522,531,209
00016726.jpg,707,219,984,523,532,209
00016727.jpg,707,219,984,523,530,209
00016728.jpg,710,221,987,525,528,209
00016729.jpg,712,221,989,525,520,210
00016730.jpg,713,222,990,526,518,210
00016731.jpg,714,223,991,527,513,210
00016732.jpg,714,224,991,528,507,210
00016733.jpg,715,225,992,529,503,211
00016734.jpg,715,226,992,530,497,211
00016735.jpg,716,226,993,530,495,211
00016736.jpg,716,227,993,531,492,210
00016737.jpg,716,227,993,531,493,211
00016738.jpg,717,228,994,532,491,208
00016739.jpg,717,232,994,536,492,207
00016740.jpg,718,233,995,537,492,208
00016741.jpg,718,233,995,537,493,208
00016742.jpg,717,233,994,537,494,208
00016743.jpg,717,234,994,538,497,208
00016744.jpg,717,234,994,538,499,211
00016745.jpg,717,235,994,539,502,212
00016746.jpg,717,235,994,539,505,213
00016747.jpg,716,235,993,539,507,215
00016748.jpg,716,236,993,540,510,216
00016749.jpg,715,236,992,540,509,216
00016750.jpg,715,237,992,541,508,216
00016751.jpg,714,237,991,541,-1,-1
00016752.jpg,713,237,990,541,-1,-1
00016753.jpg,713,237,990,541,-1,-1
00016754.jpg,712,236,989,540,-1,-1
00016755.jpg,712,235,989,539,-1,-1
00016756.jpg,711,234,988,538,-1,-1
00016757.jpg,708,222,985,526,-1,-1
00016758.jpg,707,221,984,525,-1,-1
00016759.jpg,707,221,984,525,-1,-1
00016760.jpg,706,220,983,524,-1,-1
00016761.jpg,706,218,984,530,-1,-1
00016762.jpg,706,218,984,530,-1,-1
00016763.jpg,705,218,983,530,-1,-1
00016764.jpg,705,217,983,529,-1,-1
00016765.jpg,704,217,982,529,-1,-1
00016766.jpg,704,216,970,528,-1,-1
00016767.jpg,704,216,970,528,-1,-1
00016768.jpg,703,216,969,528,-1,-1
00016769.jpg,703,216,969,528,-1,-1
00016770.jpg,702,216,968,528,-1,-1
00016771.jpg,702,216,968,528,-1,-1
00016772.jpg,696,215,962,527,-1,-1
00016773.jpg,694,215,960,527,-1,-1
00016774.jpg,693,215,959,527,-1,-1
00016775.jpg,692,215,958,527,-1,-1
00016776.jpg,690,214,956,526,-1,-1
00016777.jpg,689,214,955,526,-1,-1
00016778.jpg,687,214,953,526,-1,-1
00016779.jpg,684,213,950,525,-1,-1
00016780.jpg,682,213,948,525,-1,-1
00016781.jpg,681,213,947,525,-1,-1
00016782.jpg,680,213,946,525,-1,-1
00016783.jpg,680,213,946,525,-1,-1
00016784.jpg,680,212,946,524,-1,-1
00016785.jpg,680,212,946,524,-1,-1
00016786.jpg,680,212,946,524,-1,-1
00016787.jpg,682,212,948,524,-1,-1
00016788.jpg,668,210,927,522,-1,-1
00016789.jpg,668,210,927,522,-1,-1
00016790.jpg,668,210,927,522,-1,-1
00016791.jpg,668,210,927,522,-1,-1
00016792.jpg,668,210,927,522,-1,-1
00016793.jpg,668,210,927,522,-1,-1
00016794.jpg,668,210,927,522,-1,-1
00016795.jpg,668,210,927,522,-1,-1
00016796.jpg,668,210,927,522,-1,-1
00016797.jpg,668,210,927,522,-1,-1
00016798.jpg,668,210,927,522,-1,-1
00016799.jpg,670,216,921,510,-1,-1
00016800.jpg,670,224,920,508,-1,-1
00016801.jpg,670,224,920,508,-1,-1
00016802.jpg,669,224,919,508,-1,-1
00016803.jpg,669,223,919,507,-1,-1
00016804.jpg,669,223,919,507,-1,-1
00016805.jpg,668,223,918,507,-1,-1
00016806.jpg,668,223,918,507,-1,-1
00016807.jpg,667,223,917,507,-1,-1
00016808.jpg,667,222,917,506,-1,-1
00016809.jpg,666,222,916,506,503,224
00016810.jpg,666,222,916,506,501,224
00016811.jpg,665,222,915,506,501,224
00016812.jpg,664,222,914,506,500,226
00016813.jpg,664,223,914,507,499,227
00016814.jpg,663,223,913,507,497,227
00016815.jpg,662,223,912,507,497,231
00016816.jpg,662,223,912,507,495,230
00016817.jpg,661,223,911,507,494,230
00016818.jpg,660,223,910,507,493,230
00016819.jpg,660,223,910,507,492,230
00016820.jpg,659,223,909,507,490,229
00016821.jpg,659,223,909,507,490,229
00016822.jpg,658,224,908,508,489,228
00016823.jpg,658,224,908,508,489,228
00016824.jpg,657,224,907,508,489,228
00016825.jpg,657,225,907,509,488,225
00016826.jpg,661,230,925,513,488,225
00016827.jpg,661,230,925,513,488,225
00016828.jpg,661,231,925,514,488,225
00016829.jpg,661,231,925,514,488,225
00016830.jpg,661,232,925,515,489,225
00016831.jpg,661,232,925,515,490,225
00016832.jpg,661,233,925,516,490,223
00016833.jpg,661,233,925,516,490,223
00016834.jpg,660,234,924,517,490,223
00016835.jpg,660,234,924,517,490,223
00016836.jpg,660,234,924,517,490,223
00016837.jpg,659,235,923,518,490,220
00016838.jpg,659,235,923,518,490,220
00016839.jpg,658,235,922,518,488,219
00016840.jpg,658,235,922,518,487,219
00016841.jpg,657,236,921,519,486,218
00016842.jpg,657,236,921,519,485,218
00016843.jpg,656,237,920,520,485,217
00016844.jpg,655,237,919,520,483,216
00016845.jpg,655,237,919,520,480,215
00016846.jpg,654,238,918,521,480,212
00016847.jpg,654,238,918,521,478,208
00016848.jpg,653,238,917,521,478,207
00016849.jpg,653,238,917,521,477,207
00016850.jpg,652,239,916,522,477,204
00016851.jpg,652,239,916,522,477,203
00016852.jpg,652,239,916,522,477,201
00016853.jpg,651,239,915,522,478,201
00016854.jpg,651,239,915,522,478,201
00016855.jpg,651,239,915,522,481,201
00016856.jpg,651,239,915,522,481,201
00016857.jpg,650,239,914,522,482,201
00016858.jpg,650,239,914,522,482,201
00016859.jpg,650,239,914,522,482,201
00016860.jpg,650,238,914,521,484,201
00016861.jpg,650,238,914,521,483,202
00016862.jpg,650,239,914,522,485,202
00016863.jpg,650,239,914,522,485,202
00016864.jpg,649,243,913,526,485,202
00016865.jpg,649,243,913,526,485,202
00016866.jpg,649,243,913,526,487,203
00016867.jpg,648,244,912,527,487,203
00016868.jpg,648,244,912,527,487,203
00016869.jpg,648,244,912,527,487,203
00016870.jpg,647,245,911,528,487,206
00016871.jpg,646,245,910,528,487,206
00016872.jpg,646,245,910,528,487,206
00016873.jpg,645,245,909,528,484,207
00016874.jpg,643,246,907,529,482,207
00016875.jpg,642,246,906,529,481,207
00016876.jpg,640,247,904,530,478,207
00016877.jpg,637,247,901,530,477,207
00016878.jpg,635,248,899,531,477,207
00016879.jpg,633,248,897,531,476,207
00016880.jpg,631,248,895,531,472,207
00016881.jpg,629,249,893,532,471,209
00016882.jpg,626,250,890,533,470,213
00016883.jpg,625,250,889,533,469,217
00016884.jpg,624,251,888,534,469,219
00016885.jpg,624,251,888,534,471,223
00016886.jpg,623,252,887,535,471,224
00016887.jpg,625,243,899,528,472,226
00016888.jpg,625,243,899,528,472,226
00016889.jpg,625,243,899,528,473,226
00016890.jpg,624,244,898,529,474,230
00016891.jpg,624,244,898,529,478,231
00016892.jpg,624,244,898,529,478,231
00016893.jpg,623,244,897,529,478,231
00016894.jpg,622,245,896,530,478,231
00016895.jpg,622,245,896,530,479,231
00016896.jpg,621,245,895,530,480,231
00016897.jpg,620,245,894,530,480,231
00016898.jpg,620,245,894,530,480,231
00016899.jpg,620,245,894,530,482,231
00016900.jpg,620,245,894,530,482,231
00016901.jpg,619,246,893,531,482,232
00016902.jpg,619,246,893,531,485,233
00016903.jpg,620,246,894,531,487,233
00016904.jpg,620,246,894,531,487,234
00016905.jpg,620,246,894,531,489,235
00016906.jpg,621,246,895,531,493,237
00016907.jpg,621,246,895,531,501,240
00016908.jpg,622,246,896,531,510,243
00016909.jpg,622,246,896,531,515,243
00016910.jpg,623,246,897,531,512,244
00016911.jpg,623,246,897,531,514,244
00016912.jpg,624,245,898,530,514,244
00016913.jpg,624,245,898,530,516,244
00016914.jpg,624,245,898,530,517,244
00016915.jpg,625,244,899,529,517,244
00016916.jpg,625,244,899,529,517,244
00016917.jpg,626,243,900,528,517,244
00016918.jpg,626,243,900,528,517,244
00016919.jpg,627,243,901,528,517,244
00016920.jpg,627,242,901,527,517,244
00016921.jpg,627,242,901,527,517,244
00016922.jpg,627,242,901,527,516,245
00016923.jpg,627,241,901,526,516,245
00016924.jpg,627,241,901,526,516,245
00016925.jpg,626,241,900,526,516,245
00016926.jpg,626,241,900,526,514,246
00016927.jpg,625,241,899,526,514,246
00016928.jpg,625,241,899,526,514,246
00016929.jpg,625,241,899,526,514,246
00016930.jpg,624,241,898,526,514,246
00016931.jpg,624,241,898,526,514,246
00016932.jpg,624,241,898,526,514,246
00016933.jpg,624,241,898,526,514,246
00016934.jpg,623,241,897,526,514,246
00016935.jpg,623,241,897,526,514,246
00016936.jpg,623,241,897,526,514,246
00016937.jpg,622,241,896,526,514,246
00016938.jpg,622,241,896,526,514,246
00016939.jpg,621,240,895,525,514,246
00016940.jpg,621,240,895,525,517,246
00016941.jpg,621,240,895,525,517,246
00016942.jpg,620,240,894,525,518,246
00016943.jpg,620,239,894,524,518,246
00016944.jpg,625,238,908,537,521,246
00016945.jpg,625,238,908,537,522,246
00016946.jpg,625,238,908,537,522,246
00016947.jpg,625,238,908,537,521,246
00016948.jpg,624,238,907,537,524,247
00016949.jpg,624,238,907,537,523,248
00016950.jpg,624,237,907,536,522,248
00016951.jpg,624,238,907,537,522,248
00016952.jpg,624,238,907,537,-1,-1
00016953.jpg,624,238,907,537,-1,-1
00016954.jpg,625,238,908,537,-1,-1
00016955.jpg,625,238,908,537,-1,-1
00016956.jpg,625,238,908,537,-1,-1
00016957.jpg,625,238,908,537,-1,-1
00016958.jpg,625,239,908,538,-1,-1
00016959.jpg,625,239,908,538,-1,-1
00016960.jpg,626,239,909,538,-1,-1
00016961.jpg,627,239,910,538,-1,-1
00016962.jpg,627,239,910,538,-1,-1
00016963.jpg,629,239,912,538,-1,-1
00016964.jpg,629,239,912,538,-1,-1
00016965.jpg,629,238,920,544,-1,-1
00016966.jpg,629,238,920,544,-1,-1
00016967.jpg,629,238,920,544,-1,-1
00016968.jpg,629,239,920,545,-1,-1
00016969.jpg,630,239,921,545,-1,-1
00016970.jpg,630,240,921,546,-1,-1
00016971.jpg,630,240,921,546,-1,-1
00016972.jpg,631,241,922,547,-1,-1
00016973.jpg,631,241,922,547,-1,-1
00016974.jpg,632,242,923,548,-1,-1
00016975.jpg,632,242,923,548,-1,-1
00016976.jpg,634,242,925,548,-1,-1
00016977.jpg,635,242,926,548,-1,-1
00016978.jpg,635,243,926,549,-1,-1
00016979.jpg,636,243,927,549,-1,-1
00016980.jpg,636,244,927,550,-1,-1
00016981.jpg,637,244,928,550,-1,-1
00016982.jpg,637,244,928,550,-1,-1
00016983.jpg,639,244,930,550,-1,-1
00016984.jpg,640,244,931,550,-1,-1
00016985.jpg,640,244,931,550,-1,-1
00016986.jpg,640,245,931,551,-1,-1
00016987.jpg,640,245,931,551,-1,-1
00016988.jpg,640,245,931,551,-1,-1
00016989.jpg,639,245,930,551,-1,-1
00016990.jpg,639,245,930,551,-1,-1
00016991.jpg,639,245,930,551,-1,-1
00016992.jpg,639,245,930,551,-1,-1
00016993.jpg,640,245,931,551,-1,-1
00016994.jpg,640,245,931,551,-1,-1
00016995.jpg,641,245,932,551,-1,-1
00016996.jpg,641,245,932,551,-1,-1
00016997.jpg,641,246,932,552,-1,-1
00016998.jpg,641,246,932,552,-1,-1
00016999.jpg,641,246,932,552,-1,-1
00017000.jpg,640,246,931,552,-1,-1
00017001.jpg,640,246,931,552,-1,-1
00017002.jpg,641,247,932,553,-1,-1
00017003.jpg,641,247,932,553,-1,-1
00017004.jpg,641,247,932,553,-1,-1
00017005.jpg,641,247,932,553,-1,-1
00017006.jpg,642,247,933,553,-1,-1
00017007.jpg,642,247,933,553,-1,-1
00017008.jpg,643,247,934,553,-1,-1
00017009.jpg,642,247,933,553,-1,-1
00017010.jpg,642,247,933,553,-1,-1
00017011.jpg,641,247,932,553,-1,-1
00017012.jpg,640,247,931,553,-1,-1
00017013.jpg,640,247,931,553,-1,-1
00017014.jpg,639,248,930,554,-1,-1
00017015.jpg,638,247,929,553,-1,-1
00017016.jpg,637,247,928,553,-1,-1
00017017.jpg,637,248,928,554,-1,-1
00017018.jpg,638,248,929,554,513,261
00017019.jpg,639,248,930,554,513,261
00017020.jpg,639,248,930,554,513,261
00017021.jpg,640,248,931,554,513,260
00017022.jpg,641,248,932,554,513,257
00017023.jpg,641,248,932,554,513,257
00017024.jpg,641,248,932,554,512,256
00017025.jpg,640,247,931,553,512,256
00017026.jpg,640,247,931,553,512,256
00017027.jpg,641,247,932,553,512,256
00017028.jpg,639,246,930,552,512,256
00017029.jpg,639,246,930,552,512,256
00017030.jpg,639,246,930,552,512,256
00017031.jpg,638,246,929,552,507,254
00017032.jpg,636,252,927,558,504,253
00017033.jpg,636,253,927,559,501,253
00017034.jpg,636,254,927,560,501,253
00017035.jpg,636,255,927,561,500,252
00017036.jpg,636,255,927,561,499,252
00017037.jpg,635,256,926,562,498,252
00017038.jpg,635,256,926,562,497,252
00017039.jpg,634,258,925,564,498,253
00017040.jpg,634,259,925,565,498,253
00017041.jpg,634,260,925,566,498,255
00017042.jpg,633,261,924,567,498,255
00017043.jpg,631,263,922,569,498,255
00017044.jpg,630,264,921,570,498,255
00017045.jpg,630,264,921,570,497,255
00017046.jpg,631,263,923,576,497,255
00017047.jpg,631,263,923,576,495,256
00017048.jpg,631,263,923,576,495,256
00017049.jpg,631,264,923,577,494,256
00017050.jpg,630,265,922,578,494,256
00017051.jpg,630,265,922,578,494,256
00017052.jpg,629,266,921,579,493,257
00017053.jpg,629,266,921,579,493,257
00017054.jpg,629,267,921,580,493,260
00017055.jpg,628,268,920,581,490,260
00017056.jpg,628,268,920,581,490,260
00017057.jpg,627,269,919,582,490,260
00017058.jpg,627,270,919,583,490,260
00017059.jpg,627,270,919,583,490,260
00017060.jpg,626,271,918,584,490,260
00017061.jpg,626,272,918,585,490,260
00017062.jpg,626,272,918,585,488,263
00017063.jpg,626,272,918,585,488,263
00017064.jpg,626,272,918,585,489,263
00017065.jpg,626,272,918,585,489,263
00017066.jpg,626,272,918,585,489,261
00017067.jpg,626,272,918,585,489,260
00017068.jpg,626,273,918,586,489,258
00017069.jpg,626,273,918,586,489,254
00017070.jpg,627,273,919,586,489,250
00017071.jpg,627,273,919,586,489,247
00017072.jpg,627,273,919,586,486,242
00017073.jpg,627,273,919,586,486,238
00017074.jpg,628,273,920,586,484,231
00017075.jpg,628,273,920,586,484,227
00017076.jpg,628,273,920,586,483,225
00017077.jpg,629,273,921,586,483,225
00017078.jpg,629,273,921,586,482,230
00017079.jpg,630,273,922,586,481,234
00017080.jpg,630,273,922,586,480,238
00017081.jpg,630,274,922,587,478,242
00017082.jpg,630,274,922,587,476,249
00017083.jpg,630,274,922,587,475,250
