00037411.jpg,447,133,570,267,-1,-1
00037412.jpg,447,133,570,267,-1,-1
00037413.jpg,447,133,570,267,-1,-1
00037414.jpg,447,133,570,267,-1,-1
00037415.jpg,448,133,571,267,-1,-1
00037416.jpg,449,133,572,267,-1,-1
00037417.jpg,450,134,573,268,-1,-1
00037418.jpg,450,134,573,268,-1,-1
00037419.jpg,450,134,573,268,-1,-1
00037420.jpg,452,135,575,269,-1,-1
00037421.jpg,453,135,576,269,-1,-1
00037422.jpg,455,136,578,270,-1,-1
00037423.jpg,456,136,579,270,-1,-1
00037424.jpg,458,137,581,271,-1,-1
00037425.jpg,460,137,583,271,-1,-1
00037426.jpg,461,138,584,272,-1,-1
00037427.jpg,463,139,586,273,-1,-1
00037428.jpg,464,139,587,273,-1,-1
00037429.jpg,464,139,587,273,308,108
00037430.jpg,464,139,587,273,308,108
00037431.jpg,465,139,588,273,309,108
00037432.jpg,465,139,588,273,309,108
00037433.jpg,466,139,589,273,309,103
00037434.jpg,466,139,589,273,309,99
00037435.jpg,467,139,590,273,-1,-1
00037436.jpg,468,139,591,273,-1,-1
00037437.jpg,468,139,591,273,-1,-1
00037438.jpg,468,139,591,273,-1,-1
00037439.jpg,469,139,592,273,-1,-1
00037440.jpg,468,139,591,273,-1,-1
00037441.jpg,468,139,591,273,-1,-1
00037442.jpg,468,139,591,273,-1,-1
00037443.jpg,467,139,590,273,-1,-1
00037444.jpg,467,139,590,273,-1,-1
00037445.jpg,467,139,590,273,-1,-1
00037446.jpg,467,139,590,273,-1,-1
00037447.jpg,467,139,590,273,-1,-1
00037448.jpg,468,139,591,273,-1,-1
00037449.jpg,468,139,591,273,-1,-1
00037450.jpg,468,139,591,273,-1,-1
00037451.jpg,469,139,592,273,-1,-1
00037452.jpg,469,139,592,273,-1,-1
00037453.jpg,470,138,593,272,-1,-1
00037454.jpg,470,138,593,272,-1,-1
00037455.jpg,469,138,592,272,-1,-1
00037456.jpg,469,138,592,272,-1,-1
00037457.jpg,469,138,592,272,-1,-1
00037458.jpg,468,137,591,271,-1,-1
00037459.jpg,468,137,591,271,-1,-1
00037460.jpg,468,137,591,271,-1,-1
00037461.jpg,468,137,591,271,-1,-1
00037462.jpg,468,137,591,271,-1,-1
00037463.jpg,467,137,590,271,-1,-1
00037464.jpg,467,136,590,270,-1,-1
00037465.jpg,468,136,591,270,-1,-1
00037466.jpg,468,136,591,270,-1,-1
00037467.jpg,468,136,591,270,-1,-1
00037468.jpg,468,136,591,270,-1,-1
00037469.jpg,468,136,591,270,-1,-1
00037470.jpg,468,136,591,270,340,104
00037471.jpg,468,136,591,270,340,104
00037472.jpg,468,135,591,269,343,104
00037473.jpg,468,135,591,269,344,105
00037474.jpg,469,136,592,270,346,105
00037475.jpg,469,136,592,270,346,105
00037476.jpg,469,136,592,270,346,105
00037477.jpg,469,135,592,269,346,105
00037478.jpg,469,136,592,270,348,105
00037479.jpg,468,135,591,269,348,105
00037480.jpg,468,135,591,269,348,105
00037481.jpg,468,135,591,269,348,105
00037482.jpg,468,135,591,269,348,105
00037483.jpg,468,135,591,269,346,105
00037484.jpg,468,135,591,269,346,105
00037485.jpg,468,135,591,269,346,105
00037486.jpg,468,135,591,269,345,105
00037487.jpg,468,135,591,269,345,104
00037488.jpg,468,134,591,268,345,104
00037489.jpg,468,134,591,268,345,104
00037490.jpg,468,134,591,268,345,104
00037491.jpg,468,134,591,268,345,104
00037492.jpg,467,134,590,268,345,104
00037493.jpg,467,134,590,268,345,104
00037494.jpg,467,133,590,267,345,104
00037495.jpg,467,133,590,267,346,104
00037496.jpg,467,133,590,267,346,102
00037497.jpg,467,133,590,267,344,102
00037498.jpg,467,133,590,267,344,102
00037499.jpg,467,133,590,267,346,102
00037500.jpg,466,132,589,266,346,101
00037501.jpg,466,132,589,266,346,102
00037502.jpg,466,132,589,266,348,102
00037503.jpg,466,132,589,266,348,102
00037504.jpg,467,132,590,266,349,102
00037505.jpg,467,132,590,266,349,102
00037506.jpg,467,132,590,266,349,101
00037507.jpg,467,132,590,266,350,101
00037508.jpg,467,132,590,266,350,101
00037509.jpg,467,132,590,266,350,101
00037510.jpg,467,132,590,266,350,101
00037511.jpg,467,132,590,266,350,101
00037512.jpg,468,132,591,266,349,100
00037513.jpg,468,132,591,266,350,99
00037514.jpg,468,132,591,266,351,99
00037515.jpg,468,132,591,266,351,100
00037516.jpg,468,132,591,266,351,100
00037517.jpg,468,131,591,265,351,100
00037518.jpg,468,131,591,265,351,100
00037519.jpg,468,131,591,265,351,100
00037520.jpg,468,131,591,265,351,100
00037521.jpg,468,131,591,265,351,100
00037522.jpg,468,131,591,265,350,100
00037523.jpg,468,131,591,265,350,100
00037524.jpg,468,131,591,265,350,100
00037525.jpg,468,131,591,265,350,100
00037526.jpg,468,131,591,265,349,100
00037527.jpg,468,131,591,265,348,101
00037528.jpg,468,131,591,265,348,101
00037529.jpg,468,131,591,265,348,101
00037530.jpg,468,131,591,265,347,101
00037531.jpg,468,131,591,265,347,101
00037532.jpg,468,131,591,265,346,101
00037533.jpg,468,131,591,265,346,101
00037534.jpg,468,131,591,265,345,101
00037535.jpg,468,131,591,265,345,101
00037536.jpg,468,131,591,265,345,101
00037537.jpg,468,131,591,265,345,101
00037538.jpg,468,131,591,265,345,101
00037539.jpg,468,131,591,265,345,101
00037540.jpg,468,131,591,265,345,101
00037541.jpg,468,131,591,265,345,101
00037542.jpg,468,131,591,265,344,101
00037543.jpg,468,131,591,265,344,101
00037544.jpg,468,131,591,265,293,153
00037545.jpg,468,131,591,265,294,162
00037546.jpg,468,131,591,265,293,180
00037547.jpg,468,131,591,265,293,182
00037548.jpg,468,131,591,265,292,184
00037549.jpg,469,131,592,265,289,187
00037550.jpg,469,131,592,265,289,187
00037551.jpg,469,131,592,265,293,189
00037552.jpg,469,131,592,265,294,192
00037553.jpg,469,131,592,265,289,193
00037554.jpg,469,131,592,265,287,193
00037555.jpg,469,131,592,265,287,193
00037556.jpg,469,131,592,265,285,192
00037557.jpg,469,131,592,265,284,191
00037558.jpg,469,131,592,265,282,189
00037559.jpg,469,131,592,265,274,189
00037560.jpg,468,131,591,265,274,188
00037561.jpg,469,131,592,265,276,187
00037562.jpg,469,131,592,265,277,186
00037563.jpg,469,131,592,265,277,183
00037564.jpg,469,131,592,265,277,179
00037565.jpg,469,131,592,265,277,179
00037566.jpg,469,131,592,265,277,179
00037567.jpg,469,131,592,265,278,178
00037568.jpg,469,131,592,265,278,178
00037569.jpg,470,131,593,265,278,178
00037570.jpg,470,131,593,265,278,177
00037571.jpg,470,131,593,265,278,177
00037572.jpg,470,131,593,265,278,176
00037573.jpg,469,131,592,265,278,176
00037574.jpg,469,132,592,266,278,176
00037575.jpg,468,131,591,265,278,176
00037576.jpg,468,131,591,265,333,90
00037577.jpg,468,131,591,265,333,90
00037578.jpg,468,132,591,266,333,90
00037579.jpg,468,132,591,266,333,90
00037580.jpg,468,132,591,266,332,90
00037581.jpg,468,132,591,266,332,91
00037582.jpg,468,132,591,266,332,91
00037583.jpg,469,132,592,266,330,91
00037584.jpg,469,132,592,266,330,89
00037585.jpg,469,132,592,266,330,89
00037586.jpg,469,132,592,266,330,89
00037587.jpg,469,132,592,266,330,89
00037588.jpg,469,132,592,266,328,89
