00008211.jpg,786,76,1027,333,-1,-1
00008212.jpg,786,76,1027,333,-1,-1
00008213.jpg,786,76,1027,333,-1,-1
00008214.jpg,786,76,1027,333,-1,-1
00008215.jpg,786,76,1027,333,-1,-1
00008216.jpg,786,76,1027,333,-1,-1
00008217.jpg,786,76,1027,333,-1,-1
00008218.jpg,786,76,1027,333,-1,-1
00008219.jpg,786,77,1027,334,-1,-1
00008220.jpg,786,77,1027,334,-1,-1
00008221.jpg,786,77,1027,334,-1,-1
00008222.jpg,786,77,1027,334,-1,-1
00008223.jpg,786,77,1027,334,-1,-1
00008224.jpg,786,77,1027,334,-1,-1
00008225.jpg,786,77,1027,334,-1,-1
00008226.jpg,786,77,1027,334,-1,-1
00008227.jpg,786,77,1027,334,-1,-1
00008228.jpg,785,77,1026,334,-1,-1
00008229.jpg,785,77,1026,334,-1,-1
00008230.jpg,785,77,1026,334,-1,-1
00008231.jpg,785,77,1026,334,-1,-1
00008232.jpg,785,77,1026,334,1509,537
00008233.jpg,785,77,1026,334,1386,648
00008234.jpg,785,77,1026,334,1381,642
00008235.jpg,785,77,1026,334,1380,636
00008236.jpg,785,77,1026,334,1376,634
00008237.jpg,785,77,1026,334,1429,608
00008238.jpg,785,76,1026,333,1428,604
00008239.jpg,785,76,1026,333,1456,530
00008240.jpg,785,76,1026,333,1446,424
00008241.jpg,785,76,1026,333,1445,428
00008242.jpg,785,76,1026,333,1448,428
00008243.jpg,784,76,1025,333,1445,428
00008244.jpg,784,76,1025,333,1446,428
00008245.jpg,784,76,1025,333,1446,429
00008246.jpg,784,76,1025,333,1444,428
00008247.jpg,784,76,1025,333,1445,428
00008248.jpg,784,76,1025,333,1449,426
00008249.jpg,784,76,1025,333,1444,426
00008250.jpg,784,76,1025,333,1446,426
00008251.jpg,784,76,1025,333,1068,484
00008252.jpg,784,76,1025,333,1052,624
00008253.jpg,784,76,1025,333,1054,621
00008254.jpg,784,76,1025,333,886,650
00008255.jpg,784,76,1025,333,793,586
00008256.jpg,784,76,1025,333,748,465
00008257.jpg,771,79,1012,336,748,465
00008258.jpg,771,79,1012,336,746,465
00008259.jpg,771,79,1012,336,748,468
00008260.jpg,771,79,1012,336,745,466
00008261.jpg,772,79,1013,336,745,465
00008262.jpg,772,79,1013,336,745,465
00008263.jpg,772,79,1013,336,745,465
00008264.jpg,772,79,1013,336,745,465
00008265.jpg,772,80,1013,337,745,462
00008266.jpg,783,76,1024,333,745,462
00008267.jpg,783,76,1024,333,745,461
00008268.jpg,783,76,1024,333,745,461
00008269.jpg,783,76,1024,333,745,461
00008270.jpg,783,76,1024,333,744,461
00008271.jpg,783,76,1024,333,741,460
00008272.jpg,783,76,1024,333,740,457
00008273.jpg,783,76,1024,333,742,454
00008274.jpg,783,76,1024,333,746,453
00008275.jpg,783,76,1024,333,746,450
00008276.jpg,783,76,1024,333,744,448
00008277.jpg,783,76,1024,333,742,446
00008278.jpg,783,76,1024,333,742,442
00008279.jpg,782,76,1023,333,741,444
00008280.jpg,782,76,1023,333,742,444
00008281.jpg,782,76,1023,333,738,442
00008282.jpg,782,76,1023,333,741,442
00008283.jpg,782,76,1023,333,737,441
00008284.jpg,782,76,1023,333,738,441
00008285.jpg,782,77,1023,334,742,444
00008286.jpg,782,77,1023,334,741,442
00008287.jpg,782,77,1023,334,741,442
00008288.jpg,782,77,1023,334,740,441
00008289.jpg,782,77,1023,334,742,444
00008290.jpg,782,77,1023,334,738,437
00008291.jpg,782,77,1023,334,742,444
00008292.jpg,782,77,1023,334,742,444
00008293.jpg,782,76,1023,333,738,442
00008294.jpg,782,76,1023,333,740,442
00008295.jpg,781,76,1022,333,738,442
00008296.jpg,782,76,1023,333,737,442
00008297.jpg,781,76,1022,333,732,444
00008298.jpg,781,76,1022,333,725,444
00008299.jpg,781,76,1022,333,718,445
00008300.jpg,781,76,1022,333,714,445
00008301.jpg,781,76,1022,333,712,446
00008302.jpg,781,76,1022,333,713,448
