00008211.jpg,213,339,467,620,-1,-1
00008212.jpg,213,339,467,620,-1,-1
00008213.jpg,213,339,467,620,-1,-1
00008214.jpg,213,339,467,620,-1,-1
00008215.jpg,213,339,467,620,-1,-1
00008216.jpg,213,339,467,620,-1,-1
00008217.jpg,213,339,467,620,-1,-1
00008218.jpg,213,339,467,620,-1,-1
00008219.jpg,213,338,467,619,-1,-1
00008220.jpg,213,338,467,619,-1,-1
00008221.jpg,213,338,467,619,-1,-1
00008222.jpg,213,338,467,619,-1,-1
00008223.jpg,213,338,467,619,-1,-1
00008224.jpg,213,338,467,619,-1,-1
00008225.jpg,213,338,467,619,-1,-1
00008226.jpg,213,338,467,619,-1,-1
00008227.jpg,213,338,467,619,-1,-1
00008228.jpg,213,338,467,619,-1,-1
00008229.jpg,213,338,467,619,-1,-1
00008230.jpg,213,338,467,619,-1,-1
00008231.jpg,212,337,466,618,1436,424
00008232.jpg,212,338,466,619,1434,420
00008233.jpg,212,338,466,619,1434,417
00008234.jpg,212,338,466,619,1437,416
00008235.jpg,182,348,447,635,1442,416
00008236.jpg,182,348,447,635,1442,416
00008237.jpg,182,348,447,635,1442,414
00008238.jpg,182,348,447,635,1442,420
00008239.jpg,181,348,446,635,1442,420
00008240.jpg,181,348,446,635,1442,420
00008241.jpg,181,348,446,635,1445,422
00008242.jpg,181,349,446,636,1448,422
00008243.jpg,181,349,446,636,1442,420
00008244.jpg,181,349,446,636,1446,422
00008245.jpg,181,349,446,636,1446,421
00008246.jpg,181,349,446,636,1449,422
00008247.jpg,181,349,446,636,1442,420
00008248.jpg,181,349,446,636,1446,422
00008249.jpg,181,349,446,636,1442,420
00008250.jpg,181,349,446,636,1442,420
00008251.jpg,181,349,446,636,1441,422
00008252.jpg,181,349,446,636,1438,422
00008253.jpg,181,349,446,636,754,494
00008254.jpg,181,349,446,636,754,494
00008255.jpg,181,349,446,636,754,494
00008256.jpg,181,349,446,636,757,494
00008257.jpg,181,350,446,637,756,494
00008258.jpg,181,350,446,637,757,494
00008259.jpg,181,350,446,637,756,493
00008260.jpg,181,350,446,637,756,494
00008261.jpg,181,350,446,637,754,493
00008262.jpg,181,350,446,637,757,493
00008263.jpg,181,350,446,637,754,493
00008264.jpg,181,350,446,637,754,493
00008265.jpg,181,350,446,637,754,496
00008266.jpg,181,351,446,638,756,493
00008267.jpg,181,351,446,638,752,497
00008268.jpg,181,351,446,638,752,497
00008269.jpg,181,351,446,638,752,497
00008270.jpg,181,351,446,638,752,494
00008271.jpg,181,351,446,638,752,493
00008272.jpg,181,352,446,639,752,493
00008273.jpg,181,352,446,639,750,489
00008274.jpg,181,352,446,639,752,489
00008275.jpg,181,352,446,639,752,489
00008276.jpg,181,352,446,639,752,489
00008277.jpg,181,352,446,639,752,488
00008278.jpg,181,352,446,639,752,488
00008279.jpg,181,352,446,639,750,488
00008280.jpg,181,352,446,639,750,488
00008281.jpg,182,353,447,640,750,488
00008282.jpg,182,353,447,640,750,488
00008283.jpg,181,352,446,639,749,488
00008284.jpg,181,352,446,639,748,488
00008285.jpg,181,352,446,639,748,489
00008286.jpg,181,348,446,635,748,489
00008287.jpg,181,348,446,635,748,489
00008288.jpg,181,348,446,635,748,489
00008289.jpg,181,348,446,635,748,489
00008290.jpg,181,348,446,635,748,489
00008291.jpg,181,348,446,635,748,488
00008292.jpg,180,348,445,635,748,488
00008293.jpg,180,348,445,635,745,488
00008294.jpg,180,348,445,635,745,488
00008295.jpg,180,348,445,635,741,488
00008296.jpg,179,348,444,635,736,488
00008297.jpg,179,348,444,635,733,488
00008298.jpg,179,348,444,635,733,492
00008299.jpg,178,348,443,635,730,493
00008300.jpg,178,352,443,639,728,493
00008301.jpg,178,349,443,636,722,500
00008302.jpg,178,349,443,636,724,509
