00008211.jpg,947,367,1212,658,-1,-1
00008212.jpg,947,367,1212,658,-1,-1
00008213.jpg,947,367,1212,658,-1,-1
00008214.jpg,947,367,1212,658,-1,-1
00008215.jpg,947,367,1212,658,-1,-1
00008216.jpg,948,367,1213,658,-1,-1
00008217.jpg,948,367,1213,658,-1,-1
00008218.jpg,948,367,1213,658,-1,-1
00008219.jpg,950,366,1215,657,-1,-1
00008220.jpg,951,366,1216,657,-1,-1
00008221.jpg,951,366,1216,657,-1,-1
00008222.jpg,952,365,1217,656,-1,-1
00008223.jpg,953,365,1218,656,-1,-1
00008224.jpg,954,365,1219,656,-1,-1
00008225.jpg,955,365,1220,656,-1,-1
00008226.jpg,956,365,1221,656,-1,-1
00008227.jpg,957,365,1222,656,-1,-1
00008228.jpg,957,365,1222,656,-1,-1
00008229.jpg,958,365,1223,656,-1,-1
00008230.jpg,958,364,1223,655,-1,-1
00008231.jpg,959,364,1224,655,-1,-1
00008232.jpg,959,364,1224,655,-1,-1
00008233.jpg,959,363,1224,654,-1,-1
00008234.jpg,959,363,1224,654,-1,-1
00008235.jpg,959,363,1224,654,-1,-1
00008236.jpg,958,363,1223,654,-1,-1
00008237.jpg,956,365,1221,656,-1,-1
00008238.jpg,944,367,1209,658,-1,-1
00008239.jpg,943,367,1208,658,-1,-1
00008240.jpg,943,367,1208,658,-1,-1
00008241.jpg,943,368,1208,659,-1,-1
00008242.jpg,941,368,1206,659,-1,-1
00008243.jpg,950,368,1215,659,-1,-1
00008244.jpg,950,367,1215,658,-1,-1
00008245.jpg,949,367,1214,658,-1,-1
00008246.jpg,949,366,1214,657,-1,-1
00008247.jpg,949,366,1214,657,-1,-1
00008248.jpg,949,365,1214,656,-1,-1
00008249.jpg,949,366,1214,657,-1,-1
00008250.jpg,949,367,1214,658,-1,-1
00008251.jpg,948,369,1213,660,-1,-1
00008252.jpg,948,370,1213,661,-1,-1
00008253.jpg,948,370,1213,661,-1,-1
00008254.jpg,949,369,1214,660,-1,-1
00008255.jpg,949,367,1214,658,-1,-1
00008256.jpg,951,365,1216,656,-1,-1
00008257.jpg,952,363,1217,654,-1,-1
00008258.jpg,953,363,1218,654,-1,-1
00008259.jpg,954,363,1219,654,-1,-1
00008260.jpg,956,364,1221,655,-1,-1
00008261.jpg,958,364,1223,655,-1,-1
00008262.jpg,960,364,1225,655,-1,-1
00008263.jpg,962,363,1227,654,-1,-1
00008264.jpg,964,362,1229,653,-1,-1
00008265.jpg,964,362,1229,653,-1,-1
00008266.jpg,968,358,1233,649,-1,-1
00008267.jpg,970,355,1235,646,-1,-1
00008268.jpg,971,353,1236,644,-1,-1
00008269.jpg,975,340,1240,631,-1,-1
00008270.jpg,976,339,1241,630,-1,-1
00008271.jpg,977,338,1242,629,-1,-1
00008272.jpg,979,337,1244,628,-1,-1
00008273.jpg,998,335,1272,614,-1,-1
00008274.jpg,998,335,1272,614,-1,-1
00008275.jpg,998,335,1272,614,-1,-1
00008276.jpg,998,335,1272,614,-1,-1
00008277.jpg,998,335,1272,614,-1,-1
00008278.jpg,998,335,1272,614,-1,-1
00008279.jpg,998,336,1272,615,-1,-1
00008280.jpg,997,336,1271,615,-1,-1
00008281.jpg,997,336,1271,615,-1,-1
00008282.jpg,997,336,1271,615,-1,-1
00008283.jpg,997,336,1271,615,-1,-1
00008284.jpg,996,337,1270,616,-1,-1
00008285.jpg,996,337,1270,616,-1,-1
00008286.jpg,996,338,1270,617,-1,-1
00008287.jpg,996,339,1270,618,-1,-1
00008288.jpg,996,339,1270,618,-1,-1
00008289.jpg,1004,321,1252,600,-1,-1
00008290.jpg,1004,321,1252,600,-1,-1
00008291.jpg,1004,321,1252,600,-1,-1
00008292.jpg,1004,321,1252,600,-1,-1
00008293.jpg,1004,321,1252,600,-1,-1
00008294.jpg,1003,321,1251,600,-1,-1
00008295.jpg,1003,321,1251,600,-1,-1
00008296.jpg,1003,321,1251,600,-1,-1
00008297.jpg,1003,321,1251,600,-1,-1
00008298.jpg,1003,321,1251,600,-1,-1
00008299.jpg,1002,321,1250,600,-1,-1
00008300.jpg,1002,321,1250,600,-1,-1
00008301.jpg,1002,321,1250,600,-1,-1
00008302.jpg,1002,321,1250,600,-1,-1
