00010376.jpg,249,114,466,340,-1,-1
00010377.jpg,249,114,466,340,-1,-1
00010378.jpg,249,114,466,340,-1,-1
00010379.jpg,249,114,466,340,-1,-1
00010380.jpg,250,114,467,340,-1,-1
00010381.jpg,250,114,467,340,-1,-1
00010382.jpg,250,114,467,340,-1,-1
00010383.jpg,250,115,467,341,-1,-1
00010384.jpg,251,115,468,341,-1,-1
00010385.jpg,251,115,468,341,-1,-1
00010386.jpg,251,115,468,341,-1,-1
00010387.jpg,251,115,468,341,-1,-1
00010388.jpg,251,115,468,341,-1,-1
00010389.jpg,251,115,468,341,-1,-1
00010390.jpg,251,115,468,341,-1,-1
00010391.jpg,251,115,468,341,-1,-1
00010392.jpg,251,115,468,341,-1,-1
00010393.jpg,250,115,467,341,-1,-1
00010394.jpg,250,115,467,341,-1,-1
00010395.jpg,250,115,467,341,-1,-1
00010396.jpg,250,115,467,341,-1,-1
00010397.jpg,250,115,467,341,-1,-1
00010398.jpg,250,115,467,341,-1,-1
00010399.jpg,250,115,467,341,-1,-1
00010400.jpg,250,115,467,341,-1,-1
00010401.jpg,250,115,467,341,-1,-1
00010402.jpg,251,115,468,341,-1,-1
00010403.jpg,251,115,468,341,-1,-1
00010404.jpg,251,115,468,341,-1,-1
00010405.jpg,251,115,468,341,-1,-1
00010406.jpg,251,115,468,341,-1,-1
00010407.jpg,251,115,468,341,-1,-1
00010408.jpg,252,115,469,341,-1,-1
00010409.jpg,252,115,469,341,-1,-1
00010410.jpg,252,115,469,341,-1,-1
00010411.jpg,252,115,469,341,-1,-1
00010412.jpg,252,115,469,341,-1,-1
00010413.jpg,252,115,469,341,-1,-1
00010414.jpg,252,115,469,341,-1,-1
00010415.jpg,252,115,469,341,-1,-1
00010416.jpg,252,115,469,341,-1,-1
00010417.jpg,252,115,469,341,-1,-1
00010418.jpg,252,115,469,341,-1,-1
00010419.jpg,252,115,469,341,-1,-1
00010420.jpg,251,115,468,341,-1,-1
00010421.jpg,251,115,468,341,-1,-1
00010422.jpg,251,115,468,341,-1,-1
00010423.jpg,251,115,468,341,-1,-1
00010424.jpg,251,115,468,341,-1,-1
00010425.jpg,251,115,468,341,-1,-1
00010426.jpg,251,115,468,341,-1,-1
00010427.jpg,251,115,468,341,-1,-1
00010428.jpg,251,115,468,341,-1,-1
00010429.jpg,250,115,467,341,-1,-1
00010430.jpg,250,115,467,341,-1,-1
00010431.jpg,250,115,467,341,-1,-1
00010432.jpg,249,115,466,341,-1,-1
00010433.jpg,249,115,466,341,-1,-1
00010434.jpg,249,115,466,341,-1,-1
00010435.jpg,248,115,465,341,-1,-1
00010436.jpg,248,115,465,341,-1,-1
00010437.jpg,248,115,465,341,-1,-1
00010438.jpg,247,115,464,341,-1,-1
00010439.jpg,247,115,464,341,-1,-1
00010440.jpg,246,115,463,341,-1,-1
00010441.jpg,246,115,463,341,-1,-1
00010442.jpg,246,115,463,341,-1,-1
00010443.jpg,245,115,462,341,-1,-1
00010444.jpg,245,115,462,341,-1,-1
00010445.jpg,244,115,461,341,-1,-1
00010446.jpg,244,115,461,341,-1,-1
00010447.jpg,244,115,461,341,-1,-1
00010448.jpg,243,115,460,341,-1,-1
00010449.jpg,243,115,460,341,-1,-1
00010450.jpg,242,115,459,341,-1,-1
00010451.jpg,242,115,459,341,-1,-1
00010452.jpg,241,115,458,341,-1,-1
00010453.jpg,240,116,457,342,-1,-1
00010454.jpg,239,116,456,342,-1,-1
00010455.jpg,238,116,455,342,-1,-1
00010456.jpg,238,116,455,342,-1,-1
00010457.jpg,236,117,453,343,-1,-1
00010458.jpg,235,117,452,343,-1,-1
00010459.jpg,234,118,451,344,-1,-1
00010460.jpg,233,118,450,344,-1,-1
00010461.jpg,233,118,450,344,-1,-1
00010462.jpg,233,118,450,344,-1,-1
00010463.jpg,232,118,449,344,-1,-1
00010464.jpg,232,118,449,344,-1,-1
00010465.jpg,232,118,449,344,-1,-1
00010466.jpg,232,118,449,344,-1,-1
00010467.jpg,232,118,449,344,-1,-1
00010468.jpg,232,118,449,344,-1,-1
00010469.jpg,232,118,449,344,-1,-1
00010470.jpg,233,118,450,344,-1,-1
00010471.jpg,233,118,450,344,-1,-1
00010472.jpg,233,118,450,344,-1,-1
00010473.jpg,234,117,451,343,-1,-1
00010474.jpg,234,117,451,343,-1,-1
00010475.jpg,234,117,451,343,-1,-1
00010476.jpg,234,117,451,343,-1,-1
00010477.jpg,234,117,451,343,-1,-1
00010478.jpg,235,117,452,343,-1,-1
00010479.jpg,235,117,452,343,-1,-1
00010480.jpg,235,117,452,343,-1,-1
00010481.jpg,235,117,452,343,-1,-1
00010482.jpg,235,117,452,343,-1,-1
00010483.jpg,236,117,453,343,-1,-1
00010484.jpg,236,117,453,343,-1,-1
00010485.jpg,236,117,453,343,-1,-1
00010486.jpg,236,117,453,343,-1,-1
00010487.jpg,237,117,454,343,-1,-1
00010488.jpg,237,117,454,343,-1,-1
00010489.jpg,237,117,454,343,-1,-1
00010490.jpg,237,117,454,343,-1,-1
