00091564.jpg,1144,104,1411,420,469,862
00091565.jpg,1144,104,1411,420,469,862
00091566.jpg,1144,104,1411,420,469,862
00091567.jpg,1144,104,1411,420,469,862
00091568.jpg,1145,104,1412,420,469,862
00091569.jpg,1147,105,1414,421,469,862
00091570.jpg,1147,104,1414,420,469,862
00091571.jpg,1148,104,1415,420,469,862
00091572.jpg,1150,105,1417,421,469,862
00091573.jpg,1151,105,1418,421,469,862
00091574.jpg,1152,105,1419,421,462,864
00091575.jpg,1153,105,1420,421,458,866
00091576.jpg,1154,104,1421,420,-1,-1
00091577.jpg,1154,104,1421,420,560,268
00091578.jpg,1155,104,1422,420,560,268
00091579.jpg,1155,104,1422,420,560,268
00091580.jpg,1156,104,1423,420,569,265
00091581.jpg,1156,104,1423,420,573,269
00091582.jpg,1157,104,1424,420,581,269
00091583.jpg,1157,104,1424,420,597,269
00091584.jpg,1156,103,1423,419,616,268
00091585.jpg,1157,103,1424,419,629,268
00091586.jpg,1158,103,1425,419,644,266
00091587.jpg,1159,102,1426,418,664,266
00091588.jpg,1160,102,1427,418,689,261
00091589.jpg,1160,102,1427,418,708,258
00091590.jpg,1161,102,1428,418,725,258
00091591.jpg,1160,102,1427,418,738,258
00091592.jpg,1160,101,1427,417,754,262
00091593.jpg,1160,101,1427,417,770,265
00091594.jpg,1160,101,1427,417,788,273
00091595.jpg,1161,101,1428,417,798,272
00091596.jpg,1161,101,1428,417,809,273
00091597.jpg,1160,101,1427,417,824,273
00091598.jpg,1160,101,1427,417,836,276
00091599.jpg,1160,101,1427,417,846,280
00091600.jpg,1161,101,1428,417,858,281
00091601.jpg,1161,101,1428,417,861,285
00091602.jpg,1162,101,1429,417,880,229
00091603.jpg,1162,101,1429,417,882,253
00091604.jpg,1162,101,1429,417,882,262
00091605.jpg,1162,101,1429,417,885,264
00091606.jpg,1164,102,1431,418,886,266
00091607.jpg,1163,102,1430,418,890,270
00091608.jpg,1163,103,1430,419,897,277
00091609.jpg,1164,103,1431,419,912,282
00091610.jpg,1165,104,1432,420,918,285
00091611.jpg,1167,104,1434,420,929,285
00091612.jpg,1166,105,1433,421,938,288
00091613.jpg,1167,105,1434,421,950,292
00091614.jpg,1168,106,1435,422,954,292
00091615.jpg,1169,106,1436,422,961,293
00091616.jpg,1170,106,1437,422,965,294
00091617.jpg,1171,107,1438,423,965,294
00091618.jpg,1171,108,1438,424,965,293
00091619.jpg,1172,108,1439,424,936,329
00091620.jpg,1172,108,1439,424,921,320
00091621.jpg,1170,108,1437,424,900,314
00091622.jpg,1169,107,1436,423,884,305
00091623.jpg,1167,106,1434,422,856,294
00091624.jpg,1164,105,1431,421,833,293
00091625.jpg,1161,105,1428,421,806,289
00091626.jpg,1159,105,1426,421,750,286
00091627.jpg,1156,104,1423,420,720,281
00091628.jpg,1152,103,1419,419,706,277
00091629.jpg,1148,103,1415,419,680,277
00091630.jpg,1144,103,1411,419,660,280
00091631.jpg,1139,101,1406,417,650,277
00091632.jpg,1134,102,1401,418,641,288
00091633.jpg,1128,101,1395,417,629,292
00091634.jpg,1122,101,1389,417,625,300
00091635.jpg,1115,101,1382,417,620,306
00091636.jpg,1120,108,1368,403,614,309
00091637.jpg,1120,108,1368,403,605,306
00091638.jpg,1112,109,1360,404,598,304
00091639.jpg,1102,111,1350,406,593,304
00091640.jpg,1092,114,1340,409,597,297
00091641.jpg,1082,117,1330,412,597,297
00091642.jpg,1065,133,1299,405,597,297
00091643.jpg,1065,133,1299,405,600,293
00091644.jpg,1053,135,1287,407,600,290
00091645.jpg,1040,138,1274,410,600,288
00091646.jpg,1029,140,1263,412,602,288
00091647.jpg,1008,142,1236,414,610,284
00091648.jpg,1008,142,1236,414,622,288
00091649.jpg,1000,143,1228,415,632,289
00091650.jpg,993,144,1221,416,648,292
00091651.jpg,989,144,1217,416,661,293
00091652.jpg,986,144,1214,416,677,301
00091653.jpg,987,144,1215,416,701,301
00091654.jpg,987,144,1215,416,721,309
00091655.jpg,989,144,1217,416,746,313
00091656.jpg,990,143,1218,415,777,316
00091657.jpg,994,143,1222,415,805,322
00091658.jpg,999,143,1227,415,832,328
00091659.jpg,1003,142,1231,414,852,333
00091660.jpg,1008,142,1236,414,872,338
00091661.jpg,1008,142,1236,414,896,341
