00003068.jpg,699,103,968,400,-1,-1
00003069.jpg,699,103,968,400,-1,-1
00003070.jpg,699,103,968,400,-1,-1
00003071.jpg,699,103,968,400,-1,-1
00003072.jpg,702,104,971,401,-1,-1
00003073.jpg,707,108,976,405,-1,-1
00003074.jpg,712,114,981,411,-1,-1
00003075.jpg,727,129,987,413,-1,-1
00003076.jpg,727,129,987,413,-1,-1
00003077.jpg,732,133,992,417,-1,-1
00003078.jpg,736,136,996,420,-1,-1
00003079.jpg,738,137,998,421,-1,-1
00003080.jpg,740,137,1000,421,-1,-1
00003081.jpg,740,137,1000,421,-1,-1
00003082.jpg,740,138,1000,422,-1,-1
00003083.jpg,739,138,999,422,-1,-1
00003084.jpg,737,138,997,422,-1,-1
00003085.jpg,736,139,996,423,-1,-1
00003086.jpg,735,139,995,423,-1,-1
00003087.jpg,736,139,996,423,-1,-1
00003088.jpg,738,137,998,421,-1,-1
00003089.jpg,740,134,1000,418,-1,-1
00003090.jpg,741,130,1001,414,1344,794
00003091.jpg,742,128,1002,412,1344,794
00003092.jpg,741,125,1001,409,1344,788
00003093.jpg,741,125,1001,409,1344,780
