00009833.jpg,332,197,410,275,677,179
00009834.jpg,332,197,410,275,677,179
00009835.jpg,332,197,410,275,677,179
00009836.jpg,332,197,410,275,677,179
00009837.jpg,331,197,409,275,677,179
00009838.jpg,330,196,408,274,677,179
00009839.jpg,330,196,408,274,677,179
00009840.jpg,329,196,407,274,677,179
00009841.jpg,328,196,406,274,677,179
00009842.jpg,327,196,405,274,677,179
00009843.jpg,326,196,404,274,677,179
00009844.jpg,325,196,403,274,677,179
00009845.jpg,324,196,402,274,677,179
00009846.jpg,323,196,401,274,677,179
00009847.jpg,322,196,400,274,677,179
00009848.jpg,322,195,400,273,677,179
00009849.jpg,321,195,399,273,677,179
00009850.jpg,320,195,398,273,677,179
00009851.jpg,320,195,398,273,671,178
00009852.jpg,320,195,398,273,671,178
00009853.jpg,319,195,397,273,671,178
00009854.jpg,319,195,397,273,671,178
00009855.jpg,319,195,397,273,671,178
00009856.jpg,318,195,396,273,671,178
00009857.jpg,318,195,396,273,671,178
00009858.jpg,318,195,396,273,664,177
00009859.jpg,318,195,396,273,664,177
00009860.jpg,318,195,396,273,664,177
00009861.jpg,318,195,396,273,664,177
00009862.jpg,319,194,397,272,664,177
00009863.jpg,319,194,397,272,664,177
00009864.jpg,319,195,397,273,664,177
00009865.jpg,319,195,397,273,662,176
00009866.jpg,319,195,397,273,662,176
00009867.jpg,319,195,397,273,662,176
00009868.jpg,319,195,397,273,662,176
00009869.jpg,320,194,398,272,662,176
00009870.jpg,320,194,398,272,662,176
00009871.jpg,320,195,398,273,662,176
00009872.jpg,320,195,398,273,662,176
00009873.jpg,320,195,398,273,662,176
00009874.jpg,321,194,399,272,655,176
00009875.jpg,321,194,399,272,655,176
00009876.jpg,321,195,399,273,655,176
00009877.jpg,322,194,400,272,655,176
00009878.jpg,322,194,400,272,655,176
00009879.jpg,322,194,400,272,655,176
00009880.jpg,323,194,401,272,655,176
00009881.jpg,323,194,401,272,655,176
00009882.jpg,323,194,401,272,655,176
00009883.jpg,324,194,402,272,653,176
00009884.jpg,324,194,402,272,653,176
00009885.jpg,324,194,402,272,653,176
00009886.jpg,324,194,402,272,653,176
00009887.jpg,324,194,402,272,653,176
00009888.jpg,324,194,402,272,653,176
00009889.jpg,324,194,402,272,653,176
00009890.jpg,324,194,402,272,653,176
00009891.jpg,324,194,402,272,653,176
00009892.jpg,325,194,403,272,653,176
00009893.jpg,325,194,403,272,653,176
00009894.jpg,325,194,403,272,653,176
00009895.jpg,325,194,403,272,653,176
00009896.jpg,326,194,404,272,653,176
00009897.jpg,326,194,404,272,653,176
00009898.jpg,326,194,404,272,653,176
00009899.jpg,326,194,404,272,653,176
00009900.jpg,327,194,405,272,653,176
00009901.jpg,327,194,405,272,653,176
00009902.jpg,327,194,405,272,652,176
00009903.jpg,328,193,406,271,648,175
00009904.jpg,328,194,406,272,647,175
00009905.jpg,328,194,406,272,647,175
00009906.jpg,328,194,406,272,647,175
00009907.jpg,329,193,407,271,645,175
00009908.jpg,329,194,407,272,645,175
00009909.jpg,330,193,408,271,645,175
00009910.jpg,330,193,408,271,645,175
00009911.jpg,330,194,408,272,645,175
00009912.jpg,331,193,409,271,645,175
00009913.jpg,331,193,409,271,645,175
00009914.jpg,332,193,410,271,645,175
00009915.jpg,332,193,410,271,645,175
00009916.jpg,333,193,411,271,645,175
00009917.jpg,333,193,411,271,645,175
00009918.jpg,333,193,411,271,645,175
00009919.jpg,334,193,412,271,645,175
00009920.jpg,334,193,412,271,645,175
00009921.jpg,334,193,412,271,645,175
00009922.jpg,334,193,412,271,645,175
00009923.jpg,335,192,413,270,645,175
00009924.jpg,335,192,413,270,645,175
00009925.jpg,335,192,413,270,645,175
00009926.jpg,335,192,413,270,645,175
00009927.jpg,335,192,413,270,645,175
00009928.jpg,335,191,413,269,645,175
00009929.jpg,335,191,413,269,645,175
00009930.jpg,334,192,412,270,645,175
00009931.jpg,334,191,412,269,-1,-1
00009932.jpg,334,191,412,269,-1,-1
00009933.jpg,333,190,411,268,-1,-1
00009934.jpg,333,190,411,268,-1,-1
00009935.jpg,333,189,411,267,-1,-1
00009936.jpg,332,189,410,267,-1,-1
00009937.jpg,332,188,410,266,-1,-1
00009938.jpg,332,188,410,266,-1,-1
00009939.jpg,332,187,410,265,-1,-1
00009940.jpg,331,187,409,265,741,216
00009941.jpg,331,187,409,265,741,216
00009942.jpg,331,187,409,265,742,216
00009943.jpg,330,187,408,265,742,217
00009944.jpg,330,187,408,265,742,217
00009945.jpg,330,187,408,265,742,217
00009946.jpg,330,186,408,264,742,217
00009947.jpg,330,186,408,264,742,217
00009948.jpg,330,186,408,264,742,218
00009949.jpg,330,186,408,264,742,218
00009950.jpg,330,186,408,264,742,218
00009951.jpg,330,186,408,264,742,218
00009952.jpg,330,186,408,264,742,218
00009953.jpg,331,185,409,263,742,218
00009954.jpg,331,185,409,263,742,218
00009955.jpg,331,185,409,263,742,218
00009956.jpg,331,185,409,263,742,218
00009957.jpg,331,185,409,263,742,218
00009958.jpg,332,185,410,263,742,218
00009959.jpg,332,185,410,263,742,218
00009960.jpg,332,185,410,263,742,218
00009961.jpg,332,185,410,263,742,218
00009962.jpg,332,185,410,263,742,218
00009963.jpg,333,184,411,262,743,218
00009964.jpg,333,184,411,262,743,218
00009965.jpg,333,184,411,262,743,218
00009966.jpg,333,184,411,262,743,218
00009967.jpg,334,184,412,262,743,217
00009968.jpg,334,184,412,262,743,217
00009969.jpg,334,184,412,262,-1,-1
00009970.jpg,334,184,412,262,-1,-1
00009971.jpg,334,185,412,263,-1,-1
00009972.jpg,334,185,412,263,-1,-1
00009973.jpg,333,187,411,265,-1,-1
00009974.jpg,334,187,412,265,627,179
00009975.jpg,334,187,412,265,627,179
00009976.jpg,335,187,413,265,627,179
00009977.jpg,335,187,413,265,627,179
00009978.jpg,336,186,414,264,627,179
00009979.jpg,336,187,414,265,627,179
00009980.jpg,336,187,414,265,627,179
00009981.jpg,336,187,414,265,627,179
00009982.jpg,336,187,414,265,627,179
00009983.jpg,337,186,415,264,627,179
00009984.jpg,336,187,414,265,627,179
00009985.jpg,336,186,414,264,627,179
00009986.jpg,337,184,414,265,627,179
00009987.jpg,337,184,414,265,-1,-1
00009988.jpg,337,184,414,265,-1,-1
00009989.jpg,336,183,413,264,-1,-1
00009990.jpg,337,183,420,265,-1,-1
00009991.jpg,337,183,420,265,-1,-1
00009992.jpg,337,183,420,265,-1,-1
00009993.jpg,337,183,420,265,-1,-1
00009994.jpg,336,182,419,264,-1,-1
00009995.jpg,336,182,419,264,-1,-1
00009996.jpg,336,182,419,264,-1,-1
00009997.jpg,336,182,419,264,-1,-1
00009998.jpg,335,182,418,264,-1,-1
00009999.jpg,343,185,417,260,-1,-1
00010000.jpg,343,185,417,260,-1,-1
00010001.jpg,343,185,417,260,-1,-1
00010002.jpg,343,185,417,260,-1,-1
00010003.jpg,343,185,417,260,-1,-1
00010004.jpg,343,185,417,260,-1,-1
00010005.jpg,343,185,417,260,-1,-1
00010006.jpg,342,185,416,260,-1,-1
00010007.jpg,342,185,416,260,-1,-1
00010008.jpg,342,185,416,260,-1,-1
00010009.jpg,343,185,417,260,-1,-1
00010010.jpg,343,185,417,260,-1,-1
00010011.jpg,343,185,417,260,-1,-1
00010012.jpg,343,185,417,260,-1,-1
00010013.jpg,343,185,417,260,-1,-1
00010014.jpg,343,185,417,260,-1,-1
00010015.jpg,342,185,416,260,-1,-1
00010016.jpg,341,181,419,265,-1,-1
00010017.jpg,341,181,419,265,-1,-1
00010018.jpg,341,181,419,265,-1,-1
00010019.jpg,341,181,419,265,-1,-1
00010020.jpg,341,181,419,265,-1,-1
00010021.jpg,341,181,419,265,742,216
00010022.jpg,340,181,418,265,742,216
00010023.jpg,340,182,418,266,742,216
00010024.jpg,339,182,417,266,742,216
00010025.jpg,339,182,417,266,742,216
00010026.jpg,339,182,417,266,742,216
00010027.jpg,338,183,416,267,742,216
00010028.jpg,338,183,416,267,742,216
00010029.jpg,338,183,416,267,742,216
00010030.jpg,339,183,417,267,742,216
00010031.jpg,339,183,417,267,742,216
00010032.jpg,339,183,417,267,742,216
00010033.jpg,339,183,417,267,742,216
00010034.jpg,339,183,417,267,742,216
00010035.jpg,339,183,417,267,742,216
00010036.jpg,339,183,417,267,742,216
00010037.jpg,339,183,417,267,742,216
00010038.jpg,339,184,417,268,742,216
00010039.jpg,339,184,417,268,742,216
00010040.jpg,339,184,417,268,740,216
