00009833.jpg,703,199,781,275,690,190
00009834.jpg,703,199,781,275,690,190
00009835.jpg,703,199,781,275,690,190
00009836.jpg,703,199,781,275,690,190
00009837.jpg,703,199,781,275,690,190
00009838.jpg,703,198,781,274,689,190
00009839.jpg,702,198,780,274,686,190
00009840.jpg,702,198,780,274,685,190
00009841.jpg,702,198,780,274,683,190
00009842.jpg,702,198,780,274,681,190
00009843.jpg,701,197,779,273,681,190
00009844.jpg,701,197,779,273,681,190
00009845.jpg,701,197,779,273,681,190
00009846.jpg,701,197,779,273,681,190
00009847.jpg,700,197,778,273,681,190
00009848.jpg,700,196,778,272,681,190
00009849.jpg,700,196,778,272,681,190
00009850.jpg,700,196,778,272,681,190
00009851.jpg,700,196,778,272,681,190
00009852.jpg,700,196,778,272,681,190
00009853.jpg,701,195,779,271,679,189
00009854.jpg,702,195,780,271,679,189
00009855.jpg,702,195,780,271,679,189
00009856.jpg,702,195,780,271,679,189
00009857.jpg,702,195,780,271,679,189
00009858.jpg,703,195,781,271,679,189
00009859.jpg,704,195,782,271,679,189
00009860.jpg,704,195,782,271,679,189
00009861.jpg,705,195,783,271,679,189
00009862.jpg,707,195,785,271,679,189
00009863.jpg,708,195,786,271,679,189
00009864.jpg,709,195,787,271,679,189
00009865.jpg,710,195,788,271,679,189
00009866.jpg,711,195,789,271,679,189
00009867.jpg,711,195,789,271,679,189
00009868.jpg,712,195,790,271,679,189
00009869.jpg,712,195,790,271,679,188
00009870.jpg,713,195,791,271,679,187
00009871.jpg,713,195,791,271,679,187
00009872.jpg,706,195,792,273,-1,-1
00009873.jpg,706,195,792,273,-1,-1
00009874.jpg,707,195,793,273,-1,-1
00009875.jpg,707,195,793,273,-1,-1
00009876.jpg,708,195,794,273,-1,-1
00009877.jpg,708,195,794,273,-1,-1
00009878.jpg,709,195,795,273,-1,-1
00009879.jpg,710,195,796,273,-1,-1
00009880.jpg,710,195,796,273,-1,-1
00009881.jpg,711,195,797,273,-1,-1
00009882.jpg,711,195,797,273,-1,-1
00009883.jpg,711,195,797,273,-1,-1
00009884.jpg,711,195,797,273,-1,-1
00009885.jpg,709,195,795,273,-1,-1
00009886.jpg,709,195,795,273,-1,-1
00009887.jpg,709,195,795,273,-1,-1
00009888.jpg,714,196,790,272,-1,-1
00009889.jpg,714,196,790,272,-1,-1
00009890.jpg,714,196,790,272,-1,-1
00009891.jpg,714,196,790,272,-1,-1
00009892.jpg,714,196,790,272,-1,-1
00009893.jpg,714,196,790,272,-1,-1
00009894.jpg,714,196,790,272,-1,-1
00009895.jpg,714,196,790,272,-1,-1
00009896.jpg,714,196,790,272,-1,-1
00009897.jpg,714,196,790,272,-1,-1
00009898.jpg,714,196,790,272,-1,-1
00009899.jpg,714,196,790,272,-1,-1
00009900.jpg,714,196,790,272,-1,-1
00009901.jpg,715,196,791,272,-1,-1
00009902.jpg,715,196,791,272,-1,-1
00009903.jpg,715,196,791,272,-1,-1
00009904.jpg,715,196,791,272,-1,-1
00009905.jpg,715,196,791,272,-1,-1
00009906.jpg,715,196,791,272,-1,-1
00009907.jpg,715,196,791,272,-1,-1
00009908.jpg,715,196,791,272,-1,-1
00009909.jpg,715,196,791,272,-1,-1
00009910.jpg,715,195,791,271,-1,-1
00009911.jpg,715,195,791,271,-1,-1
00009912.jpg,716,195,792,271,-1,-1
00009913.jpg,716,195,792,271,-1,-1
00009914.jpg,716,195,792,271,-1,-1
00009915.jpg,716,195,792,271,-1,-1
00009916.jpg,717,195,793,271,-1,-1
00009917.jpg,716,195,792,271,-1,-1
00009918.jpg,716,195,792,271,-1,-1
00009919.jpg,716,195,792,271,-1,-1
00009920.jpg,716,195,792,271,-1,-1
00009921.jpg,716,194,792,270,-1,-1
00009922.jpg,716,194,792,270,-1,-1
00009923.jpg,716,194,792,270,-1,-1
00009924.jpg,716,194,792,270,-1,-1
00009925.jpg,715,194,791,270,-1,-1
00009926.jpg,715,194,791,270,-1,-1
00009927.jpg,715,194,791,270,-1,-1
00009928.jpg,715,193,791,269,-1,-1
00009929.jpg,715,193,791,269,-1,-1
00009930.jpg,715,193,791,269,-1,-1
00009931.jpg,715,193,791,269,-1,-1
00009932.jpg,714,193,790,269,-1,-1
00009933.jpg,714,192,790,268,-1,-1
00009934.jpg,715,187,785,256,-1,-1
00009935.jpg,715,187,785,256,-1,-1
00009936.jpg,715,187,785,256,-1,-1
00009937.jpg,716,186,786,255,-1,-1
00009938.jpg,716,186,786,255,-1,-1
00009939.jpg,716,186,786,255,-1,-1
00009940.jpg,717,186,787,255,-1,-1
00009941.jpg,717,186,787,255,-1,-1
00009942.jpg,718,186,788,255,-1,-1
00009943.jpg,718,186,788,255,-1,-1
00009944.jpg,718,186,788,255,-1,-1
00009945.jpg,718,186,788,255,-1,-1
00009946.jpg,718,186,788,255,-1,-1
00009947.jpg,718,186,788,255,-1,-1
00009948.jpg,718,186,788,255,-1,-1
00009949.jpg,718,186,788,255,-1,-1
00009950.jpg,719,185,789,254,-1,-1
00009951.jpg,719,185,789,254,-1,-1
00009952.jpg,719,185,789,254,-1,-1
00009953.jpg,719,185,789,254,-1,-1
00009954.jpg,719,185,789,254,-1,-1
00009955.jpg,719,185,789,254,-1,-1
00009956.jpg,719,185,789,254,-1,-1
00009957.jpg,719,185,789,254,-1,-1
00009958.jpg,719,185,789,254,-1,-1
00009959.jpg,719,185,789,254,-1,-1
00009960.jpg,719,185,789,254,-1,-1
00009961.jpg,719,185,789,254,-1,-1
00009962.jpg,719,185,789,254,-1,-1
00009963.jpg,719,185,789,254,-1,-1
00009964.jpg,719,184,789,253,-1,-1
00009965.jpg,719,184,789,253,-1,-1
00009966.jpg,720,184,790,253,-1,-1
00009967.jpg,720,184,790,253,-1,-1
00009968.jpg,720,184,790,253,-1,-1
00009969.jpg,720,184,790,253,-1,-1
00009970.jpg,720,184,790,253,-1,-1
00009971.jpg,720,184,790,253,-1,-1
00009972.jpg,720,184,790,253,-1,-1
00009973.jpg,721,184,791,253,-1,-1
00009974.jpg,721,184,791,253,-1,-1
00009975.jpg,721,184,791,253,-1,-1
00009976.jpg,721,184,791,253,-1,-1
00009977.jpg,721,184,791,253,-1,-1
00009978.jpg,721,184,791,253,-1,-1
00009979.jpg,721,184,791,253,-1,-1
00009980.jpg,720,185,790,254,-1,-1
00009981.jpg,720,185,790,254,-1,-1
00009982.jpg,720,185,790,254,-1,-1
00009983.jpg,720,185,790,254,-1,-1
00009984.jpg,721,185,791,254,-1,-1
00009985.jpg,720,185,790,254,-1,-1
00009986.jpg,720,185,790,254,-1,-1
00009987.jpg,720,184,790,253,-1,-1
00009988.jpg,720,184,790,253,-1,-1
00009989.jpg,721,184,791,253,-1,-1
00009990.jpg,721,184,791,253,-1,-1
00009991.jpg,721,185,791,254,-1,-1
00009992.jpg,721,185,791,254,-1,-1
00009993.jpg,720,185,790,254,-1,-1
00009994.jpg,720,185,790,254,-1,-1
00009995.jpg,720,185,790,254,-1,-1
00009996.jpg,720,185,790,254,-1,-1
00009997.jpg,720,185,790,254,-1,-1
00009998.jpg,720,184,790,253,-1,-1
00009999.jpg,720,184,790,253,-1,-1
00010000.jpg,720,184,790,253,-1,-1
00010001.jpg,720,184,790,253,-1,-1
00010002.jpg,720,184,790,253,-1,-1
00010003.jpg,720,183,790,252,-1,-1
00010004.jpg,720,184,790,253,-1,-1
00010005.jpg,719,184,789,253,-1,-1
00010006.jpg,719,185,789,254,-1,-1
00010007.jpg,718,185,788,254,-1,-1
00010008.jpg,718,185,788,254,-1,-1
00010009.jpg,718,185,788,254,-1,-1
00010010.jpg,717,185,787,254,-1,-1
00010011.jpg,717,185,787,254,-1,-1
00010012.jpg,718,186,788,255,-1,-1
00010013.jpg,718,186,788,255,-1,-1
00010014.jpg,719,185,789,254,-1,-1
00010015.jpg,719,185,789,254,-1,-1
00010016.jpg,720,184,790,253,-1,-1
00010017.jpg,720,184,790,253,-1,-1
00010018.jpg,720,184,790,253,-1,-1
00010019.jpg,720,184,790,253,-1,-1
00010020.jpg,720,184,790,253,-1,-1
00010021.jpg,720,184,790,253,-1,-1
00010022.jpg,720,184,790,253,-1,-1
00010023.jpg,719,185,789,254,-1,-1
00010024.jpg,719,185,789,254,-1,-1
00010025.jpg,718,185,788,254,-1,-1
00010026.jpg,718,185,788,254,-1,-1
00010027.jpg,718,185,788,254,-1,-1
00010028.jpg,717,185,787,254,-1,-1
00010029.jpg,717,185,787,254,-1,-1
00010030.jpg,717,185,787,254,-1,-1
00010031.jpg,716,185,786,254,-1,-1
00010032.jpg,716,185,786,254,-1,-1
00010033.jpg,716,184,786,253,-1,-1
00010034.jpg,716,184,786,253,-1,-1
00010035.jpg,715,184,785,253,-1,-1
00010036.jpg,715,184,785,253,-1,-1
00010037.jpg,715,184,785,253,-1,-1
00010038.jpg,715,184,785,253,-1,-1
00010039.jpg,714,184,784,253,-1,-1
00010040.jpg,714,184,784,253,-1,-1
