00009833.jpg,891,199,977,293,-1,-1
00009834.jpg,891,199,977,293,-1,-1
00009835.jpg,891,199,977,293,-1,-1
00009836.jpg,891,199,977,293,-1,-1
00009837.jpg,891,199,977,293,-1,-1
00009838.jpg,892,198,978,292,-1,-1
00009839.jpg,892,198,978,292,-1,-1
00009840.jpg,892,198,978,292,-1,-1
00009841.jpg,893,198,979,292,-1,-1
00009842.jpg,893,197,979,291,-1,-1
00009843.jpg,894,197,980,291,-1,-1
00009844.jpg,894,197,980,291,-1,-1
00009845.jpg,894,197,980,291,-1,-1
00009846.jpg,895,197,981,291,-1,-1
00009847.jpg,895,197,981,291,-1,-1
00009848.jpg,896,196,982,290,-1,-1
00009849.jpg,896,196,982,290,-1,-1
00009850.jpg,896,196,982,290,-1,-1
00009851.jpg,896,196,982,290,-1,-1
00009852.jpg,896,196,982,290,-1,-1
00009853.jpg,896,196,982,290,-1,-1
00009854.jpg,897,196,983,290,-1,-1
00009855.jpg,897,196,983,290,-1,-1
00009856.jpg,897,196,983,290,-1,-1
00009857.jpg,897,196,983,290,-1,-1
00009858.jpg,897,196,983,290,-1,-1
00009859.jpg,897,196,983,290,-1,-1
00009860.jpg,897,196,983,290,-1,-1
00009861.jpg,897,195,983,289,-1,-1
00009862.jpg,897,195,983,289,-1,-1
00009863.jpg,897,195,983,289,-1,-1
00009864.jpg,897,195,983,289,-1,-1
00009865.jpg,897,195,983,289,-1,-1
00009866.jpg,898,195,984,289,-1,-1
00009867.jpg,897,195,983,289,-1,-1
00009868.jpg,897,196,983,290,-1,-1
00009869.jpg,896,196,982,290,-1,-1
00009870.jpg,896,195,982,289,-1,-1
00009871.jpg,898,195,984,289,-1,-1
00009872.jpg,898,195,984,289,-1,-1
00009873.jpg,898,196,984,290,-1,-1
00009874.jpg,898,196,984,290,-1,-1
00009875.jpg,900,196,986,290,-1,-1
00009876.jpg,899,196,985,290,-1,-1
00009877.jpg,899,196,985,290,664,185
00009878.jpg,897,196,983,290,664,185
00009879.jpg,896,196,982,290,664,185
00009880.jpg,896,196,982,290,664,185
00009881.jpg,896,196,982,290,663,185
00009882.jpg,896,196,982,290,662,185
00009883.jpg,897,196,983,290,662,185
00009884.jpg,898,195,984,289,662,185
00009885.jpg,898,195,984,289,662,185
00009886.jpg,897,195,983,289,661,185
00009887.jpg,897,195,983,289,661,185
00009888.jpg,896,196,982,290,661,185
00009889.jpg,896,196,982,290,660,185
00009890.jpg,896,196,982,290,658,186
00009891.jpg,897,195,983,289,657,186
00009892.jpg,897,195,983,289,657,186
00009893.jpg,897,195,983,289,657,186
00009894.jpg,897,195,983,289,657,186
00009895.jpg,897,195,983,289,653,186
00009896.jpg,897,195,983,289,653,186
00009897.jpg,897,195,983,289,653,186
00009898.jpg,897,195,983,289,653,186
00009899.jpg,898,195,984,289,653,186
00009900.jpg,898,195,984,289,653,186
00009901.jpg,898,195,984,289,653,186
00009902.jpg,898,195,984,289,653,186
00009903.jpg,898,195,984,289,653,186
00009904.jpg,898,195,984,289,653,186
00009905.jpg,898,195,984,289,653,186
00009906.jpg,899,195,985,289,653,186
00009907.jpg,899,195,985,289,653,186
00009908.jpg,899,195,985,289,653,186
00009909.jpg,899,195,985,289,653,186
00009910.jpg,900,195,986,289,653,186
00009911.jpg,900,195,986,289,653,186
00009912.jpg,900,195,986,289,653,186
00009913.jpg,901,194,987,288,653,186
00009914.jpg,901,194,987,288,653,186
00009915.jpg,902,194,988,288,653,186
00009916.jpg,902,194,988,288,653,186
00009917.jpg,903,194,989,288,653,186
00009918.jpg,903,194,989,288,653,186
00009919.jpg,903,194,989,288,653,186
00009920.jpg,904,194,990,288,653,186
00009921.jpg,904,194,990,288,653,186
00009922.jpg,904,194,990,288,653,183
00009923.jpg,904,194,990,288,653,183
00009924.jpg,904,193,990,287,653,183
00009925.jpg,904,193,990,287,653,183
00009926.jpg,904,193,990,287,653,183
00009927.jpg,904,193,990,287,653,183
00009928.jpg,904,193,990,287,653,183
00009929.jpg,904,193,990,287,653,183
00009930.jpg,904,192,990,286,653,183
00009931.jpg,904,192,990,286,653,183
00009932.jpg,904,192,990,286,653,183
00009933.jpg,904,192,990,286,652,183
00009934.jpg,904,192,990,286,652,183
00009935.jpg,905,191,991,285,652,183
00009936.jpg,905,191,991,285,649,183
00009937.jpg,905,191,991,285,649,183
00009938.jpg,905,191,991,285,644,183
00009939.jpg,904,191,990,285,644,183
00009940.jpg,905,190,991,284,644,183
00009941.jpg,905,190,991,284,644,183
00009942.jpg,904,190,990,284,642,183
00009943.jpg,904,190,990,284,642,183
00009944.jpg,904,190,990,284,636,183
00009945.jpg,904,190,990,284,636,183
00009946.jpg,904,190,990,284,636,183
00009947.jpg,904,189,990,283,636,183
00009948.jpg,904,189,990,283,636,183
00009949.jpg,904,189,990,283,636,183
00009950.jpg,904,189,990,283,636,183
00009951.jpg,904,189,990,283,636,183
00009952.jpg,904,189,990,283,636,183
00009953.jpg,904,189,990,283,636,183
00009954.jpg,904,189,990,283,636,183
00009955.jpg,904,189,990,283,636,183
00009956.jpg,905,188,991,282,636,183
00009957.jpg,905,188,991,282,636,183
00009958.jpg,905,188,991,282,636,183
00009959.jpg,905,188,991,282,636,183
00009960.jpg,905,188,991,282,636,183
00009961.jpg,905,188,991,282,636,183
00009962.jpg,905,188,991,282,636,183
00009963.jpg,905,188,991,282,636,183
00009964.jpg,905,188,991,282,636,183
00009965.jpg,905,188,991,282,631,183
00009966.jpg,905,188,991,282,631,183
00009967.jpg,906,187,992,281,631,183
00009968.jpg,906,187,992,281,631,183
00009969.jpg,906,187,992,281,631,183
00009970.jpg,906,187,992,281,631,183
00009971.jpg,906,187,992,281,631,183
00009972.jpg,906,187,992,281,631,183
00009973.jpg,906,187,992,281,630,183
00009974.jpg,906,187,992,281,630,182
00009975.jpg,907,187,993,281,630,181
00009976.jpg,907,187,993,281,630,181
00009977.jpg,907,187,993,281,628,181
00009978.jpg,907,187,993,281,628,181
00009979.jpg,907,187,993,281,628,181
00009980.jpg,907,187,993,281,628,181
00009981.jpg,907,187,993,281,628,181
00009982.jpg,907,187,993,281,628,181
00009983.jpg,907,187,993,281,627,181
00009984.jpg,907,186,993,280,627,181
00009985.jpg,907,186,993,280,627,181
00009986.jpg,907,186,993,280,627,181
00009987.jpg,907,186,993,280,627,181
00009988.jpg,907,186,993,280,627,181
00009989.jpg,907,186,993,280,627,181
00009990.jpg,907,186,993,280,627,181
00009991.jpg,907,186,993,280,627,181
00009992.jpg,907,186,993,280,627,181
00009993.jpg,907,186,993,280,627,181
00009994.jpg,906,186,992,280,627,181
00009995.jpg,906,186,992,280,627,181
00009996.jpg,906,186,992,280,627,181
00009997.jpg,906,186,992,280,627,181
00009998.jpg,906,186,992,280,754,216
00009999.jpg,906,186,992,280,754,217
00010000.jpg,905,186,991,280,754,217
00010001.jpg,904,186,990,280,754,217
00010002.jpg,904,186,990,280,754,217
00010003.jpg,903,186,989,280,754,217
00010004.jpg,903,186,989,280,754,217
00010005.jpg,903,186,989,280,754,217
00010006.jpg,902,187,988,281,754,217
00010007.jpg,902,186,988,280,754,217
00010008.jpg,902,186,988,280,754,217
00010009.jpg,902,186,988,280,749,217
00010010.jpg,902,186,988,280,749,217
00010011.jpg,901,187,987,281,749,217
00010012.jpg,901,187,987,281,749,217
00010013.jpg,901,187,987,281,749,217
00010014.jpg,901,187,987,281,749,217
00010015.jpg,901,187,987,281,751,213
00010016.jpg,900,187,986,281,753,213
00010017.jpg,900,187,986,281,756,215
00010018.jpg,900,187,986,281,756,216
00010019.jpg,900,187,986,281,756,216
00010020.jpg,900,187,986,281,756,216
00010021.jpg,900,187,986,281,756,216
00010022.jpg,899,187,985,281,756,216
00010023.jpg,899,187,985,281,756,216
00010024.jpg,899,187,985,281,756,216
00010025.jpg,898,187,984,281,756,216
00010026.jpg,898,187,984,281,756,216
00010027.jpg,898,187,984,281,756,216
00010028.jpg,897,187,983,281,756,216
00010029.jpg,897,187,983,281,756,216
00010030.jpg,897,187,983,281,756,216
00010031.jpg,897,187,983,281,756,216
00010032.jpg,896,187,982,281,756,216
00010033.jpg,896,187,982,281,756,216
00010034.jpg,896,187,982,281,756,216
00010035.jpg,896,187,982,281,756,216
00010036.jpg,896,187,982,281,756,216
00010037.jpg,895,188,981,282,756,216
00010038.jpg,895,188,981,282,756,216
00010039.jpg,895,187,981,281,756,216
00010040.jpg,895,187,981,281,754,216
