00037786.jpg,265,43,414,182,-1,-1
00037787.jpg,264,42,415,183,-1,-1
00037788.jpg,265,43,416,185,-1,-1
00037789.jpg,265,43,415,185,-1,-1
00037790.jpg,265,43,415,184,-1,-1
00037791.jpg,265,43,415,184,-1,-1
00037792.jpg,266,43,415,184,-1,-1
00037793.jpg,265,43,415,183,-1,-1
00037794.jpg,264,43,415,183,-1,-1
00037795.jpg,264,43,413,182,-1,-1
00037796.jpg,264,43,412,182,-1,-1
00037797.jpg,264,43,412,181,-1,-1
00037798.jpg,262,43,413,182,-1,-1
00037799.jpg,263,43,412,180,-1,-1
00037800.jpg,262,44,411,180,-1,-1
00037801.jpg,263,44,410,180,-1,-1
00037802.jpg,263,44,411,180,-1,-1
00037803.jpg,263,44,410,180,-1,-1
00037804.jpg,263,44,410,180,-1,-1
00037805.jpg,262,44,410,180,-1,-1
00037806.jpg,262,44,410,181,-1,-1
00037807.jpg,262,44,410,181,-1,-1
00037808.jpg,262,43,409,180,-1,-1
00037809.jpg,261,43,410,180,-1,-1
00037810.jpg,261,43,411,181,-1,-1
00037811.jpg,262,43,411,181,-1,-1
00037812.jpg,262,43,412,182,-1,-1
00037813.jpg,262,44,411,180,-1,-1
00037814.jpg,262,43,411,181,-1,-1
00037815.jpg,262,43,410,180,-1,-1
00037816.jpg,262,44,410,180,-1,-1
00037817.jpg,264,44,410,181,-1,-1
00037818.jpg,263,43,413,183,-1,-1
00037819.jpg,263,43,413,183,-1,-1
00037820.jpg,263,42,412,182,-1,-1
00037821.jpg,263,42,413,183,-1,-1
00037822.jpg,264,42,413,182,-1,-1
00037823.jpg,265,42,413,182,-1,-1
00037824.jpg,265,43,411,181,-1,-1
00037825.jpg,265,44,412,182,-1,-1
00037826.jpg,266,44,411,183,-1,-1
00037827.jpg,266,44,412,184,-1,-1
00037828.jpg,265,44,411,183,-1,-1
00037829.jpg,265,45,411,183,-1,-1
00037830.jpg,265,45,411,183,-1,-1
00037831.jpg,266,45,411,182,-1,-1
00037832.jpg,266,45,411,182,-1,-1
00037833.jpg,266,45,412,182,-1,-1
00037834.jpg,267,45,413,183,-1,-1
00037835.jpg,266,45,413,184,-1,-1
00037836.jpg,267,45,413,184,-1,-1
00037837.jpg,267,45,413,184,-1,-1
00037838.jpg,267,46,412,183,-1,-1
00037839.jpg,267,46,413,184,-1,-1
00037840.jpg,267,46,414,184,-1,-1
00037841.jpg,267,47,417,188,-1,-1
00037842.jpg,267,47,418,189,-1,-1
00037843.jpg,265,46,418,188,-1,-1
00037844.jpg,265,47,419,188,247,314
00037845.jpg,263,47,417,189,247,314
00037846.jpg,265,47,419,189,247,314
00037847.jpg,265,46,420,190,247,314
00037848.jpg,264,43,423,191,247,314
00037849.jpg,264,44,423,192,247,312
00037850.jpg,264,44,423,190,247,312
00037851.jpg,264,43,423,190,247,312
00037852.jpg,264,44,419,186,247,312
00037853.jpg,264,44,419,188,246,312
00037854.jpg,264,44,420,188,245,312
00037855.jpg,263,44,421,189,243,312
00037856.jpg,262,43,420,190,237,312
00037857.jpg,259,42,419,190,230,313
00037858.jpg,259,43,416,189,219,313
00037859.jpg,259,43,416,189,219,313
