00001610.jpg,50,55,212,195,327,113
00001611.jpg,62,57,224,187,329,112
00001612.jpg,74,54,236,187,334,109
00001613.jpg,74,54,236,187,334,109
00001614.jpg,86,54,248,187,334,110
00001615.jpg,98,53,260,186,338,113
00001616.jpg,108,54,270,187,339,117
00001617.jpg,117,54,279,187,340,124
00001618.jpg,117,54,279,187,341,124
00001619.jpg,123,54,285,187,342,129
00001620.jpg,127,54,289,187,342,134
00001621.jpg,130,54,292,187,341,134
00001622.jpg,132,55,294,188,343,134
00001623.jpg,132,55,294,188,343,134
00001624.jpg,135,55,297,188,343,134
00001625.jpg,138,55,300,188,346,135
00001626.jpg,141,55,303,188,348,137
00001627.jpg,144,54,306,187,349,139
00001628.jpg,144,54,306,187,349,139
00001629.jpg,145,54,307,187,350,138
00001630.jpg,145,54,307,187,354,136
00001631.jpg,142,54,304,187,354,133
00001632.jpg,138,54,300,187,354,132
00001633.jpg,138,54,300,187,354,132
00001634.jpg,133,54,295,187,352,130
00001635.jpg,127,54,289,187,349,130
00001636.jpg,120,54,282,187,346,128
00001637.jpg,116,54,278,187,344,128
00001638.jpg,116,54,278,187,344,128
00001639.jpg,114,54,276,187,340,128
00001640.jpg,114,54,276,187,339,130
00001641.jpg,117,54,279,187,337,135
00001642.jpg,122,54,284,187,338,137
00001643.jpg,122,54,284,187,338,137
00001644.jpg,128,54,290,187,343,137
00001645.jpg,138,54,300,187,352,135
00001646.jpg,149,54,311,187,360,135
00001647.jpg,162,54,324,187,370,137
00001648.jpg,162,54,324,187,370,137
00001649.jpg,162,54,324,187,375,137
