00037786.jpg,500,44,648,182,-1,-1
00037787.jpg,500,44,648,181,-1,-1
00037788.jpg,500,43,649,181,-1,-1
00037789.jpg,500,43,649,181,-1,-1
00037790.jpg,500,43,648,181,-1,-1
00037791.jpg,499,43,648,181,-1,-1
00037792.jpg,499,43,648,181,-1,-1
00037793.jpg,499,43,648,182,-1,-1
00037794.jpg,499,43,648,181,-1,-1
00037795.jpg,500,43,647,181,-1,-1
00037796.jpg,499,43,647,181,-1,-1
00037797.jpg,500,43,647,181,-1,-1
00037798.jpg,500,43,646,181,-1,-1
00037799.jpg,500,42,647,180,-1,-1
00037800.jpg,500,42,647,181,-1,-1
00037801.jpg,500,43,647,181,-1,-1
00037802.jpg,500,43,648,181,-1,-1
00037803.jpg,500,43,648,181,-1,-1
00037804.jpg,501,42,648,181,-1,-1
00037805.jpg,501,43,648,181,-1,-1
00037806.jpg,501,44,648,181,-1,-1
00037807.jpg,501,44,648,181,-1,-1
00037808.jpg,500,44,648,181,-1,-1
00037809.jpg,499,43,648,181,-1,-1
00037810.jpg,500,43,647,181,-1,-1
00037811.jpg,500,44,647,181,-1,-1
00037812.jpg,499,43,647,180,-1,-1
00037813.jpg,500,44,647,180,-1,-1
00037814.jpg,500,43,648,180,-1,-1
00037815.jpg,500,44,647,181,-1,-1
00037816.jpg,501,44,647,181,-1,-1
00037817.jpg,501,43,648,182,-1,-1
00037818.jpg,500,43,649,182,-1,-1
00037819.jpg,500,43,648,181,-1,-1
00037820.jpg,501,44,648,181,-1,-1
00037821.jpg,500,43,648,182,-1,-1
00037822.jpg,500,44,648,182,-1,-1
00037823.jpg,500,45,648,182,-1,-1
00037824.jpg,499,45,648,182,-1,-1
00037825.jpg,501,46,648,182,615,339
00037826.jpg,501,46,648,182,615,338
00037827.jpg,501,46,648,183,609,337
00037828.jpg,501,46,648,183,608,337
00037829.jpg,503,47,647,183,608,338
00037830.jpg,503,48,647,183,608,338
00037831.jpg,505,50,646,183,601,338
00037832.jpg,504,50,648,184,601,337
00037833.jpg,506,49,650,184,601,336
00037834.jpg,507,50,651,186,600,336
00037835.jpg,505,49,652,188,589,338
00037836.jpg,506,50,652,189,576,332
00037837.jpg,504,47,654,190,578,334
00037838.jpg,504,47,655,191,569,332
00037839.jpg,504,46,657,193,559,334
00037840.jpg,503,47,658,194,547,334
00037841.jpg,503,46,658,195,533,334
00037842.jpg,503,45,660,195,528,333
00037843.jpg,502,44,660,196,525,333
00037844.jpg,503,44,659,197,525,333
00037845.jpg,503,43,659,197,525,333
00037846.jpg,504,43,659,197,525,333
00037847.jpg,504,42,660,198,525,333
00037848.jpg,503,40,662,198,525,332
00037849.jpg,505,41,661,198,523,332
00037850.jpg,506,42,662,197,520,332
00037851.jpg,507,42,662,197,517,332
00037852.jpg,506,42,662,197,517,332
00037853.jpg,506,43,661,197,517,332
00037854.jpg,507,44,660,196,517,332
00037855.jpg,507,42,659,197,235,316
00037856.jpg,508,43,659,197,233,316
00037857.jpg,506,43,660,197,233,317
00037858.jpg,509,44,659,197,233,315
00037859.jpg,509,44,659,197,231,316
