00007265.jpg,468,89,653,284,-1,-1
00007266.jpg,468,89,653,284,-1,-1
00007267.jpg,468,89,653,284,-1,-1
00007268.jpg,468,89,653,284,-1,-1
00007269.jpg,467,91,652,286,-1,-1
00007270.jpg,467,91,652,286,-1,-1
00007271.jpg,467,89,652,284,-1,-1
00007272.jpg,467,87,652,282,-1,-1
00007273.jpg,467,87,652,282,-1,-1
00007274.jpg,467,85,652,280,-1,-1
00007275.jpg,467,83,652,278,-1,-1
00007276.jpg,467,83,652,278,-1,-1
00007277.jpg,466,83,651,278,-1,-1
00007278.jpg,466,83,651,278,-1,-1
00007279.jpg,466,83,651,278,-1,-1
00007280.jpg,466,83,651,278,-1,-1
00007281.jpg,466,83,651,278,-1,-1
00007282.jpg,467,83,652,278,-1,-1
00007283.jpg,469,83,654,278,-1,-1
00007284.jpg,469,83,654,278,-1,-1
00007285.jpg,472,83,657,278,830,194
00007286.jpg,472,83,657,278,832,195
00007287.jpg,474,83,659,278,832,195
00007288.jpg,476,83,661,278,832,194
00007289.jpg,477,83,662,278,832,194
00007290.jpg,478,84,663,279,832,194
00007291.jpg,478,84,663,279,832,193
00007292.jpg,478,84,663,279,832,192
00007293.jpg,478,85,663,280,832,192
00007294.jpg,478,85,663,280,832,192
00007295.jpg,478,85,663,280,832,192
00007296.jpg,478,85,663,280,832,192
00007297.jpg,477,86,662,281,832,192
00007298.jpg,477,86,662,281,832,192
00007299.jpg,477,87,662,282,832,192
00007300.jpg,477,87,662,282,832,192
00007301.jpg,477,87,662,282,832,192
00007302.jpg,477,86,662,281,832,192
00007303.jpg,477,86,662,281,832,192
00007304.jpg,477,86,662,281,832,192
00007305.jpg,477,86,662,281,832,192
00007306.jpg,477,86,662,281,832,192
00007307.jpg,477,86,662,281,832,192
00007308.jpg,478,86,663,281,832,192
00007309.jpg,478,86,663,281,832,192
00007310.jpg,478,86,663,281,832,192
00007311.jpg,479,86,664,281,832,192
00007312.jpg,479,86,664,281,832,192
00007313.jpg,479,86,664,281,832,192
00007314.jpg,479,86,664,281,832,192
00007315.jpg,479,86,664,281,832,192
00007316.jpg,480,86,665,281,832,192
00007317.jpg,480,86,665,281,832,192
00007318.jpg,480,86,665,281,832,192
00007319.jpg,479,86,664,281,832,192
00007320.jpg,476,87,661,282,-1,-1
00007321.jpg,469,88,654,283,-1,-1
00007322.jpg,465,89,650,284,-1,-1
00007323.jpg,465,89,650,284,241,292
00007324.jpg,463,89,648,284,241,292
00007325.jpg,464,90,649,285,241,292
00007326.jpg,464,90,649,285,241,292
00007327.jpg,470,88,653,283,228,139
00007328.jpg,473,87,657,282,228,139
00007329.jpg,473,87,657,282,228,139
00007330.jpg,474,87,658,282,228,139
00007331.jpg,474,87,658,282,228,139
00007332.jpg,476,87,660,282,228,139
00007333.jpg,476,87,660,282,228,139
00007334.jpg,476,87,660,282,228,139
00007335.jpg,477,87,661,282,228,139
00007336.jpg,477,87,661,282,228,139
00007337.jpg,477,87,661,282,228,139
00007338.jpg,478,87,662,282,228,139
00007339.jpg,478,87,662,282,228,139
00007340.jpg,479,87,663,282,228,139
00007341.jpg,479,87,663,282,228,139
00007342.jpg,479,87,663,282,228,139
00007343.jpg,480,87,664,282,228,139
00007344.jpg,480,87,664,282,228,139
00007345.jpg,480,87,664,282,228,139
00007346.jpg,481,87,665,282,228,139
00007347.jpg,481,86,665,281,228,139
00007348.jpg,481,86,665,281,228,139
00007349.jpg,482,86,666,281,228,139
00007350.jpg,482,86,666,281,228,139
00007351.jpg,482,86,666,281,228,139
00007352.jpg,482,86,666,281,228,139
00007353.jpg,483,86,667,281,228,139
00007354.jpg,483,86,667,281,228,139
00007355.jpg,483,86,667,281,228,139
00007356.jpg,483,86,667,281,228,139
00007357.jpg,483,86,667,281,228,139
00007358.jpg,483,86,667,281,228,139
00007359.jpg,484,86,668,281,228,139
00007360.jpg,484,86,668,281,226,137
00007361.jpg,484,86,668,281,227,138
00007362.jpg,484,86,668,281,227,136
00007363.jpg,485,86,669,281,227,136
00007364.jpg,485,86,669,281,227,136
00007365.jpg,485,86,669,281,227,134
00007366.jpg,485,86,669,281,227,136
00007367.jpg,485,86,669,281,227,136
00007368.jpg,485,86,669,281,227,136
00007369.jpg,485,86,669,281,228,136
00007370.jpg,485,86,669,281,228,136
00007371.jpg,485,86,669,281,228,136
00007372.jpg,485,86,669,281,228,136
00007373.jpg,485,86,669,281,228,136
