00007265.jpg,800,90,994,295,257,143
00007266.jpg,800,90,994,295,257,143
00007267.jpg,800,90,994,295,212,267
00007268.jpg,800,90,994,295,220,254
00007269.jpg,799,90,993,295,-1,-1
00007270.jpg,798,90,992,295,438,345
00007271.jpg,798,90,992,295,438,345
00007272.jpg,797,90,991,295,438,345
00007273.jpg,797,90,991,295,438,345
00007274.jpg,796,90,990,295,438,345
00007275.jpg,796,91,990,296,438,345
00007276.jpg,796,91,990,296,438,345
00007277.jpg,796,91,990,296,438,345
00007278.jpg,796,90,990,295,588,176
00007279.jpg,796,90,990,295,588,176
00007280.jpg,796,90,990,295,588,176
00007281.jpg,796,90,990,295,588,176
00007282.jpg,796,91,990,296,592,177
00007283.jpg,796,91,990,296,599,179
00007284.jpg,796,91,990,296,599,179
00007285.jpg,796,91,990,296,601,179
00007286.jpg,796,91,990,296,601,179
00007287.jpg,796,91,990,296,601,179
00007288.jpg,796,91,990,296,606,180
00007289.jpg,796,90,990,295,612,182
00007290.jpg,796,91,990,296,614,183
00007291.jpg,796,91,990,296,617,182
00007292.jpg,796,90,990,295,616,181
00007293.jpg,796,90,990,295,620,183
00007294.jpg,796,90,990,295,616,183
00007295.jpg,797,90,991,295,616,182
00007296.jpg,797,90,991,295,612,182
00007297.jpg,797,90,991,295,613,184
00007298.jpg,797,90,991,295,611,183
00007299.jpg,797,90,991,295,612,183
00007300.jpg,797,90,991,295,607,182
00007301.jpg,797,90,991,295,610,182
00007302.jpg,797,90,991,295,608,181
00007303.jpg,797,90,991,295,608,180
00007304.jpg,797,90,991,295,610,181
00007305.jpg,797,90,991,295,610,183
00007306.jpg,797,90,991,295,611,183
00007307.jpg,797,90,991,295,609,184
00007308.jpg,797,90,991,295,608,183
00007309.jpg,797,90,991,295,608,184
00007310.jpg,797,90,991,295,608,186
00007311.jpg,797,90,991,295,608,184
00007312.jpg,797,90,991,295,607,184
00007313.jpg,797,90,991,295,608,184
00007314.jpg,797,90,991,295,610,185
00007315.jpg,797,90,991,295,611,185
00007316.jpg,797,90,991,295,610,184
00007317.jpg,797,90,991,295,613,185
00007318.jpg,797,90,991,295,612,185
00007319.jpg,797,90,991,295,611,185
00007320.jpg,797,90,991,295,609,185
00007321.jpg,797,90,991,295,596,186
00007322.jpg,797,90,991,295,578,185
00007323.jpg,797,90,991,295,582,186
00007324.jpg,797,90,991,295,572,183
00007325.jpg,797,90,991,295,558,180
00007326.jpg,797,90,991,295,557,180
00007327.jpg,797,90,991,295,556,180
00007328.jpg,797,90,991,295,554,184
00007329.jpg,797,90,991,295,555,182
00007330.jpg,797,90,991,295,556,179
00007331.jpg,797,90,991,295,556,180
00007332.jpg,798,90,992,295,556,179
00007333.jpg,798,90,992,295,556,180
00007334.jpg,798,90,992,295,557,179
00007335.jpg,798,90,992,295,555,180
00007336.jpg,798,90,992,295,553,180
00007337.jpg,798,90,992,295,552,180
00007338.jpg,798,90,992,295,552,180
00007339.jpg,798,90,992,295,552,180
00007340.jpg,798,90,992,295,552,183
00007341.jpg,798,90,992,295,552,183
00007342.jpg,799,90,993,295,553,183
00007343.jpg,799,90,993,295,553,183
00007344.jpg,799,90,993,295,553,183
00007345.jpg,799,90,993,295,556,184
00007346.jpg,799,90,993,295,556,184
00007347.jpg,799,90,993,295,556,184
00007348.jpg,799,90,993,295,556,184
00007349.jpg,799,90,993,295,555,184
00007350.jpg,800,90,994,295,555,184
00007351.jpg,800,90,994,295,556,184
00007352.jpg,800,90,994,295,556,184
00007353.jpg,800,90,994,295,557,184
00007354.jpg,800,90,994,295,557,184
00007355.jpg,801,90,995,295,557,184
00007356.jpg,801,90,995,295,557,184
00007357.jpg,801,90,995,295,557,184
00007358.jpg,801,90,995,295,557,184
00007359.jpg,801,90,995,295,557,184
00007360.jpg,801,90,995,295,557,184
00007361.jpg,802,90,996,295,557,184
00007362.jpg,802,90,996,295,557,184
00007363.jpg,802,90,996,295,557,184
00007364.jpg,802,89,996,294,557,184
00007365.jpg,802,89,996,294,557,184
00007366.jpg,802,89,996,294,557,184
00007367.jpg,803,89,997,294,557,184
00007368.jpg,803,89,997,294,557,184
00007369.jpg,803,89,997,294,557,184
00007370.jpg,803,89,997,294,557,184
00007371.jpg,803,89,997,294,557,184
00007372.jpg,803,89,997,294,557,184
00007373.jpg,803,89,997,294,557,184
