00004099.jpg,433,26,847,486,-1,-1
00004100.jpg,433,26,847,486,-1,-1
00004101.jpg,433,26,847,486,-1,-1
00004102.jpg,433,26,847,486,-1,-1
00004103.jpg,435,28,849,488,-1,-1
00004104.jpg,437,30,851,490,-1,-1
00004105.jpg,438,31,852,491,-1,-1
00004106.jpg,438,33,852,493,-1,-1
00004107.jpg,438,33,852,493,-1,-1
00004108.jpg,437,32,851,492,-1,-1
00004109.jpg,437,32,851,492,-1,-1
00004110.jpg,437,32,851,492,-1,-1
00004111.jpg,436,32,850,492,-1,-1
00004112.jpg,436,33,850,493,-1,-1
00004113.jpg,434,33,848,493,1262,443
00004114.jpg,433,33,847,493,1262,443
00004115.jpg,431,33,845,493,1262,443
00004116.jpg,430,33,844,493,1255,443
00004117.jpg,429,32,843,492,1255,444
00004118.jpg,430,30,844,490,1255,444
00004119.jpg,429,28,843,488,1255,444
00004120.jpg,427,28,841,488,1255,444
00004121.jpg,427,27,841,487,1257,444
00004122.jpg,426,27,840,487,1257,444
00004123.jpg,426,27,840,487,1252,444
00004124.jpg,426,27,840,487,1252,443
00004125.jpg,427,27,841,487,1251,443
00004126.jpg,426,28,840,488,1245,449
00004127.jpg,438,37,835,482,1244,449
00004128.jpg,438,37,835,482,1238,452
00004129.jpg,443,38,840,483,1238,452
00004130.jpg,450,38,847,483,1239,450
00004131.jpg,457,38,854,483,1239,450
00004132.jpg,464,38,861,483,1239,450
00004133.jpg,471,38,868,483,1236,450
00004134.jpg,477,38,874,483,1236,450
00004135.jpg,482,38,879,483,1235,450
00004136.jpg,488,38,885,483,1235,450
00004137.jpg,493,37,890,482,1238,448
00004138.jpg,498,36,895,481,1242,449
00004139.jpg,502,35,899,480,-1,-1
00004140.jpg,504,33,901,478,-1,-1
00004141.jpg,507,34,904,479,-1,-1
00004142.jpg,508,32,905,477,-1,-1
00004143.jpg,510,32,907,477,-1,-1
00004144.jpg,514,31,911,476,-1,-1
00004145.jpg,514,31,911,476,-1,-1
00004146.jpg,512,29,909,474,-1,-1
00004147.jpg,510,28,907,473,-1,-1
00004148.jpg,510,28,907,473,-1,-1
