00147820.jpg,1409,83,1831,511,1074,700
00147821.jpg,1409,83,1831,511,1074,700
00147822.jpg,1409,83,1831,511,1074,700
00147823.jpg,1409,83,1831,511,1074,700
00147824.jpg,1409,83,1831,511,1074,700
00147825.jpg,1409,83,1831,511,1074,700
00147826.jpg,1409,83,1831,511,1074,700
00147827.jpg,1408,83,1830,511,1074,700
00147828.jpg,1408,83,1830,511,1074,700
00147829.jpg,1408,83,1830,511,1074,700
00147830.jpg,1407,83,1829,511,1074,700
00147831.jpg,1407,83,1829,511,1074,700
00147832.jpg,1407,83,1829,511,1074,700
00147833.jpg,1407,82,1829,510,1074,700
00147834.jpg,1407,82,1829,510,1074,700
00147835.jpg,1406,82,1828,510,1074,700
00147836.jpg,1406,82,1828,510,1071,658
00147837.jpg,1406,82,1828,510,1074,636
00147838.jpg,1405,82,1827,510,1085,621
00147839.jpg,1405,82,1827,510,1105,605
00147840.jpg,1404,81,1826,509,1133,606
00147841.jpg,1403,81,1825,509,1158,611
00147842.jpg,1403,81,1825,509,1185,622
00147843.jpg,1429,74,1846,509,1212,653
00147844.jpg,1429,74,1846,509,1222,666
00147845.jpg,1428,73,1845,508,1226,690
00147846.jpg,1428,73,1845,508,1232,713
00147847.jpg,1427,72,1844,507,1241,748
00147848.jpg,1427,72,1844,507,1236,771
00147849.jpg,1426,72,1843,507,1236,774
00147850.jpg,1440,71,1859,494,1236,774
00147851.jpg,1440,71,1859,494,1232,774
00147852.jpg,1439,71,1858,494,1229,770
00147853.jpg,1437,71,1856,494,1229,766
00147854.jpg,1436,71,1855,494,1229,753
00147855.jpg,1434,71,1853,494,1231,755
00147856.jpg,1433,71,1852,494,1232,755
00147857.jpg,1432,71,1851,494,1233,755
00147858.jpg,1431,71,1850,494,1233,755
00147859.jpg,1429,71,1848,494,1233,755
00147860.jpg,1427,72,1846,495,1233,755
00147861.jpg,1427,72,1846,495,1233,755
