00027630.jpg,704,210,886,387,672,499
00027631.jpg,703,211,885,386,672,499
00027632.jpg,703,211,885,386,672,499
00027633.jpg,701,213,886,384,672,499
00027634.jpg,701,213,887,386,672,499
00027635.jpg,700,213,888,388,672,499
00027636.jpg,701,218,881,383,666,499
00027637.jpg,701,217,881,383,666,499
00027638.jpg,699,217,881,382,666,499
00027639.jpg,699,217,881,382,666,499
00027640.jpg,697,218,879,383,664,499
00027641.jpg,696,218,878,383,664,499
00027642.jpg,696,218,878,383,664,499
00027643.jpg,694,218,876,383,660,500
00027644.jpg,693,219,875,384,660,500
00027645.jpg,691,219,873,384,660,500
00027646.jpg,690,219,872,384,660,500
00027647.jpg,690,219,872,384,657,500
00027648.jpg,689,219,871,384,657,500
00027649.jpg,682,219,864,384,656,500
00027650.jpg,681,220,863,385,655,500
00027651.jpg,680,220,862,385,655,500
00027652.jpg,680,220,862,385,651,499
00027653.jpg,679,220,861,385,655,500
00027654.jpg,678,220,860,385,655,500
00027655.jpg,677,221,859,386,656,500
00027656.jpg,677,221,859,386,656,500
00027657.jpg,677,221,859,386,656,500
00027658.jpg,677,221,859,386,656,500
00027659.jpg,683,222,865,387,656,500
00027660.jpg,683,222,865,387,656,500
