00027630.jpg,385,212,581,390,579,485
00027631.jpg,386,215,577,389,579,485
00027632.jpg,385,215,577,390,579,485
00027633.jpg,384,213,578,390,579,485
00027634.jpg,384,215,574,390,576,481
00027635.jpg,383,215,576,390,576,481
00027636.jpg,385,217,575,389,576,481
00027637.jpg,385,217,575,389,576,481
00027638.jpg,387,217,573,386,576,481
00027639.jpg,386,218,570,387,576,481
00027640.jpg,387,218,572,387,576,481
00027641.jpg,387,218,572,387,574,481
00027642.jpg,387,218,572,387,572,481
00027643.jpg,387,219,572,388,572,481
00027644.jpg,388,223,569,388,568,482
00027645.jpg,386,224,569,390,566,484
00027646.jpg,388,227,566,388,566,484
00027647.jpg,387,227,566,389,566,484
00027648.jpg,388,230,562,390,566,484
00027649.jpg,386,229,560,390,566,484
00027650.jpg,385,229,557,390,566,484
00027651.jpg,383,229,554,391,566,484
00027652.jpg,383,229,554,391,566,484
00027653.jpg,380,230,551,392,566,484
00027654.jpg,376,223,561,392,566,484
00027655.jpg,376,223,561,392,566,484
00027656.jpg,375,224,560,393,566,484
00027657.jpg,375,224,560,393,566,484
00027658.jpg,375,224,560,393,566,484
00027659.jpg,375,225,560,394,566,484
00027660.jpg,375,225,560,394,562,486
