00014250.jpg,865,10,1660,594,458,865
00014251.jpg,865,10,1660,594,449,898
00014252.jpg,865,10,1660,594,442,905
00014253.jpg,865,10,1660,594,438,925
00014254.jpg,868,34,1663,618,437,933
00014255.jpg,876,40,1671,624,445,932
00014256.jpg,875,3,1615,675,450,916
00014257.jpg,875,3,1615,675,452,906
00014258.jpg,886,0,1626,672,452,882
00014259.jpg,895,0,1635,672,445,864
00014260.jpg,878,3,1621,601,430,866
00014261.jpg,878,3,1621,601,426,885
00014262.jpg,878,3,1621,601,424,881
00014263.jpg,874,17,1617,615,421,902
00014264.jpg,880,27,1623,625,433,912
00014265.jpg,891,20,1634,618,433,914
00014266.jpg,913,4,1639,574,444,913
00014267.jpg,913,4,1639,574,433,909
00014268.jpg,917,0,1643,570,434,900
00014269.jpg,922,0,1648,570,428,886
00014270.jpg,916,0,1642,570,420,897
00014271.jpg,907,0,1633,570,421,917
00014272.jpg,907,0,1633,570,421,917
00014273.jpg,901,12,1627,582,410,957
00014274.jpg,903,22,1629,592,392,973
00014275.jpg,910,12,1636,582,402,949
00014276.jpg,915,3,1625,562,405,928
00014277.jpg,915,3,1625,562,408,922
00014278.jpg,920,0,1630,559,413,909
00014279.jpg,920,0,1630,559,413,901
00014280.jpg,915,0,1625,559,406,920
00014281.jpg,912,3,1622,562,408,918
00014282.jpg,912,3,1622,562,401,918
00014283.jpg,917,2,1627,561,412,904
00014284.jpg,919,0,1629,559,413,865
00014285.jpg,918,0,1628,559,421,854
00014286.jpg,918,6,1628,565,424,882
00014287.jpg,918,6,1628,565,424,882
00014288.jpg,921,7,1631,566,424,893
00014289.jpg,922,6,1632,565,418,896
00014290.jpg,924,3,1634,562,418,896
00014291.jpg,923,4,1633,563,413,901
00014292.jpg,923,4,1633,563,409,904
00014293.jpg,928,11,1638,570,413,905
00014294.jpg,931,9,1641,568,413,905
00014295.jpg,925,5,1635,564,421,902
00014296.jpg,922,0,1632,559,421,902
00014297.jpg,922,0,1632,559,421,902
00014298.jpg,921,0,1631,559,413,893
00014299.jpg,914,0,1624,559,-1,-1
00014300.jpg,914,6,1624,565,-1,-1
00014301.jpg,918,11,1628,570,-1,-1
00014302.jpg,918,11,1628,570,-1,-1
00014303.jpg,915,8,1625,567,-1,-1
00014304.jpg,916,7,1626,566,-1,-1
00014305.jpg,921,11,1631,570,-1,-1
00014306.jpg,926,4,1636,563,421,914
00014307.jpg,926,4,1636,563,430,913
00014308.jpg,924,0,1634,559,430,913
00014309.jpg,915,0,1625,559,430,913
00014310.jpg,909,1,1619,560,416,926
00014311.jpg,903,11,1613,570,416,932
00014312.jpg,903,11,1613,570,416,932
00014313.jpg,907,30,1617,589,416,938
00014314.jpg,910,34,1620,593,416,938
00014315.jpg,908,22,1618,581,422,938
00014316.jpg,904,0,1614,559,422,938
00014317.jpg,904,0,1614,559,417,926
00014318.jpg,899,0,1609,559,401,926
00014319.jpg,891,17,1601,576,390,938
00014320.jpg,888,51,1598,610,400,960
00014321.jpg,883,76,1593,635,398,962
00014322.jpg,883,76,1593,635,408,961
00014323.jpg,887,78,1597,637,409,954
00014324.jpg,899,59,1609,618,417,930
00014325.jpg,903,35,1613,594,409,914
00014326.jpg,883,20,1593,579,409,914
00014327.jpg,883,20,1593,579,409,914
00014328.jpg,884,19,1594,578,409,914
00014329.jpg,874,28,1584,587,409,914
00014330.jpg,856,40,1566,599,397,926
00014331.jpg,850,74,1560,633,397,937
00014332.jpg,850,74,1560,633,405,941
00014333.jpg,862,98,1572,657,405,941
00014334.jpg,871,92,1581,651,425,944
00014335.jpg,864,48,1574,607,428,906
00014336.jpg,860,27,1570,586,428,892
00014337.jpg,860,27,1570,586,426,882
00014338.jpg,856,45,1566,604,405,914
00014339.jpg,853,69,1563,628,408,946
00014340.jpg,846,83,1556,642,408,953
00014341.jpg,849,84,1559,643,408,953
00014342.jpg,849,84,1559,643,409,952
00014343.jpg,860,52,1570,611,408,904
00014344.jpg,854,12,1564,571,410,868
00014345.jpg,851,34,1561,593,401,876
00014346.jpg,848,80,1558,639,406,930
00014347.jpg,848,80,1558,639,406,930
00014348.jpg,839,115,1549,674,392,965
00014349.jpg,834,122,1544,681,392,965
00014350.jpg,843,89,1553,648,398,930
00014351.jpg,859,15,1569,574,413,877
00014352.jpg,859,15,1569,574,417,868
00014353.jpg,874,0,1584,559,422,832
00014354.jpg,868,0,1578,559,414,833
00014355.jpg,864,0,1574,559,397,852
00014356.jpg,841,13,1551,572,370,874
00014357.jpg,841,13,1551,572,385,874
00014358.jpg,837,43,1547,602,377,896
00014359.jpg,840,76,1550,635,390,922
00014360.jpg,845,100,1555,659,392,937
00014361.jpg,858,82,1568,641,392,937
00014362.jpg,858,82,1568,641,400,938
00014363.jpg,863,41,1573,600,394,896
00014364.jpg,870,0,1580,559,393,854
00014365.jpg,868,0,1578,559,370,828
00014366.jpg,850,23,1560,582,373,878
00014367.jpg,850,23,1560,582,366,884
00014368.jpg,832,75,1542,634,350,950
00014369.jpg,818,117,1528,676,348,980
00014370.jpg,814,132,1524,691,368,978
00014371.jpg,837,117,1547,676,368,962
00014372.jpg,837,117,1547,676,368,962
00014373.jpg,863,68,1573,627,376,916
00014374.jpg,877,27,1587,586,385,884
00014375.jpg,873,36,1583,595,373,901
00014376.jpg,861,59,1571,618,370,920
00014377.jpg,861,59,1571,618,362,928
00014378.jpg,845,63,1555,622,361,937
00014379.jpg,847,69,1557,628,364,941
00014380.jpg,850,55,1560,614,380,945
00014381.jpg,860,24,1570,583,385,917
00014382.jpg,860,24,1570,583,385,912
00014383.jpg,866,10,1576,569,385,912
00014384.jpg,866,3,1576,562,385,912
00014385.jpg,858,11,1568,570,381,904
00014386.jpg,840,41,1550,600,378,901
00014387.jpg,840,41,1550,600,366,910
00014388.jpg,826,75,1536,634,366,910
00014389.jpg,804,103,1514,662,337,958
00014390.jpg,791,114,1501,673,338,970
00014391.jpg,794,108,1504,667,349,970
00014392.jpg,794,108,1504,667,354,968
00014393.jpg,803,90,1513,649,360,934
00014394.jpg,806,73,1516,632,361,917
00014395.jpg,809,79,1519,638,361,917
00014396.jpg,803,97,1513,656,361,917
00014397.jpg,803,97,1513,656,353,933
00014398.jpg,792,125,1502,684,353,933
00014399.jpg,792,147,1502,706,348,969
00014400.jpg,800,145,1510,704,346,973
00014401.jpg,811,117,1521,676,358,958
00014402.jpg,811,117,1521,676,361,956
00014403.jpg,833,82,1543,641,380,920
00014404.jpg,852,58,1562,617,385,898
00014405.jpg,851,60,1561,619,392,898
00014406.jpg,839,70,1549,629,392,898
00014407.jpg,839,70,1549,629,394,889
00014408.jpg,837,81,1547,640,393,898
00014409.jpg,839,79,1549,638,390,908
00014410.jpg,840,77,1550,636,389,912
00014411.jpg,839,67,1549,626,386,916
00014412.jpg,839,67,1549,626,386,916
00014413.jpg,818,57,1528,616,381,916
00014414.jpg,814,52,1524,611,377,916
00014415.jpg,817,51,1527,610,377,916
00014416.jpg,821,60,1531,619,377,916
00014417.jpg,821,60,1531,619,377,916
00014418.jpg,831,62,1541,621,377,916
00014419.jpg,825,46,1535,605,377,916
00014420.jpg,820,38,1530,597,370,916
00014421.jpg,820,36,1530,595,370,913
00014422.jpg,820,36,1530,595,372,909
00014423.jpg,819,38,1529,597,372,909
00014424.jpg,814,45,1524,604,372,909
00014425.jpg,820,41,1530,600,372,909
00014426.jpg,831,39,1541,598,372,909
00014427.jpg,831,39,1541,598,372,909
00014428.jpg,832,42,1542,601,372,909
00014429.jpg,839,43,1549,602,372,913
00014430.jpg,839,43,1549,602,373,914
