00000001.jpg,609,168,708,276,-1,-1
00000002.jpg,609,168,708,276,-1,-1
00000003.jpg,609,168,708,276,-1,-1
00000004.jpg,609,168,708,276,-1,-1
00000005.jpg,609,168,708,276,-1,-1
00000006.jpg,609,168,708,276,-1,-1
00000007.jpg,610,168,709,276,-1,-1
00000008.jpg,610,168,709,276,-1,-1
00000009.jpg,609,168,708,276,-1,-1
00000010.jpg,609,168,708,276,-1,-1
00000011.jpg,609,168,708,276,-1,-1
00000012.jpg,610,168,709,276,-1,-1
00000013.jpg,610,168,709,276,1062,165
00000014.jpg,606,177,704,279,1063,165
00000015.jpg,606,177,704,279,1067,165
00000016.jpg,603,179,701,281,1072,163
00000017.jpg,596,180,694,282,1076,163
00000018.jpg,591,180,689,282,1076,162
00000019.jpg,588,181,686,283,1072,160
00000020.jpg,586,181,684,283,1070,161
00000021.jpg,581,181,679,283,1067,161
00000022.jpg,582,183,680,285,1060,161
00000023.jpg,583,186,681,288,1053,161
00000024.jpg,588,188,683,287,1044,161
00000025.jpg,588,188,683,287,1037,161
00000026.jpg,590,187,685,286,1030,161
00000027.jpg,592,184,687,283,1021,164
00000028.jpg,595,182,690,281,1009,166
00000029.jpg,597,180,692,279,1001,167
00000030.jpg,600,179,695,278,992,167
00000031.jpg,602,178,697,277,986,171
00000032.jpg,605,176,700,275,981,173
00000033.jpg,606,174,701,273,974,177
00000034.jpg,609,175,704,274,974,177
00000035.jpg,609,175,704,274,974,177
00000036.jpg,608,174,703,273,978,177
00000037.jpg,606,173,701,272,984,174
00000038.jpg,604,174,699,273,991,172
00000039.jpg,599,173,694,272,998,168
00000040.jpg,595,173,690,272,1002,168
00000041.jpg,592,174,687,273,1007,165
00000042.jpg,589,175,684,274,1014,163
00000043.jpg,587,175,682,274,1018,163
00000044.jpg,586,175,681,274,1024,163
00000045.jpg,586,175,681,274,1028,163
00000046.jpg,587,175,682,274,1030,163
00000047.jpg,589,175,684,274,1035,161
00000048.jpg,592,175,687,274,1040,160
00000049.jpg,595,174,690,273,1042,160
00000050.jpg,597,173,692,272,1046,159
00000051.jpg,601,173,696,272,1050,158
00000052.jpg,604,172,699,271,1053,158
00000053.jpg,607,172,702,271,1055,157
00000054.jpg,609,171,704,270,1056,156
00000055.jpg,611,173,705,279,1059,154
00000056.jpg,611,173,705,279,1060,154
00000057.jpg,611,173,705,279,1060,154
00000058.jpg,612,173,706,279,1061,154
00000059.jpg,612,173,706,279,1061,154
00000060.jpg,612,173,706,279,1061,154
00000061.jpg,612,173,706,279,1061,154
00000062.jpg,613,173,707,279,1059,156
00000063.jpg,613,173,707,279,1059,157
00000064.jpg,613,173,707,279,1059,157
00000065.jpg,613,173,707,279,1059,157
00000066.jpg,613,173,707,279,1056,157
00000067.jpg,613,173,707,279,1051,157
00000068.jpg,614,173,708,279,1049,158
00000069.jpg,614,173,708,279,1049,160
00000070.jpg,614,173,708,279,1049,160
00000071.jpg,614,173,708,279,1044,160
00000072.jpg,614,173,708,279,1042,160
00000073.jpg,615,173,709,279,1038,161
00000074.jpg,615,173,709,279,1037,163
00000075.jpg,615,174,709,280,1035,163
00000076.jpg,616,174,710,280,1035,163
00000077.jpg,617,174,711,280,1035,163
00000078.jpg,618,174,712,280,1035,163
00000079.jpg,620,174,714,280,1035,163
00000080.jpg,622,175,716,281,1035,163
00000081.jpg,624,176,718,282,1035,163
00000082.jpg,626,176,720,282,1035,163
00000083.jpg,627,177,721,283,1034,163
00000084.jpg,628,178,722,284,1031,163
00000085.jpg,629,178,723,284,1031,164
00000086.jpg,629,178,723,284,1030,164
00000087.jpg,630,178,724,284,1029,164
00000088.jpg,630,178,724,284,1027,164
00000089.jpg,632,176,726,282,1025,164
00000090.jpg,632,176,726,282,1024,164
00000091.jpg,632,176,726,282,1024,164
00000092.jpg,631,177,725,283,1024,164
00000093.jpg,630,177,724,283,1024,165
00000094.jpg,629,177,723,283,1020,165
00000095.jpg,627,176,721,282,1017,165
00000096.jpg,625,174,719,280,1015,166
00000097.jpg,623,175,717,281,1007,169
00000098.jpg,621,174,715,280,1006,172
00000099.jpg,617,174,711,280,1004,172
00000100.jpg,612,174,706,280,1001,174
00000101.jpg,611,174,705,280,1001,174
00000102.jpg,610,174,704,280,996,176
00000103.jpg,606,177,700,283,996,176
00000104.jpg,602,178,696,284,996,176
00000105.jpg,600,178,694,284,995,176
00000106.jpg,598,179,692,285,994,176
00000107.jpg,597,179,691,285,993,176
00000108.jpg,595,178,689,284,993,176
00000109.jpg,594,178,688,284,993,176
00000110.jpg,594,178,688,284,990,179
00000111.jpg,593,178,687,284,992,177
00000112.jpg,593,178,687,284,993,177
00000113.jpg,593,178,687,284,994,176
00000114.jpg,592,178,686,284,996,176
00000115.jpg,592,178,686,284,998,175
00000116.jpg,592,178,686,284,999,175
00000117.jpg,592,178,686,284,999,175
00000118.jpg,592,178,686,284,999,175
00000119.jpg,592,178,686,284,1005,175
00000120.jpg,592,178,686,284,1005,175
00000121.jpg,593,177,687,283,1005,175
00000122.jpg,593,177,687,283,1005,175
00000123.jpg,594,176,688,282,1005,175
00000124.jpg,594,176,688,282,1005,174
00000125.jpg,594,176,688,282,1005,174
00000126.jpg,595,175,689,281,1005,174
00000127.jpg,595,174,689,280,1005,174
00000128.jpg,596,173,690,279,1005,174
00000129.jpg,596,173,690,279,1008,170
00000130.jpg,597,172,691,278,1008,169
00000131.jpg,599,171,693,277,1006,169
00000132.jpg,599,171,693,277,1006,169
00000133.jpg,601,170,695,276,1006,169
00000134.jpg,602,170,696,276,1006,169
00000135.jpg,603,170,697,276,1006,169
00000136.jpg,603,170,697,276,1006,169
00000137.jpg,604,169,698,275,1006,169
00000138.jpg,604,169,698,275,1006,169
00000139.jpg,605,168,699,274,1006,169
00000140.jpg,606,169,700,275,1006,169
00000141.jpg,609,171,703,277,1006,169
00000142.jpg,610,171,704,277,1006,169
00000143.jpg,611,171,705,277,1006,169
00000144.jpg,611,171,705,277,1006,169
00000145.jpg,611,172,705,278,1006,169
00000146.jpg,612,171,706,277,1006,169
00000147.jpg,612,172,706,278,1006,169
00000148.jpg,612,172,706,278,1006,169
00000149.jpg,612,172,706,278,1006,169
00000150.jpg,612,172,706,278,1006,169
00000151.jpg,612,172,706,278,1006,169
00000152.jpg,613,172,707,278,1006,169
00000153.jpg,613,172,707,278,1006,169
00000154.jpg,613,172,707,278,1007,168
00000155.jpg,612,173,706,279,1007,168
00000156.jpg,612,173,706,279,1009,168
00000157.jpg,612,173,706,279,1009,168
00000158.jpg,612,173,706,279,1010,166
00000159.jpg,612,173,706,279,1012,166
00000160.jpg,617,173,711,279,1012,166
00000161.jpg,617,173,711,279,1013,165
00000162.jpg,617,173,711,279,1014,165
00000163.jpg,617,173,711,279,1015,165
00000164.jpg,617,173,711,279,1018,165
00000165.jpg,617,173,711,279,1018,165
00000166.jpg,617,173,711,279,1018,165
00000167.jpg,617,173,711,279,1018,165
00000168.jpg,617,173,711,279,1021,164
00000169.jpg,617,173,711,279,1021,164
00000170.jpg,617,173,711,279,1021,164
00000171.jpg,617,173,711,279,1021,164
00000172.jpg,617,173,711,279,1026,163
00000173.jpg,617,173,711,279,1026,163
00000174.jpg,612,173,706,279,1026,162
00000175.jpg,612,173,706,279,1026,162
00000176.jpg,612,173,706,279,1026,162
00000177.jpg,612,173,706,279,1026,159
00000178.jpg,612,173,706,279,1026,159
00000179.jpg,612,173,706,279,1026,159
00000180.jpg,612,173,706,279,1026,159
00000181.jpg,612,173,706,279,1026,159
00000182.jpg,612,173,706,279,1026,159
00000183.jpg,612,173,706,279,1026,159
00000184.jpg,612,173,706,279,1020,159
00000185.jpg,612,173,706,279,1017,158
00000186.jpg,612,173,706,279,1017,158
00000187.jpg,612,173,706,279,1016,158
00000188.jpg,612,173,706,279,1016,158
00000189.jpg,612,173,706,279,1016,158
00000190.jpg,612,173,706,279,1014,158
00000191.jpg,612,173,706,279,1014,158
00000192.jpg,612,173,706,279,1014,158
00000193.jpg,612,173,706,279,1014,158
00000194.jpg,612,173,706,279,1014,158
00000195.jpg,612,173,706,279,1014,158
00000196.jpg,612,173,706,279,1014,158
00000197.jpg,612,173,706,279,1014,158
00000198.jpg,612,173,706,279,1014,158
00000199.jpg,612,173,706,279,1014,158
00000200.jpg,612,173,706,279,1014,158
00000201.jpg,612,173,706,279,1014,158
00000202.jpg,612,173,706,279,1014,158
00000203.jpg,612,173,706,279,1014,158
00000204.jpg,612,173,706,279,1014,158
00000205.jpg,612,173,706,279,1014,158
00000206.jpg,612,173,706,279,1008,158
00000207.jpg,612,173,706,279,1008,158
00000208.jpg,612,173,706,279,1007,158
00000209.jpg,612,173,706,279,1003,162
00000210.jpg,612,173,706,279,1003,162
00000211.jpg,612,173,706,279,1002,167
00000212.jpg,612,173,706,279,1002,167
00000213.jpg,612,173,706,279,1002,167
00000214.jpg,612,173,706,279,1002,167
00000215.jpg,612,173,706,279,1002,167
00000216.jpg,612,173,706,279,1002,167
00000217.jpg,612,173,706,279,1002,167
00000218.jpg,612,173,706,279,1002,167
00000219.jpg,612,173,706,279,1002,167
00000220.jpg,612,173,706,279,1002,167
00000221.jpg,612,173,706,279,1002,167
00000222.jpg,612,173,706,279,1002,167
00000223.jpg,612,173,706,279,1002,167
00000224.jpg,612,173,706,279,1002,167
00000225.jpg,612,173,706,279,1002,168
00000226.jpg,612,173,706,279,999,168
00000227.jpg,611,173,705,279,999,168
00000228.jpg,611,173,705,279,999,168
00000229.jpg,611,173,705,279,999,167
00000230.jpg,611,173,705,279,999,167
00000231.jpg,611,173,705,279,999,167
00000232.jpg,611,173,705,279,999,167
00000233.jpg,611,173,705,279,999,167
00000234.jpg,611,173,705,279,-1,-1
00000235.jpg,611,173,705,279,-1,-1
00000236.jpg,611,173,705,279,-1,-1
00000237.jpg,611,173,705,279,-1,-1
00000238.jpg,611,173,705,279,-1,-1
00000239.jpg,611,173,705,279,-1,-1
00000240.jpg,611,173,705,279,-1,-1
00000241.jpg,611,173,705,279,-1,-1
00000242.jpg,611,173,705,279,-1,-1
00000243.jpg,611,173,705,279,-1,-1
00000244.jpg,611,173,705,279,-1,-1
00000245.jpg,611,173,705,279,-1,-1
00000246.jpg,611,173,705,279,-1,-1
00000247.jpg,611,173,705,279,169,227
00000248.jpg,611,173,705,279,169,227
00000249.jpg,611,173,705,279,434,210
00000250.jpg,611,173,705,279,434,212
