00011125.jpg,589,57,819,343,215,23
00011126.jpg,589,57,819,343,215,23
00011127.jpg,589,57,819,343,215,22
00011128.jpg,589,57,819,343,215,22
00011129.jpg,593,57,823,343,216,22
00011130.jpg,598,60,828,346,217,22
00011131.jpg,600,64,830,350,217,22
00011132.jpg,600,70,830,356,216,22
00011133.jpg,600,70,830,356,216,22
00011134.jpg,600,70,830,356,216,21
00011135.jpg,595,76,825,362,213,20
00011136.jpg,590,81,820,367,211,20
00011137.jpg,584,86,814,372,211,20
00011138.jpg,577,87,807,373,210,20
00011139.jpg,577,87,807,373,208,22
00011140.jpg,568,84,798,370,208,22
00011141.jpg,562,81,792,367,211,23
00011142.jpg,557,75,787,361,224,27
00011143.jpg,554,69,784,355,236,36
00011144.jpg,554,69,784,355,236,36
00011145.jpg,554,69,784,355,238,36
00011146.jpg,552,63,782,349,272,47
00011147.jpg,551,59,781,345,313,49
00011148.jpg,548,58,778,344,361,55
00011149.jpg,548,58,778,344,-1,-1
