00000989.jpg,182,361,509,719,-1,-1
00000990.jpg,182,361,509,719,-1,-1
00000991.jpg,182,361,509,719,-1,-1
00000992.jpg,182,361,509,719,-1,-1
00000993.jpg,182,361,509,719,-1,-1
00000994.jpg,182,361,509,719,-1,-1
00000995.jpg,182,361,509,719,-1,-1
00000996.jpg,182,361,509,719,-1,-1
00000997.jpg,182,361,509,719,-1,-1
00000998.jpg,182,361,509,719,-1,-1
00000999.jpg,182,361,509,719,-1,-1
00001000.jpg,182,360,509,718,-1,-1
00001001.jpg,181,360,508,718,797,258
00001002.jpg,181,360,508,718,797,258
00001003.jpg,181,360,508,718,797,258
00001004.jpg,181,359,508,717,797,258
00001005.jpg,181,359,508,717,797,258
00001006.jpg,181,359,508,717,797,258
00001007.jpg,181,359,508,717,797,258
00001008.jpg,180,359,507,717,797,258
00001009.jpg,180,359,507,717,797,258
00001010.jpg,180,359,507,717,797,258
00001011.jpg,180,359,507,717,797,258
00001012.jpg,180,359,507,717,797,258
00001013.jpg,180,359,507,717,797,258
00001014.jpg,180,359,507,717,797,258
00001015.jpg,180,359,507,717,797,258
00001016.jpg,180,359,507,717,797,258
00001017.jpg,180,359,507,717,797,258
00001018.jpg,180,359,507,717,797,258
00001019.jpg,180,359,507,717,797,258
00001020.jpg,180,359,507,717,797,258
00001021.jpg,180,359,507,717,797,258
00001022.jpg,180,359,507,717,797,258
00001023.jpg,180,359,507,717,797,258
00001024.jpg,181,359,508,717,797,258
00001025.jpg,181,359,508,717,797,258
00001026.jpg,181,359,508,717,797,258
00001027.jpg,181,359,508,717,797,258
00001028.jpg,181,359,508,717,797,258
00001029.jpg,181,359,508,717,797,258
00001030.jpg,180,359,507,717,797,258
00001031.jpg,180,359,507,717,797,258
00001032.jpg,180,359,507,717,-1,-1
00001033.jpg,180,359,507,717,-1,-1
00001034.jpg,180,359,507,717,-1,-1
00001035.jpg,180,359,507,717,-1,-1
00001036.jpg,180,359,507,717,-1,-1
00001037.jpg,180,359,507,717,-1,-1
00001038.jpg,180,360,507,718,-1,-1
00001039.jpg,180,360,507,718,-1,-1
00001040.jpg,180,360,507,718,-1,-1
00001041.jpg,180,360,507,718,-1,-1
00001042.jpg,180,360,507,718,-1,-1
00001043.jpg,180,360,507,718,-1,-1
00001044.jpg,180,360,507,718,-1,-1
00001045.jpg,180,360,507,718,-1,-1
00001046.jpg,180,360,507,718,-1,-1
00001047.jpg,180,360,507,718,-1,-1
00001048.jpg,180,360,507,718,-1,-1
00001049.jpg,180,360,507,718,-1,-1
00001050.jpg,180,360,507,718,-1,-1
00001051.jpg,180,359,507,717,-1,-1
00001052.jpg,180,359,507,717,-1,-1
00001053.jpg,180,358,507,716,-1,-1
00001054.jpg,180,358,507,716,-1,-1
00001055.jpg,180,358,507,716,-1,-1
00001056.jpg,180,358,507,716,-1,-1
00001057.jpg,180,359,507,717,-1,-1
00001058.jpg,180,359,507,717,-1,-1
00001059.jpg,180,359,507,717,-1,-1
00001060.jpg,180,359,507,717,-1,-1
00001061.jpg,180,358,507,716,-1,-1
00001062.jpg,180,358,507,716,-1,-1
00001063.jpg,180,358,507,716,794,289
00001064.jpg,180,358,507,716,794,289
00001065.jpg,180,358,507,716,794,289
00001066.jpg,180,358,507,716,794,289
00001067.jpg,180,358,507,716,794,289
00001068.jpg,180,358,507,716,794,289
00001069.jpg,180,358,507,716,794,289
00001070.jpg,180,358,507,716,794,288
00001071.jpg,180,358,507,716,794,288
00001072.jpg,180,358,507,716,794,288
00001073.jpg,180,358,507,716,794,288
00001074.jpg,180,358,507,716,794,288
00001075.jpg,180,358,507,716,794,288
00001076.jpg,180,358,507,716,794,288
00001077.jpg,180,358,507,716,794,288
00001078.jpg,180,358,507,716,794,288
00001079.jpg,180,358,507,716,794,288
00001080.jpg,180,358,507,716,794,288
00001081.jpg,180,358,507,716,794,288
00001082.jpg,179,358,506,716,794,288
00001083.jpg,179,358,506,716,794,288
00001084.jpg,179,358,506,716,794,288
00001085.jpg,179,358,506,716,794,288
00001086.jpg,179,358,506,716,794,288
00001087.jpg,179,358,506,716,794,288
00001088.jpg,179,359,506,717,794,288
00001089.jpg,179,358,506,716,794,288
00001090.jpg,179,358,506,716,794,288
00001091.jpg,179,358,506,716,794,288
00001092.jpg,179,358,506,716,794,288
00001093.jpg,179,358,506,716,794,288
00001094.jpg,179,358,506,716,794,288
00001095.jpg,179,358,506,716,794,288
00001096.jpg,180,358,507,716,794,288
00001097.jpg,180,358,507,716,794,288
00001098.jpg,180,358,507,716,794,288
00001099.jpg,180,357,507,715,794,288
00001100.jpg,180,357,507,715,794,288
00001101.jpg,181,357,508,715,794,288
00001102.jpg,181,357,508,715,794,288
00001103.jpg,181,357,508,715,794,288
00001104.jpg,181,357,508,715,794,288
00001105.jpg,181,356,508,714,794,288
00001106.jpg,181,356,508,714,794,288
00001107.jpg,181,356,508,714,794,288
00001108.jpg,181,356,508,714,794,288
00001109.jpg,181,356,508,714,794,288
00001110.jpg,181,356,508,714,794,288
00001111.jpg,182,356,509,714,794,288
00001112.jpg,182,357,509,715,794,288
00001113.jpg,182,357,509,715,794,288
00001114.jpg,182,357,509,715,793,288
00001115.jpg,182,356,509,714,793,288
00001116.jpg,182,356,509,714,793,288
00001117.jpg,182,356,509,714,793,288
00001118.jpg,182,356,509,714,793,288
00001119.jpg,182,356,509,714,793,288
00001120.jpg,182,355,509,713,793,288
00001121.jpg,182,355,509,713,793,288
00001122.jpg,182,355,509,713,793,288
00001123.jpg,181,355,508,713,793,288
00001124.jpg,181,355,508,713,793,288
00001125.jpg,181,355,508,713,793,288
00001126.jpg,181,355,508,713,793,288
00001127.jpg,181,355,508,713,793,288
00001128.jpg,181,355,508,713,793,288
00001129.jpg,181,355,508,713,793,288
00001130.jpg,181,355,508,713,793,288
00001131.jpg,181,355,508,713,793,288
00001132.jpg,181,355,508,713,796,286
00001133.jpg,181,355,508,713,796,286
00001134.jpg,181,355,508,713,800,278
00001135.jpg,181,354,508,712,802,273
00001136.jpg,181,354,508,712,805,265
00001137.jpg,181,354,508,712,805,265
00001138.jpg,181,354,508,712,805,262
00001139.jpg,181,354,508,712,808,253
00001140.jpg,181,354,508,712,808,253
00001141.jpg,181,354,508,712,808,250
00001142.jpg,180,354,507,712,810,248
00001143.jpg,180,355,507,713,812,241
00001144.jpg,180,355,507,713,814,238
00001145.jpg,180,356,507,714,814,238
00001146.jpg,180,355,507,713,816,237
00001147.jpg,180,355,507,713,816,237
00001148.jpg,180,355,507,713,816,237
00001149.jpg,179,355,506,713,818,236
00001150.jpg,179,355,506,713,820,236
00001151.jpg,179,355,506,713,820,236
00001152.jpg,179,355,506,713,822,236
00001153.jpg,179,355,506,713,824,236
00001154.jpg,179,355,506,713,824,236
00001155.jpg,179,355,506,713,824,236
00001156.jpg,179,355,506,713,825,236
00001157.jpg,179,355,506,713,830,236
00001158.jpg,179,355,506,713,830,236
00001159.jpg,179,355,506,713,830,236
00001160.jpg,179,355,506,713,830,236
00001161.jpg,179,355,506,713,830,236
00001162.jpg,179,355,506,713,830,236
00001163.jpg,179,355,506,713,830,236
00001164.jpg,179,355,506,713,830,236
00001165.jpg,179,355,506,713,830,236
00001166.jpg,179,355,506,713,830,236
00001167.jpg,179,355,506,713,830,236
00001168.jpg,179,355,506,713,830,236
00001169.jpg,179,355,506,713,832,236
00001170.jpg,179,355,506,713,833,236
00001171.jpg,179,355,506,713,834,238
00001172.jpg,179,355,506,713,834,240
00001173.jpg,179,355,506,713,834,241
00001174.jpg,178,355,505,713,834,241
00001175.jpg,178,355,505,713,834,241
00001176.jpg,178,355,505,713,834,241
00001177.jpg,178,355,505,713,834,241
00001178.jpg,178,355,505,713,834,241
00001179.jpg,178,355,505,713,834,241
00001180.jpg,178,355,505,713,834,241
00001181.jpg,178,355,505,713,834,241
00001182.jpg,178,355,505,713,834,241
00001183.jpg,178,355,505,713,834,241
00001184.jpg,179,356,506,714,834,241
00001185.jpg,179,356,506,714,834,241
00001186.jpg,179,356,506,714,834,241
00001187.jpg,179,355,506,713,834,241
00001188.jpg,179,355,506,713,834,241
00001189.jpg,179,355,506,713,834,241
00001190.jpg,178,354,505,712,834,241
00001191.jpg,178,354,505,712,834,241
00001192.jpg,178,354,505,712,834,241
00001193.jpg,178,354,505,712,834,241
00001194.jpg,178,354,505,712,834,244
00001195.jpg,178,354,505,712,834,244
00001196.jpg,178,354,505,712,834,245
00001197.jpg,178,354,505,712,834,249
00001198.jpg,178,354,505,712,832,253
00001199.jpg,178,355,505,713,829,254
00001200.jpg,178,355,505,713,829,256
00001201.jpg,178,355,505,713,-1,-1
00001202.jpg,178,355,505,713,-1,-1
00001203.jpg,178,355,505,713,-1,-1
00001204.jpg,178,355,505,713,-1,-1
00001205.jpg,178,355,505,713,-1,-1
00001206.jpg,178,355,505,713,-1,-1
00001207.jpg,178,355,505,713,-1,-1
00001208.jpg,178,355,505,713,-1,-1
00001209.jpg,178,355,505,713,-1,-1
00001210.jpg,178,355,505,713,-1,-1
00001211.jpg,178,355,505,713,-1,-1
00001212.jpg,178,355,505,713,-1,-1
00001213.jpg,178,355,505,713,-1,-1
00001214.jpg,178,355,505,713,-1,-1
00001215.jpg,178,355,505,713,816,285
00001216.jpg,178,354,505,712,816,285
00001217.jpg,178,354,505,712,816,285
00001218.jpg,178,354,505,712,816,285
00001219.jpg,178,354,505,712,816,285
00001220.jpg,178,354,505,712,817,300
00001221.jpg,178,354,505,712,816,285
00001222.jpg,178,354,505,712,816,285
00001223.jpg,178,354,505,712,817,292
00001224.jpg,178,354,505,712,814,297
00001225.jpg,178,354,505,712,812,298
00001226.jpg,178,354,505,712,812,292
00001227.jpg,178,354,505,712,816,286
00001228.jpg,178,354,505,712,806,290
00001229.jpg,178,354,505,712,813,281
00001230.jpg,178,354,505,712,809,286
00001231.jpg,178,354,505,712,810,282
00001232.jpg,178,354,505,712,816,285
00001233.jpg,179,355,506,713,-1,-1
00001234.jpg,179,355,506,713,-1,-1
00001235.jpg,179,356,506,714,-1,-1
00001236.jpg,179,356,506,714,-1,-1
00001237.jpg,179,356,506,714,-1,-1
00001238.jpg,179,356,506,714,-1,-1
00001239.jpg,179,355,506,713,-1,-1
00001240.jpg,179,355,506,713,-1,-1
00001241.jpg,179,355,506,713,-1,-1
00001242.jpg,179,355,506,713,-1,-1
00001243.jpg,179,355,506,713,-1,-1
00001244.jpg,179,355,506,713,-1,-1
00001245.jpg,179,355,506,713,-1,-1
00001246.jpg,179,355,506,713,-1,-1
00001247.jpg,179,355,506,713,-1,-1
00001248.jpg,179,355,506,713,-1,-1
00001249.jpg,179,355,506,713,-1,-1
00001250.jpg,179,355,506,713,-1,-1
00001251.jpg,179,355,506,713,-1,-1
00001252.jpg,180,355,507,713,-1,-1
00001253.jpg,180,355,507,713,-1,-1
00001254.jpg,180,355,507,713,-1,-1
00001255.jpg,180,355,507,713,-1,-1
00001256.jpg,180,355,507,713,-1,-1
00001257.jpg,180,355,507,713,-1,-1
00001258.jpg,181,355,508,713,-1,-1
00001259.jpg,181,355,508,713,-1,-1
00001260.jpg,181,355,508,713,-1,-1
00001261.jpg,181,355,508,713,-1,-1
00001262.jpg,181,355,508,713,-1,-1
00001263.jpg,181,355,508,713,-1,-1
00001264.jpg,181,355,508,713,-1,-1
00001265.jpg,181,355,508,713,-1,-1
00001266.jpg,181,355,508,713,-1,-1
00001267.jpg,181,355,508,713,-1,-1
00001268.jpg,181,355,508,713,-1,-1
00001269.jpg,181,354,508,712,-1,-1
00001270.jpg,181,354,508,712,-1,-1
00001271.jpg,181,354,508,712,-1,-1
00001272.jpg,181,354,508,712,-1,-1
00001273.jpg,181,354,508,712,-1,-1
00001274.jpg,181,354,508,712,-1,-1
00001275.jpg,181,354,508,712,-1,-1
00001276.jpg,181,354,508,712,-1,-1
00001277.jpg,180,354,507,712,-1,-1
00001278.jpg,180,354,507,712,-1,-1
00001279.jpg,180,354,507,712,-1,-1
00001280.jpg,180,354,507,712,-1,-1
00001281.jpg,180,354,507,712,-1,-1
00001282.jpg,180,354,507,712,-1,-1
00001283.jpg,180,354,507,712,-1,-1
00001284.jpg,180,354,507,712,-1,-1
00001285.jpg,180,354,507,712,-1,-1
00001286.jpg,180,354,507,712,-1,-1
00001287.jpg,181,355,508,713,-1,-1
00001288.jpg,181,355,508,713,-1,-1
00001289.jpg,181,355,508,713,-1,-1
