00000989.jpg,423,347,687,664,782,296
00000990.jpg,423,347,687,664,782,296
00000991.jpg,423,347,687,664,782,296
00000992.jpg,423,347,687,664,782,296
00000993.jpg,423,347,687,664,782,296
00000994.jpg,423,347,687,664,782,296
00000995.jpg,423,347,687,664,782,296
00000996.jpg,423,347,687,664,782,296
00000997.jpg,423,347,687,664,782,296
00000998.jpg,423,347,687,664,782,296
00000999.jpg,423,347,687,664,782,296
00001000.jpg,423,347,687,664,782,296
00001001.jpg,422,347,686,664,782,296
00001002.jpg,422,347,686,664,782,296
00001003.jpg,422,347,686,664,782,296
00001004.jpg,422,347,686,664,782,296
00001005.jpg,422,347,686,664,782,296
00001006.jpg,422,347,686,664,782,296
00001007.jpg,422,347,686,664,782,296
00001008.jpg,422,347,686,664,782,296
00001009.jpg,422,347,686,664,782,296
00001010.jpg,422,347,686,664,782,296
00001011.jpg,422,347,686,664,782,296
00001012.jpg,422,347,686,664,782,296
00001013.jpg,422,347,686,664,782,296
00001014.jpg,422,347,686,664,782,296
00001015.jpg,421,347,685,664,782,296
00001016.jpg,421,347,685,664,782,296
00001017.jpg,421,347,685,664,782,296
00001018.jpg,422,347,686,664,782,296
00001019.jpg,422,347,686,664,782,296
00001020.jpg,422,347,686,664,782,296
00001021.jpg,422,347,686,664,782,296
00001022.jpg,422,347,686,664,782,296
00001023.jpg,422,347,686,664,782,296
00001024.jpg,422,347,686,664,782,296
00001025.jpg,422,347,686,664,782,296
00001026.jpg,422,347,686,664,999,266
00001027.jpg,422,347,686,664,1098,311
00001028.jpg,422,347,686,664,-1,-1
00001029.jpg,422,347,686,664,-1,-1
00001030.jpg,422,347,686,664,-1,-1
00001031.jpg,422,347,686,664,-1,-1
00001032.jpg,422,347,686,664,-1,-1
00001033.jpg,422,347,686,664,-1,-1
00001034.jpg,422,347,686,664,-1,-1
00001035.jpg,422,347,686,664,-1,-1
00001036.jpg,422,347,686,664,-1,-1
00001037.jpg,422,347,686,664,-1,-1
00001038.jpg,422,347,686,664,-1,-1
00001039.jpg,422,347,686,664,-1,-1
00001040.jpg,422,347,686,664,-1,-1
00001041.jpg,422,347,686,664,-1,-1
00001042.jpg,422,347,686,664,-1,-1
00001043.jpg,422,347,686,664,-1,-1
00001044.jpg,422,347,686,664,-1,-1
00001045.jpg,422,347,686,664,-1,-1
00001046.jpg,422,347,686,664,-1,-1
00001047.jpg,422,347,686,664,-1,-1
00001048.jpg,422,347,686,664,-1,-1
00001049.jpg,422,347,686,664,-1,-1
00001050.jpg,422,347,686,664,-1,-1
00001051.jpg,422,347,686,664,-1,-1
00001052.jpg,422,347,686,664,-1,-1
00001053.jpg,422,347,686,664,-1,-1
00001054.jpg,422,347,686,664,-1,-1
00001055.jpg,422,347,686,664,1030,284
00001056.jpg,422,347,686,664,782,296
00001057.jpg,421,347,685,664,784,296
00001058.jpg,421,347,685,664,784,298
00001059.jpg,421,347,685,664,784,299
00001060.jpg,421,347,685,664,784,299
00001061.jpg,421,347,685,664,784,299
00001062.jpg,421,347,685,664,784,299
00001063.jpg,421,347,685,664,784,300
00001064.jpg,421,347,685,664,784,302
00001065.jpg,421,347,685,664,784,302
00001066.jpg,421,347,685,664,784,302
00001067.jpg,421,347,685,664,784,302
00001068.jpg,421,347,685,664,784,302
00001069.jpg,421,347,685,664,784,302
00001070.jpg,421,347,685,664,784,302
00001071.jpg,421,347,685,664,784,302
00001072.jpg,421,347,685,664,784,302
00001073.jpg,421,347,685,664,784,302
00001074.jpg,421,347,685,664,784,302
00001075.jpg,421,347,685,664,784,302
00001076.jpg,421,347,685,664,784,302
00001077.jpg,421,347,685,664,784,302
00001078.jpg,421,347,685,664,784,302
00001079.jpg,421,347,685,664,784,303
00001080.jpg,421,347,685,664,784,302
00001081.jpg,421,347,685,664,784,302
00001082.jpg,421,347,685,664,784,302
00001083.jpg,421,347,685,664,784,302
00001084.jpg,421,347,685,664,784,302
00001085.jpg,421,347,685,664,784,302
00001086.jpg,421,347,685,664,784,302
00001087.jpg,421,347,685,664,784,306
00001088.jpg,421,347,685,664,780,310
00001089.jpg,421,347,685,664,778,310
00001090.jpg,421,347,685,664,784,302
00001091.jpg,421,347,685,664,774,310
00001092.jpg,421,347,685,664,784,302
00001093.jpg,421,347,685,664,784,302
00001094.jpg,421,347,685,664,784,302
00001095.jpg,421,347,685,664,784,302
00001096.jpg,421,347,685,664,785,302
00001097.jpg,421,347,685,664,-1,-1
00001098.jpg,421,347,685,664,-1,-1
00001099.jpg,422,347,686,664,-1,-1
00001100.jpg,422,347,686,664,-1,-1
00001101.jpg,422,347,686,664,-1,-1
00001102.jpg,422,347,686,664,-1,-1
00001103.jpg,422,347,686,664,-1,-1
00001104.jpg,422,346,686,663,-1,-1
00001105.jpg,422,346,686,663,-1,-1
00001106.jpg,422,346,686,663,-1,-1
00001107.jpg,422,346,686,663,-1,-1
00001108.jpg,422,346,686,663,-1,-1
00001109.jpg,422,346,686,663,-1,-1
00001110.jpg,422,346,686,663,-1,-1
00001111.jpg,423,346,687,663,-1,-1
00001112.jpg,423,346,687,663,-1,-1
00001113.jpg,423,346,687,663,-1,-1
00001114.jpg,423,346,687,663,-1,-1
00001115.jpg,423,346,687,663,-1,-1
00001116.jpg,423,346,687,663,-1,-1
00001117.jpg,423,346,687,663,-1,-1
00001118.jpg,423,346,687,663,-1,-1
00001119.jpg,423,346,687,663,-1,-1
00001120.jpg,423,346,687,663,-1,-1
00001121.jpg,423,346,687,663,-1,-1
00001122.jpg,423,346,687,663,-1,-1
00001123.jpg,422,346,686,663,-1,-1
00001124.jpg,422,346,686,663,-1,-1
00001125.jpg,422,346,686,663,-1,-1
00001126.jpg,422,346,686,663,-1,-1
00001127.jpg,422,346,686,663,-1,-1
00001128.jpg,422,346,686,663,-1,-1
00001129.jpg,422,346,686,663,-1,-1
00001130.jpg,422,346,686,663,-1,-1
00001131.jpg,422,346,686,663,-1,-1
00001132.jpg,422,346,686,663,-1,-1
00001133.jpg,422,346,686,663,-1,-1
00001134.jpg,422,346,686,663,-1,-1
00001135.jpg,422,346,686,663,-1,-1
00001136.jpg,422,346,686,663,-1,-1
00001137.jpg,422,346,686,663,-1,-1
00001138.jpg,422,346,686,663,-1,-1
00001139.jpg,422,346,686,663,-1,-1
00001140.jpg,422,346,686,663,-1,-1
00001141.jpg,422,346,686,663,-1,-1
00001142.jpg,422,346,686,663,-1,-1
00001143.jpg,422,346,686,663,-1,-1
00001144.jpg,422,346,686,663,-1,-1
00001145.jpg,422,347,686,664,-1,-1
00001146.jpg,422,347,686,664,-1,-1
00001147.jpg,422,347,686,664,-1,-1
00001148.jpg,421,347,685,664,-1,-1
00001149.jpg,421,347,685,664,-1,-1
00001150.jpg,421,347,685,664,-1,-1
00001151.jpg,421,347,685,664,-1,-1
00001152.jpg,421,347,685,664,-1,-1
00001153.jpg,421,347,685,664,-1,-1
00001154.jpg,421,347,685,664,-1,-1
00001155.jpg,421,347,685,664,-1,-1
00001156.jpg,420,347,684,664,-1,-1
00001157.jpg,420,347,684,664,-1,-1
00001158.jpg,420,347,684,664,-1,-1
00001159.jpg,420,347,684,664,-1,-1
00001160.jpg,421,347,685,664,-1,-1
00001161.jpg,421,347,685,664,-1,-1
00001162.jpg,421,347,685,664,-1,-1
00001163.jpg,421,347,685,664,-1,-1
00001164.jpg,421,347,685,664,-1,-1
00001165.jpg,421,347,685,664,-1,-1
00001166.jpg,421,347,685,664,-1,-1
00001167.jpg,421,347,685,664,-1,-1
00001168.jpg,421,347,685,664,-1,-1
00001169.jpg,421,347,685,664,-1,-1
00001170.jpg,421,347,685,664,-1,-1
00001171.jpg,421,347,685,664,-1,-1
00001172.jpg,421,347,685,664,-1,-1
00001173.jpg,421,347,685,664,-1,-1
00001174.jpg,420,347,684,664,-1,-1
00001175.jpg,420,347,684,664,-1,-1
00001176.jpg,420,347,684,664,-1,-1
00001177.jpg,420,347,684,664,-1,-1
00001178.jpg,420,347,684,664,-1,-1
00001179.jpg,420,347,684,664,-1,-1
00001180.jpg,420,347,684,664,-1,-1
00001181.jpg,420,347,684,664,-1,-1
00001182.jpg,420,347,684,664,-1,-1
00001183.jpg,420,347,684,664,-1,-1
00001184.jpg,420,347,684,664,-1,-1
00001185.jpg,420,347,684,664,-1,-1
00001186.jpg,420,347,684,664,-1,-1
00001187.jpg,420,347,684,664,-1,-1
00001188.jpg,420,347,684,664,-1,-1
00001189.jpg,420,347,684,664,-1,-1
00001190.jpg,420,347,684,664,-1,-1
00001191.jpg,420,347,684,664,-1,-1
00001192.jpg,420,347,684,664,-1,-1
00001193.jpg,420,347,684,664,-1,-1
00001194.jpg,420,347,684,664,-1,-1
00001195.jpg,420,347,684,664,-1,-1
00001196.jpg,420,347,684,664,-1,-1
00001197.jpg,420,347,684,664,-1,-1
00001198.jpg,420,347,684,664,-1,-1
00001199.jpg,420,347,684,664,-1,-1
00001200.jpg,420,347,684,664,-1,-1
00001201.jpg,420,347,684,664,-1,-1
00001202.jpg,420,347,684,664,-1,-1
00001203.jpg,420,347,684,664,-1,-1
00001204.jpg,420,347,684,664,-1,-1
00001205.jpg,420,347,684,664,-1,-1
00001206.jpg,420,347,684,664,-1,-1
00001207.jpg,420,347,684,664,-1,-1
00001208.jpg,420,347,684,664,-1,-1
00001209.jpg,420,347,684,664,-1,-1
00001210.jpg,420,347,684,664,-1,-1
00001211.jpg,420,347,684,664,-1,-1
00001212.jpg,420,347,684,664,-1,-1
00001213.jpg,420,347,684,664,-1,-1
00001214.jpg,420,347,684,664,-1,-1
00001215.jpg,420,347,684,664,-1,-1
00001216.jpg,420,347,684,664,-1,-1
00001217.jpg,420,347,684,664,-1,-1
00001218.jpg,420,347,684,664,-1,-1
00001219.jpg,420,347,684,664,-1,-1
00001220.jpg,420,347,684,664,-1,-1
00001221.jpg,420,347,684,664,-1,-1
00001222.jpg,420,347,684,664,-1,-1
00001223.jpg,420,347,684,664,-1,-1
00001224.jpg,420,347,684,664,665,650
00001225.jpg,420,347,684,664,665,650
00001226.jpg,420,347,684,664,665,650
00001227.jpg,420,347,684,664,665,650
00001228.jpg,420,347,684,664,665,650
00001229.jpg,420,347,684,664,665,650
00001230.jpg,420,347,684,664,665,650
00001231.jpg,420,347,684,664,664,647
00001232.jpg,420,347,684,664,664,647
00001233.jpg,420,347,684,664,664,647
00001234.jpg,420,347,684,664,664,647
00001235.jpg,420,347,684,664,662,647
00001236.jpg,420,347,684,664,662,647
00001237.jpg,420,347,684,664,662,647
00001238.jpg,421,347,685,664,662,647
00001239.jpg,421,347,685,664,661,647
00001240.jpg,421,347,685,664,661,647
00001241.jpg,421,347,685,664,661,647
00001242.jpg,421,347,685,664,661,647
00001243.jpg,421,347,685,664,661,650
00001244.jpg,421,347,685,664,661,650
00001245.jpg,421,347,685,664,661,650
00001246.jpg,421,347,685,664,661,650
00001247.jpg,421,347,685,664,661,650
00001248.jpg,421,347,685,664,661,650
00001249.jpg,421,347,685,664,661,650
00001250.jpg,421,347,685,664,661,650
00001251.jpg,421,347,685,664,661,650
00001252.jpg,421,347,685,664,661,650
00001253.jpg,421,347,685,664,661,650
00001254.jpg,421,347,685,664,661,650
00001255.jpg,421,347,685,664,661,650
00001256.jpg,422,348,686,665,661,650
00001257.jpg,422,348,686,665,661,650
00001258.jpg,422,348,686,665,661,650
00001259.jpg,422,348,686,665,661,651
00001260.jpg,422,348,686,665,660,651
00001261.jpg,422,348,686,665,660,651
00001262.jpg,422,348,686,665,658,651
00001263.jpg,422,348,686,665,658,651
00001264.jpg,422,348,686,665,653,652
00001265.jpg,422,348,686,665,653,652
00001266.jpg,422,348,686,665,649,654
00001267.jpg,422,347,686,664,649,654
00001268.jpg,422,347,686,664,649,654
00001269.jpg,422,347,686,664,649,654
00001270.jpg,422,347,686,664,648,654
00001271.jpg,422,348,686,665,644,654
00001272.jpg,422,348,686,665,644,654
00001273.jpg,422,348,686,665,644,654
00001274.jpg,422,348,686,665,644,654
00001275.jpg,422,348,686,665,642,654
00001276.jpg,422,348,686,665,642,654
00001277.jpg,421,347,685,664,642,654
00001278.jpg,421,347,685,664,642,654
00001279.jpg,421,347,685,664,642,654
00001280.jpg,421,348,685,665,642,654
00001281.jpg,421,348,685,665,642,654
00001282.jpg,421,348,685,665,642,654
00001283.jpg,421,348,685,665,642,654
00001284.jpg,421,348,685,665,642,654
00001285.jpg,421,348,685,665,642,654
00001286.jpg,421,348,685,665,642,654
00001287.jpg,422,348,686,665,642,654
00001288.jpg,422,348,686,665,642,654
00001289.jpg,422,348,686,665,642,654
