00001858.jpg,445,81,526,172,559,319
00001859.jpg,446,80,527,171,535,305
00001860.jpg,447,80,528,171,535,306
00001861.jpg,448,80,529,171,414,313
00001862.jpg,448,80,529,171,414,313
00001863.jpg,449,79,530,170,334,303
00001864.jpg,459,79,534,165,334,303
00001865.jpg,459,79,534,165,266,269
00001866.jpg,460,78,535,164,266,269
00001867.jpg,460,78,535,164,266,269
00001868.jpg,461,78,536,164,266,269
00001869.jpg,466,76,540,165,266,269
00001870.jpg,466,76,540,165,268,269
00001871.jpg,467,76,541,165,268,269
00001872.jpg,467,76,541,165,181,187
00001873.jpg,466,76,540,165,183,187
00001874.jpg,466,76,540,165,186,186
00001875.jpg,465,76,539,165,186,186
00001876.jpg,463,76,537,165,186,188
00001877.jpg,463,76,537,165,186,189
00001878.jpg,463,74,538,164,294,273
00001879.jpg,463,74,538,164,294,273
00001880.jpg,461,75,536,165,296,274
00001881.jpg,458,76,533,166,294,275
00001882.jpg,458,76,533,166,294,276
00001883.jpg,456,77,531,167,295,277
00001884.jpg,454,80,529,170,293,279
00001885.jpg,452,80,527,170,294,280
00001886.jpg,450,80,525,170,294,282
00001887.jpg,450,81,525,171,293,282
00001888.jpg,448,82,523,172,292,284
00001889.jpg,448,83,523,173,292,285
00001890.jpg,448,84,523,174,290,285
00001891.jpg,439,79,518,175,290,285
00001892.jpg,439,79,518,175,288,286
00001893.jpg,440,79,519,175,288,286
00001894.jpg,440,79,519,175,288,286
00001895.jpg,441,80,520,176,288,286
00001896.jpg,443,80,522,176,288,286
00001897.jpg,443,80,522,176,288,286
00001898.jpg,447,81,526,176,288,289
00001899.jpg,451,80,530,176,222,329
00001900.jpg,455,80,534,176,216,334
00001901.jpg,461,80,542,176,206,338
00001902.jpg,461,80,542,176,206,338
00001903.jpg,466,80,547,176,205,345
00001904.jpg,470,79,551,175,205,345
00001905.jpg,473,79,554,175,200,348
00001906.jpg,477,79,558,175,196,347
00001907.jpg,477,79,558,175,194,346
00001908.jpg,480,79,561,175,192,347
00001909.jpg,483,79,564,175,186,346
00001910.jpg,486,79,567,175,186,346
00001911.jpg,487,79,568,175,185,346
00001912.jpg,487,79,568,175,136,210
00001913.jpg,488,78,569,174,130,205
00001914.jpg,490,78,571,174,133,202
00001915.jpg,492,78,573,174,121,197
00001916.jpg,494,78,575,174,115,191
00001917.jpg,494,78,575,174,112,190
00001918.jpg,496,78,577,174,105,183
00001919.jpg,499,78,580,174,99,178
00001920.jpg,500,79,581,175,89,173
00001921.jpg,502,80,583,176,89,173
00001922.jpg,502,80,583,176,88,172
00001923.jpg,502,81,584,173,85,165
00001924.jpg,502,81,584,173,85,161
00001925.jpg,504,83,586,175,84,158
00001926.jpg,506,84,588,176,93,154
00001927.jpg,506,85,588,177,93,154
00001928.jpg,508,86,590,178,100,153
00001929.jpg,510,87,592,179,100,153
00001930.jpg,512,88,594,180,112,148
00001931.jpg,513,89,595,181,119,147
00001932.jpg,513,89,595,181,122,147
00001933.jpg,514,89,596,181,128,146
00001934.jpg,515,89,597,181,138,143
00001935.jpg,515,89,597,181,144,141
00001936.jpg,515,89,597,181,154,135
00001937.jpg,515,89,597,181,154,135
00001938.jpg,515,88,597,180,158,134
00001939.jpg,514,89,596,181,165,129
00001940.jpg,513,89,595,181,168,128
00001941.jpg,512,90,594,182,173,128
00001942.jpg,512,90,594,182,173,128
00001943.jpg,511,90,593,182,177,127
00001944.jpg,511,90,593,182,178,126
00001945.jpg,510,91,592,183,181,125
00001946.jpg,509,91,591,183,183,127
00001947.jpg,509,91,591,183,183,124
00001948.jpg,508,92,590,184,183,124
00001949.jpg,508,92,590,184,186,126
