00002683.jpg,985,45,1410,465,-1,-1
00002684.jpg,989,47,1407,464,606,359
00002685.jpg,991,47,1406,465,610,360
00002686.jpg,989,47,1404,463,610,360
00002687.jpg,989,45,1406,466,610,360
00002688.jpg,987,44,1408,469,626,373
00002689.jpg,987,42,1404,467,636,383
00002690.jpg,984,41,1405,469,652,393
00002691.jpg,982,40,1406,470,663,395
00002692.jpg,975,39,1409,476,672,405
00002693.jpg,976,39,1409,478,686,409
00002694.jpg,975,39,1407,477,695,408
00002695.jpg,975,39,1406,475,700,403
00002696.jpg,975,39,1407,476,704,404
00002697.jpg,974,39,1408,477,715,397
00002698.jpg,974,39,1409,479,715,385
00002699.jpg,975,37,1408,478,715,376
00002700.jpg,974,36,1409,478,719,377
00002701.jpg,976,37,1408,476,719,379
00002702.jpg,978,37,1409,476,719,379
00002703.jpg,976,37,1411,477,722,401
00002704.jpg,973,36,1412,480,724,420
00002705.jpg,974,37,1413,480,726,429
00002706.jpg,975,37,1412,480,715,421
00002707.jpg,975,36,1412,481,715,416
00002708.jpg,975,37,1412,481,714,408
00002709.jpg,974,35,1413,481,715,397
00002710.jpg,976,36,1412,478,715,396
00002711.jpg,975,36,1413,479,715,396
00002712.jpg,974,36,1413,478,715,396
00002713.jpg,973,36,1413,478,715,396
00002714.jpg,973,36,1413,478,715,396
00002715.jpg,973,36,1413,479,715,396
00002716.jpg,973,36,1413,478,715,396
00002717.jpg,973,36,1414,478,715,396
00002718.jpg,972,36,1414,477,715,396
00002719.jpg,970,36,1414,477,715,396
00002720.jpg,969,37,1414,476,722,405
00002721.jpg,969,37,1416,477,724,408
00002722.jpg,967,36,1417,477,730,408
00002723.jpg,967,36,1418,476,735,405
00002724.jpg,968,35,1414,475,-1,-1
00002725.jpg,972,36,1409,472,-1,-1
00002726.jpg,970,36,1410,473,-1,-1
00002727.jpg,970,35,1412,475,-1,-1
00002728.jpg,971,35,1413,477,-1,-1
00002729.jpg,971,36,1414,478,-1,-1
00002730.jpg,975,39,1412,477,-1,-1
00002731.jpg,975,39,1413,477,-1,-1
00002732.jpg,977,38,1414,477,-1,-1
00002733.jpg,976,38,1414,478,-1,-1
00002734.jpg,978,39,1414,478,-1,-1
00002735.jpg,976,38,1414,480,-1,-1
00002736.jpg,976,38,1413,479,-1,-1
00002737.jpg,977,39,1413,477,-1,-1
00002738.jpg,979,39,1412,476,-1,-1
00002739.jpg,983,39,1414,480,-1,-1
00002740.jpg,986,41,1412,477,-1,-1
00002741.jpg,986,41,1413,477,-1,-1
00002742.jpg,983,37,1418,480,-1,-1
00002743.jpg,986,36,1418,481,-1,-1
00002744.jpg,992,34,1420,485,-1,-1
00002745.jpg,991,28,1418,485,-1,-1
00002746.jpg,991,28,1419,485,-1,-1
00002747.jpg,990,29,1424,484,-1,-1
00002748.jpg,987,29,1427,484,-1,-1
00002749.jpg,986,28,1428,480,-1,-1
00002750.jpg,983,26,1431,477,-1,-1
00002751.jpg,982,25,1432,478,-1,-1
00002752.jpg,980,24,1431,478,-1,-1
00002753.jpg,978,20,1431,479,-1,-1
00002754.jpg,978,18,1432,475,-1,-1
00002755.jpg,981,15,1429,474,-1,-1
00002756.jpg,981,15,1429,473,-1,-1
00002757.jpg,978,15,1427,470,-1,-1
00002758.jpg,978,15,1427,470,742,391
