00002683.jpg,28,3,702,781,1111,244
00002684.jpg,28,3,702,781,1111,244
00002685.jpg,28,3,702,781,1111,244
00002686.jpg,28,3,702,781,1111,244
00002687.jpg,37,2,711,780,1111,244
00002688.jpg,51,9,725,787,1111,244
00002689.jpg,69,14,743,792,1111,244
00002690.jpg,87,17,761,795,1115,249
00002691.jpg,87,18,761,796,1115,244
00002692.jpg,102,18,776,796,1115,244
00002693.jpg,112,17,786,795,1115,244
00002694.jpg,118,14,792,792,1115,244
00002695.jpg,120,7,794,785,1115,244
00002696.jpg,120,7,794,785,1115,244
00002697.jpg,121,0,795,778,1115,244
00002698.jpg,119,0,793,778,1115,244
00002699.jpg,117,0,791,778,1115,244
00002700.jpg,117,0,791,778,1115,244
00002701.jpg,117,0,791,778,1115,244
00002702.jpg,125,0,799,778,1115,244
00002703.jpg,136,0,810,778,1115,244
00002704.jpg,141,3,815,781,1119,244
00002705.jpg,128,3,819,837,1119,244
00002706.jpg,128,3,819,837,1119,244
00002707.jpg,128,3,819,837,1119,244
00002708.jpg,128,3,819,837,1119,244
00002709.jpg,131,2,822,836,1119,244
00002710.jpg,134,1,825,835,1119,244
00002711.jpg,135,1,826,835,1119,244
00002712.jpg,138,1,829,835,1119,244
00002713.jpg,139,1,830,835,1119,244
00002714.jpg,140,1,831,835,1119,244
00002715.jpg,141,1,832,835,1119,244
00002716.jpg,141,1,832,835,1119,244
00002717.jpg,143,1,834,835,1119,244
00002718.jpg,146,0,837,834,1119,244
00002719.jpg,151,0,842,834,1119,244
00002720.jpg,156,0,847,834,1119,244
00002721.jpg,156,0,847,834,1119,243
00002722.jpg,159,0,850,834,1119,243
00002723.jpg,161,0,852,834,1119,243
00002724.jpg,160,0,851,834,1119,243
00002725.jpg,159,0,850,834,1119,243
00002726.jpg,159,0,850,834,1119,243
00002727.jpg,157,0,848,834,1119,243
00002728.jpg,156,0,847,834,1119,243
00002729.jpg,157,0,848,834,1119,243
00002730.jpg,158,0,849,834,1119,243
00002731.jpg,158,0,849,834,1119,243
00002732.jpg,160,0,851,834,1118,245
00002733.jpg,161,0,852,834,1118,245
00002734.jpg,162,0,853,834,1118,245
00002735.jpg,162,0,853,834,1118,245
00002736.jpg,161,0,852,834,1118,247
00002737.jpg,161,0,852,834,1118,247
00002738.jpg,160,0,851,834,1119,247
00002739.jpg,158,0,849,834,1126,253
00002740.jpg,157,0,848,834,1127,251
00002741.jpg,157,0,848,834,1128,251
00002742.jpg,155,0,846,834,1131,256
00002743.jpg,154,0,845,834,1132,259
00002744.jpg,152,0,843,834,1132,259
00002745.jpg,151,0,842,834,1132,259
00002746.jpg,151,0,842,834,1132,259
00002747.jpg,151,0,842,834,1139,257
00002748.jpg,152,0,843,834,1128,251
00002749.jpg,152,0,843,834,1128,249
00002750.jpg,153,0,844,834,1126,240
00002751.jpg,153,0,844,834,1124,236
00002752.jpg,153,0,844,834,1123,229
00002753.jpg,154,0,845,834,1123,229
00002754.jpg,154,0,845,834,1123,229
00002755.jpg,154,0,845,834,1123,229
00002756.jpg,154,0,845,834,1123,229
00002757.jpg,153,0,844,834,1123,229
00002758.jpg,153,0,844,834,1122,228
