00002367.jpg,600,164,864,436,-1,-1
00002368.jpg,600,164,864,436,-1,-1
00002369.jpg,600,164,864,436,-1,-1
00002370.jpg,600,164,864,436,-1,-1
00002371.jpg,600,164,864,436,-1,-1
00002372.jpg,600,164,864,436,-1,-1
00002373.jpg,600,164,864,436,-1,-1
00002374.jpg,600,164,864,436,-1,-1
00002375.jpg,600,165,864,437,-1,-1
00002376.jpg,601,164,865,436,-1,-1
00002377.jpg,601,165,865,437,-1,-1
00002378.jpg,601,165,865,437,-1,-1
00002379.jpg,601,165,865,437,-1,-1
00002380.jpg,601,165,865,437,-1,-1
00002381.jpg,601,165,865,437,-1,-1
00002382.jpg,600,166,864,438,-1,-1
00002383.jpg,600,166,864,438,-1,-1
00002384.jpg,600,166,864,438,-1,-1
00002385.jpg,600,166,864,438,-1,-1
00002386.jpg,600,166,864,438,-1,-1
00002387.jpg,600,166,864,438,-1,-1
00002388.jpg,599,166,863,438,-1,-1
00002389.jpg,599,166,863,438,-1,-1
00002390.jpg,599,166,863,438,-1,-1
00002391.jpg,598,167,862,439,-1,-1
00002392.jpg,598,166,862,438,-1,-1
00002393.jpg,598,166,862,438,-1,-1
00002394.jpg,597,167,861,439,-1,-1
00002395.jpg,597,166,861,438,-1,-1
00002396.jpg,596,167,860,439,-1,-1
00002397.jpg,596,166,860,438,-1,-1
00002398.jpg,595,167,859,439,-1,-1
00002399.jpg,595,167,859,439,-1,-1
00002400.jpg,595,166,859,438,-1,-1
00002401.jpg,594,167,858,439,-1,-1
00002402.jpg,594,166,858,438,-1,-1
00002403.jpg,594,166,858,438,-1,-1
00002404.jpg,593,166,857,438,-1,-1
00002405.jpg,593,166,857,438,-1,-1
00002406.jpg,592,166,856,438,-1,-1
00002407.jpg,592,166,856,438,-1,-1
00002408.jpg,592,166,856,438,-1,-1
00002409.jpg,591,166,855,438,-1,-1
00002410.jpg,591,166,855,438,-1,-1
00002411.jpg,591,166,855,438,-1,-1
00002412.jpg,591,166,855,438,-1,-1
00002413.jpg,591,166,855,438,-1,-1
00002414.jpg,591,165,855,437,-1,-1
00002415.jpg,591,165,855,437,-1,-1
00002416.jpg,591,165,855,437,-1,-1
00002417.jpg,591,165,855,437,-1,-1
00002418.jpg,591,165,855,437,-1,-1
00002419.jpg,591,165,855,437,-1,-1
00002420.jpg,591,166,855,438,-1,-1
00002421.jpg,591,166,855,438,-1,-1
00002422.jpg,592,165,856,437,-1,-1
00002423.jpg,592,166,856,438,-1,-1
00002424.jpg,592,166,856,438,-1,-1
00002425.jpg,593,165,857,437,-1,-1
00002426.jpg,593,166,857,438,-1,-1
00002427.jpg,594,165,858,437,-1,-1
00002428.jpg,594,165,858,437,-1,-1
00002429.jpg,595,165,859,437,-1,-1
00002430.jpg,595,165,859,437,-1,-1
00002431.jpg,596,165,860,437,-1,-1
00002432.jpg,597,165,861,437,-1,-1
00002433.jpg,597,165,861,437,-1,-1
00002434.jpg,598,165,862,437,-1,-1
00002435.jpg,599,165,863,437,-1,-1
00002436.jpg,599,165,863,437,-1,-1
00002437.jpg,600,165,864,437,-1,-1
00002438.jpg,600,165,864,437,-1,-1
00002439.jpg,600,165,864,437,-1,-1
00002440.jpg,600,166,864,438,-1,-1
00002441.jpg,601,165,865,437,-1,-1
00002442.jpg,601,166,865,438,-1,-1
00002443.jpg,601,166,865,438,-1,-1
00002444.jpg,601,166,865,438,-1,-1
00002445.jpg,601,166,865,438,-1,-1
00002446.jpg,601,166,865,438,-1,-1
00002447.jpg,601,166,865,438,-1,-1
00002448.jpg,601,166,865,438,-1,-1
00002449.jpg,601,167,865,439,-1,-1
00002450.jpg,601,167,865,439,-1,-1
00002451.jpg,602,167,866,439,-1,-1
00002452.jpg,603,167,867,439,-1,-1
00002453.jpg,603,168,867,440,-1,-1
00002454.jpg,604,169,868,441,-1,-1
00002455.jpg,604,169,868,441,427,295
00002456.jpg,604,169,868,441,427,295
00002457.jpg,604,169,868,441,426,295
00002458.jpg,604,169,868,441,426,295
