00002607.jpg,0,28,147,177,227,284
00002608.jpg,0,27,147,176,229,280
00002609.jpg,0,28,147,172,230,279
00002610.jpg,0,27,145,165,231,276
00002611.jpg,0,27,145,165,229,273
00002612.jpg,0,27,145,165,229,271
00002613.jpg,0,27,145,165,229,271
00002614.jpg,0,26,145,164,229,269
00002615.jpg,0,26,145,164,229,269
00002616.jpg,0,26,145,164,229,271
00002617.jpg,0,27,145,165,227,272
00002618.jpg,0,27,145,165,225,276
00002619.jpg,0,28,145,166,222,278
00002620.jpg,5,20,134,158,221,278
00002621.jpg,5,20,134,158,220,278
00002622.jpg,2,19,131,157,218,278
00002623.jpg,1,19,130,157,217,276
00002624.jpg,0,19,129,157,217,276
00002625.jpg,0,19,129,157,217,277
00002626.jpg,0,21,129,159,217,277
00002627.jpg,0,23,129,161,216,279
00002628.jpg,0,28,129,166,215,283
00002629.jpg,0,33,129,171,215,283
00002630.jpg,0,33,129,171,214,284
00002631.jpg,5,25,121,173,213,285
00002632.jpg,5,25,121,173,215,285
00002633.jpg,5,25,128,173,225,284
00002634.jpg,5,25,137,173,230,285
00002635.jpg,5,25,137,173,230,285
00002636.jpg,5,25,141,173,230,285
00002637.jpg,5,26,143,174,229,286
00002638.jpg,5,27,145,175,228,286
00002639.jpg,5,27,145,175,232,288
00002640.jpg,5,27,149,175,233,289
00002641.jpg,5,27,152,175,236,290
00002642.jpg,5,25,154,173,239,290
00002643.jpg,5,22,154,170,578,116
00002644.jpg,5,22,154,170,580,117
00002645.jpg,5,19,153,167,579,114
00002646.jpg,5,16,150,164,579,111
00002647.jpg,5,13,146,161,579,111
00002648.jpg,5,13,146,161,579,111
00002649.jpg,5,13,134,161,-1,-1
00002650.jpg,5,14,130,162,-1,-1
00002651.jpg,5,14,130,162,-1,-1
00002652.jpg,5,16,126,164,-1,-1
00002653.jpg,5,18,122,166,-1,-1
00002654.jpg,1,17,117,165,-1,-1
00002655.jpg,0,17,116,165,-1,-1
00002656.jpg,0,17,116,165,-1,-1
00002657.jpg,0,15,116,163,-1,-1
00002658.jpg,0,14,116,162,-1,-1
00002659.jpg,0,15,116,163,-1,-1
00002660.jpg,0,17,116,165,-1,-1
00002661.jpg,0,17,116,165,-1,-1
00002662.jpg,0,20,116,168,-1,-1
00002663.jpg,2,24,118,172,-1,-1
00002664.jpg,1,25,117,173,224,295
00002665.jpg,0,25,116,173,224,295
00002666.jpg,0,25,116,173,224,295
00002667.jpg,0,26,116,174,224,295
00002668.jpg,0,26,116,174,224,294
