00002607.jpg,521,16,639,175,229,101
00002608.jpg,521,16,639,175,230,102
00002609.jpg,521,16,639,175,232,101
00002610.jpg,521,16,639,175,234,98
00002611.jpg,521,16,639,175,235,97
00002612.jpg,522,13,640,172,237,92
00002613.jpg,522,13,640,172,241,90
00002614.jpg,522,14,640,173,243,89
00002615.jpg,522,14,640,173,243,89
00002616.jpg,522,16,640,175,245,88
00002617.jpg,522,18,640,177,245,85
00002618.jpg,522,18,640,177,245,87
00002619.jpg,522,18,640,177,244,86
00002620.jpg,522,18,640,177,244,86
00002621.jpg,522,17,640,176,242,87
00002622.jpg,522,16,640,175,241,88
00002623.jpg,522,15,640,174,241,88
00002624.jpg,522,13,640,172,240,91
00002625.jpg,522,13,640,172,240,91
00002626.jpg,522,12,640,171,240,92
00002627.jpg,521,12,639,171,240,94
00002628.jpg,518,13,636,172,236,98
00002629.jpg,515,14,633,173,235,100
00002630.jpg,515,14,633,173,234,102
00002631.jpg,513,15,631,174,233,102
00002632.jpg,516,16,634,175,237,102
00002633.jpg,519,19,637,178,241,100
00002634.jpg,521,22,639,181,241,100
00002635.jpg,521,22,639,181,243,97
00002636.jpg,521,25,639,184,245,93
00002637.jpg,520,28,638,187,242,91
00002638.jpg,520,30,638,189,239,90
00002639.jpg,520,30,638,189,241,89
00002640.jpg,521,31,639,190,241,89
00002641.jpg,522,32,640,191,244,90
00002642.jpg,522,32,640,191,244,91
00002643.jpg,522,30,640,189,244,90
00002644.jpg,522,30,640,189,244,91
00002645.jpg,522,27,640,186,244,91
00002646.jpg,522,24,640,183,244,90
00002647.jpg,522,21,640,180,239,89
00002648.jpg,522,21,640,180,238,89
00002649.jpg,522,20,640,179,233,87
00002650.jpg,521,22,639,181,227,91
00002651.jpg,521,22,639,181,227,91
00002652.jpg,519,23,637,182,224,93
00002653.jpg,518,24,636,183,223,94
00002654.jpg,518,24,636,183,221,95
00002655.jpg,519,24,637,183,221,96
00002656.jpg,519,24,637,183,222,96
00002657.jpg,520,23,638,182,222,97
00002658.jpg,521,21,639,180,222,95
00002659.jpg,521,21,639,180,222,93
00002660.jpg,521,21,639,180,222,93
00002661.jpg,521,21,639,180,222,91
00002662.jpg,521,22,639,181,221,91
00002663.jpg,520,23,638,182,220,90
00002664.jpg,519,24,637,183,219,90
00002665.jpg,517,25,635,184,219,91
00002666.jpg,517,25,635,184,219,91
00002667.jpg,515,25,633,184,218,92
00002668.jpg,515,25,633,184,217,93
