00000001.jpg,547,52,775,303,-1,-1
00000002.jpg,547,52,775,303,-1,-1
00000003.jpg,547,52,775,303,-1,-1
00000004.jpg,547,52,775,303,-1,-1
00000005.jpg,548,53,776,304,-1,-1
00000006.jpg,550,54,778,305,-1,-1
00000007.jpg,551,52,779,303,-1,-1
00000008.jpg,551,51,779,302,1266,661
00000009.jpg,553,52,781,303,1258,629
00000010.jpg,554,53,782,304,1254,605
00000011.jpg,554,54,782,305,1238,579
00000012.jpg,560,53,788,304,1235,556
00000013.jpg,564,54,792,305,1227,530
00000014.jpg,561,55,789,306,1208,497
00000015.jpg,561,56,789,307,1206,472
00000016.jpg,562,55,790,306,1204,452
00000017.jpg,567,54,795,305,1206,449
00000018.jpg,570,52,798,303,1206,447
00000019.jpg,578,48,806,299,1211,434
00000020.jpg,578,50,806,301,1226,429
00000021.jpg,578,53,806,304,1234,417
00000022.jpg,587,52,815,303,1237,408
