00000023.jpg,217,96,511,375,-1,-1
00000024.jpg,221,94,513,375,-1,-1
00000025.jpg,224,95,516,378,-1,-1
00000026.jpg,222,92,517,383,-1,-1
00000027.jpg,226,98,514,380,-1,-1
00000028.jpg,226,98,514,380,-1,-1
00000029.jpg,230,98,518,380,-1,-1
00000030.jpg,233,99,521,381,-1,-1
00000031.jpg,235,100,523,382,-1,-1
00000032.jpg,237,100,525,382,-1,-1
00000033.jpg,238,101,526,383,-1,-1
00000034.jpg,240,102,528,384,-1,-1
00000035.jpg,241,103,529,385,-1,-1
00000036.jpg,242,103,530,385,-1,-1
00000037.jpg,243,104,531,386,-1,-1
00000038.jpg,244,105,532,387,-1,-1
00000039.jpg,245,105,533,387,-1,-1
00000040.jpg,245,105,533,387,-1,-1
00000041.jpg,245,105,533,387,-1,-1
00000042.jpg,245,107,533,389,-1,-1
00000043.jpg,247,110,535,392,-1,-1
00000044.jpg,267,136,522,395,-1,-1
00000045.jpg,267,136,522,395,-1,-1
00000046.jpg,267,135,522,394,834,173
00000047.jpg,267,135,522,394,828,172
00000048.jpg,266,134,521,393,826,173
00000049.jpg,267,134,522,393,823,174
00000050.jpg,267,134,522,393,821,174
00000051.jpg,268,133,523,392,817,170
00000052.jpg,270,132,525,391,813,167
00000053.jpg,271,131,526,390,807,165
00000054.jpg,273,129,528,388,803,163
00000055.jpg,275,126,530,385,797,163
00000056.jpg,276,124,531,383,791,160
00000057.jpg,277,123,532,382,779,157
00000058.jpg,279,123,534,382,774,156
00000059.jpg,280,122,535,381,770,156
00000060.jpg,281,122,536,381,-1,-1
00000061.jpg,281,122,536,381,-1,-1
00000062.jpg,282,123,537,382,-1,-1
00000063.jpg,259,127,501,375,-1,-1
00000064.jpg,259,127,501,375,-1,-1
00000065.jpg,255,128,497,376,-1,-1
00000066.jpg,247,127,489,375,-1,-1
00000067.jpg,244,127,486,375,-1,-1
00000068.jpg,241,127,483,375,-1,-1
00000069.jpg,237,127,479,375,-1,-1
00000070.jpg,233,127,475,375,-1,-1
00000071.jpg,231,128,473,376,-1,-1
00000072.jpg,223,127,465,375,-1,-1
00000073.jpg,215,125,457,373,-1,-1
00000074.jpg,209,124,451,372,-1,-1
00000075.jpg,201,123,443,371,-1,-1
00000076.jpg,193,122,435,370,406,705
00000077.jpg,186,121,428,369,406,705
00000078.jpg,186,121,428,369,408,705
