00000023.jpg,831,18,1074,237,-1,-1
00000024.jpg,834,19,1072,237,-1,-1
00000025.jpg,833,21,1071,237,-1,-1
00000026.jpg,836,22,1070,239,-1,-1
00000027.jpg,835,25,1064,239,-1,-1
00000028.jpg,831,25,1069,242,-1,-1
00000029.jpg,831,25,1069,242,-1,-1
00000030.jpg,831,25,1069,242,-1,-1
00000031.jpg,831,25,1069,242,-1,-1
00000032.jpg,826,29,1064,246,-1,-1
00000033.jpg,818,34,1056,251,-1,-1
00000034.jpg,811,40,1049,257,-1,-1
00000035.jpg,805,48,1043,265,-1,-1
00000036.jpg,799,52,1037,269,-1,-1
00000037.jpg,795,54,1033,271,-1,-1
00000038.jpg,791,54,1029,271,-1,-1
00000039.jpg,788,53,1026,270,-1,-1
00000040.jpg,784,55,1022,272,-1,-1
00000041.jpg,781,57,1019,274,-1,-1
00000042.jpg,777,59,1015,276,-1,-1
00000043.jpg,774,59,1012,276,-1,-1
00000044.jpg,771,57,1009,274,-1,-1
00000045.jpg,768,56,1006,273,-1,-1
00000046.jpg,765,54,1003,271,-1,-1
00000047.jpg,761,53,999,270,-1,-1
00000048.jpg,755,53,993,270,455,245
00000049.jpg,750,52,988,269,455,245
00000050.jpg,745,48,983,265,458,245
00000051.jpg,742,44,980,261,464,245
00000052.jpg,738,42,976,259,461,244
00000053.jpg,733,42,971,259,460,243
00000054.jpg,729,40,967,257,460,239
00000055.jpg,724,39,962,256,460,238
00000056.jpg,719,39,957,256,458,237
00000057.jpg,714,38,952,255,458,237
00000058.jpg,708,38,946,255,458,236
00000059.jpg,700,37,938,254,456,236
00000060.jpg,693,37,931,254,456,236
00000061.jpg,686,36,924,253,452,234
00000062.jpg,679,36,917,253,449,234
00000063.jpg,672,35,910,252,435,235
00000064.jpg,666,34,904,251,432,240
00000065.jpg,660,33,898,250,422,244
00000066.jpg,655,32,893,249,416,246
00000067.jpg,651,31,889,248,409,247
00000068.jpg,646,31,884,248,400,248
00000069.jpg,642,30,880,247,396,248
00000070.jpg,639,29,877,246,387,248
00000071.jpg,637,28,875,245,378,245
00000072.jpg,635,27,873,244,370,245
00000073.jpg,633,26,871,243,367,243
00000074.jpg,632,25,870,242,355,239
00000075.jpg,631,24,869,241,349,239
00000076.jpg,630,23,868,240,340,239
00000077.jpg,629,23,867,240,330,240
00000078.jpg,629,23,867,240,324,241
