00003062.jpg,1002,299,1374,676,917,388
00003063.jpg,1002,299,1374,676,917,388
00003064.jpg,1002,299,1374,676,920,389
00003065.jpg,1002,299,1374,676,918,391
00003066.jpg,1001,299,1373,676,918,398
00003067.jpg,1000,298,1372,675,918,403
00003068.jpg,1000,298,1372,675,918,403
00003069.jpg,1000,297,1372,674,922,401
00003070.jpg,999,297,1371,674,922,401
00003071.jpg,999,298,1371,675,922,401
00003072.jpg,999,298,1371,675,922,401
00003073.jpg,999,298,1371,675,921,404
00003074.jpg,999,298,1371,675,922,401
00003075.jpg,999,298,1371,675,922,401
00003076.jpg,999,299,1371,676,922,401
00003077.jpg,999,299,1371,676,920,400
00003078.jpg,1000,299,1372,676,920,400
00003079.jpg,1000,299,1372,676,918,400
00003080.jpg,1000,299,1372,676,918,400
00003081.jpg,1002,299,1374,676,917,400
00003082.jpg,1002,298,1374,675,915,394
00003083.jpg,1002,298,1374,675,916,394
00003084.jpg,1003,298,1375,675,916,389
00003085.jpg,1004,297,1376,674,913,389
00003086.jpg,1004,296,1376,673,905,389
00003087.jpg,1005,294,1377,671,903,391
00003088.jpg,1005,294,1377,671,900,391
00003089.jpg,1006,293,1378,670,897,385
00003090.jpg,1006,293,1378,670,890,373
00003091.jpg,1007,293,1379,670,890,363
00003092.jpg,1007,294,1379,671,891,358
00003093.jpg,1007,294,1379,671,893,358
00003094.jpg,1008,295,1380,672,897,360
00003095.jpg,1009,295,1381,672,900,364
00003096.jpg,1010,294,1382,671,898,366
00003097.jpg,1010,294,1382,671,898,361
00003098.jpg,1010,294,1382,671,896,360
00003099.jpg,1011,294,1383,671,897,358
00003100.jpg,1012,295,1384,672,898,355
00003101.jpg,1012,295,1384,672,901,360
00003102.jpg,1013,296,1385,673,901,364
00003103.jpg,1013,296,1385,673,901,364
00003104.jpg,1013,296,1385,673,900,364
00003105.jpg,1014,296,1386,673,897,365
00003106.jpg,1002,296,1374,673,897,365
00003107.jpg,1002,296,1374,673,897,365
00003108.jpg,1002,296,1374,673,897,365
00003109.jpg,1001,297,1373,674,898,369
00003110.jpg,999,299,1371,676,898,369
00003111.jpg,998,299,1370,676,897,371
00003112.jpg,1022,305,1385,662,896,373
00003113.jpg,1022,305,1385,662,896,374
00003114.jpg,1022,305,1385,662,896,376
00003115.jpg,1022,305,1385,662,896,376
00003116.jpg,1022,305,1385,662,896,380
00003117.jpg,1022,306,1385,663,896,381
00003118.jpg,1022,306,1385,663,897,383
00003119.jpg,1022,306,1385,663,897,383
00003120.jpg,1022,307,1385,664,900,383
00003121.jpg,1022,307,1385,664,902,380
00003122.jpg,1022,307,1385,664,905,379
00003123.jpg,1022,307,1385,664,905,379
00003124.jpg,1022,307,1385,664,907,378
00003125.jpg,1022,306,1385,663,910,379
00003126.jpg,1022,306,1385,663,910,381
00003127.jpg,1023,306,1386,663,908,381
00003128.jpg,1023,306,1386,663,908,385
00003129.jpg,1023,306,1386,663,906,389
00003130.jpg,1024,306,1387,663,902,386
00003131.jpg,1024,305,1387,662,902,381
00003132.jpg,1025,305,1388,662,901,373
00003133.jpg,1025,305,1388,662,901,373
00003134.jpg,1027,305,1390,662,898,371
00003135.jpg,1027,304,1390,661,898,371
00003136.jpg,1027,304,1390,661,901,374
00003137.jpg,1027,303,1390,660,902,376
00003138.jpg,1026,303,1389,660,902,376
00003139.jpg,1026,303,1389,660,902,373
00003140.jpg,1025,303,1388,660,900,368
00003141.jpg,1025,301,1388,658,898,368
00003142.jpg,1025,301,1388,658,898,368
00003143.jpg,1025,301,1388,658,898,370
00003144.jpg,1024,301,1387,658,896,370
00003145.jpg,1024,301,1387,658,896,374
00003146.jpg,1024,302,1387,659,892,376
00003147.jpg,1023,303,1386,660,887,383
00003148.jpg,1023,303,1386,660,885,385
00003149.jpg,1023,304,1386,661,885,394
00003150.jpg,1023,304,1386,661,887,396
00003151.jpg,1023,304,1386,661,896,394
00003152.jpg,1023,304,1386,661,898,388
00003153.jpg,1023,304,1386,661,897,389
00003154.jpg,1023,305,1386,662,897,384
00003155.jpg,1022,306,1385,663,897,384
00003156.jpg,1021,308,1384,665,896,388
00003157.jpg,1021,308,1384,665,896,391
00003158.jpg,1021,308,1384,665,896,391
00003159.jpg,1021,308,1384,665,896,391
00003160.jpg,1021,308,1384,665,896,388
00003161.jpg,1020,309,1383,666,898,388
00003162.jpg,1020,310,1383,667,898,384
00003163.jpg,1020,310,1383,667,898,384
00003164.jpg,1019,311,1382,668,898,384
00003165.jpg,1018,312,1381,669,898,384
00003166.jpg,1019,312,1382,669,898,384
00003167.jpg,1019,312,1382,669,900,383
00003168.jpg,1019,312,1382,669,897,379
00003169.jpg,1019,311,1382,668,896,379
00003170.jpg,1018,311,1381,668,896,386
00003171.jpg,1018,311,1381,668,901,396
00003172.jpg,1018,311,1381,668,901,399
00003173.jpg,1018,311,1381,668,902,399
00003174.jpg,1017,310,1380,667,906,391
00003175.jpg,1017,309,1380,666,910,388
00003176.jpg,1017,309,1380,666,916,381
00003177.jpg,1017,308,1380,665,912,384
00003178.jpg,1017,308,1380,665,912,383
00003179.jpg,1017,309,1380,666,913,384
00003180.jpg,1017,309,1380,666,913,384
00003181.jpg,1018,310,1381,667,915,384
00003182.jpg,1018,310,1381,667,916,383
00003183.jpg,1018,310,1381,667,916,381
00003184.jpg,1018,309,1381,666,916,376
00003185.jpg,1019,309,1382,666,916,370
00003186.jpg,1020,308,1383,665,916,373
00003187.jpg,1020,308,1383,665,916,376
00003188.jpg,1020,308,1383,665,916,376
00003189.jpg,1020,307,1383,664,918,381
00003190.jpg,1019,305,1382,662,916,391
00003191.jpg,1019,304,1382,661,918,396
00003192.jpg,1019,303,1382,660,927,404
00003193.jpg,1019,303,1382,660,927,404
00003194.jpg,1018,302,1381,659,940,401
00003195.jpg,1018,302,1381,659,947,395
00003196.jpg,1018,303,1381,660,941,384
00003197.jpg,1017,303,1380,660,932,379
00003198.jpg,1017,303,1380,660,932,379
00003199.jpg,1017,303,1380,660,930,381
00003200.jpg,1017,302,1380,659,927,388
00003201.jpg,1016,300,1379,657,925,391
00003202.jpg,1016,300,1379,657,922,394
00003203.jpg,1017,300,1380,657,922,394
00003204.jpg,1017,300,1380,657,922,394
00003205.jpg,1017,300,1380,657,922,394
00003206.jpg,1018,300,1381,657,922,393
00003207.jpg,1018,300,1381,657,918,391
