00003062.jpg,1319,144,1572,451,1450,626
00003063.jpg,1319,144,1572,451,1450,626
00003064.jpg,1319,144,1572,451,1450,626
00003065.jpg,1319,144,1572,451,1450,626
00003066.jpg,1318,144,1571,451,1450,626
00003067.jpg,1317,142,1570,449,1450,626
00003068.jpg,1317,142,1570,449,1450,626
00003069.jpg,1317,142,1570,449,1450,626
00003070.jpg,1317,141,1570,448,1450,626
00003071.jpg,1317,141,1570,448,1450,626
00003072.jpg,1316,142,1569,449,1450,626
00003073.jpg,1316,142,1569,449,1450,622
00003074.jpg,1317,142,1570,449,1450,621
00003075.jpg,1317,142,1570,449,1450,621
00003076.jpg,1317,142,1570,449,1450,621
00003077.jpg,1317,143,1570,450,1450,621
00003078.jpg,1317,143,1570,450,1450,621
00003079.jpg,1317,143,1570,450,1450,621
00003080.jpg,1317,143,1570,450,1446,621
00003081.jpg,1318,142,1571,449,1446,622
00003082.jpg,1318,142,1571,449,1446,622
00003083.jpg,1318,142,1571,449,1446,622
00003084.jpg,1319,141,1572,448,1446,622
00003085.jpg,1319,141,1572,448,1446,622
00003086.jpg,1319,140,1572,447,1442,624
00003087.jpg,1320,138,1573,445,1442,624
00003088.jpg,1320,138,1573,445,1438,624
00003089.jpg,1320,137,1573,444,1440,621
00003090.jpg,1320,137,1573,444,1442,621
00003091.jpg,1320,138,1573,445,1445,621
00003092.jpg,1320,139,1573,446,1445,621
00003093.jpg,1320,139,1573,446,1445,621
00003094.jpg,1320,139,1573,446,1445,621
00003095.jpg,1320,139,1573,446,1449,621
00003096.jpg,1320,139,1573,446,1449,621
00003097.jpg,1319,138,1572,445,1449,622
00003098.jpg,1319,138,1572,445,1449,622
00003099.jpg,1319,138,1572,445,1449,622
00003100.jpg,1319,138,1572,445,1446,622
00003101.jpg,1318,139,1571,446,1446,622
00003102.jpg,1318,139,1571,446,1446,622
00003103.jpg,1318,139,1571,446,1446,626
00003104.jpg,1318,139,1571,446,1446,626
00003105.jpg,1317,139,1570,446,1446,626
00003106.jpg,1317,139,1570,446,1446,626
00003107.jpg,1317,139,1570,446,1448,625
00003108.jpg,1317,139,1570,446,1448,625
00003109.jpg,1316,140,1569,447,1448,625
00003110.jpg,1315,141,1568,448,1448,625
00003111.jpg,1314,142,1567,449,1448,625
00003112.jpg,1314,142,1567,449,1448,625
00003113.jpg,1314,142,1567,449,1448,625
00003114.jpg,1314,142,1567,449,1448,625
00003115.jpg,1313,141,1566,448,1448,625
00003116.jpg,1313,141,1566,448,1448,625
00003117.jpg,1313,142,1566,449,1448,625
00003118.jpg,1313,142,1566,449,1448,625
00003119.jpg,1312,143,1565,450,1448,625
00003120.jpg,1312,144,1565,451,1444,626
00003121.jpg,1312,144,1565,451,1444,626
00003122.jpg,1311,144,1564,451,1444,626
00003123.jpg,1311,144,1564,451,1444,626
00003124.jpg,1311,143,1564,450,1444,626
00003125.jpg,1311,143,1564,450,1444,626
00003126.jpg,1310,142,1563,449,1444,626
00003127.jpg,1311,142,1564,449,1444,626
00003128.jpg,1311,142,1564,449,1444,626
00003129.jpg,1311,142,1564,449,1444,625
00003130.jpg,1311,142,1564,449,1444,625
00003131.jpg,1311,141,1564,448,1444,625
00003132.jpg,1312,141,1565,448,1444,625
00003133.jpg,1312,141,1565,448,1444,625
00003134.jpg,1313,140,1566,447,1446,625
00003135.jpg,1313,140,1566,447,1452,624
00003136.jpg,1313,139,1566,446,1452,624
00003137.jpg,1313,139,1566,446,1452,624
00003138.jpg,1313,139,1566,446,1452,624
00003139.jpg,1313,139,1566,446,1452,624
00003140.jpg,1313,139,1566,446,1452,624
00003141.jpg,1313,138,1566,445,1452,624
00003142.jpg,1314,137,1567,444,1452,624
00003143.jpg,1314,137,1567,444,1452,624
00003144.jpg,1314,137,1567,444,1452,624
00003145.jpg,1314,137,1567,444,1457,622
00003146.jpg,1314,138,1567,445,1458,622
00003147.jpg,1314,140,1567,447,1462,622
00003148.jpg,1314,140,1567,447,1465,624
00003149.jpg,1314,140,1567,447,1466,624
00003150.jpg,1314,141,1567,448,1466,624
00003151.jpg,1315,141,1568,448,1469,624
00003152.jpg,1315,140,1568,447,1469,624
00003153.jpg,1315,140,1568,447,1469,624
00003154.jpg,1315,141,1568,448,1476,625
00003155.jpg,1315,143,1568,450,1485,626
00003156.jpg,1315,144,1568,451,1490,626
00003157.jpg,1315,144,1568,451,1490,626
00003158.jpg,1315,144,1568,451,1490,626
00003159.jpg,1315,144,1568,451,1493,625
00003160.jpg,1315,144,1568,451,1493,625
00003161.jpg,1314,145,1567,452,1493,625
00003162.jpg,1314,146,1567,453,1493,625
00003163.jpg,1314,146,1567,453,1493,625
00003164.jpg,1313,148,1566,455,1493,625
00003165.jpg,1313,149,1566,456,1493,625
00003166.jpg,1312,149,1565,456,1493,625
00003167.jpg,1312,148,1565,455,1493,625
00003168.jpg,1312,148,1565,455,1493,625
00003169.jpg,1312,148,1565,455,1493,625
00003170.jpg,1312,148,1565,455,1488,625
00003171.jpg,1311,148,1564,455,1481,625
00003172.jpg,1311,148,1564,455,1480,626
00003173.jpg,1311,148,1564,455,1473,629
00003174.jpg,1311,147,1564,454,1472,630
00003175.jpg,1310,146,1563,453,1469,632
00003176.jpg,1310,145,1563,452,1468,633
00003177.jpg,1310,145,1563,452,1465,633
00003178.jpg,1310,145,1563,452,1464,633
00003179.jpg,1310,145,1563,452,1464,633
00003180.jpg,1310,146,1563,453,1464,633
00003181.jpg,1310,147,1563,454,1464,633
00003182.jpg,1310,147,1563,454,1464,633
00003183.jpg,1310,147,1563,454,1465,634
00003184.jpg,1311,147,1564,454,1473,636
00003185.jpg,1311,146,1564,453,1473,636
00003186.jpg,1312,145,1565,452,1477,637
00003187.jpg,1312,145,1565,452,1477,637
00003188.jpg,1312,145,1565,452,1477,637
00003189.jpg,1312,145,1565,452,1476,638
00003190.jpg,1312,144,1565,451,1474,640
00003191.jpg,1312,143,1565,450,1474,640
00003192.jpg,1312,141,1565,448,1474,640
00003193.jpg,1312,141,1565,448,1474,640
00003194.jpg,1312,141,1565,448,1474,640
00003195.jpg,1312,141,1565,448,1474,640
00003196.jpg,1311,141,1564,448,1474,640
00003197.jpg,1311,141,1564,448,1474,640
00003198.jpg,1311,141,1564,448,1474,640
00003199.jpg,1311,141,1564,448,1474,640
00003200.jpg,1311,140,1564,447,1474,640
00003201.jpg,1310,138,1563,445,1472,638
00003202.jpg,1310,138,1563,445,1470,638
00003203.jpg,1310,138,1563,445,1465,636
00003204.jpg,1310,138,1563,445,1465,636
00003205.jpg,1311,138,1564,445,1465,632
00003206.jpg,1311,138,1564,445,1465,632
00003207.jpg,1311,138,1564,445,1465,634
