00003062.jpg,1016,136,1199,347,-1,-1
00003063.jpg,1016,136,1199,347,-1,-1
00003064.jpg,1016,136,1199,347,-1,-1
00003065.jpg,1016,136,1199,347,-1,-1
00003066.jpg,1015,136,1198,347,-1,-1
00003067.jpg,1014,135,1197,346,-1,-1
00003068.jpg,1014,135,1197,346,-1,-1
00003069.jpg,1014,135,1197,346,-1,-1
00003070.jpg,1013,134,1196,345,-1,-1
00003071.jpg,1013,135,1196,346,-1,-1
00003072.jpg,1012,135,1195,346,-1,-1
00003073.jpg,1012,135,1195,346,-1,-1
00003074.jpg,1012,135,1195,346,-1,-1
00003075.jpg,1012,135,1195,346,-1,-1
00003076.jpg,1012,136,1195,347,-1,-1
00003077.jpg,1012,136,1195,347,-1,-1
00003078.jpg,1012,136,1195,347,-1,-1
00003079.jpg,1011,136,1194,347,-1,-1
00003080.jpg,1011,136,1194,347,-1,-1
00003081.jpg,1012,135,1195,346,-1,-1
00003082.jpg,1012,135,1195,346,-1,-1
00003083.jpg,1012,135,1195,346,-1,-1
00003084.jpg,1012,134,1195,345,-1,-1
00003085.jpg,1012,133,1195,344,-1,-1
00003086.jpg,1011,132,1194,343,-1,-1
00003087.jpg,1012,131,1195,342,-1,-1
00003088.jpg,1012,131,1195,342,-1,-1
00003089.jpg,1012,130,1195,341,-1,-1
00003090.jpg,1012,130,1195,341,-1,-1
00003091.jpg,1012,130,1195,341,-1,-1
00003092.jpg,1012,131,1195,342,-1,-1
00003093.jpg,1012,131,1195,342,-1,-1
00003094.jpg,1013,131,1196,342,-1,-1
00003095.jpg,1013,131,1196,342,-1,-1
00003096.jpg,1013,131,1196,342,-1,-1
00003097.jpg,1013,131,1196,342,-1,-1
00003098.jpg,1013,131,1196,342,-1,-1
00003099.jpg,1013,131,1196,342,-1,-1
00003100.jpg,1012,132,1195,343,-1,-1
00003101.jpg,1012,132,1195,343,-1,-1
00003102.jpg,1013,133,1196,344,-1,-1
00003103.jpg,1013,133,1196,344,-1,-1
00003104.jpg,1012,133,1195,344,-1,-1
00003105.jpg,1012,133,1195,344,-1,-1
00003106.jpg,1012,133,1195,344,-1,-1
00003107.jpg,1012,133,1195,344,-1,-1
00003108.jpg,1011,133,1194,344,-1,-1
00003109.jpg,1011,134,1194,345,-1,-1
00003110.jpg,1010,135,1193,346,-1,-1
00003111.jpg,1010,136,1193,347,-1,-1
00003112.jpg,1010,136,1193,347,-1,-1
00003113.jpg,1010,136,1193,347,-1,-1
00003114.jpg,1009,136,1192,347,-1,-1
00003115.jpg,1009,135,1192,346,-1,-1
00003116.jpg,1009,135,1192,346,-1,-1
00003117.jpg,1009,136,1192,347,-1,-1
00003118.jpg,1009,136,1192,347,-1,-1
00003119.jpg,1008,137,1191,348,-1,-1
00003120.jpg,1008,137,1191,348,-1,-1
00003121.jpg,1008,137,1191,348,-1,-1
00003122.jpg,1008,137,1191,348,-1,-1
00003123.jpg,1008,137,1191,348,-1,-1
00003124.jpg,1007,137,1190,348,-1,-1
00003125.jpg,1007,137,1190,348,-1,-1
00003126.jpg,1008,136,1191,347,-1,-1
00003127.jpg,1008,136,1191,347,-1,-1
00003128.jpg,1008,136,1191,347,-1,-1
00003129.jpg,1008,136,1191,347,-1,-1
00003130.jpg,1008,136,1191,347,-1,-1
00003131.jpg,1009,136,1192,347,-1,-1
00003132.jpg,1010,135,1193,346,-1,-1
00003133.jpg,1010,135,1193,346,-1,-1
00003134.jpg,1011,135,1194,346,-1,-1
00003135.jpg,1011,134,1194,345,-1,-1
00003136.jpg,1011,134,1194,345,-1,-1
00003137.jpg,1011,133,1194,344,-1,-1
00003138.jpg,1011,133,1194,344,-1,-1
00003139.jpg,1011,133,1194,344,-1,-1
00003140.jpg,1011,133,1194,344,-1,-1
00003141.jpg,1011,132,1194,343,-1,-1
00003142.jpg,1011,131,1194,342,-1,-1
00003143.jpg,1011,131,1194,342,-1,-1
00003144.jpg,1011,131,1194,342,-1,-1
00003145.jpg,1010,132,1193,343,-1,-1
00003146.jpg,1010,133,1193,344,-1,-1
00003147.jpg,1010,134,1193,345,-1,-1
00003148.jpg,1010,134,1193,345,-1,-1
00003149.jpg,1010,135,1193,346,-1,-1
00003150.jpg,1009,135,1192,346,-1,-1
00003151.jpg,1009,135,1192,346,-1,-1
00003152.jpg,1009,135,1192,346,-1,-1
00003153.jpg,1009,135,1192,346,-1,-1
00003154.jpg,1010,136,1193,347,-1,-1
00003155.jpg,1009,137,1192,348,-1,-1
00003156.jpg,1009,139,1192,350,-1,-1
00003157.jpg,1009,139,1192,350,-1,-1
00003158.jpg,1009,139,1192,350,-1,-1
00003159.jpg,1009,139,1192,350,-1,-1
00003160.jpg,1009,139,1192,350,-1,-1
00003161.jpg,1009,140,1192,351,-1,-1
00003162.jpg,1008,141,1191,352,-1,-1
00003163.jpg,1008,141,1191,352,-1,-1
00003164.jpg,1008,142,1191,353,-1,-1
00003165.jpg,1008,143,1191,354,-1,-1
00003166.jpg,1008,143,1191,354,-1,-1
00003167.jpg,1008,143,1191,354,-1,-1
00003168.jpg,1008,143,1191,354,-1,-1
00003169.jpg,1008,143,1191,354,-1,-1
00003170.jpg,1007,143,1190,354,-1,-1
00003171.jpg,1007,142,1190,353,-1,-1
00003172.jpg,1007,142,1190,353,-1,-1
00003173.jpg,1007,142,1190,353,-1,-1
00003174.jpg,1007,142,1190,353,-1,-1
00003175.jpg,1007,141,1190,352,-1,-1
00003176.jpg,1007,140,1190,351,-1,-1
00003177.jpg,1007,140,1190,351,-1,-1
00003178.jpg,1007,140,1190,351,-1,-1
00003179.jpg,1007,140,1190,351,-1,-1
00003180.jpg,1007,141,1190,352,-1,-1
00003181.jpg,1008,141,1191,352,-1,-1
00003182.jpg,1008,141,1191,352,-1,-1
00003183.jpg,1008,141,1191,352,-1,-1
00003184.jpg,1009,140,1192,351,-1,-1
00003185.jpg,1010,140,1193,351,-1,-1
00003186.jpg,1011,139,1194,350,-1,-1
00003187.jpg,1011,139,1194,350,-1,-1
00003188.jpg,1011,139,1194,350,-1,-1
00003189.jpg,1011,138,1194,349,-1,-1
00003190.jpg,1011,137,1194,348,-1,-1
00003191.jpg,1011,135,1194,346,-1,-1
00003192.jpg,1011,134,1194,345,-1,-1
00003193.jpg,1011,134,1194,345,-1,-1
00003194.jpg,1011,134,1194,345,-1,-1
00003195.jpg,1011,134,1194,345,-1,-1
00003196.jpg,1011,134,1194,345,-1,-1
00003197.jpg,1011,134,1194,345,-1,-1
00003198.jpg,1011,134,1194,345,-1,-1
00003199.jpg,1011,134,1194,345,-1,-1
00003200.jpg,1011,133,1194,344,-1,-1
00003201.jpg,1011,131,1194,342,-1,-1
00003202.jpg,1011,131,1194,342,-1,-1
00003203.jpg,1011,131,1194,342,-1,-1
00003204.jpg,1011,131,1194,342,-1,-1
00003205.jpg,1011,131,1194,342,-1,-1
00003206.jpg,1011,131,1194,342,-1,-1
00003207.jpg,1011,131,1194,342,-1,-1
