00004918.jpg,592,276,787,498,1057,474
00004919.jpg,592,276,787,498,1057,474
00004920.jpg,592,276,787,498,1061,479
00004921.jpg,592,276,787,498,1068,481
00004922.jpg,592,276,787,498,1068,481
00004923.jpg,592,276,787,498,1068,481
00004924.jpg,592,277,787,499,1066,480
00004925.jpg,592,277,787,499,1065,484
00004926.jpg,592,277,787,499,1057,488
00004927.jpg,592,277,787,499,1057,488
00004928.jpg,592,277,787,499,1056,488
00004929.jpg,592,276,787,498,1056,488
00004930.jpg,592,275,787,497,1061,493
00004931.jpg,592,273,787,495,1070,495
00004932.jpg,592,272,787,494,1077,495
00004933.jpg,592,272,787,494,1077,495
00004934.jpg,589,271,784,493,1085,496
00004935.jpg,588,270,783,492,1088,496
00004936.jpg,587,266,782,488,1083,496
00004937.jpg,585,267,780,489,1075,489
00004938.jpg,585,267,780,489,1075,489
00004939.jpg,584,271,779,493,1063,484
00004940.jpg,584,271,779,493,1055,485
00004941.jpg,582,271,777,493,1048,489
00004942.jpg,582,271,777,493,1041,493
00004943.jpg,582,271,777,493,1041,493
00004944.jpg,582,271,777,493,1041,493
00004945.jpg,582,272,777,494,1046,491
00004946.jpg,583,279,778,501,1053,489
00004947.jpg,583,282,778,504,1057,489
00004948.jpg,583,282,778,504,1056,489
00004949.jpg,584,283,779,505,1052,491
00004950.jpg,605,287,773,500,1051,496
00004951.jpg,605,287,773,500,1051,496
00004952.jpg,605,287,773,500,1051,496
00004953.jpg,604,289,772,502,1052,495
00004954.jpg,608,291,776,504,1052,495
00004955.jpg,611,290,779,503,1050,498
00004956.jpg,613,290,781,503,1052,499
00004957.jpg,600,296,761,499,1050,498
00004958.jpg,600,296,761,499,1048,501
00004959.jpg,597,296,758,499,1046,501
00004960.jpg,595,297,756,500,1043,504
00004961.jpg,592,297,753,500,1037,500
00004962.jpg,592,297,753,500,1037,500
00004963.jpg,590,298,751,501,1037,499
00004964.jpg,588,300,749,503,1037,499
00004965.jpg,586,302,747,505,1035,500
00004966.jpg,585,303,746,506,1035,505
00004967.jpg,585,303,746,506,1035,505
00004968.jpg,583,304,744,507,1033,506
00004969.jpg,582,305,743,508,1033,506
00004970.jpg,580,306,741,509,1030,505
00004971.jpg,578,305,739,508,1030,505
00004972.jpg,578,305,739,508,1030,504
00004973.jpg,575,305,736,508,1028,500
00004974.jpg,573,304,734,507,1026,500
00004975.jpg,571,303,732,506,1023,501
00004976.jpg,571,303,732,506,1023,500
