00004918.jpg,1163,382,1566,796,736,204
00004919.jpg,1163,382,1566,796,736,204
00004920.jpg,1163,382,1566,796,736,363
00004921.jpg,1163,382,1566,796,1070,476
00004922.jpg,1162,382,1565,796,1070,480
00004923.jpg,1162,382,1565,796,1070,480
00004924.jpg,1162,383,1565,797,1070,480
00004925.jpg,1162,383,1565,797,1066,485
00004926.jpg,1161,383,1564,797,1066,485
00004927.jpg,1160,383,1563,797,1065,489
00004928.jpg,1160,383,1563,797,1062,489
00004929.jpg,1160,384,1563,798,1060,489
00004930.jpg,1161,385,1564,799,1060,489
00004931.jpg,1161,385,1564,799,1068,493
00004932.jpg,1161,386,1564,800,1075,494
00004933.jpg,1161,386,1564,800,1076,495
00004934.jpg,1160,385,1563,799,1083,495
00004935.jpg,1160,384,1563,798,1087,494
00004936.jpg,1160,383,1563,797,1086,498
00004937.jpg,1160,381,1563,795,1080,494
00004938.jpg,1160,381,1563,795,1076,491
00004939.jpg,1160,381,1563,795,1067,486
00004940.jpg,1159,382,1562,796,1057,488
00004941.jpg,1158,384,1561,798,1055,491
00004942.jpg,1157,385,1560,799,1046,495
00004943.jpg,1157,386,1560,800,1046,496
00004944.jpg,1157,387,1560,801,1043,498
00004945.jpg,1157,388,1560,802,1050,491
00004946.jpg,1156,389,1559,803,1055,494
00004947.jpg,1156,391,1559,805,1057,494
00004948.jpg,1156,391,1559,805,1057,494
00004949.jpg,1156,392,1559,806,1055,499
00004950.jpg,1156,394,1559,808,1053,500
00004951.jpg,1155,395,1558,809,1052,501
00004952.jpg,1155,395,1558,809,1055,500
00004953.jpg,1155,396,1558,810,1052,500
00004954.jpg,1153,396,1556,810,1052,500
00004955.jpg,1152,396,1555,810,1052,500
00004956.jpg,1151,396,1554,810,1047,503
00004957.jpg,1151,396,1554,810,1047,503
00004958.jpg,1150,396,1553,810,1048,504
00004959.jpg,1147,397,1550,811,1048,509
00004960.jpg,1145,398,1548,812,1043,505
00004961.jpg,1143,398,1546,812,1041,503
00004962.jpg,1143,398,1546,812,1041,501
00004963.jpg,1141,399,1544,813,1038,501
00004964.jpg,1140,401,1543,815,1038,501
00004965.jpg,1139,404,1542,818,1036,504
00004966.jpg,1138,406,1541,820,1036,505
00004967.jpg,1138,406,1541,820,1035,505
00004968.jpg,1137,409,1540,823,1033,506
00004969.jpg,1135,410,1538,824,1033,506
00004970.jpg,1134,411,1537,825,1033,506
00004971.jpg,1131,410,1534,824,1032,506
00004972.jpg,1131,410,1534,824,1030,506
00004973.jpg,1127,409,1530,823,1026,506
00004974.jpg,1124,408,1527,822,1025,506
00004975.jpg,1120,407,1523,821,1025,505
00004976.jpg,1120,407,1523,821,1022,504
