00000749.jpg,167,531,644,1019,-1,-1
00000750.jpg,167,531,644,1019,-1,-1
00000751.jpg,142,576,614,1043,-1,-1
00000752.jpg,142,576,614,1043,-1,-1
00000753.jpg,142,576,614,1043,-1,-1
00000754.jpg,98,590,538,1064,-1,-1
00000755.jpg,98,590,538,1064,-1,-1
00000756.jpg,50,613,513,1074,-1,-1
00000757.jpg,29,621,485,1075,-1,-1
00000758.jpg,29,621,485,1075,-1,-1
00000759.jpg,16,626,472,1080,-1,-1
00000760.jpg,22,634,447,1076,-1,-1
00000761.jpg,22,634,447,1076,-1,-1
00000762.jpg,12,638,437,1080,-1,-1
00000763.jpg,12,638,437,1080,-1,-1
00000764.jpg,4,638,395,1077,-1,-1
00000765.jpg,4,638,395,1077,-1,-1
00000766.jpg,0,640,391,1079,-1,-1
00000767.jpg,2,640,379,1077,-1,-1
00000768.jpg,2,640,379,1077,-1,-1
00000769.jpg,0,643,377,1080,-1,-1
00000770.jpg,4,647,333,1075,-1,-1
00000771.jpg,4,647,333,1075,-1,-1
00000772.jpg,0,652,329,1080,-1,-1
00000773.jpg,0,652,329,1080,-1,-1
00000774.jpg,0,652,329,1080,-1,-1
00000775.jpg,2,662,261,1077,-1,-1
00000776.jpg,2,662,261,1077,-1,-1
00000777.jpg,0,663,259,1078,-1,-1
