00026340.jpg,451,32,719,290,-1,-1
00026341.jpg,451,32,718,290,-1,-1
00026342.jpg,449,33,716,289,-1,-1
00026343.jpg,448,33,714,288,-1,-1
00026344.jpg,448,33,714,288,-1,-1
00026345.jpg,448,33,712,287,-1,-1
00026346.jpg,448,34,709,286,-1,-1
00026347.jpg,447,33,705,284,-1,-1
00026348.jpg,445,36,697,281,-1,-1
00026349.jpg,446,36,697,281,-1,-1
00026350.jpg,441,35,693,281,-1,-1
00026351.jpg,441,35,693,281,-1,-1
00026352.jpg,441,35,693,281,-1,-1
00026353.jpg,436,35,688,281,-1,-1
00026354.jpg,436,35,688,281,-1,-1
00026355.jpg,430,34,682,280,-1,-1
00026356.jpg,425,34,677,280,-1,-1
00026357.jpg,420,34,672,280,-1,-1
00026358.jpg,415,34,667,280,-1,-1
00026359.jpg,416,30,663,284,-1,-1
00026360.jpg,415,29,662,283,-1,-1
00026361.jpg,415,30,661,282,-1,-1
00026362.jpg,415,30,660,283,-1,-1
00026363.jpg,415,32,663,284,-1,-1
00026364.jpg,415,32,663,284,-1,-1
00026365.jpg,414,31,665,286,-1,-1
00026366.jpg,414,30,667,287,-1,-1
00026367.jpg,415,31,668,288,-1,-1
00026368.jpg,416,31,669,289,-1,-1
00026369.jpg,415,31,669,289,-1,-1
00026370.jpg,418,32,669,289,-1,-1
00026371.jpg,421,35,671,289,-1,-1
00026372.jpg,422,33,669,288,-1,-1
00026373.jpg,426,32,667,287,-1,-1
00026374.jpg,426,32,667,287,-1,-1
00026375.jpg,430,32,670,289,-1,-1
00026376.jpg,431,31,674,292,-1,-1
00026377.jpg,434,33,679,292,-1,-1
00026378.jpg,438,34,680,290,-1,-1
00026379.jpg,438,34,680,290,-1,-1
00026380.jpg,439,35,679,289,-1,-1
00026381.jpg,443,35,681,288,-1,-1
00026382.jpg,445,36,682,287,-1,-1
00026383.jpg,445,36,686,287,-1,-1
00026384.jpg,446,37,684,285,-1,-1
00026385.jpg,448,38,685,284,-1,-1
00026386.jpg,449,38,687,284,-1,-1
00026387.jpg,449,38,689,284,-1,-1
00026388.jpg,450,38,689,284,-1,-1
00026389.jpg,450,38,690,284,-1,-1
00026390.jpg,449,37,691,286,-1,-1
00026391.jpg,449,37,692,286,-1,-1
00026392.jpg,450,37,691,285,-1,-1
00026393.jpg,451,37,692,285,-1,-1
00026394.jpg,452,37,691,285,-1,-1
00026395.jpg,452,38,694,284,-1,-1
00026396.jpg,452,37,694,286,-1,-1
00026397.jpg,453,39,694,285,-1,-1
00026398.jpg,453,38,696,285,-1,-1
00026399.jpg,453,38,697,285,-1,-1
00026400.jpg,452,37,699,287,-1,-1
00026401.jpg,452,36,700,288,-1,-1
00026402.jpg,451,36,700,289,-1,-1
00026403.jpg,451,36,701,289,-1,-1
00026404.jpg,451,36,701,289,-1,-1
00026405.jpg,451,36,704,291,-1,-1
00026406.jpg,451,37,705,291,-1,-1
00026407.jpg,450,36,708,294,-1,-1
00026408.jpg,448,37,708,295,-1,-1
00026409.jpg,448,37,708,295,-1,-1
00026410.jpg,448,35,709,296,-1,-1
00026411.jpg,448,35,713,298,-1,-1
00026412.jpg,451,36,716,297,-1,-1
00026413.jpg,470,41,722,287,-1,-1
00026414.jpg,470,41,722,287,-1,-1
00026415.jpg,467,42,722,287,-1,-1
00026416.jpg,474,40,726,286,-1,-1
00026417.jpg,479,39,731,285,-1,-1
00026418.jpg,500,55,734,307,-1,-1
00026419.jpg,500,55,734,307,-1,-1
00026420.jpg,509,57,743,309,-1,-1
00026421.jpg,519,59,753,311,1078,391
00026422.jpg,529,61,763,313,1078,391
00026423.jpg,519,64,760,310,1078,391
00026424.jpg,519,64,760,310,1078,391
00026425.jpg,529,66,770,312,1078,391
00026426.jpg,539,68,780,314,1078,391
00026427.jpg,548,69,789,315,921,529
00026428.jpg,571,69,802,333,921,529
00026429.jpg,571,69,802,333,921,529
00026430.jpg,571,69,802,333,921,529
