00002667.jpg,879,153,1095,379,-1,-1
00002668.jpg,879,153,1095,379,-1,-1
00002669.jpg,879,153,1095,379,-1,-1
00002670.jpg,879,153,1095,379,-1,-1
00002671.jpg,880,153,1096,379,-1,-1
00002672.jpg,880,153,1096,379,-1,-1
00002673.jpg,880,154,1096,380,-1,-1
00002674.jpg,880,154,1096,380,-1,-1
00002675.jpg,880,154,1096,380,-1,-1
00002676.jpg,880,154,1096,380,-1,-1
00002677.jpg,880,154,1096,380,-1,-1
00002678.jpg,879,154,1095,380,-1,-1
00002679.jpg,879,154,1095,380,-1,-1
00002680.jpg,879,155,1095,381,-1,-1
00002681.jpg,878,155,1094,381,-1,-1
00002682.jpg,877,155,1093,381,-1,-1
00002683.jpg,877,155,1093,381,-1,-1
00002684.jpg,876,155,1092,381,-1,-1
00002685.jpg,875,155,1091,381,-1,-1
00002686.jpg,875,155,1091,381,-1,-1
00002687.jpg,874,155,1090,381,-1,-1
00002688.jpg,873,156,1089,382,-1,-1
00002689.jpg,872,156,1088,382,-1,-1
00002690.jpg,871,156,1087,382,-1,-1
00002691.jpg,868,156,1084,382,-1,-1
00002692.jpg,863,156,1079,382,-1,-1
00002693.jpg,862,156,1078,382,-1,-1
00002694.jpg,865,152,1078,382,1245,342
00002695.jpg,865,152,1078,382,-1,-1
00002696.jpg,858,151,1071,381,-1,-1
00002697.jpg,853,151,1066,381,-1,-1
00002698.jpg,845,149,1058,379,-1,-1
00002699.jpg,847,157,1051,383,-1,-1
00002700.jpg,847,157,1051,383,-1,-1
00002701.jpg,837,158,1041,384,-1,-1
00002702.jpg,828,159,1032,385,-1,-1
00002703.jpg,821,161,1025,387,-1,-1
00002704.jpg,814,163,1018,389,-1,-1
00002705.jpg,806,165,1010,391,-1,-1
00002706.jpg,797,167,1001,393,-1,-1
00002707.jpg,788,170,992,396,-1,-1
00002708.jpg,786,171,990,397,-1,-1
00002709.jpg,780,173,984,399,-1,-1
00002710.jpg,773,176,977,402,-1,-1
00002711.jpg,768,176,972,402,-1,-1
00002712.jpg,764,176,968,402,-1,-1
00002713.jpg,759,178,963,404,-1,-1
00002714.jpg,754,179,958,405,-1,-1
00002715.jpg,750,180,954,406,-1,-1
00002716.jpg,746,181,950,407,-1,-1
00002717.jpg,742,182,946,408,-1,-1
00002718.jpg,738,184,942,410,-1,-1
00002719.jpg,735,184,939,410,-1,-1
00002720.jpg,730,186,937,407,-1,-1
00002721.jpg,730,186,937,407,-1,-1
00002722.jpg,728,185,935,406,-1,-1
00002723.jpg,727,185,934,406,-1,-1
00002724.jpg,726,185,933,406,-1,-1
00002725.jpg,726,185,933,406,-1,-1
00002726.jpg,727,185,934,406,-1,-1
00002727.jpg,728,186,935,407,-1,-1
00002728.jpg,729,186,936,407,-1,-1
00002729.jpg,730,186,937,407,-1,-1
00002730.jpg,732,185,939,406,-1,-1
00002731.jpg,727,184,927,410,-1,-1
00002732.jpg,727,184,927,410,-1,-1
00002733.jpg,728,180,928,406,-1,-1
00002734.jpg,730,176,930,402,-1,-1
00002735.jpg,732,171,932,397,-1,-1
00002736.jpg,733,167,933,393,-1,-1
00002737.jpg,733,164,933,390,-1,-1
00002738.jpg,732,161,932,387,-1,-1
00002739.jpg,732,158,932,384,-1,-1
00002740.jpg,731,154,931,380,-1,-1
00002741.jpg,729,151,929,377,-1,-1
00002742.jpg,728,148,928,374,-1,-1
00002743.jpg,726,146,926,372,-1,-1
00002744.jpg,725,146,925,372,-1,-1
00002745.jpg,723,144,923,370,-1,-1
00002746.jpg,720,144,920,370,-1,-1
00002747.jpg,716,144,916,370,-1,-1
00002748.jpg,713,144,913,370,-1,-1
00002749.jpg,706,143,906,369,-1,-1
00002750.jpg,701,143,911,368,-1,-1
00002751.jpg,701,143,911,368,-1,-1
00002752.jpg,695,145,905,370,-1,-1
00002753.jpg,685,144,895,369,-1,-1
00002754.jpg,678,144,888,369,-1,-1
00002755.jpg,659,148,871,377,-1,-1
00002756.jpg,659,148,871,377,-1,-1
00002757.jpg,648,148,864,377,-1,-1
00002758.jpg,648,148,864,377,428,233
