00007265.jpg,87,25,289,236,840,192
00007266.jpg,87,25,289,236,840,192
00007267.jpg,87,25,289,236,837,191
00007268.jpg,86,24,288,235,837,192
00007269.jpg,86,24,288,235,837,192
00007270.jpg,86,24,288,235,836,192
00007271.jpg,86,23,288,234,832,192
00007272.jpg,87,23,289,234,832,192
00007273.jpg,87,23,289,234,832,192
00007274.jpg,87,23,289,234,832,192
00007275.jpg,87,23,289,234,832,192
00007276.jpg,88,24,290,235,832,192
00007277.jpg,88,24,290,235,832,192
00007278.jpg,88,24,290,235,832,192
00007279.jpg,88,24,290,235,831,192
00007280.jpg,88,24,290,235,831,192
00007281.jpg,88,24,290,235,831,192
00007282.jpg,88,24,290,235,831,192
00007283.jpg,88,24,290,235,831,192
00007284.jpg,87,23,289,234,831,192
00007285.jpg,87,23,289,234,831,192
00007286.jpg,87,23,289,234,831,192
00007287.jpg,87,23,289,234,607,183
00007288.jpg,87,23,289,234,609,183
00007289.jpg,86,23,288,234,611,183
00007290.jpg,86,23,288,234,611,183
00007291.jpg,86,23,288,234,612,185
00007292.jpg,86,23,288,234,612,185
00007293.jpg,86,23,288,234,613,187
00007294.jpg,85,23,287,234,613,187
00007295.jpg,85,23,287,234,612,187
00007296.jpg,85,23,287,234,612,187
00007297.jpg,85,23,287,234,612,187
00007298.jpg,84,23,286,234,609,187
00007299.jpg,84,23,286,234,609,187
00007300.jpg,83,23,285,234,609,187
00007301.jpg,83,23,285,234,609,187
00007302.jpg,82,23,284,234,609,187
00007303.jpg,81,23,283,234,609,187
00007304.jpg,81,23,283,234,609,187
00007305.jpg,80,23,282,234,608,187
00007306.jpg,80,23,282,234,608,187
00007307.jpg,80,23,282,234,608,187
00007308.jpg,79,23,281,234,608,187
00007309.jpg,78,23,280,234,610,187
00007310.jpg,77,23,279,234,610,187
00007311.jpg,76,23,278,234,610,187
00007312.jpg,76,22,278,233,610,187
00007313.jpg,75,22,277,233,610,187
00007314.jpg,74,22,276,233,610,187
00007315.jpg,73,22,275,233,610,187
00007316.jpg,72,22,274,233,610,187
00007317.jpg,71,23,273,234,610,187
00007318.jpg,71,23,273,234,610,187
00007319.jpg,70,22,272,233,610,187
00007320.jpg,69,22,271,233,608,185
00007321.jpg,69,22,271,233,596,187
00007322.jpg,68,22,270,233,585,186
00007323.jpg,67,22,269,233,580,186
00007324.jpg,67,22,269,233,562,187
00007325.jpg,67,22,269,233,562,187
00007326.jpg,66,22,268,233,562,187
00007327.jpg,66,22,268,233,550,187
00007328.jpg,66,22,268,233,545,185
00007329.jpg,66,21,268,232,545,185
00007330.jpg,65,22,267,233,544,186
00007331.jpg,64,22,266,233,546,186
00007332.jpg,64,22,266,233,548,187
00007333.jpg,64,22,266,233,548,187
00007334.jpg,64,22,266,233,551,187
00007335.jpg,63,23,265,234,551,187
00007336.jpg,63,23,265,234,548,186
00007337.jpg,63,23,265,234,548,186
00007338.jpg,63,23,265,234,548,184
00007339.jpg,63,23,265,234,548,184
00007340.jpg,63,23,265,234,551,184
00007341.jpg,63,23,265,234,551,184
00007342.jpg,63,23,265,234,551,184
00007343.jpg,63,24,265,235,551,184
00007344.jpg,63,24,265,235,551,184
00007345.jpg,63,24,265,235,552,185
00007346.jpg,63,24,265,235,552,185
00007347.jpg,62,24,264,235,552,185
00007348.jpg,62,24,264,235,552,185
00007349.jpg,62,23,264,234,552,185
00007350.jpg,63,23,265,234,552,185
00007351.jpg,62,23,264,234,554,185
00007352.jpg,62,23,264,234,554,185
00007353.jpg,62,23,264,234,554,185
00007354.jpg,62,23,264,234,554,185
00007355.jpg,62,23,264,234,554,185
00007356.jpg,62,23,264,234,554,185
00007357.jpg,61,23,263,234,554,185
00007358.jpg,61,23,263,234,554,185
00007359.jpg,60,23,262,234,554,185
00007360.jpg,60,23,262,234,554,185
00007361.jpg,59,23,261,234,554,185
00007362.jpg,59,23,261,234,554,185
00007363.jpg,59,23,261,234,554,185
00007364.jpg,59,22,261,233,554,185
00007365.jpg,60,22,262,233,554,185
00007366.jpg,60,21,262,232,554,185
00007367.jpg,60,21,262,232,554,185
00007368.jpg,61,20,263,231,554,185
00007369.jpg,61,20,263,231,554,185
00007370.jpg,61,20,263,231,554,185
00007371.jpg,62,20,264,231,554,185
00007372.jpg,63,20,265,231,554,185
00007373.jpg,63,20,265,231,554,185
