00007265.jpg,69,189,289,414,586,183
00007266.jpg,69,189,289,414,585,183
00007267.jpg,69,189,289,414,585,182
00007268.jpg,69,189,289,414,585,186
00007269.jpg,69,189,289,414,585,187
00007270.jpg,69,189,289,414,584,190
00007271.jpg,69,188,289,413,584,186
00007272.jpg,70,188,290,413,585,182
00007273.jpg,70,188,290,413,585,180
00007274.jpg,70,188,290,413,586,177
00007275.jpg,70,188,290,413,586,177
00007276.jpg,71,189,291,414,586,177
00007277.jpg,71,189,291,414,586,177
00007278.jpg,71,189,291,414,586,177
00007279.jpg,71,189,291,414,586,177
00007280.jpg,71,189,291,414,586,177
00007281.jpg,72,189,292,414,586,177
00007282.jpg,72,189,292,414,592,177
00007283.jpg,72,189,292,414,599,179
00007284.jpg,72,188,292,413,600,179
00007285.jpg,72,188,292,413,600,179
00007286.jpg,72,188,292,413,600,179
00007287.jpg,71,188,291,413,604,179
00007288.jpg,71,188,291,413,607,180
00007289.jpg,71,188,291,413,609,180
00007290.jpg,71,188,291,413,612,180
00007291.jpg,71,188,291,413,612,181
00007292.jpg,70,188,290,413,831,191
00007293.jpg,70,188,290,413,831,191
00007294.jpg,70,188,290,413,832,191
00007295.jpg,69,188,289,413,832,191
00007296.jpg,69,188,289,413,832,191
00007297.jpg,69,188,289,413,832,191
00007298.jpg,68,188,288,413,832,191
00007299.jpg,68,188,288,413,832,191
00007300.jpg,68,188,288,413,832,191
00007301.jpg,68,188,288,413,832,191
00007302.jpg,67,188,287,413,830,191
00007303.jpg,67,188,287,413,835,192
00007304.jpg,67,188,287,413,833,193
00007305.jpg,67,188,287,413,832,191
00007306.jpg,67,188,287,413,833,191
00007307.jpg,67,188,287,413,833,193
00007308.jpg,67,188,287,413,834,191
00007309.jpg,67,188,287,413,833,191
00007310.jpg,67,188,287,413,832,191
00007311.jpg,68,188,288,413,833,191
00007312.jpg,68,187,288,412,833,191
00007313.jpg,68,187,288,412,832,191
00007314.jpg,68,187,288,412,834,191
00007315.jpg,69,187,289,412,832,191
00007316.jpg,69,187,289,412,832,191
00007317.jpg,69,188,289,413,833,192
00007318.jpg,69,188,289,413,832,192
00007319.jpg,71,187,291,412,832,192
00007320.jpg,71,187,291,412,832,192
00007321.jpg,72,187,292,412,832,192
00007322.jpg,72,187,292,412,832,192
00007323.jpg,72,187,292,412,832,192
00007324.jpg,72,187,292,412,832,192
00007325.jpg,73,187,293,412,832,192
00007326.jpg,73,187,293,412,832,192
00007327.jpg,73,187,293,412,832,192
00007328.jpg,74,187,294,412,546,185
00007329.jpg,74,187,294,412,545,184
00007330.jpg,75,187,295,412,546,184
00007331.jpg,75,187,295,412,548,184
00007332.jpg,76,187,296,412,548,184
00007333.jpg,77,187,297,412,550,184
00007334.jpg,77,187,297,412,550,184
00007335.jpg,78,188,298,413,552,184
00007336.jpg,78,188,298,413,552,184
00007337.jpg,79,188,299,413,552,184
00007338.jpg,79,188,299,413,552,184
00007339.jpg,80,188,300,413,552,184
00007340.jpg,80,188,300,413,552,184
00007341.jpg,81,188,301,413,552,184
00007342.jpg,81,188,301,413,552,183
00007343.jpg,82,189,302,414,552,183
00007344.jpg,83,189,303,414,552,183
00007345.jpg,83,189,303,414,552,183
00007346.jpg,83,189,303,414,551,183
00007347.jpg,83,188,303,413,552,183
00007348.jpg,83,188,303,413,552,183
00007349.jpg,83,188,303,413,552,183
00007350.jpg,83,188,303,413,552,183
00007351.jpg,83,188,303,413,553,183
00007352.jpg,83,188,303,413,553,183
00007353.jpg,83,188,303,413,553,184
00007354.jpg,83,188,303,413,553,184
00007355.jpg,83,188,303,413,553,184
00007356.jpg,83,188,303,413,556,183
00007357.jpg,83,188,303,413,556,183
00007358.jpg,83,188,303,413,557,183
00007359.jpg,82,188,302,413,557,183
00007360.jpg,82,188,302,413,557,183
00007361.jpg,82,188,302,413,557,183
00007362.jpg,82,188,302,413,557,183
00007363.jpg,81,188,301,413,557,183
00007364.jpg,80,187,300,412,557,183
00007365.jpg,79,187,299,412,557,183
00007366.jpg,78,186,298,411,557,183
00007367.jpg,78,186,298,411,557,183
00007368.jpg,77,186,297,411,557,183
00007369.jpg,77,186,297,411,557,183
00007370.jpg,77,186,297,411,557,183
00007371.jpg,77,186,297,411,557,183
00007372.jpg,77,186,297,411,557,183
00007373.jpg,77,186,297,411,557,183
