00013114.jpg,340,43,696,407,-1,-1
00013115.jpg,340,43,696,407,-1,-1
00013116.jpg,334,43,690,407,-1,-1
00013117.jpg,330,44,686,408,-1,-1
00013118.jpg,327,47,683,411,-1,-1
00013119.jpg,325,50,681,414,-1,-1
00013120.jpg,324,53,680,417,-1,-1
00013121.jpg,324,55,680,419,-1,-1
00013122.jpg,324,57,680,421,-1,-1
00013123.jpg,326,59,682,423,-1,-1
00013124.jpg,328,62,684,426,-1,-1
00013125.jpg,332,65,688,429,-1,-1
00013126.jpg,334,65,690,429,-1,-1
00013127.jpg,336,63,692,427,-1,-1
00013128.jpg,336,60,692,424,-1,-1
00013129.jpg,336,57,692,421,-1,-1
00013130.jpg,338,54,694,418,-1,-1
00013131.jpg,342,54,698,418,-1,-1
00013132.jpg,346,55,702,419,-1,-1
00013133.jpg,348,54,704,418,-1,-1
00013134.jpg,348,51,704,415,-1,-1
00013135.jpg,343,46,699,410,-1,-1
00013136.jpg,338,41,694,405,-1,-1
00013137.jpg,336,38,692,402,-1,-1
00013138.jpg,336,36,692,400,-1,-1
00013139.jpg,340,36,696,400,-1,-1
00013140.jpg,336,39,673,416,-1,-1
00013141.jpg,336,39,673,416,-1,-1
00013142.jpg,338,45,675,422,-1,-1
00013143.jpg,339,52,676,429,-1,-1
00013144.jpg,343,56,680,433,-1,-1
00013145.jpg,351,55,688,432,-1,-1
00013146.jpg,356,52,693,429,-1,-1
00013147.jpg,359,48,696,425,-1,-1
00013148.jpg,361,44,698,421,-1,-1
00013149.jpg,361,41,698,418,-1,-1
00013150.jpg,361,38,698,415,-1,-1
00013151.jpg,363,37,700,414,-1,-1
00013152.jpg,387,48,717,389,-1,-1
00013153.jpg,387,48,717,389,-1,-1
00013154.jpg,395,53,725,394,-1,-1
00013155.jpg,404,58,734,399,-1,-1
00013156.jpg,413,59,743,400,-1,-1
00013157.jpg,421,58,751,399,-1,-1
00013158.jpg,431,55,761,396,-1,-1
00013159.jpg,440,51,770,392,-1,-1
00013160.jpg,450,47,780,388,-1,-1
00013161.jpg,458,43,788,384,-1,-1
00013162.jpg,464,40,794,381,-1,-1
00013163.jpg,467,38,797,379,-1,-1
00013164.jpg,471,40,801,381,-1,-1
00013165.jpg,474,43,804,384,-1,-1
00013166.jpg,474,43,804,384,-1,-1
00013167.jpg,469,42,799,383,-1,-1
00013168.jpg,466,41,796,382,-1,-1
00013169.jpg,461,40,791,381,-1,-1
00013170.jpg,454,40,784,381,-1,-1
00013171.jpg,447,40,777,381,-1,-1
00013172.jpg,440,42,770,383,-1,-1
00013173.jpg,432,42,762,383,-1,-1
00013174.jpg,423,38,753,379,-1,-1
00013175.jpg,415,35,745,376,-1,-1
00013176.jpg,408,33,738,374,-1,-1
00013177.jpg,402,34,732,375,-1,-1
00013178.jpg,399,35,729,376,-1,-1
00013179.jpg,407,50,709,385,-1,-1
00013180.jpg,407,50,709,385,-1,-1
00013181.jpg,404,50,706,385,-1,-1
00013182.jpg,401,53,703,388,-1,-1
00013183.jpg,400,56,702,391,-1,-1
00013184.jpg,399,60,701,395,-1,-1
00013185.jpg,399,62,701,397,-1,-1
00013186.jpg,400,62,702,397,-1,-1
00013187.jpg,402,59,704,394,-1,-1
00013188.jpg,408,54,710,389,-1,-1
00013189.jpg,412,50,714,385,-1,-1
00013190.jpg,415,53,717,388,-1,-1
00013191.jpg,423,53,725,388,-1,-1
00013192.jpg,431,54,733,389,-1,-1
00013193.jpg,440,57,742,392,-1,-1
00013194.jpg,449,66,751,401,-1,-1
00013195.jpg,452,69,754,404,-1,-1
00013196.jpg,455,67,757,402,-1,-1
00013197.jpg,458,65,760,400,-1,-1
00013198.jpg,459,62,761,397,-1,-1
00013199.jpg,455,56,757,391,-1,-1
00013200.jpg,452,51,754,386,-1,-1
00013201.jpg,449,52,761,393,-1,-1
00013202.jpg,449,52,761,393,-1,-1
00013203.jpg,445,51,757,392,-1,-1
00013204.jpg,441,51,753,392,-1,-1
00013205.jpg,438,54,750,395,-1,-1
00013206.jpg,434,60,746,401,-1,-1
00013207.jpg,430,67,742,408,-1,-1
00013208.jpg,424,72,736,413,-1,-1
00013209.jpg,420,77,732,418,-1,-1
00013210.jpg,416,81,728,422,-1,-1
00013211.jpg,412,84,724,425,-1,-1
00013212.jpg,408,86,720,427,-1,-1
00013213.jpg,404,85,716,426,-1,-1
00013214.jpg,399,80,711,421,-1,-1
00013215.jpg,393,73,705,414,-1,-1
00013216.jpg,389,66,701,407,-1,-1
00013217.jpg,384,58,696,399,-1,-1
00013218.jpg,379,53,691,394,-1,-1
00013219.jpg,375,51,687,392,-1,-1
00013220.jpg,370,48,682,389,-1,-1
00013221.jpg,364,45,676,386,-1,-1
00013222.jpg,355,41,667,382,-1,-1
00013223.jpg,351,41,663,382,-1,-1
00013224.jpg,347,35,665,397,-1,-1
00013225.jpg,347,35,665,397,-1,-1
00013226.jpg,346,39,664,401,-1,-1
00013227.jpg,347,44,665,406,-1,-1
00013228.jpg,347,48,665,410,-1,-1
00013229.jpg,348,53,666,415,-1,-1
00013230.jpg,348,56,666,418,-1,-1
00013231.jpg,349,59,667,421,-1,-1
00013232.jpg,349,60,667,422,-1,-1
00013233.jpg,348,60,666,422,-1,-1
00013234.jpg,347,60,665,422,-1,-1
00013235.jpg,346,59,664,421,-1,-1
00013236.jpg,347,59,665,421,-1,-1
00013237.jpg,348,61,666,423,-1,-1
00013238.jpg,350,64,668,426,-1,-1
00013239.jpg,353,68,671,430,-1,-1
00013240.jpg,356,71,674,433,-1,-1
00013241.jpg,358,73,676,435,-1,-1
00013242.jpg,361,74,679,436,-1,-1
00013243.jpg,364,75,682,437,-1,-1
00013244.jpg,368,75,686,437,-1,-1
00013245.jpg,370,73,688,435,-1,-1
00013246.jpg,372,70,690,432,-1,-1
00013247.jpg,370,64,688,426,-1,-1
00013248.jpg,370,59,688,421,-1,-1
00013249.jpg,375,56,695,407,-1,-1
00013250.jpg,375,56,695,407,-1,-1
