00013114.jpg,909,312,1029,443,-1,-1
00013115.jpg,909,312,1029,443,-1,-1
00013116.jpg,909,312,1029,443,-1,-1
00013117.jpg,909,312,1029,443,-1,-1
00013118.jpg,906,314,1026,445,-1,-1
00013119.jpg,904,316,1024,447,-1,-1
00013120.jpg,901,317,1021,448,-1,-1
00013121.jpg,899,319,1019,450,-1,-1
00013122.jpg,898,319,1018,450,-1,-1
00013123.jpg,898,320,1018,451,-1,-1
00013124.jpg,897,320,1017,451,-1,-1
00013125.jpg,898,319,1018,450,-1,-1
00013126.jpg,899,319,1019,450,-1,-1
00013127.jpg,901,319,1021,450,-1,-1
00013128.jpg,902,318,1022,449,-1,-1
00013129.jpg,905,317,1025,448,-1,-1
00013130.jpg,908,316,1028,447,-1,-1
00013131.jpg,912,315,1032,446,-1,-1
00013132.jpg,916,314,1036,445,-1,-1
00013133.jpg,920,313,1040,444,-1,-1
00013134.jpg,923,312,1043,443,-1,-1
00013135.jpg,927,312,1047,443,-1,-1
00013136.jpg,931,311,1051,442,-1,-1
00013137.jpg,935,311,1055,442,-1,-1
00013138.jpg,938,310,1058,441,-1,-1
00013139.jpg,941,310,1061,441,-1,-1
00013140.jpg,944,310,1064,441,-1,-1
00013141.jpg,947,310,1067,441,-1,-1
00013142.jpg,950,310,1070,441,-1,-1
00013143.jpg,953,310,1073,441,-1,-1
00013144.jpg,956,310,1076,441,-1,-1
00013145.jpg,959,310,1079,441,-1,-1
00013146.jpg,961,309,1081,440,-1,-1
00013147.jpg,963,308,1083,439,-1,-1
00013148.jpg,965,305,1085,436,-1,-1
00013149.jpg,966,303,1086,434,-1,-1
00013150.jpg,968,301,1088,432,-1,-1
00013151.jpg,969,299,1089,430,-1,-1
00013152.jpg,970,298,1090,429,-1,-1
00013153.jpg,972,298,1092,429,-1,-1
00013154.jpg,974,299,1094,430,-1,-1
00013155.jpg,976,300,1096,431,-1,-1
00013156.jpg,980,303,1100,434,-1,-1
00013157.jpg,984,305,1104,436,-1,-1
00013158.jpg,988,307,1108,438,-1,-1
00013159.jpg,993,308,1113,439,-1,-1
00013160.jpg,998,309,1118,440,-1,-1
00013161.jpg,1001,309,1121,440,-1,-1
00013162.jpg,1003,309,1123,440,-1,-1
00013163.jpg,1003,309,1123,440,-1,-1
00013164.jpg,1002,309,1122,440,-1,-1
00013165.jpg,1000,309,1120,440,-1,-1
00013166.jpg,997,309,1117,440,-1,-1
00013167.jpg,988,309,1108,440,-1,-1
00013168.jpg,978,310,1098,441,-1,-1
00013169.jpg,966,310,1086,441,-1,-1
00013170.jpg,953,310,1073,441,-1,-1
00013171.jpg,941,311,1061,442,-1,-1
00013172.jpg,930,311,1050,442,-1,-1
00013173.jpg,917,311,1037,442,-1,-1
00013174.jpg,906,311,1026,442,-1,-1
00013175.jpg,895,311,1015,442,-1,-1
00013176.jpg,885,311,1005,442,-1,-1
00013177.jpg,876,311,996,442,-1,-1
00013178.jpg,870,311,990,442,-1,-1
00013179.jpg,864,311,984,442,-1,-1
00013180.jpg,858,312,978,443,-1,-1
00013181.jpg,852,312,972,443,-1,-1
00013182.jpg,847,313,967,444,-1,-1
00013183.jpg,844,313,964,444,-1,-1
00013184.jpg,842,314,962,445,-1,-1
00013185.jpg,840,314,960,445,-1,-1
00013186.jpg,839,315,959,446,-1,-1
00013187.jpg,838,315,958,446,-1,-1
00013188.jpg,838,316,958,447,-1,-1
00013189.jpg,838,316,958,447,-1,-1
00013190.jpg,838,316,958,447,-1,-1
00013191.jpg,838,316,958,447,-1,-1
00013192.jpg,838,316,958,447,-1,-1
00013193.jpg,837,315,957,446,-1,-1
00013194.jpg,837,315,957,446,-1,-1
00013195.jpg,837,314,957,445,-1,-1
00013196.jpg,836,314,956,445,-1,-1
00013197.jpg,834,314,954,445,-1,-1
00013198.jpg,833,314,953,445,-1,-1
00013199.jpg,832,314,952,445,-1,-1
00013200.jpg,830,314,950,445,-1,-1
00013201.jpg,828,314,948,445,-1,-1
00013202.jpg,826,314,946,445,619,197
00013203.jpg,823,314,943,445,621,198
00013204.jpg,821,314,941,445,621,198
00013205.jpg,819,313,939,444,618,198
00013206.jpg,817,313,937,444,617,197
00013207.jpg,815,313,935,444,617,197
00013208.jpg,813,312,933,443,613,199
00013209.jpg,812,312,932,443,606,205
00013210.jpg,810,311,930,442,605,211
00013211.jpg,809,311,929,442,604,220
00013212.jpg,809,310,929,441,600,225
00013213.jpg,808,309,928,440,600,225
00013214.jpg,808,308,928,439,592,225
00013215.jpg,808,307,928,438,584,220
00013216.jpg,810,307,930,438,578,217
00013217.jpg,812,306,932,437,566,213
00013218.jpg,813,305,933,436,560,207
00013219.jpg,814,305,934,436,553,203
00013220.jpg,817,305,937,436,548,198
00013221.jpg,819,304,939,435,540,195
00013222.jpg,822,305,942,436,536,192
00013223.jpg,825,305,945,436,536,192
00013224.jpg,828,305,948,436,530,196
00013225.jpg,831,306,951,437,526,195
00013226.jpg,835,306,955,437,516,195
00013227.jpg,840,308,960,439,511,201
00013228.jpg,844,309,964,440,508,201
00013229.jpg,849,311,969,442,508,201
00013230.jpg,853,313,973,444,506,205
00013231.jpg,858,315,978,446,504,206
00013232.jpg,862,316,982,447,504,207
00013233.jpg,866,318,986,449,503,207
00013234.jpg,869,319,989,450,500,207
00013235.jpg,871,320,991,451,500,207
00013236.jpg,874,321,994,452,500,207
00013237.jpg,876,323,996,454,500,207
00013238.jpg,879,324,999,455,500,207
00013239.jpg,881,324,1001,455,500,208
00013240.jpg,884,325,1004,456,500,210
00013241.jpg,886,325,1006,456,501,212
00013242.jpg,888,325,1008,456,503,214
00013243.jpg,891,324,1011,455,508,215
00013244.jpg,893,324,1013,455,508,215
00013245.jpg,895,323,1015,454,512,213
00013246.jpg,897,321,1017,452,512,210
00013247.jpg,898,320,1018,451,517,207
00013248.jpg,899,318,1019,449,523,203
00013249.jpg,900,316,1020,447,528,202
00013250.jpg,900,316,1020,447,536,200
