00000455.jpg,786,209,861,289,902,262
00000456.jpg,786,209,861,289,902,261
00000457.jpg,786,209,861,289,905,262
00000458.jpg,786,209,861,289,911,261
00000459.jpg,786,209,861,289,909,262
00000460.jpg,786,209,861,289,909,262
00000461.jpg,786,209,861,289,919,259
00000462.jpg,786,209,861,289,925,257
00000463.jpg,786,209,861,289,930,255
00000464.jpg,785,209,860,289,931,254
00000465.jpg,785,209,860,289,932,255
00000466.jpg,785,209,860,289,932,255
00000467.jpg,785,209,860,289,934,256
00000468.jpg,785,209,860,289,937,256
00000469.jpg,785,208,860,288,938,255
00000470.jpg,784,208,859,288,939,256
00000471.jpg,784,208,859,288,938,253
00000472.jpg,784,208,859,288,938,253
00000473.jpg,784,208,859,288,887,337
00000474.jpg,783,208,858,288,756,311
00000475.jpg,784,208,859,288,754,311
00000476.jpg,784,208,859,288,392,199
00000477.jpg,785,208,860,288,394,199
00000478.jpg,785,208,860,288,394,199
00000479.jpg,785,207,860,287,394,199
00000480.jpg,785,207,860,287,394,199
00000481.jpg,785,206,860,286,394,199
00000482.jpg,785,206,860,286,394,199
00000483.jpg,785,206,860,286,394,199
00000484.jpg,791,209,862,284,394,199
00000485.jpg,791,209,862,284,394,199
00000486.jpg,791,209,862,284,394,199
00000487.jpg,791,209,862,284,394,199
00000488.jpg,791,208,862,283,394,199
00000489.jpg,790,209,861,284,395,199
00000490.jpg,790,209,861,284,394,198
00000491.jpg,789,209,860,284,392,197
00000492.jpg,789,209,860,284,391,197
00000493.jpg,788,209,859,284,389,197
00000494.jpg,789,209,860,284,388,195
00000495.jpg,789,209,860,284,386,196
00000496.jpg,789,209,860,284,386,196
00000497.jpg,788,210,859,285,385,198
00000498.jpg,788,210,859,285,383,197
00000499.jpg,788,210,859,285,383,197
00000500.jpg,788,209,859,284,383,197
00000501.jpg,788,209,859,284,383,199
00000502.jpg,788,209,859,284,383,197
00000503.jpg,788,209,859,284,383,197
00000504.jpg,788,209,859,284,383,197
00000505.jpg,788,209,859,284,383,197
00000506.jpg,788,209,859,284,382,195
00000507.jpg,788,208,859,283,382,195
00000508.jpg,788,208,859,283,383,196
00000509.jpg,788,208,859,283,383,197
00000510.jpg,788,208,859,283,383,197
00000511.jpg,788,208,859,283,383,197
00000512.jpg,787,209,858,284,383,197
00000513.jpg,788,208,859,283,383,197
00000514.jpg,788,208,859,283,383,197
00000515.jpg,787,209,858,284,382,198
00000516.jpg,787,209,858,284,383,197
00000517.jpg,787,209,858,284,382,199
00000518.jpg,788,209,859,284,383,197
00000519.jpg,788,209,859,284,383,197
00000520.jpg,788,209,859,284,383,197
00000521.jpg,788,209,859,284,383,197
00000522.jpg,788,209,859,284,651,240
00000523.jpg,788,208,859,283,649,240
00000524.jpg,788,208,859,283,646,240
00000525.jpg,787,209,858,284,646,239
00000526.jpg,787,209,858,284,647,239
00000527.jpg,788,208,859,283,646,239
00000528.jpg,788,208,859,283,646,239
00000529.jpg,788,208,859,283,646,239
00000530.jpg,787,209,858,284,645,239
00000531.jpg,787,209,858,284,646,238
00000532.jpg,787,209,858,284,646,239
00000533.jpg,787,208,858,283,647,239
00000534.jpg,787,209,858,284,384,204
00000535.jpg,788,209,859,284,383,204
00000536.jpg,788,209,859,284,383,204
00000537.jpg,788,209,859,284,383,204
00000538.jpg,788,209,859,284,383,205
00000539.jpg,788,209,859,284,383,205
00000540.jpg,788,209,859,284,383,205
00000541.jpg,788,208,859,283,383,205
00000542.jpg,788,208,859,283,382,205
00000543.jpg,788,208,859,283,382,205
00000544.jpg,788,208,859,283,382,205
00000545.jpg,788,208,859,283,382,205
00000546.jpg,788,208,859,283,382,205
00000547.jpg,788,208,859,283,382,204
00000548.jpg,787,208,858,283,382,204
00000549.jpg,787,208,858,283,382,204
00000550.jpg,787,208,858,283,382,204
00000551.jpg,787,209,858,284,628,226
00000552.jpg,787,209,858,284,629,225
00000553.jpg,787,209,858,284,630,225
00000554.jpg,788,209,859,284,631,225
00000555.jpg,788,209,859,284,632,226
00000556.jpg,788,209,859,284,632,227
00000557.jpg,788,209,859,284,632,227
00000558.jpg,788,209,859,284,632,227
00000559.jpg,787,209,858,284,632,227
00000560.jpg,786,209,857,284,383,207
00000561.jpg,786,208,857,283,383,207
00000562.jpg,786,208,857,283,383,207
00000563.jpg,786,208,857,283,382,207
00000564.jpg,786,208,857,283,382,207
00000565.jpg,786,208,857,283,382,207
00000566.jpg,785,208,856,283,382,207
00000567.jpg,785,208,856,283,382,207
00000568.jpg,785,208,856,283,382,207
00000569.jpg,784,208,855,283,382,207
00000570.jpg,784,208,855,283,382,207
