00000455.jpg,603,195,686,282,645,317
00000456.jpg,603,195,686,282,645,318
00000457.jpg,603,195,686,282,645,317
00000458.jpg,603,195,686,282,647,320
00000459.jpg,602,195,685,282,648,324
00000460.jpg,602,195,685,282,648,322
00000461.jpg,601,195,684,282,695,362
00000462.jpg,600,194,683,281,695,362
00000463.jpg,600,194,683,281,694,362
00000464.jpg,599,194,682,281,694,362
00000465.jpg,598,194,681,281,694,361
00000466.jpg,598,194,681,281,694,362
00000467.jpg,597,194,680,281,694,361
00000468.jpg,596,194,679,281,694,362
00000469.jpg,595,194,678,281,695,362
00000470.jpg,593,193,676,280,694,362
00000471.jpg,592,193,675,280,694,361
00000472.jpg,592,193,675,280,694,361
00000473.jpg,590,193,673,280,646,361
00000474.jpg,589,193,672,280,646,362
00000475.jpg,588,192,671,279,646,362
00000476.jpg,588,193,671,280,646,362
00000477.jpg,587,193,670,280,646,362
00000478.jpg,587,193,670,280,646,362
00000479.jpg,586,193,669,280,646,362
00000480.jpg,585,193,668,280,646,362
00000481.jpg,585,193,668,280,646,362
00000482.jpg,584,193,667,280,646,362
00000483.jpg,584,193,667,280,646,362
00000484.jpg,584,193,667,280,646,362
00000485.jpg,583,194,666,281,646,362
00000486.jpg,583,194,666,281,646,362
00000487.jpg,583,194,666,281,646,362
00000488.jpg,584,194,667,281,666,343
00000489.jpg,583,194,666,281,688,367
00000490.jpg,584,194,667,281,690,367
00000491.jpg,583,194,666,281,689,368
00000492.jpg,583,194,666,281,689,367
00000493.jpg,583,194,666,281,688,367
00000494.jpg,583,194,666,281,689,367
00000495.jpg,583,194,666,281,689,367
00000496.jpg,583,194,666,281,690,367
00000497.jpg,584,195,667,282,687,366
00000498.jpg,584,195,667,282,666,335
00000499.jpg,585,194,668,281,668,328
00000500.jpg,586,194,669,281,672,323
00000501.jpg,587,194,670,281,674,322
00000502.jpg,587,194,670,281,673,319
00000503.jpg,588,194,671,281,674,320
00000504.jpg,589,194,672,281,673,318
00000505.jpg,591,194,674,281,667,319
00000506.jpg,592,194,675,281,658,319
00000507.jpg,594,194,677,281,658,319
00000508.jpg,594,194,677,281,658,319
00000509.jpg,596,193,679,280,658,319
00000510.jpg,596,193,679,280,658,319
00000511.jpg,598,194,681,281,710,355
00000512.jpg,598,194,681,281,753,319
00000513.jpg,599,194,682,281,753,319
00000514.jpg,599,194,682,281,752,319
00000515.jpg,599,194,682,281,752,319
00000516.jpg,599,194,682,281,752,319
00000517.jpg,599,194,682,281,752,319
00000518.jpg,599,193,682,280,752,319
00000519.jpg,598,194,681,281,752,319
00000520.jpg,598,194,681,281,752,319
00000521.jpg,597,194,680,281,753,319
00000522.jpg,596,194,679,281,684,363
00000523.jpg,594,194,677,281,684,364
00000524.jpg,593,194,676,281,685,364
00000525.jpg,592,194,675,281,684,363
00000526.jpg,592,194,675,281,684,364
00000527.jpg,592,194,675,281,684,364
00000528.jpg,591,194,674,281,684,364
00000529.jpg,591,194,674,281,684,364
00000530.jpg,590,194,673,281,684,364
00000531.jpg,590,194,673,281,684,364
00000532.jpg,590,194,673,281,684,364
00000533.jpg,590,194,673,281,684,364
00000534.jpg,590,194,673,281,684,364
00000535.jpg,590,194,673,281,684,364
00000536.jpg,590,194,673,281,684,364
00000537.jpg,590,194,673,281,684,364
00000538.jpg,590,194,673,281,684,364
00000539.jpg,590,194,673,281,684,364
00000540.jpg,590,194,673,281,684,364
00000541.jpg,589,193,672,280,684,364
00000542.jpg,589,193,672,280,684,364
00000543.jpg,588,192,671,279,-1,-1
00000544.jpg,588,192,671,279,-1,-1
00000545.jpg,588,192,671,279,-1,-1
00000546.jpg,589,192,672,279,386,210
00000547.jpg,589,192,672,279,386,210
00000548.jpg,589,192,672,279,386,210
00000549.jpg,589,192,672,279,386,210
00000550.jpg,589,192,672,279,386,210
00000551.jpg,590,193,673,280,386,210
00000552.jpg,590,193,673,280,386,210
00000553.jpg,591,193,674,280,386,210
00000554.jpg,591,193,674,280,386,210
00000555.jpg,592,193,675,280,386,210
00000556.jpg,592,193,675,280,386,210
00000557.jpg,593,193,676,280,386,210
00000558.jpg,593,193,676,280,386,210
00000559.jpg,592,193,675,280,386,210
00000560.jpg,592,193,675,280,383,209
00000561.jpg,592,192,675,279,386,210
00000562.jpg,592,192,675,279,382,209
00000563.jpg,592,192,675,279,626,359
00000564.jpg,592,192,675,279,661,373
00000565.jpg,592,192,675,279,662,372
00000566.jpg,591,192,674,279,662,372
00000567.jpg,591,192,674,279,662,372
00000568.jpg,591,192,674,279,662,372
00000569.jpg,590,192,673,279,662,372
00000570.jpg,590,192,673,279,656,302
