00037834.jpg,244,154,697,625,869,264
00037835.jpg,244,154,697,625,869,264
00037836.jpg,244,154,697,625,869,264
00037837.jpg,244,154,697,625,869,262
00037838.jpg,244,154,697,625,869,262
00037839.jpg,244,154,697,625,870,260
00037840.jpg,244,154,697,625,872,261
00037841.jpg,244,154,697,625,872,261
00037842.jpg,245,154,698,625,872,258
00037843.jpg,245,154,698,625,874,260
00037844.jpg,246,154,699,625,874,260
00037845.jpg,246,154,699,625,874,260
00037846.jpg,247,154,700,625,876,260
00037847.jpg,247,154,700,625,876,257
00037848.jpg,247,154,700,625,877,257
00037849.jpg,247,154,700,625,880,252
00037850.jpg,247,154,700,625,884,250
00037851.jpg,247,154,700,625,884,250
00037852.jpg,247,154,700,625,884,249
00037853.jpg,247,154,700,625,889,246
00037854.jpg,247,154,700,625,890,241
00037855.jpg,247,154,700,625,892,241
00037856.jpg,247,154,700,625,892,236
00037857.jpg,247,154,700,625,901,232
00037858.jpg,247,154,700,625,902,226
00037859.jpg,247,154,700,625,905,225
00037860.jpg,247,154,700,625,902,224
00037861.jpg,247,154,700,625,902,220
00037862.jpg,247,154,700,625,901,218
00037863.jpg,247,154,700,625,892,217
00037864.jpg,247,154,700,625,888,214
00037865.jpg,248,154,701,625,884,214
00037866.jpg,248,154,701,625,881,213
00037867.jpg,248,154,701,625,878,213
00037868.jpg,248,154,701,625,876,213
00037869.jpg,248,154,701,625,874,213
00037870.jpg,248,154,701,625,870,213
00037871.jpg,248,154,701,625,866,213
00037872.jpg,248,155,701,626,862,213
00037873.jpg,248,155,701,626,861,213
00037874.jpg,248,155,701,626,853,213
00037875.jpg,248,155,701,626,853,213
00037876.jpg,247,156,700,627,853,213
00037877.jpg,247,156,700,627,850,212
00037878.jpg,247,156,700,627,846,212
00037879.jpg,247,156,700,627,841,212
00037880.jpg,246,156,699,627,834,212
00037881.jpg,246,156,699,627,825,214
00037882.jpg,246,156,699,627,824,214
00037883.jpg,246,156,699,627,817,214
00037884.jpg,245,156,698,627,816,216
00037885.jpg,244,156,697,627,813,216
00037886.jpg,244,156,697,627,813,216
00037887.jpg,244,156,697,627,813,216
00037888.jpg,243,156,696,627,810,216
00037889.jpg,242,156,695,627,805,216
00037890.jpg,241,156,694,627,802,216
00037891.jpg,241,156,694,627,800,216
00037892.jpg,241,156,694,627,797,216
00037893.jpg,240,156,693,627,796,216
00037894.jpg,239,156,692,627,789,214
00037895.jpg,238,156,691,627,789,214
00037896.jpg,237,157,690,628,789,214
00037897.jpg,237,157,690,628,789,214
00037898.jpg,237,157,690,628,788,213
00037899.jpg,236,157,689,628,785,213
00037900.jpg,236,157,689,628,785,213
00037901.jpg,235,157,688,628,778,213
00037902.jpg,235,157,688,628,778,213
00037903.jpg,234,157,687,628,778,213
00037904.jpg,234,157,687,628,774,213
00037905.jpg,233,157,686,628,774,213
00037906.jpg,233,157,686,628,773,213
00037907.jpg,233,157,686,628,772,213
00037908.jpg,232,157,685,628,772,213
00037909.jpg,232,157,685,628,770,213
00037910.jpg,232,157,685,628,770,213
00037911.jpg,232,157,685,628,769,213
00037912.jpg,232,157,685,628,769,213
00037913.jpg,232,157,685,628,772,213
