00037834.jpg,1586,77,1771,274,605,392
00037835.jpg,1586,77,1771,274,605,392
00037836.jpg,1586,77,1771,274,605,392
00037837.jpg,1586,77,1771,274,605,392
00037838.jpg,1586,77,1771,274,605,392
00037839.jpg,1586,77,1771,274,605,392
00037840.jpg,1586,77,1771,274,605,392
00037841.jpg,1587,77,1772,274,605,392
00037842.jpg,1587,77,1772,274,605,392
00037843.jpg,1587,77,1772,274,605,392
00037844.jpg,1588,77,1773,274,605,392
00037845.jpg,1588,77,1773,274,605,392
00037846.jpg,1589,77,1774,274,605,392
00037847.jpg,1589,77,1774,274,605,392
00037848.jpg,1589,77,1774,274,605,392
00037849.jpg,1589,77,1774,274,1204,576
00037850.jpg,1588,77,1773,274,1246,630
00037851.jpg,1587,77,1772,274,1244,630
00037852.jpg,1587,77,1772,274,1244,628
00037853.jpg,1585,77,1770,274,1246,630
00037854.jpg,1582,77,1767,274,1246,630
00037855.jpg,1581,77,1766,274,1417,292
00037856.jpg,1578,78,1763,275,945,546
00037857.jpg,1578,78,1763,275,945,546
00037858.jpg,1576,78,1761,275,953,541
00037859.jpg,1576,79,1761,276,864,392
00037860.jpg,1578,81,1763,278,905,217
00037861.jpg,1580,82,1765,279,901,216
00037862.jpg,1580,82,1765,279,901,218
00037863.jpg,1582,84,1767,281,894,217
00037864.jpg,1585,84,1770,281,886,216
00037865.jpg,1587,85,1772,282,882,214
00037866.jpg,1589,85,1774,282,880,214
00037867.jpg,1589,85,1774,282,880,214
00037868.jpg,1591,86,1776,283,880,214
00037869.jpg,1593,86,1778,283,876,214
00037870.jpg,1595,85,1780,282,866,213
00037871.jpg,1597,85,1782,282,861,213
00037872.jpg,1597,85,1782,282,857,213
00037873.jpg,1599,84,1784,281,857,213
00037874.jpg,1602,84,1787,281,852,212
00037875.jpg,1604,83,1789,280,846,212
00037876.jpg,1607,83,1792,280,846,212
00037877.jpg,1607,83,1792,280,845,212
00037878.jpg,1611,82,1796,279,844,212
00037879.jpg,1613,82,1798,279,837,212
00037880.jpg,1614,81,1799,278,830,212
00037881.jpg,1616,81,1801,278,826,212
00037882.jpg,1616,81,1801,278,822,213
00037883.jpg,1617,80,1802,277,822,213
00037884.jpg,1619,79,1804,276,813,213
00037885.jpg,1619,79,1804,276,809,213
00037886.jpg,1620,79,1805,276,809,213
00037887.jpg,1620,79,1805,276,809,213
00037888.jpg,1620,78,1805,275,806,213
00037889.jpg,1619,78,1804,275,800,213
00037890.jpg,1618,78,1803,275,800,213
00037891.jpg,1617,78,1802,275,796,213
00037892.jpg,1617,78,1802,275,794,213
00037893.jpg,1614,79,1799,276,794,213
00037894.jpg,1612,79,1797,276,794,213
00037895.jpg,1610,79,1795,276,793,213
00037896.jpg,1608,79,1793,276,790,213
00037897.jpg,1608,79,1793,276,790,213
00037898.jpg,1605,80,1790,277,790,213
00037899.jpg,1603,80,1788,277,782,213
00037900.jpg,1600,80,1785,277,782,213
00037901.jpg,1598,80,1783,277,782,213
00037902.jpg,1598,80,1783,277,777,213
00037903.jpg,1595,80,1780,277,777,213
00037904.jpg,1592,81,1777,278,777,213
00037905.jpg,1590,81,1775,278,774,214
00037906.jpg,1588,81,1773,278,773,214
00037907.jpg,1588,81,1773,278,772,214
00037908.jpg,1587,81,1772,278,770,214
00037909.jpg,1585,82,1770,279,769,214
00037910.jpg,1584,82,1769,279,769,214
00037911.jpg,1583,82,1768,279,769,214
00037912.jpg,1583,82,1768,279,769,214
00037913.jpg,1583,82,1768,279,770,214
