00041820.jpg,539,112,659,231,555,271
00041821.jpg,539,111,656,228,555,271
00041822.jpg,539,111,656,228,555,271
00041823.jpg,539,111,656,228,555,271
00041824.jpg,539,111,656,228,555,271
00041825.jpg,539,111,656,228,555,271
00041826.jpg,540,111,657,228,555,271
00041827.jpg,540,111,657,228,555,271
00041828.jpg,540,111,657,228,555,271
00041829.jpg,540,111,657,228,555,271
00041830.jpg,541,111,658,228,556,271
00041831.jpg,541,111,658,228,556,271
00041832.jpg,541,111,658,228,556,271
00041833.jpg,542,112,659,229,556,271
00041834.jpg,542,112,659,229,556,271
00041835.jpg,542,112,659,229,556,270
00041836.jpg,542,112,659,229,556,270
00041837.jpg,542,112,659,229,556,270
00041838.jpg,542,112,659,229,556,270
00041839.jpg,541,112,658,229,556,270
00041840.jpg,541,112,658,229,558,269
00041841.jpg,540,112,657,229,558,268
00041842.jpg,540,112,657,229,558,266
00041843.jpg,540,112,657,229,559,267
00041844.jpg,540,112,657,229,560,267
00041845.jpg,540,112,657,229,560,268
00041846.jpg,540,112,657,229,560,266
00041847.jpg,540,112,657,229,560,266
00041848.jpg,540,112,657,229,560,266
00041849.jpg,540,112,657,229,560,266
00041850.jpg,540,112,657,229,560,266
00041851.jpg,540,112,657,229,560,266
00041852.jpg,540,112,657,229,560,266
00041853.jpg,540,112,657,229,560,266
00041854.jpg,540,112,657,229,560,266
00041855.jpg,540,112,657,229,560,266
00041856.jpg,540,112,657,229,560,266
00041857.jpg,540,112,657,229,560,266
00041858.jpg,540,112,657,229,560,266
00041859.jpg,541,112,658,229,560,266
00041860.jpg,541,112,658,229,560,266
00041861.jpg,541,112,658,229,560,266
00041862.jpg,541,112,658,229,560,266
00041863.jpg,541,112,658,229,560,266
00041864.jpg,541,112,658,229,560,266
00041865.jpg,541,112,658,229,560,266
00041866.jpg,541,112,658,229,560,266
00041867.jpg,541,112,658,229,560,266
00041868.jpg,541,112,658,229,560,266
00041869.jpg,541,112,658,229,560,266
00041870.jpg,541,112,658,229,560,266
00041871.jpg,540,112,657,229,560,266
00041872.jpg,540,112,657,229,560,266
00041873.jpg,540,112,657,229,560,266
00041874.jpg,540,112,657,229,560,266
00041875.jpg,540,112,657,229,560,266
00041876.jpg,539,112,656,229,560,266
00041877.jpg,539,112,656,229,560,266
00041878.jpg,539,112,656,229,560,266
00041879.jpg,539,112,656,229,560,266
00041880.jpg,539,112,656,229,560,266
