00018816.jpg,820,111,1012,322,723,131
00018817.jpg,820,111,1012,322,724,131
00018818.jpg,820,111,1012,322,724,132
00018819.jpg,820,111,1012,322,724,132
00018820.jpg,822,111,1014,322,722,133
00018821.jpg,823,111,1015,322,722,133
00018822.jpg,824,111,1016,322,722,131
00018823.jpg,824,110,1016,321,720,134
00018824.jpg,824,108,1016,319,716,136
00018825.jpg,809,113,1025,333,-1,-1
00018826.jpg,809,113,1025,333,402,370
00018827.jpg,800,108,1014,329,402,370
00018828.jpg,800,108,1014,329,402,370
00018829.jpg,797,107,1011,328,402,370
00018830.jpg,796,107,1010,328,-1,-1
00018831.jpg,796,108,1010,329,-1,-1
00018832.jpg,796,109,1010,330,-1,-1
00018833.jpg,796,111,1010,332,700,128
00018834.jpg,798,112,1012,333,700,128
00018835.jpg,801,114,1015,335,699,128
00018836.jpg,806,115,1020,336,699,128
00018837.jpg,811,117,1025,338,699,128
00018838.jpg,816,119,1030,340,699,128
00018839.jpg,820,119,1034,340,699,128
00018840.jpg,825,119,1039,340,699,128
00018841.jpg,828,117,1042,338,699,128
00018842.jpg,834,118,1048,339,696,128
00018843.jpg,839,115,1053,336,695,128
00018844.jpg,842,113,1056,334,695,128
00018845.jpg,844,111,1058,332,692,130
00018846.jpg,845,109,1059,330,692,130
00018847.jpg,846,106,1060,327,692,130
00018848.jpg,845,105,1059,326,692,130
00018849.jpg,844,103,1058,324,692,130
00018850.jpg,842,102,1056,323,688,130
00018851.jpg,839,99,1053,320,687,130
00018852.jpg,837,97,1051,318,-1,-1
00018853.jpg,832,96,1046,317,396,374
00018854.jpg,827,93,1041,314,396,374
00018855.jpg,822,91,1036,312,396,374
00018856.jpg,818,89,1032,310,396,374
00018857.jpg,833,110,1011,302,396,374
00018858.jpg,833,110,1011,302,396,374
00018859.jpg,831,110,1009,302,396,374
00018860.jpg,828,109,1006,301,396,374
00018861.jpg,826,108,1004,300,400,374
00018862.jpg,825,107,1003,299,401,374
00018863.jpg,824,106,1002,298,332,86
00018864.jpg,824,106,1002,298,332,89
00018865.jpg,825,106,1003,298,338,90
00018866.jpg,826,106,1004,298,340,90
00018867.jpg,827,106,1005,298,340,90
00018868.jpg,829,106,1007,298,340,90
00018869.jpg,830,106,1008,298,344,90
00018870.jpg,831,107,1009,299,348,90
00018871.jpg,833,107,1011,299,349,90
00018872.jpg,834,108,1012,300,349,90
00018873.jpg,837,109,1015,301,351,90
00018874.jpg,839,110,1017,302,352,90
00018875.jpg,842,111,1020,303,352,90
00018876.jpg,845,112,1023,304,354,93
00018877.jpg,848,113,1026,305,356,95
00018878.jpg,851,115,1029,307,357,97
00018879.jpg,854,116,1032,308,359,99
00018880.jpg,856,117,1034,309,363,102
00018881.jpg,858,117,1036,309,366,105
00018882.jpg,860,116,1038,308,-1,-1
00018883.jpg,862,116,1040,308,-1,-1
00018884.jpg,864,117,1042,309,-1,-1
00018885.jpg,865,115,1043,307,-1,-1
00018886.jpg,863,111,1049,317,-1,-1
00018887.jpg,864,114,1050,320,-1,-1
00018888.jpg,864,116,1050,322,-1,-1
00018889.jpg,864,118,1050,324,-1,-1
00018890.jpg,853,122,1036,331,-1,-1
00018891.jpg,853,122,1036,331,-1,-1
00018892.jpg,852,123,1035,332,-1,-1
00018893.jpg,850,124,1033,333,-1,-1
00018894.jpg,848,125,1031,334,-1,-1
00018895.jpg,841,132,1015,333,-1,-1
00018896.jpg,841,132,1015,333,-1,-1
00018897.jpg,839,132,1013,333,-1,-1
00018898.jpg,837,132,1011,333,-1,-1
00018899.jpg,833,131,1007,332,-1,-1
00018900.jpg,830,129,1004,330,-1,-1
00018901.jpg,830,128,1004,329,-1,-1
00018902.jpg,829,126,1003,327,-1,-1
00018903.jpg,823,125,991,324,-1,-1
00018904.jpg,823,125,991,324,-1,-1
00018905.jpg,819,123,987,322,-1,-1
00018906.jpg,815,122,983,321,401,181
00018907.jpg,813,120,981,319,401,181
00018908.jpg,812,119,980,318,401,181
00018909.jpg,810,118,978,317,401,181
00018910.jpg,809,119,977,318,401,181
00018911.jpg,796,113,976,311,401,182
00018912.jpg,796,113,976,311,404,185
00018913.jpg,793,113,973,311,404,185
00018914.jpg,789,112,969,310,404,185
00018915.jpg,786,112,966,310,404,185
00018916.jpg,784,112,964,310,408,190
00018917.jpg,783,112,963,310,408,190
00018918.jpg,782,112,962,310,408,190
00018919.jpg,781,111,961,309,408,192
00018920.jpg,780,111,960,309,402,191
00018921.jpg,777,110,957,308,393,186
00018922.jpg,777,110,957,308,393,186
00018923.jpg,777,110,957,308,393,185
00018924.jpg,777,110,957,308,393,185
00018925.jpg,775,110,955,308,393,185
00018926.jpg,775,111,955,309,393,185
00018927.jpg,774,111,954,309,393,185
00018928.jpg,773,111,953,309,393,185
00018929.jpg,772,111,952,309,393,185
00018930.jpg,771,110,951,308,392,190
00018931.jpg,769,109,949,307,393,194
00018932.jpg,769,108,949,306,397,194
00018933.jpg,769,108,949,306,400,195
00018934.jpg,769,108,949,306,401,193
00018935.jpg,760,103,942,305,403,192
00018936.jpg,760,103,942,305,406,194
00018937.jpg,759,102,941,304,405,188
00018938.jpg,757,101,939,303,405,192
00018939.jpg,755,100,937,302,255,496
00018940.jpg,754,99,936,301,259,498
00018941.jpg,752,99,934,301,262,499
00018942.jpg,751,99,933,301,266,502
00018943.jpg,749,99,931,301,249,486
00018944.jpg,747,99,929,301,229,478
00018945.jpg,747,100,929,302,230,470
00018946.jpg,746,101,928,303,265,466
00018947.jpg,747,101,929,303,296,459
00018948.jpg,740,100,926,304,303,456
00018949.jpg,740,100,926,304,314,450
00018950.jpg,741,101,927,305,319,445
00018951.jpg,741,103,927,307,320,443
00018952.jpg,741,104,927,308,329,438
00018953.jpg,742,105,928,309,340,440
00018954.jpg,743,106,929,310,354,445
00018955.jpg,743,107,929,311,371,454
00018956.jpg,743,108,929,312,391,459
00018957.jpg,742,109,928,313,418,461
00018958.jpg,742,109,928,313,445,466
00018959.jpg,741,109,927,313,467,470
00018960.jpg,739,110,925,314,482,466
00018961.jpg,738,109,924,313,496,463
00018962.jpg,736,109,922,313,504,463
00018963.jpg,733,108,919,312,519,468
00018964.jpg,731,107,917,311,529,470
00018965.jpg,729,107,915,311,537,471
00018966.jpg,727,106,913,310,548,478
00018967.jpg,725,105,911,309,560,478
00018968.jpg,723,105,909,309,562,479
00018969.jpg,721,105,907,309,565,482
00018970.jpg,720,105,906,309,580,481
00018971.jpg,719,105,905,309,592,481
00018972.jpg,717,114,892,311,599,478
00018973.jpg,717,114,892,311,603,475
00018974.jpg,716,114,891,311,608,463
00018975.jpg,715,114,890,311,624,446
00018976.jpg,715,114,890,311,638,429
00018977.jpg,715,114,890,311,648,420
00018978.jpg,715,114,890,311,651,415
00018979.jpg,716,114,891,311,652,414
00018980.jpg,717,114,892,311,652,414
00018981.jpg,718,114,893,311,652,414
00018982.jpg,720,115,895,312,652,414
00018983.jpg,721,115,896,312,652,414
00018984.jpg,721,115,896,312,652,413
