00018816.jpg,213,7,389,190,720,130
00018817.jpg,213,7,389,190,720,130
00018818.jpg,213,7,389,190,720,130
00018819.jpg,213,7,389,190,720,130
00018820.jpg,212,6,388,189,716,134
00018821.jpg,209,6,372,179,722,130
00018822.jpg,209,6,372,179,722,130
00018823.jpg,207,5,370,178,720,130
00018824.jpg,205,5,368,178,720,130
00018825.jpg,204,4,367,177,717,138
00018826.jpg,201,4,364,177,715,138
00018827.jpg,199,3,362,176,713,134
00018828.jpg,198,3,361,176,712,132
00018829.jpg,195,5,358,178,706,132
00018830.jpg,193,5,356,178,706,130
00018831.jpg,193,4,356,177,704,128
00018832.jpg,193,4,356,177,702,127
00018833.jpg,194,4,357,177,702,127
00018834.jpg,195,4,358,177,698,126
00018835.jpg,197,4,360,177,696,125
00018836.jpg,198,4,361,177,696,125
00018837.jpg,200,5,363,178,697,125
00018838.jpg,202,5,365,178,697,125
00018839.jpg,203,6,366,179,697,125
00018840.jpg,204,7,367,180,697,125
00018841.jpg,204,7,367,180,690,126
00018842.jpg,204,7,367,180,690,126
00018843.jpg,204,6,367,179,690,126
00018844.jpg,203,6,366,179,690,126
00018845.jpg,201,5,364,178,684,128
00018846.jpg,199,5,362,178,682,128
00018847.jpg,197,5,360,178,679,128
00018848.jpg,195,5,358,178,676,126
00018849.jpg,192,5,355,178,673,126
00018850.jpg,190,4,353,177,672,128
00018851.jpg,187,4,350,177,668,128
00018852.jpg,186,3,349,176,668,127
00018853.jpg,185,3,348,176,668,127
00018854.jpg,186,1,349,174,668,126
00018855.jpg,186,0,349,173,672,124
00018856.jpg,186,0,349,173,673,122
00018857.jpg,188,0,351,173,676,122
00018858.jpg,190,0,353,173,679,122
00018859.jpg,192,0,355,173,684,120
00018860.jpg,195,0,358,173,688,120
00018861.jpg,197,0,360,173,692,119
00018862.jpg,201,0,364,173,699,119
00018863.jpg,204,0,367,173,703,118
00018864.jpg,208,0,371,173,704,118
00018865.jpg,211,0,374,173,711,119
00018866.jpg,214,0,377,173,712,119
00018867.jpg,217,0,380,173,714,119
00018868.jpg,219,0,382,173,716,119
00018869.jpg,220,0,383,173,720,119
00018870.jpg,221,0,384,173,726,121
00018871.jpg,222,0,385,173,729,122
00018872.jpg,222,0,385,173,730,123
00018873.jpg,224,0,387,173,730,123
00018874.jpg,226,0,389,173,735,125
00018875.jpg,228,0,391,173,735,125
00018876.jpg,228,0,391,173,-1,-1
00018877.jpg,225,5,398,189,-1,-1
00018878.jpg,225,5,398,189,-1,-1
00018879.jpg,226,6,399,190,885,207
00018880.jpg,228,6,401,190,887,215
00018881.jpg,231,7,404,191,890,214
00018882.jpg,243,9,412,186,892,216
00018883.jpg,243,9,412,186,892,218
00018884.jpg,246,10,415,187,904,222
00018885.jpg,249,10,418,187,912,227
00018886.jpg,251,11,420,188,921,230
00018887.jpg,252,12,421,189,929,237
00018888.jpg,253,13,422,190,932,242
00018889.jpg,254,13,423,190,937,242
00018890.jpg,260,18,429,195,941,247
00018891.jpg,261,19,430,196,943,248
00018892.jpg,263,18,432,195,-1,-1
00018893.jpg,266,26,435,203,-1,-1
00018894.jpg,267,25,436,202,-1,-1
00018895.jpg,272,34,441,211,-1,-1
00018896.jpg,271,29,448,224,-1,-1
00018897.jpg,271,29,448,224,-1,-1
00018898.jpg,272,30,449,225,-1,-1
00018899.jpg,273,31,450,226,-1,-1
00018900.jpg,274,34,451,229,-1,-1
00018901.jpg,279,38,456,233,-1,-1
00018902.jpg,281,38,458,233,-1,-1
00018903.jpg,287,41,464,236,-1,-1
00018904.jpg,290,41,467,236,-1,-1
00018905.jpg,294,40,471,235,-1,-1
00018906.jpg,298,40,475,235,-1,-1
00018907.jpg,303,42,480,237,-1,-1
00018908.jpg,306,43,483,238,-1,-1
00018909.jpg,308,43,485,238,-1,-1
00018910.jpg,309,44,486,239,-1,-1
00018911.jpg,309,46,486,241,-1,-1
00018912.jpg,319,48,489,243,-1,-1
00018913.jpg,319,48,489,243,-1,-1
00018914.jpg,319,48,489,243,-1,-1
00018915.jpg,320,49,490,244,-1,-1
00018916.jpg,319,49,489,244,-1,-1
00018917.jpg,317,48,487,243,-1,-1
00018918.jpg,314,47,484,242,-1,-1
00018919.jpg,314,45,484,240,-1,-1
00018920.jpg,314,43,484,238,-1,-1
00018921.jpg,314,42,484,237,-1,-1
00018922.jpg,314,41,484,236,-1,-1
00018923.jpg,313,41,483,236,-1,-1
00018924.jpg,313,41,483,236,-1,-1
00018925.jpg,312,41,482,236,-1,-1
00018926.jpg,312,41,482,236,-1,-1
00018927.jpg,312,42,482,237,-1,-1
00018928.jpg,314,43,484,238,-1,-1
00018929.jpg,316,43,486,238,-1,-1
00018930.jpg,317,46,487,241,-1,-1
00018931.jpg,318,49,488,244,-1,-1
00018932.jpg,321,48,491,243,-1,-1
00018933.jpg,326,45,496,240,282,531
00018934.jpg,329,45,499,240,282,531
00018935.jpg,331,46,501,241,282,531
00018936.jpg,331,47,501,242,282,518
00018937.jpg,332,46,502,241,281,510
00018938.jpg,332,46,502,241,280,501
00018939.jpg,331,47,501,242,280,498
00018940.jpg,330,47,500,242,274,499
00018941.jpg,328,48,498,243,266,489
00018942.jpg,327,48,497,243,260,487
00018943.jpg,326,49,496,244,241,485
00018944.jpg,325,50,495,245,240,486
00018945.jpg,326,51,496,246,248,484
00018946.jpg,326,51,496,246,274,474
00018947.jpg,325,47,495,242,299,461
00018948.jpg,316,46,492,244,314,455
00018949.jpg,316,46,492,244,322,449
00018950.jpg,316,44,492,242,324,442
00018951.jpg,316,43,492,241,326,442
00018952.jpg,316,37,485,232,326,442
00018953.jpg,316,37,485,232,330,442
00018954.jpg,328,30,486,230,338,439
00018955.jpg,319,28,494,221,379,456
00018956.jpg,319,28,494,221,409,464
00018957.jpg,320,17,488,215,428,465
00018958.jpg,310,15,487,209,439,463
00018959.jpg,310,15,487,209,458,466
00018960.jpg,311,9,471,202,482,465
00018961.jpg,303,4,474,195,499,459
00018962.jpg,303,4,474,195,513,462
00018963.jpg,300,3,471,194,524,468
00018964.jpg,296,1,467,192,540,472
00018965.jpg,291,0,462,191,552,478
00018966.jpg,287,0,458,191,557,478
00018967.jpg,286,0,457,191,566,478
00018968.jpg,285,0,456,191,572,479
00018969.jpg,283,1,454,192,576,479
00018970.jpg,281,2,452,193,579,480
00018971.jpg,278,3,449,194,582,482
00018972.jpg,275,5,446,196,593,474
00018973.jpg,275,5,446,196,600,466
00018974.jpg,273,5,444,196,604,457
00018975.jpg,273,5,444,196,616,448
00018976.jpg,274,4,445,195,630,426
00018977.jpg,275,4,446,195,647,420
00018978.jpg,275,4,446,195,651,412
00018979.jpg,276,4,447,195,653,411
00018980.jpg,267,1,438,192,653,411
00018981.jpg,268,2,439,193,653,411
00018982.jpg,269,2,440,193,653,411
00018983.jpg,270,1,441,192,653,411
00018984.jpg,270,1,441,192,653,411
