00160903.jpg,700,174,911,404,-1,-1
00160904.jpg,700,174,911,404,-1,-1
00160905.jpg,700,174,911,404,-1,-1
00160906.jpg,700,174,911,404,-1,-1
00160907.jpg,699,174,910,404,-1,-1
00160908.jpg,699,174,910,404,-1,-1
00160909.jpg,700,175,911,405,-1,-1
00160910.jpg,699,176,910,406,-1,-1
00160911.jpg,699,176,910,406,-1,-1
00160912.jpg,699,177,910,407,-1,-1
00160913.jpg,699,177,910,407,-1,-1
00160914.jpg,700,176,911,406,-1,-1
00160915.jpg,699,176,910,406,-1,-1
00160916.jpg,699,175,910,405,-1,-1
00160917.jpg,699,175,910,405,-1,-1
00160918.jpg,699,175,910,405,-1,-1
00160919.jpg,699,175,910,405,-1,-1
00160920.jpg,699,174,910,404,-1,-1
00160921.jpg,705,170,916,395,-1,-1
00160922.jpg,705,170,916,395,-1,-1
00160923.jpg,705,167,916,392,-1,-1
00160924.jpg,704,163,915,388,-1,-1
00160925.jpg,705,158,916,383,-1,-1
00160926.jpg,704,154,915,379,-1,-1
00160927.jpg,703,152,914,377,-1,-1
00160928.jpg,701,150,912,375,-1,-1
00160929.jpg,700,151,911,376,1069,263
00160930.jpg,701,151,912,376,1071,260
00160931.jpg,703,150,914,375,1071,260
00160932.jpg,704,150,915,375,1069,258
00160933.jpg,704,147,914,380,1070,256
00160934.jpg,704,147,914,380,1070,256
00160935.jpg,704,148,914,381,1503,375
00160936.jpg,705,149,915,382,1503,376
00160937.jpg,704,149,914,382,1503,380
00160938.jpg,703,149,913,382,1501,384
00160939.jpg,703,149,913,382,1504,388
00160940.jpg,702,150,912,383,1505,384
00160941.jpg,702,151,912,384,1506,378
00160942.jpg,703,154,911,384,1508,371
00160943.jpg,703,154,911,384,1511,378
00160944.jpg,707,155,915,385,1509,378
00160945.jpg,713,157,921,387,1511,381
00160946.jpg,718,159,926,389,1511,384
00160947.jpg,724,161,932,391,1511,385
00160948.jpg,728,163,936,393,1513,385
00160949.jpg,733,166,941,396,1513,385
00160950.jpg,738,169,946,399,1515,390
00160951.jpg,744,171,954,404,1513,390
00160952.jpg,744,171,954,404,1515,389
00160953.jpg,748,172,962,406,1519,391
00160954.jpg,748,172,962,406,1519,391
00160955.jpg,749,175,963,409,1519,395
00160956.jpg,750,175,968,413,1520,391
00160957.jpg,750,175,968,413,1526,389
00160958.jpg,751,177,969,415,1526,388
00160959.jpg,750,174,982,420,1526,376
00160960.jpg,750,174,982,420,1520,338
00160961.jpg,751,176,983,422,1515,296
00160962.jpg,751,178,983,424,1514,283
00160963.jpg,750,179,982,425,1514,278
00160964.jpg,750,180,982,426,1518,280
00160965.jpg,749,181,981,427,1506,291
00160966.jpg,748,181,980,427,1499,291
00160967.jpg,747,181,979,427,1468,283
00160968.jpg,746,180,978,426,1103,333
00160969.jpg,744,180,976,426,1336,508
00160970.jpg,743,180,975,426,1310,500
00160971.jpg,743,182,975,428,1286,504
00160972.jpg,743,182,975,428,1258,508
00160973.jpg,744,184,975,432,1233,521
00160974.jpg,744,184,975,432,1204,545
00160975.jpg,737,184,968,432,1175,570
00160976.jpg,737,184,968,432,1149,596
