00160903.jpg,1025,153,1252,398,849,296
00160904.jpg,1025,153,1252,398,849,296
00160905.jpg,1026,152,1253,397,849,300
00160906.jpg,1026,151,1253,396,844,286
00160907.jpg,1027,150,1254,395,846,286
00160908.jpg,1027,148,1254,393,843,292
00160909.jpg,1028,145,1255,390,841,290
00160910.jpg,1028,142,1255,387,838,291
00160911.jpg,1030,137,1257,382,840,283
00160912.jpg,1030,136,1257,381,844,280
00160913.jpg,1030,134,1257,379,845,277
00160914.jpg,1032,133,1259,378,849,277
00160915.jpg,1033,133,1260,378,857,278
00160916.jpg,1034,132,1261,377,857,281
00160917.jpg,1032,133,1259,378,857,279
00160918.jpg,1030,133,1257,378,857,278
00160919.jpg,1029,134,1256,379,859,275
00160920.jpg,1027,136,1254,381,860,276
00160921.jpg,1023,139,1250,384,859,276
00160922.jpg,1023,141,1253,387,853,274
00160923.jpg,1023,141,1253,387,851,274
00160924.jpg,1022,141,1252,387,850,267
00160925.jpg,1022,141,1252,387,848,267
00160926.jpg,1022,140,1252,386,858,274
00160927.jpg,1023,139,1253,385,858,273
00160928.jpg,1024,135,1254,381,860,269
00160929.jpg,1025,132,1255,378,860,266
00160930.jpg,1026,130,1256,376,859,268
00160931.jpg,1026,128,1256,374,859,268
00160932.jpg,1026,128,1256,374,859,268
00160933.jpg,1026,128,1256,374,859,268
00160934.jpg,1025,128,1255,374,859,268
00160935.jpg,1025,129,1255,375,859,268
00160936.jpg,1025,129,1255,375,859,268
00160937.jpg,1024,130,1254,376,860,268
00160938.jpg,1024,131,1254,377,860,268
00160939.jpg,1024,131,1254,377,866,269
00160940.jpg,1021,130,1254,378,870,269
00160941.jpg,1018,129,1254,380,873,269
00160942.jpg,1011,125,1242,382,874,269
00160943.jpg,1011,125,1242,382,881,270
00160944.jpg,1011,127,1242,384,884,270
00160945.jpg,1011,129,1242,386,888,229
00160946.jpg,1010,131,1241,388,885,234
00160947.jpg,1010,133,1241,390,888,240
00160948.jpg,1009,135,1240,392,888,239
00160949.jpg,1008,138,1239,395,892,252
00160950.jpg,1008,140,1239,397,901,266
00160951.jpg,1008,142,1239,399,899,261
00160952.jpg,1009,141,1240,398,899,261
00160953.jpg,1016,142,1246,393,903,262
00160954.jpg,1023,143,1253,389,911,262
00160955.jpg,1023,140,1252,400,912,264
00160956.jpg,1023,140,1252,400,912,267
00160957.jpg,1023,142,1252,402,914,272
00160958.jpg,1022,143,1251,403,915,275
00160959.jpg,1023,144,1252,404,915,276
00160960.jpg,1025,148,1254,408,915,277
00160961.jpg,1025,155,1254,415,918,282
00160962.jpg,1024,158,1253,418,944,296
00160963.jpg,1023,162,1252,422,944,296
00160964.jpg,1023,165,1256,432,944,296
00160965.jpg,1025,180,1266,453,944,296
00160966.jpg,1025,180,1266,453,944,296
00160967.jpg,1027,179,1268,452,944,296
00160968.jpg,1037,172,1278,445,944,296
00160969.jpg,1048,162,1280,428,943,301
00160970.jpg,1055,160,1287,426,939,301
00160971.jpg,1065,147,1306,418,935,305
00160972.jpg,1075,143,1318,405,930,306
00160973.jpg,1075,143,1318,405,924,308
00160974.jpg,1076,143,1319,405,918,309
00160975.jpg,1077,144,1320,406,913,309
00160976.jpg,1077,144,1320,406,903,311
