00005634.jpg,960,291,1211,545,-1,-1
00005635.jpg,960,291,1211,545,745,453
00005636.jpg,960,291,1211,545,746,452
00005637.jpg,960,291,1211,545,746,452
00005638.jpg,955,286,1206,540,746,452
00005639.jpg,949,281,1200,535,746,452
00005640.jpg,949,281,1200,535,746,452
00005641.jpg,942,280,1193,534,746,453
00005642.jpg,936,280,1187,534,746,453
00005643.jpg,931,281,1182,535,620,478
00005644.jpg,928,280,1179,534,621,478
00005645.jpg,928,280,1179,534,620,478
00005646.jpg,925,280,1176,534,621,478
00005647.jpg,925,281,1176,535,708,669
00005648.jpg,929,287,1180,541,1112,624
00005649.jpg,930,292,1181,546,1280,614
00005650.jpg,930,292,1181,546,1281,614
00005651.jpg,925,293,1176,547,1741,466
00005652.jpg,915,287,1166,541,1374,464
00005653.jpg,905,283,1156,537,1370,464
00005654.jpg,896,283,1147,537,1372,464
00005655.jpg,896,283,1147,537,1370,464
00005656.jpg,869,282,1127,549,1376,468
00005657.jpg,869,282,1127,549,1376,473
00005658.jpg,864,282,1122,549,1373,474
00005659.jpg,861,282,1119,549,1370,477
00005660.jpg,861,282,1119,549,1370,477
00005661.jpg,859,284,1117,551,1369,477
00005662.jpg,860,289,1118,556,1369,474
00005663.jpg,861,295,1119,562,1369,468
00005664.jpg,861,297,1119,564,1373,468
00005665.jpg,861,297,1119,564,1373,464
00005666.jpg,858,297,1116,564,1377,460
00005667.jpg,856,296,1114,563,1377,456
00005668.jpg,855,296,1113,563,1376,462
00005669.jpg,854,295,1112,562,1737,469
00005670.jpg,854,295,1112,562,1736,464
00005671.jpg,855,294,1113,561,1733,464
00005672.jpg,855,294,1113,561,1733,466
00005673.jpg,855,293,1113,560,1733,466
00005674.jpg,857,293,1115,560,1733,466
00005675.jpg,857,293,1115,560,1733,466
00005676.jpg,856,294,1114,561,1778,706
00005677.jpg,857,293,1115,560,1281,586
00005678.jpg,857,283,1115,550,1169,601
00005679.jpg,846,277,1104,544,-1,-1
00005680.jpg,846,277,1104,544,-1,-1
00005681.jpg,833,262,1091,529,-1,-1
00005682.jpg,834,275,1092,542,-1,-1
00005683.jpg,832,267,1090,534,-1,-1
00005684.jpg,832,267,1090,534,-1,-1
00005685.jpg,832,267,1090,534,-1,-1
00005686.jpg,832,267,1090,534,-1,-1
00005687.jpg,833,266,1091,533,-1,-1
00005688.jpg,841,279,1099,546,-1,-1
00005689.jpg,845,283,1103,550,-1,-1
00005690.jpg,845,283,1103,550,-1,-1
00005691.jpg,844,286,1102,553,-1,-1
00005692.jpg,845,285,1103,552,-1,-1
00005693.jpg,851,290,1109,557,-1,-1
00005694.jpg,853,290,1111,557,-1,-1
00005695.jpg,853,291,1111,558,-1,-1
00005696.jpg,857,289,1115,556,-1,-1
00005697.jpg,863,289,1121,556,-1,-1
00005698.jpg,865,287,1123,554,-1,-1
00005699.jpg,866,285,1124,552,-1,-1
00005700.jpg,866,285,1124,552,-1,-1
00005701.jpg,871,288,1129,555,-1,-1
00005702.jpg,878,295,1136,562,526,505
00005703.jpg,873,286,1131,553,565,481
00005704.jpg,870,287,1128,554,565,481
00005705.jpg,870,287,1128,554,565,481
00005706.jpg,872,289,1130,556,565,481
00005707.jpg,873,288,1131,555,562,480
00005708.jpg,875,286,1133,553,550,477
00005709.jpg,877,286,1135,553,550,476
00005710.jpg,877,286,1135,553,548,472
00005711.jpg,879,285,1137,552,545,469
00005712.jpg,881,285,1139,552,541,465
00005713.jpg,882,285,1140,552,540,460
00005714.jpg,884,287,1142,554,-1,-1
00005715.jpg,884,287,1142,554,-1,-1
00005716.jpg,884,288,1142,555,-1,-1
00005717.jpg,884,293,1142,560,-1,-1
00005718.jpg,883,294,1141,561,-1,-1
00005719.jpg,881,291,1139,558,-1,-1
00005720.jpg,881,291,1139,558,-1,-1
00005721.jpg,886,293,1144,560,-1,-1
00005722.jpg,884,294,1142,561,362,300
00005723.jpg,883,295,1141,562,360,304
00005724.jpg,881,295,1139,562,354,306
00005725.jpg,881,295,1139,562,353,313
00005726.jpg,880,295,1138,562,352,320
00005727.jpg,880,296,1138,563,354,321
00005728.jpg,879,297,1137,564,364,332
00005729.jpg,879,298,1137,565,370,340
00005730.jpg,879,298,1137,565,377,344
00005731.jpg,877,302,1135,569,392,362
00005732.jpg,880,308,1138,575,402,365
00005733.jpg,882,306,1140,573,101,165
00005734.jpg,883,300,1141,567,100,165
00005735.jpg,883,300,1141,567,102,165
00005736.jpg,884,295,1142,562,100,165
00005737.jpg,885,292,1143,559,97,157
00005738.jpg,885,290,1143,557,97,150
00005739.jpg,886,289,1144,556,98,142
00005740.jpg,886,289,1144,556,96,140
00005741.jpg,886,289,1144,556,94,138
00005742.jpg,885,289,1143,556,94,140
00005743.jpg,883,291,1141,558,98,141
00005744.jpg,880,297,1138,564,101,145
00005745.jpg,880,297,1138,564,106,148
00005746.jpg,876,302,1134,569,110,150
00005747.jpg,865,306,1129,577,109,152
00005748.jpg,865,306,1129,577,105,152
00005749.jpg,861,303,1125,574,105,152
00005750.jpg,861,303,1125,574,105,153
00005751.jpg,858,302,1122,573,445,353
00005752.jpg,856,303,1120,574,589,461
00005753.jpg,854,303,1118,574,589,461
00005754.jpg,853,304,1117,575,726,464
00005755.jpg,853,304,1117,575,724,464
00005756.jpg,852,306,1116,577,726,464
00005757.jpg,850,311,1114,582,724,464
00005758.jpg,847,317,1111,588,724,464
00005759.jpg,846,316,1110,587,724,464
00005760.jpg,846,316,1110,587,724,462
00005761.jpg,846,313,1110,584,724,462
00005762.jpg,845,311,1109,582,722,462
00005763.jpg,843,311,1107,582,722,462
00005764.jpg,842,311,1106,582,722,462
00005765.jpg,842,311,1106,582,720,462
00005766.jpg,841,311,1105,582,718,462
00005767.jpg,838,311,1102,582,718,462
00005768.jpg,837,311,1101,582,718,462
00005769.jpg,835,314,1099,585,718,462
00005770.jpg,834,314,1098,585,718,462
00005771.jpg,829,319,1093,590,721,464
00005772.jpg,823,327,1087,598,725,466
00005773.jpg,821,330,1085,601,728,473
00005774.jpg,824,324,1088,595,725,470
00005775.jpg,824,324,1088,595,725,470
00005776.jpg,830,320,1094,591,725,469
00005777.jpg,826,322,1090,593,722,466
00005778.jpg,825,324,1089,595,721,466
00005779.jpg,826,324,1090,595,718,464
00005780.jpg,826,324,1090,595,716,464
00005781.jpg,826,324,1090,595,716,464
00005782.jpg,826,326,1090,597,716,464
00005783.jpg,834,328,1098,599,602,532
00005784.jpg,841,333,1105,604,725,690
00005785.jpg,841,333,1105,604,725,690
00005786.jpg,855,326,1119,597,1058,637
00005787.jpg,871,335,1135,606,1317,620
00005788.jpg,882,327,1146,598,1529,750
00005789.jpg,883,315,1147,586,1762,501
00005790.jpg,883,315,1147,586,1760,501
00005791.jpg,890,313,1154,584,1376,480
00005792.jpg,895,310,1159,581,1374,477
00005793.jpg,899,306,1163,577,1377,473
00005794.jpg,903,301,1167,572,1377,472
00005795.jpg,903,301,1167,572,1377,472
00005796.jpg,910,297,1174,568,1380,470
00005797.jpg,923,306,1187,577,1381,473
00005798.jpg,938,316,1202,587,1382,474
00005799.jpg,955,323,1204,587,1386,481
00005800.jpg,955,323,1204,587,1386,481
00005801.jpg,963,323,1212,587,1389,485
00005802.jpg,968,320,1217,584,1390,496
00005803.jpg,972,317,1221,581,1390,496
00005804.jpg,975,316,1224,580,1390,497
00005805.jpg,975,316,1224,580,1393,498
00005806.jpg,979,317,1228,581,1392,492
00005807.jpg,984,318,1233,582,1388,490
00005808.jpg,990,320,1239,584,1382,486
00005809.jpg,995,322,1244,586,1381,481
00005810.jpg,995,322,1244,586,1377,480
00005811.jpg,1002,326,1251,590,1373,480
00005812.jpg,1008,332,1257,596,1361,485
00005813.jpg,1012,333,1261,597,1350,493
00005814.jpg,1015,329,1264,593,1344,498
00005815.jpg,1015,329,1264,593,1345,500
