00005634.jpg,271,193,531,454,1378,469
00005635.jpg,271,193,531,454,1378,469
00005636.jpg,291,212,542,461,1381,469
00005637.jpg,291,212,542,461,1381,469
00005638.jpg,294,210,545,459,1381,469
00005639.jpg,298,208,549,457,1380,470
00005640.jpg,273,197,543,459,1378,470
00005641.jpg,273,197,543,459,1378,470
00005642.jpg,274,194,544,456,1376,474
00005643.jpg,276,192,546,454,1376,474
00005644.jpg,277,190,547,452,1374,472
00005645.jpg,277,190,547,452,1374,472
00005646.jpg,278,191,548,453,1374,468
00005647.jpg,278,193,548,455,1374,460
00005648.jpg,279,196,549,458,1369,458
00005649.jpg,280,198,550,460,1369,453
00005650.jpg,280,198,550,460,1369,453
00005651.jpg,281,198,551,460,1369,453
00005652.jpg,283,197,553,459,1369,456
00005653.jpg,284,195,554,457,1369,462
00005654.jpg,278,197,545,465,1368,466
00005655.jpg,278,197,545,465,1368,466
00005656.jpg,277,193,544,461,1368,472
00005657.jpg,277,189,544,457,1368,476
00005658.jpg,277,187,544,455,1368,476
00005659.jpg,273,192,540,460,1369,476
00005660.jpg,273,192,540,460,1369,476
00005661.jpg,273,197,540,465,1369,473
00005662.jpg,273,200,540,468,1368,466
00005663.jpg,276,209,543,477,1368,464
00005664.jpg,278,214,545,482,1366,461
00005665.jpg,278,214,545,482,1366,461
00005666.jpg,276,212,543,480,1370,461
00005667.jpg,277,217,537,467,1374,461
00005668.jpg,275,216,542,484,1377,466
00005669.jpg,275,215,542,483,1381,470
00005670.jpg,275,215,542,483,1381,470
00005671.jpg,274,213,541,481,1380,473
00005672.jpg,273,212,540,480,1378,478
00005673.jpg,273,211,540,479,1378,478
00005674.jpg,270,209,542,470,1381,473
00005675.jpg,270,210,542,471,1381,464
00005676.jpg,271,208,547,472,1238,593
00005677.jpg,267,204,543,475,612,470
00005678.jpg,280,192,547,460,-1,-1
00005679.jpg,266,190,523,463,-1,-1
00005680.jpg,266,190,523,463,-1,-1
00005681.jpg,261,180,518,453,201,138
00005682.jpg,258,172,515,445,201,138
00005683.jpg,261,172,518,445,200,138
00005684.jpg,259,168,516,441,200,138
00005685.jpg,259,168,516,441,198,138
00005686.jpg,256,166,513,439,198,137
00005687.jpg,253,165,510,438,198,158
00005688.jpg,248,167,505,440,202,165
00005689.jpg,248,168,505,441,204,170
00005690.jpg,247,169,504,442,204,170
00005691.jpg,254,173,511,446,204,173
00005692.jpg,254,174,511,447,204,173
00005693.jpg,255,171,512,444,201,165
00005694.jpg,255,169,512,442,197,157
00005695.jpg,255,169,512,442,197,157
00005696.jpg,257,169,514,442,190,148
00005697.jpg,256,167,513,440,186,146
00005698.jpg,256,166,513,439,186,146
00005699.jpg,257,167,514,440,184,149
00005700.jpg,257,167,514,440,184,149
00005701.jpg,261,172,518,445,185,154
00005702.jpg,265,178,522,451,185,154
00005703.jpg,268,188,525,461,180,154
00005704.jpg,268,190,525,463,180,146
00005705.jpg,268,190,525,463,180,146
00005706.jpg,266,185,523,458,174,142
00005707.jpg,266,179,523,452,168,141
00005708.jpg,265,176,522,449,166,137
00005709.jpg,263,173,520,446,166,137
00005710.jpg,263,173,520,446,166,137
00005711.jpg,260,171,517,444,164,134
00005712.jpg,258,170,515,443,165,136
00005713.jpg,256,171,513,444,165,140
00005714.jpg,255,173,512,446,164,149
00005715.jpg,255,173,512,446,164,149
00005716.jpg,253,181,510,454,161,158
00005717.jpg,269,207,524,466,154,169
00005718.jpg,269,207,524,466,152,173
00005719.jpg,267,206,522,465,150,173
00005720.jpg,267,206,522,465,149,173
00005721.jpg,260,196,515,455,140,173
00005722.jpg,254,192,509,451,137,173
00005723.jpg,248,188,503,447,129,173
00005724.jpg,243,189,498,448,120,166
00005725.jpg,243,189,498,448,120,166
00005726.jpg,240,192,495,451,116,166
00005727.jpg,239,196,494,455,-1,-1
00005728.jpg,224,189,490,463,-1,-1
00005729.jpg,224,189,490,463,510,450
00005730.jpg,224,189,490,463,510,450
00005731.jpg,224,194,490,468,812,586
00005732.jpg,209,207,486,479,945,444
00005733.jpg,212,207,489,479,946,433
00005734.jpg,206,192,485,472,950,420
00005735.jpg,206,192,485,472,950,420
00005736.jpg,209,190,488,470,950,409
00005737.jpg,190,193,467,459,950,409
00005738.jpg,190,193,467,459,952,402
00005739.jpg,191,194,468,460,953,401
00005740.jpg,191,194,468,460,953,401
00005741.jpg,193,196,470,462,953,401
00005742.jpg,197,200,474,466,949,400
00005743.jpg,202,207,479,473,948,405
00005744.jpg,203,208,481,463,945,416
00005745.jpg,203,208,481,463,945,416
00005746.jpg,214,215,491,481,941,420
00005747.jpg,221,217,498,483,936,422
00005748.jpg,240,226,498,494,934,421
00005749.jpg,240,226,498,494,930,421
00005750.jpg,240,226,498,494,930,421
00005751.jpg,241,224,499,492,926,418
00005752.jpg,244,223,502,491,925,418
00005753.jpg,247,220,505,488,922,418
00005754.jpg,253,221,511,489,920,418
00005755.jpg,253,221,511,489,917,422
00005756.jpg,258,225,516,493,916,428
00005757.jpg,263,232,521,500,916,438
00005758.jpg,267,235,525,503,912,441
00005759.jpg,268,234,526,502,912,441
00005760.jpg,268,234,526,502,910,438
00005761.jpg,269,231,527,499,913,437
00005762.jpg,266,226,524,494,912,437
00005763.jpg,264,224,522,492,910,437
00005764.jpg,261,223,519,491,909,437
00005765.jpg,261,223,519,491,908,437
00005766.jpg,258,220,516,488,908,437
00005767.jpg,255,218,513,486,906,437
00005768.jpg,257,220,515,488,905,441
00005769.jpg,259,228,517,496,905,441
00005770.jpg,259,228,517,496,905,441
00005771.jpg,264,241,522,509,900,446
00005772.jpg,266,248,524,516,898,458
00005773.jpg,266,250,524,518,894,465
00005774.jpg,266,251,524,519,897,458
00005775.jpg,266,251,524,519,897,458
00005776.jpg,261,246,519,514,898,456
00005777.jpg,262,248,520,516,898,456
00005778.jpg,262,248,520,516,898,456
00005779.jpg,262,248,520,516,898,456
00005780.jpg,262,248,520,516,898,456
00005781.jpg,262,248,520,516,898,456
00005782.jpg,263,248,521,516,900,462
00005783.jpg,265,249,523,517,900,462
00005784.jpg,267,253,525,521,1360,500
00005785.jpg,267,253,525,521,1361,500
00005786.jpg,269,257,527,525,1362,494
00005787.jpg,263,245,521,513,1365,484
00005788.jpg,259,234,517,502,1374,474
00005789.jpg,249,223,507,491,1373,474
00005790.jpg,249,223,507,491,1373,474
00005791.jpg,238,208,495,488,-1,-1
00005792.jpg,238,208,495,488,-1,-1
00005793.jpg,234,205,491,485,-1,-1
00005794.jpg,232,203,489,483,-1,-1
00005795.jpg,232,203,489,483,-1,-1
00005796.jpg,232,204,489,484,-1,-1
00005797.jpg,234,207,491,487,233,202
00005798.jpg,241,208,498,488,233,200
00005799.jpg,241,208,498,488,246,210
00005800.jpg,241,208,498,488,246,213
00005801.jpg,243,206,500,486,248,214
00005802.jpg,270,219,501,477,249,214
00005803.jpg,270,219,501,477,254,214
00005804.jpg,272,217,503,475,254,210
00005805.jpg,272,217,503,475,254,210
00005806.jpg,276,215,507,473,254,210
00005807.jpg,281,214,512,472,254,210
00005808.jpg,285,214,516,472,254,210
00005809.jpg,291,218,522,476,257,214
00005810.jpg,291,218,522,476,257,214
00005811.jpg,296,222,527,480,258,218
00005812.jpg,299,222,530,480,258,218
00005813.jpg,299,219,530,477,258,218
00005814.jpg,299,217,530,475,254,214
00005815.jpg,299,217,530,475,254,214
