00010145.jpg,336,193,406,267,-1,-1
00010146.jpg,339,193,409,267,-1,-1
00010147.jpg,337,193,407,267,-1,-1
00010148.jpg,325,193,399,264,-1,-1
00010149.jpg,325,193,399,264,-1,-1
00010150.jpg,323,193,397,264,1084,231
00010151.jpg,321,193,395,264,1084,231
00010152.jpg,319,193,393,264,1084,231
00010153.jpg,317,193,391,264,1084,231
00010154.jpg,309,185,390,267,1084,231
00010155.jpg,309,185,390,267,1084,231
00010156.jpg,307,185,388,267,1084,231
00010157.jpg,304,185,385,267,1084,231
00010158.jpg,302,185,383,267,1084,231
00010159.jpg,299,185,380,267,1084,231
00010160.jpg,297,185,378,267,1084,231
00010161.jpg,295,185,376,267,1084,231
00010162.jpg,294,186,375,268,1084,231
00010163.jpg,292,186,373,268,1084,231
00010164.jpg,291,186,372,268,1081,236
00010165.jpg,290,186,371,268,1081,236
00010166.jpg,289,185,370,267,1081,236
00010167.jpg,288,185,369,267,1081,236
00010168.jpg,288,185,369,267,1081,236
00010169.jpg,288,185,369,267,1081,236
00010170.jpg,288,185,369,267,1081,236
00010171.jpg,289,185,370,267,1081,234
00010172.jpg,289,185,370,267,1081,234
00010173.jpg,290,185,371,267,1081,234
00010174.jpg,291,185,372,267,1081,234
00010175.jpg,292,185,373,267,1081,234
00010176.jpg,294,184,375,266,1081,234
00010177.jpg,296,184,377,266,1081,234
00010178.jpg,299,184,380,266,1081,234
00010179.jpg,302,185,383,267,1081,234
00010180.jpg,305,185,386,267,1081,234
00010181.jpg,307,185,388,267,1081,234
00010182.jpg,310,185,391,267,1081,234
00010183.jpg,312,186,393,268,712,219
00010184.jpg,315,186,396,268,711,217
00010185.jpg,317,186,398,268,712,217
00010186.jpg,320,187,401,269,-1,-1
00010187.jpg,322,187,403,269,-1,-1
00010188.jpg,324,187,405,269,-1,-1
00010189.jpg,326,188,407,270,644,125
00010190.jpg,327,188,408,270,644,125
00010191.jpg,329,189,410,271,644,125
00010192.jpg,331,189,412,271,644,125
00010193.jpg,332,189,413,271,644,125
00010194.jpg,333,188,414,270,644,125
00010195.jpg,335,187,416,269,644,125
00010196.jpg,337,185,418,267,644,125
00010197.jpg,338,184,419,266,644,125
00010198.jpg,339,184,420,266,644,125
00010199.jpg,340,183,421,265,644,125
00010200.jpg,341,182,422,264,644,125
00010201.jpg,342,181,423,263,645,125
00010202.jpg,343,181,424,263,645,125
00010203.jpg,344,181,425,263,646,125
00010204.jpg,344,181,425,263,647,125
00010205.jpg,344,182,425,264,647,125
00010206.jpg,343,182,424,264,647,125
00010207.jpg,343,183,424,265,647,125
00010208.jpg,342,183,423,265,648,125
00010209.jpg,342,183,423,265,648,125
00010210.jpg,341,183,422,265,649,125
00010211.jpg,341,183,422,265,649,125
00010212.jpg,340,183,421,265,649,125
00010213.jpg,340,183,421,265,650,125
00010214.jpg,339,183,420,265,650,125
00010215.jpg,338,183,419,265,651,124
00010216.jpg,337,183,418,265,654,124
00010217.jpg,337,183,418,265,655,124
00010218.jpg,337,183,418,265,655,124
00010219.jpg,336,184,417,266,655,124
00010220.jpg,335,185,416,267,655,124
00010221.jpg,335,184,416,266,655,124
00010222.jpg,335,184,416,266,655,124
00010223.jpg,335,184,416,266,655,124
00010224.jpg,335,184,416,266,657,124
00010225.jpg,335,184,416,266,660,125
00010226.jpg,335,185,416,267,660,125
00010227.jpg,334,185,415,267,660,125
00010228.jpg,334,185,415,267,662,125
00010229.jpg,334,185,415,267,662,125
00010230.jpg,334,185,415,267,662,125
00010231.jpg,334,185,415,267,662,125
00010232.jpg,334,184,415,266,662,125
00010233.jpg,334,184,415,266,662,125
00010234.jpg,335,184,416,266,712,215
00010235.jpg,335,184,416,266,714,217
00010236.jpg,335,184,416,266,714,220
00010237.jpg,335,183,416,265,714,219
00010238.jpg,335,183,416,265,715,219
00010239.jpg,335,184,416,266,715,219
00010240.jpg,335,184,416,266,715,219
00010241.jpg,335,184,416,266,714,219
00010242.jpg,336,184,417,266,714,219
00010243.jpg,336,184,417,266,714,219
00010244.jpg,336,184,417,266,713,217
00010245.jpg,336,184,417,266,711,218
00010246.jpg,337,184,418,266,712,218
00010247.jpg,337,184,418,266,712,218
00010248.jpg,337,184,418,266,712,218
00010249.jpg,337,184,418,266,712,218
00010250.jpg,337,184,418,266,712,218
00010251.jpg,337,184,418,266,712,218
00010252.jpg,337,184,418,266,712,218
00010253.jpg,337,184,418,266,712,218
00010254.jpg,336,184,417,266,712,218
00010255.jpg,336,184,417,266,712,218
00010256.jpg,336,185,417,267,712,218
00010257.jpg,336,185,417,267,712,218
00010258.jpg,336,185,417,267,712,218
00010259.jpg,336,185,417,267,712,218
00010260.jpg,335,184,416,266,712,218
00010261.jpg,335,184,416,266,712,218
00010262.jpg,335,184,416,266,712,218
00010263.jpg,335,184,416,266,712,218
00010264.jpg,335,184,416,266,712,218
00010265.jpg,335,184,416,266,712,218
00010266.jpg,335,184,416,266,712,218
00010267.jpg,334,183,415,265,-1,-1
00010268.jpg,334,183,415,265,-1,-1
00010269.jpg,333,182,414,264,-1,-1
00010270.jpg,332,182,413,264,-1,-1
00010271.jpg,331,182,412,264,-1,-1
00010272.jpg,331,182,412,264,-1,-1
00010273.jpg,331,181,412,263,-1,-1
00010274.jpg,330,181,411,263,-1,-1
00010275.jpg,330,181,411,263,-1,-1
00010276.jpg,330,180,411,262,-1,-1
00010277.jpg,329,180,410,262,-1,-1
00010278.jpg,329,180,410,262,-1,-1
00010279.jpg,329,180,410,262,-1,-1
00010280.jpg,329,180,410,262,-1,-1
00010281.jpg,329,181,410,263,-1,-1
00010282.jpg,329,181,410,263,-1,-1
00010283.jpg,329,181,410,263,-1,-1
00010284.jpg,329,181,410,263,-1,-1
00010285.jpg,330,181,411,263,-1,-1
00010286.jpg,330,181,411,263,-1,-1
00010287.jpg,330,181,411,263,-1,-1
00010288.jpg,330,181,411,263,-1,-1
00010289.jpg,330,181,411,263,-1,-1
00010290.jpg,331,181,412,263,-1,-1
00010291.jpg,331,181,412,263,-1,-1
00010292.jpg,331,181,412,263,-1,-1
00010293.jpg,331,181,412,263,-1,-1
00010294.jpg,331,181,412,263,-1,-1
00010295.jpg,330,181,411,263,-1,-1
00010296.jpg,330,181,411,263,-1,-1
00010297.jpg,325,183,401,262,248,245
00010298.jpg,325,183,401,262,248,245
00010299.jpg,325,183,401,262,248,245
00010300.jpg,324,184,400,263,248,245
00010301.jpg,324,184,400,263,248,245
00010302.jpg,324,184,400,263,248,245
00010303.jpg,323,184,399,263,248,245
00010304.jpg,323,184,399,263,248,245
00010305.jpg,323,184,399,263,248,245
00010306.jpg,323,184,399,263,248,245
00010307.jpg,323,184,399,263,248,245
00010308.jpg,322,184,398,263,248,245
00010309.jpg,323,184,399,263,248,245
00010310.jpg,323,184,399,263,248,245
00010311.jpg,323,184,399,263,248,245
00010312.jpg,323,184,399,263,248,245
00010313.jpg,324,184,400,263,248,245
00010314.jpg,324,184,400,263,248,245
00010315.jpg,324,184,400,263,248,245
00010316.jpg,324,185,400,264,248,245
00010317.jpg,325,185,401,264,249,244
00010318.jpg,325,185,401,264,250,244
00010319.jpg,325,184,401,263,250,244
00010320.jpg,326,184,402,263,250,244
00010321.jpg,326,184,402,263,-1,-1
00010322.jpg,326,183,402,262,-1,-1
00010323.jpg,327,183,403,262,-1,-1
00010324.jpg,327,184,403,263,-1,-1
00010325.jpg,329,183,405,262,-1,-1
00010326.jpg,330,183,406,262,-1,-1
00010327.jpg,329,182,405,261,704,220
00010328.jpg,329,182,405,261,704,220
00010329.jpg,329,182,405,261,704,220
00010330.jpg,327,181,403,260,704,220
00010331.jpg,329,182,405,261,704,220
00010332.jpg,328,181,404,260,704,220
00010333.jpg,328,181,404,260,704,220
00010334.jpg,328,181,404,260,704,220
00010335.jpg,328,181,404,260,704,220
00010336.jpg,328,181,404,260,704,220
00010337.jpg,328,181,404,260,704,220
00010338.jpg,328,181,404,260,704,220
00010339.jpg,326,181,402,260,704,220
00010340.jpg,327,181,403,260,704,220
00010341.jpg,327,180,403,259,704,219
00010342.jpg,327,180,403,259,703,218
00010343.jpg,327,180,403,259,703,218
00010344.jpg,327,180,403,259,701,218
00010345.jpg,327,180,403,259,696,215
00010346.jpg,325,182,401,261,698,214
00010347.jpg,325,182,401,261,-1,-1
00010348.jpg,325,183,401,262,-1,-1
00010349.jpg,325,182,401,261,-1,-1
00010350.jpg,325,181,401,260,-1,-1
00010351.jpg,325,181,401,260,-1,-1
00010352.jpg,328,179,404,258,-1,-1
00010353.jpg,329,180,405,259,-1,-1
00010354.jpg,330,181,406,260,-1,-1
00010355.jpg,331,182,407,261,-1,-1
00010356.jpg,333,183,409,262,433,366
00010357.jpg,335,184,411,263,423,363
00010358.jpg,335,191,410,275,408,358
00010359.jpg,335,191,410,275,402,358
00010360.jpg,348,203,418,284,402,358
00010361.jpg,348,203,418,284,397,358
00010362.jpg,349,206,419,287,393,359
00010363.jpg,350,209,420,290,390,359
00010364.jpg,358,220,427,298,384,360
00010365.jpg,358,220,427,298,384,360
00010366.jpg,359,221,428,299,384,360
00010367.jpg,360,221,429,299,384,360
00010368.jpg,361,221,430,299,383,360
00010369.jpg,361,221,430,299,385,360
00010370.jpg,367,226,439,297,390,360
00010371.jpg,367,226,439,297,390,360
00010372.jpg,367,226,439,297,390,360
00010373.jpg,368,227,440,298,390,360
00010374.jpg,369,228,441,299,390,360
00010375.jpg,369,228,441,299,390,360
00010376.jpg,370,229,442,300,390,360
00010377.jpg,370,229,442,300,390,360
00010378.jpg,370,230,442,301,390,360
00010379.jpg,370,230,442,301,390,360
00010380.jpg,369,229,441,300,390,360
00010381.jpg,369,229,441,300,390,360
00010382.jpg,368,228,440,299,390,360
00010383.jpg,367,226,439,297,412,361
00010384.jpg,366,225,438,296,422,366
00010385.jpg,365,224,437,295,423,369
00010386.jpg,362,219,432,298,427,366
00010387.jpg,362,219,432,298,437,365
00010388.jpg,353,209,427,293,442,365
00010389.jpg,352,207,426,283,443,365
00010390.jpg,352,207,426,283,701,216
00010391.jpg,350,205,424,281,701,216
00010392.jpg,348,202,422,278,701,216
00010393.jpg,345,200,419,276,701,216
00010394.jpg,343,198,417,274,701,216
00010395.jpg,341,196,415,272,701,216
00010396.jpg,338,194,412,270,700,219
00010397.jpg,336,193,410,269,698,220
00010398.jpg,335,192,409,268,698,221
00010399.jpg,333,191,407,267,698,221
00010400.jpg,332,190,406,266,693,219
00010401.jpg,331,189,405,265,695,217
00010402.jpg,330,189,404,265,694,217
00010403.jpg,329,188,403,264,694,217
00010404.jpg,328,187,402,263,694,217
00010405.jpg,328,187,402,263,694,217
00010406.jpg,328,186,402,262,694,217
00010407.jpg,327,186,401,262,690,217
00010408.jpg,327,185,401,261,690,218
00010409.jpg,327,185,401,261,690,218
00010410.jpg,326,184,400,260,690,218
00010411.jpg,326,184,400,260,690,218
00010412.jpg,325,183,399,259,690,218
00010413.jpg,325,183,399,259,690,218
00010414.jpg,325,183,399,259,691,219
00010415.jpg,324,182,398,258,693,218
00010416.jpg,324,182,398,258,693,219
00010417.jpg,324,182,398,258,695,219
00010418.jpg,323,181,397,257,696,217
00010419.jpg,321,183,395,259,696,217
00010420.jpg,321,183,395,259,696,217
00010421.jpg,315,181,392,256,696,217
00010422.jpg,315,181,392,256,696,217
00010423.jpg,315,181,392,256,697,217
00010424.jpg,315,181,392,256,702,213
00010425.jpg,315,181,392,256,705,213
00010426.jpg,315,181,392,256,706,213
00010427.jpg,315,181,392,256,709,213
00010428.jpg,315,181,392,256,712,213
00010429.jpg,315,181,392,256,713,213
00010430.jpg,315,181,392,256,715,213
