00010145.jpg,649,183,732,264,520,222
00010146.jpg,649,183,732,264,520,222
00010147.jpg,649,183,732,264,520,222
00010148.jpg,649,183,732,264,-1,-1
00010149.jpg,652,183,735,264,-1,-1
00010150.jpg,654,183,737,264,-1,-1
00010151.jpg,657,183,740,264,-1,-1
00010152.jpg,660,183,743,264,-1,-1
00010153.jpg,663,183,746,264,-1,-1
00010154.jpg,665,183,748,264,-1,-1
00010155.jpg,667,183,750,264,-1,-1
00010156.jpg,668,183,751,264,-1,-1
00010157.jpg,670,183,753,264,-1,-1
00010158.jpg,671,183,754,264,-1,-1
00010159.jpg,673,183,756,264,-1,-1
00010160.jpg,674,183,757,264,-1,-1
00010161.jpg,675,183,758,264,-1,-1
00010162.jpg,676,183,759,264,-1,-1
00010163.jpg,683,183,750,256,-1,-1
00010164.jpg,683,183,750,256,-1,-1
00010165.jpg,684,183,751,256,-1,-1
00010166.jpg,684,183,751,256,-1,-1
00010167.jpg,684,184,751,257,-1,-1
00010168.jpg,685,184,752,257,-1,-1
00010169.jpg,685,184,752,257,-1,-1
00010170.jpg,686,184,753,257,-1,-1
00010171.jpg,687,183,754,256,-1,-1
00010172.jpg,687,183,754,256,-1,-1
00010173.jpg,688,183,755,256,-1,-1
00010174.jpg,688,183,755,256,-1,-1
00010175.jpg,688,184,755,257,-1,-1
00010176.jpg,688,184,755,257,-1,-1
00010177.jpg,689,184,756,257,-1,-1
00010178.jpg,689,184,756,257,-1,-1
00010179.jpg,689,185,756,258,-1,-1
00010180.jpg,689,185,756,258,-1,-1
00010181.jpg,689,186,756,259,-1,-1
00010182.jpg,689,186,756,259,-1,-1
00010183.jpg,690,185,757,258,-1,-1
00010184.jpg,690,186,757,259,-1,-1
00010185.jpg,691,185,758,258,-1,-1
00010186.jpg,692,185,759,258,-1,-1
00010187.jpg,692,185,759,258,-1,-1
00010188.jpg,693,184,760,257,-1,-1
00010189.jpg,694,184,761,257,-1,-1
00010190.jpg,695,184,762,257,-1,-1
00010191.jpg,697,184,764,257,-1,-1
00010192.jpg,698,184,765,257,-1,-1
00010193.jpg,700,184,767,257,-1,-1
00010194.jpg,701,185,768,258,-1,-1
00010195.jpg,702,185,769,258,-1,-1
00010196.jpg,701,186,768,259,-1,-1
00010197.jpg,701,186,768,259,-1,-1
00010198.jpg,702,185,769,258,-1,-1
00010199.jpg,702,185,769,258,-1,-1
00010200.jpg,703,185,770,258,-1,-1
00010201.jpg,703,185,770,258,521,227
00010202.jpg,703,184,770,257,521,227
00010203.jpg,704,184,771,257,521,227
00010204.jpg,704,184,771,257,521,227
00010205.jpg,704,184,771,257,521,227
00010206.jpg,704,184,771,257,521,227
00010207.jpg,704,185,771,258,521,227
00010208.jpg,705,185,772,258,521,227
00010209.jpg,706,185,773,258,521,227
00010210.jpg,706,185,773,258,521,227
00010211.jpg,706,185,773,258,521,227
00010212.jpg,704,184,771,257,521,227
00010213.jpg,704,184,771,257,521,227
00010214.jpg,704,184,771,257,521,227
00010215.jpg,700,184,767,257,521,227
00010216.jpg,699,184,766,257,521,227
00010217.jpg,699,184,766,257,521,227
00010218.jpg,703,184,770,257,521,227
00010219.jpg,702,184,769,257,521,227
00010220.jpg,701,184,768,257,521,227
00010221.jpg,696,184,763,257,-1,-1
00010222.jpg,694,184,761,257,-1,-1
00010223.jpg,694,184,761,257,-1,-1
00010224.jpg,694,183,761,256,-1,-1
00010225.jpg,693,184,760,257,-1,-1
00010226.jpg,693,184,760,257,-1,-1
00010227.jpg,694,184,761,257,-1,-1
00010228.jpg,694,184,761,257,-1,-1
00010229.jpg,694,184,761,257,-1,-1
00010230.jpg,694,184,761,257,-1,-1
00010231.jpg,694,184,761,257,-1,-1
00010232.jpg,694,184,761,257,-1,-1
00010233.jpg,694,184,761,257,-1,-1
00010234.jpg,694,184,761,257,-1,-1
00010235.jpg,694,184,761,257,-1,-1
00010236.jpg,694,185,761,258,-1,-1
00010237.jpg,694,185,761,258,-1,-1
00010238.jpg,694,185,761,258,-1,-1
00010239.jpg,694,185,761,258,-1,-1
00010240.jpg,694,185,761,258,-1,-1
00010241.jpg,694,184,761,257,-1,-1
00010242.jpg,694,185,761,258,-1,-1
00010243.jpg,694,184,761,257,-1,-1
00010244.jpg,694,185,761,258,-1,-1
00010245.jpg,694,184,761,257,-1,-1
00010246.jpg,694,184,761,257,-1,-1
00010247.jpg,694,184,761,257,-1,-1
00010248.jpg,694,185,761,258,-1,-1
00010249.jpg,694,185,761,258,-1,-1
00010250.jpg,693,185,760,258,-1,-1
00010251.jpg,693,185,760,258,-1,-1
00010252.jpg,693,185,760,258,-1,-1
00010253.jpg,693,185,760,258,-1,-1
00010254.jpg,693,185,760,258,-1,-1
00010255.jpg,693,186,760,259,-1,-1
00010256.jpg,695,189,764,257,-1,-1
00010257.jpg,695,189,764,257,-1,-1
00010258.jpg,695,189,764,257,-1,-1
00010259.jpg,695,189,764,257,-1,-1
00010260.jpg,695,189,764,257,-1,-1
00010261.jpg,695,189,764,257,-1,-1
00010262.jpg,695,189,764,257,-1,-1
00010263.jpg,695,189,764,257,-1,-1
00010264.jpg,695,189,764,257,-1,-1
00010265.jpg,695,189,764,257,-1,-1
00010266.jpg,695,189,764,257,-1,-1
00010267.jpg,694,189,763,257,-1,-1
00010268.jpg,694,189,763,257,-1,-1
00010269.jpg,694,189,763,257,-1,-1
00010270.jpg,694,189,763,257,-1,-1
00010271.jpg,694,189,763,257,-1,-1
00010272.jpg,694,189,763,257,-1,-1
00010273.jpg,693,189,762,257,-1,-1
00010274.jpg,693,189,762,257,-1,-1
00010275.jpg,693,189,762,257,-1,-1
00010276.jpg,693,189,762,257,-1,-1
00010277.jpg,693,189,762,257,-1,-1
00010278.jpg,692,189,761,257,-1,-1
00010279.jpg,692,189,761,257,-1,-1
00010280.jpg,692,189,761,257,-1,-1
00010281.jpg,691,189,760,257,-1,-1
00010282.jpg,691,189,760,257,-1,-1
00010283.jpg,691,189,760,257,-1,-1
00010284.jpg,691,189,760,257,-1,-1
00010285.jpg,690,189,759,257,-1,-1
00010286.jpg,690,189,759,257,-1,-1
00010287.jpg,690,188,759,256,-1,-1
00010288.jpg,690,188,759,256,-1,-1
00010289.jpg,691,188,760,256,-1,-1
00010290.jpg,693,188,762,256,-1,-1
00010291.jpg,690,191,761,262,-1,-1
00010292.jpg,690,191,761,262,530,225
00010293.jpg,689,191,760,262,530,225
00010294.jpg,688,192,759,263,530,225
00010295.jpg,687,192,758,263,530,225
00010296.jpg,687,192,758,263,530,225
00010297.jpg,687,192,758,263,530,225
00010298.jpg,687,192,758,263,530,225
00010299.jpg,686,192,757,263,530,225
00010300.jpg,686,192,757,263,530,225
00010301.jpg,686,192,757,263,530,225
00010302.jpg,686,192,757,263,530,225
00010303.jpg,686,192,757,263,530,226
00010304.jpg,686,192,757,263,530,227
00010305.jpg,686,192,757,263,530,227
00010306.jpg,686,192,757,263,530,227
00010307.jpg,686,192,757,263,530,227
00010308.jpg,686,192,757,263,530,227
00010309.jpg,686,192,757,263,530,227
00010310.jpg,686,192,757,263,530,227
00010311.jpg,687,192,758,263,530,227
00010312.jpg,687,192,758,263,530,227
00010313.jpg,687,191,758,262,530,227
00010314.jpg,687,191,758,262,530,227
00010315.jpg,688,191,759,262,530,227
00010316.jpg,688,191,759,262,530,227
00010317.jpg,688,191,759,262,530,227
00010318.jpg,689,191,760,262,530,227
00010319.jpg,689,191,760,262,530,227
00010320.jpg,689,191,760,262,530,227
00010321.jpg,690,191,761,262,530,227
00010322.jpg,690,191,761,262,530,227
00010323.jpg,690,191,761,262,530,227
00010324.jpg,690,191,761,262,532,227
00010325.jpg,690,191,761,262,532,227
00010326.jpg,690,191,761,262,532,227
00010327.jpg,690,191,761,262,533,227
00010328.jpg,690,191,761,262,533,227
00010329.jpg,690,191,761,262,533,227
00010330.jpg,690,191,761,262,533,227
00010331.jpg,690,191,761,262,533,227
00010332.jpg,690,191,761,262,533,227
00010333.jpg,690,191,761,262,533,227
00010334.jpg,690,191,761,262,533,227
00010335.jpg,690,191,761,262,533,227
00010336.jpg,690,191,761,262,533,227
00010337.jpg,689,191,760,262,533,227
00010338.jpg,689,191,760,262,533,227
00010339.jpg,689,191,760,262,533,227
00010340.jpg,688,190,759,261,533,227
00010341.jpg,687,189,758,260,533,227
00010342.jpg,686,189,757,260,533,227
00010343.jpg,685,188,756,259,533,227
00010344.jpg,684,188,755,259,533,227
00010345.jpg,684,188,755,259,533,227
00010346.jpg,683,188,754,259,533,227
00010347.jpg,682,188,753,259,533,227
00010348.jpg,679,184,752,264,533,227
00010349.jpg,679,184,752,264,533,226
00010350.jpg,678,185,751,265,534,224
00010351.jpg,676,185,749,265,533,227
00010352.jpg,674,186,747,266,534,219
00010353.jpg,673,186,746,266,527,216
00010354.jpg,671,187,744,267,528,218
00010355.jpg,669,187,742,267,528,218
00010356.jpg,668,188,741,268,527,218
00010357.jpg,667,188,740,268,527,218
00010358.jpg,666,188,739,268,525,218
00010359.jpg,665,188,738,268,523,218
00010360.jpg,664,188,737,268,523,218
00010361.jpg,664,188,737,268,523,218
00010362.jpg,663,188,736,268,523,220
00010363.jpg,663,188,736,268,521,220
00010364.jpg,663,188,736,268,521,220
00010365.jpg,663,188,736,268,521,220
00010366.jpg,663,188,736,268,521,220
00010367.jpg,663,188,736,268,521,220
00010368.jpg,663,188,736,268,521,220
00010369.jpg,664,187,737,267,521,220
00010370.jpg,664,187,737,267,521,223
00010371.jpg,664,186,737,266,521,223
00010372.jpg,665,187,738,267,521,223
00010373.jpg,666,186,739,266,521,223
00010374.jpg,667,187,740,267,521,223
00010375.jpg,668,186,741,266,521,223
00010376.jpg,668,184,741,264,521,223
00010377.jpg,667,185,735,261,521,223
00010378.jpg,667,185,735,261,521,223
00010379.jpg,669,185,737,261,521,223
00010380.jpg,671,184,739,260,521,223
00010381.jpg,672,184,740,260,521,223
00010382.jpg,674,184,742,260,521,223
00010383.jpg,675,183,743,259,521,223
00010384.jpg,677,183,745,259,521,223
00010385.jpg,678,183,746,259,521,223
00010386.jpg,679,184,747,260,521,223
00010387.jpg,680,184,748,260,521,223
00010388.jpg,681,185,749,261,521,223
00010389.jpg,682,187,750,263,521,223
00010390.jpg,682,187,750,263,521,223
00010391.jpg,682,186,750,262,521,223
00010392.jpg,681,186,749,262,521,223
00010393.jpg,681,186,749,262,521,223
00010394.jpg,680,186,748,262,521,223
00010395.jpg,679,186,747,262,521,223
00010396.jpg,681,185,755,258,521,223
00010397.jpg,681,185,755,258,520,223
00010398.jpg,680,186,754,259,520,223
00010399.jpg,679,186,753,259,520,223
00010400.jpg,678,185,752,258,520,223
00010401.jpg,677,183,751,256,520,223
00010402.jpg,676,182,750,255,520,223
00010403.jpg,676,182,750,255,520,223
00010404.jpg,675,182,749,255,520,223
00010405.jpg,675,183,749,256,520,223
00010406.jpg,674,183,748,256,520,223
00010407.jpg,673,183,747,256,520,223
00010408.jpg,673,183,747,256,520,223
00010409.jpg,673,183,747,256,520,223
00010410.jpg,672,183,746,256,520,223
00010411.jpg,672,184,746,257,520,223
00010412.jpg,672,183,746,256,520,223
00010413.jpg,673,183,747,256,520,223
00010414.jpg,673,183,747,256,520,223
00010415.jpg,674,182,748,255,520,223
00010416.jpg,675,182,749,255,520,223
00010417.jpg,676,182,750,255,520,223
00010418.jpg,677,182,751,255,519,223
00010419.jpg,682,184,751,254,518,221
00010420.jpg,682,184,751,254,518,221
00010421.jpg,683,184,752,254,518,221
00010422.jpg,685,183,754,253,518,220
00010423.jpg,687,183,756,253,518,220
00010424.jpg,688,183,757,253,519,223
00010425.jpg,690,183,759,253,519,223
00010426.jpg,691,183,760,253,521,225
00010427.jpg,693,182,762,252,521,225
00010428.jpg,695,182,764,252,521,225
00010429.jpg,697,182,766,252,521,225
00010430.jpg,697,182,766,252,521,224
