00012153.jpg,157,37,474,355,516,188
00012154.jpg,157,34,477,359,522,188
00012155.jpg,161,39,466,355,513,190
00012156.jpg,166,38,466,350,501,199
00012157.jpg,166,38,466,350,495,198
00012158.jpg,166,38,466,350,484,207
00012159.jpg,165,40,465,352,486,204
00012160.jpg,162,41,462,353,481,209
00012161.jpg,156,39,456,351,474,202
00012162.jpg,154,42,454,354,468,200
00012163.jpg,157,48,457,360,435,202
00012164.jpg,159,53,459,365,424,200
00012165.jpg,159,53,459,365,423,199
00012166.jpg,157,51,457,363,420,192
00012167.jpg,150,46,450,358,416,190
00012168.jpg,136,39,436,351,410,186
00012169.jpg,129,39,429,351,406,191
00012170.jpg,120,41,420,353,407,188
00012171.jpg,109,41,409,353,410,187
00012172.jpg,99,41,399,353,411,180
00012173.jpg,87,45,387,357,418,177
00012174.jpg,82,50,382,362,418,169
00012175.jpg,73,53,373,365,413,169
00012176.jpg,59,52,359,364,414,173
00012177.jpg,45,48,345,360,406,170
00012178.jpg,21,45,321,357,395,169
00012179.jpg,12,45,312,357,411,344
00012180.jpg,9,43,309,355,395,363
00012181.jpg,6,20,293,361,394,361
00012182.jpg,0,19,291,364,392,342
00012183.jpg,0,19,291,364,391,252
00012184.jpg,0,21,291,366,381,218
00012185.jpg,0,23,291,368,375,210
00012186.jpg,2,19,228,387,359,183
00012187.jpg,2,19,228,387,352,173
00012188.jpg,5,25,176,374,352,167
00012189.jpg,5,25,176,374,355,162
00012190.jpg,3,25,174,374,353,158
00012191.jpg,2,26,173,375,353,156
00012192.jpg,0,27,171,376,356,156
