00015837.jpg,319,103,589,360,-1,-1
00015838.jpg,319,103,589,360,-1,-1
00015839.jpg,319,103,589,360,-1,-1
00015840.jpg,319,103,589,360,-1,-1
00015841.jpg,319,103,589,360,-1,-1
00015842.jpg,321,104,591,361,-1,-1
00015843.jpg,324,103,594,360,-1,-1
00015844.jpg,324,103,594,360,-1,-1
00015845.jpg,321,105,591,362,-1,-1
00015846.jpg,319,105,589,362,-1,-1
00015847.jpg,319,105,589,362,-1,-1
00015848.jpg,315,106,585,363,-1,-1
00015849.jpg,310,109,580,366,-1,-1
00015850.jpg,306,111,576,368,-1,-1
00015851.jpg,305,110,575,367,-1,-1
00015852.jpg,303,108,573,365,-1,-1
00015853.jpg,303,108,573,365,-1,-1
00015854.jpg,302,107,572,364,-1,-1
00015855.jpg,302,106,572,363,-1,-1
00015856.jpg,297,108,567,365,-1,-1
00015857.jpg,292,109,562,366,-1,-1
00015858.jpg,288,108,558,365,-1,-1
00015859.jpg,288,108,558,365,-1,-1
00015860.jpg,282,110,552,367,-1,-1
00015861.jpg,277,112,547,369,-1,-1
00015862.jpg,274,112,544,369,-1,-1
00015863.jpg,272,113,542,370,-1,-1
00015864.jpg,269,114,539,371,-1,-1
00015865.jpg,269,114,539,371,-1,-1
00015866.jpg,268,113,538,370,-1,-1
00015867.jpg,267,111,537,368,-1,-1
00015868.jpg,264,114,534,371,-1,-1
00015869.jpg,265,115,535,372,-1,-1
00015870.jpg,266,111,536,368,-1,-1
00015871.jpg,266,111,536,368,-1,-1
00015872.jpg,266,116,536,373,-1,-1
00015873.jpg,265,119,535,376,-1,-1
00015874.jpg,268,118,538,375,-1,-1
00015875.jpg,272,117,542,374,-1,-1
00015876.jpg,272,116,542,373,-1,-1
00015877.jpg,272,116,542,373,-1,-1
00015878.jpg,272,116,542,373,-1,-1
00015879.jpg,277,112,547,369,-1,-1
00015880.jpg,280,109,550,366,-1,-1
00015881.jpg,279,110,549,367,-1,-1
00015882.jpg,281,109,551,366,-1,-1
00015883.jpg,281,109,551,366,-1,-1
00015884.jpg,283,108,553,365,-1,-1
00015885.jpg,284,109,554,366,-1,-1
00015886.jpg,285,109,555,366,-1,-1
00015887.jpg,285,110,555,367,-1,-1
00015888.jpg,284,112,554,369,-1,-1
00015889.jpg,284,112,554,369,-1,-1
00015890.jpg,283,113,553,370,-1,-1
00015891.jpg,282,114,552,371,-1,-1
00015892.jpg,281,115,551,372,-1,-1
00015893.jpg,280,116,550,373,-1,-1
00015894.jpg,281,115,551,372,-1,-1
00015895.jpg,281,115,551,372,-1,-1
00015896.jpg,281,116,551,373,-1,-1
00015897.jpg,281,117,551,374,-1,-1
00015898.jpg,283,115,553,372,-1,-1
00015899.jpg,283,113,553,370,-1,-1
00015900.jpg,282,114,552,371,-1,-1
00015901.jpg,282,114,552,371,-1,-1
00015902.jpg,281,112,551,369,-1,-1
00015903.jpg,280,112,550,369,-1,-1
00015904.jpg,277,114,547,371,-1,-1
00015905.jpg,276,115,546,372,-1,-1
00015906.jpg,277,113,547,370,-1,-1
00015907.jpg,277,113,547,370,-1,-1
00015908.jpg,278,111,548,368,-1,-1
00015909.jpg,279,113,549,370,-1,-1
00015910.jpg,280,114,550,371,-1,-1
00015911.jpg,282,112,552,369,-1,-1
00015912.jpg,283,112,553,369,-1,-1
00015913.jpg,283,112,553,369,-1,-1
00015914.jpg,282,114,552,371,-1,-1
00015915.jpg,282,114,552,371,-1,-1
