00006960.jpg,707,312,773,381,-1,-1
00006961.jpg,707,312,773,381,-1,-1
00006962.jpg,707,312,773,381,-1,-1
00006963.jpg,707,312,773,381,-1,-1
00006964.jpg,707,312,773,381,-1,-1
00006965.jpg,707,312,773,381,-1,-1
00006966.jpg,707,312,773,381,-1,-1
00006967.jpg,708,312,774,381,-1,-1
00006968.jpg,708,312,774,381,-1,-1
00006969.jpg,708,312,774,381,-1,-1
00006970.jpg,708,312,774,381,-1,-1
00006971.jpg,708,312,774,381,-1,-1
00006972.jpg,708,312,774,381,-1,-1
00006973.jpg,708,312,774,381,-1,-1
00006974.jpg,709,312,775,381,-1,-1
00006975.jpg,709,312,775,381,-1,-1
00006976.jpg,709,312,775,381,-1,-1
00006977.jpg,709,312,775,381,-1,-1
00006978.jpg,709,312,775,381,-1,-1
00006979.jpg,710,312,776,381,-1,-1
00006980.jpg,710,312,776,381,-1,-1
00006981.jpg,710,312,776,381,-1,-1
00006982.jpg,710,312,776,381,-1,-1
00006983.jpg,710,312,776,381,-1,-1
00006984.jpg,710,312,776,381,-1,-1
00006985.jpg,711,312,777,381,-1,-1
00006986.jpg,711,312,777,381,-1,-1
00006987.jpg,711,312,777,381,-1,-1
00006988.jpg,711,312,777,381,-1,-1
00006989.jpg,712,312,778,381,-1,-1
00006990.jpg,712,312,778,381,-1,-1
00006991.jpg,712,312,778,381,-1,-1
00006992.jpg,712,312,778,381,-1,-1
00006993.jpg,712,312,778,381,-1,-1
00006994.jpg,712,312,778,381,-1,-1
00006995.jpg,713,312,779,381,-1,-1
00006996.jpg,713,312,779,381,-1,-1
00006997.jpg,713,312,779,381,-1,-1
00006998.jpg,713,312,779,381,-1,-1
00006999.jpg,713,312,779,381,-1,-1
00007000.jpg,713,312,779,381,-1,-1
00007001.jpg,713,312,779,381,-1,-1
00007002.jpg,714,312,780,381,-1,-1
00007003.jpg,714,312,780,381,-1,-1
00007004.jpg,714,312,780,381,854,425
00007005.jpg,714,312,780,381,854,425
00007006.jpg,714,312,780,381,854,425
00007007.jpg,714,312,780,381,854,425
00007008.jpg,714,312,780,381,854,425
00007009.jpg,714,312,780,381,849,416
00007010.jpg,714,312,780,381,850,411
00007011.jpg,714,312,780,381,850,408
00007012.jpg,714,312,780,381,848,395
00007013.jpg,714,312,780,381,875,285
00007014.jpg,714,312,780,381,875,284
00007015.jpg,715,312,781,381,875,284
00007016.jpg,715,312,781,381,875,285
00007017.jpg,715,312,781,381,873,285
00007018.jpg,715,313,781,382,873,287
00007019.jpg,715,313,781,382,873,286
00007020.jpg,715,313,781,382,873,285
00007021.jpg,715,313,781,382,872,285
00007022.jpg,715,313,781,382,871,285
00007023.jpg,715,313,781,382,871,285
00007024.jpg,715,313,781,382,873,285
00007025.jpg,715,313,781,382,873,285
00007026.jpg,716,313,782,382,873,285
00007027.jpg,716,313,782,382,873,285
00007028.jpg,716,313,782,382,873,285
00007029.jpg,716,313,782,382,873,285
00007030.jpg,716,313,782,382,873,285
00007031.jpg,716,313,782,382,873,285
00007032.jpg,716,313,782,382,874,285
00007033.jpg,716,313,782,382,874,285
00007034.jpg,716,313,782,382,874,285
00007035.jpg,716,313,782,382,-1,-1
00007036.jpg,716,313,782,382,-1,-1
00007037.jpg,716,313,782,382,-1,-1
00007038.jpg,716,314,782,383,-1,-1
00007039.jpg,716,314,782,383,-1,-1
00007040.jpg,716,314,782,383,-1,-1
00007041.jpg,716,314,782,383,-1,-1
00007042.jpg,716,314,782,383,-1,-1
00007043.jpg,717,313,783,382,-1,-1
00007044.jpg,717,314,783,383,-1,-1
00007045.jpg,717,314,783,383,-1,-1
00007046.jpg,717,314,783,383,-1,-1
00007047.jpg,717,314,783,383,-1,-1
00007048.jpg,717,314,783,383,-1,-1
00007049.jpg,717,314,783,383,-1,-1
00007050.jpg,717,314,783,383,-1,-1
00007051.jpg,717,314,783,383,-1,-1
00007052.jpg,717,314,783,383,-1,-1
00007053.jpg,717,314,783,383,-1,-1
00007054.jpg,717,314,783,383,-1,-1
00007055.jpg,717,314,783,383,-1,-1
00007056.jpg,717,314,783,383,-1,-1
