00019152.jpg,779,223,1196,660,-1,-1
00019153.jpg,779,223,1196,660,-1,-1
00019154.jpg,779,223,1196,660,-1,-1
00019155.jpg,779,223,1196,660,-1,-1
00019156.jpg,779,223,1196,660,-1,-1
00019157.jpg,779,222,1196,659,-1,-1
00019158.jpg,783,221,1200,658,-1,-1
00019159.jpg,788,219,1205,656,-1,-1
00019160.jpg,788,219,1205,656,-1,-1
00019161.jpg,795,216,1212,653,-1,-1
00019162.jpg,801,213,1218,650,-1,-1
00019163.jpg,808,210,1225,647,-1,-1
00019164.jpg,812,207,1229,644,-1,-1
00019165.jpg,812,207,1229,644,-1,-1
00019166.jpg,815,205,1232,642,-1,-1
00019167.jpg,817,203,1234,640,-1,-1
00019168.jpg,818,201,1235,638,-1,-1
00019169.jpg,818,199,1235,636,-1,-1
00019170.jpg,818,199,1235,636,-1,-1
00019171.jpg,817,198,1234,635,-1,-1
00019172.jpg,813,197,1230,634,-1,-1
00019173.jpg,809,197,1226,634,-1,-1
00019174.jpg,802,199,1219,636,-1,-1
00019175.jpg,802,199,1219,636,-1,-1
00019176.jpg,794,202,1211,639,-1,-1
00019177.jpg,789,205,1206,642,-1,-1
00019178.jpg,784,209,1201,646,-1,-1
00019179.jpg,780,211,1197,648,-1,-1
00019180.jpg,780,211,1197,648,-1,-1
00019181.jpg,780,211,1197,648,-1,-1
