00000001.jpg,234,55,443,244,-1,-1
00000002.jpg,234,55,443,244,-1,-1
00000003.jpg,234,55,443,244,-1,-1
00000004.jpg,234,55,443,244,-1,-1
00000005.jpg,234,56,443,245,-1,-1
00000006.jpg,234,56,443,245,-1,-1
00000007.jpg,234,56,443,245,-1,-1
00000008.jpg,234,56,443,245,-1,-1
00000009.jpg,234,55,443,244,-1,-1
00000010.jpg,234,55,443,244,-1,-1
00000011.jpg,234,55,443,244,-1,-1
00000012.jpg,234,55,443,244,-1,-1
00000013.jpg,234,55,443,244,-1,-1
00000014.jpg,260,62,469,251,-1,-1
00000015.jpg,261,62,470,251,-1,-1
00000016.jpg,262,63,471,252,-1,-1
00000017.jpg,262,63,471,252,-1,-1
00000018.jpg,262,63,471,252,-1,-1
00000019.jpg,263,63,472,252,-1,-1
00000020.jpg,263,63,472,252,-1,-1
00000021.jpg,264,63,473,252,-1,-1
00000022.jpg,266,63,475,252,-1,-1
00000023.jpg,267,65,476,254,-1,-1
00000024.jpg,267,66,476,255,-1,-1
00000025.jpg,267,65,476,254,-1,-1
00000026.jpg,267,65,476,254,-1,-1
00000027.jpg,267,65,476,254,-1,-1
00000028.jpg,267,64,476,253,-1,-1
00000029.jpg,267,65,476,254,-1,-1
00000030.jpg,268,65,477,254,-1,-1
00000031.jpg,268,65,477,254,-1,-1
00000032.jpg,268,65,477,254,-1,-1
00000033.jpg,268,64,477,253,-1,-1
00000034.jpg,273,64,482,253,-1,-1
00000035.jpg,273,63,482,252,-1,-1
00000036.jpg,274,63,483,252,-1,-1
00000037.jpg,274,63,483,252,-1,-1
00000038.jpg,280,66,489,255,-1,-1
00000039.jpg,280,66,489,255,-1,-1
00000040.jpg,280,67,489,256,-1,-1
00000041.jpg,280,67,489,256,-1,-1
00000042.jpg,280,68,489,257,-1,-1
00000043.jpg,280,68,489,257,-1,-1
00000044.jpg,280,68,489,257,-1,-1
00000045.jpg,279,67,488,256,-1,-1
00000046.jpg,279,67,488,256,-1,-1
00000047.jpg,280,68,489,257,-1,-1
00000048.jpg,280,67,489,256,-1,-1
00000049.jpg,280,67,489,256,-1,-1
00000050.jpg,280,67,489,256,-1,-1
00000051.jpg,280,67,489,256,-1,-1
00000052.jpg,280,67,489,256,-1,-1
00000053.jpg,280,67,489,256,-1,-1
00000054.jpg,281,67,490,256,542,429
00000055.jpg,281,67,490,256,542,429
00000056.jpg,280,67,489,256,540,425
00000057.jpg,292,70,501,259,539,425
00000058.jpg,292,70,501,259,539,425
00000059.jpg,291,68,500,257,539,425
00000060.jpg,292,69,501,258,539,425
00000061.jpg,292,69,501,258,539,422
00000062.jpg,292,69,501,258,540,421
00000063.jpg,292,70,501,259,541,420
00000064.jpg,292,70,501,259,541,420
00000065.jpg,292,70,501,259,541,420
00000066.jpg,292,70,501,259,546,421
00000067.jpg,292,70,501,259,546,421
00000068.jpg,292,70,501,259,546,423
00000069.jpg,292,71,501,260,546,423
00000070.jpg,292,71,501,260,546,423
00000071.jpg,292,71,501,260,548,422
00000072.jpg,292,71,501,260,548,422
00000073.jpg,292,71,501,260,548,422
00000074.jpg,292,71,501,260,548,421
00000075.jpg,292,71,501,260,548,421
00000076.jpg,292,71,501,260,548,421
00000077.jpg,292,71,501,260,548,421
00000078.jpg,292,71,501,260,548,421
00000079.jpg,292,72,501,261,548,421
00000080.jpg,292,72,501,261,548,421
00000081.jpg,292,72,501,261,548,421
00000082.jpg,292,72,501,261,548,421
00000083.jpg,292,72,501,261,548,421
00000084.jpg,292,72,501,261,548,421
00000085.jpg,292,72,501,261,548,421
00000086.jpg,292,72,501,261,548,421
00000087.jpg,292,72,501,261,548,421
00000088.jpg,292,72,501,261,548,421
00000089.jpg,292,71,501,260,548,421
00000090.jpg,292,71,501,260,548,421
00000091.jpg,292,71,501,260,548,421
00000092.jpg,292,71,501,260,548,421
00000093.jpg,292,71,501,260,548,421
00000094.jpg,292,71,501,260,548,421
00000095.jpg,292,71,501,260,548,421
00000096.jpg,292,71,501,260,548,421
00000097.jpg,292,71,501,260,548,421
00000098.jpg,292,71,501,260,548,421
00000099.jpg,292,70,501,259,548,421
00000100.jpg,292,70,501,259,548,421
00000101.jpg,292,70,501,259,548,421
00000102.jpg,292,70,501,259,548,421
00000103.jpg,292,70,501,259,548,421
00000104.jpg,292,70,501,259,-1,-1
00000105.jpg,292,69,501,258,-1,-1
00000106.jpg,292,68,501,257,-1,-1
00000107.jpg,292,68,501,257,-1,-1
00000108.jpg,292,67,501,256,-1,-1
00000109.jpg,292,67,501,256,-1,-1
00000110.jpg,291,66,500,255,-1,-1
00000111.jpg,286,65,495,254,-1,-1
00000112.jpg,279,63,488,252,-1,-1
00000113.jpg,279,63,488,252,-1,-1
00000114.jpg,279,63,488,252,-1,-1
00000115.jpg,273,62,482,251,-1,-1
00000116.jpg,273,62,482,251,-1,-1
00000117.jpg,273,62,482,251,-1,-1
00000118.jpg,267,61,476,250,-1,-1
00000119.jpg,267,61,476,250,-1,-1
00000120.jpg,267,61,476,250,-1,-1
00000121.jpg,267,60,476,249,-1,-1
00000122.jpg,267,60,476,249,-1,-1
00000123.jpg,267,61,476,250,-1,-1
00000124.jpg,274,63,483,252,-1,-1
00000125.jpg,274,63,483,252,-1,-1
00000126.jpg,274,63,483,252,-1,-1
00000127.jpg,274,63,483,252,-1,-1
00000128.jpg,275,63,484,252,-1,-1
00000129.jpg,275,63,484,252,-1,-1
00000130.jpg,276,64,485,253,-1,-1
00000131.jpg,279,64,488,253,-1,-1
00000132.jpg,279,64,488,253,-1,-1
00000133.jpg,278,64,487,253,-1,-1
00000134.jpg,278,64,487,253,-1,-1
00000135.jpg,278,64,487,253,-1,-1
00000136.jpg,278,64,487,253,-1,-1
00000137.jpg,278,64,487,253,-1,-1
00000138.jpg,278,64,487,253,-1,-1
00000139.jpg,278,64,487,253,-1,-1
00000140.jpg,278,64,487,253,-1,-1
00000141.jpg,278,64,487,253,-1,-1
00000142.jpg,278,64,487,253,-1,-1
00000143.jpg,278,64,487,253,-1,-1
00000144.jpg,278,64,487,253,-1,-1
00000145.jpg,278,64,487,253,-1,-1
00000146.jpg,278,64,487,253,-1,-1
00000147.jpg,278,64,487,253,-1,-1
00000148.jpg,278,64,487,253,-1,-1
00000149.jpg,278,64,487,253,-1,-1
00000150.jpg,278,63,487,252,-1,-1
00000151.jpg,278,63,487,252,-1,-1
00000152.jpg,279,63,488,252,-1,-1
00000153.jpg,279,62,488,251,-1,-1
00000154.jpg,279,63,488,252,-1,-1
00000155.jpg,285,65,494,254,-1,-1
00000156.jpg,285,65,494,254,-1,-1
00000157.jpg,291,67,500,256,-1,-1
00000158.jpg,291,67,500,256,1044,261
00000159.jpg,291,68,500,257,1044,261
00000160.jpg,291,69,500,258,1044,261
00000161.jpg,291,70,500,259,1044,261
00000162.jpg,298,71,507,260,1044,261
00000163.jpg,298,71,507,260,1044,261
00000164.jpg,298,71,507,260,1044,261
00000165.jpg,298,71,507,260,1043,258
00000166.jpg,298,71,507,260,1043,258
00000167.jpg,298,71,507,260,1043,258
00000168.jpg,298,71,507,260,1043,258
00000169.jpg,291,70,500,259,1043,258
00000170.jpg,299,71,508,260,1043,258
00000171.jpg,299,71,508,260,1043,258
00000172.jpg,299,71,508,260,1043,258
00000173.jpg,299,71,508,260,1043,258
00000174.jpg,299,70,508,259,1043,258
00000175.jpg,298,71,507,260,-1,-1
00000176.jpg,298,71,507,260,-1,-1
00000177.jpg,291,70,500,259,-1,-1
00000178.jpg,291,71,500,260,547,434
00000179.jpg,291,71,500,260,547,434
00000180.jpg,291,71,500,260,547,434
00000181.jpg,291,71,500,260,547,434
00000182.jpg,291,71,500,260,547,432
00000183.jpg,291,71,500,260,547,432
00000184.jpg,291,71,500,260,547,430
00000185.jpg,291,71,500,260,547,430
00000186.jpg,291,70,500,259,546,427
00000187.jpg,292,69,501,258,546,427
00000188.jpg,291,68,500,257,545,427
00000189.jpg,291,67,500,256,546,423
00000190.jpg,291,67,500,256,546,423
00000191.jpg,291,68,500,257,546,423
00000192.jpg,291,68,500,257,546,423
00000193.jpg,291,69,500,258,546,423
00000194.jpg,291,69,500,258,546,422
00000195.jpg,291,69,500,258,546,421
00000196.jpg,291,70,500,259,546,421
00000197.jpg,291,70,500,259,546,421
00000198.jpg,291,70,500,259,546,421
00000199.jpg,291,70,500,259,546,421
00000200.jpg,291,70,500,259,546,421
00000201.jpg,291,70,500,259,546,421
00000202.jpg,291,70,500,259,546,421
00000203.jpg,291,70,500,259,546,421
00000204.jpg,291,69,500,258,546,421
00000205.jpg,291,69,500,258,546,421
00000206.jpg,291,69,500,258,546,421
