00000001.jpg,999,217,1169,391,1114,554
00000002.jpg,999,217,1169,391,1114,554
00000003.jpg,999,217,1169,391,1114,554
00000004.jpg,999,217,1169,391,1114,554
00000005.jpg,999,218,1169,392,1114,554
00000006.jpg,999,219,1169,393,1114,554
00000007.jpg,999,220,1169,394,1114,554
00000008.jpg,999,221,1169,395,1114,554
00000009.jpg,999,221,1169,395,1114,554
00000010.jpg,999,222,1169,396,1114,554
00000011.jpg,999,222,1169,396,1114,554
00000012.jpg,999,223,1169,397,1114,554
00000013.jpg,998,224,1168,398,1114,554
00000014.jpg,998,224,1168,398,1114,554
00000015.jpg,998,225,1168,399,1114,554
00000016.jpg,998,225,1168,399,1114,554
00000017.jpg,998,225,1168,399,1114,554
00000018.jpg,998,225,1168,399,1114,554
00000019.jpg,998,225,1168,399,1114,554
00000020.jpg,998,225,1168,399,1114,554
00000021.jpg,999,225,1169,399,1114,554
00000022.jpg,999,225,1169,399,1114,554
00000023.jpg,999,225,1169,399,1114,554
00000024.jpg,999,225,1169,399,1114,554
00000025.jpg,999,226,1169,400,1114,554
00000026.jpg,999,226,1169,400,1114,554
00000027.jpg,999,226,1169,400,1114,554
00000028.jpg,1000,225,1170,399,1114,554
00000029.jpg,1000,225,1170,399,1114,554
00000030.jpg,1000,225,1170,399,1114,554
00000031.jpg,1000,226,1170,400,1114,554
00000032.jpg,1000,226,1170,400,1114,554
00000033.jpg,1000,226,1170,400,1114,554
00000034.jpg,999,226,1169,400,1114,554
00000035.jpg,999,226,1169,400,1114,554
00000036.jpg,999,226,1169,400,1114,554
00000037.jpg,999,226,1169,400,1114,554
00000038.jpg,999,225,1169,399,1114,554
00000039.jpg,999,225,1169,399,1114,554
00000040.jpg,999,225,1169,399,1114,554
00000041.jpg,999,225,1169,399,1114,554
00000042.jpg,999,225,1169,399,1114,554
00000043.jpg,999,225,1169,399,1114,554
00000044.jpg,999,225,1169,399,1114,554
00000045.jpg,999,224,1169,398,1114,554
00000046.jpg,999,224,1169,398,1114,554
00000047.jpg,999,224,1169,398,1114,554
00000048.jpg,999,223,1169,397,1114,554
00000049.jpg,999,223,1169,397,1114,554
00000050.jpg,999,224,1169,398,1114,554
00000051.jpg,999,224,1169,398,1114,554
00000052.jpg,999,224,1169,398,1114,554
00000053.jpg,999,224,1169,398,1114,554
00000054.jpg,1000,224,1170,398,1114,554
00000055.jpg,1000,223,1170,397,1114,554
00000056.jpg,999,223,1169,397,1114,554
00000057.jpg,999,223,1169,397,1114,554
00000058.jpg,999,223,1169,397,1114,554
00000059.jpg,999,223,1169,397,1114,554
00000060.jpg,999,223,1169,397,1114,554
00000061.jpg,999,223,1169,397,1114,554
00000062.jpg,999,223,1169,397,1114,554
00000063.jpg,999,223,1169,397,1114,554
00000064.jpg,999,223,1169,397,1114,554
00000065.jpg,999,223,1169,397,1114,554
00000066.jpg,999,223,1169,397,1114,554
00000067.jpg,999,223,1169,397,1114,554
00000068.jpg,999,223,1169,397,1114,554
00000069.jpg,999,223,1169,397,1114,554
00000070.jpg,999,223,1169,397,1114,554
00000071.jpg,999,223,1169,397,1114,554
00000072.jpg,999,223,1169,397,1114,554
00000073.jpg,999,223,1169,397,1114,554
00000074.jpg,999,223,1169,397,1114,554
00000075.jpg,999,223,1169,397,1114,554
00000076.jpg,999,223,1169,397,1114,554
00000077.jpg,999,223,1169,397,1114,554
00000078.jpg,999,223,1169,397,1114,554
00000079.jpg,999,223,1169,397,1114,554
00000080.jpg,999,223,1169,397,1114,554
00000081.jpg,999,223,1169,397,1114,554
00000082.jpg,999,223,1169,397,1114,554
00000083.jpg,999,223,1169,397,1114,554
00000084.jpg,999,223,1169,397,1114,554
00000085.jpg,999,223,1169,397,1114,554
00000086.jpg,999,223,1169,397,1114,554
00000087.jpg,999,223,1169,397,1114,554
00000088.jpg,999,223,1169,397,1114,554
00000089.jpg,999,223,1169,397,1114,554
00000090.jpg,999,223,1169,397,1114,554
00000091.jpg,999,223,1169,397,1114,554
00000092.jpg,999,223,1169,397,1114,554
00000093.jpg,999,223,1169,397,1114,554
00000094.jpg,999,223,1169,397,1114,554
00000095.jpg,999,223,1169,397,1114,554
00000096.jpg,999,223,1169,397,1114,554
00000097.jpg,999,223,1169,397,1114,554
00000098.jpg,1000,222,1170,396,1114,554
00000099.jpg,1000,222,1170,396,1114,554
00000100.jpg,1000,222,1170,396,1114,554
00000101.jpg,1000,222,1170,396,1114,554
00000102.jpg,1000,222,1170,396,1114,554
00000103.jpg,1000,222,1170,396,1114,554
00000104.jpg,1000,221,1170,395,1114,554
00000105.jpg,1000,219,1170,393,1114,554
00000106.jpg,1001,218,1171,392,1114,554
00000107.jpg,1002,216,1172,390,-1,-1
00000108.jpg,1002,215,1172,389,-1,-1
00000109.jpg,1002,214,1172,388,-1,-1
00000110.jpg,1002,213,1172,387,-1,-1
00000111.jpg,1002,212,1172,386,-1,-1
00000112.jpg,1003,211,1173,385,433,146
00000113.jpg,1003,210,1173,384,431,136
00000114.jpg,1004,209,1174,383,428,135
00000115.jpg,1005,207,1175,381,421,131
00000116.jpg,1005,206,1175,380,420,131
00000117.jpg,1005,206,1175,380,417,130
00000118.jpg,1006,205,1176,379,416,128
00000119.jpg,1006,204,1176,378,416,128
00000120.jpg,1007,204,1177,378,416,129
00000121.jpg,1008,203,1178,377,416,129
00000122.jpg,1008,202,1178,376,416,129
00000123.jpg,1009,201,1179,375,416,129
00000124.jpg,1010,200,1180,374,419,129
00000125.jpg,1010,199,1180,373,421,131
00000126.jpg,1011,198,1181,372,421,128
00000127.jpg,1011,197,1181,371,421,130
00000128.jpg,1011,196,1181,370,422,131
00000129.jpg,1011,195,1181,369,424,130
00000130.jpg,1011,194,1181,368,424,130
00000131.jpg,1011,193,1181,367,424,130
00000132.jpg,1011,193,1181,367,424,130
00000133.jpg,1011,192,1181,366,424,130
00000134.jpg,1010,191,1180,365,424,130
00000135.jpg,1010,190,1180,364,424,130
00000136.jpg,1010,189,1180,363,424,130
00000137.jpg,1010,188,1180,362,424,130
00000138.jpg,1009,188,1179,362,424,130
00000139.jpg,1009,187,1179,361,424,130
00000140.jpg,1009,186,1179,360,424,130
00000141.jpg,1009,185,1179,359,424,130
00000142.jpg,1009,185,1179,359,424,130
00000143.jpg,1009,184,1179,358,424,130
00000144.jpg,1009,184,1179,358,424,130
00000145.jpg,1009,183,1179,357,425,130
00000146.jpg,1008,183,1178,357,425,130
00000147.jpg,1009,182,1179,356,425,130
00000148.jpg,1008,182,1178,356,425,130
00000149.jpg,1008,182,1178,356,425,131
00000150.jpg,1008,181,1178,355,429,135
00000151.jpg,1008,181,1178,355,428,133
00000152.jpg,1008,181,1178,355,429,134
00000153.jpg,1008,180,1178,354,430,135
00000154.jpg,1008,180,1178,354,432,135
00000155.jpg,1008,180,1178,354,436,136
00000156.jpg,1007,180,1177,354,439,138
00000157.jpg,1007,179,1177,353,439,139
00000158.jpg,1007,179,1177,353,443,141
00000159.jpg,1007,179,1177,353,444,142
00000160.jpg,1007,179,1177,353,445,142
00000161.jpg,1007,178,1177,352,447,138
00000162.jpg,1007,178,1177,352,448,138
00000163.jpg,1007,178,1177,352,448,138
00000164.jpg,1007,178,1177,352,448,139
00000165.jpg,1007,178,1177,352,452,139
00000166.jpg,1006,178,1176,352,452,141
00000167.jpg,1006,178,1176,352,452,141
00000168.jpg,1006,178,1176,352,452,141
00000169.jpg,1006,178,1176,352,452,141
00000170.jpg,1006,177,1176,351,452,141
00000171.jpg,1006,177,1176,351,452,141
00000172.jpg,1006,177,1176,351,452,142
00000173.jpg,1006,176,1176,350,452,144
00000174.jpg,1006,176,1176,350,452,144
00000175.jpg,1005,177,1175,351,452,144
00000176.jpg,1006,176,1176,350,452,149
00000177.jpg,1005,177,1175,351,452,152
00000178.jpg,1005,177,1175,351,452,160
00000179.jpg,1005,177,1175,351,453,166
00000180.jpg,1005,177,1175,351,453,172
00000181.jpg,1004,176,1174,350,453,174
00000182.jpg,1002,175,1172,349,-1,-1
00000183.jpg,1000,172,1170,346,-1,-1
00000184.jpg,998,169,1168,343,-1,-1
00000185.jpg,997,165,1167,339,-1,-1
00000186.jpg,995,162,1165,336,-1,-1
00000187.jpg,993,160,1163,334,-1,-1
00000188.jpg,990,159,1160,333,-1,-1
00000189.jpg,987,158,1157,332,-1,-1
00000190.jpg,986,157,1156,331,-1,-1
00000191.jpg,985,156,1155,330,-1,-1
00000192.jpg,984,155,1154,329,-1,-1
00000193.jpg,982,155,1152,329,-1,-1
00000194.jpg,981,155,1151,329,-1,-1
00000195.jpg,980,154,1150,328,-1,-1
00000196.jpg,979,154,1149,328,-1,-1
00000197.jpg,979,153,1149,327,-1,-1
00000198.jpg,979,153,1149,327,-1,-1
00000199.jpg,978,153,1148,327,-1,-1
00000200.jpg,978,153,1148,327,1167,481
00000201.jpg,977,153,1147,327,1167,481
00000202.jpg,977,152,1147,326,1167,481
00000203.jpg,977,152,1147,326,1167,481
00000204.jpg,976,152,1146,326,1167,481
00000205.jpg,976,152,1146,326,1167,481
00000206.jpg,976,152,1146,326,1166,480
