00015794.jpg,0,0,599,433,-1,-1
00015795.jpg,0,0,599,433,-1,-1
00015796.jpg,0,0,599,433,-1,-1
00015797.jpg,0,0,599,433,-1,-1
00015798.jpg,0,0,602,433,-1,-1
00015799.jpg,0,0,602,431,-1,-1
00015800.jpg,0,0,601,431,-1,-1
00015801.jpg,0,0,600,431,-1,-1
00015802.jpg,0,0,597,431,-1,-1
00015803.jpg,0,0,594,431,-1,-1
00015804.jpg,0,0,593,431,-1,-1
00015805.jpg,0,0,593,431,-1,-1
00015806.jpg,0,0,593,431,-1,-1
00015807.jpg,0,0,593,431,-1,-1
00015808.jpg,0,0,593,431,-1,-1
00015809.jpg,0,0,593,431,-1,-1
00015810.jpg,0,0,593,431,-1,-1
00015811.jpg,0,0,593,431,-1,-1
00015812.jpg,0,0,593,431,-1,-1
00015813.jpg,0,0,593,431,-1,-1
00015814.jpg,0,0,593,431,-1,-1
00015815.jpg,0,0,593,431,-1,-1
00015816.jpg,0,0,593,431,-1,-1
00015817.jpg,0,0,593,432,-1,-1
00015818.jpg,0,0,593,434,-1,-1
00015819.jpg,0,0,593,440,-1,-1
00015820.jpg,0,0,593,450,-1,-1
00015821.jpg,0,0,593,450,-1,-1
00015822.jpg,0,0,599,455,-1,-1
00015823.jpg,0,0,604,457,-1,-1
00015824.jpg,0,0,605,457,-1,-1
00015825.jpg,0,0,605,456,-1,-1
00015826.jpg,0,0,605,456,-1,-1
00015827.jpg,0,0,605,455,-1,-1
00015828.jpg,0,0,605,457,-1,-1
00015829.jpg,0,0,608,461,-1,-1
00015830.jpg,0,0,612,465,-1,-1
00015831.jpg,0,0,612,465,-1,-1
00015832.jpg,0,0,617,466,-1,-1
00015833.jpg,0,0,620,464,1352,320
00015834.jpg,0,0,621,461,1349,317
00015835.jpg,0,0,621,458,1349,317
00015836.jpg,0,0,621,458,1348,317
00015837.jpg,0,0,623,457,1346,320
00015838.jpg,0,0,626,458,1342,317
00015839.jpg,0,0,631,461,1337,318
00015840.jpg,0,0,636,463,1352,317
00015841.jpg,0,0,636,463,1350,317
00015842.jpg,0,0,639,463,1350,317
00015843.jpg,0,0,638,461,1353,317
00015844.jpg,0,0,637,455,1349,317
00015845.jpg,0,0,636,451,1350,318
00015846.jpg,0,0,636,451,1352,318
00015847.jpg,0,0,636,449,1354,318
00015848.jpg,0,0,637,448,1350,318
00015849.jpg,0,0,638,449,1350,320
00015850.jpg,0,0,640,451,1350,320
00015851.jpg,0,0,640,450,1350,320
00015852.jpg,0,0,640,450,1350,320
00015853.jpg,0,0,640,450,1350,320
00015854.jpg,0,0,641,449,1350,320
00015855.jpg,0,0,641,449,1352,321
