00058169.jpg,824,91,1034,309,709,491
00058170.jpg,824,91,1034,309,709,491
00058171.jpg,815,92,1029,315,709,491
00058172.jpg,815,92,1029,315,709,491
00058173.jpg,812,93,1026,316,709,491
00058174.jpg,809,94,1023,317,709,492
00058175.jpg,806,95,1020,318,709,494
00058176.jpg,802,95,1016,318,709,494
00058177.jpg,800,96,1014,319,709,494
00058178.jpg,797,97,1011,320,709,494
00058179.jpg,795,98,1009,321,709,494
00058180.jpg,794,98,1008,321,709,494
00058181.jpg,793,99,1007,322,709,494
00058182.jpg,793,99,1007,322,449,292
00058183.jpg,794,99,1008,322,447,289
00058184.jpg,796,98,1010,321,439,285
00058185.jpg,799,98,1013,321,421,285
00058186.jpg,804,98,1018,321,410,288
00058187.jpg,810,98,1024,321,410,288
00058188.jpg,817,97,1031,320,409,289
00058189.jpg,825,96,1039,319,397,304
00058190.jpg,834,95,1048,318,407,328
00058191.jpg,843,93,1057,316,429,347
00058192.jpg,852,92,1066,315,446,368
00058193.jpg,860,91,1074,314,-1,-1
00058194.jpg,868,90,1082,313,-1,-1
00058195.jpg,876,89,1090,312,-1,-1
00058196.jpg,884,88,1098,311,736,491
00058197.jpg,892,87,1106,310,736,491
00058198.jpg,891,88,1087,310,736,491
00058199.jpg,891,88,1087,310,736,491
00058200.jpg,891,88,1087,310,736,491
