00068352.jpg,565,148,694,284,372,82
00068353.jpg,565,148,694,284,372,82
00068354.jpg,565,148,694,284,372,82
00068355.jpg,565,148,694,284,372,82
00068356.jpg,565,148,694,284,372,80
00068357.jpg,565,148,694,284,366,80
00068358.jpg,565,147,694,283,360,79
00068359.jpg,565,147,694,283,368,80
00068360.jpg,566,148,695,284,366,80
00068361.jpg,567,147,696,283,363,79
00068362.jpg,569,147,698,283,424,242
00068363.jpg,569,148,698,284,426,245
00068364.jpg,570,148,699,284,428,244
00068365.jpg,570,148,699,284,431,242
00068366.jpg,569,147,698,283,434,240
00068367.jpg,568,146,697,282,432,241
00068368.jpg,568,146,697,282,432,239
00068369.jpg,567,144,696,280,435,239
00068370.jpg,567,143,696,279,436,238
00068371.jpg,566,141,695,277,437,239
00068372.jpg,565,138,694,274,437,239
00068373.jpg,564,135,693,271,437,239
00068374.jpg,563,132,692,268,437,239
00068375.jpg,560,128,689,264,437,239
00068376.jpg,554,123,683,259,437,238
00068377.jpg,552,121,681,257,438,238
00068378.jpg,549,119,678,255,439,236
00068379.jpg,544,117,673,253,440,235
00068380.jpg,542,117,671,253,440,234
00068381.jpg,539,116,668,252,440,234
00068382.jpg,536,115,665,251,440,233
00068383.jpg,535,115,664,251,440,232
00068384.jpg,535,116,664,252,440,232
00068385.jpg,536,121,665,257,440,232
00068386.jpg,536,125,665,261,440,232
00068387.jpg,536,130,665,266,440,232
00068388.jpg,537,134,666,270,440,232
00068389.jpg,536,134,665,270,440,232
00068390.jpg,535,132,664,268,440,232
00068391.jpg,532,127,661,263,440,232
00068392.jpg,531,123,660,259,440,232
00068393.jpg,531,121,660,257,439,233
00068394.jpg,528,118,654,252,439,233
00068395.jpg,528,118,654,252,439,233
00068396.jpg,527,118,653,252,437,233
00068397.jpg,525,118,651,252,436,233
00068398.jpg,524,118,650,252,434,233
00068399.jpg,523,118,649,252,433,233
00068400.jpg,521,119,647,253,432,233
00068401.jpg,519,128,643,262,431,233
00068402.jpg,519,128,643,262,427,233
00068403.jpg,519,132,643,266,425,233
00068404.jpg,518,137,642,271,422,233
00068405.jpg,518,139,642,273,421,233
00068406.jpg,519,140,643,274,421,233
00068407.jpg,519,140,643,274,421,233
00068408.jpg,519,140,643,274,420,233
00068409.jpg,517,140,641,274,420,233
00068410.jpg,519,136,645,273,419,233
00068411.jpg,519,136,645,273,419,233
00068412.jpg,518,135,644,272,418,233
00068413.jpg,516,134,642,271,418,233
00068414.jpg,513,134,639,271,418,233
00068415.jpg,512,134,638,271,418,233
00068416.jpg,510,134,636,271,417,233
00068417.jpg,509,133,635,270,417,233
00068418.jpg,508,133,634,270,417,233
00068419.jpg,508,134,634,271,397,234
00068420.jpg,510,134,636,271,403,240
00068421.jpg,511,134,637,271,402,246
00068422.jpg,511,135,629,264,408,258
00068423.jpg,511,135,629,264,412,270
00068424.jpg,512,135,630,264,416,277
00068425.jpg,512,135,630,264,421,291
00068426.jpg,512,136,630,265,427,296
00068427.jpg,512,138,630,267,428,302
00068428.jpg,512,140,630,269,421,313
00068429.jpg,511,141,629,270,431,314
00068430.jpg,512,153,632,283,444,326
00068431.jpg,512,153,632,283,448,330
00068432.jpg,512,154,632,284,451,338
00068433.jpg,513,154,633,284,452,336
00068434.jpg,514,155,634,285,454,336
00068435.jpg,513,156,633,286,455,336
00068436.jpg,514,159,634,289,459,340
00068437.jpg,514,161,634,291,463,345
00068438.jpg,516,162,636,292,466,347
00068439.jpg,511,162,635,301,466,348
00068440.jpg,511,162,635,301,467,349
00068441.jpg,512,162,636,301,467,349
00068442.jpg,513,162,637,301,469,350
00068443.jpg,513,162,637,301,469,350
00068444.jpg,514,163,638,302,469,350
00068445.jpg,514,165,638,304,469,350
00068446.jpg,515,165,639,304,469,350
00068447.jpg,516,166,640,305,469,350
00068448.jpg,518,167,642,306,469,350
00068449.jpg,513,152,643,297,469,350
00068450.jpg,513,152,643,297,470,350
00068451.jpg,514,154,644,299,470,350
00068452.jpg,516,156,646,301,470,350
00068453.jpg,518,156,648,301,470,350
00068454.jpg,521,154,651,299,470,350
00068455.jpg,518,152,648,297,470,350
00068456.jpg,525,148,655,293,472,350
00068457.jpg,533,146,663,291,473,351
00068458.jpg,535,144,665,289,474,351
00068459.jpg,538,143,668,288,477,351
00068460.jpg,539,142,669,287,481,353
00068461.jpg,540,142,670,287,490,355
00068462.jpg,541,142,671,287,498,358
00068463.jpg,541,144,671,289,515,365
00068464.jpg,543,142,673,287,516,366
00068465.jpg,544,145,674,290,521,366
00068466.jpg,546,150,675,295,531,370
00068467.jpg,546,150,675,295,542,379
00068468.jpg,549,150,678,295,548,387
00068469.jpg,551,150,680,295,556,394
00068470.jpg,554,149,683,294,562,398
00068471.jpg,555,150,684,295,571,403
00068472.jpg,557,150,686,295,576,416
00068473.jpg,558,150,687,295,579,418
00068474.jpg,559,151,688,296,579,418
00068475.jpg,560,151,689,296,579,418
00068476.jpg,561,152,690,297,579,418
00068477.jpg,561,153,690,298,579,418
00068478.jpg,562,153,691,298,579,418
00068479.jpg,562,153,691,298,579,418
00068480.jpg,563,153,692,298,579,418
00068481.jpg,563,153,692,298,579,418
00068482.jpg,566,153,693,298,579,418
00068483.jpg,566,152,694,297,579,418
00068484.jpg,566,152,694,297,-1,-1
00068485.jpg,559,146,684,283,-1,-1
00068486.jpg,559,146,684,283,-1,-1
00068487.jpg,557,146,682,283,-1,-1
00068488.jpg,550,138,674,277,-1,-1
00068489.jpg,550,138,674,277,-1,-1
00068490.jpg,550,137,674,276,-1,-1
00068491.jpg,550,135,674,274,-1,-1
00068492.jpg,550,134,674,273,329,66
00068493.jpg,550,133,674,272,329,66
00068494.jpg,550,133,674,272,331,66
00068495.jpg,550,134,674,273,335,66
00068496.jpg,548,129,679,263,337,66
00068497.jpg,548,129,679,263,337,66
00068498.jpg,548,129,679,263,337,66
00068499.jpg,548,129,679,263,337,66
00068500.jpg,548,129,679,263,337,66
00068501.jpg,548,129,679,263,338,66
00068502.jpg,548,129,679,263,338,66
00068503.jpg,548,129,679,263,340,66
00068504.jpg,548,130,679,264,342,66
00068505.jpg,548,131,679,265,343,66
00068506.jpg,547,132,678,266,344,65
00068507.jpg,547,134,678,268,344,65
00068508.jpg,547,135,678,269,347,65
00068509.jpg,547,135,678,269,348,62
00068510.jpg,547,136,678,270,351,62
00068511.jpg,546,137,677,271,353,60
00068512.jpg,546,137,677,271,355,59
00068513.jpg,546,136,677,270,356,59
00068514.jpg,548,134,679,268,357,58
00068515.jpg,550,133,681,267,359,58
00068516.jpg,551,132,682,266,360,57
00068517.jpg,552,132,683,266,362,57
00068518.jpg,552,132,683,266,363,57
00068519.jpg,552,132,683,266,368,57
00068520.jpg,553,132,684,266,368,57
00068521.jpg,553,132,684,266,372,57
00068522.jpg,553,132,684,266,376,57
00068523.jpg,553,132,684,266,377,57
00068524.jpg,553,132,684,266,380,62
00068525.jpg,552,132,683,266,379,61
00068526.jpg,552,132,683,266,376,65
00068527.jpg,551,132,682,266,-1,-1
00068528.jpg,565,139,688,277,-1,-1
00068529.jpg,565,139,688,277,-1,-1
00068530.jpg,559,154,686,292,-1,-1
00068531.jpg,555,156,678,283,-1,-1
00068532.jpg,555,156,678,283,-1,-1
00068533.jpg,553,156,676,283,320,257
00068534.jpg,551,157,674,284,320,257
00068535.jpg,546,157,669,284,316,256
00068536.jpg,541,157,664,284,316,256
00068537.jpg,536,157,659,284,523,414
00068538.jpg,534,160,657,287,524,420
00068539.jpg,522,156,649,292,530,417
00068540.jpg,522,156,649,292,538,414
00068541.jpg,520,157,647,293,547,414
00068542.jpg,507,160,632,297,557,411
00068543.jpg,507,160,632,297,563,410
00068544.jpg,506,160,631,297,563,410
00068545.jpg,507,160,632,297,562,412
00068546.jpg,507,160,632,297,562,412
00068547.jpg,510,164,635,301,562,412
00068548.jpg,512,166,637,303,562,412
00068549.jpg,491,168,628,309,562,412
00068550.jpg,491,168,628,309,562,412
00068551.jpg,491,169,628,310,562,412
00068552.jpg,491,168,628,309,562,412
00068553.jpg,499,169,636,310,561,412
00068554.jpg,500,171,631,316,561,412
00068555.jpg,500,171,631,316,560,413
00068556.jpg,504,169,635,314,560,413
00068557.jpg,506,168,637,313,560,413
00068558.jpg,503,157,638,302,-1,-1
00068559.jpg,503,157,638,302,-1,-1
00068560.jpg,504,155,639,300,-1,-1
00068561.jpg,504,154,639,299,-1,-1
00068562.jpg,506,144,634,292,-1,-1
00068563.jpg,506,144,634,292,-1,-1
00068564.jpg,506,143,634,291,-1,-1
00068565.jpg,507,142,635,290,-1,-1
00068566.jpg,512,141,640,289,-1,-1
00068567.jpg,504,147,629,289,-1,-1
00068568.jpg,504,147,629,289,-1,-1
