00068352.jpg,223,164,400,346,936,259
00068353.jpg,223,164,400,346,939,258
00068354.jpg,228,160,406,332,940,258
00068355.jpg,228,160,406,332,940,258
00068356.jpg,228,159,406,331,940,258
00068357.jpg,229,159,407,331,934,260
00068358.jpg,242,158,411,337,934,260
00068359.jpg,242,158,411,337,933,259
00068360.jpg,248,156,422,334,933,258
00068361.jpg,248,156,422,334,933,258
00068362.jpg,249,156,423,334,933,256
00068363.jpg,249,157,423,335,933,256
00068364.jpg,263,164,434,341,933,256
00068365.jpg,263,164,434,341,933,256
00068366.jpg,264,164,435,341,933,256
00068367.jpg,265,163,436,340,933,256
00068368.jpg,266,163,437,340,933,256
00068369.jpg,268,162,439,339,933,256
00068370.jpg,269,162,440,339,934,254
00068371.jpg,270,161,441,338,934,254
00068372.jpg,272,161,443,338,934,254
00068373.jpg,272,160,443,337,934,254
00068374.jpg,273,160,444,337,934,254
00068375.jpg,274,160,445,337,934,254
00068376.jpg,274,160,445,337,934,254
00068377.jpg,274,161,445,338,933,254
00068378.jpg,273,161,444,338,930,254
00068379.jpg,272,160,443,337,927,254
00068380.jpg,272,160,443,337,927,254
00068381.jpg,271,160,442,337,926,254
00068382.jpg,269,159,440,336,925,254
00068383.jpg,267,159,438,336,922,254
00068384.jpg,264,158,435,335,920,254
00068385.jpg,260,158,431,335,920,254
00068386.jpg,255,158,426,335,920,254
00068387.jpg,249,159,420,336,919,251
00068388.jpg,243,157,414,334,919,250
00068389.jpg,237,155,408,332,920,248
00068390.jpg,226,154,397,331,920,248
00068391.jpg,217,154,388,331,920,247
00068392.jpg,211,150,380,324,920,247
00068393.jpg,193,149,365,321,919,247
00068394.jpg,184,146,360,323,918,247
00068395.jpg,173,145,340,320,-1,-1
00068396.jpg,162,143,332,324,-1,-1
00068397.jpg,154,148,312,318,-1,-1
00068398.jpg,135,150,303,329,-1,-1
00068399.jpg,124,150,288,326,-1,-1
00068400.jpg,112,152,277,325,-1,-1
00068401.jpg,112,152,277,325,-1,-1
00068402.jpg,107,152,272,325,-1,-1
00068403.jpg,100,154,265,327,-1,-1
00068404.jpg,93,155,258,328,-1,-1
00068405.jpg,74,153,237,327,-1,-1
00068406.jpg,74,153,237,327,-1,-1
00068407.jpg,72,153,235,327,-1,-1
00068408.jpg,72,153,235,327,-1,-1
00068409.jpg,74,153,237,327,-1,-1
00068410.jpg,74,153,237,327,-1,-1
00068411.jpg,75,152,238,326,-1,-1
00068412.jpg,79,152,242,326,-1,-1
00068413.jpg,103,156,264,333,-1,-1
00068414.jpg,110,154,283,330,-1,-1
00068415.jpg,123,157,299,333,-1,-1
00068416.jpg,123,157,299,333,540,204
00068417.jpg,128,158,304,334,540,204
00068418.jpg,136,158,312,334,540,204
00068419.jpg,144,158,320,334,540,204
00068420.jpg,148,157,324,333,540,204
00068421.jpg,151,157,327,333,540,204
00068422.jpg,153,158,329,334,540,204
00068423.jpg,154,159,330,335,540,204
00068424.jpg,162,146,321,325,541,204
00068425.jpg,162,146,321,325,543,210
00068426.jpg,164,146,323,325,544,210
00068427.jpg,165,146,324,325,544,213
00068428.jpg,169,148,338,318,547,216
00068429.jpg,169,148,338,318,546,221
00068430.jpg,171,149,340,319,546,222
00068431.jpg,174,151,343,321,-1,-1
00068432.jpg,178,153,347,323,-1,-1
00068433.jpg,181,155,350,325,-1,-1
00068434.jpg,184,156,353,326,-1,-1
00068435.jpg,187,157,356,327,-1,-1
00068436.jpg,190,157,359,327,-1,-1
00068437.jpg,191,156,360,326,-1,-1
00068438.jpg,195,160,352,340,-1,-1
00068439.jpg,195,160,352,340,-1,-1
00068440.jpg,196,161,353,341,-1,-1
00068441.jpg,207,166,365,338,-1,-1
00068442.jpg,210,175,377,345,-1,-1
00068443.jpg,210,175,377,345,-1,-1
00068444.jpg,211,176,378,346,-1,-1
00068445.jpg,212,177,379,347,-1,-1
00068446.jpg,213,178,380,348,-1,-1
00068447.jpg,214,178,381,348,-1,-1
00068448.jpg,215,179,382,349,-1,-1
00068449.jpg,215,180,382,350,-1,-1
00068450.jpg,215,182,382,352,-1,-1
00068451.jpg,215,184,382,354,-1,-1
00068452.jpg,215,185,382,355,-1,-1
00068453.jpg,218,186,378,368,-1,-1
00068454.jpg,218,186,378,368,-1,-1
00068455.jpg,219,187,379,369,-1,-1
00068456.jpg,219,187,379,369,-1,-1
00068457.jpg,219,188,379,370,-1,-1
00068458.jpg,219,187,379,369,-1,-1
00068459.jpg,221,195,384,374,-1,-1
00068460.jpg,221,195,384,374,-1,-1
00068461.jpg,222,195,385,374,-1,-1
00068462.jpg,222,194,385,373,-1,-1
00068463.jpg,233,186,401,378,-1,-1
00068464.jpg,233,186,401,378,-1,-1
00068465.jpg,233,186,401,378,-1,-1
00068466.jpg,234,185,402,377,-1,-1
00068467.jpg,233,185,401,377,-1,-1
00068468.jpg,232,184,400,376,559,396
00068469.jpg,231,183,399,375,560,396
00068470.jpg,230,180,398,372,560,396
00068471.jpg,225,171,401,359,562,404
00068472.jpg,225,171,401,359,489,346
00068473.jpg,224,169,400,357,452,328
00068474.jpg,222,167,398,355,423,321
00068475.jpg,220,167,396,355,400,309
00068476.jpg,219,167,395,355,409,313
00068477.jpg,218,167,394,355,409,318
00068478.jpg,222,168,398,356,408,319
00068479.jpg,222,168,398,356,397,324
00068480.jpg,238,167,403,343,394,324
00068481.jpg,238,167,403,343,384,301
00068482.jpg,237,169,402,345,385,306
00068483.jpg,246,169,414,329,385,306
00068484.jpg,258,177,422,332,364,306
00068485.jpg,258,177,422,332,372,306
00068486.jpg,262,181,426,336,403,341
00068487.jpg,268,185,432,340,409,348
00068488.jpg,265,196,432,369,420,360
00068489.jpg,265,196,432,369,537,425
00068490.jpg,264,195,431,368,534,429
00068491.jpg,269,200,441,379,545,430
00068492.jpg,269,200,441,379,545,430
00068493.jpg,267,200,439,379,548,434
00068494.jpg,264,200,436,379,549,438
00068495.jpg,257,199,429,378,549,438
00068496.jpg,250,198,422,377,549,438
00068497.jpg,247,201,419,380,549,440
00068498.jpg,236,185,406,363,547,444
00068499.jpg,236,185,406,363,545,445
00068500.jpg,233,184,403,362,545,445
00068501.jpg,230,184,400,362,545,445
00068502.jpg,228,183,398,361,545,445
00068503.jpg,228,183,398,361,545,445
00068504.jpg,229,183,399,361,545,445
00068505.jpg,230,183,400,361,545,445
00068506.jpg,233,184,403,362,545,445
00068507.jpg,235,184,405,362,-1,-1
00068508.jpg,237,184,407,362,-1,-1
00068509.jpg,238,181,408,359,-1,-1
00068510.jpg,232,187,416,366,-1,-1
00068511.jpg,232,187,416,366,-1,-1
00068512.jpg,235,187,419,366,-1,-1
00068513.jpg,238,187,422,366,-1,-1
00068514.jpg,240,186,424,365,-1,-1
00068515.jpg,241,186,425,365,-1,-1
00068516.jpg,246,182,420,374,-1,-1
00068517.jpg,246,182,420,374,-1,-1
00068518.jpg,247,182,421,374,-1,-1
00068519.jpg,248,182,422,374,-1,-1
00068520.jpg,249,182,423,374,-1,-1
00068521.jpg,248,182,422,374,-1,-1
00068522.jpg,247,182,421,374,-1,-1
00068523.jpg,237,172,415,363,-1,-1
00068524.jpg,237,172,415,363,-1,-1
00068525.jpg,223,171,396,343,-1,-1
00068526.jpg,223,171,396,343,-1,-1
00068527.jpg,222,170,395,342,379,65
00068528.jpg,215,164,377,328,379,65
00068529.jpg,215,164,377,328,380,64
00068530.jpg,216,163,378,327,385,68
00068531.jpg,200,159,361,330,389,74
00068532.jpg,200,159,361,330,393,76
00068533.jpg,197,158,358,329,393,76
00068534.jpg,195,156,356,327,393,76
00068535.jpg,193,155,354,326,393,78
00068536.jpg,193,154,354,325,395,79
00068537.jpg,193,153,354,324,375,181
00068538.jpg,190,158,346,316,362,226
00068539.jpg,190,158,346,316,362,224
00068540.jpg,193,158,349,316,359,218
00068541.jpg,194,159,350,317,298,214
00068542.jpg,204,156,361,313,222,218
00068543.jpg,204,156,361,313,175,213
00068544.jpg,205,157,362,314,157,210
00068545.jpg,215,166,373,317,159,208
00068546.jpg,215,166,373,317,188,204
00068547.jpg,216,167,374,318,183,210
00068548.jpg,228,170,387,314,198,204
00068549.jpg,228,170,387,314,194,206
00068550.jpg,229,170,388,314,197,208
00068551.jpg,240,175,401,331,195,204
00068552.jpg,240,175,401,331,195,208
00068553.jpg,241,175,402,331,198,206
00068554.jpg,252,181,410,337,395,235
00068555.jpg,252,181,410,337,573,334
00068556.jpg,253,179,411,335,599,339
00068557.jpg,262,173,426,343,647,328
00068558.jpg,262,173,426,343,928,243
00068559.jpg,271,163,431,343,954,224
00068560.jpg,271,163,431,343,-1,-1
00068561.jpg,271,162,431,342,-1,-1
00068562.jpg,270,161,430,341,-1,-1
00068563.jpg,270,161,430,341,-1,-1
00068564.jpg,266,156,421,327,-1,-1
00068565.jpg,266,156,421,327,-1,-1
00068566.jpg,265,155,420,326,-1,-1
00068567.jpg,263,154,418,325,-1,-1
00068568.jpg,263,154,418,325,-1,-1
