00014385.jpg,240,32,448,271,802,304
00014386.jpg,240,32,448,271,801,306
00014387.jpg,240,32,448,271,800,306
00014388.jpg,240,32,448,271,800,310
00014389.jpg,240,33,448,272,800,311
00014390.jpg,240,34,448,273,800,311
00014391.jpg,240,36,448,275,801,314
00014392.jpg,240,36,448,275,801,314
00014393.jpg,240,37,448,276,799,315
00014394.jpg,241,38,449,277,799,315
00014395.jpg,241,39,449,278,799,315
00014396.jpg,243,40,451,279,795,317
00014397.jpg,244,41,452,280,795,317
00014398.jpg,245,43,453,282,795,318
00014399.jpg,247,44,455,283,793,319
00014400.jpg,248,45,456,284,792,320
00014401.jpg,251,47,459,286,791,320
00014402.jpg,253,48,461,287,790,320
00014403.jpg,256,49,464,288,789,325
00014404.jpg,259,50,467,289,786,324
00014405.jpg,261,51,469,290,786,324
00014406.jpg,264,52,472,291,786,327
00014407.jpg,266,54,474,293,785,326
00014408.jpg,269,55,477,294,785,330
00014409.jpg,271,57,479,296,782,331
00014410.jpg,274,59,482,298,780,333
00014411.jpg,276,60,484,299,781,335
00014412.jpg,278,62,486,301,778,337
00014413.jpg,280,63,488,302,778,339
00014414.jpg,283,64,491,303,778,339
00014415.jpg,285,65,493,304,775,339
00014416.jpg,288,65,496,304,775,339
00014417.jpg,289,65,497,304,775,339
00014418.jpg,291,66,499,305,775,339
00014419.jpg,293,66,501,305,774,340
00014420.jpg,294,66,502,305,774,340
00014421.jpg,295,66,503,305,774,340
00014422.jpg,296,66,504,305,773,341
00014423.jpg,297,67,505,306,773,342
00014424.jpg,297,67,505,306,773,342
00014425.jpg,298,67,506,306,774,342
00014426.jpg,298,68,506,307,775,342
00014427.jpg,298,68,506,307,775,342
00014428.jpg,299,68,507,307,778,342
00014429.jpg,299,68,507,307,779,342
00014430.jpg,299,68,507,307,778,341
00014431.jpg,299,68,507,307,778,342
00014432.jpg,299,68,507,307,779,341
00014433.jpg,299,67,507,306,781,341
00014434.jpg,299,67,507,306,781,341
00014435.jpg,298,66,506,305,781,340
00014436.jpg,298,65,506,304,783,340
00014437.jpg,297,65,505,304,785,337
00014438.jpg,296,64,504,303,787,334
00014439.jpg,296,63,504,302,790,330
00014440.jpg,294,63,502,302,794,327
00014441.jpg,293,62,501,301,797,323
00014442.jpg,291,61,499,300,801,318
00014443.jpg,289,60,497,299,807,317
00014444.jpg,287,58,495,297,814,316
00014445.jpg,286,57,494,296,824,314
00014446.jpg,284,56,492,295,833,312
00014447.jpg,282,54,490,293,841,311
00014448.jpg,281,53,489,292,849,312
00014449.jpg,279,51,487,290,849,312
00014450.jpg,277,50,485,289,857,312
00014451.jpg,275,49,483,288,861,311
00014452.jpg,273,49,481,288,864,311
00014453.jpg,272,49,480,288,868,313
00014454.jpg,276,52,465,271,869,316
00014455.jpg,276,52,465,271,871,316
00014456.jpg,275,50,464,269,874,318
00014457.jpg,277,51,462,253,873,319
00014458.jpg,277,51,462,253,872,322
00014459.jpg,276,49,461,251,873,323
00014460.jpg,274,48,459,250,873,327
00014461.jpg,272,47,457,249,872,328
00014462.jpg,270,47,455,249,873,330
00014463.jpg,269,47,454,249,873,334
00014464.jpg,268,47,453,249,870,337
00014465.jpg,267,48,452,250,870,338
00014466.jpg,267,49,452,251,868,342
00014467.jpg,268,50,453,252,868,345
00014468.jpg,269,50,454,252,868,346
00014469.jpg,270,51,455,253,868,347
00014470.jpg,272,51,457,253,867,347
00014471.jpg,273,53,458,255,865,351
00014472.jpg,275,55,460,257,863,353
00014473.jpg,276,57,461,259,862,354
00014474.jpg,278,59,463,261,862,354
00014475.jpg,280,61,465,263,861,356
00014476.jpg,281,62,466,264,859,357
00014477.jpg,283,63,468,265,856,357
00014478.jpg,285,65,470,267,855,356
00014479.jpg,287,66,472,268,853,356
00014480.jpg,289,67,474,269,847,356
00014481.jpg,291,68,476,270,836,356
00014482.jpg,292,68,477,270,833,357
00014483.jpg,294,69,479,271,828,356
00014484.jpg,294,70,479,272,822,357
00014485.jpg,295,71,480,273,820,357
00014486.jpg,295,72,480,274,815,361
00014487.jpg,296,73,481,275,809,362
00014488.jpg,296,74,481,276,689,488
00014489.jpg,296,75,481,277,689,487
00014490.jpg,296,76,481,278,690,487
00014491.jpg,296,77,481,279,435,298
00014492.jpg,304,78,483,271,438,299
00014493.jpg,304,78,483,271,437,295
00014494.jpg,304,78,483,271,440,296
00014495.jpg,304,78,483,271,445,293
00014496.jpg,304,78,483,271,449,293
00014497.jpg,304,78,483,271,449,293
00014498.jpg,304,77,483,270,449,292
00014499.jpg,303,76,482,269,449,288
00014500.jpg,313,78,493,273,449,283
00014501.jpg,313,78,493,273,447,277
00014502.jpg,313,77,493,272,447,277
00014503.jpg,313,76,493,271,444,272
00014504.jpg,312,75,492,270,444,269
00014505.jpg,311,74,491,269,442,266
00014506.jpg,310,73,490,268,441,263
00014507.jpg,310,73,490,268,438,257
00014508.jpg,310,72,490,267,439,257
00014509.jpg,309,71,489,266,438,255
00014510.jpg,308,71,488,266,438,250
00014511.jpg,308,70,488,265,436,250
00014512.jpg,306,70,486,265,433,248
00014513.jpg,305,70,485,265,432,244
00014514.jpg,304,70,484,265,430,243
00014515.jpg,303,70,483,265,428,243
00014516.jpg,302,70,482,265,426,240
00014517.jpg,301,71,481,266,423,235
00014518.jpg,300,71,480,266,423,234
00014519.jpg,300,71,480,266,423,230
00014520.jpg,300,71,480,266,423,230
00014521.jpg,299,71,479,266,423,231
00014522.jpg,299,71,479,266,423,231
00014523.jpg,299,71,479,266,421,230
00014524.jpg,298,71,478,266,420,229
00014525.jpg,298,71,478,266,-1,-1
00014526.jpg,297,70,477,265,-1,-1
00014527.jpg,297,71,477,266,-1,-1
00014528.jpg,296,71,476,266,-1,-1
00014529.jpg,295,71,475,266,-1,-1
00014530.jpg,294,71,474,266,-1,-1
00014531.jpg,293,71,473,266,-1,-1
00014532.jpg,292,71,472,266,-1,-1
00014533.jpg,294,70,468,260,-1,-1
00014534.jpg,296,70,465,257,-1,-1
00014535.jpg,296,70,465,257,-1,-1
00014536.jpg,296,70,465,257,-1,-1
00014537.jpg,297,72,466,259,-1,-1
00014538.jpg,297,73,466,260,-1,-1
00014539.jpg,299,75,468,262,-1,-1
00014540.jpg,300,76,469,263,-1,-1
00014541.jpg,301,78,470,265,-1,-1
00014542.jpg,302,78,471,265,-1,-1
00014543.jpg,304,79,473,266,-1,-1
00014544.jpg,305,80,474,267,-1,-1
00014545.jpg,306,81,475,268,-1,-1
00014546.jpg,307,81,476,268,-1,-1
00014547.jpg,307,81,476,268,-1,-1
00014548.jpg,308,81,477,268,-1,-1
00014549.jpg,308,80,477,267,-1,-1
00014550.jpg,309,79,478,266,-1,-1
00014551.jpg,309,79,478,266,-1,-1
00014552.jpg,310,78,479,265,-1,-1
00014553.jpg,310,78,479,265,-1,-1
00014554.jpg,310,78,479,265,-1,-1
00014555.jpg,310,77,479,264,-1,-1
00014556.jpg,310,77,479,264,-1,-1
00014557.jpg,309,76,478,263,-1,-1
00014558.jpg,309,76,478,263,-1,-1
00014559.jpg,308,75,477,262,-1,-1
00014560.jpg,308,75,477,262,-1,-1
00014561.jpg,307,75,476,262,-1,-1
00014562.jpg,306,74,475,261,-1,-1
00014563.jpg,306,74,475,261,-1,-1
00014564.jpg,306,73,475,260,-1,-1
00014565.jpg,305,72,474,259,-1,-1
00014566.jpg,305,72,474,259,-1,-1
00014567.jpg,306,71,475,258,-1,-1
00014568.jpg,306,70,475,257,-1,-1
00014569.jpg,306,69,475,256,-1,-1
00014570.jpg,307,68,476,255,-1,-1
00014571.jpg,308,66,479,253,-1,-1
00014572.jpg,308,66,479,253,-1,-1
00014573.jpg,309,64,480,251,-1,-1
00014574.jpg,310,63,481,250,-1,-1
00014575.jpg,310,62,481,249,-1,-1
00014576.jpg,311,61,482,248,-1,-1
00014577.jpg,311,61,482,248,-1,-1
00014578.jpg,312,61,483,248,-1,-1
00014579.jpg,313,60,484,247,-1,-1
00014580.jpg,314,60,485,247,-1,-1
00014581.jpg,314,59,485,246,-1,-1
00014582.jpg,314,60,485,247,-1,-1
00014583.jpg,313,62,484,249,-1,-1
00014584.jpg,313,62,484,249,-1,-1
00014585.jpg,313,63,484,250,-1,-1
00014586.jpg,312,64,483,251,-1,-1
00014587.jpg,314,68,478,249,-1,-1
00014588.jpg,314,68,478,249,-1,-1
00014589.jpg,314,67,478,248,-1,-1
00014590.jpg,315,66,479,247,-1,-1
00014591.jpg,315,65,479,246,-1,-1
00014592.jpg,316,64,480,245,-1,-1
00014593.jpg,316,64,480,245,-1,-1
00014594.jpg,317,63,481,244,-1,-1
00014595.jpg,317,64,481,245,-1,-1
00014596.jpg,317,64,481,245,-1,-1
00014597.jpg,317,64,481,245,-1,-1
00014598.jpg,317,65,481,246,-1,-1
00014599.jpg,318,65,482,246,-1,-1
00014600.jpg,317,66,481,247,-1,-1
00014601.jpg,317,66,481,247,-1,-1
00014602.jpg,317,66,481,247,-1,-1
00014603.jpg,317,67,481,248,-1,-1
00014604.jpg,317,67,481,248,-1,-1
00014605.jpg,317,68,481,249,-1,-1
00014606.jpg,317,68,481,249,-1,-1
00014607.jpg,316,69,480,250,-1,-1
00014608.jpg,316,69,480,250,-1,-1
00014609.jpg,316,70,480,251,-1,-1
00014610.jpg,315,71,479,252,-1,-1
00014611.jpg,314,73,478,254,-1,-1
00014612.jpg,312,73,476,254,-1,-1
00014613.jpg,311,73,475,254,-1,-1
00014614.jpg,309,74,473,255,-1,-1
00014615.jpg,309,72,464,250,-1,-1
00014616.jpg,309,72,464,250,-1,-1
00014617.jpg,309,73,464,251,-1,-1
00014618.jpg,309,73,464,251,-1,-1
00014619.jpg,309,73,464,251,-1,-1
00014620.jpg,309,73,464,251,-1,-1
00014621.jpg,309,73,464,251,-1,-1
00014622.jpg,309,72,464,250,-1,-1
00014623.jpg,308,72,463,250,-1,-1
00014624.jpg,308,71,463,249,-1,-1
00014625.jpg,308,71,463,249,-1,-1
00014626.jpg,308,70,463,248,-1,-1
00014627.jpg,308,70,463,248,-1,-1
00014628.jpg,308,69,463,247,-1,-1
00014629.jpg,308,68,463,246,-1,-1
00014630.jpg,307,68,466,257,-1,-1
00014631.jpg,307,68,466,257,-1,-1
00014632.jpg,307,68,466,257,-1,-1
00014633.jpg,307,67,466,256,-1,-1
00014634.jpg,307,67,466,256,-1,-1
00014635.jpg,307,66,466,255,-1,-1
00014636.jpg,308,66,467,255,-1,-1
00014637.jpg,309,65,468,254,-1,-1
00014638.jpg,311,65,470,254,-1,-1
00014639.jpg,312,65,471,254,-1,-1
00014640.jpg,314,64,470,260,-1,-1
00014641.jpg,316,67,468,250,807,368
00014642.jpg,316,67,468,250,810,366
00014643.jpg,318,68,470,251,810,366
00014644.jpg,321,69,473,252,810,366
00014645.jpg,319,66,476,254,810,366
00014646.jpg,319,66,476,254,810,366
00014647.jpg,320,72,479,258,810,366
00014648.jpg,320,72,479,258,810,366
00014649.jpg,323,74,482,260,810,366
00014650.jpg,326,75,485,261,808,365
00014651.jpg,328,75,492,267,808,365
00014652.jpg,328,75,492,267,808,365
00014653.jpg,330,77,494,269,808,365
00014654.jpg,333,78,497,270,808,365
00014655.jpg,336,79,500,271,768,538
00014656.jpg,338,80,502,272,696,643
00014657.jpg,340,80,504,272,696,643
00014658.jpg,341,81,505,273,696,643
00014659.jpg,344,80,514,287,-1,-1
00014660.jpg,344,80,514,287,-1,-1
00014661.jpg,345,82,515,289,-1,-1
00014662.jpg,346,84,516,291,-1,-1
00014663.jpg,347,87,517,294,-1,-1
00014664.jpg,348,90,518,297,-1,-1
00014665.jpg,349,94,519,301,-1,-1
00014666.jpg,351,93,523,310,-1,-1
00014667.jpg,351,93,523,310,-1,-1
00014668.jpg,351,94,523,311,-1,-1
00014669.jpg,351,96,523,313,-1,-1
00014670.jpg,351,98,523,315,-1,-1
00014671.jpg,351,99,523,316,-1,-1
00014672.jpg,353,98,528,326,-1,-1
00014673.jpg,353,98,528,326,-1,-1
00014674.jpg,352,98,527,326,-1,-1
00014675.jpg,352,99,527,327,-1,-1
00014676.jpg,351,98,526,326,-1,-1
00014677.jpg,351,98,526,326,-1,-1
00014678.jpg,350,98,525,326,-1,-1
00014679.jpg,350,97,525,325,-1,-1
00014680.jpg,349,96,524,324,-1,-1
00014681.jpg,347,98,520,323,-1,-1
00014682.jpg,347,98,520,323,-1,-1
00014683.jpg,347,98,520,323,-1,-1
00014684.jpg,346,97,519,322,-1,-1
00014685.jpg,346,97,519,322,-1,-1
00014686.jpg,346,97,519,322,-1,-1
