00004890.jpg,886,107,1522,771,-1,-1
00004891.jpg,886,107,1522,771,-1,-1
00004892.jpg,886,107,1522,771,-1,-1
00004893.jpg,886,107,1522,771,-1,-1
00004894.jpg,886,107,1522,771,-1,-1
00004895.jpg,886,107,1522,771,-1,-1
00004896.jpg,887,106,1523,770,-1,-1
00004897.jpg,888,104,1524,768,-1,-1
00004898.jpg,890,101,1526,765,-1,-1
00004899.jpg,893,98,1529,762,-1,-1
00004900.jpg,893,98,1529,762,-1,-1
00004901.jpg,898,94,1534,758,-1,-1
00004902.jpg,904,90,1540,754,-1,-1
00004903.jpg,912,88,1548,752,-1,-1
00004904.jpg,918,89,1554,753,-1,-1
00004905.jpg,918,89,1554,753,-1,-1
00004906.jpg,922,91,1558,755,-1,-1
00004907.jpg,924,94,1560,758,-1,-1
00004908.jpg,923,96,1559,760,-1,-1
00004909.jpg,922,98,1558,762,-1,-1
00004910.jpg,922,98,1558,762,-1,-1
00004911.jpg,919,99,1555,763,-1,-1
00004912.jpg,915,102,1551,766,-1,-1
00004913.jpg,912,105,1548,769,-1,-1
00004914.jpg,912,106,1548,770,-1,-1
00004915.jpg,912,106,1548,770,-1,-1
00004916.jpg,912,107,1548,771,-1,-1
00004917.jpg,911,111,1547,775,-1,-1
00004918.jpg,908,116,1544,780,-1,-1
00004919.jpg,910,122,1546,786,-1,-1
00004920.jpg,910,122,1546,786,-1,-1
00004921.jpg,911,126,1547,790,-1,-1
00004922.jpg,913,130,1549,794,-1,-1
00004923.jpg,915,134,1551,798,-1,-1
00004924.jpg,917,137,1553,801,-1,-1
00004925.jpg,917,137,1553,801,-1,-1
00004926.jpg,921,138,1557,802,-1,-1
00004927.jpg,922,140,1558,804,-1,-1
00004928.jpg,922,146,1558,810,-1,-1
00004929.jpg,919,154,1555,818,-1,-1
00004930.jpg,919,154,1555,818,-1,-1
00004931.jpg,915,159,1551,823,-1,-1
00004932.jpg,910,164,1546,828,-1,-1
00004933.jpg,904,171,1540,835,-1,-1
00004934.jpg,899,177,1535,841,-1,-1
00004935.jpg,899,177,1535,841,-1,-1
00004936.jpg,898,181,1534,845,-1,-1
00004937.jpg,896,181,1532,845,-1,-1
00004938.jpg,896,180,1532,844,-1,-1
00004939.jpg,896,180,1532,844,-1,-1
00004940.jpg,897,179,1533,843,-1,-1
00004941.jpg,896,177,1532,841,-1,-1
00004942.jpg,893,176,1529,840,-1,-1
00004943.jpg,889,173,1525,837,-1,-1
00004944.jpg,889,173,1525,837,-1,-1
00004945.jpg,887,170,1523,834,-1,-1
00004946.jpg,886,168,1522,832,-1,-1
00004947.jpg,886,167,1522,831,-1,-1
00004948.jpg,883,167,1519,831,-1,-1
00004949.jpg,883,167,1519,831,-1,-1
00004950.jpg,880,170,1516,834,-1,-1
00004951.jpg,877,174,1513,838,-1,-1
00004952.jpg,875,178,1511,842,-1,-1
00004953.jpg,874,179,1510,843,-1,-1
00004954.jpg,874,179,1510,843,-1,-1
00004955.jpg,873,178,1509,842,-1,-1
00004956.jpg,874,177,1510,841,-1,-1
00004957.jpg,876,177,1512,841,-1,-1
00004958.jpg,876,178,1512,842,-1,-1
00004959.jpg,876,178,1512,842,-1,-1
00004960.jpg,876,181,1512,845,-1,-1
00004961.jpg,876,185,1512,849,-1,-1
00004962.jpg,875,190,1511,854,-1,-1
00004963.jpg,874,195,1510,859,-1,-1
00004964.jpg,874,195,1510,859,-1,-1
00004965.jpg,871,196,1507,860,-1,-1
00004966.jpg,869,196,1505,860,-1,-1
00004967.jpg,867,193,1503,857,-1,-1
00004968.jpg,864,188,1500,852,-1,-1
00004969.jpg,864,188,1500,852,-1,-1
00004970.jpg,862,183,1498,847,-1,-1
00004971.jpg,861,178,1497,842,-1,-1
00004972.jpg,861,175,1497,839,-1,-1
00004973.jpg,862,172,1498,836,-1,-1
00004974.jpg,862,172,1498,836,-1,-1
00004975.jpg,864,168,1500,832,-1,-1
00004976.jpg,867,162,1503,826,-1,-1
00004977.jpg,869,156,1505,820,-1,-1
00004978.jpg,869,148,1505,812,-1,-1
00004979.jpg,869,148,1505,812,-1,-1
00004980.jpg,869,148,1505,812,-1,-1
