00004890.jpg,570,84,1024,621,-1,-1
00004891.jpg,570,84,1024,621,-1,-1
00004892.jpg,570,84,1024,621,-1,-1
00004893.jpg,570,84,1024,621,-1,-1
00004894.jpg,540,91,1012,642,-1,-1
00004895.jpg,540,91,1012,642,-1,-1
00004896.jpg,540,90,1012,641,-1,-1
00004897.jpg,541,89,1013,640,-1,-1
00004898.jpg,544,86,1016,637,-1,-1
00004899.jpg,547,83,1019,634,-1,-1
00004900.jpg,547,83,1019,634,-1,-1
00004901.jpg,527,70,1010,635,-1,-1
00004902.jpg,527,70,1010,635,-1,-1
00004903.jpg,533,67,1016,632,-1,-1
00004904.jpg,540,68,1023,633,-1,-1
00004905.jpg,540,68,1023,633,-1,-1
00004906.jpg,544,70,1027,635,-1,-1
00004907.jpg,546,72,1029,637,-1,-1
00004908.jpg,546,76,1029,641,-1,-1
00004909.jpg,537,64,1020,629,-1,-1
00004910.jpg,537,64,1020,629,-1,-1
00004911.jpg,541,78,1024,643,-1,-1
00004912.jpg,538,82,1021,647,-1,-1
00004913.jpg,535,85,1018,650,-1,-1
00004914.jpg,536,86,1019,651,-1,-1
00004915.jpg,536,86,1019,651,-1,-1
00004916.jpg,536,87,1019,652,-1,-1
00004917.jpg,535,91,1018,656,-1,-1
00004918.jpg,525,50,1008,615,-1,-1
00004919.jpg,526,55,1009,620,-1,-1
00004920.jpg,526,55,1009,620,-1,-1
00004921.jpg,527,59,1010,624,-1,-1
00004922.jpg,529,64,1012,629,-1,-1
00004923.jpg,530,68,1013,633,-1,-1
00004924.jpg,532,71,1015,636,-1,-1
00004925.jpg,532,71,1015,636,-1,-1
00004926.jpg,545,117,1028,682,-1,-1
00004927.jpg,546,120,1029,685,-1,-1
00004928.jpg,546,125,1029,690,-1,-1
00004929.jpg,543,130,1026,695,-1,-1
00004930.jpg,543,129,1026,694,-1,-1
00004931.jpg,539,136,1022,701,-1,-1
00004932.jpg,533,136,1016,701,-1,-1
00004933.jpg,527,137,1010,702,-1,-1
00004934.jpg,513,108,996,673,-1,-1
00004935.jpg,513,108,996,673,-1,-1
00004936.jpg,511,111,994,676,-1,-1
00004937.jpg,509,115,992,680,-1,-1
00004938.jpg,509,117,992,682,-1,-1
00004939.jpg,509,117,992,682,-1,-1
00004940.jpg,521,148,1004,713,-1,-1
00004941.jpg,520,149,1003,714,-1,-1
00004942.jpg,518,147,1001,712,-1,-1
00004943.jpg,514,145,997,710,-1,-1
00004944.jpg,514,145,997,710,-1,-1
00004945.jpg,511,141,994,706,-1,-1
00004946.jpg,510,139,993,704,-1,-1
00004947.jpg,509,137,992,702,-1,-1
00004948.jpg,506,138,989,703,-1,-1
00004949.jpg,506,138,989,703,-1,-1
00004950.jpg,502,140,985,705,-1,-1
00004951.jpg,498,143,981,708,-1,-1
00004952.jpg,494,145,977,710,-1,-1
00004953.jpg,494,149,977,714,-1,-1
00004954.jpg,494,149,977,714,-1,-1
00004955.jpg,495,152,978,717,-1,-1
00004956.jpg,497,154,980,719,-1,-1
00004957.jpg,499,156,982,721,-1,-1
00004958.jpg,499,157,982,722,-1,-1
00004959.jpg,499,157,982,722,-1,-1
00004960.jpg,500,158,983,723,-1,-1
00004961.jpg,500,159,983,724,-1,-1
00004962.jpg,479,147,962,712,-1,-1
00004963.jpg,477,148,960,713,-1,-1
00004964.jpg,477,148,960,713,-1,-1
00004965.jpg,477,151,960,716,-1,-1
00004966.jpg,478,154,961,719,-1,-1
00004967.jpg,487,161,970,726,-1,-1
00004968.jpg,486,161,969,726,-1,-1
00004969.jpg,486,161,969,726,-1,-1
00004970.jpg,484,159,967,724,-1,-1
00004971.jpg,486,152,969,717,-1,-1
00004972.jpg,487,146,970,711,-1,-1
00004973.jpg,489,141,972,706,-1,-1
00004974.jpg,489,141,972,706,-1,-1
00004975.jpg,491,136,974,701,-1,-1
00004976.jpg,493,131,976,696,-1,-1
00004977.jpg,493,126,976,691,-1,-1
00004978.jpg,492,122,975,687,-1,-1
00004979.jpg,492,122,975,687,-1,-1
00004980.jpg,492,122,975,687,-1,-1
