00002273.jpg,264,25,493,272,-1,-1
00002274.jpg,264,25,493,272,-1,-1
00002275.jpg,264,25,493,272,-1,-1
00002276.jpg,264,25,493,272,-1,-1
00002277.jpg,264,25,493,272,-1,-1
00002278.jpg,264,25,493,272,-1,-1
00002279.jpg,264,24,493,271,-1,-1
00002280.jpg,264,24,493,271,-1,-1
00002281.jpg,264,24,493,271,-1,-1
00002282.jpg,264,24,493,271,-1,-1
00002283.jpg,264,24,493,271,-1,-1
00002284.jpg,264,24,493,271,-1,-1
00002285.jpg,264,23,493,270,-1,-1
00002286.jpg,264,23,493,270,-1,-1
00002287.jpg,264,23,493,270,-1,-1
00002288.jpg,264,23,493,270,-1,-1
00002289.jpg,264,23,493,270,-1,-1
00002290.jpg,264,23,493,270,-1,-1
00002291.jpg,264,23,493,270,-1,-1
00002292.jpg,264,23,493,270,619,629
00002293.jpg,263,23,492,270,609,641
00002294.jpg,263,23,492,270,606,648
00002295.jpg,263,23,492,270,609,647
00002296.jpg,262,24,491,271,609,647
00002297.jpg,262,24,491,271,609,647
00002298.jpg,262,24,491,271,609,647
00002299.jpg,261,24,490,271,609,647
00002300.jpg,261,24,490,271,608,647
