00004040.jpg,722,102,1079,496,-1,-1
00004041.jpg,722,102,1079,496,-1,-1
00004042.jpg,722,102,1079,496,-1,-1
00004043.jpg,722,102,1079,496,-1,-1
00004044.jpg,725,104,1082,498,-1,-1
00004045.jpg,726,105,1083,499,-1,-1
00004046.jpg,726,107,1083,501,-1,-1
00004047.jpg,725,108,1082,502,-1,-1
00004048.jpg,726,108,1083,502,-1,-1
00004049.jpg,726,108,1083,502,-1,-1
00004050.jpg,725,106,1082,500,-1,-1
00004051.jpg,724,104,1081,498,-1,-1
00004052.jpg,722,103,1079,497,-1,-1
00004053.jpg,754,108,1091,484,-1,-1
00004054.jpg,754,108,1091,484,-1,-1
00004055.jpg,745,108,1082,484,-1,-1
00004056.jpg,739,107,1076,483,-1,-1
00004057.jpg,754,105,1112,481,-1,-1
00004058.jpg,754,105,1112,481,-1,-1
00004059.jpg,752,102,1110,478,-1,-1
00004060.jpg,751,98,1109,474,-1,-1
00004061.jpg,751,95,1109,471,-1,-1
00004062.jpg,751,92,1109,468,-1,-1
00004063.jpg,750,90,1108,466,-1,-1
00004064.jpg,747,88,1105,464,-1,-1
00004065.jpg,745,88,1103,464,-1,-1
00004066.jpg,743,88,1101,464,-1,-1
00004067.jpg,741,89,1099,465,452,277
00004068.jpg,740,88,1098,464,442,262
00004069.jpg,739,88,1097,464,442,285
00004070.jpg,738,88,1096,464,441,349
00004071.jpg,739,90,1097,466,448,425
00004072.jpg,740,93,1098,469,454,493
00004073.jpg,743,97,1101,473,453,558
00004074.jpg,745,101,1103,477,448,618
00004075.jpg,746,104,1104,480,449,666
00004076.jpg,747,106,1105,482,452,704
00004077.jpg,748,106,1106,482,-1,-1
00004078.jpg,749,106,1107,482,-1,-1
00004079.jpg,751,104,1109,480,-1,-1
00004080.jpg,753,103,1111,479,-1,-1
00004081.jpg,733,100,1094,484,-1,-1
00004082.jpg,733,100,1094,484,-1,-1
00004083.jpg,736,101,1097,485,-1,-1
00004084.jpg,738,102,1099,486,-1,-1
00004085.jpg,731,93,1091,490,-1,-1
00004086.jpg,731,93,1091,490,-1,-1
00004087.jpg,734,92,1094,489,-1,-1
00004088.jpg,735,91,1095,488,-1,-1
00004089.jpg,735,89,1095,486,-1,-1
00004090.jpg,734,86,1094,483,-1,-1
00004091.jpg,734,85,1094,482,-1,-1
00004092.jpg,735,83,1095,480,-1,-1
00004093.jpg,734,84,1094,481,-1,-1
00004094.jpg,734,85,1094,482,-1,-1
00004095.jpg,734,86,1094,483,-1,-1
00004096.jpg,733,86,1093,483,-1,-1
00004097.jpg,733,85,1093,482,-1,-1
00004098.jpg,732,82,1092,479,-1,-1
00004099.jpg,731,80,1091,477,-1,-1
00004100.jpg,730,77,1090,474,-1,-1
00004101.jpg,730,75,1090,472,-1,-1
00004102.jpg,731,75,1091,472,-1,-1
00004103.jpg,730,75,1090,472,-1,-1
00004104.jpg,730,74,1090,471,-1,-1
00004105.jpg,731,73,1091,470,-1,-1
00004106.jpg,731,72,1091,469,-1,-1
00004107.jpg,731,72,1091,469,-1,-1
00004108.jpg,731,72,1091,469,-1,-1
00004109.jpg,732,71,1092,468,-1,-1
00004110.jpg,733,71,1093,468,-1,-1
00004111.jpg,733,72,1093,469,-1,-1
00004112.jpg,733,71,1093,468,-1,-1
00004113.jpg,732,70,1092,467,-1,-1
00004114.jpg,731,68,1091,465,-1,-1
00004115.jpg,729,67,1089,464,-1,-1
00004116.jpg,729,65,1089,462,-1,-1
00004117.jpg,727,66,1087,463,-1,-1
00004118.jpg,724,67,1084,464,-1,-1
00004119.jpg,722,68,1082,465,-1,-1
00004120.jpg,721,68,1081,465,-1,-1
00004121.jpg,720,68,1080,465,-1,-1
00004122.jpg,721,66,1081,463,-1,-1
00004123.jpg,722,65,1082,462,-1,-1
00004124.jpg,723,65,1083,462,-1,-1
00004125.jpg,725,65,1085,462,-1,-1
00004126.jpg,725,65,1085,462,-1,-1
00004127.jpg,725,66,1085,463,-1,-1
00004128.jpg,725,66,1085,463,-1,-1
