00000950.jpg,145,6,238,96,222,317
00000951.jpg,145,6,238,96,222,317
00000952.jpg,145,6,238,96,222,317
00000953.jpg,145,6,238,96,222,317
00000954.jpg,146,5,239,95,222,317
00000955.jpg,146,5,239,95,222,317
00000956.jpg,146,5,239,95,222,317
00000957.jpg,147,4,240,94,222,317
00000958.jpg,147,4,240,94,222,317
00000959.jpg,148,4,241,94,222,317
00000960.jpg,148,4,241,94,221,317
00000961.jpg,148,4,241,94,221,317
00000962.jpg,149,4,242,94,220,317
00000963.jpg,150,4,243,94,269,321
00000964.jpg,150,4,243,94,351,313
00000965.jpg,152,5,249,88,589,218
00000966.jpg,152,5,249,88,589,218
00000967.jpg,153,4,250,87,598,83
00000968.jpg,156,4,253,87,446,42
00000969.jpg,156,3,253,86,446,42
00000970.jpg,156,3,253,86,449,41
00000971.jpg,154,6,254,76,452,41
00000972.jpg,154,6,254,76,454,40
00000973.jpg,155,5,255,75,456,36
00000974.jpg,156,5,256,75,458,34
00000975.jpg,156,5,256,75,458,34
00000976.jpg,156,5,256,75,458,34
00000977.jpg,157,5,257,75,460,34
00000978.jpg,158,5,258,75,459,33
00000979.jpg,160,5,260,75,460,33
00000980.jpg,160,5,260,75,462,33
00000981.jpg,161,5,261,75,460,34
00000982.jpg,163,6,263,76,463,34
00000983.jpg,163,6,263,76,465,35
00000984.jpg,163,7,263,77,465,35
00000985.jpg,163,7,263,77,465,35
00000986.jpg,159,3,258,83,463,38
00000987.jpg,159,3,258,83,461,39
00000988.jpg,159,4,258,84,461,39
00000989.jpg,159,6,258,86,458,44
00000990.jpg,157,4,252,81,456,44
00000991.jpg,157,4,252,81,455,45
00000992.jpg,158,5,253,82,455,45
00000993.jpg,158,6,253,83,452,44
00000994.jpg,159,7,254,84,453,45
00000995.jpg,158,7,253,84,453,45
00000996.jpg,158,8,253,85,452,45
00000997.jpg,157,3,253,91,451,44
00000998.jpg,157,3,253,91,450,42
00000999.jpg,156,4,252,92,450,42
00001000.jpg,156,4,252,92,448,43
00001001.jpg,154,4,250,92,447,45
00001002.jpg,153,5,249,93,445,46
00001003.jpg,151,5,247,93,445,46
00001004.jpg,149,6,245,94,445,47
00001005.jpg,147,6,243,94,444,50
00001006.jpg,147,6,243,94,445,50
00001007.jpg,145,6,241,94,447,54
00001008.jpg,143,6,239,94,448,57
00001009.jpg,141,5,237,93,451,57
00001010.jpg,141,5,237,93,453,57
00001011.jpg,139,5,235,93,458,60
00001012.jpg,137,5,233,93,459,58
00001013.jpg,135,4,231,92,460,56
00001014.jpg,133,4,229,92,459,55
00001015.jpg,133,4,229,92,460,53
00001016.jpg,131,5,227,93,461,52
00001017.jpg,130,6,226,94,462,53
00001018.jpg,129,6,225,94,463,54
00001019.jpg,129,7,225,95,464,54
00001020.jpg,129,7,225,95,464,55
00001021.jpg,129,8,225,96,464,58
00001022.jpg,129,9,225,97,464,58
00001023.jpg,129,9,225,97,466,58
00001024.jpg,129,10,225,98,466,58
00001025.jpg,129,10,225,98,466,59
00001026.jpg,129,11,225,99,466,61
00001027.jpg,129,11,225,99,464,65
00001028.jpg,127,4,225,95,463,65
00001029.jpg,127,4,225,95,463,65
00001030.jpg,127,4,225,95,461,66
00001031.jpg,128,4,226,95,459,66
00001032.jpg,129,4,227,95,456,65
00001033.jpg,130,4,228,95,453,65
00001034.jpg,130,4,228,95,453,65
00001035.jpg,132,4,230,95,453,61
00001036.jpg,135,4,233,95,453,59
00001037.jpg,138,5,236,96,453,57
00001038.jpg,141,6,239,97,454,57
00001039.jpg,141,6,239,97,453,57
00001040.jpg,143,6,241,97,453,57
00001041.jpg,144,6,242,97,451,54
00001042.jpg,145,5,243,96,451,54
00001043.jpg,145,5,243,96,451,54
00001044.jpg,145,5,243,96,450,53
00001045.jpg,144,5,242,96,449,53
00001046.jpg,144,5,242,96,448,55
00001047.jpg,143,6,241,97,446,55
00001048.jpg,143,7,241,98,446,55
00001049.jpg,142,8,239,95,445,55
00001050.jpg,142,8,239,95,444,55
00001051.jpg,139,6,237,97,441,58
00001052.jpg,139,6,237,97,440,59
00001053.jpg,138,7,236,98,437,60
00001054.jpg,138,7,236,98,436,61
00001055.jpg,136,6,232,100,435,62
00001056.jpg,136,6,232,100,434,62
00001057.jpg,135,7,231,101,433,62
00001058.jpg,134,7,230,101,430,62
00001059.jpg,133,8,229,102,427,61
00001060.jpg,133,8,229,102,426,60
00001061.jpg,128,10,224,104,421,58
00001062.jpg,127,11,223,105,416,55
00001063.jpg,126,11,222,105,412,53
00001064.jpg,127,12,223,106,409,54
00001065.jpg,127,12,223,106,408,54
00001066.jpg,127,12,223,106,405,53
00001067.jpg,128,12,224,106,403,53
00001068.jpg,130,12,226,106,403,53
00001069.jpg,132,12,228,106,399,51
00001070.jpg,132,12,228,106,399,51
00001071.jpg,133,11,229,105,399,51
00001072.jpg,136,11,232,105,395,53
00001073.jpg,139,11,235,105,394,54
00001074.jpg,142,11,238,105,392,56
00001075.jpg,142,11,238,105,393,57
00001076.jpg,145,11,241,105,393,59
00001077.jpg,148,11,244,105,393,65
00001078.jpg,156,9,245,105,393,68
00001079.jpg,156,9,245,105,393,68
00001080.jpg,159,9,248,105,393,68
00001081.jpg,161,9,250,105,392,74
00001082.jpg,163,9,252,105,392,76
00001083.jpg,165,9,254,105,389,78
00001084.jpg,165,9,254,105,389,78
00001085.jpg,167,10,256,106,386,80
00001086.jpg,168,10,257,106,386,80
00001087.jpg,169,10,258,106,385,81
00001088.jpg,170,10,259,106,383,83
00001089.jpg,170,10,259,106,382,84
00001090.jpg,171,10,260,106,382,84
00001091.jpg,171,9,260,105,381,84
00001092.jpg,175,7,262,108,383,85
00001093.jpg,175,7,262,108,384,85
00001094.jpg,175,7,262,108,385,87
00001095.jpg,175,7,262,108,386,88
00001096.jpg,174,7,261,108,386,89
00001097.jpg,174,7,261,108,386,91
00001098.jpg,173,7,260,108,387,92
00001099.jpg,173,7,260,108,389,92
00001100.jpg,173,7,260,108,388,91
00001101.jpg,173,7,260,108,387,88
00001102.jpg,173,7,260,108,387,86
00001103.jpg,173,7,260,108,387,84
00001104.jpg,172,7,259,108,388,84
00001105.jpg,172,8,259,109,389,84
00001106.jpg,172,9,259,110,372,339
00001107.jpg,172,9,259,110,371,340
00001108.jpg,172,9,259,110,372,341
00001109.jpg,172,10,259,111,371,341
00001110.jpg,173,11,260,112,371,341
00001111.jpg,171,15,261,115,370,340
00001112.jpg,171,15,261,115,373,341
00001113.jpg,171,15,261,115,372,341
00001114.jpg,171,16,261,116,373,342
00001115.jpg,172,17,262,117,372,341
00001116.jpg,171,17,261,117,374,342
00001117.jpg,171,18,261,118,373,344
00001118.jpg,171,18,261,118,372,343
00001119.jpg,171,18,261,118,373,344
00001120.jpg,171,18,261,118,372,344
00001121.jpg,170,17,260,117,373,345
00001122.jpg,171,17,261,117,372,344
00001123.jpg,171,17,261,117,373,344
00001124.jpg,171,17,261,117,373,344
00001125.jpg,170,17,260,117,433,77
00001126.jpg,170,16,260,116,435,74
00001127.jpg,169,16,259,116,439,72
00001128.jpg,169,16,259,116,439,70
00001129.jpg,168,16,258,116,441,70
00001130.jpg,166,16,256,116,443,70
00001131.jpg,165,14,255,114,443,69
00001132.jpg,163,13,253,113,444,68
00001133.jpg,163,13,253,113,443,67
00001134.jpg,163,12,253,112,442,66
00001135.jpg,163,11,253,111,442,66
00001136.jpg,163,10,253,110,443,64
00001137.jpg,163,10,253,110,443,64
00001138.jpg,163,9,253,109,443,63
00001139.jpg,163,9,253,109,442,61
