00000990.jpg,429,9,493,83,234,35
00000991.jpg,429,9,493,83,234,35
00000992.jpg,429,9,493,83,234,35
00000993.jpg,429,9,493,83,235,33
00000994.jpg,429,9,493,83,235,34
00000995.jpg,429,9,493,83,235,34
00000996.jpg,429,9,493,83,235,35
00000997.jpg,428,9,492,83,235,37
00000998.jpg,426,9,490,83,232,40
00000999.jpg,424,9,488,83,232,40
00001000.jpg,424,9,488,83,230,43
00001001.jpg,423,11,487,85,228,41
00001002.jpg,418,9,487,91,256,195
00001003.jpg,418,9,487,91,260,335
00001004.jpg,417,11,486,93,260,335
00001005.jpg,418,13,487,95,260,336
00001006.jpg,418,13,487,95,259,335
00001007.jpg,420,15,489,97,260,335
00001008.jpg,423,16,492,98,261,335
00001009.jpg,425,15,494,97,258,335
00001010.jpg,424,14,494,101,260,336
00001011.jpg,424,14,494,101,258,335
00001012.jpg,426,10,496,97,254,335
00001013.jpg,428,9,498,96,250,335
00001014.jpg,429,8,499,95,247,335
00001015.jpg,429,8,499,95,246,335
00001016.jpg,430,9,500,96,242,335
00001017.jpg,431,9,501,96,239,336
00001018.jpg,433,9,503,96,236,336
00001019.jpg,435,9,505,96,236,335
00001020.jpg,435,9,505,96,233,335
00001021.jpg,436,10,506,97,232,334
00001022.jpg,437,10,507,97,234,336
00001023.jpg,437,11,514,96,232,335
00001024.jpg,437,11,514,96,233,335
00001025.jpg,437,11,514,96,234,336
00001026.jpg,436,13,517,104,232,335
00001027.jpg,432,14,515,108,233,335
00001028.jpg,432,14,515,108,234,336
00001029.jpg,431,14,514,108,233,336
00001030.jpg,431,14,514,108,234,335
00001031.jpg,429,15,512,109,236,335
00001032.jpg,428,14,511,108,238,336
00001033.jpg,426,13,509,107,240,336
00001034.jpg,426,13,509,107,241,336
00001035.jpg,427,10,510,104,243,337
00001036.jpg,429,9,512,103,240,337
00001037.jpg,429,9,512,103,242,337
00001038.jpg,429,9,512,103,241,337
00001039.jpg,422,9,508,105,246,336
00001040.jpg,422,9,508,105,251,335
00001041.jpg,423,8,509,104,254,335
00001042.jpg,423,7,509,103,252,336
00001043.jpg,422,6,508,102,255,336
00001044.jpg,422,6,508,102,255,336
00001045.jpg,421,7,507,103,254,336
00001046.jpg,420,8,506,104,255,336
00001047.jpg,418,8,504,104,253,336
00001048.jpg,415,8,501,104,251,336
00001049.jpg,413,9,499,105,248,336
00001050.jpg,413,9,499,105,248,336
00001051.jpg,410,7,506,108,246,336
00001052.jpg,409,8,505,109,243,337
00001053.jpg,409,9,505,110,245,337
00001054.jpg,409,9,505,110,245,337
00001055.jpg,409,10,505,111,244,336
00001056.jpg,408,9,504,110,207,266
00001057.jpg,408,8,504,109,212,256
00001058.jpg,402,6,503,111,180,152
00001059.jpg,402,6,503,111,201,55
00001060.jpg,402,6,503,111,198,55
00001061.jpg,394,6,500,112,199,56
00001062.jpg,394,6,500,112,194,56
00001063.jpg,391,6,497,112,192,56
00001064.jpg,388,6,494,112,194,58
00001065.jpg,388,6,494,112,193,56
00001066.jpg,385,6,491,112,194,56
00001067.jpg,383,6,489,112,195,55
00001068.jpg,379,6,485,112,197,57
00001069.jpg,375,6,481,112,200,57
00001070.jpg,375,6,481,112,199,58
00001071.jpg,374,6,480,112,204,59
00001072.jpg,372,6,478,112,208,58
00001073.jpg,370,6,476,112,208,58
00001074.jpg,371,6,477,112,209,58
00001075.jpg,371,6,477,112,212,57
00001076.jpg,372,9,485,121,214,56
00001077.jpg,372,9,485,121,218,55
00001078.jpg,373,9,486,121,250,224
00001079.jpg,367,8,475,125,250,223
00001080.jpg,361,9,484,132,241,330
00001081.jpg,361,9,484,132,243,331
00001082.jpg,362,9,485,132,242,330
00001083.jpg,360,10,483,133,243,331
00001084.jpg,360,10,483,133,244,331
00001085.jpg,359,10,482,133,246,334
00001086.jpg,357,11,480,134,246,334
00001087.jpg,355,12,478,135,246,334
00001088.jpg,354,12,477,135,247,334
00001089.jpg,354,12,477,135,248,334
00001090.jpg,354,12,477,135,248,334
00001091.jpg,355,11,478,134,248,334
00001092.jpg,357,10,480,133,249,334
00001093.jpg,358,9,481,132,250,334
00001094.jpg,358,9,481,132,252,335
00001095.jpg,358,9,481,132,252,335
00001096.jpg,358,9,481,132,252,335
00001097.jpg,359,9,482,132,254,335
00001098.jpg,360,9,483,132,253,337
00001099.jpg,360,9,483,132,253,337
00001100.jpg,361,9,484,132,253,337
00001101.jpg,362,8,485,131,253,337
00001102.jpg,363,8,486,131,253,337
00001103.jpg,365,8,488,131,252,338
00001104.jpg,365,8,488,131,252,338
00001105.jpg,366,8,489,131,-1,-1
00001106.jpg,368,8,491,131,-1,-1
00001107.jpg,371,8,494,131,-1,-1
00001108.jpg,371,8,494,131,-1,-1
00001109.jpg,375,8,498,131,-1,-1
00001110.jpg,379,8,502,131,-1,-1
00001111.jpg,380,8,503,131,-1,-1
00001112.jpg,381,9,504,132,-1,-1
00001113.jpg,381,9,504,132,-1,-1
00001114.jpg,381,9,504,132,-1,-1
00001115.jpg,384,9,509,133,-1,-1
00001116.jpg,384,9,509,133,-1,-1
00001117.jpg,386,9,511,133,-1,-1
00001118.jpg,388,10,513,134,-1,-1
00001119.jpg,389,10,514,134,-1,-1
00001120.jpg,391,11,516,135,-1,-1
00001121.jpg,394,12,519,136,-1,-1
00001122.jpg,397,13,522,137,-1,-1
00001123.jpg,397,13,522,137,-1,-1
00001124.jpg,399,14,524,138,-1,-1
00001125.jpg,403,15,528,139,-1,-1
00001126.jpg,407,13,532,137,-1,-1
00001127.jpg,410,12,535,136,-1,-1
00001128.jpg,410,12,535,136,-1,-1
00001129.jpg,412,10,537,134,-1,-1
00001130.jpg,413,10,538,134,-1,-1
00001131.jpg,413,9,538,133,-1,-1
00001132.jpg,412,9,537,133,-1,-1
00001133.jpg,412,9,537,133,-1,-1
00001134.jpg,412,8,537,132,-1,-1
00001135.jpg,412,8,537,132,-1,-1
00001136.jpg,412,6,537,130,-1,-1
00001137.jpg,412,6,537,130,-1,-1
00001138.jpg,412,5,537,129,-1,-1
00001139.jpg,412,5,537,129,-1,-1
