00006469.jpg,592,45,886,365,-1,-1
00006470.jpg,592,45,886,365,-1,-1
00006471.jpg,592,45,886,365,-1,-1
00006472.jpg,592,45,886,365,-1,-1
00006473.jpg,593,45,887,365,-1,-1
00006474.jpg,593,44,887,364,-1,-1
00006475.jpg,593,44,887,364,-1,-1
00006476.jpg,593,44,887,364,-1,-1
00006477.jpg,592,44,886,364,-1,-1
00006478.jpg,592,44,886,364,-1,-1
00006479.jpg,593,45,887,365,-1,-1
00006480.jpg,593,46,887,366,-1,-1
00006481.jpg,594,47,888,367,-1,-1
00006482.jpg,594,47,888,367,-1,-1
00006483.jpg,594,47,888,367,-1,-1
00006484.jpg,595,46,889,366,-1,-1
00006485.jpg,594,45,888,365,-1,-1
00006486.jpg,594,45,888,365,-1,-1
00006487.jpg,593,44,887,364,-1,-1
00006488.jpg,593,43,887,363,-1,-1
00006489.jpg,593,43,887,363,-1,-1
00006490.jpg,593,42,887,362,-1,-1
00006491.jpg,592,41,886,361,-1,-1
00006492.jpg,591,41,885,361,-1,-1
00006493.jpg,588,41,882,361,-1,-1
00006494.jpg,587,42,881,362,-1,-1
00006495.jpg,587,42,881,362,-1,-1
00006496.jpg,586,41,880,361,-1,-1
00006497.jpg,586,40,880,360,-1,-1
00006498.jpg,587,38,881,358,-1,-1
00006499.jpg,588,36,882,356,-1,-1
00006500.jpg,589,34,883,354,-1,-1
00006501.jpg,590,33,884,353,-1,-1
00006502.jpg,591,32,885,352,-1,-1
00006503.jpg,591,31,885,351,-1,-1
00006504.jpg,591,31,885,351,-1,-1
00006505.jpg,592,32,886,352,-1,-1
00006506.jpg,593,32,887,352,-1,-1
00006507.jpg,593,32,887,352,-1,-1
00006508.jpg,594,33,888,353,-1,-1
00006509.jpg,596,34,890,354,-1,-1
00006510.jpg,598,34,892,354,-1,-1
00006511.jpg,601,35,895,355,-1,-1
00006512.jpg,603,35,897,355,-1,-1
00006513.jpg,607,35,901,355,-1,-1
00006514.jpg,610,35,904,355,-1,-1
00006515.jpg,613,34,907,354,-1,-1
00006516.jpg,615,33,909,353,-1,-1
00006517.jpg,617,32,911,352,-1,-1
00006518.jpg,620,32,914,352,-1,-1
00006519.jpg,621,31,915,351,-1,-1
00006520.jpg,624,31,918,351,-1,-1
00006521.jpg,626,31,920,351,-1,-1
00006522.jpg,627,31,921,351,-1,-1
00006523.jpg,626,31,920,351,-1,-1
00006524.jpg,627,32,921,352,-1,-1
00006525.jpg,627,33,921,353,-1,-1
00006526.jpg,627,33,921,353,-1,-1
00006527.jpg,628,34,922,354,-1,-1
00006528.jpg,628,34,922,354,-1,-1
00006529.jpg,629,33,923,353,-1,-1
00006530.jpg,630,33,924,353,-1,-1
00006531.jpg,632,32,926,352,-1,-1
00006532.jpg,634,31,928,351,-1,-1
00006533.jpg,638,31,932,351,-1,-1
00006534.jpg,642,30,936,350,-1,-1
00006535.jpg,646,29,940,349,-1,-1
00006536.jpg,651,28,945,348,-1,-1
00006537.jpg,656,27,950,347,-1,-1
00006538.jpg,661,27,955,347,-1,-1
00006539.jpg,667,28,961,348,-1,-1
00006540.jpg,671,28,965,348,-1,-1
00006541.jpg,676,29,970,349,-1,-1
00006542.jpg,679,30,973,350,-1,-1
00006543.jpg,683,30,977,350,-1,-1
00006544.jpg,686,30,980,350,-1,-1
00006545.jpg,689,29,983,349,-1,-1
00006546.jpg,690,29,984,349,-1,-1
00006547.jpg,691,28,985,348,-1,-1
00006548.jpg,691,27,985,347,-1,-1
00006549.jpg,690,26,984,346,-1,-1
00006550.jpg,690,25,984,345,-1,-1
00006551.jpg,688,24,982,344,-1,-1
00006552.jpg,687,24,981,344,-1,-1
00006553.jpg,686,24,980,344,-1,-1
00006554.jpg,685,24,979,344,-1,-1
00006555.jpg,684,23,978,343,-1,-1
00006556.jpg,683,22,977,342,-1,-1
00006557.jpg,683,21,977,341,-1,-1
00006558.jpg,683,20,977,340,-1,-1
00006559.jpg,683,19,977,339,-1,-1
00006560.jpg,682,18,976,338,-1,-1
00006561.jpg,682,17,976,337,-1,-1
00006562.jpg,681,16,975,336,-1,-1
00006563.jpg,681,16,975,336,-1,-1
00006564.jpg,681,16,975,336,-1,-1
00006565.jpg,681,16,975,336,-1,-1
00006566.jpg,682,17,976,337,-1,-1
00006567.jpg,683,18,977,338,-1,-1
00006568.jpg,684,19,978,339,-1,-1
00006569.jpg,686,20,980,340,-1,-1
00006570.jpg,687,20,981,340,-1,-1
00006571.jpg,688,21,982,341,-1,-1
00006572.jpg,689,22,983,342,-1,-1
00006573.jpg,690,23,984,343,-1,-1
00006574.jpg,691,24,985,344,-1,-1
00006575.jpg,691,24,985,344,-1,-1
00006576.jpg,692,25,986,345,-1,-1
00006577.jpg,692,26,986,346,-1,-1
00006578.jpg,693,27,987,347,-1,-1
00006579.jpg,693,27,987,347,-1,-1
00006580.jpg,693,28,987,348,-1,-1
00006581.jpg,694,28,988,348,-1,-1
00006582.jpg,694,28,988,348,-1,-1
00006583.jpg,694,27,988,347,-1,-1
00006584.jpg,695,27,989,347,-1,-1
00006585.jpg,695,27,989,347,-1,-1
00006586.jpg,695,26,989,346,-1,-1
00006587.jpg,696,26,990,346,-1,-1
00006588.jpg,696,26,990,346,-1,-1
00006589.jpg,696,27,990,347,-1,-1
00006590.jpg,696,27,990,347,-1,-1
00006591.jpg,696,28,990,348,-1,-1
00006592.jpg,696,28,990,348,-1,-1
00006593.jpg,696,29,990,349,-1,-1
00006594.jpg,696,30,990,350,-1,-1
00006595.jpg,696,31,990,351,-1,-1
00006596.jpg,695,31,989,351,-1,-1
00006597.jpg,695,31,989,351,-1,-1
00006598.jpg,693,30,987,350,-1,-1
00006599.jpg,692,31,986,351,-1,-1
00006600.jpg,691,31,985,351,-1,-1
00006601.jpg,689,31,983,351,-1,-1
00006602.jpg,689,32,983,352,-1,-1
00006603.jpg,687,32,981,352,-1,-1
00006604.jpg,687,33,981,353,-1,-1
00006605.jpg,685,33,979,353,-1,-1
00006606.jpg,685,34,979,354,-1,-1
00006607.jpg,683,35,977,355,-1,-1
00006608.jpg,682,36,976,356,-1,-1
00006609.jpg,682,37,976,357,-1,-1
00006610.jpg,681,38,975,358,-1,-1
00006611.jpg,680,39,974,359,-1,-1
00006612.jpg,680,40,974,360,1390,304
00006613.jpg,680,41,974,361,1390,304
00006614.jpg,680,42,974,362,1390,304
00006615.jpg,681,44,975,364,1390,304
00006616.jpg,681,45,975,365,1390,304
00006617.jpg,681,46,975,366,1390,304
00006618.jpg,681,47,975,367,1390,304
00006619.jpg,681,48,975,368,1390,304
00006620.jpg,680,48,974,368,1390,304
00006621.jpg,679,48,973,368,1390,304
00006622.jpg,679,49,973,369,1390,303
00006623.jpg,677,49,971,369,1390,303
00006624.jpg,676,50,970,370,1390,301
00006625.jpg,675,50,969,370,1392,300
00006626.jpg,674,51,968,371,1391,300
00006627.jpg,672,52,966,372,1391,300
00006628.jpg,671,53,965,373,1387,300
00006629.jpg,670,53,964,373,1382,300
00006630.jpg,669,53,963,373,1382,300
00006631.jpg,668,53,962,373,1378,304
00006632.jpg,667,53,961,373,1377,305
00006633.jpg,666,54,960,374,1377,305
00006634.jpg,665,54,959,374,1375,305
00006635.jpg,665,55,959,375,1375,305
00006636.jpg,665,56,959,376,1375,305
00006637.jpg,664,56,958,376,1375,305
00006638.jpg,664,57,958,377,-1,-1
00006639.jpg,664,58,958,378,-1,-1
00006640.jpg,663,59,957,379,-1,-1
00006641.jpg,662,59,956,379,-1,-1
00006642.jpg,662,61,956,381,-1,-1
00006643.jpg,662,62,956,382,-1,-1
00006644.jpg,662,63,956,383,-1,-1
00006645.jpg,662,64,956,384,-1,-1
00006646.jpg,663,66,957,386,-1,-1
00006647.jpg,664,67,958,387,-1,-1
00006648.jpg,665,68,959,388,-1,-1
00006649.jpg,665,68,959,388,-1,-1
00006650.jpg,667,69,961,389,-1,-1
00006651.jpg,667,70,961,390,-1,-1
00006652.jpg,667,70,961,390,-1,-1
00006653.jpg,668,71,962,391,-1,-1
00006654.jpg,668,71,962,391,-1,-1
00006655.jpg,669,72,963,392,-1,-1
00006656.jpg,670,72,964,392,-1,-1
00006657.jpg,671,73,965,393,-1,-1
00006658.jpg,672,73,966,393,-1,-1
00006659.jpg,672,74,966,394,-1,-1
00006660.jpg,672,75,966,395,-1,-1
00006661.jpg,672,76,966,396,-1,-1
00006662.jpg,671,76,965,396,-1,-1
00006663.jpg,670,75,964,395,-1,-1
00006664.jpg,669,74,963,394,-1,-1
00006665.jpg,669,73,963,393,-1,-1
00006666.jpg,669,72,963,392,-1,-1
00006667.jpg,669,71,963,391,-1,-1
00006668.jpg,669,70,963,390,-1,-1
00006669.jpg,671,70,965,390,-1,-1
00006670.jpg,670,70,964,390,-1,-1
00006671.jpg,670,71,964,391,-1,-1
00006672.jpg,669,72,963,392,-1,-1
00006673.jpg,669,74,963,394,-1,-1
00006674.jpg,669,75,963,395,-1,-1
00006675.jpg,669,76,963,396,-1,-1
00006676.jpg,669,77,963,397,-1,-1
00006677.jpg,669,77,963,397,-1,-1
