00006469.jpg,1232,138,1664,578,796,145
00006470.jpg,1232,138,1664,578,801,145
00006471.jpg,1232,138,1664,578,801,145
00006472.jpg,1232,138,1664,578,801,145
00006473.jpg,1226,138,1658,578,801,145
00006474.jpg,1220,138,1652,578,801,146
00006475.jpg,1216,137,1648,577,801,148
00006476.jpg,1213,134,1645,574,801,148
00006477.jpg,1211,133,1643,573,800,149
00006478.jpg,1209,132,1641,572,798,149
00006479.jpg,1208,132,1640,572,800,149
00006480.jpg,1207,132,1639,572,800,150
00006481.jpg,1206,132,1638,572,801,151
00006482.jpg,1205,132,1637,572,802,153
00006483.jpg,1204,132,1636,572,805,154
00006484.jpg,1204,131,1636,571,805,154
00006485.jpg,1204,131,1636,571,805,154
00006486.jpg,1204,131,1636,571,803,154
00006487.jpg,1204,130,1636,570,803,154
00006488.jpg,1205,129,1637,569,803,154
00006489.jpg,1205,129,1637,569,803,150
00006490.jpg,1204,129,1636,569,803,148
00006491.jpg,1202,129,1634,569,803,148
00006492.jpg,1198,129,1630,569,803,148
00006493.jpg,1194,130,1626,570,803,148
00006494.jpg,1191,132,1623,572,797,148
00006495.jpg,1188,133,1620,573,796,148
00006496.jpg,1185,132,1617,572,796,148
00006497.jpg,1181,131,1613,571,797,148
00006498.jpg,1175,131,1607,571,797,148
00006499.jpg,1169,131,1601,571,797,148
00006500.jpg,1163,132,1595,572,800,148
00006501.jpg,1156,132,1588,572,800,148
00006502.jpg,1150,131,1582,571,800,148
00006503.jpg,1147,130,1579,570,800,148
00006504.jpg,1143,131,1575,571,803,146
00006505.jpg,1140,131,1572,571,803,146
00006506.jpg,1137,132,1569,572,805,146
00006507.jpg,1134,133,1566,573,805,146
00006508.jpg,1132,134,1564,574,805,146
00006509.jpg,1132,135,1564,575,805,146
00006510.jpg,1134,135,1566,575,811,146
00006511.jpg,1136,134,1568,574,815,150
00006512.jpg,1139,132,1571,572,816,150
00006513.jpg,1142,131,1574,571,820,150
00006514.jpg,1147,129,1579,569,823,150
00006515.jpg,1151,126,1583,566,827,150
00006516.jpg,1156,123,1588,563,831,150
00006517.jpg,1161,120,1593,560,832,150
00006518.jpg,1167,117,1599,557,837,150
00006519.jpg,1173,114,1605,554,837,150
00006520.jpg,1178,112,1610,552,840,150
00006521.jpg,1183,110,1615,550,840,150
00006522.jpg,1187,110,1619,550,840,150
00006523.jpg,1191,110,1623,550,841,150
00006524.jpg,1195,111,1627,551,841,150
00006525.jpg,1199,111,1631,551,841,150
00006526.jpg,1203,111,1635,551,841,150
00006527.jpg,1208,111,1640,551,846,248
00006528.jpg,1212,111,1644,551,846,245
00006529.jpg,1218,110,1650,550,845,244
00006530.jpg,1224,109,1656,549,847,244
00006531.jpg,1231,107,1663,547,848,246
00006532.jpg,1238,106,1670,546,843,246
00006533.jpg,1245,105,1677,545,848,246
00006534.jpg,1251,105,1683,545,853,246
00006535.jpg,1257,104,1689,544,860,246
00006536.jpg,1263,103,1695,543,865,246
00006537.jpg,1268,104,1700,544,865,249
00006538.jpg,1272,105,1704,545,870,249
00006539.jpg,1276,106,1708,546,873,249
00006540.jpg,1278,108,1710,548,875,249
00006541.jpg,1280,110,1712,550,875,249
00006542.jpg,1282,112,1714,552,875,250
00006543.jpg,1283,114,1715,554,878,255
00006544.jpg,1285,114,1717,554,880,259
00006545.jpg,1286,116,1718,556,881,259
00006546.jpg,1286,117,1718,557,882,263
00006547.jpg,1286,117,1718,557,882,263
00006548.jpg,1286,116,1718,556,882,263
00006549.jpg,1286,115,1718,555,883,263
00006550.jpg,1286,115,1718,555,883,263
00006551.jpg,1286,115,1718,555,885,263
00006552.jpg,1286,115,1718,555,880,263
00006553.jpg,1286,115,1718,555,873,264
00006554.jpg,1286,115,1718,555,892,155
00006555.jpg,1287,115,1719,555,895,155
00006556.jpg,1288,115,1720,555,892,155
00006557.jpg,1290,114,1722,554,893,155
00006558.jpg,1291,114,1723,554,892,153
00006559.jpg,1293,113,1725,553,887,153
00006560.jpg,1295,111,1727,551,890,153
00006561.jpg,1297,110,1729,550,891,153
00006562.jpg,1299,109,1731,549,891,151
00006563.jpg,1301,108,1733,548,886,151
00006564.jpg,1303,108,1735,548,885,149
00006565.jpg,1306,108,1738,548,883,145
00006566.jpg,1308,109,1740,549,880,143
00006567.jpg,1311,110,1743,550,875,143
00006568.jpg,1314,110,1746,550,878,143
00006569.jpg,1316,111,1748,551,873,143
00006570.jpg,1299,124,1731,553,873,143
00006571.jpg,1299,124,1731,553,876,143
00006572.jpg,1302,124,1734,553,875,143
00006573.jpg,1304,125,1736,554,873,143
00006574.jpg,1307,125,1739,554,872,143
00006575.jpg,1309,125,1741,554,873,143
00006576.jpg,1311,125,1743,554,873,141
00006577.jpg,1313,125,1745,554,870,141
00006578.jpg,1315,125,1747,554,875,141
00006579.jpg,1316,125,1748,554,872,141
00006580.jpg,1317,125,1749,554,871,141
00006581.jpg,1318,125,1750,554,873,141
00006582.jpg,1319,124,1751,553,872,141
00006583.jpg,1319,124,1751,553,870,140
00006584.jpg,1319,123,1751,552,872,140
00006585.jpg,1319,123,1751,552,871,140
00006586.jpg,1319,123,1751,552,871,140
00006587.jpg,1319,123,1751,552,872,140
00006588.jpg,1319,123,1751,552,875,140
00006589.jpg,1318,124,1750,553,871,140
00006590.jpg,1318,124,1750,553,872,141
00006591.jpg,1317,125,1749,554,870,144
00006592.jpg,1316,126,1748,555,872,144
00006593.jpg,1315,127,1747,556,873,144
00006594.jpg,1314,128,1746,557,875,144
00006595.jpg,1314,129,1746,558,875,145
00006596.jpg,1313,129,1745,558,877,146
00006597.jpg,1312,128,1744,557,881,148
00006598.jpg,1312,128,1744,557,858,248
00006599.jpg,1310,128,1742,557,860,246
00006600.jpg,1309,129,1741,558,860,246
00006601.jpg,1308,129,1740,558,861,246
00006602.jpg,1307,130,1739,559,861,246
00006603.jpg,1306,131,1738,560,862,246
00006604.jpg,1305,132,1737,561,865,246
00006605.jpg,1304,133,1736,562,866,246
00006606.jpg,1303,134,1735,563,866,246
00006607.jpg,1302,135,1734,564,866,246
00006608.jpg,1302,136,1734,565,866,246
00006609.jpg,1301,137,1733,566,866,246
00006610.jpg,1300,138,1732,567,877,164
00006611.jpg,1300,139,1732,568,876,163
00006612.jpg,1300,139,1732,568,878,163
00006613.jpg,1300,139,1732,568,878,164
00006614.jpg,1299,141,1731,570,875,164
00006615.jpg,1299,141,1731,570,880,164
00006616.jpg,1299,142,1731,571,882,165
00006617.jpg,1299,142,1731,571,885,166
00006618.jpg,1299,142,1731,571,887,169
00006619.jpg,1298,142,1730,571,887,170
00006620.jpg,1298,142,1730,571,888,170
00006621.jpg,1297,141,1729,570,886,170
00006622.jpg,1297,141,1729,570,885,170
00006623.jpg,1296,142,1728,571,882,170
00006624.jpg,1294,143,1726,572,881,170
00006625.jpg,1293,143,1725,572,877,174
00006626.jpg,1291,144,1723,573,873,174
00006627.jpg,1289,145,1721,574,871,174
00006628.jpg,1288,145,1720,574,873,174
00006629.jpg,1286,146,1718,575,872,174
00006630.jpg,1285,146,1717,575,871,173
00006631.jpg,1284,147,1716,576,871,173
00006632.jpg,1282,148,1714,577,865,173
00006633.jpg,1281,148,1713,577,866,173
00006634.jpg,1280,149,1712,578,862,176
00006635.jpg,1278,151,1710,580,861,176
00006636.jpg,1278,151,1710,580,862,178
00006637.jpg,1277,152,1709,581,857,178
00006638.jpg,1277,152,1709,581,838,266
00006639.jpg,1278,152,1710,581,836,263
00006640.jpg,1276,154,1708,583,836,263
00006641.jpg,1276,155,1708,584,835,263
00006642.jpg,1276,157,1708,586,833,263
00006643.jpg,1275,159,1707,588,830,263
00006644.jpg,1274,161,1706,590,830,263
00006645.jpg,1274,162,1706,591,830,264
00006646.jpg,1274,163,1706,592,830,265
00006647.jpg,1274,164,1706,593,830,268
00006648.jpg,1275,165,1707,594,833,271
00006649.jpg,1275,166,1707,595,835,273
00006650.jpg,1276,166,1708,595,835,273
00006651.jpg,1275,167,1707,596,835,275
00006652.jpg,1276,167,1708,596,835,275
00006653.jpg,1276,168,1708,597,835,275
00006654.jpg,1277,168,1709,597,835,275
00006655.jpg,1278,168,1710,597,830,275
00006656.jpg,1280,168,1712,597,830,275
00006657.jpg,1281,169,1713,598,840,275
00006658.jpg,1282,169,1714,598,840,275
00006659.jpg,1283,169,1715,598,843,275
00006660.jpg,1283,169,1715,598,845,278
00006661.jpg,1282,170,1714,599,845,278
00006662.jpg,1282,170,1714,599,838,284
00006663.jpg,1281,169,1713,598,831,284
00006664.jpg,1281,168,1713,597,831,284
00006665.jpg,1280,167,1712,596,827,284
00006666.jpg,1279,167,1711,596,825,284
00006667.jpg,1280,166,1712,595,822,284
00006668.jpg,1280,166,1712,595,822,284
00006669.jpg,1281,165,1713,594,822,284
00006670.jpg,1280,165,1712,594,826,281
00006671.jpg,1280,165,1712,594,828,280
00006672.jpg,1278,166,1710,595,831,280
00006673.jpg,1278,166,1710,595,833,280
00006674.jpg,1278,167,1710,596,833,280
00006675.jpg,1277,169,1709,598,833,280
00006676.jpg,1277,169,1709,598,833,280
00006677.jpg,1277,169,1709,598,827,280
