00001006.jpg,210,134,516,464,693,271
00001007.jpg,210,134,516,464,689,270
00001008.jpg,210,134,516,464,686,270
00001009.jpg,210,134,516,464,682,274
00001010.jpg,211,134,517,464,682,274
00001011.jpg,213,133,519,463,681,273
00001012.jpg,216,133,522,463,683,273
00001013.jpg,217,132,523,462,681,274
00001014.jpg,219,132,525,462,681,274
00001015.jpg,220,132,526,462,681,274
00001016.jpg,222,133,528,463,680,274
00001017.jpg,224,135,530,465,679,275
00001018.jpg,226,137,532,467,676,277
00001019.jpg,227,138,533,468,675,277
00001020.jpg,227,141,533,471,671,279
00001021.jpg,227,143,533,473,663,279
00001022.jpg,225,146,531,476,656,283
00001023.jpg,223,147,529,477,654,283
00001024.jpg,220,146,526,476,643,283
00001025.jpg,217,143,523,473,635,282
00001026.jpg,215,142,521,472,630,283
00001027.jpg,213,141,519,471,623,282
00001028.jpg,212,141,518,471,616,283
00001029.jpg,210,141,516,471,608,284
00001030.jpg,207,141,513,471,602,284
00001031.jpg,206,142,512,472,592,285
00001032.jpg,206,142,512,472,584,287
00001033.jpg,207,141,513,471,574,291
00001034.jpg,209,140,515,470,565,293
00001035.jpg,213,139,519,469,555,291
00001036.jpg,219,139,525,469,546,294
00001037.jpg,224,137,530,467,-1,-1
00001038.jpg,223,134,529,464,-1,-1
00001039.jpg,238,132,535,462,-1,-1
00001040.jpg,254,134,551,464,-1,-1
00001041.jpg,272,134,569,464,-1,-1
