00001006.jpg,646,62,977,428,-1,-1
00001007.jpg,646,62,977,428,-1,-1
00001008.jpg,646,62,977,428,-1,-1
00001009.jpg,646,62,977,428,-1,-1
00001010.jpg,644,63,975,429,-1,-1
00001011.jpg,643,64,974,430,-1,-1
00001012.jpg,642,66,973,432,-1,-1
00001013.jpg,641,67,972,433,-1,-1
00001014.jpg,641,68,972,434,-1,-1
00001015.jpg,643,70,974,436,418,300
00001016.jpg,642,71,973,437,418,303
00001017.jpg,641,73,972,439,420,303
00001018.jpg,639,74,970,440,424,306
00001019.jpg,636,76,967,442,426,309
00001020.jpg,630,77,961,443,428,314
00001021.jpg,620,75,935,436,428,316
00001022.jpg,620,75,935,436,423,317
00001023.jpg,613,75,928,436,423,319
00001024.jpg,605,75,920,436,421,317
00001025.jpg,598,75,913,436,417,315
00001026.jpg,591,75,906,436,416,315
00001027.jpg,584,75,899,436,414,315
00001028.jpg,576,75,891,436,407,311
00001029.jpg,567,75,882,436,408,318
00001030.jpg,559,75,874,436,404,315
00001031.jpg,550,75,865,436,404,314
00001032.jpg,540,76,855,437,408,315
00001033.jpg,530,78,845,439,412,315
00001034.jpg,520,79,835,440,411,315
00001035.jpg,511,81,826,442,415,314
00001036.jpg,502,82,817,443,420,315
00001037.jpg,495,84,810,445,429,311
00001038.jpg,487,86,802,447,444,307
00001039.jpg,476,89,791,450,151,511
00001040.jpg,469,95,784,456,177,500
00001041.jpg,453,98,768,459,198,491
00001042.jpg,435,101,750,462,232,471
00001043.jpg,408,103,735,443,269,452
00001044.jpg,408,103,735,443,280,444
00001045.jpg,400,109,727,449,285,443
00001046.jpg,394,116,721,456,319,432
00001047.jpg,390,118,717,458,336,423
00001048.jpg,389,119,716,459,340,424
00001049.jpg,393,115,720,455,356,419
00001050.jpg,393,115,720,455,379,417
