00006533.jpg,1070,66,1437,466,-1,-1
00006534.jpg,1070,66,1437,466,-1,-1
00006535.jpg,1070,66,1437,466,-1,-1
00006536.jpg,1070,66,1437,466,-1,-1
00006537.jpg,1071,65,1438,465,-1,-1
00006538.jpg,1072,62,1439,462,-1,-1
00006539.jpg,1072,62,1439,462,-1,-1
00006540.jpg,1074,60,1441,460,-1,-1
00006541.jpg,1077,58,1444,458,-1,-1
00006542.jpg,1079,57,1446,457,-1,-1
00006543.jpg,1080,57,1447,457,-1,-1
00006544.jpg,1080,56,1447,456,-1,-1
00006545.jpg,1081,56,1448,456,-1,-1
00006546.jpg,1082,56,1449,456,-1,-1
00006547.jpg,1083,56,1450,456,-1,-1
00006548.jpg,1083,55,1450,455,-1,-1
00006549.jpg,1084,55,1451,455,-1,-1
00006550.jpg,1084,54,1451,454,-1,-1
00006551.jpg,1085,54,1452,454,-1,-1
00006552.jpg,1085,54,1452,454,-1,-1
00006553.jpg,1085,54,1452,454,-1,-1
00006554.jpg,1085,54,1452,454,-1,-1
00006555.jpg,1085,53,1452,453,-1,-1
00006556.jpg,1085,53,1452,453,-1,-1
00006557.jpg,1086,53,1453,453,-1,-1
00006558.jpg,1086,52,1453,452,-1,-1
00006559.jpg,1086,52,1453,452,-1,-1
00006560.jpg,1087,51,1454,451,-1,-1
00006561.jpg,1088,50,1455,450,-1,-1
00006562.jpg,1088,49,1455,449,-1,-1
00006563.jpg,1088,49,1455,449,-1,-1
00006564.jpg,1088,48,1455,448,-1,-1
00006565.jpg,1088,48,1455,448,-1,-1
00006566.jpg,1088,48,1455,448,-1,-1
00006567.jpg,1088,48,1455,448,-1,-1
00006568.jpg,1088,49,1455,449,-1,-1
00006569.jpg,1088,49,1455,449,-1,-1
00006570.jpg,1088,49,1455,449,-1,-1
00006571.jpg,1087,50,1454,450,-1,-1
00006572.jpg,1087,50,1454,450,-1,-1
00006573.jpg,1087,49,1454,449,-1,-1
00006574.jpg,1087,49,1454,449,-1,-1
00006575.jpg,1087,49,1454,449,-1,-1
00006576.jpg,1088,48,1455,448,-1,-1
00006577.jpg,1090,48,1457,448,-1,-1
00006578.jpg,1090,48,1457,448,-1,-1
00006579.jpg,1091,48,1458,448,-1,-1
00006580.jpg,1089,47,1456,447,-1,-1
00006581.jpg,1088,46,1455,446,-1,-1
00006582.jpg,1086,45,1453,445,-1,-1
00006583.jpg,1084,45,1451,445,-1,-1
00006584.jpg,1084,45,1451,445,-1,-1
00006585.jpg,1083,45,1450,445,-1,-1
00006586.jpg,1081,47,1448,447,-1,-1
00006587.jpg,1080,52,1447,452,-1,-1
00006588.jpg,1079,57,1446,457,-1,-1
00006589.jpg,1079,57,1446,457,-1,-1
00006590.jpg,1079,59,1446,459,-1,-1
00006591.jpg,1078,58,1445,458,-1,-1
00006592.jpg,1080,59,1447,459,-1,-1
00006593.jpg,1081,58,1448,458,-1,-1
00006594.jpg,1081,58,1448,458,-1,-1
00006595.jpg,1081,57,1448,457,-1,-1
00006596.jpg,1081,56,1448,456,-1,-1
00006597.jpg,1081,58,1448,458,-1,-1
00006598.jpg,1081,60,1448,460,-1,-1
00006599.jpg,1081,60,1448,460,-1,-1
00006600.jpg,1082,63,1449,463,-1,-1
00006601.jpg,1085,67,1452,467,-1,-1
00006602.jpg,1087,66,1454,466,-1,-1
00006603.jpg,1088,64,1455,464,-1,-1
00006604.jpg,1088,64,1455,464,-1,-1
00006605.jpg,1087,64,1454,464,-1,-1
00006606.jpg,1085,65,1452,465,-1,-1
00006607.jpg,1084,67,1451,467,-1,-1
00006608.jpg,1083,68,1450,468,-1,-1
00006609.jpg,1083,68,1450,468,-1,-1
00006610.jpg,1082,68,1449,468,-1,-1
00006611.jpg,1083,67,1450,467,-1,-1
00006612.jpg,1083,66,1450,466,-1,-1
00006613.jpg,1083,65,1450,465,-1,-1
00006614.jpg,1083,65,1450,465,-1,-1
00006615.jpg,1082,66,1449,466,-1,-1
00006616.jpg,1082,67,1449,467,-1,-1
00006617.jpg,1081,68,1448,468,-1,-1
00006618.jpg,1081,68,1448,468,-1,-1
00006619.jpg,1081,68,1448,468,-1,-1
00006620.jpg,1081,67,1448,467,-1,-1
00006621.jpg,1081,66,1448,466,-1,-1
00006622.jpg,1081,65,1448,465,-1,-1
00006623.jpg,1080,66,1447,466,-1,-1
00006624.jpg,1080,66,1447,466,-1,-1
