00039028.jpg,304,644,590,919,1163,304
00039029.jpg,304,644,590,919,1176,304
00039030.jpg,319,643,605,918,1186,299
00039031.jpg,335,642,621,917,1198,295
00039032.jpg,351,641,637,916,1214,295
00039033.jpg,367,639,653,914,1228,295
00039034.jpg,383,637,669,912,1244,290
00039035.jpg,399,636,685,911,1253,289
00039036.jpg,415,635,701,910,1268,289
00039037.jpg,431,634,717,909,1280,285
00039038.jpg,447,633,733,908,1285,288
00039039.jpg,463,632,749,907,1291,291
00039040.jpg,478,630,764,905,1293,293
00039041.jpg,495,630,781,905,1295,293
00039042.jpg,511,628,797,903,1300,293
00039043.jpg,528,627,814,902,1301,291
00039044.jpg,546,625,832,900,1301,291
00039045.jpg,565,622,851,897,1300,286
00039046.jpg,585,619,871,894,1301,283
00039047.jpg,608,617,894,892,1300,280
00039048.jpg,632,615,918,890,1300,280
00039049.jpg,658,612,944,887,1300,280
00039050.jpg,686,608,972,883,1295,280
00039051.jpg,711,601,997,876,1291,280
00039052.jpg,736,596,1022,871,1283,280
00039053.jpg,774,593,1060,868,1276,279
00039054.jpg,798,587,1084,862,1269,280
00039055.jpg,851,591,1099,843,1263,279
00039056.jpg,851,591,1099,843,1258,279
00039057.jpg,873,585,1121,837,1249,280
00039058.jpg,892,578,1140,830,1246,279
00039059.jpg,909,572,1157,824,1241,279
00039060.jpg,925,568,1173,820,1236,279
00039061.jpg,936,565,1184,817,1234,278
00039062.jpg,943,563,1191,815,1229,278
00039063.jpg,951,562,1199,814,1225,279
00039064.jpg,955,561,1203,813,1223,283
00039065.jpg,958,559,1206,811,1215,283
00039066.jpg,959,559,1207,811,1208,285
00039067.jpg,956,560,1204,812,1203,289
00039068.jpg,953,561,1201,813,1190,293
00039069.jpg,945,562,1193,814,1180,293
00039070.jpg,938,564,1186,816,1166,288
00039071.jpg,941,562,1181,810,1154,283
00039072.jpg,941,562,1181,810,1139,281
00039073.jpg,935,562,1175,810,1125,278
00039074.jpg,925,562,1165,810,1114,275
00039075.jpg,916,562,1156,810,1101,274
00039076.jpg,906,563,1146,811,1088,275
00039077.jpg,897,564,1137,812,1076,275
00039078.jpg,889,567,1129,815,1064,276
00039079.jpg,881,569,1121,817,1050,274
00039080.jpg,873,570,1113,818,1049,276
00039081.jpg,866,571,1106,819,1035,278
00039082.jpg,860,572,1100,820,1030,274
00039083.jpg,855,572,1095,820,1019,275
00039084.jpg,852,572,1092,820,1019,275
00039085.jpg,851,572,1091,820,1014,274
00039086.jpg,849,571,1089,819,1011,273
00039087.jpg,850,570,1090,818,1008,273
00039088.jpg,850,570,1090,818,1008,273
00039089.jpg,851,569,1091,817,1008,273
00039090.jpg,851,567,1091,815,1008,273
00039091.jpg,850,565,1090,813,1008,271
00039092.jpg,850,564,1090,812,1008,269
00039093.jpg,849,563,1089,811,1008,269
00039094.jpg,849,561,1089,809,1009,269
00039095.jpg,848,560,1088,808,1010,268
00039096.jpg,848,560,1088,808,1010,268
00039097.jpg,848,562,1088,810,1010,261
00039098.jpg,848,561,1088,809,1006,259
00039099.jpg,848,560,1088,808,996,258
00039100.jpg,849,559,1089,807,996,256
00039101.jpg,849,559,1089,807,991,256
00039102.jpg,850,558,1090,806,988,255
00039103.jpg,851,558,1091,806,983,255
00039104.jpg,852,558,1092,806,984,259
00039105.jpg,852,558,1092,806,980,259
