00039061.jpg,1384,218,1559,415,1425,406
00039062.jpg,1384,218,1559,415,1424,403
00039063.jpg,1392,217,1567,414,1424,403
00039064.jpg,1402,215,1577,412,1423,406
00039065.jpg,1410,213,1585,410,1419,410
00039066.jpg,1418,212,1593,409,1329,266
00039067.jpg,1427,210,1602,407,1326,271
00039068.jpg,1434,209,1609,406,1318,276
00039069.jpg,1440,208,1615,405,1311,279
00039070.jpg,1445,207,1620,404,1291,270
00039071.jpg,1450,206,1625,403,1279,266
00039072.jpg,1455,205,1630,402,1266,264
00039073.jpg,1459,204,1634,401,1258,256
00039074.jpg,1463,202,1638,399,1249,255
00039075.jpg,1468,201,1643,398,1233,254
00039076.jpg,1471,200,1646,397,1218,254
00039077.jpg,1473,199,1648,396,1206,254
00039078.jpg,1474,199,1649,396,1199,254
00039079.jpg,1475,198,1650,395,1183,253
00039080.jpg,1475,197,1650,394,1183,253
00039081.jpg,1475,196,1650,393,1165,253
00039082.jpg,1475,196,1650,393,1160,250
00039083.jpg,1476,195,1651,392,1155,250
00039084.jpg,1476,194,1651,391,1150,250
00039085.jpg,1476,193,1651,390,1144,250
00039086.jpg,1476,193,1651,390,1136,250
00039087.jpg,1476,192,1651,389,1136,250
00039088.jpg,1476,192,1651,389,1130,250
00039089.jpg,1476,192,1651,389,1130,250
00039090.jpg,1476,191,1651,388,1130,250
00039091.jpg,1476,191,1651,388,1130,250
00039092.jpg,1476,191,1651,388,1130,250
00039093.jpg,1475,190,1650,387,1121,250
00039094.jpg,1475,190,1650,387,1121,250
00039095.jpg,1475,190,1650,387,1123,246
00039096.jpg,1475,190,1650,387,1118,248
00039097.jpg,1475,190,1650,387,1115,250
00039098.jpg,1476,190,1651,387,1110,248
00039099.jpg,1475,191,1650,388,1103,246
00039100.jpg,1476,190,1651,387,1093,245
00039101.jpg,1476,190,1651,387,1085,245
00039102.jpg,1475,190,1650,387,1078,244
00039103.jpg,1475,190,1650,387,1080,244
00039104.jpg,1474,190,1649,387,1067,246
00039105.jpg,1474,190,1649,387,1061,245
