00037411.jpg,225,14,370,167,474,199
00037412.jpg,225,14,370,167,474,199
00037413.jpg,225,14,370,167,474,199
00037414.jpg,225,14,370,167,478,200
00037415.jpg,225,13,370,166,478,200
00037416.jpg,225,13,370,166,478,200
00037417.jpg,225,13,370,166,482,202
00037418.jpg,226,14,371,167,-1,-1
00037419.jpg,227,12,361,159,-1,-1
00037420.jpg,227,12,361,159,-1,-1
00037421.jpg,227,11,361,158,-1,-1
00037422.jpg,228,12,362,159,-1,-1
00037423.jpg,229,12,363,159,-1,-1
00037424.jpg,230,13,364,160,-1,-1
00037425.jpg,231,13,365,160,-1,-1
00037426.jpg,232,14,366,161,-1,-1
00037427.jpg,233,14,367,161,-1,-1
00037428.jpg,234,15,368,162,-1,-1
00037429.jpg,235,15,369,162,-1,-1
00037430.jpg,236,15,370,162,-1,-1
00037431.jpg,236,15,370,162,-1,-1
00037432.jpg,236,15,370,162,-1,-1
00037433.jpg,232,14,366,161,-1,-1
00037434.jpg,231,14,365,161,-1,-1
00037435.jpg,231,14,365,161,-1,-1
00037436.jpg,230,14,364,161,-1,-1
00037437.jpg,230,14,364,161,-1,-1
00037438.jpg,230,11,362,153,-1,-1
00037439.jpg,230,11,362,153,-1,-1
00037440.jpg,230,10,362,152,-1,-1
00037441.jpg,229,10,361,152,-1,-1
00037442.jpg,229,10,361,152,-1,-1
00037443.jpg,228,10,360,152,-1,-1
00037444.jpg,228,10,360,152,-1,-1
00037445.jpg,228,9,360,151,-1,-1
00037446.jpg,228,9,360,151,-1,-1
00037447.jpg,229,10,361,152,-1,-1
00037448.jpg,229,11,361,153,-1,-1
00037449.jpg,229,11,361,153,-1,-1
00037450.jpg,229,10,361,152,-1,-1
00037451.jpg,229,10,361,152,-1,-1
00037452.jpg,236,6,371,159,-1,-1
00037453.jpg,236,6,371,159,-1,-1
00037454.jpg,237,7,372,160,509,204
00037455.jpg,237,6,372,159,509,204
00037456.jpg,238,6,373,159,509,204
00037457.jpg,238,6,373,159,509,204
00037458.jpg,239,6,374,159,504,204
00037459.jpg,241,6,376,159,504,204
00037460.jpg,242,6,377,159,504,204
00037461.jpg,243,6,378,159,504,204
00037462.jpg,243,5,378,158,498,204
00037463.jpg,243,5,378,158,498,204
00037464.jpg,244,5,379,158,498,204
00037465.jpg,244,5,379,158,498,204
00037466.jpg,244,5,379,158,498,204
00037467.jpg,244,5,379,158,498,206
00037468.jpg,244,4,379,157,498,206
00037469.jpg,244,4,379,157,500,206
00037470.jpg,244,4,379,157,497,204
00037471.jpg,245,4,380,157,497,202
00037472.jpg,245,4,380,157,498,202
00037473.jpg,246,4,381,157,499,201
00037474.jpg,247,4,382,157,499,201
00037475.jpg,247,4,382,157,498,201
00037476.jpg,247,3,382,156,498,201
00037477.jpg,247,3,382,156,498,201
00037478.jpg,247,3,382,156,498,201
00037479.jpg,247,3,382,156,498,201
00037480.jpg,247,3,382,156,498,201
00037481.jpg,248,3,383,156,498,201
00037482.jpg,248,3,383,156,498,201
00037483.jpg,248,3,383,156,498,201
00037484.jpg,248,2,383,155,498,201
00037485.jpg,248,2,383,155,498,201
00037486.jpg,248,2,383,155,498,201
00037487.jpg,248,2,383,155,498,200
00037488.jpg,248,2,383,155,498,200
00037489.jpg,248,2,383,155,498,200
00037490.jpg,248,2,383,155,498,200
00037491.jpg,248,2,383,155,498,200
00037492.jpg,248,2,383,155,498,200
00037493.jpg,248,2,383,155,498,200
00037494.jpg,248,2,383,155,498,199
00037495.jpg,247,1,382,154,498,198
00037496.jpg,248,1,383,154,498,198
00037497.jpg,248,1,383,154,498,198
00037498.jpg,248,1,383,154,498,198
00037499.jpg,248,1,383,154,498,198
00037500.jpg,249,1,384,154,498,198
00037501.jpg,250,1,385,154,498,198
00037502.jpg,251,1,386,154,498,198
00037503.jpg,252,1,387,154,498,198
00037504.jpg,253,1,388,154,498,198
00037505.jpg,253,1,388,154,497,198
00037506.jpg,254,1,389,154,497,198
00037507.jpg,254,1,389,154,497,198
00037508.jpg,255,1,390,154,497,198
00037509.jpg,255,1,390,154,497,198
00037510.jpg,255,1,390,154,497,198
00037511.jpg,255,1,390,154,497,198
00037512.jpg,255,0,390,153,497,198
00037513.jpg,255,0,390,153,497,198
00037514.jpg,255,0,390,153,497,198
00037515.jpg,255,0,390,153,497,198
00037516.jpg,255,0,390,153,497,198
00037517.jpg,255,0,390,153,497,198
00037518.jpg,255,0,390,153,497,198
00037519.jpg,255,0,390,153,497,198
00037520.jpg,254,0,389,153,497,198
00037521.jpg,254,0,389,153,501,196
00037522.jpg,254,0,389,153,501,196
00037523.jpg,253,0,388,153,500,196
00037524.jpg,253,0,388,153,500,196
00037525.jpg,252,0,387,153,500,196
00037526.jpg,252,0,387,153,500,196
00037527.jpg,251,0,386,153,501,196
00037528.jpg,251,0,386,153,501,196
00037529.jpg,250,0,385,153,501,196
00037530.jpg,250,0,385,153,501,196
00037531.jpg,250,0,385,153,502,196
00037532.jpg,249,0,384,153,502,196
00037533.jpg,249,0,384,153,502,196
00037534.jpg,249,0,384,153,502,196
00037535.jpg,249,0,384,153,502,196
00037536.jpg,249,0,384,153,502,196
00037537.jpg,249,0,384,153,502,196
00037538.jpg,249,0,384,153,502,196
00037539.jpg,249,0,384,153,502,196
00037540.jpg,249,0,384,153,502,196
00037541.jpg,249,0,384,153,502,196
00037542.jpg,249,0,384,153,502,196
00037543.jpg,249,0,384,153,502,196
00037544.jpg,249,0,384,153,502,196
00037545.jpg,249,0,384,153,502,196
00037546.jpg,249,0,384,153,502,196
00037547.jpg,249,0,384,153,502,196
00037548.jpg,249,0,384,153,502,196
00037549.jpg,249,0,384,153,502,196
00037550.jpg,249,0,384,153,502,196
00037551.jpg,248,0,383,153,502,196
00037552.jpg,248,0,383,153,502,196
00037553.jpg,247,0,382,153,502,196
00037554.jpg,247,0,382,153,502,196
00037555.jpg,247,0,382,153,502,196
00037556.jpg,246,0,381,153,502,196
00037557.jpg,246,0,381,153,502,196
00037558.jpg,246,0,381,153,502,196
00037559.jpg,246,0,381,153,502,196
00037560.jpg,246,0,381,153,502,196
00037561.jpg,246,0,381,153,502,196
00037562.jpg,243,3,375,143,502,196
00037563.jpg,243,3,375,143,502,196
00037564.jpg,243,2,375,142,502,196
00037565.jpg,242,2,374,142,502,196
00037566.jpg,242,1,374,141,502,196
00037567.jpg,241,1,373,141,502,196
00037568.jpg,240,1,372,141,502,196
00037569.jpg,240,1,372,141,502,196
00037570.jpg,239,2,371,142,502,196
00037571.jpg,238,2,370,142,502,196
00037572.jpg,237,1,369,141,502,196
00037573.jpg,236,1,368,141,502,196
00037574.jpg,236,0,368,140,502,196
00037575.jpg,236,0,368,140,502,196
00037576.jpg,236,1,368,141,502,196
00037577.jpg,236,1,368,141,500,195
00037578.jpg,235,1,367,141,500,195
00037579.jpg,235,1,367,141,500,195
00037580.jpg,235,1,367,141,500,195
00037581.jpg,235,0,367,140,500,195
00037582.jpg,235,1,367,141,500,195
00037583.jpg,234,1,366,141,500,195
00037584.jpg,233,1,365,141,500,195
00037585.jpg,233,1,365,141,500,195
00037586.jpg,233,1,365,141,500,195
00037587.jpg,232,0,364,140,500,195
00037588.jpg,232,0,364,140,500,195
