00010873.jpg,471,25,870,418,1058,490
00010874.jpg,471,25,870,418,1061,490
00010875.jpg,471,25,870,418,1065,490
00010876.jpg,471,25,870,418,1064,490
00010877.jpg,469,25,868,418,1066,490
00010878.jpg,466,24,865,417,1065,489
00010879.jpg,462,24,861,417,1065,489
00010880.jpg,458,24,857,417,1065,489
00010881.jpg,456,23,855,416,1065,489
00010882.jpg,453,23,852,416,1065,489
00010883.jpg,450,23,849,416,1065,489
00010884.jpg,447,22,846,415,1046,436
00010885.jpg,445,22,844,415,1046,437
00010886.jpg,443,21,842,414,1044,437
00010887.jpg,440,21,839,414,1044,440
00010888.jpg,437,20,836,413,1045,440
00010889.jpg,435,19,834,412,1046,440
00010890.jpg,435,19,834,412,1046,440
00010891.jpg,435,18,834,411,1046,440
00010892.jpg,433,18,832,411,1046,440
00010893.jpg,431,18,830,411,1046,440
00010894.jpg,428,17,827,410,1046,440
00010895.jpg,427,16,826,409,1046,440
00010896.jpg,426,15,825,408,1046,440
00010897.jpg,426,14,825,407,1046,440
00010898.jpg,426,14,825,407,1046,440
00010899.jpg,425,14,824,407,1041,514
00010900.jpg,424,14,823,407,1041,514
00010901.jpg,423,14,822,407,1040,514
00010902.jpg,422,15,821,408,1042,514
00010903.jpg,423,15,822,408,1042,514
00010904.jpg,423,15,822,408,1042,514
00010905.jpg,424,15,823,408,1042,514
00010906.jpg,424,15,823,408,1048,498
00010907.jpg,424,14,823,407,1049,498
00010908.jpg,424,14,823,407,1048,498
00010909.jpg,425,12,824,405,1048,498
00010910.jpg,428,11,827,404,1048,498
00010911.jpg,428,12,827,405,1050,437
00010912.jpg,428,12,827,405,1050,436
00010913.jpg,428,12,827,405,1050,436
00010914.jpg,429,12,828,405,1050,436
00010915.jpg,431,11,830,404,1050,436
00010916.jpg,433,11,832,404,1048,453
00010917.jpg,433,12,832,405,1048,452
00010918.jpg,433,13,832,406,1049,452
00010919.jpg,433,13,832,406,1049,452
00010920.jpg,434,13,833,406,1049,452
00010921.jpg,434,14,833,407,1049,452
00010922.jpg,435,13,834,406,1049,452
00010923.jpg,436,13,835,406,1049,452
00010924.jpg,445,12,844,405,1050,470
00010925.jpg,447,12,846,405,1050,468
00010926.jpg,447,12,846,405,1049,468
00010927.jpg,446,12,845,405,1049,468
00010928.jpg,446,12,845,405,1050,469
00010929.jpg,444,12,843,405,1049,469
00010930.jpg,443,12,842,405,1049,469
00010931.jpg,443,12,842,405,1049,469
00010932.jpg,443,11,842,404,1049,469
00010933.jpg,441,12,840,405,1049,469
00010934.jpg,428,15,827,408,1049,469
00010935.jpg,427,14,826,407,1049,469
00010936.jpg,429,13,828,406,1049,469
00010937.jpg,432,10,831,403,1049,469
00010938.jpg,433,7,832,400,1049,469
00010939.jpg,434,13,833,413,1049,469
00010940.jpg,434,13,833,413,-1,-1
00010941.jpg,432,12,831,412,-1,-1
00010942.jpg,436,12,835,412,-1,-1
00010943.jpg,436,12,835,412,-1,-1
00010944.jpg,436,12,835,412,-1,-1
00010945.jpg,428,9,850,405,-1,-1
00010946.jpg,428,9,850,405,-1,-1
00010947.jpg,427,9,849,405,-1,-1
00010948.jpg,428,9,850,405,-1,-1
00010949.jpg,427,8,849,404,-1,-1
00010950.jpg,426,7,848,403,-1,-1
00010951.jpg,425,8,847,404,-1,-1
00010952.jpg,423,8,845,404,-1,-1
00010953.jpg,406,9,806,395,-1,-1
00010954.jpg,406,9,806,395,-1,-1
00010955.jpg,389,8,789,394,-1,-1
00010956.jpg,372,7,772,393,-1,-1
00010957.jpg,356,6,756,392,-1,-1
00010958.jpg,356,6,756,392,-1,-1
