00010285.jpg,781,247,848,325,835,415
00010286.jpg,781,249,848,327,836,415
00010287.jpg,778,252,845,330,835,418
00010288.jpg,776,256,843,334,815,439
00010289.jpg,774,254,841,332,813,440
00010290.jpg,771,244,838,322,786,430
00010291.jpg,765,232,832,310,542,451
00010292.jpg,759,225,826,303,543,451
00010293.jpg,756,219,823,297,545,450
00010294.jpg,752,215,819,293,543,448
00010295.jpg,750,212,814,288,543,445
00010296.jpg,750,212,814,288,545,450
00010297.jpg,749,209,813,285,739,415
00010298.jpg,749,206,813,282,819,414
00010299.jpg,749,205,813,281,844,398
00010300.jpg,748,206,812,282,846,398
00010301.jpg,747,212,811,288,840,406
00010302.jpg,743,207,813,290,836,411
00010303.jpg,743,207,813,290,836,414
00010304.jpg,742,209,812,292,832,419
00010305.jpg,739,210,809,293,832,419
00010306.jpg,738,208,808,291,832,419
00010307.jpg,737,205,807,288,830,419
00010308.jpg,738,203,808,286,828,418
00010309.jpg,736,201,806,284,799,428
00010310.jpg,734,199,802,286,800,426
00010311.jpg,734,199,802,286,782,430
00010312.jpg,735,195,803,282,766,431
00010313.jpg,736,193,804,280,763,431
00010314.jpg,736,191,804,278,768,430
00010315.jpg,736,189,804,276,766,429
00010316.jpg,736,187,804,274,769,429
00010317.jpg,735,186,803,273,770,429
00010318.jpg,733,186,801,273,770,429
00010319.jpg,731,185,799,272,733,412
00010320.jpg,730,182,798,269,733,411
00010321.jpg,729,180,797,267,730,410
00010322.jpg,723,175,797,265,728,411
00010323.jpg,723,175,797,265,728,411
00010324.jpg,721,176,795,266,724,412
00010325.jpg,721,174,795,264,724,412
00010326.jpg,724,170,798,260,724,412
00010327.jpg,726,166,800,256,724,412
00010328.jpg,725,162,806,259,726,409
00010329.jpg,725,162,806,259,728,407
00010330.jpg,725,160,806,257,728,405
00010331.jpg,725,158,806,255,792,409
00010332.jpg,726,157,807,254,841,397
00010333.jpg,730,147,813,245,844,396
00010334.jpg,738,150,817,246,844,396
00010335.jpg,742,152,828,249,850,400
00010336.jpg,747,158,835,260,852,400
00010337.jpg,750,163,840,268,858,412
00010338.jpg,750,163,840,268,859,417
00010339.jpg,755,161,845,266,820,433
00010340.jpg,761,162,851,267,756,428
00010341.jpg,766,165,856,270,752,407
00010342.jpg,770,167,860,272,760,407
00010343.jpg,775,166,865,271,771,400
00010344.jpg,780,164,870,269,784,396
00010345.jpg,786,160,876,265,797,384
00010346.jpg,793,157,883,262,864,411
00010347.jpg,801,156,891,261,927,416
00010348.jpg,811,155,901,260,936,415
00010349.jpg,820,155,910,260,938,415
00010350.jpg,820,155,910,260,944,415
