00111288.jpg,476,44,565,140,277,297
00111289.jpg,476,44,565,140,277,297
00111290.jpg,463,45,549,144,277,297
00111291.jpg,463,45,549,144,277,297
00111292.jpg,456,46,542,145,277,297
00111293.jpg,450,47,536,146,277,297
00111294.jpg,442,49,528,148,277,297
00111295.jpg,435,54,516,147,277,297
00111296.jpg,427,55,509,149,277,297
00111297.jpg,422,57,502,146,277,297
00111298.jpg,413,57,491,148,277,297
00111299.jpg,404,54,485,144,277,297
00111300.jpg,402,55,472,142,277,297
00111301.jpg,393,57,470,146,277,297
00111302.jpg,388,55,463,139,277,297
00111303.jpg,384,56,449,139,277,297
00111304.jpg,374,52,449,140,279,297
00111305.jpg,374,52,449,140,279,297
00111306.jpg,370,52,445,140,279,297
00111307.jpg,365,52,440,140,279,297
00111308.jpg,360,53,435,141,279,297
00111309.jpg,356,54,431,142,277,294
00111310.jpg,351,55,426,143,278,294
00111311.jpg,346,57,421,145,282,291
00111312.jpg,340,59,415,147,281,294
00111313.jpg,333,60,408,148,284,293
00111314.jpg,326,62,401,150,284,294
00111315.jpg,318,64,393,152,284,292
00111316.jpg,309,67,384,155,287,291
00111317.jpg,301,71,376,159,290,292
00111318.jpg,293,73,368,161,292,290
00111319.jpg,287,75,362,163,293,291
00111320.jpg,282,76,357,164,296,289
00111321.jpg,279,76,354,164,296,290
00111322.jpg,277,75,352,163,299,287
00111323.jpg,276,73,351,161,300,287
00111324.jpg,277,70,352,158,302,288
00111325.jpg,278,66,353,154,305,287
00111326.jpg,282,63,357,151,301,287
00111327.jpg,285,60,360,148,304,284
00111328.jpg,289,57,364,145,304,286
00111329.jpg,295,54,370,142,304,285
00111330.jpg,301,51,376,139,304,284
00111331.jpg,307,49,382,137,-1,-1
00111332.jpg,313,48,388,136,-1,-1
00111333.jpg,314,45,394,136,-1,-1
00111334.jpg,323,42,399,134,-1,-1
00111335.jpg,329,37,404,128,-1,-1
00111336.jpg,329,37,404,128,-1,-1
