00111288.jpg,944,156,1027,244,527,72
00111289.jpg,944,156,1027,244,524,76
00111290.jpg,944,156,1027,244,515,74
00111291.jpg,944,156,1027,244,509,76
00111292.jpg,945,156,1028,244,499,77
00111293.jpg,946,156,1029,244,496,78
00111294.jpg,946,157,1029,245,484,78
00111295.jpg,946,157,1029,245,481,78
00111296.jpg,947,157,1030,245,472,74
00111297.jpg,947,158,1030,246,469,76
00111298.jpg,948,158,1031,246,460,78
00111299.jpg,949,158,1032,246,451,78
00111300.jpg,950,158,1033,246,447,79
00111301.jpg,951,158,1034,246,437,80
00111302.jpg,951,159,1034,247,429,80
00111303.jpg,952,159,1035,247,424,78
00111304.jpg,953,159,1036,247,420,78
00111305.jpg,954,159,1037,247,416,77
00111306.jpg,954,159,1037,247,409,76
00111307.jpg,955,159,1038,247,406,74
00111308.jpg,956,159,1039,247,400,74
00111309.jpg,957,159,1040,247,395,74
00111310.jpg,958,159,1041,247,393,74
00111311.jpg,959,159,1042,247,385,78
00111312.jpg,959,160,1042,248,380,82
00111313.jpg,960,159,1043,247,370,83
00111314.jpg,961,159,1044,247,368,86
00111315.jpg,961,159,1044,247,358,86
00111316.jpg,962,159,1045,247,348,89
00111317.jpg,963,159,1046,247,341,92
00111318.jpg,964,159,1047,247,332,95
00111319.jpg,965,158,1048,246,332,94
00111320.jpg,966,158,1049,246,326,96
00111321.jpg,967,158,1050,246,324,97
00111322.jpg,967,158,1050,246,321,97
00111323.jpg,967,158,1050,246,319,94
00111324.jpg,967,158,1050,246,320,90
00111325.jpg,968,158,1051,246,322,86
00111326.jpg,968,158,1051,246,328,87
00111327.jpg,968,158,1051,246,334,82
00111328.jpg,969,158,1052,246,342,80
00111329.jpg,969,158,1052,246,338,87
00111330.jpg,969,158,1052,246,345,82
00111331.jpg,969,157,1052,245,356,78
00111332.jpg,970,157,1053,245,364,76
00111333.jpg,970,157,1053,245,366,81
00111334.jpg,970,157,1053,245,369,83
00111335.jpg,970,157,1053,245,375,84
00111336.jpg,970,157,1053,245,380,83
