00015794.jpg,1206,93,1723,695,-1,-1
00015795.jpg,1206,93,1723,695,-1,-1
00015796.jpg,1206,93,1723,695,-1,-1
00015797.jpg,1206,93,1723,695,-1,-1
00015798.jpg,1203,91,1720,693,-1,-1
00015799.jpg,1199,89,1716,691,-1,-1
00015800.jpg,1196,88,1713,690,-1,-1
00015801.jpg,1196,88,1713,690,-1,-1
00015802.jpg,1195,88,1712,690,-1,-1
00015803.jpg,1192,87,1709,689,-1,-1
00015804.jpg,1188,85,1705,687,-1,-1
00015805.jpg,1182,82,1699,684,-1,-1
00015806.jpg,1182,82,1699,684,-1,-1
00015807.jpg,1175,79,1692,681,-1,-1
00015808.jpg,1168,78,1685,680,-1,-1
00015809.jpg,1164,80,1681,682,-1,-1
00015810.jpg,1164,79,1681,681,-1,-1
00015811.jpg,1164,79,1681,681,-1,-1
00015812.jpg,1162,79,1679,681,-1,-1
00015813.jpg,1160,77,1677,679,-1,-1
00015814.jpg,1158,75,1675,677,-1,-1
00015815.jpg,1155,73,1672,675,-1,-1
00015816.jpg,1155,73,1672,675,-1,-1
00015817.jpg,1151,71,1668,673,-1,-1
00015818.jpg,1147,67,1664,669,-1,-1
00015819.jpg,1144,64,1661,666,-1,-1
00015820.jpg,1142,61,1659,663,-1,-1
00015821.jpg,1142,61,1659,663,-1,-1
00015822.jpg,1140,59,1657,661,-1,-1
00015823.jpg,1137,58,1654,660,-1,-1
00015824.jpg,1132,54,1649,656,-1,-1
00015825.jpg,1122,54,1639,656,-1,-1
00015826.jpg,1122,54,1639,656,-1,-1
00015827.jpg,1119,47,1636,649,-1,-1
00015828.jpg,1116,59,1608,641,-1,-1
00015829.jpg,1116,59,1608,641,-1,-1
00015830.jpg,1114,53,1606,635,517,118
00015831.jpg,1114,54,1606,636,517,120
00015832.jpg,1111,47,1603,629,521,120
00015833.jpg,1109,43,1601,625,521,120
00015834.jpg,1108,41,1600,623,521,116
00015835.jpg,1108,42,1600,624,521,112
00015836.jpg,1108,42,1600,624,521,112
00015837.jpg,1108,43,1600,625,525,112
00015838.jpg,1108,42,1600,624,529,112
00015839.jpg,1108,41,1600,623,533,112
00015840.jpg,1109,41,1601,623,536,117
00015841.jpg,1109,41,1601,623,540,118
00015842.jpg,1110,42,1602,624,542,113
00015843.jpg,1110,42,1602,624,542,113
00015844.jpg,1110,41,1602,623,540,113
00015845.jpg,1111,42,1603,624,538,108
00015846.jpg,1111,42,1603,624,534,105
00015847.jpg,1112,42,1604,624,537,104
00015848.jpg,1113,42,1605,624,537,100
00015849.jpg,1113,42,1605,624,538,100
00015850.jpg,1113,43,1605,625,542,100
00015851.jpg,1113,43,1605,625,542,100
00015852.jpg,1113,44,1605,626,542,100
00015853.jpg,1113,44,1605,626,542,100
00015854.jpg,1113,44,1605,626,541,101
00015855.jpg,1113,44,1605,626,541,101
