00001502.jpg,395,38,737,353,-1,-1
00001503.jpg,396,34,740,355,-1,-1
00001504.jpg,395,30,741,357,-1,-1
00001505.jpg,394,35,736,355,-1,-1
00001506.jpg,394,35,736,355,-1,-1
00001507.jpg,394,35,736,355,-1,-1
00001508.jpg,394,35,736,355,-1,-1
00001509.jpg,405,37,747,357,-1,-1
00001510.jpg,415,37,757,357,-1,-1
00001511.jpg,415,37,757,357,-1,-1
00001512.jpg,422,37,764,357,-1,-1
00001513.jpg,426,35,768,355,-1,-1
00001514.jpg,427,33,769,353,-1,-1
00001515.jpg,421,32,763,352,-1,-1
00001516.jpg,421,32,763,352,-1,-1
00001517.jpg,419,33,761,353,-1,-1
00001518.jpg,412,36,754,356,-1,-1
00001519.jpg,404,37,746,357,-1,-1
00001520.jpg,399,36,741,356,-1,-1
00001521.jpg,399,36,741,356,-1,-1
00001522.jpg,394,33,736,353,-1,-1
00001523.jpg,395,23,737,343,-1,-1
00001524.jpg,397,22,739,342,-1,-1
00001525.jpg,396,16,738,336,-1,-1
00001526.jpg,396,16,738,336,-1,-1
00001527.jpg,401,9,743,329,-1,-1
00001528.jpg,397,3,739,323,-1,-1
00001529.jpg,394,0,736,320,-1,-1
00001530.jpg,387,0,729,320,-1,-1
00001531.jpg,387,0,729,320,-1,-1
00001532.jpg,379,0,721,320,-1,-1
00001533.jpg,369,0,711,320,-1,-1
00001534.jpg,355,0,697,320,-1,-1
00001535.jpg,333,0,675,320,-1,-1
00001536.jpg,333,0,675,320,-1,-1
00001537.jpg,338,11,687,330,-1,-1
00001538.jpg,338,11,687,330,-1,-1
00001539.jpg,316,12,665,331,-1,-1
00001540.jpg,293,18,642,337,-1,-1
00001541.jpg,293,18,642,337,-1,-1
00001542.jpg,221,34,602,357,-1,-1
00001543.jpg,221,34,602,357,-1,-1
00001544.jpg,203,42,588,375,-1,-1
00001545.jpg,203,42,588,375,-1,-1
00001546.jpg,209,18,579,392,-1,-1
00001547.jpg,209,18,579,392,-1,-1
00001548.jpg,210,6,580,380,-1,-1
00001549.jpg,222,0,592,374,-1,-1
00001550.jpg,243,0,613,374,-1,-1
00001551.jpg,210,4,580,299,-1,-1
00001552.jpg,210,4,580,299,-1,-1
00001553.jpg,214,0,584,295,-1,-1
00001554.jpg,218,7,588,302,-1,-1
00001555.jpg,239,2,601,280,-1,-1
00001556.jpg,239,2,601,280,-1,-1
00001557.jpg,259,15,621,293,-1,-1
00001558.jpg,299,17,644,304,-1,-1
00001559.jpg,299,17,644,304,-1,-1
00001560.jpg,375,16,710,285,-1,-1
00001561.jpg,375,16,710,285,-1,-1
00001562.jpg,407,0,742,269,-1,-1
00001563.jpg,437,1,767,253,-1,-1
00001564.jpg,437,1,767,253,-1,-1
00001565.jpg,498,4,814,202,-1,-1
00001566.jpg,498,4,814,202,-1,-1
00001567.jpg,518,0,834,198,-1,-1
00001568.jpg,529,0,845,198,-1,-1
00001569.jpg,539,0,855,198,-1,-1
00001570.jpg,546,1,867,211,-1,-1
00001571.jpg,546,1,867,211,-1,-1
00001572.jpg,558,12,879,222,-1,-1
00001573.jpg,539,0,849,208,-1,-1
00001574.jpg,561,2,838,187,-1,-1
00001575.jpg,561,2,838,187,-1,-1
00001576.jpg,561,2,838,187,-1,-1
00001577.jpg,548,0,825,185,-1,-1
00001578.jpg,534,0,811,185,-1,-1
00001579.jpg,529,0,806,185,-1,-1
00001580.jpg,524,0,801,185,-1,-1
00001581.jpg,524,0,801,185,-1,-1
00001582.jpg,523,0,800,185,-1,-1
00001583.jpg,529,0,806,185,-1,-1
00001584.jpg,539,0,816,185,-1,-1
00001585.jpg,547,0,824,185,-1,-1
00001586.jpg,547,0,824,185,-1,-1
00001587.jpg,575,2,824,203,-1,-1
00001588.jpg,575,2,824,203,-1,-1
00001589.jpg,575,4,813,216,-1,-1
00001590.jpg,575,4,813,216,-1,-1
00001591.jpg,575,4,813,216,-1,-1
00001592.jpg,571,3,853,271,-1,-1
00001593.jpg,571,3,853,271,-1,-1
00001594.jpg,577,21,859,289,-1,-1
00001595.jpg,528,37,836,314,-1,-1
00001596.jpg,528,37,836,314,-1,-1
00001597.jpg,520,44,828,321,-1,-1
00001598.jpg,506,42,814,319,-1,-1
00001599.jpg,497,25,805,302,-1,-1
00001600.jpg,497,0,805,277,-1,-1
00001601.jpg,497,0,805,277,-1,-1
00001602.jpg,505,0,813,277,-1,-1
00001603.jpg,513,0,803,227,-1,-1
00001604.jpg,513,0,803,227,-1,-1
00001605.jpg,514,0,800,233,-1,-1
00001606.jpg,514,0,800,233,-1,-1
00001607.jpg,521,8,803,282,-1,-1
00001608.jpg,521,8,803,282,-1,-1
00001609.jpg,515,60,804,356,-1,-1
00001610.jpg,515,60,804,356,-1,-1
00001611.jpg,490,77,792,366,-1,-1
00001612.jpg,490,77,792,366,-1,-1
00001613.jpg,486,66,788,355,-1,-1
00001614.jpg,485,43,787,332,-1,-1
00001615.jpg,480,10,782,299,-1,-1
00001616.jpg,480,10,782,299,-1,-1
00001617.jpg,476,0,778,289,-1,-1
00001618.jpg,446,3,766,288,-1,-1
00001619.jpg,446,3,766,288,-1,-1
