00025249.jpg,173,6,345,164,836,495
00025250.jpg,173,7,344,163,835,495
00025251.jpg,173,7,345,164,835,495
00025252.jpg,172,7,344,165,835,495
00025253.jpg,170,7,345,166,835,495
00025254.jpg,172,7,347,169,835,495
00025255.jpg,171,6,347,168,835,495
00025256.jpg,171,6,347,169,835,495
00025257.jpg,170,6,347,168,835,495
00025258.jpg,170,7,345,166,835,495
00025259.jpg,170,8,345,167,835,495
00025260.jpg,172,9,345,166,835,495
00025261.jpg,172,10,344,166,835,495
00025262.jpg,173,11,343,165,835,495
00025263.jpg,173,12,343,165,835,495
00025264.jpg,172,13,345,166,835,495
00025265.jpg,173,13,344,166,622,70
00025266.jpg,174,14,345,167,622,70
00025267.jpg,174,14,347,169,621,76
00025268.jpg,173,14,346,171,621,76
00025269.jpg,176,15,346,171,621,76
00025270.jpg,176,15,347,172,617,90
00025271.jpg,175,15,347,172,626,89
00025272.jpg,173,14,346,171,626,89
00025273.jpg,173,13,345,170,631,88
00025274.jpg,172,11,342,166,631,88
00025275.jpg,173,11,340,164,631,86
00025276.jpg,171,9,339,163,641,76
00025277.jpg,170,8,340,163,642,73
00025278.jpg,169,8,340,164,644,71
00025279.jpg,171,7,338,163,644,71
00025280.jpg,172,7,337,162,644,71
00025281.jpg,173,7,341,165,644,70
00025282.jpg,172,5,346,170,646,70
00025283.jpg,174,4,348,171,646,70
00025284.jpg,176,2,353,171,646,70
00025285.jpg,176,1,354,170,646,70
00025286.jpg,177,1,351,167,646,70
00025287.jpg,177,1,351,167,646,70
00025288.jpg,177,1,351,167,646,70
00025289.jpg,183,0,357,166,647,70
00025290.jpg,186,0,360,166,652,69
00025291.jpg,190,0,364,166,659,68
00025292.jpg,194,0,368,166,660,68
00025293.jpg,198,0,372,166,664,68
00025294.jpg,207,0,381,166,664,68
00025295.jpg,212,0,386,166,666,68
00025296.jpg,217,1,391,167,666,68
00025297.jpg,221,1,395,167,666,68
00025298.jpg,226,1,400,167,666,68
00025299.jpg,235,2,409,168,666,68
00025300.jpg,239,3,413,169,666,68
00025301.jpg,243,4,417,170,666,68
00025302.jpg,247,6,421,172,666,68
00025303.jpg,249,6,420,163,515,211
00025304.jpg,256,9,430,175,501,233
00025305.jpg,258,10,432,176,499,234
00025306.jpg,260,11,434,177,495,236
00025307.jpg,261,12,435,178,494,240
00025308.jpg,259,13,433,179,490,243
00025309.jpg,272,5,430,180,464,245
00025310.jpg,272,5,430,180,457,245
00025311.jpg,271,5,429,180,455,245
00025312.jpg,269,5,427,180,439,244
00025313.jpg,267,5,425,180,435,239
00025314.jpg,262,5,420,180,427,230
00025315.jpg,259,5,417,180,419,219
00025316.jpg,256,5,414,180,411,213
00025317.jpg,252,5,410,180,387,200
00025318.jpg,249,6,407,181,387,200
00025319.jpg,241,6,399,181,379,195
00025320.jpg,237,6,395,181,370,180
00025321.jpg,226,7,384,182,370,180
00025322.jpg,222,7,380,182,364,176
00025323.jpg,220,6,378,181,357,174
00025324.jpg,218,6,376,181,352,170
00025325.jpg,214,5,372,180,350,170
00025326.jpg,209,3,367,178,334,158
00025327.jpg,207,1,365,176,334,158
00025328.jpg,203,1,361,176,330,156
00025329.jpg,195,2,353,177,330,156
00025330.jpg,193,2,351,177,330,156
00025331.jpg,192,2,350,177,330,156
00025332.jpg,192,2,350,177,330,156
00025333.jpg,192,1,350,176,324,156
00025334.jpg,193,0,351,175,320,154
00025335.jpg,198,3,356,178,319,153
00025336.jpg,198,2,356,177,317,145
00025337.jpg,197,0,355,175,317,145
00025338.jpg,194,3,373,180,317,144
00025339.jpg,194,3,373,180,316,140
00025340.jpg,194,1,373,178,316,135
00025341.jpg,194,1,373,178,315,129
00025342.jpg,194,1,373,178,315,129
00025343.jpg,195,0,374,177,315,129
00025344.jpg,195,0,374,177,315,129
00025345.jpg,195,0,374,177,315,128
00025346.jpg,195,0,374,177,315,126
00025347.jpg,195,0,374,177,315,126
00025348.jpg,195,0,374,177,315,126
00025349.jpg,195,0,374,177,317,124
00025350.jpg,195,0,374,177,317,124
00025351.jpg,194,0,373,177,319,123
00025352.jpg,194,0,373,177,319,123
00025353.jpg,194,0,373,177,319,123
00025354.jpg,193,0,372,177,319,123
00025355.jpg,193,0,372,177,320,121
00025356.jpg,193,0,372,177,320,119
00025357.jpg,193,0,372,177,320,119
00025358.jpg,192,0,371,177,320,119
00025359.jpg,192,0,371,177,320,119
00025360.jpg,191,0,370,177,320,118
00025361.jpg,191,0,370,177,320,118
00025362.jpg,191,0,370,177,320,115
00025363.jpg,193,0,381,178,320,115
00025364.jpg,193,0,380,177,320,115
00025365.jpg,192,0,379,176,320,115
00025366.jpg,195,0,378,174,320,115
00025367.jpg,193,0,379,174,320,115
00025368.jpg,193,0,379,175,320,115
00025369.jpg,192,0,379,174,320,115
00025370.jpg,193,0,379,174,320,115
00025371.jpg,192,0,379,174,320,115
00025372.jpg,192,0,381,174,320,115
00025373.jpg,192,0,381,174,320,115
00025374.jpg,191,0,380,174,320,115
00025375.jpg,193,0,381,173,320,115
00025376.jpg,194,0,381,173,320,115
00025377.jpg,193,0,380,173,320,115
00025378.jpg,194,0,381,173,320,115
00025379.jpg,194,0,381,173,320,115
00025380.jpg,195,0,381,174,320,115
00025381.jpg,194,0,381,174,320,115
00025382.jpg,195,0,381,174,320,115
00025383.jpg,195,0,382,174,320,115
00025384.jpg,194,0,383,175,320,115
00025385.jpg,193,0,384,175,320,115
00025386.jpg,192,0,385,176,320,115
00025387.jpg,193,0,386,176,320,115
00025388.jpg,193,0,386,177,320,115
00025389.jpg,193,0,387,177,320,115
00025390.jpg,194,0,387,177,320,115
00025391.jpg,194,0,388,177,320,115
00025392.jpg,195,0,387,176,320,115
00025393.jpg,195,0,387,176,320,115
00025394.jpg,196,0,387,176,320,115
00025395.jpg,196,0,387,176,320,115
00025396.jpg,197,0,388,176,320,115
00025397.jpg,197,0,387,176,320,115
00025398.jpg,198,0,387,175,320,115
00025399.jpg,196,0,386,174,320,115
00025400.jpg,194,0,379,172,320,115
00025401.jpg,193,0,379,173,320,115
00025402.jpg,192,0,377,173,320,115
00025403.jpg,190,0,375,174,320,115
00025404.jpg,187,0,377,177,320,115
00025405.jpg,185,0,376,178,325,129
00025406.jpg,181,0,373,178,334,138
00025407.jpg,182,0,361,177,341,149
00025408.jpg,181,2,360,179,350,163
00025409.jpg,179,2,358,179,359,176
00025410.jpg,175,2,354,179,366,215
00025411.jpg,173,2,352,179,370,230
00025412.jpg,171,3,350,180,372,241
00025413.jpg,169,4,348,181,374,264
00025414.jpg,167,5,346,182,374,283
00025415.jpg,164,8,343,185,370,306
00025416.jpg,163,9,342,186,364,329
00025417.jpg,163,11,342,188,364,329
00025418.jpg,163,13,342,190,367,344
00025419.jpg,163,16,342,193,367,344
00025420.jpg,164,19,343,196,367,344
00025421.jpg,165,21,344,198,367,344
00025422.jpg,166,21,345,198,367,344
00025423.jpg,166,21,345,198,367,344
00025424.jpg,168,20,347,197,367,344
00025425.jpg,173,18,352,195,867,461
00025426.jpg,176,17,355,194,867,461
00025427.jpg,179,15,358,192,867,461
00025428.jpg,181,13,360,190,867,461
00025429.jpg,185,11,364,188,867,461
00025430.jpg,192,7,371,184,867,461
00025431.jpg,195,5,374,182,867,461
00025432.jpg,198,3,377,180,867,461
00025433.jpg,201,2,380,179,867,461
00025434.jpg,205,1,384,178,867,464
00025435.jpg,211,0,390,177,867,464
00025436.jpg,216,0,395,177,867,464
00025437.jpg,220,0,399,177,867,464
00025438.jpg,223,0,402,177,867,464
00025439.jpg,227,0,406,177,867,465
00025440.jpg,237,0,416,177,866,468
00025441.jpg,243,0,422,177,864,470
00025442.jpg,247,0,426,177,861,473
00025443.jpg,249,0,428,177,850,481
00025444.jpg,251,0,430,177,-1,-1
00025445.jpg,258,0,437,177,-1,-1
00025446.jpg,262,0,441,177,375,303
00025447.jpg,266,0,445,177,372,303
00025448.jpg,270,0,449,177,372,303
00025449.jpg,274,0,453,177,374,305
00025450.jpg,278,0,457,177,374,305
00025451.jpg,295,6,465,204,374,305
00025452.jpg,295,6,465,204,374,309
00025453.jpg,295,6,465,204,371,314
00025454.jpg,295,6,465,204,367,319
00025455.jpg,294,6,464,204,367,319
00025456.jpg,292,6,462,204,367,319
00025457.jpg,290,6,460,204,367,319
00025458.jpg,287,6,457,204,367,319
00025459.jpg,284,5,454,203,367,319
00025460.jpg,276,4,446,202,367,319
00025461.jpg,272,2,442,200,367,319
00025462.jpg,267,1,437,199,854,494
00025463.jpg,262,0,432,198,850,479
00025464.jpg,256,0,426,198,859,493
00025465.jpg,244,0,414,198,856,493
00025466.jpg,222,3,403,174,856,493
00025467.jpg,222,3,403,174,856,493
00025468.jpg,218,2,399,173,856,493
00025469.jpg,215,1,396,172,856,493
00025470.jpg,211,0,392,171,856,493
00025471.jpg,210,0,391,171,684,85
00025472.jpg,210,0,391,171,679,80
00025473.jpg,210,0,391,171,685,74
00025474.jpg,210,0,391,171,679,69
00025475.jpg,213,0,394,171,672,60
00025476.jpg,215,0,396,171,672,56
00025477.jpg,217,0,398,171,664,55
00025478.jpg,219,0,400,171,657,51
00025479.jpg,223,0,404,171,649,46
00025480.jpg,234,0,415,171,845,489
00025481.jpg,240,0,421,171,845,489
00025482.jpg,247,0,428,171,845,489
00025483.jpg,258,0,439,171,845,489
00025484.jpg,264,4,445,175,845,489
00025485.jpg,273,13,454,184,845,489
00025486.jpg,276,13,457,184,845,489
00025487.jpg,278,11,459,182,845,489
00025488.jpg,283,3,461,192,845,489
00025489.jpg,283,3,461,192,845,489
00025490.jpg,284,4,462,193,845,489
00025491.jpg,284,4,462,193,845,489
00025492.jpg,283,5,461,194,-1,-1
00025493.jpg,282,5,460,194,-1,-1
00025494.jpg,281,6,459,195,-1,-1
00025495.jpg,278,9,456,198,484,699
00025496.jpg,275,9,453,198,481,700
00025497.jpg,273,9,451,198,485,703
00025498.jpg,270,8,448,197,482,700
00025499.jpg,268,8,446,197,482,703
00025500.jpg,266,9,444,198,485,705
00025501.jpg,263,16,441,205,484,701
00025502.jpg,262,20,440,209,480,701
00025503.jpg,262,23,440,212,484,703
00025504.jpg,262,26,440,215,484,703
00025505.jpg,266,5,466,215,484,703
00025506.jpg,266,5,466,215,481,701
00025507.jpg,267,8,467,218,481,700
00025508.jpg,269,10,469,220,480,701
00025509.jpg,271,13,471,223,481,701
00025510.jpg,277,19,477,229,482,701
00025511.jpg,280,22,480,232,481,700
00025512.jpg,283,25,483,235,479,700
00025513.jpg,286,28,486,238,479,701
00025514.jpg,288,30,488,240,474,701
00025515.jpg,292,34,492,244,482,700
00025516.jpg,293,35,493,245,484,701
00025517.jpg,294,36,494,246,485,701
00025518.jpg,295,37,495,247,487,695
00025519.jpg,295,38,495,248,490,698
00025520.jpg,296,39,496,249,485,698
00025521.jpg,297,40,497,250,485,695
00025522.jpg,297,40,497,250,485,694
00025523.jpg,297,40,497,250,487,694
00025524.jpg,297,40,497,250,487,695
00025525.jpg,296,40,496,250,491,684
00025526.jpg,296,41,496,251,486,696
00025527.jpg,295,41,495,251,484,696
00025528.jpg,295,41,495,251,484,691
00025529.jpg,295,42,495,252,484,691
00025530.jpg,294,41,494,251,484,691
00025531.jpg,293,41,493,251,484,691
00025532.jpg,293,41,493,251,484,691
00025533.jpg,293,41,493,251,484,691
00025534.jpg,292,40,492,250,477,691
00025535.jpg,288,36,488,246,471,695
00025536.jpg,285,34,485,244,471,695
00025537.jpg,282,31,482,241,849,504
00025538.jpg,278,26,478,236,840,505
00025539.jpg,276,23,476,233,846,499
00025540.jpg,271,18,471,228,851,501
00025541.jpg,269,16,469,226,851,501
00025542.jpg,266,13,466,223,646,94
00025543.jpg,263,10,463,220,646,94
00025544.jpg,260,7,460,217,642,90
00025545.jpg,256,3,456,213,642,90
00025546.jpg,255,2,455,212,642,90
00025547.jpg,248,25,460,217,636,78
00025548.jpg,246,22,458,214,636,78
00025549.jpg,243,19,455,211,634,69
00025550.jpg,239,13,451,205,624,60
00025551.jpg,238,10,450,202,624,58
00025552.jpg,237,8,449,200,622,56
00025553.jpg,237,6,449,198,621,53
00025554.jpg,237,4,449,196,621,53
00025555.jpg,237,1,449,193,620,46
00025556.jpg,238,0,450,192,620,46
00025557.jpg,238,0,450,192,616,44
00025558.jpg,239,0,451,192,616,41
00025559.jpg,239,0,451,192,615,40
00025560.jpg,240,0,452,192,615,35
00025561.jpg,241,0,453,192,614,35
00025562.jpg,241,0,453,192,614,35
00025563.jpg,241,1,440,170,614,35
00025564.jpg,241,1,440,170,614,35
00025565.jpg,242,1,441,170,614,35
00025566.jpg,242,1,441,170,614,35
00025567.jpg,243,1,442,170,614,35
00025568.jpg,243,1,442,170,614,35
00025569.jpg,243,1,442,170,614,35
00025570.jpg,244,2,443,171,-1,-1
00025571.jpg,245,2,444,171,-1,-1
00025572.jpg,245,2,444,171,-1,-1
00025573.jpg,246,2,445,171,-1,-1
00025574.jpg,246,2,445,171,-1,-1
00025575.jpg,246,2,445,171,-1,-1
00025576.jpg,245,2,444,171,-1,-1
00025577.jpg,245,2,444,171,-1,-1
00025578.jpg,245,2,444,171,-1,-1
00025579.jpg,245,2,444,171,-1,-1
00025580.jpg,244,2,443,171,-1,-1
00025581.jpg,242,2,441,171,-1,-1
00025582.jpg,240,2,439,171,-1,-1
00025583.jpg,237,1,436,170,-1,-1
00025584.jpg,233,0,432,169,-1,-1
00025585.jpg,228,0,427,169,-1,-1
00025586.jpg,226,0,425,169,-1,-1
00025587.jpg,224,0,423,169,-1,-1
00025588.jpg,222,0,421,169,-1,-1
00025589.jpg,220,0,419,169,-1,-1
00025590.jpg,215,1,414,170,-1,-1
00025591.jpg,212,1,411,170,-1,-1
00025592.jpg,220,2,412,184,-1,-1
00025593.jpg,220,2,412,184,-1,-1
00025594.jpg,218,2,410,184,-1,-1
00025595.jpg,214,3,406,185,-1,-1
00025596.jpg,213,3,405,185,824,494
00025597.jpg,211,3,403,185,824,494
00025598.jpg,209,4,401,186,824,494
00025599.jpg,207,4,399,186,824,494
00025600.jpg,204,4,396,186,824,494
00025601.jpg,202,4,394,186,824,494
00025602.jpg,200,5,392,187,816,485
00025603.jpg,199,5,391,187,816,485
00025604.jpg,197,5,389,187,816,485
00025605.jpg,195,5,387,187,815,484
00025606.jpg,193,5,385,187,815,484
00025607.jpg,192,5,384,187,817,483
00025608.jpg,191,5,383,187,820,475
00025609.jpg,190,5,382,187,822,474
00025610.jpg,189,5,381,187,822,474
00025611.jpg,188,5,380,187,822,474
00025612.jpg,188,5,380,187,822,474
00025613.jpg,188,5,380,187,822,474
00025614.jpg,188,4,380,186,824,471
00025615.jpg,188,4,380,186,824,471
00025616.jpg,189,3,381,185,824,471
00025617.jpg,189,3,381,185,824,471
00025618.jpg,189,2,381,184,824,471
00025619.jpg,189,0,381,182,824,471
00025620.jpg,192,0,384,182,824,471
00025621.jpg,195,0,387,182,824,471
00025622.jpg,197,0,389,182,-1,-1
00025623.jpg,198,0,390,182,-1,-1
00025624.jpg,199,0,391,182,625,44
00025625.jpg,199,0,391,182,625,44
