00000719.jpg,893,29,1092,246,-1,-1
00000720.jpg,893,29,1092,246,-1,-1
00000721.jpg,893,29,1092,246,-1,-1
00000722.jpg,893,29,1092,246,-1,-1
00000723.jpg,893,29,1092,246,-1,-1
00000724.jpg,893,29,1092,246,-1,-1
00000725.jpg,893,29,1092,246,-1,-1
00000726.jpg,894,28,1093,245,-1,-1
00000727.jpg,894,28,1093,245,-1,-1
00000728.jpg,894,28,1093,245,-1,-1
00000729.jpg,894,28,1093,245,-1,-1
00000730.jpg,895,27,1094,244,-1,-1
00000731.jpg,895,27,1094,244,-1,-1
00000732.jpg,895,27,1094,244,-1,-1
00000733.jpg,895,27,1094,244,-1,-1
00000734.jpg,895,27,1094,244,-1,-1
00000735.jpg,896,26,1095,243,-1,-1
00000736.jpg,896,26,1095,243,-1,-1
00000737.jpg,896,26,1095,243,-1,-1
00000738.jpg,896,26,1095,243,-1,-1
00000739.jpg,896,25,1095,242,-1,-1
00000740.jpg,896,25,1095,242,-1,-1
00000741.jpg,896,25,1095,242,-1,-1
00000742.jpg,896,25,1095,242,-1,-1
00000743.jpg,896,24,1095,241,-1,-1
00000744.jpg,896,24,1095,241,-1,-1
00000745.jpg,896,24,1095,241,-1,-1
00000746.jpg,895,24,1094,241,-1,-1
00000747.jpg,895,23,1094,240,-1,-1
00000748.jpg,895,23,1094,240,-1,-1
00000749.jpg,895,23,1094,240,-1,-1
00000750.jpg,894,22,1093,239,-1,-1
00000751.jpg,893,22,1092,239,-1,-1
00000752.jpg,893,22,1092,239,-1,-1
00000753.jpg,893,22,1092,239,-1,-1
00000754.jpg,892,21,1091,238,-1,-1
00000755.jpg,891,21,1090,238,-1,-1
00000756.jpg,891,21,1090,238,-1,-1
00000757.jpg,891,21,1090,238,-1,-1
00000758.jpg,891,21,1090,238,-1,-1
00000759.jpg,890,21,1089,238,-1,-1
00000760.jpg,890,21,1089,238,-1,-1
00000761.jpg,890,21,1089,238,-1,-1
00000762.jpg,889,21,1088,238,-1,-1
00000763.jpg,888,21,1087,238,-1,-1
00000764.jpg,886,21,1085,238,-1,-1
00000765.jpg,886,21,1085,238,-1,-1
00000766.jpg,886,21,1085,238,-1,-1
00000767.jpg,885,22,1084,239,-1,-1
00000768.jpg,884,23,1083,240,-1,-1
00000769.jpg,884,23,1083,240,-1,-1
00000770.jpg,884,23,1083,240,-1,-1
00000771.jpg,883,24,1082,241,-1,-1
00000772.jpg,882,25,1081,242,-1,-1
00000773.jpg,882,25,1081,242,-1,-1
00000774.jpg,882,25,1081,242,-1,-1
00000775.jpg,883,25,1082,242,-1,-1
00000776.jpg,883,27,1082,244,-1,-1
00000777.jpg,883,27,1082,244,-1,-1
00000778.jpg,883,27,1082,244,-1,-1
00000779.jpg,884,27,1083,244,-1,-1
00000780.jpg,884,27,1083,244,-1,-1
00000781.jpg,884,27,1083,244,-1,-1
00000782.jpg,884,27,1083,244,-1,-1
00000783.jpg,885,28,1084,245,-1,-1
00000784.jpg,886,29,1085,246,-1,-1
00000785.jpg,886,29,1085,246,-1,-1
00000786.jpg,886,29,1085,246,-1,-1
00000787.jpg,886,30,1085,247,-1,-1
00000788.jpg,888,32,1087,249,-1,-1
00000789.jpg,888,32,1087,249,-1,-1
00000790.jpg,888,32,1087,249,-1,-1
00000791.jpg,889,32,1088,249,-1,-1
00000792.jpg,890,32,1089,249,-1,-1
00000793.jpg,890,32,1089,249,-1,-1
00000794.jpg,890,32,1089,249,-1,-1
00000795.jpg,890,32,1089,249,-1,-1
00000796.jpg,890,33,1089,250,-1,-1
00000797.jpg,890,33,1089,250,-1,-1
00000798.jpg,890,32,1089,249,-1,-1
00000799.jpg,890,33,1089,250,-1,-1
00000800.jpg,885,32,1084,249,-1,-1
00000801.jpg,885,32,1084,249,-1,-1
00000802.jpg,885,32,1084,249,-1,-1
00000803.jpg,886,32,1085,249,-1,-1
00000804.jpg,888,31,1087,248,-1,-1
00000805.jpg,888,31,1087,248,-1,-1
00000806.jpg,888,32,1087,249,-1,-1
00000807.jpg,889,32,1088,249,-1,-1
00000808.jpg,890,32,1089,249,-1,-1
00000809.jpg,890,32,1089,249,-1,-1
00000810.jpg,890,32,1089,249,-1,-1
