00007801.jpg,457,91,813,473,-1,-1
00007802.jpg,457,91,813,473,-1,-1
00007803.jpg,457,91,813,473,-1,-1
00007804.jpg,457,91,813,473,-1,-1
00007805.jpg,460,91,816,473,-1,-1
00007806.jpg,464,91,820,473,-1,-1
00007807.jpg,468,91,824,473,-1,-1
00007808.jpg,470,90,826,472,-1,-1
00007809.jpg,472,89,828,471,-1,-1
00007810.jpg,483,95,821,461,-1,-1
00007811.jpg,483,95,821,461,-1,-1
00007812.jpg,483,94,821,460,-1,-1
00007813.jpg,481,94,819,460,-1,-1
00007814.jpg,479,94,817,460,-1,-1
00007815.jpg,478,95,816,461,-1,-1
00007816.jpg,478,95,816,461,-1,-1
00007817.jpg,477,95,815,461,-1,-1
00007818.jpg,477,96,815,462,-1,-1
00007819.jpg,476,96,814,462,-1,-1
00007820.jpg,475,97,813,463,-1,-1
00007821.jpg,475,97,813,463,-1,-1
00007822.jpg,475,97,813,463,-1,-1
00007823.jpg,474,97,812,463,-1,-1
00007824.jpg,472,97,810,463,-1,-1
00007825.jpg,471,97,809,463,-1,-1
00007826.jpg,469,96,807,462,-1,-1
00007827.jpg,467,97,805,463,-1,-1
00007828.jpg,464,98,802,464,-1,-1
00007829.jpg,464,102,799,462,-1,-1
00007830.jpg,464,102,799,462,1112,481
00007831.jpg,468,95,799,444,1112,479
00007832.jpg,465,94,796,443,1111,477
00007833.jpg,460,96,791,445,1106,475
00007834.jpg,457,96,788,445,1103,477
00007835.jpg,455,97,786,446,1099,477
00007836.jpg,453,97,784,446,1095,479
00007837.jpg,451,96,782,445,1084,477
00007838.jpg,450,95,781,444,1076,479
00007839.jpg,450,92,781,441,1066,480
00007840.jpg,451,90,782,439,1055,484
00007841.jpg,451,87,782,436,1046,497
00007842.jpg,451,84,782,433,1034,505
00007843.jpg,451,82,782,431,1036,508
00007844.jpg,452,80,783,429,1038,501
00007845.jpg,453,77,784,426,1042,495
00007846.jpg,456,75,787,424,1050,492
00007847.jpg,458,73,789,422,1054,483
00007848.jpg,460,70,791,419,1058,472
00007849.jpg,462,67,793,416,1064,463
00007850.jpg,465,65,796,414,1071,455
00007851.jpg,468,62,799,411,1082,453
00007852.jpg,471,61,802,410,1083,448
00007853.jpg,474,58,805,407,1088,443
00007854.jpg,478,56,809,405,1092,444
00007855.jpg,481,55,812,404,1096,449
00007856.jpg,485,54,816,403,1096,449
00007857.jpg,488,54,819,403,1096,451
00007858.jpg,492,53,823,402,1096,447
00007859.jpg,495,54,826,403,1096,447
00007860.jpg,497,54,828,403,1098,445
00007861.jpg,500,55,831,404,1102,441
00007862.jpg,502,55,833,404,1102,432
00007863.jpg,503,55,834,404,874,692
00007864.jpg,505,54,836,403,874,683
00007865.jpg,505,53,836,402,876,675
00007866.jpg,506,51,837,400,876,676
00007867.jpg,506,51,837,400,879,681
00007868.jpg,506,51,837,400,876,689
00007869.jpg,506,52,837,401,871,707
00007870.jpg,505,53,836,402,863,720
00007871.jpg,505,55,836,404,852,733
00007872.jpg,505,57,836,406,856,725
00007873.jpg,506,58,837,407,856,728
00007874.jpg,506,58,837,407,855,727
00007875.jpg,503,57,834,406,855,733
00007876.jpg,488,50,839,416,855,740
00007877.jpg,488,50,839,416,854,753
00007878.jpg,483,46,834,412,854,777
00007879.jpg,471,42,840,423,851,800
00007880.jpg,471,42,840,423,850,825
00007881.jpg,468,43,837,424,838,839
00007882.jpg,469,46,838,427,836,843
00007883.jpg,471,50,840,431,-1,-1
00007884.jpg,474,51,843,432,-1,-1
00007885.jpg,475,52,844,433,-1,-1
00007886.jpg,476,54,845,435,-1,-1
00007887.jpg,478,55,847,436,-1,-1
00007888.jpg,480,55,849,436,-1,-1
00007889.jpg,480,55,849,436,-1,-1
