00007801.jpg,1034,300,1416,699,-1,-1
00007802.jpg,1034,300,1416,699,-1,-1
00007803.jpg,1032,304,1392,686,-1,-1
00007804.jpg,1031,302,1382,672,-1,-1
00007805.jpg,1031,302,1382,672,-1,-1
00007806.jpg,1028,300,1379,670,-1,-1
00007807.jpg,1026,297,1377,667,-1,-1
00007808.jpg,1025,294,1376,664,-1,-1
00007809.jpg,1025,291,1376,661,-1,-1
00007810.jpg,1026,286,1377,656,-1,-1
00007811.jpg,1026,285,1377,655,-1,-1
00007812.jpg,1024,283,1375,653,-1,-1
00007813.jpg,1022,283,1373,653,-1,-1
00007814.jpg,1020,283,1371,653,-1,-1
00007815.jpg,1020,283,1371,653,-1,-1
00007816.jpg,1020,283,1371,653,-1,-1
00007817.jpg,1020,284,1371,654,-1,-1
00007818.jpg,1019,285,1370,655,-1,-1
00007819.jpg,1019,286,1370,656,-1,-1
00007820.jpg,1019,287,1370,657,-1,-1
00007821.jpg,1019,287,1370,657,-1,-1
00007822.jpg,1019,287,1370,657,-1,-1
00007823.jpg,1020,288,1371,658,-1,-1
00007824.jpg,1020,289,1371,659,-1,-1
00007825.jpg,1022,289,1373,659,-1,-1
00007826.jpg,1023,290,1374,660,-1,-1
00007827.jpg,1026,291,1377,661,-1,-1
00007828.jpg,1028,292,1379,662,-1,-1
00007829.jpg,1030,292,1381,662,-1,-1
00007830.jpg,1029,290,1380,660,-1,-1
00007831.jpg,1028,288,1379,658,-1,-1
00007832.jpg,1027,287,1378,657,-1,-1
00007833.jpg,1023,287,1374,657,-1,-1
00007834.jpg,1018,289,1369,659,-1,-1
00007835.jpg,1013,290,1364,660,-1,-1
00007836.jpg,1008,290,1359,660,-1,-1
00007837.jpg,999,290,1350,660,-1,-1
00007838.jpg,991,292,1342,662,-1,-1
00007839.jpg,981,295,1332,665,-1,-1
00007840.jpg,971,299,1322,669,-1,-1
00007841.jpg,962,303,1313,673,-1,-1
00007842.jpg,956,307,1307,677,-1,-1
00007843.jpg,954,306,1305,676,-1,-1
00007844.jpg,956,304,1307,674,-1,-1
00007845.jpg,961,299,1312,669,-1,-1
00007846.jpg,967,293,1318,663,-1,-1
00007847.jpg,972,288,1323,658,-1,-1
00007848.jpg,977,282,1328,652,-1,-1
00007849.jpg,984,277,1335,647,-1,-1
00007850.jpg,990,272,1341,642,-1,-1
00007851.jpg,997,266,1348,636,-1,-1
00007852.jpg,1004,261,1355,631,-1,-1
00007853.jpg,1009,257,1360,627,-1,-1
00007854.jpg,1012,255,1363,625,-1,-1
00007855.jpg,1014,255,1365,625,-1,-1
00007856.jpg,1016,256,1367,626,-1,-1
00007857.jpg,1017,258,1368,628,-1,-1
00007858.jpg,1018,260,1369,630,-1,-1
00007859.jpg,1021,260,1372,630,-1,-1
00007860.jpg,1023,259,1374,629,-1,-1
00007861.jpg,1024,257,1375,627,-1,-1
00007862.jpg,1025,257,1376,627,-1,-1
00007863.jpg,1027,256,1378,626,-1,-1
00007864.jpg,1030,255,1381,625,-1,-1
00007865.jpg,1030,253,1381,623,-1,-1
00007866.jpg,1027,252,1378,622,-1,-1
00007867.jpg,1024,253,1375,623,-1,-1
00007868.jpg,1019,257,1370,627,-1,-1
00007869.jpg,1013,263,1364,633,-1,-1
00007870.jpg,1007,268,1358,638,-1,-1
00007871.jpg,1003,269,1354,639,-1,-1
00007872.jpg,1002,270,1353,640,-1,-1
00007873.jpg,1001,272,1352,642,-1,-1
00007874.jpg,1000,275,1351,645,-1,-1
00007875.jpg,996,275,1354,668,-1,-1
00007876.jpg,996,275,1354,668,-1,-1
00007877.jpg,995,283,1353,676,-1,-1
00007878.jpg,988,287,1369,705,-1,-1
00007879.jpg,988,287,1369,705,-1,-1
00007880.jpg,990,292,1371,710,-1,-1
00007881.jpg,992,298,1373,716,-1,-1
00007882.jpg,994,301,1375,719,-1,-1
00007883.jpg,997,303,1378,721,-1,-1
00007884.jpg,999,304,1380,722,-1,-1
00007885.jpg,1001,305,1382,723,-1,-1
00007886.jpg,1003,306,1384,724,-1,-1
00007887.jpg,1005,305,1386,723,-1,-1
00007888.jpg,1007,304,1388,722,-1,-1
00007889.jpg,1007,304,1388,722,-1,-1
