00002171.jpg,792,94,930,243,348,168
00002172.jpg,792,94,930,243,348,168
00002173.jpg,792,94,930,243,348,168
00002174.jpg,792,94,930,243,348,168
00002175.jpg,790,93,928,242,348,168
00002176.jpg,790,93,928,242,348,168
00002177.jpg,787,90,925,239,348,168
00002178.jpg,783,90,921,239,348,168
00002179.jpg,779,91,917,240,348,168
00002180.jpg,770,90,915,249,348,168
00002181.jpg,770,90,915,249,348,168
00002182.jpg,765,92,910,251,348,168
00002183.jpg,759,95,904,254,348,168
00002184.jpg,753,97,898,256,348,168
00002185.jpg,747,100,892,259,348,166
00002186.jpg,747,100,892,259,348,167
00002187.jpg,734,94,881,260,350,167
00002188.jpg,734,94,881,260,350,166
00002189.jpg,732,94,879,260,350,166
00002190.jpg,733,94,880,260,350,165
00002191.jpg,733,94,880,260,352,165
00002192.jpg,734,96,881,262,352,164
00002193.jpg,735,101,882,267,352,167
00002194.jpg,738,104,885,270,354,168
00002195.jpg,739,105,886,271,354,169
00002196.jpg,739,105,886,271,356,169
00002197.jpg,739,105,886,271,357,169
00002198.jpg,741,105,888,271,357,169
00002199.jpg,743,103,890,269,357,169
00002200.jpg,742,101,889,267,356,169
00002201.jpg,742,101,889,267,356,169
00002202.jpg,743,98,890,264,360,168
00002203.jpg,745,97,892,263,366,167
00002204.jpg,745,98,892,264,370,166
00002205.jpg,746,98,893,264,379,164
00002206.jpg,746,98,893,264,379,164
00002207.jpg,747,99,894,265,393,164
00002208.jpg,747,101,894,267,398,166
00002209.jpg,748,101,895,267,404,166
00002210.jpg,748,102,895,268,411,167
00002211.jpg,748,102,895,268,411,167
00002212.jpg,748,101,895,267,416,167
00002213.jpg,748,100,895,266,420,167
00002214.jpg,748,98,895,264,424,167
00002215.jpg,748,96,895,262,427,165
00002216.jpg,748,96,895,262,429,167
00002217.jpg,748,95,895,261,428,167
00002218.jpg,748,95,895,261,428,167
