00002667.jpg,278,115,488,331,-1,-1
00002668.jpg,278,115,488,331,-1,-1
00002669.jpg,278,115,488,331,-1,-1
00002670.jpg,278,115,488,331,-1,-1
00002671.jpg,278,115,488,331,-1,-1
00002672.jpg,278,115,488,331,-1,-1
00002673.jpg,278,115,488,331,-1,-1
00002674.jpg,278,115,488,331,-1,-1
00002675.jpg,278,115,488,331,-1,-1
00002676.jpg,278,115,488,331,-1,-1
00002677.jpg,278,115,488,331,-1,-1
00002678.jpg,278,115,488,331,-1,-1
00002679.jpg,278,115,488,331,-1,-1
00002680.jpg,278,116,488,332,-1,-1
00002681.jpg,278,116,488,332,-1,-1
00002682.jpg,278,116,488,332,-1,-1
00002683.jpg,278,116,488,332,-1,-1
00002684.jpg,278,116,488,332,-1,-1
00002685.jpg,278,116,488,332,-1,-1
00002686.jpg,278,116,488,332,-1,-1
00002687.jpg,278,116,488,332,-1,-1
00002688.jpg,278,116,488,332,-1,-1
00002689.jpg,278,116,488,332,-1,-1
00002690.jpg,278,116,488,332,-1,-1
00002691.jpg,277,116,487,332,-1,-1
00002692.jpg,277,116,487,332,-1,-1
00002693.jpg,277,116,487,332,-1,-1
00002694.jpg,277,116,487,332,-1,-1
00002695.jpg,276,116,486,332,-1,-1
00002696.jpg,276,116,486,332,-1,-1
00002697.jpg,276,116,486,332,-1,-1
00002698.jpg,276,115,486,331,-1,-1
00002699.jpg,276,115,486,331,-1,-1
00002700.jpg,276,115,486,331,-1,-1
00002701.jpg,275,116,485,332,-1,-1
00002702.jpg,275,116,485,332,-1,-1
00002703.jpg,275,116,485,332,-1,-1
00002704.jpg,274,116,484,332,-1,-1
00002705.jpg,274,116,484,332,-1,-1
00002706.jpg,274,116,484,332,-1,-1
00002707.jpg,274,116,484,332,-1,-1
00002708.jpg,274,116,484,332,-1,-1
00002709.jpg,274,116,484,332,-1,-1
00002710.jpg,274,116,484,332,-1,-1
00002711.jpg,274,116,484,332,-1,-1
00002712.jpg,274,116,484,332,-1,-1
00002713.jpg,275,116,485,332,-1,-1
00002714.jpg,275,116,485,332,-1,-1
00002715.jpg,275,116,485,332,-1,-1
00002716.jpg,275,116,485,332,-1,-1
00002717.jpg,275,117,485,333,802,312
00002718.jpg,275,117,485,333,798,315
00002719.jpg,275,118,485,334,798,315
00002720.jpg,273,117,483,333,797,315
00002721.jpg,273,116,483,332,794,315
00002722.jpg,273,115,483,331,791,315
00002723.jpg,273,115,483,331,791,310
00002724.jpg,274,114,484,330,791,309
00002725.jpg,273,115,483,331,789,307
00002726.jpg,274,114,484,330,788,307
00002727.jpg,274,114,484,330,788,307
00002728.jpg,274,114,484,330,788,308
00002729.jpg,274,114,484,330,788,308
00002730.jpg,274,114,484,330,788,308
00002731.jpg,274,115,484,331,788,310
00002732.jpg,274,115,484,331,792,307
00002733.jpg,275,114,485,330,795,304
00002734.jpg,275,114,485,330,800,300
00002735.jpg,276,114,486,330,805,297
00002736.jpg,276,114,486,330,805,294
00002737.jpg,277,113,487,329,805,290
00002738.jpg,277,113,487,329,805,288
00002739.jpg,278,112,488,328,805,286
00002740.jpg,279,115,489,331,805,286
00002741.jpg,284,118,494,334,802,282
00002742.jpg,283,118,493,334,799,280
00002743.jpg,282,118,492,334,800,274
00002744.jpg,282,118,492,334,802,278
00002745.jpg,282,118,492,334,798,273
00002746.jpg,281,118,491,334,789,267
00002747.jpg,281,117,491,333,788,266
00002748.jpg,281,117,491,333,785,266
00002749.jpg,282,116,492,332,777,263
00002750.jpg,282,116,492,332,766,262
00002751.jpg,282,116,492,332,753,262
00002752.jpg,283,115,493,331,734,263
00002753.jpg,283,115,493,331,719,261
00002754.jpg,284,115,494,331,702,263
00002755.jpg,286,114,496,330,699,262
00002756.jpg,288,114,498,330,688,264
00002757.jpg,290,114,500,330,680,264
00002758.jpg,290,114,500,330,674,265
