00042330.jpg,477,40,627,181,736,224
00042331.jpg,477,40,627,181,727,224
00042332.jpg,471,42,621,183,718,230
00042333.jpg,462,44,612,185,709,231
00042334.jpg,453,46,603,187,700,232
00042335.jpg,453,46,603,187,699,233
00042336.jpg,443,46,593,187,693,233
00042337.jpg,432,46,582,187,686,233
00042338.jpg,422,46,572,187,678,233
00042339.jpg,413,46,563,187,673,232
00042340.jpg,413,46,563,187,671,234
00042341.jpg,407,43,557,184,665,235
00042342.jpg,383,51,538,181,660,236
00042343.jpg,383,51,538,181,655,237
00042344.jpg,374,51,529,181,657,234
00042345.jpg,374,51,529,181,657,235
00042346.jpg,366,49,521,179,657,235
00042347.jpg,355,41,516,208,657,235
00042348.jpg,355,41,516,208,661,237
00042349.jpg,353,43,514,210,661,237
00042350.jpg,353,43,514,210,661,237
00042351.jpg,353,43,514,210,661,237
00042352.jpg,354,43,515,210,666,239
00042353.jpg,354,43,515,210,668,240
00042354.jpg,355,43,516,210,669,241
00042355.jpg,355,43,516,210,671,241
00042356.jpg,356,43,517,210,674,243
00042357.jpg,358,43,519,210,675,244
00042358.jpg,359,42,520,209,743,247
00042359.jpg,360,42,521,209,764,250
00042360.jpg,360,42,521,209,777,253
00042361.jpg,364,43,525,210,781,253
00042362.jpg,364,42,527,199,794,253
00042363.jpg,376,43,537,210,806,255
00042364.jpg,385,43,546,210,809,254
00042365.jpg,385,43,546,210,816,254
00042366.jpg,393,43,554,210,822,254
00042367.jpg,406,42,567,209,842,255
00042368.jpg,417,44,578,211,853,255
00042369.jpg,430,44,591,211,868,257
00042370.jpg,430,44,591,211,871,257
00042371.jpg,441,43,602,210,881,258
00042372.jpg,456,54,612,203,892,257
00042373.jpg,456,54,612,203,896,258
00042374.jpg,467,55,623,204,907,261
00042375.jpg,467,55,623,204,905,264
00042376.jpg,478,56,634,205,908,264
00042377.jpg,489,58,645,207,912,265
00042378.jpg,511,58,662,196,914,264
00042379.jpg,511,58,662,196,914,264
00042380.jpg,511,58,662,196,914,264
00042381.jpg,518,58,669,196,914,264
00042382.jpg,522,58,673,196,914,264
00042383.jpg,524,58,675,196,914,264
00042384.jpg,525,58,676,196,914,264
00042385.jpg,525,58,676,196,914,264
00042386.jpg,526,58,677,196,914,264
00042387.jpg,527,58,678,196,914,264
00042388.jpg,527,57,678,195,914,264
00042389.jpg,527,57,678,195,914,264
00042390.jpg,527,57,678,195,914,264
00042391.jpg,526,58,677,196,914,264
00042392.jpg,525,58,676,196,-1,-1
00042393.jpg,525,58,676,196,-1,-1
00042394.jpg,542,61,673,215,-1,-1
00042395.jpg,542,61,673,215,-1,-1
00042396.jpg,540,62,671,216,-1,-1
00042397.jpg,537,64,668,218,-1,-1
00042398.jpg,533,66,664,220,-1,-1
00042399.jpg,529,69,660,223,-1,-1
00042400.jpg,529,69,660,223,-1,-1
00042401.jpg,525,71,656,225,-1,-1
00042402.jpg,523,73,654,227,-1,-1
00042403.jpg,522,76,653,230,-1,-1
00042404.jpg,519,80,650,234,711,285
00042405.jpg,519,80,650,234,711,285
00042406.jpg,521,84,652,238,711,285
00042407.jpg,500,81,632,256,711,285
00042408.jpg,492,86,636,254,711,285
00042409.jpg,492,86,636,254,711,285
00042410.jpg,492,86,636,254,711,285
00042411.jpg,493,87,637,255,713,284
00042412.jpg,494,88,638,256,713,284
00042413.jpg,496,90,640,258,713,284
00042414.jpg,499,92,643,260,715,281
00042415.jpg,499,92,643,260,715,281
00042416.jpg,502,94,646,262,715,281
00042417.jpg,505,96,649,264,715,281
00042418.jpg,509,98,653,266,715,281
00042419.jpg,514,98,658,266,715,281
00042420.jpg,514,98,658,266,716,280
