00014250.jpg,558,176,1125,727,1038,298
00014251.jpg,548,226,1142,798,1030,317
00014252.jpg,548,226,1142,798,1028,316
00014253.jpg,545,254,1139,826,1021,349
00014254.jpg,547,284,1141,856,1032,372
00014255.jpg,557,302,1151,874,1038,377
00014256.jpg,569,300,1163,872,1044,362
00014257.jpg,569,300,1163,872,1045,361
00014258.jpg,575,277,1169,849,1053,320
00014259.jpg,577,254,1171,826,1049,300
00014260.jpg,575,255,1169,827,1049,300
00014261.jpg,572,263,1166,835,1042,304
00014262.jpg,572,263,1166,835,1042,304
00014263.jpg,568,278,1162,850,1042,312
00014264.jpg,572,291,1166,863,1050,320
00014265.jpg,579,289,1173,861,1062,302
00014266.jpg,582,276,1176,848,1072,278
00014267.jpg,582,276,1176,848,1072,278
00014268.jpg,584,266,1178,838,1072,258
00014269.jpg,584,254,1178,826,1072,244
00014270.jpg,580,257,1174,829,1074,250
00014271.jpg,576,267,1170,839,1072,260
00014272.jpg,576,267,1170,839,1072,264
00014273.jpg,570,284,1164,856,1060,282
00014274.jpg,576,294,1170,866,1061,294
00014275.jpg,584,284,1178,856,1065,284
00014276.jpg,589,272,1183,844,1056,266
00014277.jpg,589,272,1183,844,1058,265
00014278.jpg,594,260,1188,832,1064,258
00014279.jpg,597,263,1191,835,1064,264
00014280.jpg,595,269,1189,841,1060,270
00014281.jpg,592,272,1186,844,1057,274
00014282.jpg,592,272,1186,844,1056,276
00014283.jpg,595,271,1189,843,1061,277
00014284.jpg,598,261,1192,833,1065,264
00014285.jpg,596,264,1190,836,1064,266
00014286.jpg,597,275,1191,847,1064,273
00014287.jpg,597,275,1191,847,1064,276
00014288.jpg,600,276,1194,848,1066,276
00014289.jpg,602,274,1196,846,1069,269
00014290.jpg,604,272,1198,844,1069,269
00014291.jpg,603,273,1197,845,1069,269
00014292.jpg,603,273,1197,845,1069,269
00014293.jpg,607,280,1201,852,1072,278
00014294.jpg,612,278,1206,850,1074,280
00014295.jpg,609,274,1203,846,1066,270
00014296.jpg,605,266,1199,838,1065,268
00014297.jpg,605,266,1199,838,1065,266
00014298.jpg,603,258,1197,830,1060,254
00014299.jpg,596,266,1190,838,1052,270
00014300.jpg,597,275,1191,847,1040,282
00014301.jpg,600,280,1194,852,1034,286
00014302.jpg,600,280,1194,852,1032,290
00014303.jpg,596,277,1190,849,1032,290
00014304.jpg,595,277,1189,849,1032,292
00014305.jpg,606,280,1200,852,1032,297
00014306.jpg,616,273,1210,845,1058,288
00014307.jpg,616,273,1210,845,1058,288
00014308.jpg,615,265,1209,837,1065,276
00014309.jpg,611,265,1205,837,1065,274
00014310.jpg,606,269,1200,841,1058,282
00014311.jpg,599,279,1193,851,1048,297
00014312.jpg,599,279,1193,851,1050,297
00014313.jpg,599,298,1193,870,1052,328
00014314.jpg,603,301,1197,873,1052,334
00014315.jpg,603,284,1197,856,-1,-1
00014316.jpg,595,243,1189,815,446,920
00014317.jpg,595,243,1189,815,446,920
00014318.jpg,585,232,1179,804,446,920
00014319.jpg,576,258,1170,830,445,944
00014320.jpg,575,288,1169,860,445,944
00014321.jpg,571,307,1165,879,445,944
00014322.jpg,571,307,1165,879,445,944
00014323.jpg,577,308,1171,880,445,944
00014324.jpg,588,285,1182,857,445,944
00014325.jpg,594,256,1188,828,445,944
00014326.jpg,592,247,1186,819,-1,-1
00014327.jpg,592,247,1186,819,-1,-1
00014328.jpg,595,246,1189,818,1042,330
00014329.jpg,590,251,1184,823,1029,333
00014330.jpg,580,263,1174,835,1013,348
00014331.jpg,586,279,1180,851,1016,381
00014332.jpg,586,279,1180,851,1017,381
00014333.jpg,604,296,1198,868,1034,406
00014334.jpg,617,290,1211,862,1042,398
00014335.jpg,611,247,1205,819,1028,349
00014336.jpg,604,227,1198,799,1024,330
00014337.jpg,604,227,1198,799,1024,330
00014338.jpg,601,240,1195,812,1024,349
00014339.jpg,599,260,1193,832,1018,377
00014340.jpg,594,271,1188,843,1014,392
00014341.jpg,593,270,1187,842,1014,392
00014342.jpg,593,270,1187,842,1016,392
00014343.jpg,596,235,1190,807,1022,352
00014344.jpg,580,187,1174,759,1005,301
00014345.jpg,568,201,1162,773,1002,320
00014346.jpg,564,240,1158,812,1001,368
00014347.jpg,564,240,1158,812,1001,368
00014348.jpg,561,280,1155,852,996,405
00014349.jpg,559,295,1153,867,992,412
00014350.jpg,571,271,1165,843,1009,386
00014351.jpg,587,213,1181,785,1021,314
00014352.jpg,587,213,1181,785,1016,322
00014353.jpg,593,163,1187,735,1033,254
00014354.jpg,585,158,1179,730,1022,252
00014355.jpg,570,171,1164,743,1008,262
00014356.jpg,560,204,1154,776,996,296
00014357.jpg,560,204,1154,776,996,300
00014358.jpg,560,233,1154,805,992,329
00014359.jpg,566,259,1160,831,1002,361
00014360.jpg,573,286,1167,858,1002,382
00014361.jpg,581,283,1175,855,1010,368
00014362.jpg,581,283,1175,855,1009,366
00014363.jpg,582,249,1176,821,1014,317
00014364.jpg,573,197,1167,769,1014,258
00014365.jpg,564,182,1158,754,1012,253
00014366.jpg,545,214,1139,786,1000,298
00014367.jpg,545,214,1139,786,998,300
00014368.jpg,532,255,1126,827,985,353
00014369.jpg,528,289,1122,861,977,394
00014370.jpg,526,306,1120,878,978,409
00014371.jpg,533,296,1127,868,986,384
00014372.jpg,533,296,1127,868,986,386
00014373.jpg,549,258,1143,830,1006,337
00014374.jpg,561,220,1155,792,1014,296
00014375.jpg,559,225,1153,797,1021,304
00014376.jpg,558,246,1152,818,1013,332
00014377.jpg,558,246,1152,818,1013,332
00014378.jpg,557,260,1151,832,-1,-1
00014379.jpg,561,265,1155,837,368,876
00014380.jpg,566,257,1160,829,380,890
00014381.jpg,572,226,1166,798,386,878
00014382.jpg,572,226,1166,798,393,877
00014383.jpg,575,209,1169,781,393,877
00014384.jpg,573,201,1167,773,-1,-1
00014385.jpg,568,210,1162,782,1016,286
00014386.jpg,561,239,1155,811,1002,321
00014387.jpg,561,239,1155,811,1002,321
00014388.jpg,545,265,1139,837,980,350
00014389.jpg,522,282,1116,854,-1,-1
00014390.jpg,508,287,1102,859,-1,-1
00014391.jpg,507,276,1101,848,342,924
00014392.jpg,507,276,1101,848,342,924
00014393.jpg,508,254,1102,826,336,912
00014394.jpg,507,236,1101,808,341,910
00014395.jpg,533,173,1121,782,342,893
00014396.jpg,533,173,1121,782,342,893
00014397.jpg,533,173,1121,782,342,893
00014398.jpg,523,195,1111,804,334,921
00014399.jpg,522,210,1110,819,324,972
00014400.jpg,530,205,1118,814,324,972
00014401.jpg,540,184,1128,793,338,952
00014402.jpg,540,184,1128,793,338,952
00014403.jpg,560,152,1148,761,352,914
00014404.jpg,576,134,1164,743,354,902
00014405.jpg,578,139,1166,748,354,900
00014406.jpg,576,149,1164,758,354,900
00014407.jpg,576,149,1164,758,354,900
00014408.jpg,580,162,1168,771,354,900
00014409.jpg,587,167,1175,776,354,900
00014410.jpg,591,168,1179,777,364,910
00014411.jpg,589,160,1177,769,364,910
00014412.jpg,589,160,1177,769,364,910
00014413.jpg,575,155,1163,764,364,910
00014414.jpg,570,149,1158,758,-1,-1
00014415.jpg,575,151,1163,760,965,350
00014416.jpg,576,159,1164,768,970,368
00014417.jpg,576,159,1164,768,973,365
00014418.jpg,579,157,1167,766,974,352
00014419.jpg,570,178,1141,752,974,334
00014420.jpg,570,178,1141,752,970,326
00014421.jpg,566,171,1137,745,966,324
00014422.jpg,566,171,1137,745,964,318
00014423.jpg,562,173,1133,747,964,326
00014424.jpg,556,183,1127,757,964,326
00014425.jpg,557,182,1128,756,965,329
00014426.jpg,559,184,1130,758,969,321
00014427.jpg,559,184,1130,758,969,321
00014428.jpg,558,194,1129,768,972,317
00014429.jpg,561,201,1132,775,981,326
00014430.jpg,561,201,1132,775,988,337
