00005910.jpg,825,9,1646,732,-1,-1
00005911.jpg,821,5,1650,738,-1,-1
00005912.jpg,817,2,1651,742,-1,-1
00005913.jpg,812,0,1654,743,-1,-1
00005914.jpg,803,0,1666,749,-1,-1
00005915.jpg,798,0,1671,752,-1,-1
00005916.jpg,797,0,1671,753,-1,-1
00005917.jpg,797,0,1669,754,-1,-1
00005918.jpg,796,0,1667,762,-1,-1
00005919.jpg,791,0,1659,763,-1,-1
00005920.jpg,794,0,1658,766,-1,-1
00005921.jpg,795,0,1658,766,-1,-1
00005922.jpg,799,0,1662,770,-1,-1
00005923.jpg,799,0,1660,761,-1,-1
00005924.jpg,799,0,1653,766,-1,-1
00005925.jpg,795,0,1633,752,-1,-1
00005926.jpg,795,0,1633,752,-1,-1
00005927.jpg,799,0,1625,760,-1,-1
00005928.jpg,807,0,1608,760,-1,-1
00005929.jpg,805,7,1595,756,-1,-1
00005930.jpg,800,12,1583,743,-1,-1
00005931.jpg,800,12,1583,743,-1,-1
00005932.jpg,780,7,1602,737,-1,-1
00005933.jpg,772,4,1598,744,-1,-1
00005934.jpg,765,0,1615,745,-1,-1
00005935.jpg,771,6,1612,746,-1,-1
00005936.jpg,772,6,1611,746,-1,-1
00005937.jpg,773,16,1607,740,-1,-1
00005938.jpg,767,12,1611,751,-1,-1
00005939.jpg,784,13,1606,754,-1,-1
00005940.jpg,785,10,1601,765,-1,-1
00005941.jpg,786,11,1601,765,-1,-1
00005942.jpg,678,11,1531,855,-1,-1
00005943.jpg,678,11,1531,855,-1,-1
00005944.jpg,686,13,1539,857,-1,-1
00005945.jpg,703,11,1556,855,-1,-1
00005946.jpg,703,11,1556,855,-1,-1
00005947.jpg,731,0,1584,844,-1,-1
00005948.jpg,788,19,1641,863,-1,-1
00005949.jpg,813,48,1666,892,-1,-1
00005950.jpg,840,62,1693,906,-1,-1
00005951.jpg,840,62,1693,906,-1,-1
00005952.jpg,854,33,1707,877,-1,-1
00005953.jpg,853,13,1706,857,-1,-1
00005954.jpg,865,16,1718,860,-1,-1
00005955.jpg,856,0,1709,844,-1,-1
00005956.jpg,856,0,1709,844,-1,-1
00005957.jpg,837,19,1634,865,-1,-1
00005958.jpg,837,19,1634,865,-1,-1
00005959.jpg,833,12,1630,858,-1,-1
00005960.jpg,823,0,1620,846,-1,-1
00005961.jpg,823,0,1620,846,-1,-1
00005962.jpg,818,0,1615,846,-1,-1
00005963.jpg,808,0,1605,846,-1,-1
00005964.jpg,797,0,1594,846,-1,-1
00005965.jpg,785,0,1582,846,-1,-1
00005966.jpg,785,0,1582,846,-1,-1
00005967.jpg,773,0,1570,846,-1,-1
00005968.jpg,762,0,1559,846,-1,-1
00005969.jpg,753,2,1550,848,-1,-1
00005970.jpg,753,2,1550,848,-1,-1
