00000453.jpg,353,20,492,170,-1,-1
00000454.jpg,353,20,492,170,-1,-1
00000455.jpg,353,20,492,170,-1,-1
00000456.jpg,353,20,492,170,-1,-1
00000457.jpg,354,20,493,170,-1,-1
00000458.jpg,355,20,494,170,-1,-1
00000459.jpg,357,20,496,170,-1,-1
00000460.jpg,357,20,496,170,-1,-1
00000461.jpg,358,20,497,170,-1,-1
00000462.jpg,360,19,499,169,-1,-1
00000463.jpg,363,19,502,169,-1,-1
00000464.jpg,365,18,504,168,-1,-1
00000465.jpg,365,18,504,168,-1,-1
00000466.jpg,366,17,505,167,-1,-1
00000467.jpg,367,17,506,167,-1,-1
00000468.jpg,368,16,507,166,-1,-1
00000469.jpg,368,16,507,166,-1,-1
00000470.jpg,369,16,508,166,-1,-1
00000471.jpg,370,15,509,165,-1,-1
00000472.jpg,371,14,510,164,-1,-1
00000473.jpg,371,14,510,164,-1,-1
00000474.jpg,371,14,510,164,-1,-1
00000475.jpg,372,14,511,164,-1,-1
00000476.jpg,372,14,511,164,-1,-1
00000477.jpg,372,14,511,164,-1,-1
00000478.jpg,372,14,511,164,-1,-1
00000479.jpg,372,14,511,164,-1,-1
00000480.jpg,372,14,511,164,-1,-1
