00026545.jpg,2,18,71,297,-1,-1
00026546.jpg,2,13,99,300,-1,-1
00026547.jpg,2,9,128,296,-1,-1
00026548.jpg,3,9,152,300,-1,-1
00026549.jpg,4,10,171,297,-1,-1
00026550.jpg,4,8,194,303,-1,-1
00026551.jpg,5,4,214,308,-1,-1
00026552.jpg,3,8,238,314,-1,-1
00026553.jpg,4,7,246,309,-1,-1
00026554.jpg,5,7,279,292,-1,-1
00026555.jpg,2,8,291,286,-1,-1
00026556.jpg,6,8,317,287,-1,-1
00026557.jpg,16,7,341,286,-1,-1
00026558.jpg,34,10,359,280,-1,-1
00026559.jpg,52,15,382,285,-1,-1
00026560.jpg,75,6,400,298,-1,-1
00026561.jpg,91,8,421,291,-1,-1
00026562.jpg,108,3,440,288,-1,-1
00026563.jpg,119,5,443,303,-1,-1
00026564.jpg,137,7,464,306,-1,-1
00026565.jpg,137,7,464,306,-1,-1
00026566.jpg,148,9,475,308,-1,-1
00026567.jpg,159,6,486,305,-1,-1
00026568.jpg,170,6,495,305,-1,-1
