00030858.jpg,250,19,507,295,-1,-1
00030859.jpg,250,19,507,295,-1,-1
00030860.jpg,250,19,507,295,-1,-1
00030861.jpg,250,19,507,295,-1,-1
00030862.jpg,250,19,507,295,-1,-1
00030863.jpg,251,19,508,295,-1,-1
00030864.jpg,251,19,508,295,-1,-1
00030865.jpg,252,19,509,295,-1,-1
00030866.jpg,252,18,509,294,-1,-1
00030867.jpg,253,18,510,294,-1,-1
00030868.jpg,253,18,510,294,-1,-1
00030869.jpg,255,18,512,294,-1,-1
00030870.jpg,259,17,516,293,-1,-1
00030871.jpg,240,18,479,290,-1,-1
00030872.jpg,240,18,479,290,-1,-1
00030873.jpg,244,20,483,292,-1,-1
00030874.jpg,231,20,491,293,-1,-1
00030875.jpg,231,20,491,293,876,155
00030876.jpg,234,23,494,296,877,155
00030877.jpg,223,28,497,297,877,155
00030878.jpg,223,28,497,297,880,155
00030879.jpg,224,31,498,300,880,155
00030880.jpg,225,32,499,301,880,155
00030881.jpg,226,33,500,302,878,155
00030882.jpg,227,33,501,302,878,155
00030883.jpg,228,33,502,302,878,155
00030884.jpg,229,32,503,301,878,155
00030885.jpg,230,31,504,300,878,155
00030886.jpg,231,30,505,299,878,155
00030887.jpg,233,30,507,299,878,155
00030888.jpg,234,30,508,299,878,155
00030889.jpg,237,30,511,299,878,155
00030890.jpg,239,31,513,300,878,155
00030891.jpg,241,32,515,301,878,155
00030892.jpg,243,32,517,301,878,155
00030893.jpg,245,32,519,301,878,155
00030894.jpg,247,32,521,301,878,155
00030895.jpg,248,32,522,301,878,155
00030896.jpg,249,32,523,301,878,155
00030897.jpg,250,33,524,302,878,155
00030898.jpg,250,33,524,302,878,155
00030899.jpg,251,34,525,303,878,155
00030900.jpg,252,34,526,303,878,155
00030901.jpg,252,35,526,304,878,155
00030902.jpg,253,35,527,304,878,155
00030903.jpg,254,35,528,304,878,155
00030904.jpg,255,36,529,305,878,155
00030905.jpg,257,36,531,305,878,155
00030906.jpg,257,36,531,305,878,155
00030907.jpg,258,36,532,305,888,160
00030908.jpg,259,36,533,305,895,160
00030909.jpg,260,36,534,305,900,163
00030910.jpg,261,36,535,305,906,163
00030911.jpg,261,37,535,306,910,163
00030912.jpg,261,37,535,306,911,163
00030913.jpg,261,37,535,306,897,163
00030914.jpg,260,37,534,306,881,163
00030915.jpg,259,37,533,306,868,164
00030916.jpg,258,37,532,306,863,166
00030917.jpg,257,37,531,306,860,166
00030918.jpg,256,37,530,306,858,166
00030919.jpg,255,37,529,306,857,166
00030920.jpg,254,37,528,306,857,166
00030921.jpg,253,37,527,306,857,166
00030922.jpg,252,37,526,306,857,166
00030923.jpg,252,37,526,306,857,166
00030924.jpg,251,37,525,306,857,166
00030925.jpg,250,37,524,306,857,166
00030926.jpg,249,37,523,306,857,166
00030927.jpg,248,36,522,305,857,166
00030928.jpg,247,36,521,305,858,166
00030929.jpg,246,35,520,304,857,166
00030930.jpg,246,35,520,304,860,166
