00030858.jpg,776,21,1030,305,-1,-1
00030859.jpg,776,21,1030,305,-1,-1
00030860.jpg,776,21,1030,305,-1,-1
00030861.jpg,776,21,1030,305,-1,-1
00030862.jpg,776,21,1030,305,-1,-1
00030863.jpg,776,21,1030,305,-1,-1
00030864.jpg,776,21,1030,305,-1,-1
00030865.jpg,776,21,1030,305,-1,-1
00030866.jpg,776,21,1030,305,-1,-1
00030867.jpg,776,21,1030,305,-1,-1
00030868.jpg,776,21,1030,305,-1,-1
00030869.jpg,777,21,1031,305,-1,-1
00030870.jpg,777,21,1031,305,-1,-1
00030871.jpg,777,20,1031,304,-1,-1
00030872.jpg,777,20,1031,304,-1,-1
00030873.jpg,777,20,1031,304,-1,-1
00030874.jpg,777,20,1031,304,-1,-1
00030875.jpg,777,20,1031,304,-1,-1
00030876.jpg,777,20,1031,304,-1,-1
00030877.jpg,777,20,1031,304,-1,-1
00030878.jpg,777,20,1031,304,-1,-1
00030879.jpg,777,20,1031,304,-1,-1
00030880.jpg,777,20,1031,304,-1,-1
00030881.jpg,777,20,1031,304,-1,-1
00030882.jpg,777,20,1031,304,-1,-1
00030883.jpg,777,20,1031,304,-1,-1
00030884.jpg,777,20,1031,304,-1,-1
00030885.jpg,777,20,1031,304,-1,-1
00030886.jpg,777,19,1031,303,-1,-1
00030887.jpg,777,19,1031,303,-1,-1
00030888.jpg,777,19,1031,303,-1,-1
00030889.jpg,777,19,1031,303,-1,-1
00030890.jpg,777,19,1031,303,-1,-1
00030891.jpg,777,19,1031,303,-1,-1
00030892.jpg,777,19,1031,303,-1,-1
00030893.jpg,777,20,1031,304,-1,-1
00030894.jpg,777,20,1031,304,-1,-1
00030895.jpg,777,20,1031,304,-1,-1
00030896.jpg,778,20,1032,304,-1,-1
00030897.jpg,778,20,1032,304,-1,-1
00030898.jpg,778,20,1032,304,-1,-1
00030899.jpg,777,20,1031,304,-1,-1
00030900.jpg,777,20,1031,304,-1,-1
00030901.jpg,777,20,1031,304,-1,-1
00030902.jpg,777,20,1031,304,-1,-1
00030903.jpg,777,20,1031,304,-1,-1
00030904.jpg,776,21,1030,305,-1,-1
00030905.jpg,776,21,1030,305,-1,-1
00030906.jpg,776,21,1030,305,-1,-1
00030907.jpg,776,20,1030,304,-1,-1
00030908.jpg,776,20,1030,304,-1,-1
00030909.jpg,775,19,1029,303,-1,-1
00030910.jpg,774,18,1028,302,-1,-1
00030911.jpg,774,18,1028,302,-1,-1
00030912.jpg,775,18,1029,302,-1,-1
00030913.jpg,776,18,1030,302,-1,-1
00030914.jpg,778,20,1032,304,492,171
00030915.jpg,777,22,1031,306,491,171
00030916.jpg,780,20,1034,304,488,171
00030917.jpg,781,20,1035,304,488,171
00030918.jpg,781,20,1035,304,488,171
00030919.jpg,781,20,1035,304,488,171
00030920.jpg,779,21,1033,305,488,171
00030921.jpg,778,22,1032,306,487,171
00030922.jpg,778,22,1032,306,487,171
00030923.jpg,778,22,1032,306,487,171
00030924.jpg,778,22,1032,306,487,171
00030925.jpg,778,22,1032,306,485,171
00030926.jpg,778,22,1032,306,485,171
00030927.jpg,779,21,1033,305,483,171
00030928.jpg,780,20,1034,304,481,171
00030929.jpg,780,20,1034,304,-1,-1
00030930.jpg,780,20,1034,304,-1,-1
