00001738.jpg,477,222,837,568,-1,-1
00001739.jpg,477,222,837,568,-1,-1
00001740.jpg,477,222,837,568,-1,-1
00001741.jpg,477,222,837,568,-1,-1
00001742.jpg,477,222,837,568,1374,488
00001743.jpg,477,222,837,568,1374,488
00001744.jpg,477,222,837,568,1377,488
00001745.jpg,477,222,837,568,1377,488
00001746.jpg,477,222,837,568,1377,488
00001747.jpg,477,222,837,568,1378,482
00001748.jpg,477,222,837,568,1378,480
00001749.jpg,477,222,837,568,1378,480
00001750.jpg,477,222,837,568,1378,480
00001751.jpg,477,222,837,568,1378,480
00001752.jpg,477,222,837,568,1378,480
00001753.jpg,477,222,837,568,1378,480
00001754.jpg,477,222,837,568,1378,480
00001755.jpg,477,222,837,568,1378,480
00001756.jpg,476,222,836,568,1378,480
00001757.jpg,476,222,836,568,1377,480
00001758.jpg,476,222,836,568,1377,480
00001759.jpg,476,222,836,568,1374,480
00001760.jpg,475,223,835,569,1374,480
00001761.jpg,475,223,835,569,1372,480
00001762.jpg,474,224,834,570,1368,478
00001763.jpg,474,224,834,570,1364,478
00001764.jpg,474,224,834,570,1360,477
00001765.jpg,474,224,834,570,1357,477
00001766.jpg,473,225,833,571,1357,477
00001767.jpg,478,223,838,569,1352,474
00001768.jpg,477,222,837,568,1349,474
00001769.jpg,477,222,837,568,1349,474
00001770.jpg,478,223,838,569,1349,474
00001771.jpg,478,223,838,569,1349,474
00001772.jpg,478,223,838,569,1349,474
00001773.jpg,478,223,838,569,1348,477
00001774.jpg,478,223,838,569,1350,476
00001775.jpg,478,222,838,568,1349,474
00001776.jpg,478,222,838,568,1345,474
00001777.jpg,472,221,832,567,1344,476
00001778.jpg,473,222,833,568,1337,477
00001779.jpg,473,222,833,568,1337,477
00001780.jpg,473,222,833,568,1334,480
00001781.jpg,473,223,833,569,1328,482
00001782.jpg,474,223,834,569,1321,488
00001783.jpg,474,223,834,569,1314,496
00001784.jpg,474,223,834,569,1314,496
00001785.jpg,475,222,835,568,1310,501
00001786.jpg,476,222,836,568,1308,508
00001787.jpg,477,222,837,568,1317,528
00001788.jpg,479,221,839,567,1324,542
00001789.jpg,479,221,839,567,1324,542
00001790.jpg,480,221,840,567,1333,550
00001791.jpg,481,221,841,567,1338,556
00001792.jpg,482,223,842,569,1341,566
00001793.jpg,483,225,843,571,1344,570
00001794.jpg,483,225,843,571,1341,566
00001795.jpg,483,224,843,570,1346,573
00001796.jpg,484,225,844,571,1348,576
00001797.jpg,485,224,845,570,1348,576
00001798.jpg,492,229,852,575,1348,576
00001799.jpg,492,229,852,575,1348,576
00001800.jpg,486,229,846,575,1348,576
00001801.jpg,493,229,853,575,1346,576
00001802.jpg,492,230,852,576,1345,574
00001803.jpg,491,231,851,577,1342,580
00001804.jpg,491,231,851,577,1340,581
00001805.jpg,484,232,844,578,1341,580
00001806.jpg,483,232,843,578,1341,578
00001807.jpg,482,233,842,579,1341,580
00001808.jpg,476,224,836,570,1338,580
00001809.jpg,476,224,836,570,1338,580
00001810.jpg,476,224,836,570,1338,580
00001811.jpg,476,223,836,569,1340,577
00001812.jpg,476,223,836,569,1348,574
00001813.jpg,452,235,810,581,1357,570
00001814.jpg,452,235,810,581,1364,566
00001815.jpg,452,235,810,581,1369,565
00001816.jpg,452,234,810,580,1377,561
00001817.jpg,422,237,779,579,1385,558
00001818.jpg,422,237,779,579,1392,552
00001819.jpg,422,237,779,579,1392,552
00001820.jpg,422,237,779,579,1394,549
00001821.jpg,422,237,779,579,1394,541
00001822.jpg,422,237,779,579,1389,522
00001823.jpg,422,237,779,579,1378,497
00001824.jpg,422,237,779,579,1377,493
00001825.jpg,422,237,779,579,1366,478
00001826.jpg,422,237,779,579,1366,473
00001827.jpg,422,237,779,579,1366,465
00001828.jpg,422,237,779,579,1373,458
00001829.jpg,422,237,779,579,1374,458
