00000245.jpg,694,117,780,206,341,152
00000246.jpg,694,117,780,206,341,152
00000247.jpg,694,117,780,206,341,152
00000248.jpg,694,117,780,206,341,152
00000249.jpg,693,117,779,206,341,152
00000250.jpg,693,116,779,205,341,153
00000251.jpg,692,116,778,205,344,153
00000252.jpg,692,116,778,205,344,153
00000253.jpg,691,116,777,205,344,153
00000254.jpg,690,116,776,205,347,154
00000255.jpg,689,116,775,205,347,154
00000256.jpg,687,117,773,206,347,154
00000257.jpg,686,117,772,206,347,154
00000258.jpg,685,118,771,207,347,154
00000259.jpg,683,119,769,208,347,154
00000260.jpg,682,114,764,198,347,154
00000261.jpg,682,114,764,198,347,154
00000262.jpg,681,114,763,198,346,150
00000263.jpg,680,113,762,197,346,150
00000264.jpg,680,113,762,197,346,151
00000265.jpg,680,113,762,197,345,149
00000266.jpg,680,113,762,197,339,149
00000267.jpg,680,113,762,197,343,150
00000268.jpg,680,112,762,196,339,150
00000269.jpg,680,111,762,195,341,149
00000270.jpg,680,110,762,194,338,149
00000271.jpg,680,109,762,193,346,150
00000272.jpg,680,108,762,192,345,151
00000273.jpg,680,107,762,191,347,150
00000274.jpg,680,107,762,191,345,152
00000275.jpg,680,108,762,192,345,152
00000276.jpg,680,109,762,193,344,151
00000277.jpg,680,110,762,194,343,152
00000278.jpg,680,111,762,195,343,152
00000279.jpg,680,111,762,195,343,152
00000280.jpg,680,112,762,196,341,152
00000281.jpg,681,112,763,196,341,153
00000282.jpg,682,112,764,196,341,152
00000283.jpg,684,112,766,196,340,152
00000284.jpg,686,112,768,196,340,152
00000285.jpg,687,112,769,196,339,151
00000286.jpg,689,112,771,196,339,152
00000287.jpg,691,112,773,196,336,151
00000288.jpg,692,113,774,197,335,152
00000289.jpg,693,113,775,197,336,152
00000290.jpg,694,113,776,197,334,152
00000291.jpg,695,112,777,196,335,150
00000292.jpg,695,112,777,196,334,151
00000293.jpg,696,113,778,197,334,150
00000294.jpg,698,117,779,199,334,150
00000295.jpg,698,117,779,199,518,170
00000296.jpg,697,117,778,199,519,171
00000297.jpg,697,117,778,199,518,170
00000298.jpg,697,117,778,199,518,171
00000299.jpg,696,117,777,199,518,172
00000300.jpg,696,118,777,200,518,172
00000301.jpg,696,118,777,200,518,172
00000302.jpg,696,118,777,200,518,172
00000303.jpg,696,118,777,200,518,172
00000304.jpg,696,118,777,200,518,172
00000305.jpg,695,118,776,200,518,172
00000306.jpg,695,118,776,200,518,172
00000307.jpg,695,118,776,200,518,172
00000308.jpg,695,118,776,200,518,172
00000309.jpg,695,118,776,200,518,172
00000310.jpg,695,118,776,200,518,172
00000311.jpg,696,118,777,200,518,172
00000312.jpg,696,118,777,200,518,172
00000313.jpg,696,117,777,199,518,172
00000314.jpg,696,117,777,199,518,172
00000315.jpg,696,117,777,199,518,172
00000316.jpg,700,113,782,201,518,172
00000317.jpg,700,113,782,201,518,172
00000318.jpg,700,113,782,201,518,172
00000319.jpg,701,113,783,201,518,172
00000320.jpg,701,113,783,201,518,172
00000321.jpg,701,113,783,201,518,172
00000322.jpg,702,113,784,201,518,172
00000323.jpg,702,113,784,201,518,172
00000324.jpg,702,113,784,201,518,172
00000325.jpg,702,113,784,201,518,172
00000326.jpg,708,121,791,201,518,172
00000327.jpg,708,121,791,201,518,172
00000328.jpg,708,121,791,201,518,172
00000329.jpg,707,121,790,201,518,172
00000330.jpg,707,121,790,201,518,172
