00000245.jpg,1097,106,1213,217,847,349
00000246.jpg,1097,106,1213,217,500,171
00000247.jpg,1097,106,1213,217,500,171
00000248.jpg,1097,106,1213,217,500,171
00000249.jpg,1097,106,1213,217,500,171
00000250.jpg,1097,106,1213,217,500,171
00000251.jpg,1097,106,1213,217,500,170
00000252.jpg,1097,106,1213,217,500,170
00000253.jpg,1098,106,1214,217,500,170
00000254.jpg,1098,106,1214,217,500,169
00000255.jpg,1098,106,1214,217,500,169
00000256.jpg,1099,106,1215,217,500,169
00000257.jpg,1099,106,1215,217,500,169
00000258.jpg,1099,106,1215,217,499,170
00000259.jpg,1099,106,1215,217,500,169
00000260.jpg,1100,106,1216,217,500,169
00000261.jpg,1100,106,1216,217,500,169
00000262.jpg,1100,106,1216,217,500,169
00000263.jpg,1101,106,1217,217,500,169
00000264.jpg,1101,106,1217,217,500,169
00000265.jpg,1102,106,1218,217,500,169
00000266.jpg,1103,105,1219,216,499,164
00000267.jpg,1103,105,1219,216,500,169
00000268.jpg,1104,105,1220,216,881,338
00000269.jpg,1104,105,1220,216,881,338
00000270.jpg,1104,105,1220,216,881,338
00000271.jpg,1105,105,1221,216,881,338
00000272.jpg,1105,105,1221,216,881,338
00000273.jpg,1105,105,1221,216,881,338
00000274.jpg,1105,105,1221,216,881,338
00000275.jpg,1105,105,1221,216,881,338
00000276.jpg,1105,105,1221,216,881,338
00000277.jpg,1105,105,1221,216,881,338
00000278.jpg,1105,105,1221,216,881,338
00000279.jpg,1105,105,1221,216,881,338
00000280.jpg,1105,105,1221,216,881,338
00000281.jpg,1105,105,1221,216,881,338
00000282.jpg,1105,105,1221,216,881,338
00000283.jpg,1105,105,1221,216,881,338
00000284.jpg,1105,105,1221,216,881,338
00000285.jpg,1105,105,1221,216,881,338
00000286.jpg,1105,105,1221,216,881,338
00000287.jpg,1105,105,1221,216,881,338
00000288.jpg,1105,105,1221,216,881,338
00000289.jpg,1105,105,1221,216,881,338
00000290.jpg,1104,105,1220,216,881,338
00000291.jpg,1104,106,1220,217,881,338
00000292.jpg,1103,106,1219,217,881,338
00000293.jpg,1103,106,1219,217,881,338
00000294.jpg,1103,106,1219,217,881,338
00000295.jpg,1102,106,1218,217,881,338
00000296.jpg,1102,106,1218,217,881,338
00000297.jpg,1102,106,1218,217,881,338
00000298.jpg,1102,106,1218,217,881,338
00000299.jpg,1102,106,1218,217,881,338
00000300.jpg,1102,106,1218,217,881,338
00000301.jpg,1102,106,1218,217,881,338
00000302.jpg,1102,106,1218,217,881,338
00000303.jpg,1102,106,1218,217,881,338
00000304.jpg,1102,106,1218,217,881,338
00000305.jpg,1102,106,1218,217,881,338
00000306.jpg,1102,106,1218,217,881,338
00000307.jpg,1102,107,1218,218,881,338
00000308.jpg,1102,107,1218,218,881,338
00000309.jpg,1103,106,1219,217,878,342
00000310.jpg,1103,106,1219,217,518,169
00000311.jpg,1103,106,1219,217,520,171
00000312.jpg,1104,107,1220,218,515,170
00000313.jpg,1104,106,1220,217,516,169
00000314.jpg,1104,107,1220,218,520,168
00000315.jpg,1105,106,1221,217,519,168
00000316.jpg,1105,106,1221,217,519,168
00000317.jpg,1106,106,1222,217,520,169
00000318.jpg,1106,106,1222,217,518,170
00000319.jpg,1107,106,1223,217,519,171
00000320.jpg,1107,106,1223,217,1009,349
00000321.jpg,1108,107,1224,218,1018,350
00000322.jpg,1108,107,1224,218,1020,349
00000323.jpg,1108,106,1224,217,1021,351
00000324.jpg,1108,106,1224,217,1021,349
00000325.jpg,1107,106,1223,217,1024,351
00000326.jpg,1107,106,1223,217,1027,352
00000327.jpg,1107,107,1223,218,1029,352
00000328.jpg,1106,107,1222,218,1022,350
00000329.jpg,1106,107,1222,218,1022,351
00000330.jpg,1106,107,1222,218,1022,351
