00004038.jpg,72,7,390,321,685,139
00004039.jpg,72,7,390,321,685,140
00004040.jpg,72,7,390,321,685,140
00004041.jpg,72,7,390,321,685,140
00004042.jpg,72,7,390,321,685,140
00004043.jpg,72,7,390,321,685,140
00004044.jpg,71,7,389,321,685,140
00004045.jpg,71,7,389,321,685,148
00004046.jpg,71,7,389,321,682,153
00004047.jpg,71,7,389,321,682,153
00004048.jpg,70,7,388,321,682,153
00004049.jpg,69,7,387,321,682,161
00004050.jpg,69,7,387,321,682,161
00004051.jpg,69,8,387,322,682,161
00004052.jpg,68,8,386,322,682,161
00004053.jpg,67,8,385,322,682,161
00004054.jpg,67,8,385,322,679,163
00004055.jpg,66,8,384,322,677,163
00004056.jpg,66,8,384,322,677,163
00004057.jpg,66,8,384,322,677,163
00004058.jpg,66,9,384,323,677,163
00004059.jpg,67,9,385,323,677,163
00004060.jpg,67,9,385,323,677,163
00004061.jpg,68,9,386,323,677,163
00004062.jpg,69,10,387,324,677,163
00004063.jpg,71,10,389,324,677,163
00004064.jpg,72,11,390,325,677,163
00004065.jpg,74,13,392,327,677,163
00004066.jpg,76,16,394,330,677,163
00004067.jpg,79,18,397,332,677,163
00004068.jpg,80,22,398,336,677,163
00004069.jpg,79,23,397,337,677,163
00004070.jpg,79,23,397,337,677,163
00004071.jpg,87,10,390,323,681,163
00004072.jpg,87,10,390,323,685,163
00004073.jpg,85,8,388,321,685,163
00004074.jpg,84,7,387,320,687,161
00004075.jpg,83,5,386,318,691,161
00004076.jpg,83,5,386,318,691,161
00004077.jpg,84,4,387,317,691,161
00004078.jpg,86,3,389,316,691,161
00004079.jpg,87,1,390,314,691,161
00004080.jpg,88,0,391,313,691,161
00004081.jpg,88,0,391,313,691,161
00004082.jpg,87,0,390,313,690,161
00004083.jpg,83,0,386,313,687,161
00004084.jpg,80,0,383,313,687,161
00004085.jpg,77,0,380,313,687,161
00004086.jpg,75,0,378,313,687,161
00004087.jpg,75,0,378,313,687,161
00004088.jpg,73,0,376,313,687,161
00004089.jpg,74,0,377,313,687,161
00004090.jpg,73,0,376,313,687,161
00004091.jpg,71,0,374,313,687,161
00004092.jpg,70,0,373,313,687,161
00004093.jpg,70,0,373,313,687,161
00004094.jpg,70,0,373,313,687,161
00004095.jpg,71,0,374,313,687,161
00004096.jpg,71,0,374,313,687,161
00004097.jpg,73,0,376,313,687,161
00004098.jpg,76,0,379,313,689,159
00004099.jpg,79,0,382,313,691,158
00004100.jpg,82,0,385,313,691,156
00004101.jpg,86,0,389,313,691,156
00004102.jpg,90,0,393,313,691,156
00004103.jpg,100,0,403,313,691,156
00004104.jpg,105,1,408,314,692,156
00004105.jpg,110,3,413,316,692,156
00004106.jpg,114,7,417,320,692,156
00004107.jpg,118,10,421,323,692,155
00004108.jpg,123,14,426,327,692,155
00004109.jpg,124,15,427,328,692,153
00004110.jpg,124,15,427,328,692,153
00004111.jpg,123,15,426,328,692,153
00004112.jpg,122,14,425,327,692,153
00004113.jpg,118,13,421,326,692,153
00004114.jpg,116,13,419,326,692,150
00004115.jpg,114,13,417,326,692,149
00004116.jpg,112,13,415,326,692,149
00004117.jpg,110,12,413,325,692,149
00004118.jpg,107,12,410,325,692,149
00004119.jpg,106,12,409,325,692,148
00004120.jpg,106,12,409,325,691,148
00004121.jpg,106,12,409,325,681,145
