00001710.jpg,683,125,783,234,750,422
00001711.jpg,683,125,783,234,750,422
00001712.jpg,683,125,783,234,750,422
00001713.jpg,683,125,783,234,750,422
00001714.jpg,683,125,783,234,750,422
00001715.jpg,683,125,783,234,750,422
00001716.jpg,683,126,783,235,754,422
00001717.jpg,683,126,783,235,750,421
00001718.jpg,683,126,783,235,753,420
00001719.jpg,684,126,784,235,757,420
00001720.jpg,684,126,784,235,761,420
00001721.jpg,685,126,785,235,764,418
00001722.jpg,685,125,785,234,770,420
00001723.jpg,686,125,786,234,776,417
00001724.jpg,687,125,787,234,785,410
00001725.jpg,687,124,787,233,797,406
00001726.jpg,687,124,787,233,798,405
00001727.jpg,688,125,788,234,814,401
00001728.jpg,688,125,788,234,824,393
00001729.jpg,688,125,788,234,745,349
00001730.jpg,688,125,788,234,745,349
00001731.jpg,688,124,788,233,746,349
00001732.jpg,688,124,788,233,746,349
00001733.jpg,688,124,788,233,745,348
00001734.jpg,688,124,788,233,745,348
00001735.jpg,688,125,788,234,745,348
00001736.jpg,688,125,788,234,745,348
00001737.jpg,687,125,787,234,745,348
00001738.jpg,687,125,787,234,745,348
00001739.jpg,687,124,787,233,746,349
00001740.jpg,687,124,787,233,744,349
00001741.jpg,687,125,787,234,745,348
00001742.jpg,686,124,786,233,745,348
00001743.jpg,686,124,786,233,744,349
00001744.jpg,686,124,786,233,744,348
00001745.jpg,686,125,786,234,745,348
00001746.jpg,686,125,786,234,745,348
00001747.jpg,686,125,786,234,746,349
00001748.jpg,686,125,786,234,804,308
00001749.jpg,686,125,786,234,825,234
00001750.jpg,686,125,786,234,824,234
00001751.jpg,686,125,786,234,824,229
00001752.jpg,686,125,786,234,825,224
00001753.jpg,686,125,786,234,822,216
00001754.jpg,686,125,786,234,820,213
00001755.jpg,686,125,786,234,821,201
00001756.jpg,686,125,786,234,820,200
00001757.jpg,686,124,786,233,821,189
00001758.jpg,686,124,786,233,820,180
00001759.jpg,686,124,786,233,818,177
00001760.jpg,686,124,786,233,818,176
00001761.jpg,686,124,786,233,817,166
00001762.jpg,686,124,786,233,814,165
00001763.jpg,686,125,786,234,816,161
00001764.jpg,686,125,786,234,816,156
00001765.jpg,686,125,786,234,824,150
00001766.jpg,686,125,786,234,825,145
00001767.jpg,686,125,786,234,828,142
00001768.jpg,686,125,786,234,829,142
00001769.jpg,686,124,786,233,829,142
00001770.jpg,686,124,786,233,837,133
00001771.jpg,686,124,786,233,840,133
00001772.jpg,686,124,786,233,842,133
00001773.jpg,686,125,786,234,845,133
00001774.jpg,686,125,786,234,846,134
00001775.jpg,686,125,786,234,849,134
00001776.jpg,686,125,786,234,850,134
00001777.jpg,684,125,784,234,850,134
00001778.jpg,683,125,783,234,850,134
00001779.jpg,683,125,783,234,850,134
00001780.jpg,683,125,783,234,850,134
00001781.jpg,683,125,783,234,850,134
00001782.jpg,683,125,783,234,850,134
00001783.jpg,682,125,782,234,850,134
00001784.jpg,682,126,782,235,849,134
00001785.jpg,682,126,782,235,845,133
00001786.jpg,682,126,782,235,844,133
00001787.jpg,682,126,782,235,844,133
00001788.jpg,682,125,782,234,841,133
00001789.jpg,682,125,782,234,841,133
00001790.jpg,682,125,782,234,841,133
00001791.jpg,682,125,782,234,838,132
00001792.jpg,682,125,782,234,838,132
00001793.jpg,682,126,782,235,838,132
00001794.jpg,682,126,782,235,838,132
00001795.jpg,682,126,782,235,838,132
00001796.jpg,682,126,782,235,838,132
00001797.jpg,682,127,782,236,838,132
00001798.jpg,682,127,782,236,838,133
00001799.jpg,682,128,782,237,836,133
00001800.jpg,682,128,782,237,837,133
00001801.jpg,682,129,782,238,838,133
00001802.jpg,682,129,782,238,838,133
00001803.jpg,682,129,782,238,840,133
00001804.jpg,682,129,782,238,848,132
00001805.jpg,682,130,782,239,848,132
00001806.jpg,681,130,781,239,848,132
00001807.jpg,681,131,781,240,849,132
00001808.jpg,681,131,781,240,849,132
00001809.jpg,681,131,781,240,850,133
00001810.jpg,681,131,781,240,850,132
00001811.jpg,681,131,781,240,849,132
00001812.jpg,682,132,782,241,824,289
00001813.jpg,682,132,782,241,826,286
00001814.jpg,682,132,782,241,748,365
00001815.jpg,681,132,781,241,748,366
00001816.jpg,681,132,781,241,750,365
00001817.jpg,681,132,781,241,748,365
00001818.jpg,680,132,780,241,750,365
00001819.jpg,679,132,779,241,648,336
00001820.jpg,678,133,778,242,649,336
00001821.jpg,678,133,778,242,649,337
00001822.jpg,678,133,778,242,649,336
00001823.jpg,678,133,778,242,569,294
00001824.jpg,678,133,778,242,384,200
00001825.jpg,678,132,778,241,384,198
00001826.jpg,679,134,779,243,382,198
00001827.jpg,679,134,779,243,382,197
00001828.jpg,679,134,779,243,382,197
00001829.jpg,679,134,779,243,382,197
00001830.jpg,680,135,780,244,382,197
00001831.jpg,680,135,780,244,382,197
00001832.jpg,680,134,780,243,382,197
00001833.jpg,680,134,780,243,382,197
00001834.jpg,680,134,780,243,382,197
00001835.jpg,680,134,780,243,382,197
00001836.jpg,679,134,779,243,382,197
00001837.jpg,678,134,778,243,382,197
00001838.jpg,678,133,778,242,382,197
00001839.jpg,679,133,779,242,382,197
00001840.jpg,679,133,779,242,382,197
00001841.jpg,679,132,779,241,382,197
00001842.jpg,680,132,780,241,382,197
00001843.jpg,681,132,781,241,382,197
00001844.jpg,680,131,780,240,382,197
00001845.jpg,680,131,780,240,382,197
00001846.jpg,680,131,780,240,382,197
00001847.jpg,681,131,781,240,382,197
00001848.jpg,684,131,784,240,382,197
00001849.jpg,685,131,785,240,382,197
00001850.jpg,685,131,785,240,382,197
00001851.jpg,687,131,787,240,382,197
00001852.jpg,698,128,791,231,382,197
00001853.jpg,698,128,791,231,384,197
00001854.jpg,701,128,794,231,384,197
00001855.jpg,705,128,798,231,384,197
00001856.jpg,709,127,802,230,384,197
00001857.jpg,714,126,807,229,384,197
00001858.jpg,714,126,807,229,384,197
00001859.jpg,718,125,811,228,386,194
00001860.jpg,724,125,817,228,386,194
00001861.jpg,729,126,822,229,638,334
00001862.jpg,733,126,826,229,637,334
00001863.jpg,737,126,830,229,638,334
00001864.jpg,737,126,830,229,638,333
00001865.jpg,740,127,833,230,637,334
00001866.jpg,743,128,836,231,638,334
00001867.jpg,746,128,839,231,637,333
00001868.jpg,748,128,841,231,636,334
00001869.jpg,750,128,843,231,637,334
00001870.jpg,750,128,843,231,636,334
00001871.jpg,750,128,843,231,636,334
00001872.jpg,751,128,844,231,636,334
00001873.jpg,750,128,843,231,636,334
00001874.jpg,750,128,843,231,636,334
00001875.jpg,749,128,842,231,636,334
00001876.jpg,749,128,842,231,636,334
00001877.jpg,747,128,840,231,636,334
00001878.jpg,745,128,838,231,636,334
00001879.jpg,742,127,835,230,394,212
00001880.jpg,739,126,832,229,394,213
00001881.jpg,735,125,828,228,393,213
00001882.jpg,735,125,828,228,397,214
00001883.jpg,733,125,826,228,396,214
00001884.jpg,730,125,823,228,392,213
00001885.jpg,727,125,820,228,394,213
00001886.jpg,725,125,818,228,390,213
00001887.jpg,723,125,816,228,396,212
00001888.jpg,723,125,816,228,397,214
00001889.jpg,721,126,814,229,397,214
00001890.jpg,721,126,814,229,397,214
