00001735.jpg,796,286,922,421,666,328
00001736.jpg,800,274,918,406,666,328
00001737.jpg,803,262,914,386,666,328
00001738.jpg,803,262,914,386,666,328
00001739.jpg,803,250,914,374,666,328
00001740.jpg,803,238,914,362,667,328
00001741.jpg,802,228,913,352,666,329
00001742.jpg,801,217,912,341,666,329
00001743.jpg,801,207,912,331,666,329
00001744.jpg,801,207,912,331,666,329
00001745.jpg,800,198,911,322,666,329
00001746.jpg,799,190,910,314,666,329
00001747.jpg,797,181,908,305,666,329
00001748.jpg,799,171,910,295,805,317
00001749.jpg,799,164,910,288,810,307
00001750.jpg,799,164,910,288,810,307
00001751.jpg,800,156,911,280,815,295
00001752.jpg,794,149,905,273,819,284
00001753.jpg,794,141,905,265,825,272
00001754.jpg,795,136,906,260,826,267
00001755.jpg,794,126,905,250,826,259
00001756.jpg,794,126,905,250,827,258
00001757.jpg,795,120,906,244,828,254
00001758.jpg,788,111,896,233,830,243
00001759.jpg,788,111,896,233,831,235
00001760.jpg,788,106,896,228,830,230
00001761.jpg,788,99,896,221,830,231
00001762.jpg,788,99,896,221,830,230
00001763.jpg,789,94,897,216,830,230
00001764.jpg,789,89,897,211,822,229
00001765.jpg,791,84,899,206,819,230
00001766.jpg,793,80,901,202,818,239
00001767.jpg,795,77,903,199,818,248
00001768.jpg,795,77,903,199,818,247
00001769.jpg,797,74,905,196,818,251
00001770.jpg,800,72,908,194,818,250
00001771.jpg,802,71,910,193,819,251
00001772.jpg,805,71,913,193,822,252
00001773.jpg,807,72,915,194,824,251
00001774.jpg,807,72,915,194,826,252
00001775.jpg,809,72,917,194,829,253
00001776.jpg,810,72,918,194,831,253
00001777.jpg,810,72,918,194,833,254
00001778.jpg,811,72,919,194,834,254
00001779.jpg,813,70,921,192,762,371
00001780.jpg,813,70,921,192,762,371
00001781.jpg,813,70,921,192,762,371
00001782.jpg,813,70,921,192,670,339
00001783.jpg,813,70,921,192,670,339
00001784.jpg,813,71,921,193,671,339
00001785.jpg,813,71,921,193,671,339
00001786.jpg,813,71,921,193,671,339
00001787.jpg,814,70,922,192,670,338
00001788.jpg,815,70,923,192,670,338
00001789.jpg,816,69,924,191,670,338
00001790.jpg,818,69,926,191,670,338
00001791.jpg,819,69,927,191,670,338
00001792.jpg,819,69,927,191,671,338
00001793.jpg,820,69,928,191,669,337
00001794.jpg,820,68,928,190,669,338
00001795.jpg,821,67,929,189,670,338
00001796.jpg,816,61,932,189,709,332
00001797.jpg,816,61,932,189,734,180
00001798.jpg,816,61,932,189,734,180
00001799.jpg,817,61,933,189,733,180
00001800.jpg,818,61,934,189,733,180
00001801.jpg,820,61,936,189,734,180
00001802.jpg,821,61,937,189,734,180
00001803.jpg,822,62,938,190,734,180
00001804.jpg,822,62,938,190,734,180
00001805.jpg,824,62,940,190,734,180
00001806.jpg,824,62,940,190,734,180
00001807.jpg,826,63,942,191,734,180
00001808.jpg,828,63,944,191,734,180
00001809.jpg,829,63,945,191,734,180
00001810.jpg,829,63,945,191,734,180
00001811.jpg,830,63,946,191,734,180
00001812.jpg,832,63,948,191,734,180
00001813.jpg,833,63,949,191,734,180
00001814.jpg,835,63,951,191,734,180
00001815.jpg,835,63,951,191,734,180
00001816.jpg,835,63,951,191,732,180
00001817.jpg,836,64,952,192,731,180
00001818.jpg,836,64,952,192,731,180
00001819.jpg,836,65,952,193,728,182
00001820.jpg,836,66,952,194,727,182
00001821.jpg,835,67,951,195,726,183
00001822.jpg,835,67,951,195,724,184
00001823.jpg,836,68,952,196,723,184
00001824.jpg,836,68,952,196,723,184
00001825.jpg,837,69,953,197,722,184
00001826.jpg,837,70,953,198,718,184
00001827.jpg,837,70,953,198,718,184
00001828.jpg,837,70,953,198,717,184
00001829.jpg,836,71,952,199,716,183
00001830.jpg,835,71,951,199,715,183
00001831.jpg,834,71,950,199,711,183
00001832.jpg,833,71,949,199,710,183
00001833.jpg,832,70,948,198,710,183
00001834.jpg,832,70,948,198,708,183
00001835.jpg,831,70,947,198,707,183
00001836.jpg,830,70,946,198,705,182
00001837.jpg,828,69,944,197,706,180
00001838.jpg,827,69,943,197,706,180
00001839.jpg,827,69,943,197,708,180
00001840.jpg,827,69,943,197,706,179
00001841.jpg,826,69,942,197,707,179
00001842.jpg,826,70,942,198,709,179
00001843.jpg,825,71,941,199,709,179
00001844.jpg,826,72,942,200,710,179
00001845.jpg,826,72,942,200,711,178
00001846.jpg,826,72,942,200,711,178
00001847.jpg,827,72,943,200,714,178
00001848.jpg,827,72,943,200,718,177
00001849.jpg,827,72,943,200,718,177
00001850.jpg,827,72,943,200,722,177
00001851.jpg,828,72,944,200,725,176
00001852.jpg,828,72,944,200,729,176
00001853.jpg,827,73,943,201,732,176
00001854.jpg,827,75,943,203,735,176
00001855.jpg,827,77,943,205,740,176
00001856.jpg,826,78,942,206,743,175
00001857.jpg,826,79,942,207,746,174
00001858.jpg,826,79,942,207,748,174
00001859.jpg,826,79,942,207,751,173
00001860.jpg,826,79,942,207,754,173
00001861.jpg,826,79,942,207,758,173
00001862.jpg,826,79,942,207,766,173
00001863.jpg,827,80,943,208,772,173
00001864.jpg,827,80,943,208,774,174
00001865.jpg,827,81,943,209,774,175
00001866.jpg,828,87,938,205,778,178
00001867.jpg,828,87,938,205,782,178
00001868.jpg,828,87,938,205,673,279
00001869.jpg,828,87,938,205,670,279
00001870.jpg,828,87,938,205,670,279
00001871.jpg,828,87,938,205,666,275
00001872.jpg,828,87,938,205,662,274
00001873.jpg,827,88,937,206,658,272
00001874.jpg,827,88,937,206,656,272
00001875.jpg,826,89,936,207,642,323
00001876.jpg,826,89,936,207,642,323
00001877.jpg,826,89,936,207,642,323
00001878.jpg,826,89,936,207,642,323
00001879.jpg,826,88,936,206,642,323
00001880.jpg,826,88,936,206,643,323
00001881.jpg,826,88,936,206,643,323
00001882.jpg,826,88,936,206,642,323
00001883.jpg,826,88,936,206,642,323
00001884.jpg,826,88,936,206,642,323
00001885.jpg,826,88,936,206,642,323
00001886.jpg,826,88,936,206,643,323
00001887.jpg,827,88,937,206,643,323
00001888.jpg,827,88,937,206,643,323
00001889.jpg,827,87,937,205,643,323
00001890.jpg,827,87,937,205,642,323
