00000000.jpg,57,117,172,234,1066,221
00000001.jpg,57,117,172,234,1066,221
00000002.jpg,57,117,172,234,1066,221
00000003.jpg,57,117,172,234,1066,221
00000004.jpg,55,116,170,233,1066,219
00000005.jpg,54,116,169,233,1066,219
00000006.jpg,54,116,169,233,1066,219
00000007.jpg,54,116,169,233,1066,219
00000008.jpg,54,116,169,233,759,160
00000009.jpg,54,115,169,232,767,162
00000010.jpg,55,114,170,231,770,162
00000011.jpg,55,113,170,230,771,162
00000012.jpg,56,113,171,230,772,162
00000013.jpg,56,112,171,229,772,162
00000014.jpg,57,112,172,229,771,162
00000015.jpg,58,112,173,229,769,159
00000016.jpg,58,112,173,229,764,159
00000017.jpg,59,111,174,228,759,156
00000018.jpg,60,111,175,228,752,156
00000019.jpg,60,111,175,228,748,154
00000020.jpg,61,111,176,228,743,149
00000021.jpg,62,110,177,227,736,148
00000022.jpg,64,110,179,227,730,148
00000023.jpg,65,110,180,227,724,146
00000024.jpg,66,110,181,227,720,146
00000025.jpg,67,110,182,227,714,146
00000026.jpg,68,110,183,227,710,142
00000027.jpg,69,110,184,227,704,142
00000028.jpg,70,110,185,227,704,142
00000029.jpg,71,109,186,226,701,140
00000030.jpg,72,109,187,226,699,141
00000031.jpg,73,109,188,226,699,141
00000032.jpg,74,109,189,226,699,141
00000033.jpg,75,109,190,226,699,141
00000034.jpg,75,106,190,223,699,141
00000035.jpg,75,106,190,223,699,141
00000036.jpg,76,106,191,223,699,141
00000037.jpg,77,105,192,222,703,142
00000038.jpg,78,105,193,222,703,142
00000039.jpg,79,105,194,222,704,143
00000040.jpg,80,104,195,221,706,143
00000041.jpg,80,104,195,221,709,143
00000042.jpg,81,104,196,221,710,144
00000043.jpg,82,104,197,221,710,145
00000044.jpg,82,103,197,220,710,145
00000045.jpg,83,103,198,220,712,145
00000046.jpg,84,103,199,220,710,146
00000047.jpg,85,103,200,220,710,144
00000048.jpg,86,102,201,219,710,144
00000049.jpg,87,102,202,219,710,144
00000050.jpg,87,102,202,219,710,144
00000051.jpg,88,101,203,218,716,149
00000052.jpg,88,101,203,218,716,152
00000053.jpg,89,101,204,218,715,153
00000054.jpg,89,100,204,217,713,155
00000055.jpg,90,100,205,217,711,157
00000056.jpg,90,100,205,217,708,160
00000057.jpg,91,100,206,217,702,159
00000058.jpg,91,99,206,216,702,159
00000059.jpg,92,99,207,216,698,159
00000060.jpg,93,99,208,216,692,160
00000061.jpg,94,99,209,216,688,156
00000062.jpg,94,99,209,216,681,157
00000063.jpg,95,99,210,216,676,153
00000064.jpg,96,99,211,216,671,151
00000065.jpg,96,98,211,215,666,150
00000066.jpg,82,97,204,213,662,148
00000067.jpg,82,97,204,213,658,142
00000068.jpg,82,97,204,213,656,137
00000069.jpg,82,97,204,213,656,133
00000070.jpg,82,97,204,213,655,132
00000071.jpg,82,97,204,213,652,131
00000072.jpg,89,98,208,212,651,130
00000073.jpg,89,98,208,212,654,127
00000074.jpg,89,98,208,212,654,123
00000075.jpg,89,98,208,212,656,122
00000076.jpg,88,98,207,212,657,122
00000077.jpg,88,98,207,212,657,122
00000078.jpg,88,98,207,212,657,119
00000079.jpg,88,98,207,212,658,119
00000080.jpg,88,98,207,212,658,119
00000081.jpg,87,98,206,212,658,119
00000082.jpg,87,98,206,212,658,119
00000083.jpg,87,98,206,212,658,118
00000084.jpg,87,98,206,212,658,118
00000085.jpg,86,98,205,212,656,117
00000086.jpg,86,98,205,212,656,119
00000087.jpg,86,98,205,212,654,120
00000088.jpg,85,98,204,212,654,120
00000089.jpg,85,98,204,212,652,121
00000090.jpg,85,98,204,212,652,121
00000091.jpg,85,98,204,212,652,121
00000092.jpg,84,98,203,212,652,121
00000093.jpg,84,98,203,212,651,121
00000094.jpg,84,98,203,212,648,123
00000095.jpg,84,98,203,212,645,123
00000096.jpg,84,98,203,212,644,124
00000097.jpg,84,99,203,213,643,124
00000098.jpg,84,99,203,213,641,123
00000099.jpg,84,99,203,213,640,123
00000100.jpg,85,99,204,213,638,126
00000101.jpg,85,99,204,213,638,126
00000102.jpg,85,99,204,213,638,126
00000103.jpg,85,99,204,213,631,128
00000104.jpg,85,99,204,213,631,128
00000105.jpg,85,99,204,213,636,132
00000106.jpg,85,99,204,213,637,132
00000107.jpg,86,99,205,213,637,132
00000108.jpg,86,99,205,213,638,132
00000109.jpg,86,99,205,213,637,132
00000110.jpg,86,99,205,213,635,132
00000111.jpg,87,100,206,214,632,129
00000112.jpg,87,100,206,214,631,126
00000113.jpg,87,100,206,214,629,125
00000114.jpg,87,100,206,214,627,122
00000115.jpg,87,100,206,214,625,118
00000116.jpg,88,100,207,214,621,118
00000117.jpg,89,101,208,215,621,118
00000118.jpg,89,101,208,215,620,118
00000119.jpg,89,101,208,215,619,118
00000120.jpg,89,101,208,215,619,118
00000121.jpg,89,101,208,215,618,117
00000122.jpg,90,102,209,216,619,117
00000123.jpg,90,102,209,216,620,116
00000124.jpg,90,102,209,216,622,116
00000125.jpg,90,102,209,216,623,116
00000126.jpg,91,102,210,216,629,115
00000127.jpg,91,103,210,217,632,117
00000128.jpg,91,103,210,217,635,117
00000129.jpg,92,103,211,217,640,117
00000130.jpg,92,103,211,217,647,118
00000131.jpg,92,103,211,217,650,119
00000132.jpg,92,103,211,217,657,124
00000133.jpg,92,103,211,217,663,128
00000134.jpg,93,103,212,217,670,131
00000135.jpg,93,103,212,217,680,134
00000136.jpg,93,103,212,217,689,139
00000137.jpg,93,103,212,217,697,143
00000138.jpg,93,104,212,218,707,148
00000139.jpg,93,104,212,218,715,152
00000140.jpg,93,104,212,218,722,155
00000141.jpg,93,104,212,218,728,156
00000142.jpg,94,104,213,218,736,157
00000143.jpg,93,104,212,218,736,157
00000144.jpg,93,104,212,218,742,160
00000145.jpg,93,104,212,218,742,160
00000146.jpg,93,104,212,218,742,159
00000147.jpg,93,104,212,218,743,159
00000148.jpg,93,104,212,218,746,159
00000149.jpg,93,104,212,218,750,159
00000150.jpg,93,104,212,218,753,161
