00003116.jpg,373,275,664,613,573,719
00003117.jpg,373,275,664,613,573,719
00003118.jpg,373,275,664,613,573,719
00003119.jpg,373,275,664,613,573,719
00003120.jpg,373,275,664,613,573,719
00003121.jpg,373,275,664,613,573,719
00003122.jpg,373,275,664,613,573,719
00003123.jpg,373,275,664,613,573,719
00003124.jpg,373,275,664,613,573,719
00003125.jpg,373,275,664,613,573,719
00003126.jpg,373,275,664,613,573,719
00003127.jpg,373,275,664,613,573,719
00003128.jpg,373,275,664,613,573,719
00003129.jpg,373,275,664,613,573,719
00003130.jpg,373,275,664,613,573,719
00003131.jpg,373,275,664,613,573,719
00003132.jpg,373,275,664,613,573,719
00003133.jpg,373,275,664,613,573,719
00003134.jpg,373,275,664,613,573,719
00003135.jpg,373,275,664,613,573,719
00003136.jpg,373,275,664,613,573,719
00003137.jpg,373,275,664,613,573,719
00003138.jpg,373,275,664,613,573,719
00003139.jpg,373,275,664,613,573,719
00003140.jpg,373,275,664,613,573,719
00003141.jpg,373,275,664,613,573,719
00003142.jpg,373,275,664,613,573,719
00003143.jpg,373,275,664,613,573,719
00003144.jpg,373,275,664,613,573,719
00003145.jpg,373,275,664,613,573,719
00003146.jpg,373,275,664,613,573,719
00003147.jpg,373,275,664,613,573,719
00003148.jpg,373,275,664,613,573,719
00003149.jpg,373,275,664,613,573,719
00003150.jpg,373,275,664,613,573,719
00003151.jpg,373,275,664,613,573,719
00003152.jpg,373,275,664,613,573,719
00003153.jpg,373,275,664,613,573,719
00003154.jpg,373,275,664,613,573,719
00003155.jpg,373,275,664,613,573,719
00003156.jpg,373,275,664,613,573,719
00003157.jpg,373,275,664,613,573,719
00003158.jpg,373,275,664,613,573,719
00003159.jpg,373,275,664,613,573,719
00003160.jpg,373,275,664,613,573,719
00003161.jpg,373,275,664,613,573,719
00003162.jpg,373,275,664,613,573,719
00003163.jpg,373,275,664,613,573,719
00003164.jpg,373,275,664,613,573,719
00003165.jpg,373,275,664,613,573,719
00003166.jpg,373,275,664,613,573,719
00003167.jpg,373,275,664,613,573,719
00003168.jpg,373,275,664,613,573,719
00003169.jpg,373,275,664,613,573,719
00003170.jpg,373,275,664,613,573,719
00003171.jpg,373,275,664,613,573,719
00003172.jpg,373,275,664,613,573,719
00003173.jpg,373,275,664,613,573,719
00003174.jpg,373,275,664,613,573,719
00003175.jpg,373,275,664,613,573,719
00003176.jpg,373,275,664,613,573,719
00003177.jpg,373,275,664,613,573,719
00003178.jpg,374,275,665,613,573,719
00003179.jpg,374,275,665,613,573,719
00003180.jpg,374,275,665,613,573,719
00003181.jpg,374,275,665,613,573,719
00003182.jpg,374,275,665,613,573,719
00003183.jpg,374,275,665,613,573,719
00003184.jpg,374,275,665,613,573,719
00003185.jpg,374,275,665,613,573,719
00003186.jpg,374,275,665,613,573,719
00003187.jpg,373,275,664,613,573,719
00003188.jpg,373,275,664,613,573,719
00003189.jpg,373,275,664,613,573,719
00003190.jpg,373,275,664,613,-1,-1
00003191.jpg,373,275,664,613,-1,-1
00003192.jpg,373,275,664,613,-1,-1
00003193.jpg,373,275,664,613,-1,-1
00003194.jpg,373,275,664,613,-1,-1
00003195.jpg,373,275,664,613,-1,-1
00003196.jpg,373,275,664,613,-1,-1
00003197.jpg,373,275,664,613,-1,-1
00003198.jpg,373,275,664,613,-1,-1
00003199.jpg,373,275,664,613,-1,-1
00003200.jpg,373,275,664,613,-1,-1
00003201.jpg,373,275,664,613,-1,-1
00003202.jpg,373,275,664,613,-1,-1
00003203.jpg,373,275,664,613,-1,-1
00003204.jpg,373,275,664,613,-1,-1
00003205.jpg,373,275,664,613,-1,-1
00003206.jpg,373,275,664,613,-1,-1
00003207.jpg,373,275,664,613,-1,-1
00003208.jpg,373,275,664,613,-1,-1
00003209.jpg,373,274,664,612,-1,-1
00003210.jpg,373,274,664,612,-1,-1
00003211.jpg,373,274,664,612,-1,-1
00003212.jpg,373,274,664,612,-1,-1
00003213.jpg,373,274,664,612,-1,-1
00003214.jpg,373,274,664,612,-1,-1
00003215.jpg,373,274,664,612,-1,-1
00003216.jpg,373,274,664,612,-1,-1
00003217.jpg,373,274,664,612,-1,-1
00003218.jpg,373,274,664,612,-1,-1
00003219.jpg,373,274,664,612,-1,-1
00003220.jpg,373,274,664,612,-1,-1
00003221.jpg,373,274,664,612,-1,-1
00003222.jpg,373,274,664,612,-1,-1
00003223.jpg,373,274,664,612,-1,-1
00003224.jpg,373,274,664,612,-1,-1
00003225.jpg,373,274,664,612,-1,-1
00003226.jpg,373,274,664,612,-1,-1
00003227.jpg,373,274,664,612,-1,-1
00003228.jpg,373,274,664,612,-1,-1
00003229.jpg,373,274,664,612,-1,-1
00003230.jpg,373,274,664,612,-1,-1
00003231.jpg,373,274,664,612,-1,-1
00003232.jpg,373,274,664,612,-1,-1
00003233.jpg,373,274,664,612,-1,-1
00003234.jpg,373,274,664,612,-1,-1
00003235.jpg,373,274,664,612,-1,-1
00003236.jpg,373,274,664,612,-1,-1
00003237.jpg,373,274,664,612,-1,-1
00003238.jpg,373,274,664,612,-1,-1
00003239.jpg,373,274,664,612,-1,-1
00003240.jpg,373,274,664,612,-1,-1
00003241.jpg,373,274,664,612,-1,-1
00003242.jpg,373,274,664,612,-1,-1
00003243.jpg,373,274,664,612,-1,-1
00003244.jpg,373,274,664,612,-1,-1
00003245.jpg,373,274,664,612,-1,-1
00003246.jpg,373,274,664,612,-1,-1
00003247.jpg,373,274,664,612,-1,-1
00003248.jpg,373,274,664,612,-1,-1
00003249.jpg,373,274,664,612,-1,-1
00003250.jpg,373,274,664,612,-1,-1
00003251.jpg,373,274,664,612,-1,-1
00003252.jpg,373,274,664,612,-1,-1
00003253.jpg,373,274,664,612,-1,-1
00003254.jpg,373,274,664,612,-1,-1
00003255.jpg,373,274,664,612,-1,-1
00003256.jpg,373,274,664,612,-1,-1
00003257.jpg,373,274,664,612,-1,-1
00003258.jpg,373,274,664,612,-1,-1
00003259.jpg,373,274,664,612,-1,-1
00003260.jpg,373,274,664,612,-1,-1
00003261.jpg,373,274,664,612,-1,-1
00003262.jpg,373,274,664,612,-1,-1
00003263.jpg,373,274,664,612,-1,-1
00003264.jpg,373,274,664,612,-1,-1
00003265.jpg,373,274,664,612,-1,-1
00003266.jpg,373,274,664,612,-1,-1
00003267.jpg,373,274,664,612,-1,-1
00003268.jpg,373,274,664,612,-1,-1
00003269.jpg,373,274,664,612,-1,-1
00003270.jpg,373,274,664,612,-1,-1
00003271.jpg,373,274,664,612,-1,-1
00003272.jpg,373,274,664,612,-1,-1
00003273.jpg,373,274,664,612,-1,-1
00003274.jpg,373,274,664,612,-1,-1
00003275.jpg,373,274,664,612,-1,-1
00003276.jpg,373,274,664,612,-1,-1
00003277.jpg,373,274,664,612,-1,-1
00003278.jpg,373,274,664,612,-1,-1
00003279.jpg,373,274,664,612,-1,-1
00003280.jpg,373,274,664,612,-1,-1
00003281.jpg,373,274,664,612,-1,-1
00003282.jpg,373,274,664,612,-1,-1
00003283.jpg,373,274,664,612,-1,-1
00003284.jpg,373,274,664,612,-1,-1
00003285.jpg,373,274,664,612,-1,-1
00003286.jpg,373,274,664,612,-1,-1
00003287.jpg,373,274,664,612,-1,-1
00003288.jpg,373,274,664,612,-1,-1
00003289.jpg,373,274,664,612,-1,-1
00003290.jpg,373,274,664,612,-1,-1
00003291.jpg,373,274,664,612,-1,-1
00003292.jpg,373,274,664,612,-1,-1
00003293.jpg,373,274,664,612,-1,-1
00003294.jpg,373,274,664,612,-1,-1
00003295.jpg,373,274,664,612,-1,-1
00003296.jpg,373,274,664,612,-1,-1
00003297.jpg,374,274,665,612,-1,-1
00003298.jpg,374,274,665,612,-1,-1
00003299.jpg,375,274,666,612,-1,-1
00003300.jpg,376,275,667,613,-1,-1
00003301.jpg,376,274,667,612,-1,-1
00003302.jpg,377,274,668,612,-1,-1
00003303.jpg,377,274,668,612,-1,-1
00003304.jpg,377,274,668,612,-1,-1
00003305.jpg,377,274,668,612,-1,-1
00003306.jpg,377,274,668,612,-1,-1
00003307.jpg,377,274,668,612,-1,-1
00003308.jpg,377,274,668,612,-1,-1
00003309.jpg,376,274,667,612,-1,-1
00003310.jpg,376,274,667,612,-1,-1
00003311.jpg,376,274,667,612,-1,-1
00003312.jpg,376,275,667,613,-1,-1
00003313.jpg,376,275,667,613,-1,-1
00003314.jpg,376,275,667,613,-1,-1
00003315.jpg,376,275,667,613,-1,-1
00003316.jpg,376,275,667,613,-1,-1
00003317.jpg,376,275,667,613,-1,-1
00003318.jpg,376,275,667,613,-1,-1
00003319.jpg,376,275,667,613,-1,-1
00003320.jpg,376,275,667,613,-1,-1
00003321.jpg,376,275,667,613,-1,-1
00003322.jpg,376,275,667,613,-1,-1
00003323.jpg,376,275,667,613,861,259
00003324.jpg,376,275,667,613,861,259
00003325.jpg,376,275,667,613,861,259
00003326.jpg,376,275,667,613,861,259
00003327.jpg,376,275,667,613,861,255
