00002648.jpg,549,79,865,440,412,254
00002649.jpg,549,79,865,440,412,254
00002650.jpg,549,79,865,440,412,254
00002651.jpg,549,79,865,440,412,252
00002652.jpg,551,79,867,440,412,252
00002653.jpg,551,79,867,440,413,251
00002654.jpg,556,79,872,440,413,251
00002655.jpg,556,79,872,440,413,251
00002656.jpg,556,79,872,440,413,251
00002657.jpg,558,79,874,440,413,251
00002658.jpg,562,77,878,438,413,251
00002659.jpg,562,77,878,438,413,251
00002660.jpg,562,77,878,438,413,251
00002661.jpg,562,77,878,438,413,251
00002662.jpg,563,77,879,438,413,251
00002663.jpg,566,77,882,438,413,250
00002664.jpg,566,77,882,438,413,250
00002665.jpg,566,78,882,439,413,250
00002666.jpg,566,78,882,439,413,249
00002667.jpg,566,79,882,440,413,249
00002668.jpg,566,79,882,440,416,249
00002669.jpg,566,79,882,440,416,249
00002670.jpg,568,81,884,442,416,249
00002671.jpg,571,84,887,445,404,344
00002672.jpg,571,84,887,445,404,344
00002673.jpg,571,85,887,446,405,344
00002674.jpg,573,85,889,446,405,344
00002675.jpg,579,88,895,449,405,344
00002676.jpg,579,88,895,449,401,344
00002677.jpg,579,88,895,449,401,344
00002678.jpg,580,89,896,450,401,344
00002679.jpg,580,90,896,451,401,344
00002680.jpg,580,90,896,451,401,349
00002681.jpg,580,90,896,451,407,347
00002682.jpg,582,93,898,454,410,347
00002683.jpg,583,93,899,454,414,347
00002684.jpg,583,93,899,454,418,343
00002685.jpg,583,93,899,454,418,342
00002686.jpg,585,92,901,453,434,341
00002687.jpg,585,93,901,454,447,337
00002688.jpg,585,93,901,454,449,329
00002689.jpg,584,93,900,454,454,330
00002690.jpg,584,93,900,454,454,330
00002691.jpg,585,93,901,454,464,330
00002692.jpg,585,93,901,454,466,328
00002693.jpg,585,93,901,454,469,327
00002694.jpg,585,92,901,453,474,323
00002695.jpg,585,92,901,453,478,319
00002696.jpg,585,92,901,453,480,319
00002697.jpg,586,92,902,453,480,319
00002698.jpg,586,92,902,453,491,319
