00004038.jpg,601,13,807,255,295,136
00004039.jpg,601,12,808,255,295,136
00004040.jpg,600,11,808,255,295,136
00004041.jpg,601,12,808,256,295,136
00004042.jpg,602,15,806,254,295,136
00004043.jpg,587,16,825,295,295,138
00004044.jpg,587,16,825,295,295,138
00004045.jpg,587,16,825,295,295,138
00004046.jpg,587,17,825,296,295,138
00004047.jpg,586,18,824,297,295,138
00004048.jpg,587,18,825,297,295,138
00004049.jpg,587,18,825,297,295,138
00004050.jpg,586,19,824,298,295,138
00004051.jpg,586,19,824,298,295,138
00004052.jpg,586,19,824,298,295,138
00004053.jpg,587,18,825,297,295,138
00004054.jpg,587,18,825,297,295,138
00004055.jpg,587,18,825,297,295,138
00004056.jpg,587,19,825,298,295,138
00004057.jpg,587,19,825,298,295,138
00004058.jpg,588,19,826,298,295,138
00004059.jpg,588,19,826,298,295,138
00004060.jpg,588,18,826,297,295,138
00004061.jpg,588,18,826,297,295,138
00004062.jpg,588,18,826,297,295,138
00004063.jpg,587,20,825,299,295,138
00004064.jpg,587,21,825,300,295,138
00004065.jpg,586,21,824,300,165,187
00004066.jpg,585,21,823,300,165,187
00004067.jpg,584,22,822,301,165,187
00004068.jpg,583,23,821,302,165,187
00004069.jpg,584,23,822,302,-1,-1
00004070.jpg,584,22,822,301,-1,-1
00004071.jpg,584,22,822,301,-1,-1
00004072.jpg,584,21,822,300,-1,-1
00004073.jpg,585,21,823,300,-1,-1
00004074.jpg,585,21,823,300,-1,-1
00004075.jpg,584,23,822,302,-1,-1
00004076.jpg,584,23,822,302,-1,-1
00004077.jpg,584,24,822,303,-1,-1
00004078.jpg,584,25,822,304,-1,-1
00004079.jpg,585,25,823,304,-1,-1
00004080.jpg,585,25,823,304,-1,-1
00004081.jpg,585,24,823,303,-1,-1
00004082.jpg,584,25,822,304,-1,-1
00004083.jpg,584,24,822,303,-1,-1
00004084.jpg,584,24,822,303,-1,-1
00004085.jpg,584,24,822,303,-1,-1
00004086.jpg,584,23,822,302,-1,-1
00004087.jpg,585,21,823,300,-1,-1
00004088.jpg,585,19,823,298,-1,-1
00004089.jpg,586,12,825,297,-1,-1
00004090.jpg,586,13,825,296,-1,-1
00004091.jpg,586,18,824,297,-1,-1
00004092.jpg,586,14,825,295,-1,-1
00004093.jpg,587,16,825,295,-1,-1
00004094.jpg,587,15,825,297,-1,-1
00004095.jpg,589,15,824,299,-1,-1
00004096.jpg,589,10,829,304,-1,-1
00004097.jpg,586,9,833,302,-1,-1
00004098.jpg,589,14,827,293,-1,-1
00004099.jpg,589,14,827,293,-1,-1
00004100.jpg,589,14,827,293,-1,-1
00004101.jpg,594,13,829,295,-1,-1
00004102.jpg,591,15,829,294,-1,-1
00004103.jpg,592,15,830,294,-1,-1
00004104.jpg,592,13,825,290,-1,-1
00004105.jpg,589,13,827,292,-1,-1
00004106.jpg,589,13,827,292,-1,-1
00004107.jpg,592,18,828,292,-1,-1
00004108.jpg,594,18,828,291,-1,-1
00004109.jpg,592,19,827,287,-1,-1
00004110.jpg,588,17,829,289,-1,-1
00004111.jpg,589,21,828,288,-1,-1
00004112.jpg,587,11,825,290,-1,-1
00004113.jpg,586,12,824,291,-1,-1
00004114.jpg,587,13,825,292,-1,-1
00004115.jpg,587,16,832,293,-1,-1
00004116.jpg,584,15,834,295,-1,-1
00004117.jpg,585,10,823,289,-1,-1
00004118.jpg,584,11,822,290,-1,-1
00004119.jpg,584,12,822,291,-1,-1
00004120.jpg,585,13,823,292,-1,-1
00004121.jpg,585,13,823,292,-1,-1
