00005634.jpg,575,334,798,567,1026,404
00005635.jpg,572,333,795,566,1026,404
00005636.jpg,573,334,796,567,1018,417
00005637.jpg,575,334,798,567,1017,422
00005638.jpg,571,340,788,569,1005,416
00005639.jpg,571,340,788,569,998,405
00005640.jpg,571,340,788,569,998,405
00005641.jpg,569,340,788,568,994,409
00005642.jpg,569,340,788,568,988,409
00005643.jpg,571,339,790,567,981,409
00005644.jpg,573,339,792,567,977,409
00005645.jpg,573,339,792,567,977,409
00005646.jpg,574,339,793,567,977,408
00005647.jpg,575,339,794,567,990,412
00005648.jpg,570,337,785,564,1017,425
00005649.jpg,570,337,785,564,1056,425
00005650.jpg,570,337,785,564,1056,425
00005651.jpg,570,338,785,565,1086,428
00005652.jpg,572,338,787,565,1086,428
00005653.jpg,567,341,775,564,1085,425
00005654.jpg,567,341,775,564,1365,468
00005655.jpg,567,341,775,564,1366,472
00005656.jpg,567,339,775,562,1362,470
00005657.jpg,568,340,776,563,1368,469
00005658.jpg,568,340,776,563,1368,469
00005659.jpg,568,340,776,563,1366,469
00005660.jpg,568,340,776,563,1368,469
00005661.jpg,569,340,777,563,1368,469
00005662.jpg,569,340,777,563,1366,468
00005663.jpg,570,340,778,563,1374,468
00005664.jpg,571,340,779,563,1378,465
00005665.jpg,571,340,779,563,1378,461
00005666.jpg,573,341,781,564,1374,460
00005667.jpg,575,343,783,566,1376,461
00005668.jpg,576,343,784,566,1376,468
00005669.jpg,577,342,785,565,1380,472
00005670.jpg,577,342,785,565,1378,469
00005671.jpg,577,340,785,563,1378,468
00005672.jpg,576,339,784,562,1378,469
00005673.jpg,576,339,784,562,1382,472
00005674.jpg,575,339,783,562,1385,469
00005675.jpg,575,339,783,562,1385,470
00005676.jpg,573,338,781,561,1380,468
00005677.jpg,572,338,780,561,1382,466
00005678.jpg,569,337,777,560,1382,461
00005679.jpg,574,346,779,569,1276,576
00005680.jpg,574,346,779,569,1277,574
00005681.jpg,574,344,779,567,180,328
00005682.jpg,579,343,779,560,181,329
00005683.jpg,584,344,782,561,413,276
00005684.jpg,584,344,782,561,405,273
00005685.jpg,584,344,782,561,402,270
00005686.jpg,581,342,779,559,401,270
00005687.jpg,579,341,777,558,388,272
00005688.jpg,576,341,774,558,388,272
00005689.jpg,587,335,783,556,389,282
00005690.jpg,587,335,783,556,389,284
00005691.jpg,587,339,779,563,392,293
00005692.jpg,587,339,779,563,392,293
00005693.jpg,583,339,775,563,385,293
00005694.jpg,581,339,773,563,201,165
00005695.jpg,581,339,773,563,201,165
00005696.jpg,586,339,778,563,196,164
00005697.jpg,593,344,781,562,193,162
00005698.jpg,593,344,781,562,193,162
00005699.jpg,593,344,781,562,190,165
00005700.jpg,593,344,781,562,190,165
00005701.jpg,593,344,781,562,190,165
00005702.jpg,594,345,782,563,189,164
00005703.jpg,594,345,782,563,185,162
00005704.jpg,594,346,782,564,178,161
00005705.jpg,594,346,782,564,176,157
00005706.jpg,594,346,782,564,172,150
00005707.jpg,594,346,782,564,170,146
00005708.jpg,593,346,781,564,164,141
00005709.jpg,593,346,781,564,164,141
00005710.jpg,593,346,781,564,164,144
00005711.jpg,594,346,782,564,165,142
00005712.jpg,594,346,782,564,166,150
00005713.jpg,594,346,782,564,164,158
00005714.jpg,593,347,781,565,162,164
00005715.jpg,593,347,781,565,162,166
00005716.jpg,593,348,781,566,158,174
00005717.jpg,592,349,780,567,153,181
00005718.jpg,591,349,779,567,152,184
00005719.jpg,591,350,779,568,148,188
00005720.jpg,591,350,779,568,148,188
00005721.jpg,590,350,778,568,140,184
00005722.jpg,590,350,778,568,140,184
00005723.jpg,590,350,778,568,133,178
00005724.jpg,590,351,778,569,128,177
00005725.jpg,590,351,778,569,126,176
00005726.jpg,590,351,778,569,-1,-1
00005727.jpg,590,351,778,569,-1,-1
00005728.jpg,590,351,778,569,-1,-1
00005729.jpg,590,352,778,570,-1,-1
00005730.jpg,590,352,778,570,-1,-1
00005731.jpg,590,353,778,571,-1,-1
00005732.jpg,589,353,777,571,-1,-1
00005733.jpg,589,353,777,571,-1,-1
00005734.jpg,588,353,776,571,-1,-1
00005735.jpg,588,353,776,571,-1,-1
00005736.jpg,587,353,775,571,-1,-1
00005737.jpg,587,353,775,571,-1,-1
00005738.jpg,587,354,775,572,1246,606
00005739.jpg,586,354,774,572,-1,-1
00005740.jpg,586,354,774,572,-1,-1
00005741.jpg,585,354,773,572,-1,-1
00005742.jpg,566,352,769,572,1786,493
00005743.jpg,566,352,769,572,1786,493
00005744.jpg,567,353,770,573,1786,493
00005745.jpg,567,353,770,573,1785,492
00005746.jpg,569,354,772,574,1376,465
00005747.jpg,574,355,777,575,1374,472
00005748.jpg,578,355,781,575,1374,474
00005749.jpg,575,354,778,574,1373,474
00005750.jpg,563,353,769,581,1372,474
00005751.jpg,563,353,769,581,1373,476
00005752.jpg,566,353,772,581,1373,477
00005753.jpg,568,354,774,582,1373,477
00005754.jpg,570,357,776,585,1372,477
00005755.jpg,570,357,776,585,1370,477
00005756.jpg,572,360,778,588,1369,477
00005757.jpg,554,358,768,586,1368,477
00005758.jpg,554,358,768,586,910,445
00005759.jpg,555,359,769,587,910,445
00005760.jpg,555,359,769,587,910,445
00005761.jpg,557,360,771,588,909,442
00005762.jpg,558,360,772,588,909,440
00005763.jpg,558,359,772,587,906,440
00005764.jpg,557,359,771,587,905,440
00005765.jpg,546,355,766,577,905,436
00005766.jpg,546,355,766,577,904,441
00005767.jpg,546,355,766,577,904,441
00005768.jpg,544,356,764,578,902,442
00005769.jpg,543,358,763,580,901,445
00005770.jpg,543,358,763,580,901,445
00005771.jpg,548,357,768,579,900,454
00005772.jpg,540,367,760,589,897,458
00005773.jpg,565,363,772,585,896,458
00005774.jpg,565,363,772,585,896,456
00005775.jpg,565,363,772,585,896,456
00005776.jpg,565,363,772,585,896,456
00005777.jpg,566,364,773,586,896,456
00005778.jpg,567,365,774,587,896,456
00005779.jpg,567,364,774,586,896,456
00005780.jpg,567,364,774,586,896,456
00005781.jpg,548,354,776,590,897,456
00005782.jpg,548,354,776,590,902,458
00005783.jpg,549,355,777,591,905,469
00005784.jpg,549,357,777,593,920,482
00005785.jpg,549,357,777,593,921,480
00005786.jpg,550,357,778,593,1361,488
00005787.jpg,551,358,779,594,1362,490
00005788.jpg,551,356,779,592,1368,485
00005789.jpg,552,355,780,591,1377,477
00005790.jpg,552,355,780,591,1373,477
00005791.jpg,548,364,772,601,1376,474
00005792.jpg,548,364,772,601,1378,473
00005793.jpg,548,363,772,600,1380,472
00005794.jpg,548,363,772,600,1384,470
00005795.jpg,548,363,772,600,1385,470
00005796.jpg,546,363,770,600,1386,470
00005797.jpg,545,363,769,600,1382,477
00005798.jpg,543,365,767,602,1385,484
00005799.jpg,541,367,765,604,1386,482
00005800.jpg,551,366,779,610,1394,482
00005801.jpg,551,366,779,610,1394,482
00005802.jpg,549,366,777,610,1388,492
00005803.jpg,547,366,775,610,1388,496
00005804.jpg,544,366,772,610,1390,496
00005805.jpg,544,366,772,610,1392,496
00005806.jpg,541,365,769,609,1393,490
00005807.jpg,553,363,779,608,1386,482
00005808.jpg,553,363,779,608,1381,477
00005809.jpg,552,365,778,610,1373,476
00005810.jpg,552,365,778,610,1372,474
00005811.jpg,551,367,777,612,1366,473
00005812.jpg,568,372,790,613,1358,472
00005813.jpg,568,372,790,613,1348,478
00005814.jpg,567,371,789,612,1342,489
00005815.jpg,567,371,789,612,1342,489
