00003862.jpg,911,52,1043,203,322,118
00003863.jpg,911,52,1043,203,322,118
00003864.jpg,911,52,1043,203,322,118
00003865.jpg,911,52,1043,203,322,118
00003866.jpg,908,52,1040,203,322,118
00003867.jpg,905,52,1037,203,321,118
00003868.jpg,905,52,1037,203,320,117
00003869.jpg,902,52,1034,203,319,117
00003870.jpg,899,52,1031,203,317,114
00003871.jpg,894,55,1026,206,-1,-1
00003872.jpg,894,55,1026,206,-1,-1
00003873.jpg,894,55,1026,206,-1,-1
00003874.jpg,892,56,1024,207,-1,-1
00003875.jpg,889,58,1021,209,-1,-1
00003876.jpg,889,58,1021,209,-1,-1
00003877.jpg,887,59,1019,210,-1,-1
00003878.jpg,885,60,1017,211,-1,-1
00003879.jpg,882,61,1014,212,-1,-1
00003880.jpg,882,61,1014,212,-1,-1
00003881.jpg,881,61,1013,212,-1,-1
00003882.jpg,879,62,1011,213,-1,-1
00003883.jpg,876,62,1008,213,-1,-1
00003884.jpg,876,62,1008,213,-1,-1
00003885.jpg,876,62,1008,213,-1,-1
00003886.jpg,875,62,1007,213,-1,-1
00003887.jpg,874,61,1006,212,-1,-1
00003888.jpg,874,61,1006,212,-1,-1
00003889.jpg,873,61,1005,212,-1,-1
00003890.jpg,872,61,1004,212,-1,-1
00003891.jpg,872,60,1004,211,-1,-1
00003892.jpg,872,60,1004,211,-1,-1
00003893.jpg,872,60,1004,211,-1,-1
00003894.jpg,872,60,1004,211,-1,-1
00003895.jpg,875,60,1007,211,-1,-1
00003896.jpg,875,60,1007,211,-1,-1
00003897.jpg,875,60,1007,211,-1,-1
