00003180.jpg,329,84,724,517,847,310
00003181.jpg,329,84,724,517,847,310
00003182.jpg,329,84,724,517,847,310
00003183.jpg,329,84,724,517,847,310
00003184.jpg,330,83,725,516,847,310
00003185.jpg,330,83,725,516,849,311
00003186.jpg,331,80,726,513,854,305
00003187.jpg,332,80,727,513,861,307
00003188.jpg,332,80,727,513,863,307
00003189.jpg,332,80,727,513,865,313
00003190.jpg,332,79,727,512,-1,-1
00003191.jpg,329,79,724,512,-1,-1
00003192.jpg,327,80,722,513,-1,-1
00003193.jpg,327,80,722,513,-1,-1
00003194.jpg,327,80,722,513,-1,-1
00003195.jpg,326,80,721,513,-1,-1
00003196.jpg,326,80,721,513,-1,-1
00003197.jpg,326,80,721,513,-1,-1
00003198.jpg,326,80,721,513,-1,-1
00003199.jpg,326,81,721,514,-1,-1
00003200.jpg,325,82,720,515,-1,-1
00003201.jpg,324,82,719,515,-1,-1
00003202.jpg,324,82,719,515,-1,-1
00003203.jpg,324,82,719,515,-1,-1
00003204.jpg,325,82,720,515,-1,-1
00003205.jpg,326,82,721,515,-1,-1
00003206.jpg,326,82,721,515,-1,-1
00003207.jpg,326,82,721,515,-1,-1
00003208.jpg,327,81,722,514,-1,-1
00003209.jpg,328,81,723,514,-1,-1
00003210.jpg,328,81,723,514,-1,-1
00003211.jpg,329,81,724,514,-1,-1
00003212.jpg,330,80,725,513,-1,-1
00003213.jpg,330,80,725,513,-1,-1
00003214.jpg,330,80,725,513,-1,-1
00003215.jpg,330,80,725,513,-1,-1
00003216.jpg,331,80,726,513,-1,-1
00003217.jpg,332,80,727,513,-1,-1
00003218.jpg,332,80,727,513,-1,-1
00003219.jpg,333,80,728,513,-1,-1
00003220.jpg,333,80,728,513,-1,-1
00003221.jpg,332,79,727,512,-1,-1
00003222.jpg,332,79,727,512,-1,-1
00003223.jpg,332,79,727,512,-1,-1
00003224.jpg,333,79,728,512,-1,-1
00003225.jpg,335,80,730,513,905,316
00003226.jpg,335,80,730,513,905,316
00003227.jpg,338,79,733,512,905,316
00003228.jpg,338,79,733,512,905,316
00003229.jpg,340,79,735,512,905,316
00003230.jpg,344,79,739,512,905,316
00003231.jpg,350,77,745,510,905,316
00003232.jpg,357,75,752,508,905,316
00003233.jpg,357,75,752,508,905,316
00003234.jpg,361,73,756,506,905,316
00003235.jpg,364,73,759,506,905,316
00003236.jpg,367,72,762,505,905,316
00003237.jpg,367,72,762,505,905,316
00003238.jpg,369,73,764,506,905,316
00003239.jpg,369,74,764,507,905,316
00003240.jpg,369,74,764,507,905,316
00003241.jpg,369,74,764,507,905,316
00003242.jpg,369,74,764,507,905,316
00003243.jpg,369,74,764,507,905,315
00003244.jpg,369,73,764,506,905,315
00003245.jpg,369,73,764,506,905,315
00003246.jpg,370,74,765,507,905,315
00003247.jpg,370,74,765,507,905,315
00003248.jpg,369,75,764,508,905,315
00003249.jpg,368,74,763,507,905,315
00003250.jpg,366,75,761,508,906,315
00003251.jpg,365,75,760,508,911,315
00003252.jpg,365,75,760,508,916,315
00003253.jpg,365,75,760,508,924,315
00003254.jpg,364,75,759,508,927,315
00003255.jpg,363,74,758,507,931,315
00003256.jpg,362,74,757,507,940,315
00003257.jpg,362,76,757,509,944,315
00003258.jpg,362,76,757,509,956,313
00003259.jpg,364,77,759,510,956,313
00003260.jpg,368,77,763,510,964,299
00003261.jpg,369,77,764,510,964,299
00003262.jpg,372,77,767,510,964,299
00003263.jpg,372,77,767,510,964,299
00003264.jpg,374,76,769,509,964,299
00003265.jpg,377,75,772,508,964,299
00003266.jpg,378,74,773,507,962,299
00003267.jpg,378,74,773,507,961,299
00003268.jpg,378,74,773,507,960,299
00003269.jpg,378,75,773,508,957,299
00003270.jpg,378,75,773,508,955,300
00003271.jpg,378,75,773,508,955,300
00003272.jpg,378,76,773,509,951,300
00003273.jpg,378,76,773,509,950,301
00003274.jpg,376,77,771,510,950,301
00003275.jpg,376,78,771,511,950,301
00003276.jpg,374,79,769,512,950,301
00003277.jpg,374,79,769,512,950,301
00003278.jpg,374,79,769,512,950,301
00003279.jpg,374,79,769,512,950,301
00003280.jpg,374,80,769,513,950,301
00003281.jpg,375,80,770,513,950,301
00003282.jpg,376,80,771,513,950,301
00003283.jpg,376,80,771,513,950,301
00003284.jpg,376,80,771,513,950,301
00003285.jpg,374,82,769,515,950,301
00003286.jpg,374,82,769,515,950,301
00003287.jpg,373,83,768,516,950,301
00003288.jpg,373,83,768,516,950,301
00003289.jpg,372,84,767,517,950,301
00003290.jpg,372,84,767,517,950,301
00003291.jpg,371,83,766,516,950,301
00003292.jpg,371,82,766,515,950,301
00003293.jpg,371,82,766,515,950,301
00003294.jpg,372,81,767,514,950,301
00003295.jpg,373,81,768,514,950,301
00003296.jpg,373,82,768,515,950,301
00003297.jpg,373,82,768,515,950,301
00003298.jpg,373,83,768,516,950,301
00003299.jpg,372,83,767,516,950,301
00003300.jpg,370,83,765,516,950,301
00003301.jpg,370,82,765,515,950,301
00003302.jpg,370,81,765,514,950,301
00003303.jpg,370,81,765,514,950,301
00003304.jpg,370,81,765,514,950,301
00003305.jpg,370,81,765,514,950,301
00003306.jpg,367,78,762,511,-1,-1
00003307.jpg,360,73,755,506,-1,-1
00003308.jpg,360,73,755,506,-1,-1
00003309.jpg,351,68,746,501,-1,-1
00003310.jpg,343,72,738,505,-1,-1
00003311.jpg,335,73,730,506,-1,-1
00003312.jpg,332,78,727,511,-1,-1
00003313.jpg,332,78,727,511,-1,-1
00003314.jpg,332,78,727,511,-1,-1
00003315.jpg,334,77,729,510,-1,-1
00003316.jpg,334,77,729,510,-1,-1
00003317.jpg,336,78,731,511,-1,-1
00003318.jpg,336,78,731,511,-1,-1
00003319.jpg,336,78,731,511,-1,-1
00003320.jpg,338,78,733,511,-1,-1
00003321.jpg,342,76,737,509,-1,-1
00003322.jpg,345,71,740,504,-1,-1
00003323.jpg,345,71,740,504,-1,-1
00003324.jpg,346,76,741,509,-1,-1
00003325.jpg,344,76,739,509,-1,-1
00003326.jpg,343,75,738,508,-1,-1
00003327.jpg,343,75,738,508,-1,-1
00003328.jpg,343,72,738,505,-1,-1
00003329.jpg,344,72,739,505,-1,-1
00003330.jpg,344,75,739,508,-1,-1
00003331.jpg,344,76,739,509,-1,-1
00003332.jpg,343,76,738,509,-1,-1
00003333.jpg,343,76,738,509,-1,-1
00003334.jpg,342,76,737,509,-1,-1
00003335.jpg,342,76,737,509,-1,-1
00003336.jpg,350,76,745,509,-1,-1
00003337.jpg,357,76,752,509,-1,-1
00003338.jpg,357,76,752,509,-1,-1
00003339.jpg,363,66,758,499,-1,-1
00003340.jpg,369,65,764,498,-1,-1
00003341.jpg,376,66,771,499,948,301
00003342.jpg,380,68,775,501,948,301
00003343.jpg,380,69,775,502,948,301
00003344.jpg,381,72,776,505,948,301
00003345.jpg,381,74,776,507,948,301
00003346.jpg,381,74,776,507,948,301
00003347.jpg,378,77,773,510,948,301
00003348.jpg,378,77,773,510,948,301
00003349.jpg,377,79,772,512,948,301
00003350.jpg,375,83,770,516,948,301
00003351.jpg,372,86,767,519,948,301
00003352.jpg,367,86,762,519,948,301
00003353.jpg,367,86,762,519,948,301
00003354.jpg,362,87,757,520,948,301
00003355.jpg,360,86,755,519,948,301
00003356.jpg,360,86,755,519,948,301
00003357.jpg,360,86,755,519,948,301
00003358.jpg,360,86,755,519,948,301
00003359.jpg,360,86,755,519,948,301
00003360.jpg,360,86,755,519,948,301
