00003180.jpg,752,34,1229,610,587,295
00003181.jpg,752,34,1229,610,593,292
00003182.jpg,752,34,1229,610,598,289
00003183.jpg,752,34,1229,610,596,290
00003184.jpg,752,33,1229,609,598,287
00003185.jpg,752,33,1229,609,598,287
00003186.jpg,754,32,1231,608,601,282
00003187.jpg,758,32,1235,608,602,283
00003188.jpg,758,32,1235,608,600,281
00003189.jpg,763,30,1240,606,599,284
00003190.jpg,767,31,1244,607,591,283
00003191.jpg,767,35,1244,611,579,283
00003192.jpg,763,38,1240,614,567,283
00003193.jpg,763,38,1240,614,567,285
00003194.jpg,758,36,1235,612,556,284
00003195.jpg,753,34,1230,610,557,279
00003196.jpg,753,34,1230,610,558,281
00003197.jpg,750,32,1227,608,558,282
00003198.jpg,750,32,1227,608,560,282
00003199.jpg,751,33,1228,609,562,289
00003200.jpg,753,34,1230,610,562,292
00003201.jpg,756,35,1233,611,555,293
00003202.jpg,759,36,1236,612,556,288
00003203.jpg,759,36,1236,612,559,293
00003204.jpg,765,35,1242,611,562,292
00003205.jpg,770,34,1247,610,566,291
00003206.jpg,771,35,1248,611,566,291
00003207.jpg,771,35,1248,611,566,291
00003208.jpg,769,37,1246,613,566,291
00003209.jpg,772,36,1249,612,566,291
00003210.jpg,773,36,1250,612,566,291
00003211.jpg,772,37,1249,613,571,291
00003212.jpg,772,37,1249,613,575,291
00003213.jpg,772,37,1249,613,576,291
00003214.jpg,777,37,1254,613,578,291
00003215.jpg,777,37,1254,613,578,291
00003216.jpg,785,41,1262,617,578,291
00003217.jpg,788,41,1265,617,578,291
00003218.jpg,788,41,1265,617,578,291
00003219.jpg,789,42,1266,618,578,291
00003220.jpg,791,42,1268,618,578,291
00003221.jpg,794,42,1271,618,578,291
00003222.jpg,797,44,1274,620,578,291
00003223.jpg,797,44,1274,620,578,291
00003224.jpg,801,46,1278,622,578,291
00003225.jpg,802,48,1279,624,593,284
00003226.jpg,802,48,1279,624,593,284
00003227.jpg,802,50,1279,626,593,284
00003228.jpg,802,50,1279,626,599,286
00003229.jpg,802,50,1279,626,599,286
00003230.jpg,802,49,1279,625,606,285
00003231.jpg,802,48,1279,624,616,286
00003232.jpg,802,46,1279,622,623,282
00003233.jpg,802,46,1279,622,622,282
00003234.jpg,801,45,1278,621,626,283
00003235.jpg,799,45,1276,621,633,278
00003236.jpg,800,44,1277,620,639,280
00003237.jpg,800,44,1277,620,639,279
00003238.jpg,801,44,1278,620,645,279
00003239.jpg,802,43,1279,619,645,279
00003240.jpg,803,43,1280,619,645,281
00003241.jpg,803,43,1280,619,645,281
00003242.jpg,803,44,1280,620,645,281
00003243.jpg,803,44,1280,620,644,282
00003244.jpg,803,44,1280,620,644,282
00003245.jpg,803,44,1280,620,643,279
00003246.jpg,803,44,1280,620,643,280
00003247.jpg,803,44,1280,620,643,280
00003248.jpg,803,44,1280,620,643,278
00003249.jpg,803,45,1280,621,638,280
00003250.jpg,803,45,1280,621,637,280
00003251.jpg,803,45,1280,621,634,279
00003252.jpg,836,38,1278,575,634,279
00003253.jpg,836,38,1278,575,637,278
00003254.jpg,838,38,1280,575,637,278
00003255.jpg,838,40,1280,577,638,275
00003256.jpg,838,40,1280,577,638,275
00003257.jpg,838,43,1280,580,639,279
00003258.jpg,838,43,1280,580,639,281
00003259.jpg,838,43,1280,580,646,283
00003260.jpg,866,47,1280,565,649,284
00003261.jpg,866,47,1280,565,650,287
00003262.jpg,866,47,1280,565,650,286
00003263.jpg,866,47,1280,565,650,286
00003264.jpg,866,46,1280,564,653,282
00003265.jpg,865,46,1279,564,657,282
00003266.jpg,863,47,1277,565,658,283
00003267.jpg,863,47,1277,565,658,281
00003268.jpg,861,47,1275,565,658,281
00003269.jpg,860,48,1274,566,658,281
00003270.jpg,858,48,1272,566,658,281
00003271.jpg,857,48,1271,566,658,281
00003272.jpg,856,48,1270,566,658,281
00003273.jpg,855,48,1269,566,656,283
00003274.jpg,855,48,1269,566,655,287
00003275.jpg,855,48,1269,566,654,286
00003276.jpg,855,48,1269,566,655,288
00003277.jpg,855,48,1269,566,655,288
00003278.jpg,855,48,1269,566,655,288
00003279.jpg,855,48,1269,566,655,288
00003280.jpg,855,47,1269,565,655,288
00003281.jpg,855,47,1269,565,654,292
00003282.jpg,856,47,1270,565,656,288
00003283.jpg,856,47,1270,565,654,290
00003284.jpg,856,47,1270,565,654,290
00003285.jpg,856,47,1270,565,654,290
00003286.jpg,856,47,1270,565,653,292
00003287.jpg,856,47,1270,565,653,292
00003288.jpg,856,47,1270,565,653,293
00003289.jpg,855,47,1269,565,653,295
00003290.jpg,855,47,1269,565,651,295
00003291.jpg,855,47,1269,565,650,294
00003292.jpg,855,47,1269,565,650,294
00003293.jpg,855,47,1269,565,650,292
00003294.jpg,855,47,1269,565,650,292
00003295.jpg,855,47,1269,565,650,292
00003296.jpg,855,47,1269,565,650,292
00003297.jpg,855,47,1269,565,650,292
00003298.jpg,855,47,1269,565,650,292
00003299.jpg,856,47,1270,565,650,292
00003300.jpg,856,47,1270,565,650,292
00003301.jpg,856,47,1270,565,650,292
00003302.jpg,856,47,1270,565,650,292
00003303.jpg,856,47,1270,565,650,291
00003304.jpg,856,47,1270,565,652,290
00003305.jpg,856,47,1270,565,650,291
00003306.jpg,856,47,1270,565,640,286
00003307.jpg,856,47,1270,565,611,281
00003308.jpg,856,47,1270,565,616,281
00003309.jpg,856,47,1270,565,578,273
00003310.jpg,856,47,1270,565,543,267
00003311.jpg,856,47,1270,565,522,269
00003312.jpg,856,47,1270,565,508,274
00003313.jpg,856,47,1270,565,508,274
00003314.jpg,856,47,1270,565,510,274
00003315.jpg,856,47,1270,565,517,274
00003316.jpg,856,47,1270,565,517,272
00003317.jpg,857,47,1271,565,516,272
00003318.jpg,857,47,1271,565,514,274
00003319.jpg,857,47,1271,565,511,272
00003320.jpg,857,47,1271,565,513,270
00003321.jpg,857,47,1271,565,519,269
00003322.jpg,858,47,1272,565,523,269
00003323.jpg,858,47,1272,565,527,272
00003324.jpg,858,46,1272,564,526,272
00003325.jpg,858,46,1272,564,526,272
00003326.jpg,858,46,1272,564,526,272
00003327.jpg,858,46,1272,564,526,272
00003328.jpg,858,46,1272,564,526,272
00003329.jpg,858,46,1272,564,526,272
00003330.jpg,858,47,1272,565,526,272
00003331.jpg,858,47,1272,565,526,272
00003332.jpg,858,47,1272,565,526,272
00003333.jpg,858,47,1272,565,526,272
00003334.jpg,858,46,1272,564,526,272
00003335.jpg,858,47,1272,565,527,270
00003336.jpg,858,47,1272,565,542,271
00003337.jpg,858,47,1272,565,574,270
00003338.jpg,858,47,1272,565,574,268
00003339.jpg,858,47,1272,565,600,269
00003340.jpg,858,47,1272,565,624,271
00003341.jpg,858,47,1272,565,642,274
00003342.jpg,858,47,1272,565,647,280
00003343.jpg,858,47,1272,565,649,282
00003344.jpg,858,47,1272,565,649,284
00003345.jpg,858,47,1272,565,649,284
00003346.jpg,858,47,1272,565,645,285
00003347.jpg,858,47,1272,565,645,287
00003348.jpg,858,47,1272,565,645,287
00003349.jpg,858,47,1272,565,644,291
00003350.jpg,858,47,1272,565,647,296
00003351.jpg,858,47,1272,565,642,299
00003352.jpg,858,47,1272,565,634,305
00003353.jpg,858,47,1272,565,638,302
00003354.jpg,858,47,1272,565,632,303
00003355.jpg,858,47,1272,565,629,303
00003356.jpg,858,46,1272,564,630,303
00003357.jpg,858,46,1272,564,629,300
00003358.jpg,858,46,1272,564,628,303
00003359.jpg,858,46,1272,564,628,303
00003360.jpg,858,46,1272,564,619,303
