00016958.jpg,265,135,410,325,342,134
00016959.jpg,265,135,410,325,342,134
00016960.jpg,265,135,410,325,342,134
00016961.jpg,266,134,411,324,342,134
00016962.jpg,266,134,411,324,342,134
00016963.jpg,267,135,412,325,342,134
00016964.jpg,268,135,413,325,342,134
00016965.jpg,270,135,415,325,342,135
00016966.jpg,271,134,416,324,342,135
00016967.jpg,272,134,417,324,747,185
00016968.jpg,272,134,417,324,750,185
00016969.jpg,271,134,416,324,750,185
00016970.jpg,267,132,412,322,750,185
00016971.jpg,264,121,419,346,756,183
00016972.jpg,264,121,419,346,756,183
00016973.jpg,262,121,417,346,757,180
00016974.jpg,260,121,415,346,757,180
00016975.jpg,258,122,413,347,757,180
00016976.jpg,255,122,410,347,759,179
00016977.jpg,253,122,408,347,765,176
00016978.jpg,251,122,406,347,769,176
00016979.jpg,248,123,403,348,769,176
00016980.jpg,245,122,400,347,771,176
00016981.jpg,241,123,396,348,772,176
00016982.jpg,239,123,394,348,774,176
00016983.jpg,238,121,393,346,776,176
00016984.jpg,236,122,391,347,776,176
00016985.jpg,234,122,389,347,776,176
00016986.jpg,228,123,383,348,776,176
00016987.jpg,225,123,380,348,779,176
00016988.jpg,223,124,378,349,780,176
00016989.jpg,222,126,377,351,787,174
00016990.jpg,221,128,376,353,789,174
00016991.jpg,209,135,359,324,797,175
00016992.jpg,209,135,359,324,806,179
00016993.jpg,207,136,357,325,806,179
00016994.jpg,206,137,356,326,806,179
00016995.jpg,205,137,355,326,809,180
00016996.jpg,208,140,358,329,809,180
00016997.jpg,208,140,358,329,809,180
00016998.jpg,208,140,358,329,809,180
00016999.jpg,207,139,357,328,810,180
00017000.jpg,206,137,356,326,801,179
00017001.jpg,195,137,345,326,801,179
00017002.jpg,192,135,342,324,801,179
00017003.jpg,191,135,341,324,801,178
00017004.jpg,192,135,342,324,801,178
00017005.jpg,193,134,343,323,801,178
00017006.jpg,195,135,345,324,801,178
00017007.jpg,189,123,346,323,801,178
00017008.jpg,189,123,346,323,797,178
00017009.jpg,190,123,347,323,797,178
00017010.jpg,192,123,349,323,797,178
00017011.jpg,192,123,349,323,796,178
00017012.jpg,193,124,350,324,796,178
00017013.jpg,193,125,350,325,796,178
00017014.jpg,194,125,351,325,795,176
00017015.jpg,194,125,351,325,790,176
00017016.jpg,195,126,352,326,790,181
00017017.jpg,196,126,353,326,672,475
00017018.jpg,196,126,353,326,662,480
00017019.jpg,196,126,353,326,650,489
00017020.jpg,195,126,352,326,646,488
00017021.jpg,195,126,352,326,639,493
00017022.jpg,195,126,352,326,652,496
00017023.jpg,195,126,352,326,644,508
00017024.jpg,195,125,352,325,641,521
00017025.jpg,194,125,351,325,634,534
00017026.jpg,194,126,351,326,626,543
00017027.jpg,194,125,351,325,620,546
00017028.jpg,193,125,350,325,620,548
00017029.jpg,192,125,349,325,614,560
00017030.jpg,190,125,347,325,614,566
00017031.jpg,188,123,345,323,-1,-1
00017032.jpg,187,122,344,322,264,134
00017033.jpg,187,123,344,323,261,135
00017034.jpg,187,123,344,323,261,133
00017035.jpg,187,122,344,322,261,133
00017036.jpg,185,122,342,322,257,134
00017037.jpg,181,121,338,321,257,134
00017038.jpg,181,122,338,322,257,134
00017039.jpg,181,121,338,321,257,134
00017040.jpg,181,120,338,320,257,134
00017041.jpg,181,122,338,322,257,134
00017042.jpg,182,121,339,321,257,134
00017043.jpg,182,121,339,321,257,134
00017044.jpg,182,121,339,321,257,134
00017045.jpg,182,121,339,321,257,134
00017046.jpg,182,122,339,322,257,134
00017047.jpg,181,122,338,322,257,134
00017048.jpg,181,122,338,322,257,134
00017049.jpg,181,122,338,322,257,134
00017050.jpg,182,122,339,322,257,134
00017051.jpg,180,122,337,322,257,134
00017052.jpg,180,123,337,323,257,134
00017053.jpg,180,123,337,323,257,134
00017054.jpg,180,123,337,323,257,134
00017055.jpg,180,123,337,323,257,134
00017056.jpg,180,123,337,323,257,134
00017057.jpg,181,123,338,323,257,134
00017058.jpg,181,122,338,322,257,134
00017059.jpg,184,123,341,323,257,134
00017060.jpg,185,123,342,323,257,134
00017061.jpg,187,123,344,323,257,134
00017062.jpg,188,123,345,323,257,134
00017063.jpg,187,123,344,323,257,134
00017064.jpg,188,123,345,323,257,134
00017065.jpg,188,123,345,323,257,134
00017066.jpg,187,124,344,324,257,134
00017067.jpg,187,124,344,324,262,134
00017068.jpg,187,125,344,325,262,134
00017069.jpg,187,125,344,325,264,134
00017070.jpg,185,124,342,324,264,134
00017071.jpg,185,124,342,324,269,134
00017072.jpg,185,124,342,324,269,134
00017073.jpg,184,124,341,324,269,134
00017074.jpg,184,124,341,324,269,134
00017075.jpg,183,124,340,324,269,134
00017076.jpg,183,124,340,324,269,134
00017077.jpg,183,125,340,325,269,134
00017078.jpg,183,125,340,325,269,134
00017079.jpg,184,125,341,325,269,134
00017080.jpg,184,125,341,325,269,134
00017081.jpg,182,124,339,324,269,134
00017082.jpg,182,124,339,324,269,134
00017083.jpg,182,124,339,324,269,134
00017084.jpg,181,124,338,324,269,134
00017085.jpg,181,124,338,324,269,134
00017086.jpg,180,123,337,323,269,134
00017087.jpg,180,123,337,323,269,134
00017088.jpg,180,123,337,323,269,134
00017089.jpg,180,123,337,323,269,134
00017090.jpg,179,122,336,322,269,134
00017091.jpg,179,122,336,322,269,134
00017092.jpg,182,122,339,322,269,134
00017093.jpg,182,123,339,323,269,134
00017094.jpg,182,121,339,321,266,133
00017095.jpg,183,121,340,321,264,133
00017096.jpg,183,121,340,321,259,133
00017097.jpg,184,122,341,322,259,133
00017098.jpg,183,121,340,321,256,133
00017099.jpg,183,121,340,321,256,133
00017100.jpg,182,122,339,322,256,133
00017101.jpg,182,122,339,322,256,133
00017102.jpg,181,122,338,322,256,133
00017103.jpg,181,123,338,323,256,133
00017104.jpg,180,123,337,323,256,133
00017105.jpg,180,123,337,323,256,133
00017106.jpg,178,122,335,322,256,133
00017107.jpg,177,121,334,321,256,133
00017108.jpg,176,121,333,321,774,174
00017109.jpg,176,121,333,321,774,174
00017110.jpg,176,121,333,321,774,174
00017111.jpg,175,121,332,321,774,174
00017112.jpg,174,121,331,321,774,174
00017113.jpg,174,121,331,321,774,174
00017114.jpg,174,121,331,321,774,174
00017115.jpg,174,121,331,321,774,174
00017116.jpg,174,121,331,321,774,174
00017117.jpg,173,121,330,321,774,174
00017118.jpg,173,121,330,321,774,174
00017119.jpg,173,121,330,321,774,174
00017120.jpg,172,121,329,321,774,174
00017121.jpg,171,121,328,321,774,174
00017122.jpg,170,120,327,320,774,174
00017123.jpg,169,120,326,320,774,174
00017124.jpg,169,120,326,320,774,174
00017125.jpg,168,120,325,320,774,174
00017126.jpg,168,120,325,320,774,174
00017127.jpg,167,120,324,320,774,174
00017128.jpg,167,120,324,320,774,174
00017129.jpg,167,119,324,319,774,174
00017130.jpg,167,119,324,319,774,174
00017131.jpg,167,119,324,319,774,174
00017132.jpg,168,120,325,320,776,174
00017133.jpg,168,120,325,320,777,174
00017134.jpg,168,120,325,320,780,174
00017135.jpg,169,121,326,321,780,174
00017136.jpg,171,122,328,322,780,174
00017137.jpg,172,123,329,323,780,174
00017138.jpg,173,124,330,324,780,174
00017139.jpg,173,124,330,324,780,174
00017140.jpg,173,124,330,324,780,174
00017141.jpg,173,124,330,324,780,174
00017142.jpg,115,138,307,327,525,120
00017143.jpg,115,138,307,327,525,120
00017144.jpg,115,138,307,327,359,80
00017145.jpg,114,138,306,327,359,80
00017146.jpg,114,138,306,327,359,80
00017147.jpg,114,138,306,327,359,80
00017148.jpg,114,138,306,327,357,80
00017149.jpg,113,137,305,326,357,81
00017150.jpg,113,137,305,326,355,85
00017151.jpg,112,137,304,326,349,86
00017152.jpg,112,136,304,325,342,89
00017153.jpg,112,136,304,325,331,94
00017154.jpg,113,136,305,325,320,98
00017155.jpg,113,136,305,325,320,98
00017156.jpg,113,136,305,325,320,98
00017157.jpg,114,137,306,326,320,98
00017158.jpg,114,137,306,326,320,98
00017159.jpg,114,137,306,326,320,98
00017160.jpg,114,137,306,326,320,98
00017161.jpg,114,137,306,326,320,99
00017162.jpg,114,137,306,326,320,99
00017163.jpg,113,137,305,326,330,95
00017164.jpg,113,137,305,326,332,88
00017165.jpg,113,138,305,327,332,88
00017166.jpg,113,138,305,327,332,88
00017167.jpg,112,138,304,327,332,88
00017168.jpg,112,138,304,327,332,88
00017169.jpg,112,138,304,327,332,88
00017170.jpg,112,138,304,327,334,86
00017171.jpg,112,137,304,326,334,86
00017172.jpg,112,138,304,327,334,86
00017173.jpg,113,138,305,327,342,85
00017174.jpg,113,138,305,327,342,85
00017175.jpg,113,138,305,327,344,85
00017176.jpg,113,139,305,328,354,83
00017177.jpg,113,139,305,328,354,83
00017178.jpg,113,139,305,328,359,83
00017179.jpg,113,139,305,328,359,81
00017180.jpg,114,140,306,329,359,81
00017181.jpg,114,140,306,329,359,81
00017182.jpg,114,140,306,329,359,81
00017183.jpg,115,140,307,329,359,81
00017184.jpg,115,140,307,329,361,81
00017185.jpg,115,140,307,329,369,83
00017186.jpg,115,140,307,329,375,83
00017187.jpg,116,141,308,330,376,84
00017188.jpg,116,141,308,330,394,84
00017189.jpg,116,141,308,330,395,85
00017190.jpg,116,141,308,330,405,91
00017191.jpg,117,141,309,330,407,91
00017192.jpg,117,141,309,330,407,91
00017193.jpg,118,142,310,331,415,91
00017194.jpg,118,142,310,331,557,135
00017195.jpg,118,142,310,331,557,135
00017196.jpg,118,142,310,331,557,135
00017197.jpg,119,142,311,331,557,135
00017198.jpg,119,141,311,330,557,135
00017199.jpg,119,141,311,330,779,174
00017200.jpg,120,142,312,331,779,174
00017201.jpg,120,142,312,331,779,174
00017202.jpg,120,142,312,331,779,173
00017203.jpg,121,141,313,330,779,173
00017204.jpg,122,142,314,331,779,173
00017205.jpg,122,142,314,331,779,173
00017206.jpg,122,142,314,331,779,173
00017207.jpg,122,141,314,330,779,173
00017208.jpg,123,141,315,330,779,173
00017209.jpg,123,142,315,331,779,173
00017210.jpg,123,141,315,330,779,173
00017211.jpg,123,142,315,331,779,173
00017212.jpg,123,140,315,329,779,173
00017213.jpg,156,128,319,319,779,173
00017214.jpg,156,128,319,319,779,173
00017215.jpg,156,128,319,319,779,173
00017216.jpg,156,128,319,319,779,173
00017217.jpg,156,128,319,319,779,173
00017218.jpg,169,139,330,336,779,173
00017219.jpg,169,139,330,336,779,173
00017220.jpg,169,139,330,336,779,173
00017221.jpg,169,139,330,336,779,173
00017222.jpg,169,139,330,336,779,173
00017223.jpg,169,139,330,336,779,173
00017224.jpg,169,139,330,336,779,173
00017225.jpg,169,139,330,336,779,173
00017226.jpg,169,139,330,336,779,173
00017227.jpg,169,139,330,336,779,173
00017228.jpg,169,140,330,337,779,173
00017229.jpg,169,140,330,337,779,173
00017230.jpg,169,140,330,337,779,173
00017231.jpg,169,140,330,337,779,173
00017232.jpg,169,140,330,337,779,173
00017233.jpg,168,141,329,338,779,173
00017234.jpg,168,140,329,337,779,173
00017235.jpg,169,141,330,338,779,173
00017236.jpg,168,140,329,337,779,173
00017237.jpg,168,140,329,337,779,173
00017238.jpg,168,140,329,337,779,173
00017239.jpg,169,142,330,339,779,173
00017240.jpg,169,141,330,338,779,173
00017241.jpg,169,141,330,338,779,173
00017242.jpg,169,141,330,338,779,173
00017243.jpg,169,142,330,339,779,173
00017244.jpg,168,141,329,338,779,173
00017245.jpg,168,141,329,338,779,173
00017246.jpg,168,140,329,337,779,173
00017247.jpg,168,140,329,337,779,173
00017248.jpg,168,140,329,337,779,173
00017249.jpg,168,140,329,337,779,173
00017250.jpg,168,140,329,337,779,173
00017251.jpg,168,140,329,337,779,173
00017252.jpg,168,140,329,337,779,173
00017253.jpg,168,140,329,337,779,173
00017254.jpg,168,140,329,337,779,173
00017255.jpg,168,140,329,337,779,173
00017256.jpg,169,140,330,337,779,173
00017257.jpg,168,139,329,336,779,173
00017258.jpg,168,139,329,336,779,173
00017259.jpg,168,140,329,337,779,173
00017260.jpg,169,141,330,338,779,173
00017261.jpg,169,140,330,337,779,173
00017262.jpg,169,141,330,338,779,173
00017263.jpg,170,143,331,340,779,173
00017264.jpg,169,142,330,339,779,173
00017265.jpg,169,142,330,339,779,173
00017266.jpg,169,142,330,339,779,173
00017267.jpg,169,143,330,340,779,173
00017268.jpg,169,143,330,340,779,173
00017269.jpg,169,143,330,340,779,173
00017270.jpg,169,143,330,340,779,173
00017271.jpg,169,143,330,340,779,173
00017272.jpg,169,143,330,340,772,173
00017273.jpg,169,143,330,340,772,173
00017274.jpg,169,142,330,339,772,173
00017275.jpg,169,143,330,340,772,173
00017276.jpg,169,143,330,340,772,173
00017277.jpg,169,143,330,340,772,173
00017278.jpg,168,142,329,339,772,173
00017279.jpg,168,142,329,339,772,173
00017280.jpg,167,141,328,338,772,173
00017281.jpg,166,141,327,338,772,173
00017282.jpg,166,141,327,338,772,173
00017283.jpg,166,141,327,338,772,173
00017284.jpg,165,141,326,338,772,173
00017285.jpg,165,141,326,338,772,173
00017286.jpg,165,141,326,338,772,173
00017287.jpg,165,141,326,338,772,173
00017288.jpg,165,140,326,337,772,173
00017289.jpg,165,140,326,337,772,173
00017290.jpg,165,141,326,338,772,173
00017291.jpg,165,140,326,337,772,173
00017292.jpg,165,140,326,337,772,173
00017293.jpg,165,141,326,338,772,173
00017294.jpg,165,140,326,337,772,173
00017295.jpg,165,141,326,338,772,173
00017296.jpg,165,141,326,338,772,173
00017297.jpg,165,140,326,337,772,173
00017298.jpg,165,140,326,337,772,173
00017299.jpg,165,141,326,338,772,173
00017300.jpg,165,140,326,337,772,173
00017301.jpg,165,140,326,337,772,173
00017302.jpg,166,141,327,338,772,173
00017303.jpg,166,141,327,338,772,173
00017304.jpg,166,141,327,338,772,173
00017305.jpg,166,141,327,338,772,173
00017306.jpg,166,142,327,339,772,173
00017307.jpg,166,142,327,339,772,173
00017308.jpg,165,141,326,338,772,173
00017309.jpg,167,142,328,339,772,173
00017310.jpg,167,140,328,337,772,173
00017311.jpg,168,138,329,335,772,173
00017312.jpg,170,137,331,334,772,173
00017313.jpg,170,133,331,330,772,173
00017314.jpg,170,134,331,331,772,173
00017315.jpg,169,136,330,333,772,173
00017316.jpg,169,139,330,336,772,173
00017317.jpg,166,139,327,336,772,173
00017318.jpg,163,140,324,337,772,173
00017319.jpg,164,141,325,338,772,173
00017320.jpg,166,140,327,337,772,171
00017321.jpg,167,137,328,334,772,171
00017322.jpg,168,137,329,334,772,170
00017323.jpg,168,137,329,334,772,169
00017324.jpg,170,138,331,335,772,169
00017325.jpg,172,139,333,336,772,170
00017326.jpg,173,137,334,334,770,178
00017327.jpg,174,137,335,334,770,178
00017328.jpg,174,136,335,333,770,178
00017329.jpg,174,136,335,333,770,178
00017330.jpg,175,138,336,335,770,178
00017331.jpg,177,139,338,336,770,178
00017332.jpg,177,138,338,335,770,178
00017333.jpg,177,136,338,333,770,178
00017334.jpg,179,139,340,336,767,179
00017335.jpg,180,140,341,337,767,179
00017336.jpg,181,141,342,338,767,179
00017337.jpg,181,142,342,339,767,179
00017338.jpg,181,142,342,339,767,179
00017339.jpg,180,142,341,339,767,178
00017340.jpg,181,143,342,340,765,173
00017341.jpg,181,143,342,340,765,173
00017342.jpg,181,143,342,340,765,173
00017343.jpg,181,143,342,340,765,173
00017344.jpg,180,143,341,340,764,173
00017345.jpg,179,142,340,339,764,173
00017346.jpg,179,142,340,339,764,173
