00008272.jpg,515,160,862,513,-1,-1
00008273.jpg,515,160,862,513,-1,-1
00008274.jpg,515,160,862,513,-1,-1
00008275.jpg,515,160,862,513,-1,-1
00008276.jpg,514,162,861,515,-1,-1
00008277.jpg,514,166,861,519,-1,-1
00008278.jpg,516,169,863,522,-1,-1
00008279.jpg,518,171,865,524,-1,-1
00008280.jpg,519,171,866,524,-1,-1
00008281.jpg,520,173,867,526,-1,-1
00008282.jpg,521,173,868,526,-1,-1
00008283.jpg,522,174,869,527,-1,-1
00008284.jpg,522,175,869,528,-1,-1
00008285.jpg,522,176,869,529,-1,-1
00008286.jpg,521,178,868,531,-1,-1
00008287.jpg,521,181,868,534,-1,-1
00008288.jpg,521,184,868,537,-1,-1
00008289.jpg,523,186,870,539,-1,-1
00008290.jpg,523,186,870,539,-1,-1
00008291.jpg,525,187,872,540,-1,-1
00008292.jpg,527,186,874,539,-1,-1
00008293.jpg,530,185,877,538,-1,-1
00008294.jpg,535,180,882,533,-1,-1
00008295.jpg,535,180,882,533,-1,-1
00008296.jpg,540,175,887,528,-1,-1
00008297.jpg,543,172,890,525,-1,-1
00008298.jpg,544,170,891,523,-1,-1
00008299.jpg,545,169,892,522,-1,-1
00008300.jpg,545,169,892,522,-1,-1
00008301.jpg,546,169,893,522,-1,-1
00008302.jpg,547,170,894,523,-1,-1
00008303.jpg,546,173,893,526,-1,-1
00008304.jpg,544,176,891,529,-1,-1
00008305.jpg,544,176,891,529,-1,-1
00008306.jpg,540,179,887,532,-1,-1
00008307.jpg,538,179,885,532,-1,-1
00008308.jpg,533,183,880,536,-1,-1
00008309.jpg,533,181,880,534,-1,-1
00008310.jpg,533,181,880,534,-1,-1
00008311.jpg,534,180,881,533,-1,-1
00008312.jpg,538,179,885,532,-1,-1
00008313.jpg,544,178,891,531,-1,-1
00008314.jpg,548,178,895,531,-1,-1
00008315.jpg,548,178,895,531,-1,-1
00008316.jpg,550,178,897,531,-1,-1
00008317.jpg,550,178,897,531,-1,-1
00008318.jpg,547,177,894,530,-1,-1
00008319.jpg,545,173,892,526,-1,-1
00008320.jpg,545,173,892,526,-1,-1
00008321.jpg,544,168,891,521,-1,-1
00008322.jpg,544,163,891,516,-1,-1
00008323.jpg,542,162,889,515,-1,-1
00008324.jpg,537,163,884,516,-1,-1
00008325.jpg,537,163,884,516,-1,-1
00008326.jpg,531,165,878,518,-1,-1
00008327.jpg,525,166,872,519,-1,-1
00008328.jpg,521,166,868,519,-1,-1
00008329.jpg,517,166,864,519,-1,-1
00008330.jpg,517,166,864,519,-1,-1
00008331.jpg,515,167,862,520,-1,-1
00008332.jpg,516,167,863,520,-1,-1
00008333.jpg,517,168,864,521,-1,-1
00008334.jpg,518,171,865,524,-1,-1
00008335.jpg,518,171,865,524,-1,-1
00008336.jpg,517,175,864,528,-1,-1
00008337.jpg,514,178,861,531,-1,-1
00008338.jpg,511,180,858,533,-1,-1
00008339.jpg,511,181,858,534,-1,-1
00008340.jpg,511,181,858,534,-1,-1
00008341.jpg,511,182,858,535,-1,-1
00008342.jpg,511,183,858,536,-1,-1
00008343.jpg,508,184,855,537,-1,-1
00008344.jpg,506,181,853,534,-1,-1
00008345.jpg,506,181,853,534,-1,-1
00008346.jpg,504,176,851,529,-1,-1
00008347.jpg,503,169,850,522,-1,-1
00008348.jpg,501,164,848,517,-1,-1
00008349.jpg,497,163,844,516,-1,-1
00008350.jpg,497,163,844,516,-1,-1
00008351.jpg,492,169,839,522,-1,-1
00008352.jpg,488,178,835,531,-1,-1
00008353.jpg,485,187,832,540,-1,-1
00008354.jpg,483,194,830,547,-1,-1
00008355.jpg,483,194,830,547,-1,-1
00008356.jpg,480,198,827,551,-1,-1
00008357.jpg,478,199,825,552,-1,-1
00008358.jpg,475,200,822,553,-1,-1
00008359.jpg,472,201,819,554,-1,-1
00008360.jpg,472,201,819,554,-1,-1
00008361.jpg,468,206,815,559,-1,-1
00008362.jpg,464,214,811,567,-1,-1
00008363.jpg,461,223,808,576,-1,-1
00008364.jpg,460,230,807,583,-1,-1
00008365.jpg,460,230,807,583,-1,-1
00008366.jpg,460,238,807,591,-1,-1
00008367.jpg,462,244,809,597,-1,-1
00008368.jpg,464,247,811,600,-1,-1
00008369.jpg,467,249,814,602,-1,-1
00008370.jpg,467,249,814,602,-1,-1
00008371.jpg,469,249,816,602,-1,-1
00008372.jpg,470,249,817,602,-1,-1
00008373.jpg,470,247,817,600,-1,-1
00008374.jpg,471,232,817,585,-1,-1
00008375.jpg,471,232,817,585,-1,-1
00008376.jpg,470,227,816,580,-1,-1
00008377.jpg,468,224,814,577,-1,-1
00008378.jpg,464,225,810,578,-1,-1
00008379.jpg,460,226,806,579,-1,-1
00008380.jpg,460,226,806,579,-1,-1
00008381.jpg,457,227,803,580,-1,-1
00008382.jpg,452,227,798,580,-1,-1
00008383.jpg,447,225,793,578,-1,-1
00008384.jpg,444,224,790,577,-1,-1
00008385.jpg,444,224,790,577,-1,-1
00008386.jpg,442,224,788,577,-1,-1
00008387.jpg,442,223,788,576,-1,-1
00008388.jpg,443,224,789,577,-1,-1
00008389.jpg,445,226,791,579,-1,-1
00008390.jpg,445,226,791,579,-1,-1
00008391.jpg,448,231,794,584,-1,-1
00008392.jpg,448,231,794,584,-1,-1
