00000989.jpg,60,136,291,388,783,239
00000990.jpg,60,136,291,388,787,240
00000991.jpg,60,136,291,388,786,240
00000992.jpg,60,136,291,388,788,241
00000993.jpg,60,136,291,388,791,242
00000994.jpg,60,136,291,388,796,244
00000995.jpg,60,136,291,388,798,244
00000996.jpg,60,136,291,388,798,245
00000997.jpg,60,136,291,388,799,247
00000998.jpg,60,136,291,388,799,247
00000999.jpg,60,136,291,388,801,248
00001000.jpg,60,136,291,388,801,249
00001001.jpg,60,136,291,388,803,251
00001002.jpg,60,136,291,388,803,251
00001003.jpg,60,136,291,388,803,251
00001004.jpg,60,136,291,388,803,251
00001005.jpg,60,136,291,388,803,251
00001006.jpg,60,136,291,388,801,253
00001007.jpg,60,136,291,388,801,253
00001008.jpg,60,136,291,388,801,253
00001009.jpg,60,136,291,388,799,253
00001010.jpg,59,136,290,388,799,253
00001011.jpg,59,136,290,388,799,253
00001012.jpg,59,136,290,388,799,253
00001013.jpg,59,136,290,388,798,252
00001014.jpg,59,136,290,388,798,252
00001015.jpg,59,136,290,388,798,252
00001016.jpg,59,136,290,388,798,252
00001017.jpg,59,136,290,388,799,252
00001018.jpg,58,136,289,388,800,253
00001019.jpg,58,136,289,388,800,253
00001020.jpg,58,136,289,388,800,253
00001021.jpg,58,136,289,388,800,252
00001022.jpg,59,136,290,388,800,251
00001023.jpg,59,136,290,388,800,251
00001024.jpg,59,136,290,388,799,251
00001025.jpg,59,136,290,388,798,250
00001026.jpg,59,136,290,388,797,250
00001027.jpg,59,136,290,388,797,250
00001028.jpg,59,136,290,388,797,250
00001029.jpg,60,136,291,388,795,250
00001030.jpg,60,136,291,388,793,249
00001031.jpg,60,136,291,388,792,249
00001032.jpg,60,135,291,387,791,245
00001033.jpg,60,135,291,387,788,244
00001034.jpg,60,135,291,387,786,243
00001035.jpg,60,135,291,387,783,242
00001036.jpg,60,135,291,387,783,242
00001037.jpg,60,135,291,387,783,241
00001038.jpg,60,135,291,387,782,241
00001039.jpg,60,135,291,387,781,240
00001040.jpg,60,135,291,387,780,238
00001041.jpg,60,135,291,387,780,238
00001042.jpg,60,135,291,387,780,238
00001043.jpg,60,135,291,387,780,238
00001044.jpg,60,135,291,387,780,238
00001045.jpg,60,135,291,387,780,238
00001046.jpg,60,135,291,387,778,238
00001047.jpg,60,135,291,387,778,238
00001048.jpg,60,135,291,387,778,238
00001049.jpg,60,135,291,387,778,238
