00000092.jpg,354,14,515,190,-1,-1
00000093.jpg,354,14,515,190,-1,-1
00000094.jpg,354,14,515,190,-1,-1
00000095.jpg,357,14,518,190,-1,-1
00000096.jpg,360,13,521,189,-1,-1
00000097.jpg,363,12,524,188,-1,-1
00000098.jpg,367,11,528,187,-1,-1
00000099.jpg,367,11,528,187,-1,-1
00000100.jpg,372,11,533,187,-1,-1
00000101.jpg,376,11,537,187,-1,-1
00000102.jpg,380,11,541,187,-1,-1
00000103.jpg,380,11,541,187,-1,-1
00000104.jpg,383,11,544,187,-1,-1
00000105.jpg,387,11,548,187,-1,-1
00000106.jpg,390,10,551,186,-1,-1
00000107.jpg,392,10,553,186,-1,-1
00000108.jpg,389,10,550,186,-1,-1
00000109.jpg,389,10,550,186,-1,-1
00000110.jpg,393,10,554,186,-1,-1
00000111.jpg,393,11,554,187,-1,-1
00000112.jpg,391,11,552,187,-1,-1
00000113.jpg,389,7,563,196,-1,-1
00000114.jpg,389,7,563,196,-1,-1
00000115.jpg,385,7,559,196,-1,-1
00000116.jpg,377,10,562,201,-1,-1
00000117.jpg,377,10,562,201,-1,-1
00000118.jpg,371,10,556,201,-1,-1
00000119.jpg,371,10,556,201,-1,-1
00000120.jpg,371,10,556,201,-1,-1
