00137256.jpg,996,64,1128,204,-1,-1
00137257.jpg,996,64,1128,204,-1,-1
00137258.jpg,996,64,1128,204,-1,-1
00137259.jpg,996,64,1128,204,-1,-1
00137260.jpg,996,64,1128,204,-1,-1
00137261.jpg,995,64,1127,204,-1,-1
00137262.jpg,995,64,1127,204,-1,-1
00137263.jpg,994,64,1126,204,-1,-1
00137264.jpg,994,63,1126,203,-1,-1
00137265.jpg,994,63,1126,203,-1,-1
00137266.jpg,994,63,1126,203,-1,-1
00137267.jpg,993,64,1125,204,-1,-1
00137268.jpg,993,63,1125,203,-1,-1
00137269.jpg,993,63,1125,203,-1,-1
00137270.jpg,993,63,1125,203,-1,-1
00137271.jpg,993,63,1125,203,-1,-1
00137272.jpg,992,63,1124,203,-1,-1
00137273.jpg,992,63,1124,203,-1,-1
00137274.jpg,992,63,1124,203,-1,-1
00137275.jpg,992,63,1124,203,-1,-1
00137276.jpg,991,63,1123,203,-1,-1
00137277.jpg,991,63,1123,203,-1,-1
00137278.jpg,991,63,1123,203,-1,-1
00137279.jpg,991,63,1123,203,-1,-1
00137280.jpg,991,63,1123,203,-1,-1
00137281.jpg,991,63,1123,203,-1,-1
00137282.jpg,991,63,1123,203,-1,-1
00137283.jpg,991,63,1123,203,-1,-1
00137284.jpg,991,63,1123,203,-1,-1
00137285.jpg,991,63,1123,203,-1,-1
00137286.jpg,992,63,1124,203,-1,-1
00137287.jpg,991,63,1123,203,-1,-1
00137288.jpg,991,63,1123,203,-1,-1
00137289.jpg,991,63,1123,203,-1,-1
00137290.jpg,991,63,1123,203,-1,-1
00137291.jpg,991,63,1123,203,-1,-1
00137292.jpg,991,63,1123,203,-1,-1
00137293.jpg,991,63,1123,203,-1,-1
00137294.jpg,991,63,1123,203,-1,-1
00137295.jpg,991,63,1123,203,-1,-1
00137296.jpg,991,63,1123,203,-1,-1
00137297.jpg,991,63,1123,203,-1,-1
00137298.jpg,990,63,1122,203,-1,-1
00137299.jpg,990,63,1122,203,-1,-1
00137300.jpg,990,63,1122,203,-1,-1
00137301.jpg,990,63,1122,203,-1,-1
00137302.jpg,990,63,1122,203,-1,-1
00137303.jpg,989,63,1121,203,-1,-1
00137304.jpg,990,63,1122,203,-1,-1
00137305.jpg,990,62,1122,202,-1,-1
00137306.jpg,990,62,1122,202,-1,-1
00137307.jpg,991,62,1123,202,-1,-1
00137308.jpg,991,62,1123,202,-1,-1
00137309.jpg,991,62,1123,202,297,132
00137310.jpg,991,62,1123,202,297,132
00137311.jpg,992,62,1124,202,297,132
00137312.jpg,992,62,1124,202,297,132
00137313.jpg,992,62,1124,202,297,132
00137314.jpg,992,62,1124,202,297,132
00137315.jpg,991,62,1123,202,297,132
00137316.jpg,991,62,1123,202,297,132
00137317.jpg,991,62,1123,202,297,132
00137318.jpg,991,62,1123,202,297,132
00137319.jpg,992,61,1124,201,297,132
00137320.jpg,992,62,1124,202,297,132
00137321.jpg,992,62,1124,202,297,132
00137322.jpg,993,61,1125,201,297,132
00137323.jpg,993,62,1125,202,297,132
00137324.jpg,993,62,1125,202,297,132
00137325.jpg,993,62,1125,202,297,132
00137326.jpg,993,62,1125,202,298,135
00137327.jpg,994,61,1126,201,298,136
00137328.jpg,994,61,1126,201,298,137
00137329.jpg,994,61,1126,201,300,137
00137330.jpg,994,61,1126,201,299,142
00137331.jpg,994,61,1126,201,296,144
00137332.jpg,995,61,1127,201,296,146
00137333.jpg,995,61,1127,201,296,150
00137334.jpg,995,61,1127,201,295,151
00137335.jpg,1000,62,1132,202,294,154
00137336.jpg,1001,62,1133,202,293,157
00137337.jpg,1001,62,1133,202,292,160
00137338.jpg,1002,62,1134,202,292,160
00137339.jpg,1002,62,1134,202,292,160
00137340.jpg,1002,67,1134,207,292,160
00137341.jpg,1002,67,1134,207,292,160
00137342.jpg,1002,67,1134,207,292,160
00137343.jpg,1002,67,1134,207,292,160
00137344.jpg,1002,67,1134,207,294,158
00137345.jpg,1002,67,1134,207,296,156
00137346.jpg,1002,67,1134,207,296,156
00137347.jpg,1002,67,1134,207,297,156
00137348.jpg,1002,67,1134,207,297,156
00137349.jpg,1002,67,1134,207,297,156
00137350.jpg,1003,67,1135,207,297,156
00137351.jpg,1003,67,1135,207,297,156
00137352.jpg,1004,68,1136,208,300,156
00137353.jpg,1004,68,1136,208,303,154
00137354.jpg,1004,67,1136,207,303,152
00137355.jpg,1004,67,1136,207,303,153
00137356.jpg,1004,67,1136,207,304,154
00137357.jpg,1004,67,1136,207,303,155
00137358.jpg,1004,67,1136,207,303,154
00137359.jpg,1003,66,1135,206,-1,-1
00137360.jpg,1003,66,1135,206,-1,-1
00137361.jpg,1003,66,1135,206,-1,-1
00137362.jpg,1003,66,1135,206,-1,-1
00137363.jpg,1003,66,1135,206,-1,-1
00137364.jpg,1003,66,1135,206,-1,-1
00137365.jpg,1003,65,1135,205,-1,-1
00137366.jpg,1003,63,1135,203,-1,-1
00137367.jpg,1003,63,1135,203,-1,-1
00137368.jpg,1003,62,1135,202,-1,-1
00137369.jpg,1003,62,1135,202,-1,-1
00137370.jpg,1003,62,1135,202,-1,-1
00137371.jpg,998,60,1130,200,-1,-1
00137372.jpg,998,59,1130,199,-1,-1
00137373.jpg,998,59,1130,199,-1,-1
00137374.jpg,998,60,1130,200,-1,-1
00137375.jpg,1002,62,1134,202,-1,-1
00137376.jpg,1002,62,1134,202,-1,-1
00137377.jpg,1001,62,1133,202,-1,-1
00137378.jpg,1001,62,1133,202,-1,-1
00137379.jpg,1000,63,1132,203,-1,-1
00137380.jpg,999,63,1131,203,-1,-1
00137381.jpg,999,63,1131,203,315,149
00137382.jpg,998,63,1130,203,315,149
00137383.jpg,998,63,1130,203,315,149
00137384.jpg,998,63,1130,203,315,149
00137385.jpg,997,63,1129,203,315,149
00137386.jpg,997,63,1129,203,315,149
00137387.jpg,997,63,1129,203,315,149
00137388.jpg,997,63,1129,203,316,149
00137389.jpg,997,63,1129,203,319,149
00137390.jpg,997,63,1129,203,319,149
00137391.jpg,996,63,1128,203,319,149
00137392.jpg,996,63,1128,203,320,149
00137393.jpg,996,63,1128,203,320,149
00137394.jpg,996,63,1128,203,320,149
00137395.jpg,996,63,1128,203,322,149
00137396.jpg,996,63,1128,203,322,149
00137397.jpg,996,63,1128,203,320,150
00137398.jpg,996,63,1128,203,320,150
00137399.jpg,996,63,1128,203,320,152
00137400.jpg,996,63,1128,203,320,155
