00002517.jpg,627,19,1034,464,517,238
00002518.jpg,627,19,1034,464,517,238
00002519.jpg,627,19,1034,464,517,238
00002520.jpg,627,19,1034,464,517,238
00002521.jpg,628,19,1035,464,517,238
00002522.jpg,628,19,1035,464,519,238
00002523.jpg,627,19,1034,464,520,238
00002524.jpg,627,19,1034,464,519,237
00002525.jpg,630,19,1037,464,523,239
00002526.jpg,634,20,1041,465,527,247
00002527.jpg,634,20,1041,465,526,246
00002528.jpg,634,20,1041,465,529,247
00002529.jpg,637,21,1044,466,528,247
00002530.jpg,640,22,1047,467,531,249
00002531.jpg,640,22,1047,467,533,249
00002532.jpg,644,23,1051,468,533,252
00002533.jpg,644,23,1051,468,531,251
00002534.jpg,647,24,1054,469,532,250
00002535.jpg,653,25,1060,470,533,250
00002536.jpg,653,25,1060,470,533,250
00002537.jpg,653,25,1060,470,533,250
00002538.jpg,655,26,1062,471,534,250
00002539.jpg,658,26,1065,471,541,246
00002540.jpg,658,26,1065,471,541,246
00002541.jpg,659,26,1066,471,540,247
00002542.jpg,664,24,1071,469,546,238
00002543.jpg,664,24,1071,469,546,238
00002544.jpg,664,24,1071,469,545,238
