00011958.jpg,1270,435,1359,516,926,280
00011959.jpg,1270,435,1359,516,926,280
00011960.jpg,1270,435,1359,516,923,285
00011961.jpg,1270,435,1359,516,925,285
00011962.jpg,1271,437,1360,518,909,297
00011963.jpg,1273,439,1362,520,903,317
00011964.jpg,1274,440,1363,521,897,330
00011965.jpg,1276,442,1365,523,879,330
00011966.jpg,1276,442,1365,523,871,333
00011967.jpg,1279,443,1368,524,855,325
00011968.jpg,1282,443,1371,524,827,316
00011969.jpg,1286,443,1375,524,813,298
00011970.jpg,1291,443,1380,524,799,284
00011971.jpg,1291,443,1380,524,797,269
00011972.jpg,1296,443,1385,524,781,270
00011973.jpg,1303,443,1392,524,762,266
00011974.jpg,1318,444,1398,529,762,257
00011975.jpg,1318,444,1398,529,751,244
00011976.jpg,1318,444,1398,529,750,244
00011977.jpg,1325,444,1405,529,741,253
00011978.jpg,1332,444,1412,529,741,253
00011979.jpg,1339,443,1419,528,737,269
00011980.jpg,1346,443,1426,528,737,269
00011981.jpg,1346,443,1426,528,735,273
00011982.jpg,1354,443,1434,528,739,289
00011983.jpg,1364,442,1444,527,741,304
00011984.jpg,1373,441,1453,526,750,321
00011985.jpg,1382,442,1462,527,754,320
00011986.jpg,1382,442,1462,527,761,312
00011987.jpg,1395,445,1481,543,762,304
00011988.jpg,1395,445,1481,543,767,288
00011989.jpg,1402,447,1488,545,771,277
00011990.jpg,1407,448,1493,546,765,262
00011991.jpg,1407,448,1493,546,763,261
00011992.jpg,1419,450,1507,539,745,254
00011993.jpg,1419,450,1507,539,737,242
00011994.jpg,1421,449,1509,538,721,236
00011995.jpg,1423,448,1511,537,709,226
00011996.jpg,1423,448,1511,537,707,229
00011997.jpg,1423,446,1511,535,705,249
00011998.jpg,1422,442,1510,531,691,252
00011999.jpg,1420,437,1508,526,673,260
00012000.jpg,1417,432,1505,521,663,264
00012001.jpg,1417,432,1505,521,653,261
00012002.jpg,1415,428,1503,517,639,272
00012003.jpg,1418,427,1504,521,611,277
00012004.jpg,1418,427,1504,521,593,285
00012005.jpg,1415,424,1501,518,559,290
00012006.jpg,1412,417,1496,504,541,294
00012007.jpg,1412,417,1496,504,522,286
00012008.jpg,1410,416,1494,503,505,264
00012009.jpg,1408,415,1492,502,475,262
00012010.jpg,1406,413,1490,500,462,248
00012011.jpg,1406,413,1490,500,451,246
00012012.jpg,1405,413,1489,500,439,237
00012013.jpg,1404,412,1488,499,417,213
00012014.jpg,1404,412,1488,499,401,208
00012015.jpg,1405,413,1489,500,394,209
00012016.jpg,1405,413,1489,500,390,208
00012017.jpg,1407,414,1491,501,387,208
00012018.jpg,1411,414,1495,501,383,216
00012019.jpg,1415,415,1499,502,-1,-1
00012020.jpg,1419,415,1503,502,-1,-1
00012021.jpg,1419,415,1503,502,-1,-1
00012022.jpg,1423,410,1510,509,-1,-1
00012023.jpg,1423,410,1510,509,-1,-1
00012024.jpg,1425,409,1512,508,-1,-1
00012025.jpg,1427,409,1514,508,-1,-1
00012026.jpg,1427,409,1514,508,-1,-1
00012027.jpg,1429,409,1516,508,-1,-1
00012028.jpg,1432,408,1519,507,-1,-1
00012029.jpg,1434,407,1521,506,-1,-1
00012030.jpg,1436,406,1523,505,-1,-1
00012031.jpg,1436,406,1523,505,-1,-1
00012032.jpg,1437,405,1524,504,-1,-1
00012033.jpg,1438,404,1525,503,-1,-1
00012034.jpg,1437,403,1524,502,-1,-1
00012035.jpg,1437,402,1524,501,-1,-1
00012036.jpg,1437,402,1524,501,-1,-1
00012037.jpg,1435,400,1522,499,-1,-1
00012038.jpg,1433,398,1520,497,-1,-1
00012039.jpg,1431,395,1518,494,1171,684
00012040.jpg,1428,391,1515,490,1171,684
00012041.jpg,1432,392,1528,494,1171,684
00012042.jpg,1432,392,1528,494,1171,684
00012043.jpg,1427,390,1523,492,1170,684
00012044.jpg,1421,389,1517,491,1169,684
00012045.jpg,1414,388,1510,490,1158,680
00012046.jpg,1414,388,1510,490,1153,680
00012047.jpg,1397,390,1494,495,1153,680
00012048.jpg,1397,390,1494,495,1149,681
00012049.jpg,1390,392,1487,497,1147,684
00012050.jpg,1384,394,1481,499,1145,685
00012051.jpg,1384,394,1481,499,1142,685
00012052.jpg,1377,396,1474,501,1141,685
00012053.jpg,1369,397,1466,502,1137,686
00012054.jpg,1361,398,1458,503,1127,686
00012055.jpg,1353,398,1450,503,1119,686
00012056.jpg,1353,398,1450,503,1119,686
00012057.jpg,1345,396,1442,501,1113,686
00012058.jpg,1336,394,1433,499,1109,686
00012059.jpg,1328,392,1425,497,1107,685
00012060.jpg,1320,390,1417,495,1102,682
00012061.jpg,1320,390,1417,495,1098,682
00012062.jpg,1318,389,1415,494,1098,685
00012063.jpg,1314,387,1411,492,1098,685
00012064.jpg,1311,386,1408,491,1098,686
00012065.jpg,1308,385,1405,490,1098,686
00012066.jpg,1308,385,1405,490,1098,686
00012067.jpg,1307,384,1404,489,1098,686
00012068.jpg,1307,383,1404,488,1097,686
00012069.jpg,1307,382,1404,487,1094,686
00012070.jpg,1307,381,1404,486,1090,686
00012071.jpg,1307,381,1404,486,1089,686
00012072.jpg,1307,382,1404,487,1085,686
00012073.jpg,1309,384,1406,489,1081,686
00012074.jpg,1309,385,1406,490,1081,686
00012075.jpg,1310,386,1407,491,1081,686
00012076.jpg,1310,386,1407,491,1081,686
00012077.jpg,1309,385,1406,490,1081,686
00012078.jpg,1308,384,1405,489,1079,686
00012079.jpg,1307,381,1404,486,1079,686
00012080.jpg,1304,378,1401,483,1079,686
00012081.jpg,1304,378,1401,483,1062,678
00012082.jpg,1299,379,1396,493,-1,-1
00012083.jpg,1299,379,1396,493,-1,-1
00012084.jpg,1293,377,1390,491,-1,-1
00012085.jpg,1286,376,1383,490,-1,-1
00012086.jpg,1286,376,1383,490,-1,-1
00012087.jpg,1278,374,1375,488,-1,-1
00012088.jpg,1269,373,1366,487,-1,-1
00012089.jpg,1258,372,1355,486,-1,-1
00012090.jpg,1244,370,1341,484,-1,-1
00012091.jpg,1244,370,1341,484,-1,-1
00012092.jpg,1230,370,1327,484,-1,-1
00012093.jpg,1216,369,1313,483,-1,-1
00012094.jpg,1203,368,1300,482,-1,-1
00012095.jpg,1192,367,1289,481,-1,-1
00012096.jpg,1192,367,1289,481,-1,-1
00012097.jpg,1183,366,1280,480,-1,-1
00012098.jpg,1175,364,1272,478,-1,-1
00012099.jpg,1169,362,1266,476,-1,-1
00012100.jpg,1165,359,1262,473,-1,-1
00012101.jpg,1165,359,1262,473,-1,-1
00012102.jpg,1162,357,1259,471,-1,-1
00012103.jpg,1162,354,1259,468,-1,-1
00012104.jpg,1164,352,1261,466,-1,-1
00012105.jpg,1166,349,1263,463,-1,-1
00012106.jpg,1155,345,1276,476,-1,-1
00012107.jpg,1155,345,1276,476,-1,-1
00012108.jpg,1155,345,1276,476,-1,-1
