00003236.jpg,344,178,448,299,285,280
00003237.jpg,344,178,448,299,281,283
00003238.jpg,344,178,448,299,278,283
00003239.jpg,342,181,443,292,278,283
00003240.jpg,342,181,443,292,275,282
00003241.jpg,338,180,439,291,268,280
00003242.jpg,336,180,437,291,263,281
00003243.jpg,332,183,440,296,258,281
00003244.jpg,332,183,440,296,256,281
00003245.jpg,330,182,438,295,254,280
00003246.jpg,328,181,436,294,251,280
00003247.jpg,327,181,435,294,248,279
00003248.jpg,328,190,434,291,248,279
00003249.jpg,328,190,434,291,247,279
00003250.jpg,325,182,431,292,247,279
00003251.jpg,325,182,431,292,247,279
00003252.jpg,324,182,430,292,247,279
00003253.jpg,323,182,429,292,248,279
00003254.jpg,321,182,427,292,251,280
00003255.jpg,321,182,427,292,251,280
00003256.jpg,319,182,425,292,251,280
00003257.jpg,319,182,425,292,253,281
00003258.jpg,319,182,425,292,255,282
00003259.jpg,321,181,427,291,258,284
00003260.jpg,319,181,425,291,263,287
00003261.jpg,317,181,423,291,266,287
00003262.jpg,315,180,421,290,68,283
00003263.jpg,313,180,419,290,69,284
00003264.jpg,301,181,416,291,62,285
00003265.jpg,301,181,416,291,63,286
00003266.jpg,301,181,416,291,60,286
00003267.jpg,300,181,415,291,54,290
00003268.jpg,299,181,414,291,55,289
00003269.jpg,298,181,413,291,51,288
00003270.jpg,297,179,412,289,50,288
00003271.jpg,296,179,411,289,48,291
00003272.jpg,295,178,410,288,50,290
00003273.jpg,293,178,408,288,48,289
00003274.jpg,292,178,407,288,48,288
00003275.jpg,292,181,407,291,48,289
00003276.jpg,292,180,407,290,48,290
00003277.jpg,291,169,407,298,48,292
00003278.jpg,291,169,407,298,51,292
00003279.jpg,292,169,408,298,50,291
00003280.jpg,294,169,410,298,46,288
00003281.jpg,296,169,412,298,51,290
00003282.jpg,298,169,414,298,48,290
00003283.jpg,300,169,416,298,50,291
00003284.jpg,302,169,418,298,57,293
00003285.jpg,304,169,420,298,58,294
00003286.jpg,305,169,421,298,61,295
00003287.jpg,306,169,422,298,61,298
00003288.jpg,306,169,422,298,65,299
00003289.jpg,307,169,423,298,67,300
00003290.jpg,308,169,424,298,69,301
00003291.jpg,309,169,425,298,70,302
00003292.jpg,309,170,425,299,70,304
00003293.jpg,310,170,426,299,70,305
00003294.jpg,310,170,426,299,72,306
00003295.jpg,312,170,428,299,74,307
00003296.jpg,313,170,429,299,276,287
00003297.jpg,314,171,430,300,72,307
00003298.jpg,315,171,431,300,72,309
00003299.jpg,316,172,432,301,212,270
00003300.jpg,317,173,433,302,213,271
00003301.jpg,319,173,435,302,214,272
00003302.jpg,320,174,436,303,212,272
00003303.jpg,322,174,438,303,214,272
00003304.jpg,323,175,439,304,216,272
00003305.jpg,324,175,440,304,220,273
00003306.jpg,326,176,442,305,223,273
00003307.jpg,328,176,444,305,228,273
00003308.jpg,329,177,445,306,227,272
00003309.jpg,330,177,446,306,225,273
00003310.jpg,322,184,431,305,225,274
00003311.jpg,322,184,431,305,228,274
00003312.jpg,323,184,432,305,229,274
00003313.jpg,323,186,432,307,230,274
00003314.jpg,324,186,433,307,230,274
00003315.jpg,324,186,433,307,230,273
00003316.jpg,322,187,431,308,228,275
00003317.jpg,318,188,427,309,228,274
00003318.jpg,318,187,427,308,228,274
00003319.jpg,318,187,427,308,227,273
00003320.jpg,317,187,426,308,224,273
00003321.jpg,315,187,424,308,224,273
00003322.jpg,313,186,422,307,224,273
00003323.jpg,312,186,421,307,224,273
00003324.jpg,315,185,424,306,224,273
00003325.jpg,317,185,426,306,222,274
00003326.jpg,316,185,425,306,222,274
00003327.jpg,316,185,425,306,220,273
