00013800.jpg,813,111,1017,339,-1,-1
00013801.jpg,813,111,1017,339,-1,-1
00013802.jpg,812,113,1016,341,-1,-1
00013803.jpg,810,115,1014,343,-1,-1
00013804.jpg,808,117,1012,345,-1,-1
00013805.jpg,805,119,1009,347,-1,-1
00013806.jpg,803,120,1007,348,-1,-1
00013807.jpg,800,122,1004,350,-1,-1
00013808.jpg,798,123,1002,351,-1,-1
00013809.jpg,797,123,1001,351,-1,-1
00013810.jpg,797,122,1001,350,-1,-1
00013811.jpg,798,119,1002,347,-1,-1
00013812.jpg,801,116,1005,344,-1,-1
00013813.jpg,805,113,1009,341,-1,-1
00013814.jpg,810,110,1014,338,-1,-1
00013815.jpg,815,108,1019,336,-1,-1
00013816.jpg,819,107,1023,335,-1,-1
00013817.jpg,823,105,1027,333,677,397
00013818.jpg,829,105,1033,333,688,394
00013819.jpg,835,103,1039,331,716,389
00013820.jpg,843,102,1047,330,572,411
00013821.jpg,849,101,1053,329,576,411
00013822.jpg,853,100,1057,328,575,411
00013823.jpg,853,99,1057,327,576,409
00013824.jpg,853,99,1057,327,577,409
00013825.jpg,853,99,1057,327,577,409
