00016027.jpg,421,31,684,324,-1,-1
00016028.jpg,421,31,684,324,-1,-1
00016029.jpg,421,31,684,324,-1,-1
00016030.jpg,421,31,684,324,-1,-1
00016031.jpg,423,31,686,324,-1,-1
00016032.jpg,426,31,689,324,-1,-1
00016033.jpg,429,30,692,323,-1,-1
00016034.jpg,432,30,695,323,-1,-1
00016035.jpg,435,30,698,323,-1,-1
00016036.jpg,437,30,700,323,-1,-1
00016037.jpg,439,32,702,325,-1,-1
00016038.jpg,440,33,703,326,-1,-1
00016039.jpg,442,36,705,329,-1,-1
00016040.jpg,444,39,707,332,-1,-1
00016041.jpg,448,45,711,338,-1,-1
00016042.jpg,453,50,716,343,-1,-1
00016043.jpg,460,57,723,350,439,711
00016044.jpg,468,64,731,357,576,564
00016045.jpg,477,70,740,363,577,564
00016046.jpg,487,75,750,368,659,631
00016047.jpg,496,77,759,370,659,636
00016048.jpg,505,79,768,372,661,642
00016049.jpg,511,81,774,374,663,643
00016050.jpg,511,81,774,374,666,644
