00004933.jpg,141,20,299,206,-1,-1
00004934.jpg,141,20,299,206,-1,-1
00004935.jpg,141,20,299,206,-1,-1
00004936.jpg,141,20,299,206,-1,-1
00004937.jpg,141,20,299,206,-1,-1
00004938.jpg,141,20,299,206,420,94
00004939.jpg,141,20,299,206,420,94
00004940.jpg,141,20,299,206,418,92
00004941.jpg,141,20,299,206,416,92
00004942.jpg,141,19,299,205,417,90
00004943.jpg,142,19,300,205,416,90
00004944.jpg,142,19,300,205,416,90
00004945.jpg,142,19,300,205,415,92
00004946.jpg,142,20,300,206,-1,-1
00004947.jpg,143,20,301,206,-1,-1
00004948.jpg,144,20,302,206,-1,-1
00004949.jpg,144,19,302,205,-1,-1
00004950.jpg,145,19,303,205,-1,-1
00004951.jpg,145,19,303,205,-1,-1
00004952.jpg,146,18,304,204,-1,-1
00004953.jpg,146,18,304,204,-1,-1
