00004933.jpg,394,5,562,187,-1,-1
00004934.jpg,394,5,562,187,-1,-1
00004935.jpg,394,5,562,187,-1,-1
00004936.jpg,394,5,562,187,-1,-1
00004937.jpg,393,5,561,187,-1,-1
00004938.jpg,391,5,559,187,-1,-1
00004939.jpg,389,5,557,187,-1,-1
00004940.jpg,387,5,555,187,-1,-1
00004941.jpg,386,5,554,187,-1,-1
00004942.jpg,386,4,554,186,-1,-1
00004943.jpg,385,4,553,186,-1,-1
00004944.jpg,385,3,553,185,-1,-1
00004945.jpg,385,4,553,186,-1,-1
00004946.jpg,385,4,553,186,-1,-1
00004947.jpg,384,5,552,187,-1,-1
00004948.jpg,385,5,553,187,-1,-1
00004949.jpg,390,5,558,187,-1,-1
00004950.jpg,391,6,559,188,-1,-1
00004951.jpg,390,6,558,188,-1,-1
00004952.jpg,392,7,560,189,-1,-1
00004953.jpg,392,7,560,189,-1,-1
