00000083.jpg,465,50,584,203,450,263
00000084.jpg,465,50,584,203,455,263
00000085.jpg,465,50,584,203,466,265
00000086.jpg,469,52,588,205,472,264
00000087.jpg,475,59,608,216,477,263
00000088.jpg,475,59,608,216,484,263
00000089.jpg,482,63,615,220,487,263
00000090.jpg,491,68,624,225,490,266
00000091.jpg,502,65,635,222,491,266
00000092.jpg,512,74,640,235,502,267
00000093.jpg,512,74,640,235,514,272
00000094.jpg,523,77,651,238,537,273
00000095.jpg,534,81,662,242,554,277
00000096.jpg,544,85,672,246,576,276
00000097.jpg,553,83,691,244,593,272
00000098.jpg,553,83,691,244,615,268
00000099.jpg,559,85,697,246,631,262
00000100.jpg,564,86,702,247,648,257
00000101.jpg,569,91,707,261,666,250
00000102.jpg,569,91,707,261,670,246
00000103.jpg,572,95,710,265,683,239
00000104.jpg,580,101,738,270,689,229
00000105.jpg,580,101,738,270,704,223
00000106.jpg,574,107,729,282,704,223
00000107.jpg,574,107,729,282,708,226
00000108.jpg,571,110,726,285,702,227
00000109.jpg,567,113,722,288,693,229
00000110.jpg,561,114,716,289,692,229
00000111.jpg,552,115,707,290,693,229
00000112.jpg,545,117,700,292,693,222
00000113.jpg,539,119,694,294,698,222
00000114.jpg,534,121,689,296,704,222
00000115.jpg,531,125,686,300,719,219
00000116.jpg,530,133,690,315,727,219
00000117.jpg,530,133,690,315,747,212
00000118.jpg,520,137,677,324,756,210
00000119.jpg,520,137,677,324,769,209
00000120.jpg,517,138,674,325,779,209
00000121.jpg,512,139,669,326,784,210
00000122.jpg,507,140,664,327,800,210
00000123.jpg,494,143,651,331,812,209
00000124.jpg,494,143,651,331,816,209
00000125.jpg,485,145,642,327,822,209
00000126.jpg,473,145,638,321,832,208
00000127.jpg,473,145,638,321,836,205
00000128.jpg,469,142,634,318,838,207
00000129.jpg,465,141,630,317,839,206
00000130.jpg,460,138,625,314,841,207
00000131.jpg,456,136,621,312,844,207
00000132.jpg,452,133,617,309,814,222
00000133.jpg,450,131,615,307,796,225
00000134.jpg,448,128,613,304,799,225
00000135.jpg,448,126,613,302,1222,233
00000136.jpg,449,123,614,299,1222,230
00000137.jpg,451,120,616,296,1220,228
00000138.jpg,455,117,620,293,1220,228
00000139.jpg,459,112,624,288,1219,227
00000140.jpg,464,108,629,284,1219,227
00000141.jpg,469,103,634,279,1219,226
00000142.jpg,473,97,638,273,1219,224
00000143.jpg,475,92,647,278,1219,224
00000144.jpg,475,92,647,278,1219,224
00000145.jpg,474,88,646,274,1212,220
00000146.jpg,473,84,645,270,1209,220
00000147.jpg,470,80,642,266,1203,219
00000148.jpg,467,78,639,264,1198,219
00000149.jpg,467,78,639,264,1189,219
