00044220.jpg,88,56,221,187,269,87
00044221.jpg,88,56,221,187,269,87
00044222.jpg,88,56,221,187,269,87
00044223.jpg,88,56,221,187,269,87
00044224.jpg,88,56,221,187,269,87
00044225.jpg,88,56,221,187,269,87
00044226.jpg,88,56,221,187,266,89
00044227.jpg,87,56,220,187,266,89
00044228.jpg,87,56,220,187,265,87
00044229.jpg,87,56,220,187,263,88
00044230.jpg,87,56,220,187,448,60
00044231.jpg,87,56,220,187,448,60
00044232.jpg,87,56,220,187,448,60
00044233.jpg,87,56,220,187,448,60
00044234.jpg,86,53,222,185,448,60
00044235.jpg,86,53,222,185,448,60
00044236.jpg,86,53,222,185,448,60
00044237.jpg,81,55,220,184,448,60
00044238.jpg,81,55,220,184,448,60
00044239.jpg,81,55,220,184,448,60
00044240.jpg,81,55,220,184,508,109
00044241.jpg,80,55,219,184,509,108
00044242.jpg,81,55,220,184,511,107
00044243.jpg,81,55,220,184,512,107
00044244.jpg,81,55,220,184,513,107
00044245.jpg,81,55,220,184,514,106
00044246.jpg,81,55,220,184,516,106
00044247.jpg,81,55,220,184,518,109
00044248.jpg,81,55,220,184,518,109
00044249.jpg,81,55,220,184,518,109
00044250.jpg,81,55,220,184,518,109
00044251.jpg,75,55,217,190,520,111
00044252.jpg,69,56,215,196,520,111
00044253.jpg,69,56,215,196,520,110
00044254.jpg,69,56,215,196,519,109
00044255.jpg,69,56,215,196,519,109
00044256.jpg,69,56,215,196,517,109
00044257.jpg,69,56,215,196,516,109
00044258.jpg,69,56,215,196,516,109
00044259.jpg,69,56,215,196,516,109
00044260.jpg,69,56,215,196,514,108
00044261.jpg,69,56,215,196,513,109
00044262.jpg,70,56,216,196,513,109
00044263.jpg,69,56,215,196,510,107
00044264.jpg,69,56,215,196,510,107
00044265.jpg,69,56,215,196,511,107
00044266.jpg,69,56,215,196,511,107
00044267.jpg,69,56,215,196,512,105
00044268.jpg,69,56,215,196,512,105
00044269.jpg,69,56,215,196,512,104
00044270.jpg,69,56,215,196,512,103
00044271.jpg,69,56,215,196,512,102
00044272.jpg,69,56,215,196,512,102
00044273.jpg,69,56,215,196,512,102
00044274.jpg,69,56,215,196,512,102
00044275.jpg,69,56,215,196,512,102
00044276.jpg,69,56,215,196,512,102
00044277.jpg,69,56,215,196,512,102
00044278.jpg,69,56,215,196,512,102
00044279.jpg,69,56,215,196,512,102
00044280.jpg,69,56,215,196,512,103
00044281.jpg,69,56,215,196,509,108
00044282.jpg,69,56,215,196,508,111
00044283.jpg,69,56,215,196,507,113
00044284.jpg,69,56,215,196,509,116
00044285.jpg,69,56,215,196,506,118
00044286.jpg,69,56,215,196,506,118
00044287.jpg,69,56,215,196,503,119
00044288.jpg,69,56,215,196,504,119
00044289.jpg,69,56,215,196,504,119
00044290.jpg,69,56,215,196,504,119
00044291.jpg,69,56,215,196,504,119
00044292.jpg,69,56,215,196,504,117
00044293.jpg,69,56,215,196,505,115
00044294.jpg,69,56,215,196,505,113
00044295.jpg,69,56,215,196,507,111
00044296.jpg,69,56,215,196,509,109
00044297.jpg,69,56,215,196,509,109
00044298.jpg,69,56,215,196,510,108
00044299.jpg,69,56,215,196,511,105
00044300.jpg,69,56,215,196,509,107
00044301.jpg,69,56,215,196,509,107
00044302.jpg,69,56,215,196,509,107
00044303.jpg,69,56,215,196,508,108
00044304.jpg,69,56,215,196,507,108
00044305.jpg,69,56,215,196,505,109
00044306.jpg,69,56,215,196,505,109
00044307.jpg,69,56,215,196,505,110
00044308.jpg,69,56,215,196,505,110
00044309.jpg,69,56,215,196,504,109
00044310.jpg,69,56,215,196,506,108
00044311.jpg,69,56,215,196,508,107
00044312.jpg,69,56,215,196,511,105
00044313.jpg,69,56,215,196,512,103
00044314.jpg,69,56,215,196,512,103
00044315.jpg,69,56,215,196,511,102
00044316.jpg,69,56,215,196,511,103
00044317.jpg,69,56,215,196,511,103
00044318.jpg,69,56,215,196,508,105
00044319.jpg,69,56,215,196,506,107
00044320.jpg,69,56,215,196,504,110
00044321.jpg,69,56,215,196,502,111
00044322.jpg,69,56,215,196,502,111
00044323.jpg,69,56,215,196,502,111
00044324.jpg,69,56,215,196,502,111
00044325.jpg,69,56,215,196,502,111
00044326.jpg,69,56,215,196,502,111
00044327.jpg,69,56,215,196,502,111
00044328.jpg,69,56,215,196,502,111
00044329.jpg,69,56,215,196,502,111
00044330.jpg,69,56,215,196,502,111
00044331.jpg,69,56,215,196,502,111
00044332.jpg,69,56,215,196,504,111
00044333.jpg,69,56,215,196,506,112
00044334.jpg,69,56,215,196,505,111
00044335.jpg,69,56,215,196,504,112
00044336.jpg,69,56,215,196,508,113
00044337.jpg,69,56,215,196,508,113
00044338.jpg,69,56,215,196,508,113
00044339.jpg,69,56,215,196,508,113
00044340.jpg,69,56,215,196,510,117
00044341.jpg,69,56,215,196,510,117
00044342.jpg,69,56,215,196,510,117
00044343.jpg,69,56,215,196,510,117
00044344.jpg,69,56,215,196,510,117
00044345.jpg,69,56,215,196,510,117
00044346.jpg,69,56,215,196,510,117
00044347.jpg,69,56,215,196,510,117
00044348.jpg,69,56,215,196,511,123
00044349.jpg,69,56,215,196,510,123
00044350.jpg,69,56,215,196,510,124
00044351.jpg,69,56,215,196,506,127
00044352.jpg,69,56,215,196,506,130
00044353.jpg,69,56,215,196,502,131
00044354.jpg,69,56,215,196,502,131
00044355.jpg,69,56,215,196,502,131
00044356.jpg,69,56,215,196,502,131
00044357.jpg,69,56,215,196,502,131
00044358.jpg,69,56,215,196,502,131
00044359.jpg,69,56,215,196,502,132
00044360.jpg,69,56,215,196,502,131
00044361.jpg,69,56,215,196,502,131
00044362.jpg,69,56,215,196,502,131
00044363.jpg,69,56,215,196,502,131
00044364.jpg,69,56,215,196,502,131
