00044220.jpg,226,45,311,134,193,123
00044221.jpg,226,45,311,134,193,123
00044222.jpg,226,45,311,134,193,123
00044223.jpg,226,45,311,134,193,123
00044224.jpg,225,45,310,134,193,123
00044225.jpg,224,45,309,134,193,123
00044226.jpg,224,45,309,134,193,123
00044227.jpg,223,45,308,134,193,123
00044228.jpg,222,45,307,134,193,123
00044229.jpg,221,46,306,135,193,123
00044230.jpg,221,46,306,135,193,123
00044231.jpg,221,46,306,135,193,123
00044232.jpg,220,46,305,135,192,123
00044233.jpg,221,46,306,135,-1,-1
00044234.jpg,221,46,306,135,-1,-1
00044235.jpg,222,46,307,135,-1,-1
00044236.jpg,222,46,307,135,503,116
00044237.jpg,223,45,308,134,506,114
00044238.jpg,223,45,308,134,508,110
00044239.jpg,223,45,308,134,509,110
00044240.jpg,223,45,308,134,511,108
00044241.jpg,223,45,308,134,512,107
00044242.jpg,223,45,308,134,514,106
00044243.jpg,223,45,308,134,515,106
00044244.jpg,224,45,309,134,515,106
00044245.jpg,224,46,309,135,517,106
00044246.jpg,224,46,309,135,518,106
00044247.jpg,225,46,310,135,520,108
00044248.jpg,225,46,310,135,520,109
00044249.jpg,226,46,311,135,521,109
00044250.jpg,226,46,311,135,521,109
00044251.jpg,226,46,311,135,520,109
00044252.jpg,227,46,312,135,520,109
00044253.jpg,227,46,312,135,520,109
00044254.jpg,227,45,312,134,520,109
00044255.jpg,228,45,313,134,517,108
00044256.jpg,228,45,313,134,518,109
00044257.jpg,228,45,313,134,517,109
00044258.jpg,228,45,313,134,515,109
00044259.jpg,229,45,314,134,515,108
00044260.jpg,229,45,314,134,514,108
00044261.jpg,229,46,314,135,514,108
00044262.jpg,229,46,314,135,514,108
00044263.jpg,229,46,314,135,512,107
00044264.jpg,229,46,314,135,512,107
00044265.jpg,229,46,314,135,512,106
00044266.jpg,229,46,314,135,512,106
00044267.jpg,229,46,314,135,512,106
00044268.jpg,229,46,314,135,512,105
00044269.jpg,229,46,314,135,512,105
00044270.jpg,229,46,314,135,512,104
00044271.jpg,229,46,314,135,512,104
00044272.jpg,229,46,314,135,513,104
00044273.jpg,229,46,314,135,513,104
00044274.jpg,229,46,314,135,513,104
00044275.jpg,229,46,314,135,513,104
00044276.jpg,229,46,314,135,513,104
00044277.jpg,229,46,314,135,512,104
00044278.jpg,229,46,314,135,509,108
00044279.jpg,229,46,314,135,510,106
00044280.jpg,229,46,314,135,510,106
00044281.jpg,229,46,314,135,508,108
00044282.jpg,229,46,314,135,508,110
00044283.jpg,229,46,314,135,508,113
00044284.jpg,229,46,314,135,508,115
00044285.jpg,229,46,314,135,507,118
00044286.jpg,229,46,314,135,506,118
00044287.jpg,229,46,314,135,505,120
00044288.jpg,229,46,314,135,503,120
00044289.jpg,229,46,314,135,504,120
00044290.jpg,229,46,314,135,504,119
00044291.jpg,229,46,314,135,504,119
00044292.jpg,229,46,314,135,505,118
00044293.jpg,229,46,314,135,507,114
00044294.jpg,229,46,314,135,506,114
00044295.jpg,229,46,314,135,508,111
00044296.jpg,229,46,314,135,509,108
00044297.jpg,229,46,314,135,510,108
00044298.jpg,229,46,314,135,511,108
00044299.jpg,229,46,314,135,512,107
00044300.jpg,229,46,314,135,512,107
00044301.jpg,229,46,314,135,513,107
00044302.jpg,229,46,314,135,512,106
00044303.jpg,229,46,314,135,512,106
00044304.jpg,229,46,314,135,510,108
00044305.jpg,229,46,314,135,510,110
00044306.jpg,229,46,314,135,509,112
00044307.jpg,229,46,314,135,508,112
00044308.jpg,229,46,314,135,507,109
00044309.jpg,229,46,314,135,507,108
00044310.jpg,229,46,314,135,508,106
00044311.jpg,229,46,314,135,512,105
00044312.jpg,229,46,314,135,513,104
00044313.jpg,229,46,314,135,514,104
00044314.jpg,229,46,314,135,514,104
00044315.jpg,229,46,314,135,513,104
00044316.jpg,228,46,313,135,510,104
00044317.jpg,228,46,313,135,509,105
00044318.jpg,228,46,313,135,508,107
00044319.jpg,228,46,313,135,507,109
00044320.jpg,228,46,313,135,504,112
00044321.jpg,228,46,313,135,504,112
00044322.jpg,228,46,313,135,504,112
00044323.jpg,228,46,313,135,504,112
00044324.jpg,228,46,313,135,504,112
00044325.jpg,228,46,313,135,504,112
00044326.jpg,228,46,313,135,505,112
00044327.jpg,228,46,313,135,504,110
00044328.jpg,228,46,313,135,504,111
00044329.jpg,227,46,312,135,504,112
00044330.jpg,228,46,313,135,-1,-1
00044331.jpg,228,46,313,135,-1,-1
00044332.jpg,228,45,313,134,-1,-1
00044333.jpg,227,45,312,134,190,139
00044334.jpg,226,44,311,133,190,139
00044335.jpg,226,44,311,133,-1,-1
00044336.jpg,226,44,311,133,-1,-1
00044337.jpg,226,44,311,133,-1,-1
00044338.jpg,226,44,311,133,-1,-1
00044339.jpg,226,44,311,133,-1,-1
00044340.jpg,226,44,311,133,-1,-1
00044341.jpg,227,43,312,132,-1,-1
00044342.jpg,227,43,312,132,-1,-1
00044343.jpg,227,43,312,132,-1,-1
00044344.jpg,227,43,312,132,-1,-1
00044345.jpg,227,43,312,132,-1,-1
00044346.jpg,227,43,312,132,-1,-1
00044347.jpg,227,43,312,132,-1,-1
00044348.jpg,228,43,313,132,-1,-1
00044349.jpg,228,43,313,132,-1,-1
00044350.jpg,228,43,313,132,-1,-1
00044351.jpg,228,43,313,132,-1,-1
00044352.jpg,227,44,312,133,-1,-1
00044353.jpg,228,44,313,133,-1,-1
00044354.jpg,228,44,313,133,-1,-1
00044355.jpg,228,44,313,133,-1,-1
00044356.jpg,227,44,312,133,-1,-1
00044357.jpg,228,44,313,133,-1,-1
00044358.jpg,228,43,313,132,-1,-1
00044359.jpg,228,43,313,132,-1,-1
00044360.jpg,228,43,313,132,-1,-1
00044361.jpg,228,43,313,132,-1,-1
00044362.jpg,228,43,313,132,-1,-1
00044363.jpg,228,43,313,132,-1,-1
00044364.jpg,228,43,313,132,-1,-1
