00044220.jpg,423,20,498,103,194,122
00044221.jpg,423,20,498,103,194,122
00044222.jpg,423,20,498,103,194,122
00044223.jpg,423,20,498,103,194,122
00044224.jpg,423,20,498,103,-1,-1
00044225.jpg,423,20,498,103,-1,-1
00044226.jpg,423,20,498,103,-1,-1
00044227.jpg,423,20,498,103,-1,-1
00044228.jpg,423,20,498,103,-1,-1
00044229.jpg,423,20,498,103,-1,-1
00044230.jpg,423,20,498,103,-1,-1
00044231.jpg,423,20,498,103,-1,-1
00044232.jpg,423,20,498,103,-1,-1
00044233.jpg,423,20,498,103,-1,-1
00044234.jpg,423,20,498,103,-1,-1
00044235.jpg,423,20,498,103,-1,-1
00044236.jpg,423,20,498,103,-1,-1
00044237.jpg,423,21,498,104,-1,-1
00044238.jpg,423,21,498,104,-1,-1
00044239.jpg,423,21,498,104,-1,-1
00044240.jpg,423,20,498,103,-1,-1
00044241.jpg,423,20,498,103,-1,-1
00044242.jpg,423,20,498,103,-1,-1
00044243.jpg,423,20,498,103,-1,-1
00044244.jpg,423,21,498,104,-1,-1
00044245.jpg,423,21,498,104,181,124
00044246.jpg,423,21,498,104,181,124
00044247.jpg,423,21,498,104,181,124
00044248.jpg,423,21,498,104,181,124
00044249.jpg,423,21,498,104,181,124
00044250.jpg,423,21,498,104,181,124
00044251.jpg,422,21,497,104,181,124
00044252.jpg,422,21,497,104,181,124
00044253.jpg,422,21,497,104,181,124
00044254.jpg,422,21,497,104,181,124
00044255.jpg,422,21,497,104,181,124
00044256.jpg,422,21,497,104,-1,-1
00044257.jpg,422,21,497,104,-1,-1
00044258.jpg,422,21,497,104,516,108
00044259.jpg,422,21,497,104,516,108
00044260.jpg,422,21,497,104,516,108
00044261.jpg,422,21,497,104,516,108
00044262.jpg,422,21,497,104,514,107
00044263.jpg,422,21,497,104,515,108
00044264.jpg,422,21,497,104,514,106
00044265.jpg,422,21,497,104,512,106
00044266.jpg,422,21,497,104,514,106
00044267.jpg,422,21,497,104,513,105
00044268.jpg,422,21,497,104,514,104
00044269.jpg,422,21,497,104,513,104
00044270.jpg,422,21,497,104,514,104
00044271.jpg,421,22,496,105,514,104
00044272.jpg,421,22,496,105,514,104
00044273.jpg,421,22,496,105,514,104
00044274.jpg,421,22,496,105,514,104
00044275.jpg,421,22,496,105,514,104
00044276.jpg,421,22,496,105,512,104
00044277.jpg,421,22,496,105,512,104
00044278.jpg,421,22,496,105,512,104
00044279.jpg,420,22,495,105,512,104
00044280.jpg,420,22,495,105,511,106
00044281.jpg,420,22,495,105,511,108
00044282.jpg,420,22,495,105,510,111
00044283.jpg,420,22,495,105,509,113
00044284.jpg,420,22,495,105,509,113
00044285.jpg,420,22,495,105,507,118
00044286.jpg,420,22,495,105,504,120
00044287.jpg,420,22,495,105,504,120
00044288.jpg,419,23,494,106,504,120
00044289.jpg,419,23,494,106,504,120
00044290.jpg,419,23,494,106,504,120
00044291.jpg,419,23,494,106,504,118
00044292.jpg,418,23,493,106,503,118
00044293.jpg,418,23,493,106,504,116
00044294.jpg,418,23,493,106,506,114
00044295.jpg,418,23,493,106,506,111
00044296.jpg,417,24,492,107,507,109
00044297.jpg,417,24,492,107,509,107
00044298.jpg,417,24,492,107,509,108
00044299.jpg,417,24,492,107,509,108
00044300.jpg,417,24,492,107,509,108
00044301.jpg,417,24,492,107,509,107
00044302.jpg,417,24,492,107,509,107
00044303.jpg,417,24,492,107,509,107
00044304.jpg,417,24,492,107,508,109
00044305.jpg,417,24,492,107,506,110
00044306.jpg,417,24,492,107,506,111
00044307.jpg,417,24,492,107,506,112
00044308.jpg,417,24,492,107,505,111
00044309.jpg,417,24,492,107,505,110
00044310.jpg,416,24,491,107,508,108
00044311.jpg,416,24,491,107,509,106
00044312.jpg,416,24,491,107,510,106
00044313.jpg,416,24,491,107,512,103
00044314.jpg,416,24,491,107,511,102
00044315.jpg,416,24,491,107,514,102
00044316.jpg,416,24,491,107,510,104
00044317.jpg,416,24,491,107,509,105
00044318.jpg,416,24,491,107,507,107
00044319.jpg,416,24,491,107,504,109
00044320.jpg,416,24,491,107,503,111
00044321.jpg,416,24,491,107,502,112
00044322.jpg,416,24,491,107,504,112
00044323.jpg,416,24,491,107,504,112
00044324.jpg,416,24,491,107,504,112
00044325.jpg,416,24,491,107,504,112
00044326.jpg,416,24,491,107,504,112
00044327.jpg,416,24,491,107,506,110
00044328.jpg,416,24,491,107,506,110
00044329.jpg,416,24,491,107,506,110
00044330.jpg,416,24,491,107,506,110
00044331.jpg,416,24,491,107,506,110
00044332.jpg,416,24,491,107,506,110
00044333.jpg,416,24,491,107,506,110
00044334.jpg,416,24,491,107,506,110
00044335.jpg,416,24,491,107,506,110
00044336.jpg,416,24,491,107,506,116
00044337.jpg,416,24,491,107,510,116
00044338.jpg,416,24,491,107,510,114
00044339.jpg,416,24,491,107,512,116
00044340.jpg,416,24,491,107,512,118
00044341.jpg,416,24,491,107,512,120
00044342.jpg,416,24,491,107,511,121
00044343.jpg,416,24,491,107,512,121
00044344.jpg,416,24,491,107,509,122
00044345.jpg,416,24,491,107,510,122
00044346.jpg,416,24,491,107,510,121
00044347.jpg,416,24,491,107,510,121
00044348.jpg,416,24,491,107,510,124
00044349.jpg,416,24,491,107,511,127
00044350.jpg,416,24,491,107,511,127
00044351.jpg,416,24,491,107,509,128
00044352.jpg,416,24,491,107,509,128
00044353.jpg,416,24,491,107,509,128
00044354.jpg,416,24,491,107,508,128
00044355.jpg,416,24,491,107,506,132
00044356.jpg,416,24,491,107,504,132
00044357.jpg,416,24,491,107,504,132
00044358.jpg,416,24,491,107,502,132
00044359.jpg,416,24,491,107,502,132
00044360.jpg,416,24,491,107,502,132
00044361.jpg,416,24,491,107,502,132
00044362.jpg,416,24,491,107,502,132
00044363.jpg,416,24,491,107,502,132
00044364.jpg,416,24,491,107,500,129
