00044220.jpg,502,44,614,161,192,121
00044221.jpg,502,44,614,161,192,121
00044222.jpg,501,45,613,162,192,121
00044223.jpg,499,48,611,165,192,121
00044224.jpg,496,50,608,167,192,121
00044225.jpg,493,52,605,169,192,121
00044226.jpg,491,53,603,170,192,121
00044227.jpg,488,55,600,172,192,121
00044228.jpg,486,56,598,173,192,121
00044229.jpg,485,57,597,174,191,121
00044230.jpg,484,58,596,175,190,121
00044231.jpg,483,59,595,176,190,121
00044232.jpg,484,59,596,176,190,121
00044233.jpg,484,58,596,175,190,121
00044234.jpg,485,58,597,175,190,121
00044235.jpg,486,57,598,174,190,121
00044236.jpg,488,56,600,173,190,121
00044237.jpg,490,55,602,172,187,121
00044238.jpg,491,54,603,171,187,121
00044239.jpg,493,53,605,170,187,121
00044240.jpg,495,52,607,169,187,121
00044241.jpg,498,50,610,167,187,121
00044242.jpg,500,49,612,166,186,121
00044243.jpg,500,49,612,166,186,121
00044244.jpg,501,48,613,165,186,121
00044245.jpg,501,49,613,166,181,121
00044246.jpg,502,49,614,166,181,121
00044247.jpg,502,49,614,166,181,121
00044248.jpg,505,50,617,167,181,121
00044249.jpg,505,50,617,167,181,121
00044250.jpg,503,49,615,166,181,121
00044251.jpg,503,50,615,167,181,121
00044252.jpg,502,50,614,167,181,121
00044253.jpg,502,50,614,167,181,121
00044254.jpg,502,50,614,167,182,122
00044255.jpg,501,50,613,167,182,122
00044256.jpg,501,50,613,167,183,124
00044257.jpg,500,50,612,167,184,126
00044258.jpg,500,50,612,167,184,126
00044259.jpg,499,50,611,167,184,126
00044260.jpg,499,49,611,166,184,126
00044261.jpg,499,49,611,166,184,126
00044262.jpg,499,49,611,166,184,126
00044263.jpg,499,49,611,166,184,126
00044264.jpg,499,49,611,166,184,126
00044265.jpg,499,49,611,166,188,126
00044266.jpg,499,49,611,166,188,126
00044267.jpg,500,48,612,165,188,126
00044268.jpg,500,48,612,165,188,126
00044269.jpg,501,48,613,165,188,126
00044270.jpg,501,48,613,165,188,126
00044271.jpg,501,48,613,165,188,126
00044272.jpg,501,47,613,164,188,126
00044273.jpg,501,47,613,164,188,126
00044274.jpg,501,46,613,163,188,126
00044275.jpg,500,46,612,163,188,126
00044276.jpg,500,46,612,163,188,126
00044277.jpg,498,46,610,163,188,126
00044278.jpg,497,47,609,164,188,126
00044279.jpg,495,48,607,165,188,126
00044280.jpg,495,49,607,166,188,126
00044281.jpg,494,50,606,167,188,126
00044282.jpg,493,51,605,168,188,126
00044283.jpg,493,51,605,168,188,126
00044284.jpg,492,52,604,169,188,126
00044285.jpg,491,53,603,170,188,126
00044286.jpg,490,54,602,171,188,126
00044287.jpg,489,54,601,171,188,126
00044288.jpg,489,54,601,171,188,126
00044289.jpg,489,54,601,171,188,126
00044290.jpg,489,54,601,171,188,126
00044291.jpg,489,54,601,171,188,126
00044292.jpg,489,53,601,170,188,126
00044293.jpg,490,53,602,170,188,126
00044294.jpg,491,52,603,169,188,126
00044295.jpg,492,51,604,168,188,126
00044296.jpg,493,50,605,167,188,126
00044297.jpg,493,50,605,167,188,126
00044298.jpg,493,50,605,167,188,126
00044299.jpg,493,50,605,167,188,126
00044300.jpg,493,50,605,167,188,126
00044301.jpg,493,50,605,167,188,126
00044302.jpg,493,50,605,167,188,126
00044303.jpg,492,51,604,168,188,126
00044304.jpg,492,51,604,168,188,126
00044305.jpg,492,51,604,168,188,126
00044306.jpg,492,52,604,169,188,126
00044307.jpg,492,52,604,169,188,126
00044308.jpg,492,52,604,169,188,126
00044309.jpg,492,52,604,169,188,126
00044310.jpg,492,51,604,168,188,126
00044311.jpg,493,51,605,168,188,126
00044312.jpg,494,50,606,167,188,126
00044313.jpg,495,49,607,166,188,126
00044314.jpg,496,48,608,165,188,126
00044315.jpg,496,48,608,165,188,126
00044316.jpg,495,48,607,165,188,126
00044317.jpg,494,49,606,166,188,126
00044318.jpg,493,49,605,166,188,126
00044319.jpg,492,50,604,167,188,126
00044320.jpg,490,52,602,169,188,126
00044321.jpg,489,52,601,169,188,126
00044322.jpg,488,52,600,169,188,126
00044323.jpg,488,52,600,169,188,126
00044324.jpg,489,52,601,169,188,126
00044325.jpg,490,52,602,169,188,126
00044326.jpg,490,52,602,169,188,126
00044327.jpg,489,53,601,170,188,126
00044328.jpg,489,53,601,170,188,126
00044329.jpg,489,52,601,169,188,126
00044330.jpg,490,52,602,169,188,126
00044331.jpg,491,51,603,168,188,126
00044332.jpg,492,51,604,168,-1,-1
00044333.jpg,492,50,599,168,-1,-1
00044334.jpg,492,50,599,168,-1,-1
00044335.jpg,492,50,599,168,-1,-1
00044336.jpg,493,50,600,168,-1,-1
00044337.jpg,494,50,601,168,300,284
00044338.jpg,494,49,606,168,300,284
00044339.jpg,494,49,606,168,300,284
00044340.jpg,495,49,607,168,300,284
00044341.jpg,495,50,607,169,300,284
00044342.jpg,497,50,609,169,300,284
00044343.jpg,498,50,610,169,300,284
00044344.jpg,497,51,609,170,300,284
00044345.jpg,495,53,607,172,300,284
00044346.jpg,495,53,607,172,300,284
00044347.jpg,496,53,609,178,300,284
00044348.jpg,496,53,609,178,300,284
00044349.jpg,496,53,609,178,300,284
00044350.jpg,495,54,608,179,300,284
00044351.jpg,494,55,607,180,300,284
00044352.jpg,493,57,606,182,300,284
00044353.jpg,492,58,605,183,300,284
00044354.jpg,491,58,604,183,300,284
00044355.jpg,490,58,603,183,300,284
00044356.jpg,488,59,601,184,300,284
00044357.jpg,488,58,601,183,300,284
00044358.jpg,487,59,600,184,300,284
00044359.jpg,487,59,600,184,300,284
00044360.jpg,486,60,599,185,300,284
00044361.jpg,485,61,598,186,300,284
00044362.jpg,485,61,598,186,300,284
00044363.jpg,485,59,598,184,300,284
00044364.jpg,485,59,598,184,300,284
