00018431.jpg,1555,37,1916,749,-1,-1
00018432.jpg,1555,37,1916,749,-1,-1
00018433.jpg,1555,37,1916,749,-1,-1
00018434.jpg,1555,37,1916,749,-1,-1
00018435.jpg,1556,37,1917,749,-1,-1
00018436.jpg,1556,37,1917,749,-1,-1
00018437.jpg,1556,39,1917,751,-1,-1
00018438.jpg,1554,41,1915,753,-1,-1
00018439.jpg,1615,47,1920,697,-1,-1
00018440.jpg,1615,47,1920,697,-1,-1
00018441.jpg,1615,47,1920,697,-1,-1
00018442.jpg,1613,51,1918,701,-1,-1
00018443.jpg,1610,55,1915,705,-1,-1
00018444.jpg,1611,60,1918,724,-1,-1
00018445.jpg,1611,60,1918,724,-1,-1
00018446.jpg,1611,60,1918,724,-1,-1
00018447.jpg,1606,62,1913,726,-1,-1
00018448.jpg,1620,70,1920,744,-1,-1
00018449.jpg,1620,70,1920,744,-1,-1
00018450.jpg,1614,72,1914,746,-1,-1
00018451.jpg,1619,70,1917,747,-1,-1
00018452.jpg,1619,70,1917,747,-1,-1
00018453.jpg,1585,77,1922,767,-1,-1
00018454.jpg,1585,77,1920,767,-1,-1
00018455.jpg,1578,79,1913,769,-1,-1
00018456.jpg,1578,79,1913,769,-1,-1
00018457.jpg,1572,78,1907,768,-1,-1
00018458.jpg,1547,88,1918,767,-1,-1
00018459.jpg,1547,88,1918,767,-1,-1
00018460.jpg,1498,98,1916,777,-1,-1
00018461.jpg,1498,98,1916,777,-1,-1
00018462.jpg,1493,95,1911,774,-1,-1
00018463.jpg,1464,105,1922,767,-1,-1
00018464.jpg,1464,105,1920,767,-1,-1
00018465.jpg,1457,105,1913,767,-1,-1
00018466.jpg,1457,105,1913,767,-1,-1
00018467.jpg,1422,101,1919,796,-1,-1
00018468.jpg,1422,101,1919,796,-1,-1
00018469.jpg,1415,101,1912,796,-1,-1
00018470.jpg,1364,76,1917,780,-1,-1
00018471.jpg,1364,76,1917,780,-1,-1
00018472.jpg,1354,72,1907,776,-1,-1
00018473.jpg,1339,70,1892,774,-1,-1
00018474.jpg,1338,83,1896,731,266,399
00018475.jpg,1321,65,1874,769,266,399
00018476.jpg,1321,65,1874,769,268,399
00018477.jpg,1319,62,1872,766,276,399
00018478.jpg,1314,62,1867,766,283,396
00018479.jpg,1314,62,1867,766,291,393
00018480.jpg,1314,62,1867,766,306,393
00018481.jpg,1314,62,1867,766,312,393
00018482.jpg,1316,60,1869,764,354,389
00018483.jpg,1317,60,1870,764,418,385
00018484.jpg,1318,61,1871,765,483,387
00018485.jpg,1320,64,1873,768,516,387
00018486.jpg,1320,64,1873,768,520,385
00018487.jpg,1321,69,1874,773,539,389
00018488.jpg,1321,72,1874,776,548,388
00018489.jpg,1323,70,1876,774,562,380
00018490.jpg,1324,67,1877,771,566,383
00018491.jpg,1324,67,1877,771,567,380
00018492.jpg,1326,61,1879,765,570,384
00018493.jpg,1326,60,1879,764,574,389
00018494.jpg,1329,62,1882,766,576,387
00018495.jpg,1330,62,1883,766,574,388
00018496.jpg,1330,62,1883,766,574,385
00018497.jpg,1330,65,1883,769,582,392
00018498.jpg,1328,75,1881,779,-1,-1
00018499.jpg,1329,76,1882,780,-1,-1
00018500.jpg,1331,65,1884,769,-1,-1
00018501.jpg,1331,65,1884,769,-1,-1
00018502.jpg,1335,59,1888,763,-1,-1
00018503.jpg,1342,55,1895,759,-1,-1
00018504.jpg,1358,52,1911,756,-1,-1
00018505.jpg,1367,52,1920,756,-1,-1
00018506.jpg,1367,52,1920,756,-1,-1
00018507.jpg,1367,57,1920,761,-1,-1
00018508.jpg,1367,63,1920,767,-1,-1
00018509.jpg,1367,69,1920,773,-1,-1
00018510.jpg,1367,76,1920,780,-1,-1
00018511.jpg,1367,76,1920,780,-1,-1
00018512.jpg,1367,84,1920,788,-1,-1
00018513.jpg,1367,91,1920,795,-1,-1
00018514.jpg,1367,97,1920,801,-1,-1
00018515.jpg,1453,70,1919,795,-1,-1
00018516.jpg,1453,70,1919,795,-1,-1
00018517.jpg,1454,71,1920,796,-1,-1
00018518.jpg,1454,72,1920,797,-1,-1
00018519.jpg,1454,73,1920,798,-1,-1
00018520.jpg,1454,76,1920,801,-1,-1
00018521.jpg,1454,76,1920,801,-1,-1
00018522.jpg,1454,80,1920,805,-1,-1
00018523.jpg,1454,83,1920,808,-1,-1
00018524.jpg,1454,85,1920,810,-1,-1
00018525.jpg,1454,88,1920,813,-1,-1
00018526.jpg,1454,88,1920,813,-1,-1
00018527.jpg,1454,92,1920,817,-1,-1
00018528.jpg,1454,94,1920,819,-1,-1
00018529.jpg,1454,96,1920,821,-1,-1
00018530.jpg,1454,96,1920,821,-1,-1
00018531.jpg,1454,96,1920,821,-1,-1
00018532.jpg,1454,95,1920,820,-1,-1
00018533.jpg,1454,95,1920,820,-1,-1
00018534.jpg,1454,94,1920,819,-1,-1
00018535.jpg,1454,90,1920,815,-1,-1
00018536.jpg,1454,90,1920,815,-1,-1
00018537.jpg,1454,89,1920,814,-1,-1
00018538.jpg,1454,91,1920,816,522,437
00018539.jpg,1454,90,1920,815,523,440
00018540.jpg,1454,92,1920,817,518,439
00018541.jpg,1454,92,1920,817,523,441
00018542.jpg,1454,94,1920,819,518,441
00018543.jpg,1454,98,1920,823,567,453
00018544.jpg,1483,94,1918,829,586,455
00018545.jpg,1483,94,1918,829,575,440
00018546.jpg,1483,94,1918,829,571,443
00018547.jpg,1485,94,1920,829,538,431
00018548.jpg,1485,95,1920,830,511,424
00018549.jpg,1485,98,1920,833,494,424
00018550.jpg,1524,86,1920,823,494,428
00018551.jpg,1524,86,1920,823,499,428
00018552.jpg,1524,86,1920,823,502,425
