00019658.jpg,353,48,457,157,557,301
00019659.jpg,353,48,457,157,557,301
00019660.jpg,353,48,457,157,557,301
00019661.jpg,353,48,457,157,557,301
00019662.jpg,353,48,457,157,557,301
00019663.jpg,353,48,457,157,557,301
00019664.jpg,353,48,457,157,557,301
00019665.jpg,353,48,457,157,557,301
00019666.jpg,353,48,457,157,557,301
00019667.jpg,353,48,457,157,557,301
00019668.jpg,353,48,457,157,557,301
00019669.jpg,353,48,457,157,557,301
00019670.jpg,353,48,457,157,557,301
00019671.jpg,353,48,457,157,557,301
00019672.jpg,353,48,457,157,557,301
00019673.jpg,353,48,457,157,557,301
00019674.jpg,353,48,457,157,557,301
00019675.jpg,353,48,457,157,557,301
00019676.jpg,354,48,458,157,686,251
00019677.jpg,354,48,458,157,704,117
00019678.jpg,354,48,458,157,704,117
00019679.jpg,358,48,462,157,704,117
00019680.jpg,358,48,462,157,704,117
00019681.jpg,358,48,462,157,704,117
00019682.jpg,358,48,462,157,704,117
00019683.jpg,358,49,462,158,704,117
00019684.jpg,362,49,466,158,704,117
00019685.jpg,363,49,467,158,704,117
00019686.jpg,363,49,467,158,704,117
00019687.jpg,373,47,467,156,704,117
00019688.jpg,373,47,467,156,704,117
00019689.jpg,373,47,467,156,704,117
00019690.jpg,373,47,467,156,704,117
00019691.jpg,373,47,467,156,704,117
00019692.jpg,373,47,467,156,704,117
00019693.jpg,374,47,468,156,704,117
00019694.jpg,373,47,467,156,704,117
00019695.jpg,373,47,467,156,704,117
00019696.jpg,373,47,467,156,704,117
00019697.jpg,373,47,467,156,704,117
00019698.jpg,373,47,467,156,704,117
00019699.jpg,373,47,467,156,704,117
00019700.jpg,373,47,467,156,704,115
00019701.jpg,373,47,467,156,704,115
00019702.jpg,373,47,467,156,704,115
00019703.jpg,373,47,467,156,704,115
00019704.jpg,373,47,467,156,704,115
00019705.jpg,373,48,467,157,704,115
00019706.jpg,373,48,467,157,704,115
00019707.jpg,373,48,467,157,704,115
00019708.jpg,373,48,467,157,704,115
00019709.jpg,373,48,467,157,704,115
00019710.jpg,373,48,467,157,704,115
00019711.jpg,373,48,467,157,704,115
00019712.jpg,373,48,467,157,704,115
00019713.jpg,373,48,467,157,704,115
00019714.jpg,373,48,467,157,704,115
00019715.jpg,373,48,467,157,704,115
00019716.jpg,373,48,467,157,704,115
00019717.jpg,373,48,467,157,704,115
00019718.jpg,373,48,467,157,704,115
00019719.jpg,372,48,466,157,704,115
00019720.jpg,372,48,466,157,704,115
00019721.jpg,372,48,466,157,704,115
00019722.jpg,372,48,466,157,704,115
00019723.jpg,372,48,466,157,704,115
00019724.jpg,372,48,466,157,704,115
00019725.jpg,372,48,466,157,704,115
00019726.jpg,371,48,465,157,704,115
00019727.jpg,370,48,464,157,704,115
00019728.jpg,369,48,463,157,704,115
00019729.jpg,369,48,463,157,704,115
00019730.jpg,369,48,463,157,704,115
00019731.jpg,369,48,463,157,704,115
00019732.jpg,370,48,464,157,704,115
00019733.jpg,370,48,464,157,704,115
00019734.jpg,370,48,464,157,704,115
00019735.jpg,370,48,464,157,704,115
00019736.jpg,371,48,465,157,704,115
00019737.jpg,371,48,465,157,704,115
00019738.jpg,370,48,464,157,704,115
00019739.jpg,370,48,464,157,704,115
00019740.jpg,370,48,464,157,704,115
00019741.jpg,369,48,463,157,704,115
00019742.jpg,369,48,463,157,704,115
00019743.jpg,369,48,463,157,704,115
00019744.jpg,369,48,463,157,704,115
00019745.jpg,369,48,463,157,704,115
00019746.jpg,369,48,463,157,704,115
00019747.jpg,369,48,463,157,704,115
00019748.jpg,369,48,463,157,704,115
00019749.jpg,369,48,463,157,704,115
00019750.jpg,369,48,463,157,704,115
00019751.jpg,369,49,463,158,704,115
00019752.jpg,369,49,463,158,704,115
00019753.jpg,369,49,463,158,704,115
00019754.jpg,369,49,463,158,704,115
00019755.jpg,369,49,463,158,704,115
00019756.jpg,368,49,462,158,704,115
00019757.jpg,368,49,462,158,704,115
00019758.jpg,368,49,462,158,704,115
00019759.jpg,368,49,462,158,704,115
00019760.jpg,368,49,462,158,704,115
00019761.jpg,368,49,462,158,704,115
00019762.jpg,368,49,462,158,704,115
00019763.jpg,368,49,462,158,704,115
00019764.jpg,368,49,462,158,704,115
00019765.jpg,368,49,462,158,704,115
00019766.jpg,368,49,462,158,704,115
00019767.jpg,368,49,462,158,704,115
00019768.jpg,368,49,462,158,704,115
00019769.jpg,368,49,462,158,704,115
00019770.jpg,368,49,462,158,704,115
00019771.jpg,368,49,462,158,704,115
00019772.jpg,368,49,462,158,704,115
00019773.jpg,368,49,462,158,704,115
00019774.jpg,368,49,462,158,704,115
00019775.jpg,368,49,462,158,704,115
00019776.jpg,368,49,462,158,704,115
00019777.jpg,368,49,462,158,704,115
00019778.jpg,368,49,462,158,704,115
00019779.jpg,368,49,462,158,704,115
00019780.jpg,368,49,462,158,704,115
00019781.jpg,368,49,462,158,704,115
00019782.jpg,368,49,462,158,704,115
00019783.jpg,368,49,462,158,704,115
00019784.jpg,368,49,462,158,704,115
00019785.jpg,368,49,462,158,704,115
00019786.jpg,353,46,453,157,704,115
00019787.jpg,353,46,453,157,704,115
00019788.jpg,353,46,453,157,704,115
00019789.jpg,353,46,453,157,704,115
00019790.jpg,353,46,453,157,704,115
00019791.jpg,353,46,453,157,704,115
00019792.jpg,353,46,453,157,704,115
00019793.jpg,353,46,453,157,704,115
00019794.jpg,353,46,453,157,704,115
00019795.jpg,353,46,453,157,704,115
00019796.jpg,353,46,453,157,704,115
00019797.jpg,353,46,453,157,704,115
00019798.jpg,353,46,453,157,704,115
00019799.jpg,353,46,453,157,704,115
00019800.jpg,353,46,453,157,704,115
00019801.jpg,353,46,453,157,704,115
00019802.jpg,353,46,453,157,704,115
00019803.jpg,353,46,453,157,704,115
00019804.jpg,353,46,453,157,704,115
00019805.jpg,353,46,453,157,704,115
00019806.jpg,353,46,453,157,704,115
00019807.jpg,353,46,453,157,704,115
00019808.jpg,353,46,453,157,704,115
00019809.jpg,353,47,453,158,704,115
00019810.jpg,353,47,453,158,704,115
00019811.jpg,353,47,453,158,704,115
00019812.jpg,353,46,453,157,703,117
00019813.jpg,353,46,453,157,704,115
00019814.jpg,353,46,453,157,704,115
00019815.jpg,353,46,453,157,704,115
00019816.jpg,353,47,453,158,704,115
00019817.jpg,353,47,453,158,704,115
00019818.jpg,353,47,453,158,704,115
00019819.jpg,353,47,453,158,1157,207
00019820.jpg,353,47,453,158,589,131
00019821.jpg,353,47,453,158,589,131
00019822.jpg,353,47,453,158,589,131
00019823.jpg,353,47,453,158,589,131
00019824.jpg,353,47,453,158,589,131
00019825.jpg,353,47,453,158,589,131
00019826.jpg,353,47,453,158,589,131
00019827.jpg,353,47,453,158,589,131
00019828.jpg,353,47,453,158,589,131
00019829.jpg,353,47,453,158,589,131
