00019658.jpg,674,52,803,196,427,101
00019659.jpg,674,52,803,196,427,101
00019660.jpg,674,52,803,196,427,101
00019661.jpg,674,52,803,196,427,101
00019662.jpg,674,52,803,196,423,101
00019663.jpg,674,52,803,196,423,101
00019664.jpg,674,52,803,196,421,101
00019665.jpg,674,52,803,196,421,101
00019666.jpg,674,52,803,196,419,101
00019667.jpg,674,52,803,196,419,101
00019668.jpg,674,52,803,196,419,101
00019669.jpg,674,52,803,196,420,101
00019670.jpg,674,52,803,196,420,101
00019671.jpg,674,52,803,196,420,101
00019672.jpg,675,52,804,196,421,101
00019673.jpg,675,52,804,196,423,101
00019674.jpg,675,52,804,196,423,101
00019675.jpg,675,52,804,196,427,101
00019676.jpg,675,52,804,196,428,101
00019677.jpg,675,52,804,196,431,102
00019678.jpg,675,52,804,196,431,102
00019679.jpg,675,52,804,196,431,102
00019680.jpg,675,52,804,196,432,102
00019681.jpg,676,52,805,196,433,102
00019682.jpg,676,52,805,196,435,100
00019683.jpg,676,52,805,196,438,98
00019684.jpg,676,52,805,196,437,98
00019685.jpg,676,52,805,196,437,98
00019686.jpg,676,52,805,196,437,98
00019687.jpg,676,52,805,196,438,98
00019688.jpg,676,52,805,196,440,98
00019689.jpg,676,52,805,196,440,94
00019690.jpg,676,51,805,195,440,94
00019691.jpg,676,51,805,195,441,94
00019692.jpg,676,51,805,195,441,94
00019693.jpg,676,52,805,196,441,94
00019694.jpg,676,52,805,196,441,94
00019695.jpg,675,52,804,196,441,94
00019696.jpg,675,52,804,196,441,94
00019697.jpg,675,52,804,196,441,94
00019698.jpg,676,52,805,196,440,94
00019699.jpg,676,52,805,196,440,94
00019700.jpg,676,52,805,196,440,94
00019701.jpg,677,52,806,196,440,94
00019702.jpg,677,52,806,196,440,94
00019703.jpg,677,52,806,196,440,94
00019704.jpg,677,52,806,196,440,94
00019705.jpg,678,52,807,196,440,94
00019706.jpg,678,52,807,196,440,94
00019707.jpg,678,53,807,197,440,94
00019708.jpg,678,53,807,197,440,94
00019709.jpg,678,53,807,197,440,94
00019710.jpg,679,53,808,197,440,94
00019711.jpg,679,53,808,197,439,95
00019712.jpg,679,53,808,197,439,94
00019713.jpg,679,52,808,196,439,94
00019714.jpg,680,53,809,197,439,94
00019715.jpg,680,53,809,197,439,94
00019716.jpg,680,53,809,197,438,94
00019717.jpg,680,52,809,196,438,94
00019718.jpg,681,53,810,197,438,94
00019719.jpg,681,53,810,197,437,94
00019720.jpg,681,53,810,197,437,94
00019721.jpg,681,53,810,197,435,94
00019722.jpg,681,52,810,196,435,94
00019723.jpg,681,52,810,196,433,94
00019724.jpg,681,52,810,196,433,94
00019725.jpg,682,53,811,197,433,94
00019726.jpg,682,53,811,197,433,94
00019727.jpg,682,53,811,197,433,94
00019728.jpg,682,53,811,197,432,94
00019729.jpg,682,53,811,197,432,94
00019730.jpg,682,53,811,197,431,94
00019731.jpg,682,53,811,197,431,94
00019732.jpg,682,53,811,197,431,94
00019733.jpg,682,53,811,197,431,94
00019734.jpg,683,53,812,197,431,94
00019735.jpg,683,53,812,197,431,94
00019736.jpg,683,53,812,197,431,94
00019737.jpg,683,53,812,197,432,94
00019738.jpg,683,53,812,197,432,94
00019739.jpg,683,53,812,197,432,94
00019740.jpg,683,54,812,198,432,94
00019741.jpg,683,54,812,198,432,94
00019742.jpg,683,54,812,198,432,94
00019743.jpg,683,54,812,198,432,94
00019744.jpg,683,54,812,198,432,94
00019745.jpg,683,54,812,198,432,94
00019746.jpg,682,54,811,198,432,94
00019747.jpg,682,54,811,198,432,94
00019748.jpg,682,54,811,198,432,94
00019749.jpg,682,54,811,198,432,94
00019750.jpg,682,54,811,198,432,94
00019751.jpg,681,54,810,198,432,94
00019752.jpg,681,54,810,198,432,94
00019753.jpg,681,54,810,198,432,94
00019754.jpg,680,54,809,198,432,94
00019755.jpg,680,54,809,198,432,94
00019756.jpg,680,54,809,198,431,94
00019757.jpg,679,54,808,198,428,94
00019758.jpg,678,54,807,198,428,94
00019759.jpg,678,54,807,198,428,94
00019760.jpg,677,54,806,198,427,94
00019761.jpg,677,54,806,198,425,95
00019762.jpg,676,55,805,199,425,95
00019763.jpg,675,54,804,198,425,95
00019764.jpg,675,54,804,198,425,95
00019765.jpg,675,55,804,199,423,95
00019766.jpg,675,55,804,199,422,95
00019767.jpg,675,55,804,199,422,95
00019768.jpg,675,55,804,199,422,95
00019769.jpg,674,55,803,199,422,98
00019770.jpg,674,55,803,199,422,98
00019771.jpg,674,55,803,199,424,98
00019772.jpg,674,55,803,199,424,98
00019773.jpg,674,55,803,199,424,98
00019774.jpg,674,55,803,199,424,98
00019775.jpg,674,55,803,199,588,131
00019776.jpg,674,55,803,199,588,131
00019777.jpg,674,55,803,199,588,131
00019778.jpg,674,55,803,199,590,131
00019779.jpg,674,55,803,199,590,131
00019780.jpg,673,55,802,199,590,131
00019781.jpg,673,55,802,199,590,131
00019782.jpg,673,55,802,199,590,131
00019783.jpg,673,55,802,199,590,131
00019784.jpg,673,55,802,199,590,131
00019785.jpg,673,55,802,199,590,131
00019786.jpg,673,55,802,199,590,131
00019787.jpg,673,55,802,199,590,131
00019788.jpg,673,55,802,199,590,131
00019789.jpg,673,55,802,199,590,131
00019790.jpg,673,55,802,199,590,131
00019791.jpg,673,55,802,199,590,131
00019792.jpg,673,55,802,199,590,131
00019793.jpg,673,55,802,199,590,131
00019794.jpg,673,55,802,199,590,131
00019795.jpg,673,55,802,199,590,131
00019796.jpg,673,55,802,199,590,131
00019797.jpg,673,55,802,199,590,131
00019798.jpg,673,55,802,199,590,131
00019799.jpg,673,55,802,199,590,131
00019800.jpg,673,55,802,199,590,131
00019801.jpg,673,55,802,199,590,131
00019802.jpg,673,55,802,199,590,131
00019803.jpg,673,55,802,199,590,131
00019804.jpg,673,55,802,199,590,131
00019805.jpg,673,55,802,199,590,131
00019806.jpg,673,55,802,199,590,131
00019807.jpg,673,55,802,199,590,131
00019808.jpg,673,55,802,199,590,131
00019809.jpg,673,55,802,199,590,131
00019810.jpg,673,55,802,199,590,131
00019811.jpg,673,55,802,199,590,131
00019812.jpg,673,55,802,199,590,131
00019813.jpg,673,55,802,199,590,131
00019814.jpg,673,55,802,199,590,131
00019815.jpg,672,55,801,199,590,131
00019816.jpg,672,55,801,199,590,131
00019817.jpg,671,55,800,199,590,131
00019818.jpg,671,55,800,199,590,131
00019819.jpg,671,55,800,199,590,131
00019820.jpg,671,55,800,199,590,131
00019821.jpg,671,55,800,199,590,131
00019822.jpg,671,56,800,200,590,131
00019823.jpg,670,56,799,200,590,131
00019824.jpg,670,56,799,200,590,131
00019825.jpg,670,56,799,200,590,131
00019826.jpg,670,56,799,200,590,131
00019827.jpg,669,56,798,200,590,131
00019828.jpg,669,56,798,200,590,131
00019829.jpg,669,56,798,200,590,131
