00019658.jpg,549,82,649,187,702,120
00019659.jpg,549,82,649,187,702,120
00019660.jpg,549,82,649,187,702,120
00019661.jpg,549,82,649,187,702,120
00019662.jpg,549,82,649,187,702,120
00019663.jpg,549,82,649,187,702,120
00019664.jpg,549,82,649,187,702,120
00019665.jpg,549,82,649,187,702,120
00019666.jpg,549,82,649,187,702,120
00019667.jpg,550,82,650,187,702,120
00019668.jpg,550,82,650,187,702,120
00019669.jpg,550,82,650,187,702,120
00019670.jpg,550,82,650,187,702,120
00019671.jpg,550,82,650,187,702,120
00019672.jpg,550,82,650,187,702,120
00019673.jpg,550,82,650,187,702,120
00019674.jpg,550,82,650,187,702,120
00019675.jpg,550,82,650,187,702,120
00019676.jpg,550,82,650,187,702,120
00019677.jpg,550,82,650,187,702,120
00019678.jpg,550,82,650,187,702,120
00019679.jpg,550,82,650,187,702,120
00019680.jpg,550,82,650,187,702,120
00019681.jpg,550,82,650,187,702,120
00019682.jpg,550,82,650,187,702,120
00019683.jpg,550,82,650,187,702,120
00019684.jpg,550,82,650,187,702,120
00019685.jpg,550,82,650,187,702,120
00019686.jpg,550,82,650,187,-1,-1
00019687.jpg,550,82,650,187,-1,-1
00019688.jpg,550,82,650,187,-1,-1
00019689.jpg,550,81,650,186,-1,-1
00019690.jpg,550,81,650,186,-1,-1
00019691.jpg,550,81,650,186,-1,-1
00019692.jpg,550,81,650,186,-1,-1
00019693.jpg,550,81,650,186,-1,-1
00019694.jpg,550,82,650,187,-1,-1
00019695.jpg,550,82,650,187,-1,-1
00019696.jpg,550,82,650,187,-1,-1
00019697.jpg,550,82,650,187,-1,-1
00019698.jpg,550,82,650,187,441,97
00019699.jpg,550,82,650,187,441,97
00019700.jpg,550,82,650,187,441,97
00019701.jpg,550,82,650,187,441,97
00019702.jpg,550,82,650,187,441,97
00019703.jpg,550,82,650,187,441,97
00019704.jpg,550,82,650,187,441,97
00019705.jpg,550,82,650,187,441,97
00019706.jpg,550,82,650,187,441,97
00019707.jpg,550,82,650,187,441,97
00019708.jpg,550,83,650,188,441,97
00019709.jpg,550,83,650,188,441,97
00019710.jpg,550,83,650,188,441,97
00019711.jpg,551,83,651,188,441,97
00019712.jpg,551,83,651,188,441,97
00019713.jpg,551,83,651,188,441,97
00019714.jpg,551,83,651,188,441,97
00019715.jpg,551,83,651,188,441,97
00019716.jpg,550,83,650,188,406,138
00019717.jpg,550,83,650,188,387,170
00019718.jpg,550,83,650,188,387,170
00019719.jpg,550,83,650,188,388,170
00019720.jpg,550,83,650,188,387,170
00019721.jpg,550,83,650,188,387,170
00019722.jpg,550,83,650,188,387,170
00019723.jpg,550,83,650,188,387,170
00019724.jpg,550,83,650,188,387,170
00019725.jpg,550,83,650,188,387,170
00019726.jpg,550,83,650,188,387,170
00019727.jpg,550,83,650,188,387,170
00019728.jpg,550,83,650,188,387,170
00019729.jpg,550,83,650,188,428,229
00019730.jpg,550,83,650,188,428,230
00019731.jpg,550,83,650,188,428,230
00019732.jpg,550,83,650,188,-1,-1
00019733.jpg,550,83,650,188,-1,-1
00019734.jpg,550,84,650,189,481,490
00019735.jpg,550,84,650,189,481,490
00019736.jpg,550,84,650,189,481,490
00019737.jpg,550,84,650,189,478,490
00019738.jpg,550,84,650,189,478,490
00019739.jpg,550,84,650,189,478,490
00019740.jpg,550,84,650,189,478,490
00019741.jpg,550,84,650,189,478,490
00019742.jpg,550,84,650,189,478,490
00019743.jpg,550,84,650,189,478,490
00019744.jpg,551,84,651,189,478,490
00019745.jpg,551,84,651,189,478,490
00019746.jpg,551,84,651,189,478,490
00019747.jpg,550,84,650,189,478,490
00019748.jpg,550,84,650,189,478,490
00019749.jpg,550,84,650,189,480,490
00019750.jpg,550,84,650,189,480,490
00019751.jpg,550,84,650,189,480,490
00019752.jpg,550,84,650,189,480,490
00019753.jpg,550,84,650,189,480,490
00019754.jpg,550,84,650,189,480,490
00019755.jpg,550,84,650,189,480,490
00019756.jpg,550,84,650,189,480,490
00019757.jpg,550,85,650,190,480,490
00019758.jpg,550,85,650,190,480,490
00019759.jpg,550,85,650,190,480,490
00019760.jpg,550,85,650,190,480,490
00019761.jpg,550,85,650,190,480,490
00019762.jpg,550,85,650,190,480,490
00019763.jpg,550,85,650,190,480,490
00019764.jpg,549,85,649,190,480,490
00019765.jpg,549,85,649,190,480,490
00019766.jpg,549,85,649,190,480,490
00019767.jpg,549,85,649,190,480,490
00019768.jpg,549,85,649,190,480,490
00019769.jpg,549,85,649,190,480,490
00019770.jpg,549,85,649,190,480,490
00019771.jpg,549,85,649,190,480,490
00019772.jpg,549,85,649,190,605,490
00019773.jpg,549,85,649,190,649,422
00019774.jpg,549,85,649,190,648,421
00019775.jpg,549,85,649,190,648,418
00019776.jpg,549,85,649,190,648,418
00019777.jpg,549,85,649,190,695,310
00019778.jpg,549,85,649,190,700,120
00019779.jpg,549,85,649,190,699,120
00019780.jpg,549,85,649,190,700,121
00019781.jpg,549,85,649,190,699,121
00019782.jpg,550,85,650,190,700,121
00019783.jpg,550,85,650,190,698,121
00019784.jpg,550,85,650,190,698,121
00019785.jpg,550,85,650,190,700,121
00019786.jpg,550,85,650,190,699,121
00019787.jpg,549,85,649,190,697,121
00019788.jpg,549,85,649,190,700,121
00019789.jpg,550,85,650,190,697,121
00019790.jpg,550,85,650,190,699,121
00019791.jpg,550,85,650,190,698,121
00019792.jpg,550,85,650,190,698,121
00019793.jpg,550,85,650,190,698,121
00019794.jpg,550,85,650,190,698,121
00019795.jpg,550,85,650,190,698,121
00019796.jpg,550,85,650,190,698,121
00019797.jpg,550,85,650,190,698,121
00019798.jpg,550,85,650,190,698,121
00019799.jpg,550,85,650,190,698,121
00019800.jpg,550,85,650,190,698,121
00019801.jpg,549,85,649,190,698,121
00019802.jpg,549,85,649,190,698,121
00019803.jpg,549,85,649,190,698,121
00019804.jpg,549,85,649,190,698,121
00019805.jpg,549,85,649,190,698,121
00019806.jpg,549,85,649,190,698,121
00019807.jpg,549,85,649,190,698,121
00019808.jpg,549,85,649,190,698,121
00019809.jpg,549,85,649,190,698,121
00019810.jpg,549,85,649,190,698,121
00019811.jpg,549,85,649,190,698,121
00019812.jpg,549,85,649,190,698,121
00019813.jpg,549,85,649,190,698,121
00019814.jpg,549,85,649,190,698,121
00019815.jpg,549,85,649,190,698,121
00019816.jpg,549,85,649,190,698,121
00019817.jpg,549,85,649,190,698,121
00019818.jpg,549,85,649,190,698,121
00019819.jpg,549,85,649,190,698,121
00019820.jpg,549,85,649,190,698,121
00019821.jpg,549,85,649,190,698,121
00019822.jpg,549,85,649,190,698,121
00019823.jpg,549,86,649,191,698,121
00019824.jpg,549,86,649,191,698,121
00019825.jpg,549,86,649,191,698,121
00019826.jpg,549,86,649,191,698,121
00019827.jpg,549,86,649,191,698,121
00019828.jpg,549,86,649,191,698,121
00019829.jpg,549,86,649,191,698,121
