00026613.jpg,235,69,420,249,601,46
00026614.jpg,235,70,420,252,601,46
00026615.jpg,235,70,420,252,601,46
00026616.jpg,235,70,420,252,601,46
00026617.jpg,233,71,418,253,601,46
00026618.jpg,232,71,417,253,601,46
00026619.jpg,230,72,415,254,601,46
00026620.jpg,229,73,414,255,601,46
00026621.jpg,228,73,413,255,601,46
00026622.jpg,228,74,413,256,601,46
00026623.jpg,227,75,412,257,589,227
00026624.jpg,230,77,415,259,587,229
00026625.jpg,231,78,416,260,587,230
00026626.jpg,232,79,417,261,587,226
00026627.jpg,232,80,417,262,585,226
00026628.jpg,234,83,419,265,585,226
00026629.jpg,241,84,434,270,585,226
00026630.jpg,241,84,434,270,585,226
00026631.jpg,244,85,437,271,585,226
00026632.jpg,246,85,439,271,585,226
00026633.jpg,248,84,441,270,585,226
00026634.jpg,250,85,443,271,585,226
00026635.jpg,251,85,444,271,585,226
00026636.jpg,252,85,445,271,585,226
00026637.jpg,252,84,445,270,585,226
00026638.jpg,252,84,445,270,585,226
