00003057.jpg,1170,51,1460,398,-1,-1
00003058.jpg,1170,51,1460,398,-1,-1
00003059.jpg,1170,51,1460,398,-1,-1
00003060.jpg,1170,51,1460,398,-1,-1
00003061.jpg,1134,25,1437,368,-1,-1
00003062.jpg,1134,25,1437,368,-1,-1
00003063.jpg,1130,23,1433,366,-1,-1
00003064.jpg,1119,28,1422,371,-1,-1
00003065.jpg,1110,34,1413,377,-1,-1
00003066.jpg,1110,34,1413,377,-1,-1
00003067.jpg,1049,41,1356,376,-1,-1
00003068.jpg,1049,41,1356,376,-1,-1
00003069.jpg,1039,43,1346,378,-1,-1
00003070.jpg,1023,40,1330,375,-1,-1
00003071.jpg,1023,40,1330,375,-1,-1
00003072.jpg,1015,35,1322,370,-1,-1
00003073.jpg,1001,30,1308,365,-1,-1
00003074.jpg,999,24,1306,359,-1,-1
00003075.jpg,990,18,1297,353,-1,-1
00003076.jpg,990,18,1297,353,-1,-1
00003077.jpg,987,12,1294,347,-1,-1
00003078.jpg,984,7,1291,342,-1,-1
00003079.jpg,970,8,1277,343,-1,-1
00003080.jpg,966,14,1273,349,-1,-1
00003081.jpg,966,14,1273,349,-1,-1
00003082.jpg,962,31,1269,366,-1,-1
00003083.jpg,952,41,1259,376,-1,-1
00003084.jpg,963,63,1284,406,-1,-1
00003085.jpg,963,63,1284,406,-1,-1
00003086.jpg,963,63,1284,406,-1,-1
00003087.jpg,963,63,1284,406,-1,-1
