00000001.jpg,658,106,1013,491,882,690
00000002.jpg,658,106,1013,491,881,690
00000003.jpg,658,106,1013,491,883,690
00000004.jpg,658,106,1013,491,885,690
00000005.jpg,659,100,1014,485,885,690
00000006.jpg,660,98,1015,483,885,690
00000007.jpg,660,101,1015,486,885,690
00000008.jpg,660,105,1015,490,886,690
00000009.jpg,659,107,1014,492,886,690
00000010.jpg,655,104,1010,489,886,690
00000011.jpg,651,65,1005,461,886,690
00000012.jpg,651,65,1005,461,886,690
00000013.jpg,639,53,993,449,1121,558
00000014.jpg,627,48,981,444,1121,558
00000015.jpg,620,46,974,442,1121,558
00000016.jpg,615,47,969,443,1121,558
00000017.jpg,612,47,966,443,-1,-1
00000018.jpg,611,46,965,442,-1,-1
00000019.jpg,609,42,963,438,-1,-1
00000020.jpg,606,38,960,434,-1,-1
00000021.jpg,625,32,979,428,-1,-1
00000022.jpg,627,31,981,427,-1,-1
00000023.jpg,608,37,962,433,-1,-1
00000024.jpg,610,42,964,438,-1,-1
00000025.jpg,613,45,967,441,-1,-1
00000026.jpg,618,45,972,441,-1,-1
00000027.jpg,618,43,972,439,-1,-1
00000028.jpg,608,40,962,436,-1,-1
00000029.jpg,606,41,960,437,-1,-1
00000030.jpg,606,42,960,438,-1,-1
00000031.jpg,607,41,961,437,-1,-1
00000032.jpg,606,40,960,436,-1,-1
00000033.jpg,607,39,961,435,-1,-1
00000034.jpg,607,40,961,436,-1,-1
00000035.jpg,607,41,961,437,1121,558
00000036.jpg,605,44,959,440,414,348
00000037.jpg,615,49,969,445,411,347
00000038.jpg,606,47,960,443,411,347
00000039.jpg,592,40,946,436,411,347
00000040.jpg,586,33,940,429,409,346
00000041.jpg,582,31,936,427,409,346
00000042.jpg,580,33,934,429,409,345
00000043.jpg,579,35,933,431,409,345
00000044.jpg,579,40,933,436,407,344
00000045.jpg,579,40,933,436,407,344
