00019252.jpg,586,105,694,220,449,115
00019253.jpg,586,105,694,220,449,115
00019254.jpg,586,105,694,220,449,115
00019255.jpg,586,105,694,220,449,115
00019256.jpg,586,105,694,220,449,115
00019257.jpg,586,105,694,220,449,115
00019258.jpg,586,105,694,220,449,115
00019259.jpg,586,105,694,220,449,115
00019260.jpg,586,105,694,220,449,115
00019261.jpg,586,105,694,220,449,115
00019262.jpg,586,105,694,220,449,115
00019263.jpg,586,105,694,220,449,115
00019264.jpg,586,105,694,220,449,115
00019265.jpg,586,105,694,220,448,115
00019266.jpg,586,105,694,220,447,115
00019267.jpg,586,105,694,220,447,115
00019268.jpg,586,105,694,220,447,115
00019269.jpg,586,105,694,220,447,115
00019270.jpg,586,105,694,220,447,115
00019271.jpg,586,104,694,219,447,115
00019272.jpg,586,104,694,219,447,115
00019273.jpg,586,104,694,219,447,115
00019274.jpg,586,104,694,219,448,115
00019275.jpg,586,104,694,219,450,115
00019276.jpg,586,104,694,219,450,115
00019277.jpg,586,104,694,219,450,115
00019278.jpg,586,104,694,219,450,115
00019279.jpg,586,104,694,219,451,114
00019280.jpg,586,104,694,219,451,114
00019281.jpg,586,104,694,219,451,114
00019282.jpg,586,104,694,219,451,114
00019283.jpg,586,104,694,219,451,114
00019284.jpg,586,104,694,219,452,114
00019285.jpg,586,104,694,219,452,114
00019286.jpg,586,104,694,219,452,114
00019287.jpg,586,104,694,219,452,114
00019288.jpg,586,104,694,219,453,114
00019289.jpg,586,104,694,219,453,114
00019290.jpg,586,104,694,219,453,114
00019291.jpg,585,104,693,219,453,114
00019292.jpg,585,104,693,219,453,114
00019293.jpg,585,104,693,219,453,114
00019294.jpg,585,104,693,219,453,114
00019295.jpg,585,104,693,219,453,114
00019296.jpg,585,104,693,219,453,114
00019297.jpg,585,104,693,219,453,114
00019298.jpg,585,104,693,219,453,114
00019299.jpg,586,104,694,219,453,114
00019300.jpg,586,104,694,219,453,114
00019301.jpg,586,104,694,219,453,114
00019302.jpg,586,104,694,219,453,114
00019303.jpg,586,104,694,219,453,114
00019304.jpg,586,105,694,220,453,114
00019305.jpg,586,105,694,220,453,115
00019306.jpg,586,105,694,220,453,115
00019307.jpg,586,105,694,220,453,115
00019308.jpg,586,104,694,219,453,118
00019309.jpg,586,104,694,219,453,118
00019310.jpg,586,104,694,219,453,118
00019311.jpg,586,104,694,219,455,118
00019312.jpg,586,104,694,219,455,118
00019313.jpg,586,104,694,219,456,117
00019314.jpg,586,104,694,219,457,116
00019315.jpg,586,104,694,219,458,116
00019316.jpg,586,104,694,219,458,116
00019317.jpg,586,104,694,219,458,116
00019318.jpg,586,104,694,219,458,116
00019319.jpg,586,104,694,219,458,116
00019320.jpg,585,104,693,219,458,116
00019321.jpg,585,104,693,219,458,116
00019322.jpg,585,104,693,219,458,116
00019323.jpg,585,104,693,219,458,116
00019324.jpg,585,103,693,218,458,116
00019325.jpg,585,103,693,218,458,116
00019326.jpg,585,103,693,218,457,115
00019327.jpg,585,103,693,218,457,114
00019328.jpg,585,103,693,218,457,114
00019329.jpg,585,103,693,218,457,114
00019330.jpg,585,104,693,219,457,114
00019331.jpg,585,104,693,219,457,114
00019332.jpg,585,104,693,219,457,114
00019333.jpg,585,104,693,219,457,114
00019334.jpg,585,104,693,219,456,113
00019335.jpg,585,104,693,219,456,113
00019336.jpg,585,104,693,219,455,113
00019337.jpg,585,104,693,219,455,113
00019338.jpg,585,104,693,219,455,113
00019339.jpg,585,104,693,219,453,113
00019340.jpg,585,104,693,219,453,113
00019341.jpg,585,104,693,219,453,113
00019342.jpg,585,104,693,219,453,113
00019343.jpg,585,104,693,219,453,112
00019344.jpg,585,104,693,219,452,112
00019345.jpg,585,103,693,218,452,112
00019346.jpg,585,103,693,218,452,112
00019347.jpg,585,103,693,218,452,112
00019348.jpg,585,103,693,218,452,112
00019349.jpg,585,103,693,218,452,112
00019350.jpg,585,103,693,218,452,112
00019351.jpg,584,103,692,218,452,112
00019352.jpg,584,103,692,218,452,112
00019353.jpg,584,102,692,217,452,112
00019354.jpg,584,102,692,217,452,112
00019355.jpg,584,102,692,217,452,112
00019356.jpg,584,102,692,217,452,112
00019357.jpg,584,102,692,217,452,112
00019358.jpg,585,102,693,217,452,112
00019359.jpg,585,102,693,217,452,112
00019360.jpg,584,103,692,218,452,112
00019361.jpg,584,103,692,218,452,112
00019362.jpg,584,103,692,218,451,112
00019363.jpg,584,103,692,218,450,112
00019364.jpg,584,103,692,218,449,112
00019365.jpg,584,103,692,218,449,112
00019366.jpg,584,103,692,218,448,112
00019367.jpg,583,103,691,218,447,112
00019368.jpg,583,103,691,218,447,112
00019369.jpg,583,103,691,218,447,112
00019370.jpg,583,103,691,218,447,112
00019371.jpg,583,103,691,218,446,112
00019372.jpg,582,103,690,218,446,112
00019373.jpg,582,103,690,218,446,112
00019374.jpg,582,103,690,218,446,112
00019375.jpg,582,103,690,218,446,112
00019376.jpg,582,103,690,218,446,112
00019377.jpg,582,103,690,218,446,112
00019378.jpg,582,103,690,218,446,112
00019379.jpg,582,103,690,218,446,112
00019380.jpg,582,103,690,218,446,112
00019381.jpg,582,103,690,218,446,112
00019382.jpg,582,103,690,218,446,112
00019383.jpg,582,103,690,218,446,112
00019384.jpg,582,103,690,218,446,112
00019385.jpg,583,103,691,218,446,112
00019386.jpg,583,103,691,218,446,112
00019387.jpg,583,103,691,218,446,112
00019388.jpg,583,103,691,218,446,112
00019389.jpg,583,103,691,218,446,112
00019390.jpg,583,103,691,218,446,112
00019391.jpg,583,103,691,218,446,112
00019392.jpg,583,103,691,218,446,112
00019393.jpg,583,103,691,218,446,112
00019394.jpg,583,103,691,218,446,112
00019395.jpg,583,103,691,218,446,112
00019396.jpg,583,103,691,218,446,112
00019397.jpg,583,103,691,218,446,112
