00019252.jpg,116,58,207,151,-1,-1
00019253.jpg,116,58,207,151,-1,-1
00019254.jpg,116,58,207,151,-1,-1
00019255.jpg,116,58,207,151,-1,-1
00019256.jpg,116,58,207,151,-1,-1
00019257.jpg,116,58,207,151,-1,-1
00019258.jpg,116,58,207,151,-1,-1
00019259.jpg,116,58,207,151,-1,-1
00019260.jpg,116,58,207,151,-1,-1
00019261.jpg,116,58,207,151,-1,-1
00019262.jpg,116,58,207,151,-1,-1
00019263.jpg,116,58,207,151,-1,-1
00019264.jpg,116,58,207,151,-1,-1
00019265.jpg,116,58,207,151,-1,-1
00019266.jpg,116,58,207,151,-1,-1
00019267.jpg,116,58,207,151,-1,-1
00019268.jpg,116,58,207,151,-1,-1
00019269.jpg,116,57,207,150,-1,-1
00019270.jpg,116,57,207,150,-1,-1
00019271.jpg,116,57,207,150,-1,-1
00019272.jpg,116,57,207,150,-1,-1
00019273.jpg,116,57,207,150,-1,-1
00019274.jpg,116,57,207,150,-1,-1
00019275.jpg,116,57,207,150,-1,-1
00019276.jpg,116,57,207,150,-1,-1
00019277.jpg,116,56,207,149,-1,-1
00019278.jpg,116,56,207,149,-1,-1
00019279.jpg,116,56,207,149,-1,-1
00019280.jpg,116,56,207,149,-1,-1
00019281.jpg,116,56,207,149,-1,-1
00019282.jpg,116,56,207,149,-1,-1
00019283.jpg,116,56,207,149,-1,-1
00019284.jpg,116,56,207,149,-1,-1
00019285.jpg,116,56,207,149,-1,-1
00019286.jpg,116,56,207,149,-1,-1
00019287.jpg,117,57,208,150,-1,-1
00019288.jpg,117,57,208,150,-1,-1
00019289.jpg,117,57,208,150,-1,-1
00019290.jpg,117,57,208,150,-1,-1
00019291.jpg,117,57,208,150,-1,-1
00019292.jpg,118,58,209,151,-1,-1
00019293.jpg,119,58,210,151,-1,-1
00019294.jpg,119,58,210,151,-1,-1
00019295.jpg,119,58,210,151,-1,-1
00019296.jpg,119,58,210,151,-1,-1
00019297.jpg,119,58,210,151,-1,-1
00019298.jpg,119,57,210,150,-1,-1
00019299.jpg,120,58,211,151,253,124
00019300.jpg,120,57,211,150,253,124
00019301.jpg,120,57,211,150,253,124
00019302.jpg,121,58,212,151,253,124
00019303.jpg,121,57,212,150,253,124
00019304.jpg,122,58,213,151,253,124
00019305.jpg,122,58,213,151,253,124
00019306.jpg,122,57,213,150,253,124
00019307.jpg,122,57,213,150,253,124
00019308.jpg,122,56,213,149,253,124
00019309.jpg,122,56,213,149,253,124
00019310.jpg,123,56,214,149,253,124
00019311.jpg,123,55,214,148,253,124
00019312.jpg,123,55,214,148,253,124
00019313.jpg,123,54,214,147,253,124
00019314.jpg,134,64,218,153,253,124
00019315.jpg,134,64,218,153,253,124
00019316.jpg,134,64,218,153,253,124
00019317.jpg,134,63,218,152,253,124
00019318.jpg,134,63,218,152,253,124
00019319.jpg,134,62,218,151,253,124
00019320.jpg,134,60,218,149,253,124
00019321.jpg,135,60,219,149,253,124
00019322.jpg,140,64,224,153,253,124
00019323.jpg,138,61,222,150,253,124
00019324.jpg,142,64,226,153,253,124
00019325.jpg,142,63,226,152,253,124
00019326.jpg,143,63,227,152,253,124
00019327.jpg,146,64,230,153,253,124
00019328.jpg,147,63,231,152,253,124
00019329.jpg,149,63,233,152,253,124
00019330.jpg,152,63,236,152,253,124
00019331.jpg,154,63,238,152,253,124
00019332.jpg,155,62,239,151,253,124
00019333.jpg,157,62,241,151,253,124
00019334.jpg,159,62,243,151,253,124
00019335.jpg,167,65,248,154,253,124
00019336.jpg,167,65,248,154,253,124
00019337.jpg,168,65,249,154,253,124
00019338.jpg,169,65,250,154,253,124
00019339.jpg,171,65,252,154,399,132
00019340.jpg,172,65,253,154,399,133
00019341.jpg,172,64,253,153,399,132
00019342.jpg,175,64,262,155,400,130
00019343.jpg,175,64,262,155,398,126
00019344.jpg,176,64,263,155,399,126
00019345.jpg,176,64,263,155,399,126
00019346.jpg,177,64,264,155,399,126
00019347.jpg,177,64,264,155,399,126
00019348.jpg,177,64,264,155,399,126
00019349.jpg,178,64,265,155,399,126
00019350.jpg,178,64,265,155,399,126
00019351.jpg,177,64,264,155,-1,-1
00019352.jpg,177,64,264,155,-1,-1
00019353.jpg,176,64,263,155,-1,-1
00019354.jpg,176,64,263,155,-1,-1
00019355.jpg,175,64,262,155,-1,-1
00019356.jpg,174,63,261,154,615,150
00019357.jpg,173,63,260,154,615,150
00019358.jpg,171,62,258,153,615,150
00019359.jpg,168,60,249,144,615,150
00019360.jpg,168,60,249,144,615,150
00019361.jpg,165,59,246,143,609,156
00019362.jpg,163,59,244,143,610,155
00019363.jpg,160,58,241,142,608,156
00019364.jpg,158,58,239,142,607,158
00019365.jpg,155,58,236,142,607,156
00019366.jpg,154,59,235,143,607,154
00019367.jpg,152,59,233,143,607,157
00019368.jpg,150,59,231,143,607,157
00019369.jpg,149,59,230,143,607,157
00019370.jpg,148,60,229,144,607,157
00019371.jpg,147,60,228,144,607,157
00019372.jpg,147,60,228,144,607,157
00019373.jpg,147,61,228,145,607,157
00019374.jpg,147,61,228,145,607,157
00019375.jpg,147,61,228,145,607,156
00019376.jpg,147,61,228,145,607,156
00019377.jpg,147,61,228,145,607,156
00019378.jpg,147,61,228,145,607,155
00019379.jpg,147,61,228,145,607,155
00019380.jpg,148,61,229,145,607,155
00019381.jpg,148,61,229,145,607,155
00019382.jpg,147,60,228,144,607,155
00019383.jpg,147,60,228,144,607,155
00019384.jpg,148,60,229,144,607,155
00019385.jpg,148,60,229,144,607,155
00019386.jpg,148,60,229,144,607,155
00019387.jpg,148,59,229,143,607,155
00019388.jpg,148,59,229,143,607,155
00019389.jpg,148,59,229,143,607,155
00019390.jpg,149,59,230,143,607,155
00019391.jpg,150,59,231,143,607,154
00019392.jpg,150,59,231,143,607,154
00019393.jpg,151,59,232,143,607,154
00019394.jpg,152,59,233,143,607,154
00019395.jpg,153,59,234,143,607,154
00019396.jpg,154,59,235,143,607,154
00019397.jpg,154,59,235,143,607,154
