00035614.jpg,768,30,951,228,-1,-1
00035615.jpg,771,31,953,225,-1,-1
00035616.jpg,770,31,957,223,-1,-1
00035617.jpg,771,30,956,223,-1,-1
00035618.jpg,771,25,957,222,-1,-1
00035619.jpg,771,25,957,222,-1,-1
00035620.jpg,771,25,957,222,-1,-1
00035621.jpg,773,23,959,220,-1,-1
00035622.jpg,775,21,961,218,-1,-1
00035623.jpg,777,19,963,216,-1,-1
00035624.jpg,778,17,964,214,-1,-1
00035625.jpg,778,15,964,212,-1,-1
00035626.jpg,777,14,963,211,-1,-1
00035627.jpg,775,14,961,211,-1,-1
00035628.jpg,774,14,960,211,-1,-1
00035629.jpg,773,15,959,212,-1,-1
00035630.jpg,769,18,955,215,726,155
00035631.jpg,768,19,954,216,726,155
00035632.jpg,767,19,953,216,721,158
00035633.jpg,767,20,953,217,717,159
00035634.jpg,767,20,953,217,696,156
00035635.jpg,766,19,952,216,686,155
00035636.jpg,765,19,951,216,679,151
00035637.jpg,766,19,952,216,677,144
00035638.jpg,766,19,952,216,676,143
00035639.jpg,766,19,952,216,674,139
00035640.jpg,765,20,951,217,674,135
00035641.jpg,766,20,952,217,676,133
00035642.jpg,766,20,952,217,676,131
00035643.jpg,765,20,951,217,682,131
00035644.jpg,764,20,950,217,682,131
00035645.jpg,761,20,947,217,682,131
00035646.jpg,762,20,948,217,684,131
00035647.jpg,763,20,949,217,700,131
00035648.jpg,763,20,949,217,707,138
00035649.jpg,763,20,949,217,712,138
00035650.jpg,764,20,950,217,716,138
00035651.jpg,763,20,949,217,-1,-1
00035652.jpg,763,20,949,217,-1,-1
00035653.jpg,763,20,949,217,304,148
00035654.jpg,763,20,949,217,304,148
00035655.jpg,762,21,948,218,304,149
00035656.jpg,773,32,949,209,305,149
00035657.jpg,773,32,949,209,306,151
00035658.jpg,772,32,948,209,306,151
00035659.jpg,771,33,947,210,306,151
00035660.jpg,771,33,947,210,311,151
00035661.jpg,772,33,948,210,317,165
00035662.jpg,773,34,949,211,-1,-1
00035663.jpg,773,34,949,211,-1,-1
00035664.jpg,773,33,949,210,-1,-1
00035665.jpg,773,33,949,210,-1,-1
00035666.jpg,774,32,950,209,746,148
00035667.jpg,774,32,950,209,754,153
00035668.jpg,775,31,951,208,762,159
00035669.jpg,775,31,951,208,766,160
00035670.jpg,775,31,951,208,766,160
00035671.jpg,774,31,950,208,762,160
00035672.jpg,774,30,950,207,754,154
00035673.jpg,774,30,950,207,747,150
00035674.jpg,774,29,950,206,386,339
00035675.jpg,773,28,949,205,382,339
00035676.jpg,772,26,948,203,382,339
00035677.jpg,772,26,948,203,382,339
00035678.jpg,772,26,948,203,382,339
00035679.jpg,771,26,947,203,397,343
00035680.jpg,771,27,947,204,399,343
00035681.jpg,768,32,944,209,399,345
00035682.jpg,766,33,942,210,399,345
00035683.jpg,763,33,939,210,399,345
00035684.jpg,761,34,937,211,399,346
00035685.jpg,759,35,935,212,399,348
00035686.jpg,757,36,933,213,387,348
00035687.jpg,756,37,932,214,380,334
00035688.jpg,756,37,932,214,376,331
00035689.jpg,756,38,932,215,370,323
00035690.jpg,757,39,933,216,364,318
00035691.jpg,757,41,933,218,352,310
00035692.jpg,758,42,934,219,350,304
00035693.jpg,758,42,934,219,342,301
00035694.jpg,759,42,935,219,342,301
00035695.jpg,759,41,935,218,342,301
00035696.jpg,758,40,934,217,340,306
00035697.jpg,756,40,932,217,345,315
00035698.jpg,755,40,931,217,349,323
00035699.jpg,755,40,931,217,361,331
00035700.jpg,753,39,929,216,356,340
00035701.jpg,753,40,929,217,366,353
00035702.jpg,753,40,929,217,371,360
00035703.jpg,753,41,929,218,369,363
00035704.jpg,753,42,929,219,365,361
00035705.jpg,754,42,930,219,366,355
00035706.jpg,755,44,931,221,367,353
00035707.jpg,756,45,932,222,367,353
00035708.jpg,756,51,932,228,367,353
00035709.jpg,756,54,932,231,371,349
00035710.jpg,757,56,933,233,371,345
00035711.jpg,758,57,934,234,372,336
00035712.jpg,758,56,934,233,374,321
00035713.jpg,759,55,935,232,374,314
00035714.jpg,759,54,935,231,374,306
00035715.jpg,759,53,935,230,370,290
00035716.jpg,759,53,935,230,361,260
00035717.jpg,759,54,935,231,359,241
00035718.jpg,759,56,935,233,359,240
00035719.jpg,759,58,935,235,359,240
00035720.jpg,759,60,935,237,356,238
00035721.jpg,758,63,934,240,352,238
00035722.jpg,757,64,933,241,352,238
00035723.jpg,757,65,933,242,356,243
00035724.jpg,757,65,933,242,354,243
00035725.jpg,757,66,933,243,354,241
00035726.jpg,757,66,933,243,355,241
00035727.jpg,757,66,933,243,356,241
00035728.jpg,757,65,933,242,356,241
00035729.jpg,758,65,934,242,355,241
00035730.jpg,758,64,934,241,354,241
00035731.jpg,759,62,935,239,354,241
00035732.jpg,759,62,935,239,354,241
00035733.jpg,759,61,935,238,354,241
00035734.jpg,759,61,935,238,354,241
00035735.jpg,759,61,935,238,354,241
00035736.jpg,759,61,935,238,354,241
00035737.jpg,759,61,935,238,354,241
00035738.jpg,759,62,935,239,354,241
00035739.jpg,759,62,935,239,354,241
00035740.jpg,759,62,935,239,354,244
