00002984.jpg,107,16,209,123,347,79
00002985.jpg,107,16,209,123,346,79
00002986.jpg,107,16,209,123,344,79
00002987.jpg,107,16,209,123,343,80
00002988.jpg,106,17,208,124,341,80
00002989.jpg,106,17,208,124,338,80
00002990.jpg,106,17,208,124,338,81
00002991.jpg,106,18,208,125,337,81
00002992.jpg,106,18,208,125,336,80
00002993.jpg,105,17,207,124,336,80
00002994.jpg,105,17,207,124,336,80
00002995.jpg,105,17,207,124,280,159
00002996.jpg,105,17,207,124,280,159
00002997.jpg,105,17,207,124,280,159
00002998.jpg,104,16,206,123,280,159
00002999.jpg,104,16,206,123,-1,-1
00003000.jpg,104,16,206,123,-1,-1
00003001.jpg,104,16,206,123,-1,-1
00003002.jpg,104,16,206,123,-1,-1
00003003.jpg,104,16,206,123,-1,-1
00003004.jpg,104,16,206,123,-1,-1
00003005.jpg,104,16,206,123,-1,-1
00003006.jpg,104,16,206,123,-1,-1
00003007.jpg,104,17,206,124,-1,-1
00003008.jpg,104,17,206,124,-1,-1
00003009.jpg,104,17,206,124,-1,-1
00003010.jpg,103,17,205,124,-1,-1
00003011.jpg,103,17,205,124,-1,-1
00003012.jpg,103,17,205,124,-1,-1
00003013.jpg,102,16,204,123,-1,-1
00003014.jpg,102,16,204,123,-1,-1
00003015.jpg,101,17,203,124,-1,-1
00003016.jpg,101,17,203,124,-1,-1
00003017.jpg,101,17,203,124,-1,-1
00003018.jpg,101,18,203,125,-1,-1
00003019.jpg,101,18,203,125,-1,-1
00003020.jpg,101,18,203,125,-1,-1
00003021.jpg,101,18,203,125,-1,-1
00003022.jpg,102,19,204,126,289,165
00003023.jpg,103,20,205,127,321,87
00003024.jpg,104,21,206,128,316,87
00003025.jpg,105,21,207,128,312,87
00003026.jpg,105,21,207,128,312,87
00003027.jpg,106,21,208,128,308,89
00003028.jpg,106,21,208,128,308,91
00003029.jpg,107,21,209,128,308,91
00003030.jpg,107,21,209,128,308,91
00003031.jpg,108,21,210,128,308,91
00003032.jpg,108,21,210,128,308,91
00003033.jpg,108,21,210,128,308,91
00003034.jpg,109,21,211,128,308,91
00003035.jpg,109,21,211,128,308,91
00003036.jpg,109,21,211,128,308,91
00003037.jpg,110,21,212,128,308,91
00003038.jpg,111,21,213,128,308,91
00003039.jpg,111,21,213,128,308,91
00003040.jpg,111,21,213,128,308,91
00003041.jpg,111,21,213,128,309,91
00003042.jpg,111,21,213,128,309,91
00003043.jpg,110,20,212,127,309,91
00003044.jpg,108,20,210,127,-1,-1
00003045.jpg,108,20,210,127,-1,-1
00003046.jpg,107,19,209,126,-1,-1
00003047.jpg,107,18,209,125,-1,-1
00003048.jpg,107,17,209,124,-1,-1
00003049.jpg,107,17,209,124,-1,-1
00003050.jpg,107,16,209,123,-1,-1
00003051.jpg,107,16,209,123,-1,-1
00003052.jpg,107,16,209,123,-1,-1
00003053.jpg,107,16,209,123,-1,-1
00003054.jpg,107,16,209,123,-1,-1
00003055.jpg,107,16,209,123,-1,-1
00003056.jpg,106,16,208,123,-1,-1
00003057.jpg,106,16,208,123,-1,-1
00003058.jpg,106,16,208,123,-1,-1
00003059.jpg,106,16,208,123,-1,-1
00003060.jpg,106,16,208,123,-1,-1
00003061.jpg,106,16,208,123,-1,-1
00003062.jpg,106,16,208,123,-1,-1
00003063.jpg,106,16,208,123,-1,-1
00003064.jpg,106,16,208,123,-1,-1
00003065.jpg,106,16,208,123,-1,-1
00003066.jpg,106,16,208,123,-1,-1
00003067.jpg,106,16,208,123,-1,-1
00003068.jpg,106,16,208,123,-1,-1
00003069.jpg,106,16,208,123,-1,-1
00003070.jpg,106,16,208,123,-1,-1
00003071.jpg,106,15,208,122,-1,-1
00003072.jpg,106,14,208,121,-1,-1
00003073.jpg,107,14,209,121,-1,-1
00003074.jpg,109,13,211,120,-1,-1
00003075.jpg,112,14,214,121,-1,-1
00003076.jpg,112,14,214,121,-1,-1
00003077.jpg,114,14,216,121,-1,-1
00003078.jpg,115,14,217,121,-1,-1
00003079.jpg,115,14,217,121,-1,-1
00003080.jpg,114,14,216,121,-1,-1
00003081.jpg,114,14,216,121,-1,-1
00003082.jpg,113,14,215,121,-1,-1
00003083.jpg,112,14,214,121,-1,-1
00003084.jpg,112,14,214,121,-1,-1
00003085.jpg,111,14,213,121,-1,-1
00003086.jpg,111,14,213,121,-1,-1
00003087.jpg,111,14,213,121,-1,-1
00003088.jpg,111,14,213,121,-1,-1
00003089.jpg,110,14,212,121,-1,-1
00003090.jpg,110,14,212,121,-1,-1
00003091.jpg,110,14,212,121,-1,-1
00003092.jpg,111,15,213,122,-1,-1
00003093.jpg,111,15,213,122,-1,-1
00003094.jpg,110,15,212,122,-1,-1
00003095.jpg,110,15,212,122,-1,-1
00003096.jpg,110,15,212,122,-1,-1
00003097.jpg,110,15,212,122,-1,-1
00003098.jpg,110,15,212,122,-1,-1
00003099.jpg,110,15,212,122,-1,-1
00003100.jpg,111,15,213,122,-1,-1
00003101.jpg,110,15,212,122,-1,-1
00003102.jpg,110,15,212,122,-1,-1
00003103.jpg,110,15,212,122,-1,-1
00003104.jpg,110,15,212,122,-1,-1
00003105.jpg,109,15,211,122,-1,-1
00003106.jpg,109,15,211,122,-1,-1
00003107.jpg,108,15,210,122,-1,-1
00003108.jpg,107,15,209,122,-1,-1
00003109.jpg,107,15,209,122,-1,-1
00003110.jpg,107,16,209,123,-1,-1
00003111.jpg,107,16,209,123,-1,-1
00003112.jpg,107,16,209,123,-1,-1
00003113.jpg,108,16,210,123,-1,-1
00003114.jpg,108,16,210,123,-1,-1
00003115.jpg,108,16,210,123,-1,-1
00003116.jpg,108,16,210,123,-1,-1
00003117.jpg,107,16,209,123,-1,-1
00003118.jpg,107,16,209,123,-1,-1
00003119.jpg,107,16,209,123,-1,-1
00003120.jpg,107,16,209,123,-1,-1
00003121.jpg,107,16,209,123,-1,-1
00003122.jpg,107,16,209,123,-1,-1
00003123.jpg,107,16,209,123,-1,-1
00003124.jpg,107,16,209,123,-1,-1
00003125.jpg,107,16,209,123,-1,-1
00003126.jpg,107,16,209,123,-1,-1
00003127.jpg,107,16,209,123,-1,-1
00003128.jpg,107,16,209,123,-1,-1
00003129.jpg,107,16,209,123,-1,-1
00003130.jpg,107,16,209,123,-1,-1
00003131.jpg,107,16,209,123,-1,-1
00003132.jpg,107,16,209,123,-1,-1
00003133.jpg,107,16,209,123,-1,-1
00003134.jpg,107,16,209,123,-1,-1
00003135.jpg,107,16,209,123,-1,-1
00003136.jpg,107,16,209,123,-1,-1
00003137.jpg,107,16,209,123,-1,-1
00003138.jpg,107,16,209,123,-1,-1
00003139.jpg,107,16,209,123,-1,-1
00003140.jpg,107,16,209,123,-1,-1
00003141.jpg,107,16,209,123,-1,-1
00003142.jpg,107,16,209,123,-1,-1
00003143.jpg,107,16,209,123,-1,-1
00003144.jpg,107,16,209,123,-1,-1
00003145.jpg,107,16,209,123,-1,-1
00003146.jpg,107,16,209,123,-1,-1
00003147.jpg,107,16,209,123,-1,-1
00003148.jpg,107,16,209,123,-1,-1
00003149.jpg,107,15,209,122,-1,-1
00003150.jpg,107,15,209,122,-1,-1
00003151.jpg,107,15,209,122,-1,-1
00003152.jpg,107,15,209,122,-1,-1
00003153.jpg,107,15,209,122,-1,-1
00003154.jpg,107,15,209,122,-1,-1
00003155.jpg,107,15,209,122,-1,-1
00003156.jpg,107,15,209,122,-1,-1
00003157.jpg,107,15,209,122,-1,-1
00003158.jpg,107,15,209,122,-1,-1
00003159.jpg,107,15,209,122,-1,-1
00003160.jpg,107,15,209,122,-1,-1
00003161.jpg,106,15,208,122,-1,-1
00003162.jpg,106,15,208,122,-1,-1
00003163.jpg,106,15,208,122,-1,-1
00003164.jpg,106,16,208,123,-1,-1
00003165.jpg,106,16,208,123,-1,-1
00003166.jpg,106,16,208,123,-1,-1
00003167.jpg,106,16,208,123,-1,-1
00003168.jpg,106,17,208,124,-1,-1
00003169.jpg,106,17,208,124,-1,-1
00003170.jpg,106,17,208,124,-1,-1
00003171.jpg,106,18,208,125,-1,-1
00003172.jpg,106,18,208,125,-1,-1
00003173.jpg,106,18,208,125,-1,-1
00003174.jpg,106,18,208,125,-1,-1
00003175.jpg,106,19,208,126,-1,-1
00003176.jpg,106,20,208,127,-1,-1
00003177.jpg,106,20,208,127,-1,-1
