00002984.jpg,302,34,404,139,-1,-1
00002985.jpg,302,34,404,139,-1,-1
00002986.jpg,302,34,404,139,-1,-1
00002987.jpg,302,34,404,139,-1,-1
00002988.jpg,301,35,403,140,-1,-1
00002989.jpg,300,35,402,140,-1,-1
00002990.jpg,299,36,401,141,-1,-1
00002991.jpg,299,36,401,141,-1,-1
00002992.jpg,299,36,401,141,-1,-1
00002993.jpg,299,36,401,141,-1,-1
00002994.jpg,299,36,401,141,-1,-1
00002995.jpg,299,36,401,141,-1,-1
00002996.jpg,299,36,401,141,-1,-1
00002997.jpg,299,36,401,141,-1,-1
00002998.jpg,299,36,401,141,-1,-1
00002999.jpg,298,37,400,142,283,160
00003000.jpg,299,37,401,142,283,160
00003001.jpg,299,37,401,142,283,160
00003002.jpg,299,37,401,142,284,161
00003003.jpg,299,37,401,142,285,161
00003004.jpg,299,38,401,143,286,161
00003005.jpg,299,38,401,143,-1,-1
00003006.jpg,299,38,401,143,-1,-1
00003007.jpg,299,38,401,143,-1,-1
00003008.jpg,299,37,401,142,-1,-1
00003009.jpg,299,37,401,142,-1,-1
00003010.jpg,299,37,401,142,-1,-1
00003011.jpg,299,37,401,142,-1,-1
00003012.jpg,299,37,401,142,-1,-1
00003013.jpg,299,37,401,142,-1,-1
00003014.jpg,299,37,401,142,-1,-1
00003015.jpg,299,37,401,142,-1,-1
00003016.jpg,299,37,401,142,-1,-1
00003017.jpg,299,38,401,143,-1,-1
00003018.jpg,299,38,401,143,-1,-1
00003019.jpg,298,38,400,143,-1,-1
00003020.jpg,298,39,400,144,-1,-1
00003021.jpg,298,39,400,144,-1,-1
00003022.jpg,297,39,399,144,-1,-1
00003023.jpg,295,40,397,145,-1,-1
00003024.jpg,290,43,392,148,177,156
00003025.jpg,289,44,391,149,177,156
00003026.jpg,289,44,391,149,167,70
00003027.jpg,286,37,391,151,169,75
00003028.jpg,286,37,391,151,169,75
00003029.jpg,286,37,391,151,172,73
00003030.jpg,286,37,391,151,172,73
00003031.jpg,286,37,391,151,172,73
00003032.jpg,286,37,391,151,172,73
00003033.jpg,286,37,391,151,172,73
00003034.jpg,286,37,391,151,172,73
00003035.jpg,286,37,391,151,172,73
00003036.jpg,286,37,391,151,172,73
00003037.jpg,286,37,391,151,172,73
00003038.jpg,286,37,391,151,172,73
00003039.jpg,286,37,391,151,173,73
00003040.jpg,286,37,391,151,173,73
00003041.jpg,286,37,391,151,175,73
00003042.jpg,286,37,391,151,175,73
00003043.jpg,286,37,391,151,175,73
00003044.jpg,286,37,391,151,173,71
00003045.jpg,286,37,391,151,169,71
00003046.jpg,287,37,392,151,165,70
00003047.jpg,288,37,393,151,29,214
00003048.jpg,288,37,393,151,-1,-1
00003049.jpg,296,40,395,147,-1,-1
00003050.jpg,296,40,395,147,-1,-1
00003051.jpg,296,40,395,147,-1,-1
00003052.jpg,297,40,396,147,-1,-1
00003053.jpg,303,42,398,148,-1,-1
00003054.jpg,304,40,404,150,-1,-1
00003055.jpg,304,40,404,150,-1,-1
00003056.jpg,305,40,405,150,545,218
00003057.jpg,305,40,405,150,494,68
00003058.jpg,305,40,405,150,495,67
00003059.jpg,305,40,405,150,495,68
00003060.jpg,305,40,405,150,494,68
00003061.jpg,305,40,405,150,495,66
00003062.jpg,305,40,405,150,492,67
00003063.jpg,305,40,405,150,542,217
00003064.jpg,303,40,403,150,-1,-1
00003065.jpg,303,40,403,150,-1,-1
00003066.jpg,313,41,408,151,-1,-1
00003067.jpg,306,42,406,149,-1,-1
00003068.jpg,306,42,406,149,-1,-1
00003069.jpg,304,42,404,149,-1,-1
00003070.jpg,303,42,403,149,-1,-1
00003071.jpg,303,42,403,149,-1,-1
00003072.jpg,298,44,398,151,-1,-1
00003073.jpg,296,46,396,153,-1,-1
00003074.jpg,296,47,396,154,-1,-1
00003075.jpg,297,46,397,153,-1,-1
00003076.jpg,297,46,397,153,-1,-1
00003077.jpg,298,45,398,152,-1,-1
00003078.jpg,300,43,400,150,-1,-1
00003079.jpg,301,42,401,149,-1,-1
00003080.jpg,299,43,399,150,-1,-1
00003081.jpg,299,43,399,150,-1,-1
00003082.jpg,298,44,398,151,-1,-1
00003083.jpg,297,45,397,152,-1,-1
00003084.jpg,296,46,396,153,152,58
00003085.jpg,295,47,395,154,152,58
00003086.jpg,295,47,395,154,149,58
00003087.jpg,294,48,394,155,150,58
00003088.jpg,294,47,394,154,150,58
00003089.jpg,294,47,394,154,150,58
00003090.jpg,294,47,394,154,150,58
00003091.jpg,294,47,394,154,149,58
00003092.jpg,294,47,394,154,149,58
00003093.jpg,294,47,394,154,149,58
00003094.jpg,294,47,394,154,149,58
00003095.jpg,293,48,393,155,149,58
00003096.jpg,293,48,393,155,149,58
00003097.jpg,293,48,393,155,149,58
00003098.jpg,294,47,394,154,149,58
00003099.jpg,295,46,395,153,-1,-1
00003100.jpg,297,45,397,152,-1,-1
00003101.jpg,297,45,397,152,-1,-1
00003102.jpg,298,43,398,150,-1,-1
00003103.jpg,298,43,398,150,-1,-1
00003104.jpg,298,43,398,150,-1,-1
00003105.jpg,299,42,399,149,-1,-1
00003106.jpg,299,42,399,149,-1,-1
00003107.jpg,300,42,400,149,-1,-1
00003108.jpg,300,42,400,149,-1,-1
00003109.jpg,300,42,400,149,-1,-1
00003110.jpg,299,42,399,149,-1,-1
00003111.jpg,299,42,399,149,-1,-1
00003112.jpg,299,42,399,149,-1,-1
00003113.jpg,299,42,399,149,-1,-1
00003114.jpg,298,40,396,143,-1,-1
00003115.jpg,298,40,396,143,-1,-1
00003116.jpg,298,40,396,143,-1,-1
00003117.jpg,298,40,396,143,-1,-1
00003118.jpg,297,40,395,143,-1,-1
00003119.jpg,297,40,395,143,-1,-1
00003120.jpg,297,40,395,143,-1,-1
00003121.jpg,297,40,395,143,-1,-1
00003122.jpg,296,40,394,143,-1,-1
00003123.jpg,296,40,394,143,-1,-1
00003124.jpg,294,41,392,144,-1,-1
00003125.jpg,293,41,391,144,-1,-1
00003126.jpg,293,41,391,144,-1,-1
00003127.jpg,293,41,391,144,-1,-1
00003128.jpg,292,41,390,144,-1,-1
00003129.jpg,292,41,390,144,-1,-1
00003130.jpg,292,41,390,144,-1,-1
00003131.jpg,292,41,390,144,-1,-1
00003132.jpg,291,40,389,143,-1,-1
00003133.jpg,292,41,390,144,-1,-1
00003134.jpg,292,41,390,144,-1,-1
00003135.jpg,292,41,390,144,-1,-1
00003136.jpg,292,41,390,144,-1,-1
00003137.jpg,291,41,389,144,-1,-1
00003138.jpg,292,40,390,143,-1,-1
00003139.jpg,292,40,390,143,-1,-1
00003140.jpg,292,40,390,143,-1,-1
00003141.jpg,292,40,390,143,-1,-1
00003142.jpg,293,40,391,143,-1,-1
00003143.jpg,293,40,391,143,-1,-1
00003144.jpg,293,40,391,143,-1,-1
00003145.jpg,293,40,391,143,-1,-1
00003146.jpg,293,40,391,143,-1,-1
00003147.jpg,293,40,391,143,-1,-1
00003148.jpg,293,40,391,143,-1,-1
00003149.jpg,293,40,391,143,-1,-1
00003150.jpg,293,40,391,143,-1,-1
00003151.jpg,294,40,392,143,-1,-1
00003152.jpg,294,40,392,143,-1,-1
00003153.jpg,294,39,392,142,-1,-1
00003154.jpg,294,39,392,142,-1,-1
00003155.jpg,294,39,392,142,-1,-1
00003156.jpg,293,40,391,143,-1,-1
00003157.jpg,292,41,390,144,-1,-1
00003158.jpg,291,42,389,145,-1,-1
00003159.jpg,291,42,389,145,-1,-1
00003160.jpg,291,42,389,145,-1,-1
00003161.jpg,291,41,389,144,-1,-1
00003162.jpg,292,40,390,143,-1,-1
00003163.jpg,293,39,391,142,-1,-1
00003164.jpg,293,39,391,142,-1,-1
00003165.jpg,293,39,391,142,-1,-1
00003166.jpg,292,40,390,143,-1,-1
00003167.jpg,292,41,390,144,-1,-1
00003168.jpg,292,42,390,145,-1,-1
00003169.jpg,292,42,390,145,-1,-1
00003170.jpg,292,42,390,145,-1,-1
00003171.jpg,292,41,390,144,-1,-1
00003172.jpg,292,41,390,144,-1,-1
00003173.jpg,293,40,391,143,-1,-1
00003174.jpg,293,40,391,143,-1,-1
00003175.jpg,293,40,391,143,-1,-1
00003176.jpg,293,40,391,143,-1,-1
00003177.jpg,293,40,391,143,-1,-1
