00010137.jpg,756,0,1691,940,-1,-1
00010138.jpg,756,0,1670,928,-1,-1
00010139.jpg,763,0,1665,928,-1,-1
00010140.jpg,768,0,1644,933,-1,-1
00010141.jpg,767,0,1644,933,-1,-1
00010142.jpg,767,0,1635,929,-1,-1
00010143.jpg,771,2,1622,923,-1,-1
00010144.jpg,771,2,1622,923,-1,-1
00010145.jpg,771,2,1622,923,-1,-1
00010146.jpg,771,13,1607,916,-1,-1
00010147.jpg,775,30,1593,905,-1,-1
00010148.jpg,774,16,1591,915,-1,-1
00010149.jpg,774,16,1591,915,-1,-1
00010150.jpg,774,10,1591,909,-1,-1
00010151.jpg,774,10,1591,909,-1,-1
00010152.jpg,780,6,1597,905,-1,-1
00010153.jpg,790,7,1607,906,-1,-1
00010154.jpg,801,9,1618,908,-1,-1
00010155.jpg,811,10,1628,909,-1,-1
00010156.jpg,811,10,1628,909,-1,-1
00010157.jpg,822,10,1639,909,-1,-1
00010158.jpg,834,9,1651,908,-1,-1
00010159.jpg,847,8,1664,907,-1,-1
00010160.jpg,864,3,1681,902,-1,-1
00010161.jpg,864,3,1681,902,-1,-1
00010162.jpg,881,0,1698,899,-1,-1
00010163.jpg,894,0,1711,899,-1,-1
00010164.jpg,901,0,1718,899,-1,-1
00010165.jpg,903,0,1720,899,-1,-1
00010166.jpg,903,0,1720,899,-1,-1
00010167.jpg,902,0,1719,899,-1,-1
00010168.jpg,899,0,1716,899,-1,-1
00010169.jpg,898,0,1715,899,-1,-1
00010170.jpg,893,0,1710,899,-1,-1
00010171.jpg,893,0,1710,899,-1,-1
00010172.jpg,887,0,1704,899,-1,-1
00010173.jpg,880,0,1697,899,-1,-1
00010174.jpg,874,0,1691,899,-1,-1
00010175.jpg,866,0,1683,899,-1,-1
00010176.jpg,866,0,1683,899,-1,-1
00010177.jpg,860,0,1677,899,-1,-1
00010178.jpg,848,0,1665,899,-1,-1
00010179.jpg,837,0,1654,899,-1,-1
00010180.jpg,830,0,1647,899,-1,-1
00010181.jpg,830,0,1647,899,-1,-1
00010182.jpg,822,0,1639,899,-1,-1
00010183.jpg,816,0,1633,899,-1,-1
00010184.jpg,814,0,1631,899,-1,-1
00010185.jpg,816,0,1633,899,-1,-1
00010186.jpg,816,0,1633,899,-1,-1
00010187.jpg,819,0,1636,899,-1,-1
00010188.jpg,816,0,1633,899,-1,-1
00010189.jpg,812,0,1629,899,-1,-1
00010190.jpg,814,0,1631,899,-1,-1
00010191.jpg,814,0,1631,899,-1,-1
00010192.jpg,815,0,1632,899,-1,-1
00010193.jpg,810,0,1627,899,-1,-1
00010194.jpg,803,0,1620,899,-1,-1
00010195.jpg,797,0,1614,899,-1,-1
00010196.jpg,797,0,1614,899,-1,-1
00010197.jpg,783,0,1600,899,-1,-1
00010198.jpg,775,0,1592,899,-1,-1
00010199.jpg,766,0,1583,899,-1,-1
00010200.jpg,759,0,1576,899,-1,-1
00010201.jpg,759,0,1576,899,-1,-1
00010202.jpg,755,0,1572,899,-1,-1
00010203.jpg,757,0,1574,899,-1,-1
00010204.jpg,763,0,1580,899,-1,-1
00010205.jpg,766,10,1583,909,-1,-1
00010206.jpg,766,10,1583,909,-1,-1
00010207.jpg,771,12,1588,911,-1,-1
00010208.jpg,776,10,1593,909,-1,-1
00010209.jpg,783,4,1600,903,-1,-1
00010210.jpg,792,1,1609,900,-1,-1
00010211.jpg,792,1,1609,900,-1,-1
00010212.jpg,802,1,1619,900,-1,-1
00010213.jpg,815,0,1632,899,-1,-1
00010214.jpg,833,0,1650,899,-1,-1
00010215.jpg,852,0,1669,899,-1,-1
00010216.jpg,852,0,1669,899,-1,-1
00010217.jpg,867,0,1684,899,-1,-1
00010218.jpg,874,0,1691,899,-1,-1
00010219.jpg,887,0,1704,899,-1,-1
00010220.jpg,902,0,1719,899,-1,-1
00010221.jpg,902,0,1719,899,-1,-1
00010222.jpg,921,0,1738,899,-1,-1
00010223.jpg,929,0,1746,899,-1,-1
00010224.jpg,938,0,1755,899,-1,-1
00010225.jpg,938,5,1755,904,-1,-1
00010226.jpg,938,5,1755,904,-1,-1
00010227.jpg,937,8,1754,907,-1,-1
00010228.jpg,933,9,1750,908,-1,-1
00010229.jpg,935,8,1752,907,-1,-1
00010230.jpg,936,10,1753,909,-1,-1
00010231.jpg,936,10,1753,909,-1,-1
00010232.jpg,929,16,1746,915,-1,-1
00010233.jpg,922,22,1739,921,-1,-1
00010234.jpg,913,28,1730,927,-1,-1
00010235.jpg,903,34,1720,933,-1,-1
00010236.jpg,903,34,1720,933,-1,-1
00010237.jpg,890,41,1707,940,-1,-1
00010238.jpg,880,49,1697,948,-1,-1
00010239.jpg,877,55,1694,954,-1,-1
00010240.jpg,879,59,1696,958,-1,-1
00010241.jpg,879,59,1696,958,-1,-1
00010242.jpg,880,62,1697,961,-1,-1
00010243.jpg,880,63,1697,962,-1,-1
00010244.jpg,881,61,1698,960,-1,-1
00010245.jpg,884,61,1701,960,-1,-1
00010246.jpg,884,61,1701,960,-1,-1
00010247.jpg,887,58,1704,957,-1,-1
00010248.jpg,891,49,1708,948,-1,-1
00010249.jpg,894,39,1711,938,-1,-1
00010250.jpg,896,27,1713,926,-1,-1
00010251.jpg,896,27,1713,926,-1,-1
00010252.jpg,893,15,1710,914,-1,-1
00010253.jpg,888,5,1705,904,-1,-1
00010254.jpg,884,0,1701,899,-1,-1
00010255.jpg,877,0,1694,899,-1,-1
00010256.jpg,877,0,1694,899,-1,-1
00010257.jpg,871,0,1688,899,-1,-1
00010258.jpg,866,0,1683,899,-1,-1
00010259.jpg,861,0,1678,899,-1,-1
00010260.jpg,856,0,1673,899,-1,-1
00010261.jpg,856,0,1673,899,-1,-1
00010262.jpg,847,0,1664,899,-1,-1
00010263.jpg,841,0,1658,899,-1,-1
00010264.jpg,836,0,1653,899,-1,-1
00010265.jpg,828,0,1645,899,-1,-1
00010266.jpg,828,0,1645,899,-1,-1
00010267.jpg,820,0,1637,899,-1,-1
00010268.jpg,814,0,1631,899,358,294
00010269.jpg,813,0,1630,899,358,296
00010270.jpg,816,0,1633,899,358,296
00010271.jpg,816,0,1633,899,358,296
00010272.jpg,819,0,1636,899,357,300
00010273.jpg,819,0,1636,899,357,295
00010274.jpg,818,0,1635,899,362,287
00010275.jpg,820,0,1637,899,365,282
00010276.jpg,820,0,1637,899,366,279
00010277.jpg,823,0,1640,899,367,268
00010278.jpg,826,0,1643,899,371,275
00010279.jpg,829,0,1646,899,375,271
00010280.jpg,829,0,1646,899,386,282
