00010137.jpg,0,0,439,897,1049,469
00010138.jpg,0,0,439,897,1042,465
00010139.jpg,0,0,439,897,1029,461
00010140.jpg,0,0,439,897,1011,454
00010141.jpg,0,0,439,897,1003,458
00010142.jpg,4,0,443,897,1009,458
00010143.jpg,0,2,440,962,-1,-1
00010144.jpg,0,2,440,962,-1,-1
00010145.jpg,1,1,441,880,-1,-1
00010146.jpg,1,1,441,880,-1,-1
00010147.jpg,1,0,460,914,-1,-1
00010148.jpg,1,0,460,914,-1,-1
00010149.jpg,0,1,478,914,-1,-1
00010150.jpg,0,1,478,914,-1,-1
00010151.jpg,0,1,478,914,-1,-1
00010152.jpg,2,4,536,895,-1,-1
00010153.jpg,2,4,536,895,-1,-1
00010154.jpg,1,2,563,909,-1,-1
00010155.jpg,1,2,563,909,-1,-1
00010156.jpg,1,2,563,909,-1,-1
00010157.jpg,1,2,608,921,-1,-1
00010158.jpg,1,2,608,921,-1,-1
00010159.jpg,5,2,612,921,-1,-1
00010160.jpg,7,0,614,919,-1,-1
00010161.jpg,7,0,614,919,-1,-1
00010162.jpg,5,0,612,919,-1,-1
00010163.jpg,2,0,609,919,-1,-1
00010164.jpg,0,0,607,919,-1,-1
00010165.jpg,0,0,607,919,-1,-1
00010166.jpg,0,0,607,919,-1,-1
00010167.jpg,0,0,607,919,-1,-1
00010168.jpg,0,0,607,919,-1,-1
00010169.jpg,0,0,607,919,-1,-1
00010170.jpg,0,0,607,919,-1,-1
00010171.jpg,0,0,607,919,-1,-1
00010172.jpg,0,0,607,919,-1,-1
00010173.jpg,0,0,607,919,-1,-1
00010174.jpg,0,0,607,919,-1,-1
00010175.jpg,1,4,620,956,-1,-1
00010176.jpg,1,4,620,956,-1,-1
00010177.jpg,0,7,619,959,-1,-1
00010178.jpg,0,7,619,959,-1,-1
00010179.jpg,0,5,619,957,-1,-1
00010180.jpg,0,0,619,952,-1,-1
00010181.jpg,0,0,619,952,-1,-1
00010182.jpg,1,0,620,952,-1,-1
00010183.jpg,0,0,619,952,-1,-1
00010184.jpg,0,0,619,952,-1,-1
00010185.jpg,0,0,619,952,-1,-1
00010186.jpg,0,0,619,952,-1,-1
00010187.jpg,0,0,619,952,-1,-1
00010188.jpg,0,0,619,952,-1,-1
00010189.jpg,0,2,622,1026,-1,-1
00010190.jpg,0,2,622,1026,-1,-1
00010191.jpg,0,2,622,1026,-1,-1
00010192.jpg,0,0,622,1024,-1,-1
00010193.jpg,0,0,622,1024,-1,-1
00010194.jpg,0,0,622,1024,-1,-1
00010195.jpg,0,0,622,1024,-1,-1
00010196.jpg,0,0,622,1024,-1,-1
00010197.jpg,0,0,622,1024,-1,-1
00010198.jpg,0,0,622,1024,-1,-1
00010199.jpg,2,1,553,1072,-1,-1
00010200.jpg,2,1,553,1072,-1,-1
00010201.jpg,2,1,553,1072,-1,-1
00010202.jpg,0,5,551,1076,-1,-1
00010203.jpg,0,9,551,1080,-1,-1
00010204.jpg,0,0,540,1076,-1,-1
00010205.jpg,0,0,540,1076,-1,-1
00010206.jpg,0,0,540,1076,-1,-1
00010207.jpg,11,2,551,1078,-1,-1
00010208.jpg,0,2,525,1080,-1,-1
00010209.jpg,0,2,525,1080,-1,-1
00010210.jpg,2,2,531,1079,-1,-1
00010211.jpg,2,2,531,1079,-1,-1
00010212.jpg,1,2,595,1078,-1,-1
00010213.jpg,1,2,595,1078,-1,-1
00010214.jpg,2,3,582,1067,-1,-1
00010215.jpg,2,3,582,1067,-1,-1
00010216.jpg,2,3,582,1067,-1,-1
00010217.jpg,4,4,639,1064,-1,-1
00010218.jpg,4,4,639,1064,-1,-1
00010219.jpg,16,7,651,1067,-1,-1
00010220.jpg,4,3,709,1056,-1,-1
00010221.jpg,4,3,709,1056,-1,-1
00010222.jpg,11,6,716,1059,-1,-1
00010223.jpg,2,1,716,1075,-1,-1
00010224.jpg,2,1,716,1075,-1,-1
00010225.jpg,5,4,719,1078,-1,-1
00010226.jpg,5,4,719,1078,-1,-1
00010227.jpg,4,6,718,1080,-1,-1
00010228.jpg,0,5,714,1079,-1,-1
00010229.jpg,0,0,714,1074,-1,-1
00010230.jpg,0,0,714,1074,-1,-1
00010231.jpg,0,0,714,1074,-1,-1
00010232.jpg,0,0,714,1074,-1,-1
00010233.jpg,0,3,714,1077,-1,-1
00010234.jpg,0,6,714,1080,-1,-1
00010235.jpg,0,6,714,1080,-1,-1
00010236.jpg,0,6,714,1080,-1,-1
00010237.jpg,0,6,714,1080,-1,-1
00010238.jpg,0,6,714,1080,-1,-1
00010239.jpg,0,6,714,1080,-1,-1
00010240.jpg,0,6,714,1080,-1,-1
00010241.jpg,0,6,714,1080,-1,-1
00010242.jpg,0,6,714,1080,-1,-1
00010243.jpg,0,6,714,1080,-1,-1
00010244.jpg,0,6,714,1080,-1,-1
00010245.jpg,0,6,714,1080,-1,-1
00010246.jpg,0,6,714,1080,-1,-1
00010247.jpg,0,6,714,1080,-1,-1
00010248.jpg,0,6,714,1080,-1,-1
00010249.jpg,0,6,714,1080,-1,-1
00010250.jpg,0,6,714,1080,1042,506
00010251.jpg,0,6,714,1080,1042,506
00010252.jpg,0,6,714,1080,1037,493
00010253.jpg,0,1,612,1022,1033,478
00010254.jpg,0,1,612,1022,1027,469
00010255.jpg,0,0,612,1021,1029,457
00010256.jpg,0,0,612,1021,1025,457
00010257.jpg,0,0,612,1021,1018,445
00010258.jpg,0,0,612,1021,1007,436
00010259.jpg,0,0,612,1021,1006,434
00010260.jpg,0,0,524,918,995,434
00010261.jpg,0,0,524,918,998,434
00010262.jpg,0,1,524,919,989,437
00010263.jpg,0,4,524,922,979,437
00010264.jpg,0,6,524,924,978,437
00010265.jpg,0,8,524,926,978,437
00010266.jpg,0,8,524,926,971,438
00010267.jpg,0,12,524,930,963,442
00010268.jpg,0,12,524,930,957,442
00010269.jpg,1,2,496,933,955,437
00010270.jpg,1,2,496,933,955,437
00010271.jpg,1,2,496,933,955,437
00010272.jpg,1,0,496,931,955,437
00010273.jpg,1,0,496,931,955,437
00010274.jpg,2,0,497,931,959,421
00010275.jpg,3,0,498,931,959,421
00010276.jpg,3,0,498,931,962,418
00010277.jpg,5,0,500,931,963,417
00010278.jpg,8,0,503,931,965,416
00010279.jpg,12,0,507,931,969,418
00010280.jpg,12,0,507,931,970,422
