00017952.jpg,439,274,832,668,1247,353
00017953.jpg,439,274,832,668,1247,353
00017954.jpg,439,274,832,668,1247,353
00017955.jpg,439,274,832,668,1243,359
00017956.jpg,439,274,832,668,1243,360
00017957.jpg,439,274,832,668,1243,365
00017958.jpg,439,273,832,667,1243,365
00017959.jpg,440,273,833,667,1243,365
00017960.jpg,441,273,834,667,1243,365
00017961.jpg,441,273,834,667,1243,365
00017962.jpg,442,273,835,667,1243,365
00017963.jpg,442,273,835,667,1241,361
00017964.jpg,443,273,836,667,1237,355
00017965.jpg,443,273,836,667,1235,355
00017966.jpg,443,273,836,667,1232,356
00017967.jpg,443,272,836,666,1227,359
00017968.jpg,444,272,837,666,1227,359
00017969.jpg,443,272,836,666,1222,358
00017970.jpg,443,272,836,666,1222,358
00017971.jpg,443,272,836,666,1218,356
00017972.jpg,443,272,836,666,1213,349
00017973.jpg,442,272,835,666,1213,349
00017974.jpg,442,272,835,666,1210,348
00017975.jpg,441,272,834,666,1210,348
00017976.jpg,441,272,834,666,1207,343
00017977.jpg,440,272,833,666,1198,338
00017978.jpg,440,272,833,666,1198,338
00017979.jpg,439,272,832,666,1200,336
00017980.jpg,438,272,831,666,1202,333
00017981.jpg,437,272,830,666,1202,333
00017982.jpg,436,273,829,667,1202,333
00017983.jpg,436,272,829,666,1198,331
00017984.jpg,435,272,828,666,1198,331
00017985.jpg,435,272,828,666,1198,331
00017986.jpg,436,272,829,666,1192,335
00017987.jpg,437,273,830,667,1192,336
00017988.jpg,438,273,831,667,1191,336
00017989.jpg,439,277,832,671,1185,339
00017990.jpg,442,280,835,674,1181,339
00017991.jpg,443,281,836,675,1178,339
00017992.jpg,447,282,840,676,1176,336
00017993.jpg,450,281,843,675,1176,336
00017994.jpg,453,282,846,676,1173,336
00017995.jpg,456,281,849,675,1172,336
00017996.jpg,458,280,851,674,1171,336
00017997.jpg,462,275,855,669,1162,331
00017998.jpg,465,272,858,666,1162,331
00017999.jpg,467,271,860,665,1162,334
00018000.jpg,470,271,863,665,1165,339
00018001.jpg,471,272,864,666,1167,339
00018002.jpg,472,274,865,668,1170,339
00018003.jpg,474,276,867,670,1171,339
00018004.jpg,476,278,869,672,1172,338
00018005.jpg,480,278,873,672,1173,339
00018006.jpg,481,280,874,674,1176,339
00018007.jpg,484,282,877,676,1178,341
00018008.jpg,485,282,878,676,1181,341
00018009.jpg,485,281,878,675,1185,343
00018010.jpg,485,279,878,673,1191,341
00018011.jpg,485,278,878,672,1201,338
00018012.jpg,484,276,877,670,1210,335
00018013.jpg,484,275,877,669,1212,334
00018014.jpg,483,272,876,666,1218,328
00018015.jpg,481,271,874,665,1223,320
00018016.jpg,479,271,872,665,1228,320
00018017.jpg,476,271,869,665,1233,309
00018018.jpg,475,271,868,665,1233,309
00018019.jpg,472,271,865,665,1233,309
00018020.jpg,470,271,863,665,1237,308
00018021.jpg,468,271,861,665,1238,301
00018022.jpg,465,270,858,664,1246,295
00018023.jpg,463,270,856,664,1252,289
00018024.jpg,458,269,851,663,1252,289
00018025.jpg,454,267,847,661,1252,289
00018026.jpg,451,267,844,661,1253,284
00018027.jpg,447,267,840,661,1253,281
00018028.jpg,445,267,838,661,1253,280
00018029.jpg,440,267,833,661,1253,280
00018030.jpg,436,267,829,661,1255,273
00018031.jpg,435,267,828,661,1253,269
00018032.jpg,432,268,825,662,1250,266
00018033.jpg,430,268,823,662,1248,265
00018034.jpg,427,270,820,664,1243,264
00018035.jpg,426,272,819,666,1242,263
00018036.jpg,425,274,818,668,1240,261
00018037.jpg,424,275,817,669,1226,260
00018038.jpg,423,276,816,670,1225,259
00018039.jpg,422,276,815,670,1218,256
00018040.jpg,420,276,813,670,1213,255
00018041.jpg,419,276,812,670,1207,254
00018042.jpg,419,276,812,670,1198,255
