00002739.jpg,318,159,584,438,746,783
00002740.jpg,318,159,584,438,746,783
00002741.jpg,318,159,584,438,746,783
00002742.jpg,318,159,584,438,746,783
00002743.jpg,318,159,584,438,746,783
00002744.jpg,318,159,584,438,746,783
00002745.jpg,318,159,584,438,746,783
00002746.jpg,318,159,584,438,746,783
00002747.jpg,318,160,584,439,746,783
00002748.jpg,318,160,584,439,746,783
00002749.jpg,318,160,584,439,746,783
00002750.jpg,318,160,584,439,746,783
00002751.jpg,318,160,584,439,746,783
00002752.jpg,318,160,584,439,746,783
00002753.jpg,318,160,584,439,746,783
00002754.jpg,318,160,584,439,746,783
00002755.jpg,318,160,584,439,746,783
00002756.jpg,318,160,584,439,746,783
00002757.jpg,318,160,584,439,746,783
00002758.jpg,318,160,584,439,746,783
00002759.jpg,318,160,584,439,746,783
00002760.jpg,318,160,584,439,746,783
00002761.jpg,318,160,584,439,746,783
00002762.jpg,318,160,584,439,746,783
00002763.jpg,318,160,584,439,746,783
00002764.jpg,318,160,584,439,746,783
00002765.jpg,318,160,584,439,746,783
00002766.jpg,318,160,584,439,746,783
00002767.jpg,318,159,584,438,746,783
00002768.jpg,318,159,584,438,746,783
00002769.jpg,318,158,584,437,746,783
00002770.jpg,317,158,583,437,746,783
00002771.jpg,317,157,583,436,-1,-1
00002772.jpg,317,157,583,436,-1,-1
00002773.jpg,317,156,583,435,-1,-1
00002774.jpg,317,156,583,435,-1,-1
00002775.jpg,317,156,583,435,-1,-1
00002776.jpg,317,156,583,435,-1,-1
00002777.jpg,317,156,583,435,-1,-1
00002778.jpg,317,155,583,434,-1,-1
00002779.jpg,317,155,583,434,-1,-1
00002780.jpg,317,155,583,434,-1,-1
00002781.jpg,317,155,583,434,-1,-1
00002782.jpg,317,155,583,434,-1,-1
00002783.jpg,317,156,583,435,-1,-1
00002784.jpg,317,156,583,435,-1,-1
00002785.jpg,317,156,583,435,-1,-1
00002786.jpg,317,156,583,435,-1,-1
00002787.jpg,317,156,583,435,-1,-1
00002788.jpg,317,156,583,435,-1,-1
00002789.jpg,317,156,583,435,-1,-1
00002790.jpg,317,156,583,435,-1,-1
00002791.jpg,317,156,583,435,-1,-1
00002792.jpg,317,156,583,435,-1,-1
00002793.jpg,317,156,583,435,-1,-1
00002794.jpg,317,156,583,435,-1,-1
00002795.jpg,317,156,583,435,-1,-1
00002796.jpg,316,156,582,435,-1,-1
00002797.jpg,316,156,582,435,-1,-1
00002798.jpg,316,157,582,436,-1,-1
00002799.jpg,316,157,582,436,-1,-1
00002800.jpg,316,157,582,436,-1,-1
00002801.jpg,316,157,582,436,-1,-1
00002802.jpg,316,157,582,436,-1,-1
00002803.jpg,316,157,582,436,-1,-1
00002804.jpg,316,157,582,436,-1,-1
00002805.jpg,317,157,583,436,-1,-1
00002806.jpg,317,157,583,436,-1,-1
00002807.jpg,317,157,583,436,-1,-1
00002808.jpg,317,157,583,436,-1,-1
00002809.jpg,317,157,583,436,-1,-1
00002810.jpg,317,157,583,436,-1,-1
00002811.jpg,317,157,583,436,-1,-1
00002812.jpg,317,157,583,436,-1,-1
00002813.jpg,317,157,583,436,-1,-1
00002814.jpg,317,157,583,436,-1,-1
00002815.jpg,317,157,583,436,-1,-1
00002816.jpg,317,157,583,436,-1,-1
00002817.jpg,317,157,583,436,-1,-1
00002818.jpg,317,157,583,436,-1,-1
