00002739.jpg,956,83,1196,326,964,350
00002740.jpg,956,83,1196,326,964,350
00002741.jpg,956,83,1196,326,964,350
00002742.jpg,956,83,1196,326,964,350
00002743.jpg,956,83,1196,326,964,350
00002744.jpg,956,83,1196,326,964,350
00002745.jpg,956,83,1196,326,964,350
00002746.jpg,956,83,1196,326,964,350
00002747.jpg,956,83,1196,326,964,350
00002748.jpg,956,83,1196,326,964,350
00002749.jpg,956,83,1196,326,964,350
00002750.jpg,957,83,1197,326,964,350
00002751.jpg,957,84,1197,327,964,350
00002752.jpg,957,84,1197,327,964,350
00002753.jpg,957,84,1197,327,964,350
00002754.jpg,957,85,1197,328,964,350
00002755.jpg,958,85,1198,328,964,350
00002756.jpg,958,86,1198,329,964,350
00002757.jpg,959,86,1199,329,964,350
00002758.jpg,959,87,1199,330,964,350
00002759.jpg,959,88,1199,331,964,350
00002760.jpg,959,88,1199,331,-1,-1
00002761.jpg,960,89,1200,332,-1,-1
00002762.jpg,961,89,1201,332,-1,-1
00002763.jpg,959,90,1199,333,-1,-1
00002764.jpg,960,89,1200,332,-1,-1
00002765.jpg,961,89,1201,332,-1,-1
00002766.jpg,962,90,1202,333,-1,-1
00002767.jpg,963,90,1203,333,-1,-1
00002768.jpg,963,90,1203,333,-1,-1
00002769.jpg,965,91,1205,334,-1,-1
00002770.jpg,966,92,1206,335,-1,-1
00002771.jpg,967,92,1207,335,-1,-1
00002772.jpg,967,92,1207,335,-1,-1
00002773.jpg,967,92,1207,335,-1,-1
00002774.jpg,967,93,1207,336,-1,-1
00002775.jpg,967,93,1207,336,-1,-1
00002776.jpg,967,93,1207,336,-1,-1
00002777.jpg,967,93,1207,336,-1,-1
00002778.jpg,967,94,1207,337,-1,-1
00002779.jpg,968,94,1208,337,-1,-1
00002780.jpg,969,95,1209,338,-1,-1
00002781.jpg,970,96,1210,339,-1,-1
00002782.jpg,971,97,1211,340,-1,-1
00002783.jpg,972,99,1212,342,-1,-1
00002784.jpg,974,100,1214,343,-1,-1
00002785.jpg,975,101,1215,344,-1,-1
00002786.jpg,976,102,1216,345,-1,-1
00002787.jpg,978,102,1218,345,-1,-1
00002788.jpg,980,102,1220,345,-1,-1
00002789.jpg,980,102,1220,345,-1,-1
00002790.jpg,982,101,1222,344,-1,-1
00002791.jpg,981,101,1221,344,-1,-1
00002792.jpg,979,102,1219,345,-1,-1
00002793.jpg,982,100,1222,343,-1,-1
00002794.jpg,981,100,1221,343,-1,-1
00002795.jpg,980,100,1220,343,-1,-1
00002796.jpg,979,100,1219,343,-1,-1
00002797.jpg,979,99,1219,342,-1,-1
00002798.jpg,977,99,1217,342,-1,-1
00002799.jpg,976,99,1216,342,-1,-1
00002800.jpg,975,99,1215,342,-1,-1
00002801.jpg,973,100,1213,343,-1,-1
00002802.jpg,971,101,1211,344,-1,-1
00002803.jpg,970,101,1210,344,-1,-1
00002804.jpg,969,102,1209,345,-1,-1
00002805.jpg,967,103,1207,346,-1,-1
00002806.jpg,966,104,1206,347,-1,-1
00002807.jpg,963,105,1203,348,-1,-1
00002808.jpg,962,106,1202,349,-1,-1
00002809.jpg,959,108,1199,351,-1,-1
00002810.jpg,958,109,1198,352,-1,-1
00002811.jpg,957,110,1197,353,-1,-1
00002812.jpg,956,112,1196,355,-1,-1
00002813.jpg,956,113,1196,356,-1,-1
00002814.jpg,956,114,1196,357,-1,-1
00002815.jpg,955,115,1195,358,-1,-1
00002816.jpg,955,116,1195,359,-1,-1
00002817.jpg,954,117,1194,360,-1,-1
00002818.jpg,954,117,1194,360,-1,-1
