00005754.jpg,143,418,387,682,-1,-1
00005755.jpg,143,418,387,682,970,257
00005756.jpg,143,418,387,682,973,256
00005757.jpg,143,418,387,682,973,256
00005758.jpg,143,418,387,682,973,256
00005759.jpg,143,418,387,682,973,256
00005760.jpg,143,418,387,682,972,253
00005761.jpg,143,418,387,682,970,254
00005762.jpg,143,418,387,682,973,256
00005763.jpg,143,418,387,682,972,254
00005764.jpg,143,418,387,682,971,256
00005765.jpg,143,418,387,682,971,255
00005766.jpg,143,418,387,682,970,254
00005767.jpg,143,418,387,682,971,254
00005768.jpg,143,418,387,682,970,255
00005769.jpg,143,418,387,682,970,254
00005770.jpg,143,418,387,682,970,254
00005771.jpg,143,418,387,682,969,253
00005772.jpg,143,418,387,682,967,251
00005773.jpg,143,418,387,682,968,250
00005774.jpg,143,418,387,682,968,250
00005775.jpg,143,418,387,682,969,249
00005776.jpg,143,418,387,682,969,250
00005777.jpg,143,418,387,682,968,258
00005778.jpg,143,418,387,682,973,265
00005779.jpg,143,418,387,682,976,272
00005780.jpg,143,418,387,682,976,278
00005781.jpg,142,418,386,682,978,281
00005782.jpg,142,418,386,682,978,292
00005783.jpg,142,418,386,682,980,297
00005784.jpg,142,418,386,682,980,302
00005785.jpg,142,418,386,682,980,304
00005786.jpg,142,418,386,682,980,304
00005787.jpg,142,418,386,682,982,308
00005788.jpg,142,418,386,682,982,308
00005789.jpg,142,418,386,682,985,308
00005790.jpg,142,418,386,682,985,308
00005791.jpg,142,418,386,682,992,306
00005792.jpg,142,418,386,682,993,306
00005793.jpg,142,418,386,682,993,306
00005794.jpg,142,418,386,682,992,306
00005795.jpg,142,418,386,682,992,306
00005796.jpg,142,418,386,682,992,306
00005797.jpg,142,418,386,682,992,306
00005798.jpg,142,418,386,682,992,304
00005799.jpg,142,418,386,682,992,304
00005800.jpg,142,418,386,682,989,305
00005801.jpg,142,418,386,682,984,300
00005802.jpg,142,418,386,682,986,300
00005803.jpg,142,418,386,682,985,289
00005804.jpg,142,418,386,682,982,284
00005805.jpg,142,418,386,682,978,277
00005806.jpg,142,418,386,682,976,272
00005807.jpg,142,418,386,682,974,266
00005808.jpg,142,418,386,682,973,266
00005809.jpg,142,418,386,682,970,262
00005810.jpg,142,418,386,682,970,262
00005811.jpg,142,418,386,682,970,262
00005812.jpg,142,418,386,682,970,262
00005813.jpg,142,418,386,682,970,262
00005814.jpg,142,418,386,682,970,262
00005815.jpg,142,418,386,682,966,262
00005816.jpg,142,418,386,682,966,261
00005817.jpg,142,418,386,682,966,261
00005818.jpg,142,418,386,682,966,261
00005819.jpg,142,418,386,682,965,261
00005820.jpg,142,418,386,682,956,258
00005821.jpg,142,418,386,682,952,258
00005822.jpg,142,418,386,682,952,258
00005823.jpg,142,418,386,682,952,258
00005824.jpg,142,418,386,682,946,258
00005825.jpg,142,418,386,682,946,258
00005826.jpg,142,418,386,682,941,257
00005827.jpg,142,418,386,682,941,257
00005828.jpg,142,418,386,682,941,257
00005829.jpg,142,418,386,682,941,257
00005830.jpg,142,418,386,682,946,257
00005831.jpg,142,418,386,682,949,257
00005832.jpg,142,418,386,682,955,257
00005833.jpg,142,418,386,682,956,257
00005834.jpg,142,418,386,682,956,257
00005835.jpg,142,418,386,682,957,255
00005836.jpg,142,418,386,682,959,255
00005837.jpg,142,418,386,682,960,253
00005838.jpg,142,418,386,682,962,254
00005839.jpg,142,418,386,682,962,253
00005840.jpg,142,418,386,682,963,253
00005841.jpg,142,418,386,682,964,254
00005842.jpg,142,418,386,682,966,253
00005843.jpg,142,418,386,682,968,252
00005844.jpg,142,418,386,682,969,252
00005845.jpg,142,418,386,682,970,252
00005846.jpg,142,418,386,682,972,251
00005847.jpg,142,418,386,682,973,252
00005848.jpg,142,418,386,682,972,253
00005849.jpg,142,418,386,682,974,252
00005850.jpg,142,418,386,682,975,254
00005851.jpg,142,418,386,682,976,254
00005852.jpg,142,418,386,682,977,253
00005853.jpg,142,417,386,681,978,254
00005854.jpg,142,417,386,681,979,254
00005855.jpg,142,417,386,681,980,254
00005856.jpg,142,417,386,681,981,254
00005857.jpg,142,417,386,681,982,254
00005858.jpg,142,417,386,681,984,254
00005859.jpg,142,417,386,681,986,253
00005860.jpg,142,416,386,680,987,253
00005861.jpg,142,416,386,680,989,252
00005862.jpg,142,416,386,680,990,252
00005863.jpg,142,416,386,680,990,253
00005864.jpg,142,416,386,680,993,254
00005865.jpg,141,416,385,680,991,254
00005866.jpg,141,416,385,680,993,253
00005867.jpg,141,416,385,680,993,254
00005868.jpg,141,417,385,681,994,254
00005869.jpg,141,417,385,681,997,257
00005870.jpg,141,417,385,681,996,262
00005871.jpg,141,417,385,681,990,270
00005872.jpg,141,417,385,681,989,278
00005873.jpg,141,417,385,681,982,289
00005874.jpg,141,417,385,681,972,300
00005875.jpg,141,417,385,681,966,308
