00008266.jpg,354,34,604,309,-1,-1
00008267.jpg,357,36,610,310,-1,-1
00008268.jpg,353,32,613,312,-1,-1
00008269.jpg,353,32,613,312,-1,-1
00008270.jpg,357,30,617,310,-1,-1
00008271.jpg,362,28,622,308,-1,-1
00008272.jpg,367,26,627,306,-1,-1
00008273.jpg,373,25,633,305,-1,-1
00008274.jpg,382,22,642,302,-1,-1
00008275.jpg,387,22,647,302,-1,-1
00008276.jpg,392,21,652,301,-1,-1
00008277.jpg,397,21,657,301,-1,-1
00008278.jpg,403,22,663,302,-1,-1
00008279.jpg,415,25,675,305,-1,-1
00008280.jpg,422,27,682,307,-1,-1
00008281.jpg,429,30,689,310,-1,-1
00008282.jpg,435,32,695,312,-1,-1
00008283.jpg,442,35,702,315,-1,-1
00008284.jpg,456,41,716,321,-1,-1
00008285.jpg,463,44,723,324,-1,-1
00008286.jpg,470,47,730,327,-1,-1
00008287.jpg,476,50,736,330,-1,-1
00008288.jpg,482,51,742,331,-1,-1
00008289.jpg,492,54,752,334,-1,-1
00008290.jpg,497,57,757,337,-1,-1
00008291.jpg,494,13,761,335,-1,-1
00008292.jpg,494,13,761,335,-1,-1
00008293.jpg,495,14,762,336,-1,-1
00008294.jpg,494,14,761,336,-1,-1
00008295.jpg,493,14,760,336,-1,-1
00008296.jpg,491,14,758,336,-1,-1
00008297.jpg,488,12,755,334,-1,-1
00008298.jpg,485,10,752,332,-1,-1
00008299.jpg,477,3,744,325,-1,-1
00008300.jpg,473,0,740,322,-1,-1
00008301.jpg,468,0,735,322,-1,-1
00008302.jpg,467,6,734,328,-1,-1
00008303.jpg,462,2,729,324,-1,-1
00008304.jpg,454,0,721,322,-1,-1
00008305.jpg,450,0,717,322,-1,-1
00008306.jpg,447,0,714,322,-1,-1
00008307.jpg,445,0,712,322,-1,-1
00008308.jpg,442,0,709,322,-1,-1
00008309.jpg,437,0,704,322,-1,-1
00008310.jpg,436,0,703,322,-1,-1
00008311.jpg,413,6,699,306,-1,-1
00008312.jpg,413,6,699,306,-1,-1
00008313.jpg,412,6,698,306,-1,-1
00008314.jpg,410,6,696,306,-1,-1
00008315.jpg,410,6,696,306,-1,-1
00008316.jpg,409,6,695,306,-1,-1
00008317.jpg,409,6,695,306,-1,-1
00008318.jpg,409,6,695,306,-1,-1
00008319.jpg,409,6,695,306,-1,-1
00008320.jpg,409,6,695,306,-1,-1
00008321.jpg,409,6,695,306,-1,-1
00008322.jpg,409,6,695,306,-1,-1
00008323.jpg,409,6,695,306,-1,-1
00008324.jpg,409,7,695,307,-1,-1
00008325.jpg,409,7,695,307,-1,-1
00008326.jpg,409,7,695,307,-1,-1
00008327.jpg,409,8,695,308,-1,-1
00008328.jpg,409,8,695,308,-1,-1
00008329.jpg,408,8,694,308,-1,-1
00008330.jpg,408,8,694,308,-1,-1
00008331.jpg,408,8,694,308,-1,-1
00008332.jpg,408,7,694,307,-1,-1
00008333.jpg,409,7,695,307,-1,-1
00008334.jpg,409,8,695,308,-1,-1
00008335.jpg,409,8,695,308,-1,-1
00008336.jpg,409,8,695,308,-1,-1
00008337.jpg,409,9,695,309,-1,-1
00008338.jpg,408,9,694,309,-1,-1
00008339.jpg,408,10,694,310,-1,-1
00008340.jpg,408,10,694,310,-1,-1
00008341.jpg,408,10,694,310,-1,-1
00008342.jpg,408,11,694,311,-1,-1
00008343.jpg,408,11,694,311,-1,-1
00008344.jpg,408,11,694,311,-1,-1
00008345.jpg,408,12,694,312,-1,-1
00008346.jpg,408,12,694,312,-1,-1
00008347.jpg,407,12,693,312,-1,-1
00008348.jpg,407,12,693,312,-1,-1
00008349.jpg,407,12,693,312,-1,-1
00008350.jpg,406,12,692,312,-1,-1
00008351.jpg,405,13,691,313,-1,-1
00008352.jpg,405,13,691,313,-1,-1
00008353.jpg,405,13,691,313,-1,-1
00008354.jpg,404,13,690,313,-1,-1
00008355.jpg,404,13,690,313,-1,-1
00008356.jpg,403,13,689,313,-1,-1
00008357.jpg,403,13,689,313,-1,-1
00008358.jpg,403,13,689,313,-1,-1
00008359.jpg,403,13,689,313,-1,-1
00008360.jpg,402,13,688,313,-1,-1
00008361.jpg,402,13,688,313,-1,-1
00008362.jpg,402,13,688,313,-1,-1
00008363.jpg,402,13,688,313,-1,-1
00008364.jpg,401,14,687,314,-1,-1
00008365.jpg,401,14,687,314,-1,-1
00008366.jpg,401,14,687,314,-1,-1
00008367.jpg,401,14,687,314,-1,-1
00008368.jpg,401,14,687,314,-1,-1
00008369.jpg,401,14,687,314,-1,-1
00008370.jpg,400,14,686,314,-1,-1
00008371.jpg,400,14,686,314,-1,-1
00008372.jpg,400,14,686,314,-1,-1
00008373.jpg,400,14,686,314,-1,-1
00008374.jpg,400,14,686,314,-1,-1
00008375.jpg,400,13,686,313,-1,-1
00008376.jpg,400,13,686,313,-1,-1
00008377.jpg,399,13,685,313,-1,-1
00008378.jpg,399,13,685,313,-1,-1
00008379.jpg,399,13,685,313,-1,-1
00008380.jpg,398,13,684,313,-1,-1
00008381.jpg,398,13,684,313,-1,-1
00008382.jpg,398,12,684,312,-1,-1
00008383.jpg,397,12,683,312,-1,-1
00008384.jpg,396,12,682,312,-1,-1
00008385.jpg,395,11,681,311,-1,-1
00008386.jpg,394,11,680,311,-1,-1
00008387.jpg,393,11,679,311,-1,-1
00008388.jpg,392,10,678,310,-1,-1
00008389.jpg,392,10,678,310,-1,-1
00008390.jpg,390,10,676,310,-1,-1
00008391.jpg,390,11,676,311,-1,-1
00008392.jpg,389,11,675,311,-1,-1
00008393.jpg,388,11,674,311,-1,-1
00008394.jpg,388,11,674,311,-1,-1
00008395.jpg,387,12,673,312,-1,-1
00008396.jpg,386,12,672,312,-1,-1
00008397.jpg,386,12,672,312,-1,-1
00008398.jpg,385,12,671,312,-1,-1
00008399.jpg,384,12,670,312,-1,-1
00008400.jpg,383,11,669,311,-1,-1
00008401.jpg,383,12,669,312,-1,-1
00008402.jpg,382,12,668,312,-1,-1
00008403.jpg,382,12,668,312,-1,-1
00008404.jpg,381,12,667,312,-1,-1
00008405.jpg,380,12,666,312,-1,-1
00008406.jpg,380,12,666,312,-1,-1
00008407.jpg,379,12,665,312,-1,-1
00008408.jpg,379,12,665,312,-1,-1
00008409.jpg,378,12,664,312,-1,-1
00008410.jpg,378,13,664,313,-1,-1
00008411.jpg,377,13,663,313,-1,-1
00008412.jpg,377,13,663,313,-1,-1
00008413.jpg,377,13,663,313,-1,-1
00008414.jpg,377,14,663,314,-1,-1
00008415.jpg,376,14,662,314,-1,-1
00008416.jpg,376,15,662,315,-1,-1
00008417.jpg,376,15,662,315,-1,-1
00008418.jpg,376,15,662,315,-1,-1
00008419.jpg,376,15,662,315,-1,-1
00008420.jpg,376,15,662,315,-1,-1
00008421.jpg,377,15,663,315,-1,-1
00008422.jpg,377,16,663,316,-1,-1
00008423.jpg,377,15,663,315,-1,-1
00008424.jpg,378,15,664,315,-1,-1
00008425.jpg,378,14,664,314,-1,-1
00008426.jpg,379,14,665,314,-1,-1
00008427.jpg,379,14,665,314,-1,-1
00008428.jpg,379,14,665,314,-1,-1
00008429.jpg,379,14,665,314,-1,-1
00008430.jpg,380,15,666,315,-1,-1
00008431.jpg,380,15,666,315,-1,-1
00008432.jpg,380,15,666,315,-1,-1
00008433.jpg,380,15,666,315,-1,-1
00008434.jpg,381,15,667,315,-1,-1
00008435.jpg,381,15,667,315,-1,-1
00008436.jpg,382,15,668,315,-1,-1
00008437.jpg,382,15,668,315,-1,-1
00008438.jpg,382,15,668,315,-1,-1
00008439.jpg,383,15,669,315,-1,-1
00008440.jpg,384,14,670,314,-1,-1
00008441.jpg,384,14,670,314,-1,-1
00008442.jpg,385,14,671,314,-1,-1
00008443.jpg,385,14,671,314,-1,-1
00008444.jpg,386,14,672,314,-1,-1
00008445.jpg,386,14,672,314,-1,-1
00008446.jpg,386,14,672,314,-1,-1
00008447.jpg,387,14,673,314,-1,-1
00008448.jpg,387,14,673,314,-1,-1
00008449.jpg,387,14,673,314,-1,-1
00008450.jpg,386,15,672,315,-1,-1
00008451.jpg,386,15,672,315,-1,-1
00008452.jpg,387,15,673,315,-1,-1
00008453.jpg,387,16,673,316,-1,-1
00008454.jpg,387,16,673,316,-1,-1
00008455.jpg,387,16,673,316,-1,-1
00008456.jpg,387,16,673,316,-1,-1
00008457.jpg,368,2,679,325,-1,-1
00008458.jpg,368,2,679,325,-1,-1
00008459.jpg,368,2,679,325,-1,-1
00008460.jpg,368,4,679,327,-1,-1
00008461.jpg,368,5,679,328,-1,-1
00008462.jpg,369,5,680,328,-1,-1
00008463.jpg,369,6,680,329,-1,-1
00008464.jpg,369,7,680,330,-1,-1
00008465.jpg,370,8,681,331,-1,-1
00008466.jpg,371,8,682,331,-1,-1
00008467.jpg,371,9,682,332,-1,-1
00008468.jpg,373,11,684,334,-1,-1
00008469.jpg,374,11,685,334,-1,-1
00008470.jpg,376,11,687,334,-1,-1
00008471.jpg,378,11,689,334,-1,-1
00008472.jpg,380,12,691,335,-1,-1
00008473.jpg,382,12,693,335,-1,-1
00008474.jpg,384,12,695,335,-1,-1
00008475.jpg,388,13,699,336,-1,-1
00008476.jpg,391,15,702,338,-1,-1
00008477.jpg,395,21,706,344,-1,-1
00008478.jpg,398,23,709,346,-1,-1
00008479.jpg,400,24,711,347,-1,-1
00008480.jpg,426,17,690,326,-1,-1
00008481.jpg,426,17,690,326,-1,-1
00008482.jpg,429,18,693,327,-1,-1
00008483.jpg,431,18,695,327,-1,-1
00008484.jpg,434,20,698,329,-1,-1
00008485.jpg,441,24,705,333,-1,-1
00008486.jpg,445,31,709,340,-1,-1
00008487.jpg,450,34,714,343,-1,-1
00008488.jpg,455,38,719,347,-1,-1
00008489.jpg,460,41,724,350,-1,-1
00008490.jpg,470,49,734,358,-1,-1
00008491.jpg,473,52,737,361,-1,-1
00008492.jpg,477,57,741,366,-1,-1
00008493.jpg,485,29,748,353,-1,-1
00008494.jpg,485,32,748,356,-1,-1
00008495.jpg,485,34,746,361,-1,-1
00008496.jpg,484,37,745,363,-1,-1
00008497.jpg,483,35,746,371,-1,-1
00008498.jpg,485,38,742,372,-1,-1
00008499.jpg,484,40,742,372,-1,-1
00008500.jpg,477,41,740,365,-1,-1
00008501.jpg,440,38,757,396,-1,-1
00008502.jpg,440,38,757,396,-1,-1
00008503.jpg,433,37,750,395,-1,-1
00008504.jpg,427,35,744,393,-1,-1
00008505.jpg,419,35,736,393,-1,-1
00008506.jpg,417,36,734,394,-1,-1
00008507.jpg,417,38,734,396,-1,-1
00008508.jpg,418,38,735,396,-1,-1
00008509.jpg,418,39,735,397,-1,-1
00008510.jpg,417,43,734,401,-1,-1
00008511.jpg,410,46,727,404,-1,-1
00008512.jpg,402,49,719,407,-1,-1
00008513.jpg,396,44,701,388,-1,-1
00008514.jpg,396,44,701,388,-1,-1
00008515.jpg,392,41,697,385,-1,-1
00008516.jpg,390,39,695,383,-1,-1
00008517.jpg,389,36,694,380,-1,-1
00008518.jpg,389,34,694,378,-1,-1
00008519.jpg,388,32,693,376,-1,-1
00008520.jpg,385,30,690,374,-1,-1
00008521.jpg,383,29,688,373,-1,-1
00008522.jpg,380,29,685,373,-1,-1
00008523.jpg,378,30,683,374,-1,-1
00008524.jpg,375,30,680,374,-1,-1
00008525.jpg,369,31,674,375,-1,-1
00008526.jpg,366,31,671,375,-1,-1
00008527.jpg,363,31,668,375,-1,-1
00008528.jpg,362,31,667,375,-1,-1
00008529.jpg,359,31,664,375,-1,-1
00008530.jpg,359,31,664,375,-1,-1
00008531.jpg,359,30,664,374,-1,-1
00008532.jpg,358,30,663,374,-1,-1
00008533.jpg,355,29,660,373,-1,-1
00008534.jpg,352,30,657,374,-1,-1
00008535.jpg,348,31,653,375,-1,-1
00008536.jpg,347,33,652,377,-1,-1
00008537.jpg,345,33,650,377,-1,-1
00008538.jpg,342,34,647,378,-1,-1
00008539.jpg,338,34,643,378,-1,-1
00008540.jpg,337,35,642,379,-1,-1
00008541.jpg,336,36,641,380,-1,-1
00008542.jpg,336,37,641,381,-1,-1
00008543.jpg,335,37,640,381,-1,-1
00008544.jpg,332,38,637,382,-1,-1
00008545.jpg,328,40,633,384,-1,-1
00008546.jpg,328,40,633,384,-1,-1
00008547.jpg,328,42,633,386,-1,-1
00008548.jpg,326,39,636,405,-1,-1
00008549.jpg,325,41,635,404,-1,-1
00008550.jpg,321,41,635,404,-1,-1
00008551.jpg,319,41,635,403,-1,-1
00008552.jpg,318,46,623,390,-1,-1
00008553.jpg,318,46,623,390,-1,-1
00008554.jpg,317,49,622,393,-1,-1
00008555.jpg,315,46,620,390,-1,-1
00008556.jpg,314,47,619,391,-1,-1
00008557.jpg,312,49,617,393,-1,-1
00008558.jpg,312,50,617,394,-1,-1
00008559.jpg,312,49,617,393,-1,-1
00008560.jpg,312,51,617,395,-1,-1
00008561.jpg,312,52,617,396,-1,-1
00008562.jpg,312,52,617,396,-1,-1
00008563.jpg,313,54,618,398,-1,-1
00008564.jpg,314,54,619,398,-1,-1
00008565.jpg,316,57,621,401,-1,-1
00008566.jpg,318,58,623,402,-1,-1
00008567.jpg,319,58,624,402,-1,-1
00008568.jpg,319,58,624,402,-1,-1
00008569.jpg,319,58,624,402,-1,-1
00008570.jpg,321,46,626,390,-1,-1
00008571.jpg,320,47,625,391,-1,-1
00008572.jpg,320,47,625,391,-1,-1
00008573.jpg,320,60,625,404,-1,-1
00008574.jpg,320,62,625,406,-1,-1
00008575.jpg,321,64,626,408,-1,-1
00008576.jpg,321,65,626,409,-1,-1
00008577.jpg,322,66,627,410,-1,-1
00008578.jpg,322,68,627,412,-1,-1
00008579.jpg,323,69,628,413,-1,-1
00008580.jpg,325,70,630,414,-1,-1
00008581.jpg,325,70,630,414,-1,-1
00008582.jpg,326,70,631,414,-1,-1
00008583.jpg,327,70,632,414,-1,-1
00008584.jpg,328,70,633,414,-1,-1
00008585.jpg,329,69,634,413,-1,-1
00008586.jpg,330,69,635,413,-1,-1
00008587.jpg,334,68,639,412,-1,-1
00008588.jpg,346,52,651,396,-1,-1
00008589.jpg,352,53,657,397,-1,-1
00008590.jpg,359,55,664,399,-1,-1
00008591.jpg,361,57,666,401,-1,-1
00008592.jpg,362,60,667,404,-1,-1
00008593.jpg,363,62,668,406,-1,-1
00008594.jpg,377,102,658,436,-1,-1
00008595.jpg,377,102,658,436,-1,-1
00008596.jpg,380,103,661,437,-1,-1
00008597.jpg,384,104,665,438,-1,-1
00008598.jpg,387,105,668,439,-1,-1
00008599.jpg,392,106,673,440,-1,-1
00008600.jpg,402,105,683,439,-1,-1
00008601.jpg,407,103,688,437,-1,-1
00008602.jpg,412,102,693,436,-1,-1
00008603.jpg,417,101,698,435,-1,-1
00008604.jpg,421,99,702,433,-1,-1
00008605.jpg,429,98,710,432,-1,-1
00008606.jpg,432,99,713,433,-1,-1
00008607.jpg,434,98,715,432,-1,-1
00008608.jpg,437,97,718,431,-1,-1
00008609.jpg,439,97,720,431,-1,-1
00008610.jpg,442,101,723,435,-1,-1
00008611.jpg,443,94,724,428,-1,-1
00008612.jpg,444,93,725,427,-1,-1
00008613.jpg,445,94,726,428,-1,-1
00008614.jpg,447,94,728,428,-1,-1
00008615.jpg,448,95,729,429,-1,-1
00008616.jpg,447,96,728,430,-1,-1
00008617.jpg,447,97,728,431,-1,-1
00008618.jpg,447,98,728,432,-1,-1
00008619.jpg,447,100,728,434,-1,-1
00008620.jpg,451,105,732,439,-1,-1
00008621.jpg,454,110,735,444,-1,-1
00008622.jpg,458,112,739,446,-1,-1
00008623.jpg,458,97,739,431,-1,-1
00008624.jpg,460,96,741,430,-1,-1
00008625.jpg,464,98,745,432,-1,-1
00008626.jpg,465,99,746,433,-1,-1
00008627.jpg,466,99,747,433,-1,-1
00008628.jpg,467,99,748,433,-1,-1
00008629.jpg,468,98,749,432,-1,-1
00008630.jpg,470,98,751,432,-1,-1
00008631.jpg,469,98,750,432,-1,-1
00008632.jpg,469,97,750,431,-1,-1
00008633.jpg,469,96,750,430,-1,-1
00008634.jpg,468,95,749,429,-1,-1
00008635.jpg,468,96,749,430,-1,-1
00008636.jpg,467,96,748,430,-1,-1
00008637.jpg,468,96,749,430,-1,-1
00008638.jpg,468,97,749,431,-1,-1
00008639.jpg,468,97,749,431,-1,-1
00008640.jpg,469,97,750,431,-1,-1
00008641.jpg,468,97,749,431,-1,-1
00008642.jpg,468,97,749,431,-1,-1
