00057763.jpg,636,127,762,256,502,342
00057764.jpg,636,127,762,256,502,342
00057765.jpg,636,127,762,256,502,342
00057766.jpg,637,127,763,256,502,342
00057767.jpg,637,127,763,256,502,342
00057768.jpg,637,127,763,256,502,342
00057769.jpg,637,127,763,256,502,342
00057770.jpg,637,127,763,256,502,342
00057771.jpg,637,127,763,256,502,342
00057772.jpg,637,128,763,257,502,342
00057773.jpg,637,128,763,257,502,342
00057774.jpg,636,128,762,257,502,342
00057775.jpg,636,128,762,257,502,342
00057776.jpg,636,128,762,257,502,342
00057777.jpg,637,128,763,257,502,342
00057778.jpg,637,128,763,257,502,342
00057779.jpg,637,128,763,257,502,342
00057780.jpg,637,128,763,257,502,342
00057781.jpg,637,128,763,257,502,342
00057782.jpg,637,128,763,257,502,342
00057783.jpg,637,128,763,257,502,342
00057784.jpg,637,128,763,257,502,342
00057785.jpg,637,128,763,257,502,342
00057786.jpg,637,128,763,257,502,342
00057787.jpg,636,128,762,257,502,342
00057788.jpg,636,128,762,257,502,342
00057789.jpg,636,128,762,257,502,342
00057790.jpg,636,128,762,257,502,342
00057791.jpg,636,128,762,257,502,342
00057792.jpg,636,128,762,257,502,342
00057793.jpg,636,128,762,257,502,342
00057794.jpg,636,128,762,257,502,342
00057795.jpg,636,128,762,257,502,342
00057796.jpg,636,128,762,257,502,342
00057797.jpg,637,128,763,257,502,342
00057798.jpg,637,128,763,257,502,342
00057799.jpg,637,127,763,256,502,342
00057800.jpg,637,127,763,256,502,342
00057801.jpg,637,127,763,256,502,342
00057802.jpg,637,127,763,256,502,342
00057803.jpg,638,127,764,256,502,342
00057804.jpg,637,126,763,255,502,342
00057805.jpg,638,126,764,255,502,342
00057806.jpg,638,126,764,255,502,342
00057807.jpg,638,126,764,255,502,342
00057808.jpg,637,126,763,255,502,342
00057809.jpg,637,126,763,255,502,342
00057810.jpg,637,126,763,255,502,342
00057811.jpg,637,126,763,255,502,342
00057812.jpg,638,126,764,255,502,342
00057813.jpg,639,126,765,255,502,342
00057814.jpg,640,126,766,255,502,342
00057815.jpg,640,125,766,254,502,342
00057816.jpg,641,125,767,254,502,342
00057817.jpg,641,125,767,254,502,342
00057818.jpg,642,125,768,254,502,342
00057819.jpg,642,125,768,254,502,342
00057820.jpg,642,125,768,254,502,342
00057821.jpg,642,125,768,254,502,342
00057822.jpg,642,125,768,254,502,342
00057823.jpg,641,125,767,254,502,342
00057824.jpg,641,125,767,254,502,342
00057825.jpg,641,125,767,254,502,342
00057826.jpg,641,125,767,254,502,342
00057827.jpg,641,124,767,253,502,342
00057828.jpg,642,123,768,252,502,342
00057829.jpg,643,122,769,251,502,342
00057830.jpg,645,122,771,251,502,342
00057831.jpg,646,121,772,250,502,342
00057832.jpg,647,121,773,250,502,342
00057833.jpg,647,121,773,250,502,342
00057834.jpg,648,121,774,250,502,342
00057835.jpg,648,121,774,250,502,342
00057836.jpg,648,121,774,250,502,342
00057837.jpg,648,121,774,250,502,342
00057838.jpg,648,121,774,250,502,342
00057839.jpg,648,121,774,250,502,342
00057840.jpg,648,120,774,249,502,342
00057841.jpg,648,120,774,249,502,342
00057842.jpg,648,120,774,249,502,342
00057843.jpg,649,120,775,249,502,342
00057844.jpg,649,120,775,249,502,342
00057845.jpg,649,120,775,249,502,342
00057846.jpg,649,120,775,249,502,342
00057847.jpg,649,120,775,249,502,342
00057848.jpg,649,120,775,249,502,342
00057849.jpg,649,120,775,249,502,342
00057850.jpg,649,120,775,249,502,342
00057851.jpg,650,120,776,249,502,342
00057852.jpg,649,119,775,248,502,342
00057853.jpg,649,119,775,248,502,342
00057854.jpg,649,119,775,248,502,342
00057855.jpg,649,119,775,248,502,342
